Resources/Map/Lvl0_30x30/Ele_EG.asc
ncols         335
nrows         335
xllcorner     55000
yllcorner     -6725000
cellsize      10000
nodata_value  -99999.0
[rows 300 to 324 of 335, columns 228 to 284 of 335]
-4804.1689 -4869.3457 -5071.981 -5146.8545 -4996.9541 -4728.7324 -4620.0889 -4623.377 -4495.1411 -4203.6318 -3993.4329 -3927.8108 -3880.3267 -3810.9241 -3878.8838 -4328.5928 -4959.8721 -5352.6724 -5416.3232 -5268.0225 -5051.7158 -4859.1299 -4737.9775 -4705.168 -4786.147 -4946.8296 -5075.7231 -5101.3462 -5044.4229 -4968.9829 -4764.7988 -4346.7236 -3941.3767 -3874.8054 -4229.9858 -4683.7959 -4976.5757 -5156.3599 -5333.6055 -5482.6997 -5542.0454 -5524.8711 -5446.293 -5203.3232 -4830.7808 -4627.6606 -4844.1597 -5259.0649 -5507.9785 -5391.1621 -5046.4087 -4809.731 -4944.189 -5232.168 -5418.1475 -5452.7109 -5340.6548
-4918.167 -4995.29 -5120.6899 -5138.3574 -4998.7495 -4745.9946 -4565.9175 -4445.2813 -4206.2773 -3936.251 -3901.2024 -4054.3738 -4153.2856 -4121.3535 -4096.1367 -4293.813 -4674.7876 -4984.7261 -5158.9761 -5223.1553 -5150.1406 -4983.9102 -4841.0718 -4762.2217 -4748.0752 -4806.4722 -4927.5327 -5043.7939 -5054.252 -4977.9771 -4784.52 -4433.8589 -4111.957 -4062.9612 -4311.8896 -4633.397 -4886.0737 -5073.3037 -5239.3164 -5418.0142 -5589.688 -5693.6899 -5652.1191 -5352.6841 -4878.6362 -4565.1338 -4726.9121 -5190.1421 -5528.8267 -5456.6489 -5126.7314 -4908.813 -5044.9531 -5291.2622 -5418.519 -5421.3955 -5338.8701
-5014.9146 -4980.647 -4963.3462 -5007.6577 -5061.1284 -5011.7803 -4860.5664 -4670.5947 -4437.1621 -4272.603 -4305.875 -4473.8501 -4608.1895 -4613.3257 -4547.2881 -4586.7764 -4789.4736 -5007.3677 -5195.2583 -5362.7744 -5396.96 -5289.2271 -5185.8569 -5163.9688 -5173.4399 -5133.5386 -5081.6992 -5043.2856 -4961.2153 -4845.3955 -4691.8794 -4462.1958 -4239.2397 -4161 -4253.8008 -4416.5942 -4608.5244 -4840.8325 -5092.8237 -5346.6084 -5584.3779 -5761.6396 -5796.0801 -5575.6777 -5162.5386 -4822.7642 -4862.1299 -5206.2764 -5489.5127 -5428.0005 -5152.564 -4997.3379 -5143.7842 -5353.4121 -5455.8325 -5461.3003 -5418.4399
-4937.52 -4800.8203 -4691.0073 -4742.5913 -4915.9424 -4972.6431 -4803.7354 -4633.3784 -4606.3423 -4680.4912 -4767.335 -4839.7896 -4886.2632 -4908.7729 -4929.8237 -5004.4102 -5148.5063 -5285.3208 -5408.0767 -5531.5347 -5562.4067 -5493.7505 -5439.6089 -5431.0215 -5439.585 -5424.5698 -5353.2188 -5214.6138 -5063.918 -4967.9478 -4874.6846 -4701.5645 -4472.6143 -4303.9707 -4289.4829 -4383.8257 -4530.8423 -4756.6055 -5046.8804 -5321.5103 -5541.3481 -5720.8154 -5826.5601 -5733.4248 -5409.0903 -5028.8428 -4939.6738 -5170.0132 -5398.7529 -5369.0093 -5190.0903 -5121.6748 -5265.8032 -5427.6558 -5486.5547 -5435.1519 -5370.6147
-4778.8169 -4636.2021 -4581.6274 -4645.1992 -4796.4492 -4832.248 -4603.0527 -4380.7617 -4405.4736 -4654.6167 -4911.8892 -5026.6753 -5003.8755 -4957.9287 -5036.0684 -5210.1841 -5367.3179 -5461.001 -5522.6973 -5574.0576 -5546.5244 -5470.0854 -5433.7642 -5411.8057 -5410.7397 -5486.1665 -5543.3848 -5474.9253 -5346.9756 -5277.5298 -5210.5215 -5045.4375 -4787.7461 -4572.9893 -4536.5327 -4617.1055 -4717.04 -4863.4766 -5072.4902 -5279.3447 -5463.042 -5650.0669 -5798.0786 -5771.1968 -5510.0371 -5153.6309 -5047.0337 -5237.127 -5420.3369 -5393.1709 -5292.9683 -5298.5059 -5404.1465 -5459.8784 -5382.1411 -5153.2637 -4923.3022
-4804.7002 -4684.2251 -4683.6484 -4767.667 -4877.3442 -4895.8232 -4698.626 -4437.9849 -4365.4121 -4568.9077 -4862.5625 -5005.0776 -4915.5923 -4784.0405 -4911.9443 -5209.6416 -5391.6143 -5468.4331 -5514.124 -5547.4351 -5505.0415 -5415.6416 -5339.3774 -5277.5503 -5285.2056 -5379.4312 -5467.0283 -5507.4902 -5509.4355 -5470.7646 -5359.5991 -5178.5059 -4969.0874 -4798.2119 -4720.5864 -4720.2798 -4792.3354 -4941.2715 -5111.082 -5256.4473 -5427.0166 -5661.0029 -5853.0396 -5818.5762 -5534.9048 -5186.3662 -5094.5977 -5258.8018 -5379.2163 -5330.4512 -5306.5049 -5406.4565 -5497.3936 -5433.1709 -5180.8481 -4854.1943 -4712.7666
-4970.4248 -4918.4077 -4912.562 -4907.6025 -4856.6172 -4731.6509 -4547.6089 -4424.356 -4475.5317 -4656.5347 -4836.5815 -4926.9946 -4879.9077 -4824.4468 -4956.4028 -5206.8428 -5357.3945 -5422.8589 -5451.5869 -5477.6846 -5492.8911 -5476.5576 -5384.0786 -5234.5547 -5146.2026 -5184.0425 -5275.2388 -5410.7451 -5509.0591 -5487.4497 -5368.0923 -5256.7573 -5180.7905 -5066.6631 -4879.2676 -4744.7964 -4810.9146 -5019.3374 -5190.1758 -5277.7773 -5401.4609 -5634.2017 -5836.8911 -5798.4063 -5529.6265 -5233.2954 -5161.2734 -5271.1978 -5338.5498 -5327.7466 -5373.4805 -5470.021 -5449.873 -5205.9917 -4816.6128 -4600.3403 -4771.4092
-5054.7969 -5055.6938 -5058.4063 -4951.4854 -4721.4487 -4437.5806 -4241.7808 -4290.147 -4591.3096 -4898.6997 -5038.1196 -5082.8252 -5054.2217 -4978.1089 -4968.457 -5137.2314 -5355.5459 -5490.6787 -5521.916 -5514.3672 -5528.5176 -5533.6865 -5456.1948 -5307.7266 -5184.5527 -5197.6323 -5282.2368 -5396.1558 -5465.5923 -5450.2256 -5394.3643 -5371.3232 -5337.1294 -5171.748 -4882.8647 -4743.8623 -4932.8486 -5236.1128 -5368.2349 -5343.8198 -5367.0088 -5541.4268 -5725.813 -5728.5513 -5570.1138 -5401.9355 -5327.3936 -5316.1016 -5332.8052 -5403.2314 -5478.6304 -5438.0308 -5175.6943 -4777.4985 -4489.562 -4612.5952 -5035.252
-5212.0835 -5158.5869 -5104.9072 -4925.5435 -4629.4849 -4310.5581 -4144.8774 -4284.1709 -4689.9341 -5047.3164 -5178.0903 -5168.0513 -4991.7754 -4739.9102 -4612.7339 -4803.5806 -5224.2339 -5492.481 -5559.3101 -5535.3911 -5505.855 -5467.4263 -5410.5801 -5353.3877 -5329.5059 -5366.4561 -5411.3071 -5450.8286 -5487.1729 -5503.9243 -5509.3721 -5496.5229 -5369.6338 -5059.7871 -4735.9341 -4724.5039 -5039.7393 -5346.4575 -5398.5581 -5300.3691 -5302.0308 -5482.1177 -5670.2417 -5701.502 -5604.0996 -5490.3447 -5408.9883 -5369.2021 -5398.7646 -5448.9258 -5367.4927 -5070.7041 -4689.8906 -4490.8516 -4629.8462 -5048.9219 -5412.6079
-5329.0308 -5278.3223 -5215.8755 -5075.1333 -4808.5576 -4481.854 -4352.5928 -4549.9893 -4929.1909 -5173.6304 -5241.4639 -5205.2036 -5037.8931 -4820.9053 -4701.9023 -4837.2461 -5196.2666 -5412.0215 -5409.8179 -5263.4653 -5142.043 -5120.2988 -5213.0396 -5336.9033 -5403.4912 -5405.3564 -5381.1445 -5394.2036 -5473.9478 -5550.4824 -5589.3911 -5548.3091 -5326.9268 -4912.2959 -4626.3896 -4780.6157 -5181.0815 -5424.3032 -5392.7813 -5273.3174 -5295.749 -5463.4819 -5601.9443 -5629.6621 -5592.0137 -5535.7344 -5464.4048 -5403.0859 -5357.9111 -5220.5791 -4923.3198 -4577.3818 -4483.0469 -4748.7319 -5195.1147 -5531.2959 -5621.438
-5367.8086 -5363.7397 -5323.6055 -5245.7837 -5096.0352 -4865.1138 -4758.6929 -4856.0737 -5034.0195 -5154.415 -5226.6274 -5263.29 -5237.8018 -5162.2007 -5061.4678 -5067.7939 -5273.8374 -5420.6963 -5352.7505 -5048.5664 -4841.0552 -4945.0728 -5254.9082 -5459.2646 -5478.5747 -5374.6001 -5252.9653 -5261.0073 -5406.0142 -5521.1968 -5547.1563 -5457.3027 -5207.6465 -4866.7646 -4738.4976 -4977.2554 -5320.9731 -5457.1304 -5387.311 -5305.6396 -5357.895 -5484.5557 -5570.5728 -5598.6475 -5581.6519 -5503.436 -5351.667 -5184.2715 -5040.1152 -4852.0103 -4650.186 -4618.811 -4919.125 -5361.1548 -5664.062 -5700.7588 -5584.9067
-5363.6909 -5385.0063 -5346.8667 -5258.876 -5149.5874 -5026.0107 -4888.873 -4717.0562 -4627.0083 -4763.7856 -5006.3936 -5167.7842 -5179.6592 -5093.75 -4951.856 -4882.9492 -5107.2656 -5392.0884 -5430.3931 -5279.4639 -5193.4399 -5328.2681 -5514.2505 -5566.4375 -5498.9248 -5387.0186 -5301.0664 -5333.6279 -5462.2363 -5540.1934 -5531.1685 -5435.8037 -5250.7769 -5060.8184 -5058.729 -5244.4443 -5391.3291 -5345.1714 -5204.8286 -5188.3364 -5333.6338 -5491.1831 -5572.3013 -5562.1318 -5479.7427 -5351.0239 -5166.5186 -4946.9907 -4766.1108 -4717.7529 -4832.4893 -5098.7817 -5425.8032 -5653.7368 -5707.2969 -5630.1206 -5535.5215
-5314.1567 -5372.6099 -5374.23 -5305.5576 -5244.3228 -5212.6387 -5091.5444 -4791.3247 -4563.5996 -4706.1079 -5021.4307 -5212.2734 -5237.9756 -5196.0762 -5112.8296 -5065.8096 -5219.1807 -5423.9165 -5465.9536 -5389.958 -5353.1099 -5432.7808 -5512.5117 -5520.5293 -5494.6963 -5481.4058 -5474.5806 -5493.7612 -5558.3618 -5609.3623 -5603.1753 -5541.2852 -5446.4717 -5362.6245 -5362.7524 -5421.1606 -5408.2607 -5260.5156 -5127.7485 -5194.6997 -5376.8354 -5493.103 -5493.8057 -5403.3853 -5270.1729 -5120.2046 -4953.9204 -4807.4907 -4764.7217 -4935.0259 -5253.1548 -5545.8008 -5673.7383 -5665.4482 -5604.2002 -5549.1938 -5510.4517
-5281.2788 -5362.6177 -5389.144 -5357.6855 -5324.5996 -5296.1128 -5183.373 -4914.6323 -4675.2739 -4732.0122 -5023.2002 -5275.8232 -5348.373 -5352.1396 -5349.4971 -5371.481 -5437.5781 -5497.2881 -5455.313 -5248.2563 -5065.8413 -5066.9111 -5166.1646 -5264.0249 -5363.481 -5459.3657 -5502.6011 -5493.3252 -5490.4907 -5546.8359 -5615.7129 -5625.311 -5562.1558 -5472.709 -5411.2188 -5379.8457 -5320.6865 -5220.8076 -5198.7739 -5313.8003 -5451.5728 -5483.2798 -5365.854 -5152.1982 -4935.2251 -4750.6636 -4667.0386 -4770.2441 -5036.2759 -5340.6782 -5571.416 -5674.3198 -5640.417 -5542.874 -5461.9224 -5449.2178 -5462.5698
-5224.8613 -5296.854 -5348.5337 -5336.4634 -5292.1899 -5239.3955 -5105.3291 -4897.4443 -4749.9653 -4817.9902 -5076.3354 -5305.6377 -5373.7788 -5392.4897 -5437.8726 -5520.0532 -5594.7476 -5606.4893 -5512.0347 -5292.8813 -5110.7515 -5097.7813 -5181.6489 -5280.3184 -5373.4028 -5422.0894 -5358.856 -5196.8447 -5135.6909 -5295.207 -5492.144 -5528.9741 -5450.3438 -5348.9038 -5294.8896 -5266.2949 -5219.4697 -5185.7041 -5229.103 -5334.8237 -5417.7754 -5384.564 -5189.4263 -4904.3584 -4671.6235 -4593.6499 -4756.083 -5095.1992 -5426.7061 -5587.1392 -5605.1436 -5565.2402 -5501.4155 -5425.3574 -5365.0693 -5363.207 -5390.1162
-5100.4839 -5225.6685 -5318.979 -5333.1885 -5271.4946 -5122.7485 -4985.5732 -4961.5376 -5034.8452 -5154.041 -5294.1338 -5376.2642 -5374.3452 -5363.8945 -5429.1665 -5536.3364 -5625.6929 -5642.0425 -5582.5444 -5492.6162 -5429.6528 -5419.0605 -5440.7422 -5485.8794 -5538.9692 -5541.7305 -5438.0273 -5247.6152 -5165.9233 -5291.9761 -5433.9536 -5424.3506 -5337.6919 -5277.7056 -5273.29 -5261.3311 -5235.9067 -5241.4673 -5283.4463 -5319.7578 -5288.147 -5131.29 -4873.417 -4659.8159 -4618.835 -4783.9111 -5099.1372 -5402.1274 -5556.1338 -5538.4463 -5473.4634 -5432.4863 -5395.0156 -5349.1592 -5306.1113 -5279.917 -5272.084
-5175.5986 -5349.6553 -5442.9063 -5399.5327 -5085.4116 -4498.603 -4372.1523 -4660.5713 -5051.1211 -5289.0869 -5423.2144 -5477.5337 -5454.415 -5437.1563 -5474.186 -5536.2661 -5572.0713 -5564.2896 -5538.4331 -5527.0845 -5525.9858 -5524.6455 -5527.6436 -5534.7681 -5556.7124 -5574.6006 -5547.9326 -5464.8921 -5343.8003 -5250.0737 -5237.4233 -5266.1641 -5306.2402 -5350.4487 -5370.7651 -5341.1104 -5276.2441 -5230.437 -5217.4341 -5165.3892 -4986.4922 -4713.9365 -4509.8262 -4540.2109 -4810.9297 -5167.5679 -5417.1138 -5502.8848 -5475.7173 -5405.9531 -5350.3984 -5306.8062 -5261.4746 -5237.7246 -5233.77 -5224.7754 -5218.7324
-5363.8721 -5473.6646 -5481.8892 -5270.0132 -4749.6108 -4451.7798 -4577.7197 -4876.3779 -5154.0713 -5300.9365 -5382.7129 -5440.6621 -5477.2207 -5524.0322 -5567.0005 -5562.7734 -5512.0342 -5425.1709 -5345.1108 -5301.5122 -5295.0034 -5354.1719 -5473.1382 -5549.0962 -5580.751 -5592.1172 -5572.6631 -5504.8643 -5376.6128 -5247.8096 -5226.502 -5289.3247 -5334.3027 -5323.7734 -5282.4111 -5239.083 -5194.4043 -5155.1821 -5098.291 -4946.0293 -4683.5898 -4468.3638 -4508.5142 -4819.4604 -5189.6299 -5430.958 -5482.0469 -5426.188 -5366.0825 -5323.2144 -5277.6338 -5229.0557 -5199.9912 -5196.3442 -5197.4307 -5195.5615 -5211.9878
-5425.3765 -5491.627 -5431.2598 -5109.0098 -4652.6968 -4558.4712 -4884.5703 -5133.6743 -5223.7183 -5234.2485 -5252.9839 -5373.3037 -5507.5903 -5600.9414 -5644.6152 -5624.6475 -5558.9092 -5473.8027 -5385.6631 -5312.3179 -5278.8052 -5327.6548 -5447.1636 -5543.8101 -5588.562 -5587.7861 -5566.1548 -5537.5898 -5486.8174 -5423.8687 -5370.6387 -5303.0649 -5194.4697 -5073.8374 -5001.5562 -5008.8989 -5065.0669 -5075.0688 -4939.0542 -4695.9365 -4540.001 -4628.8423 -4928.2998 -5238.2715 -5402.1978 -5421.1499 -5370.8608 -5315.9629 -5275.3247 -5237.2554 -5200.4668 -5177.2646 -5169.5444 -5166.2954 -5167.4619 -5195.6187 -5247.9907
-5475.5454 -5539.1729 -5418.3647 -4961.6636 -4540.2134 -4586.6348 -4896.3213 -5103.5454 -5195.9204 -5253.2051 -5325.5332 -5464.0039 -5571.7144 -5620.4629 -5625.9888 -5609.2998 -5577.6338 -5545.0005 -5522.2173 -5500.395 -5493.6421 -5522.6367 -5560.9961 -5590.5815 -5592.3882 -5550.4634 -5518.8198 -5524.5659 -5503.2476 -5396.7637 -5225.7261 -5054.0576 -4977.9463 -5026.7598 -5118.7676 -5136.856 -5054.2275 -4882.3384 -4658.1938 -4528.3242 -4675.1743 -5024.4014 -5319.2847 -5419.4712 -5381.9253 -5320.1699 -5288.3018 -5268.3628 -5230.0615 -5182.6406 -5158.8081 -5151.2119 -5128.5229 -5107.6025 -5123.6611 -5196.4639 -5288.7339
-5511.2324 -5493.4868 -5245.2017 -4772.3491 -4548.3813 -4766.8281 -5095.4458 -5236.3359 -5231.0444 -5245.3062 -5320.2764 -5398.1738 -5461.6733 -5459.583 -5436.1416 -5459.2119 -5480.0337 -5467.0259 -5455.7773 -5469.1284 -5515.998 -5580.8926 -5609.749 -5583.4087 -5514.9175 -5436.0337 -5403.3657 -5406.5859 -5356.9385 -5230.231 -5113.7368 -5101.6851 -5175.0513 -5256.0508 -5227.4365 -5028.2407 -4754.7544 -4601.7197 -4649.2026 -4859.0645 -5140.4512 -5356.7373 -5426.8838 -5376.8994 -5298.687 -5255.2021 -5247.1948 -5244.8164 -5224.3213 -5179.9189 -5135.5415 -5099.0576 -5080.7559 -5097.5728 -5144.2622 -5216.8418 -5299.27
-5459.2456 -5252.5791 -4819.0679 -4556.3047 -4706.6235 -5079.6377 -5323.3872 -5381.4849 -5372.748 -5387.3516 -5407.3604 -5398.5 -5382.4102 -5356.4565 -5339.5605 -5372 -5367.5757 -5312.2891 -5292.8613 -5343.8584 -5425.8804 -5498.6152 -5509.6235 -5439.3862 -5333.1138 -5298.166 -5326.2598 -5315.4229 -5210.4033 -5100.2344 -5094.9404 -5173.1948 -5202.6475 -5094.9126 -4837.2539 -4561.3887 -4488.2739 -4700.2739 -5036.8174 -5308.856 -5440.7695 -5453.7236 -5400.5273 -5333.0562 -5285.3638 -5258.6572 -5239.1992 -5220.8374 -5200.1411 -5161.8984 -5112.3926 -5075.2471 -5081.4546 -5134.1147 -5198.9922 -5258.0513 -5314.2358
-5346.4917 -4978.5767 -4602.1099 -4696.9619 -5104.3423 -5389.2314 -5429.355 -5357.9863 -5317.3901 -5376.2153 -5441.2358 -5451.2427 -5412.5347 -5356.3481 -5337.4956 -5284.2339 -5200.8799 -5147.8921 -5137.5933 -5201.4463 -5319.292 -5423.1069 -5424.9941 -5333.3828 -5249.562 -5295.2393 -5361.6919 -5351.9507 -5269.5239 -5177.2241 -5112.2466 -5037.2559 -4850.9175 -4533.9839 -4267.3789 -4316.5464 -4707.4131 -5163.6138 -5434.2822 -5516.231 -5493.6001 -5435.2417 -5373.2593 -5326.6128 -5297.2437 -5272.1138 -5244.4741 -5210.4614 -5160.6284 -5101.1865 -5065.1475 -5071.6113 -5119.312 -5177.98 -5225.6367 -5273.0083 -5320.4307
-5141.5688 -4714.1519 -4642.4814 -5027.8755 -5375.1851 -5467.6909 -5378.3613 -5224.8418 -5138.2642 -5221.4805 -5365.5938 -5434.5352 -5411.3394 -5344.9497 -5311.063 -5271.8608 -5264.3154 -5269.2778 -5261.1387 -5310.2554 -5381.0698 -5389.2769 -5254.7695 -5069.1177 -5032.3052 -5175.7505 -5294.5488 -5322.0469 -5302.5171 -5254.7368 -5149.3027 -4957.3833 -4677.2949 -4429.0156 -4444.0005 -4787.8354 -5229.2339 -5489.0425 -5535.9409 -5492.478 -5448.6558 -5422.3794 -5389.1748 -5335.71 -5279.8086 -5243.4321 -5223.749 -5196.4312 -5145.751 -5092.7241 -5074.6963 -5104.2905 -5167.3564 -5228.6846 -5267.9556 -5296.7485 -5317.2417
-4813.3096 -4602.1665 -4866.2349 -5268.3823 -5463.7715 -5469.5186 -5385.0752 -5288.9917 -5236.5005 -5277.6147 -5353.7378 -5381.7412 -5359.7383 -5341.0264 -5353.314 -5376.1763 -5382.9688 -5364.1528 -5359.0762 -5392.6821 -5409.3223 -5311.1831 -5056.6284 -4830.9478 -4825.2188 -4996.6626 -5149.3286 -5216.0337 -5235.7334 -5260.1694 -5276.8076 -5224.9814 -5088.2124 -4993.9326 -5078.6392 -5284.4746 -5450.6733 -5505.9961 -5500.6128 -5486.2246 -5461.6982 -5417.106 -5361.063 -5303.4287 -5250.6729 -5209.5571 -5176.6045 -5143.9824 -5118.6533 -5111.814 -5121.0107 -5146.3613 -5194.7524 -5253.1196 -5302.25 -5331.5366 -5332.5146
