Resources/Map/Lvl0_30x30/Ele_EE.asc
ncols         335
nrows         335
xllcorner     -6645000
yllcorner     -6725000
cellsize      10000
nodata_value  -99999.0
[rows 58 to 86 of 335, columns 0 to 64 of 335]
33.0038 31.9875 29.9761 25.2132 25.0772 20.6975 22.9321 23.9382 22.1143 23.6226 22.3909 24.2033 22.7228 22.7635 21.503 22.0203 18.6137 17.1797 21.8957 20.0409 20.8159 14.3005 14.0289 13.4231 11.0044 9.6442 8 6 0.7374 -2.2879 -4.1872 -5.7021 -7.4201 -9.4642 -11.0598 -12.8259 -15.0509 -17.1876 -18.3331 -19.6041 -20 -20.2111 -20.2735 -20.2735 -20.2735 -20.8981 -21.2412 -23.7378 -24.2533 -22.2077 -25.1779 -25.9942 -25.687 -22.8011 -20.0159 -20.3537 -21.6359 -25.1932 -27.7544 -27.582 -28.6071 -29.3112 -33.4214 -37.884 -43.5558
32.1868 30.0955 27.1023 25.4609 20.079 18.2007 26.1668 27.4654 23.7316 18.691 24.1276 23.7734 26.2324 16.3497 20.0392 20.8804 17.5527 16.8489 17.8521 17.4891 14.5968 13.4164 14.046 11.0425 9.3672 8 7.1679 0.5128 -1.4852 -3.0144 -4.6856 -6.3981 -8.4422 -10.4862 -12.5303 -14.7634 -17.38 -19.4605 -20.2085 -20.2956 -20.2956 -20.8391 -21 -21 -21.2476 -21.2956 -22.1774 -23.8361 -24.9259 -25.2802 -25.9788 -25.4136 -23.7684 -20.3062 -20.6836 -22.3098 -24.2238 -28.5916 -31.7105 -33.4056 -35.5059 -38.4649 -44.6031 -52.0896 -54.0735
32.673 29.9855 27.906 25.7061 22.4471 21.367 31.0822 25.043 24.3368 25.5835 27.399 26.1278 23.8092 20.3203 21.3105 20.6086 19.792 17.6139 18.2446 17.5147 14.2614 13.5213 12.7185 10.031 10.9702 8 0.8806 -1.1471 -1.6487 -3.0144 -5.0584 -7.1025 -9.1466 -11.3797 -13.5523 -16.2358 -18.6405 -20.0011 -20.799 -21 -21 -21 -21 -21.2591 -21.8893 -22.2731 -23.1994 -24.2214 -25.2435 -25.9644 -25.6919 -23.3834 -21.0044 -21.3765 -23.1455 -26.5362 -29.8945 -33.0453 -36.802 -40.2956 -42.8546 -47.5092 -57.337 -65.8686 -66.024
35.8469 33.2876 27.7994 26.6272 23.8065 27.2021 29.5173 26.1589 24.2564 24.8095 26.7082 27 24.6466 20.0732 20.345 20.3552 16.2402 17.803 20.5727 21.3254 18.1684 15.133 12.1352 11.9427 9 8 -0.072 -1.4631 -2 -3.0144 -5.0584 -7.1025 -9.1466 -11.786 -14.2347 -16.9182 -19.3229 -20.6835 -21 -21 -21 -21 -21 -21.8157 -22 -22.8598 -23.8818 -24.9038 -25.6114 -25.9823 -24.3712 -21.3448 -21.0283 -23.1515 -26.9305 -30.9915 -34.6997 -38.0708 -41.3797 -46.0348 -50.268 -56.9653 -67.5693 -66.28 -63.6451
39.3702 35.9891 31.9692 31.7158 27.3242 33.6061 32.9713 28.2909 28.5242 27.2391 24.8036 22.764 20.934 16.4876 13.7446 13.7979 15.4408 14.5024 18.2912 19.8108 11.9577 11.4391 11.4146 10.8557 9.6275 8.6513 -0.4411 -1.2956 -1.8138 -3.0144 -4.867 -6.7408 -8.7849 -11.4243 -14.0963 -16.9182 -19.3229 -20.6835 -21 -21 -21 -21 -21 -21.8157 -22 -23.1707 -23.9245 -24.9038 -25 -25.6051 -22.7285 -20.7388 -23.2261 -27.3373 -32.0407 -36.0488 -39.1431 -42.5025 -45.8201 -49.2529 -56.5885 -64.2883 -71.8879 -62.3202 -63.0687
45.6742 44.4174 37.4321 33.7822 32.651 38.6355 37.8553 34.3474 32.3721 32.2535 29.3829 25.2608 20.5408 16 15.4747 15.0531 12.7472 16.638 14.9197 11.9213 15.8625 13.7822 11.0454 10.1399 7.8824 8 -0.2266 -1 -1.4852 -2.8198 -4.1455 -5.7188 -7.7629 -10.4023 -13.4684 -16.5345 -19.193 -20.6835 -21 -20.7208 -20.6163 -20.9124 -21 -21.8157 -22 -23.7195 -24.3384 -24.9407 -25 -24.6363 -22.4508 -23.9063 -29.3583 -33.4326 -37.1286 -40.7445 -43.3946 -46.2699 -50.8924 -48.5241 -54.6645 -63.1839 -67.0735 -63.3833 -75.024
57.0903 56.1026 46.6212 41.846 39.2764 39.3785 38.7843 37.5904 32.8271 32.9039 27.7318 26.376 21.2282 18.8106 18.4854 15.797 13.2161 17.1685 14.7613 15.3812 14.5159 11.8797 12.3093 9.8411 7.5994 8 8.3783 -0.7822 -1.2883 -2.1014 -3.1235 -4.6968 -6.7408 -9.3802 -12.1958 -15.3661 -18.5785 -20.555 -20.7137 -20.1619 -20 -20.4585 -20.9163 -21.8157 -22 -23.7195 -24.8818 -25.3667 -25.7814 -24.8636 -25.0222 -29.3991 -35.4792 -38.7165 -41.3915 -44.345 -45.9522 -48.1046 -53.4 -46.326 -48.4774 -64.5888 -68.9946 -69.8192 -85.0171
62.8927 57.0853 53.6527 47.8018 46.8249 45.1624 41.5224 36.7485 31.9175 29.8945 28.5265 25.0388 21.5891 18.1135 15.1055 13.7701 11.7408 15.985 17.5818 13.6203 13.1251 14.7852 12.0489 9.1132 8.9367 7.9495 9.0478 10 -1.4405 -1.2902 -2.1014 -3.4389 -5.291 -7.9304 -10.6432 -14.1298 -17.5565 -19.9391 -20.1685 -20 -20 -20 -20.4541 -21.3879 -21.9306 -23.7195 -24.8818 -26.6771 -27.7814 -27.7187 -30.066 -34.6744 -39.8896 -42.3554 -44.4328 -46.97 -48.356 -48.7123 -46.1161 -44.0649 -55.5503 -74.7455 -79.5352 -78.201 -89.2012
70.3974 65.2326 57.6281 52.8091 52.0533 48.9381 46.2088 42.1921 39.0708 39.6766 32.3969 31.8082 25.2169 21.4125 18.4567 14.9742 15.2925 16.8406 14.8473 13.2709 12.918 14.3089 12.7432 8.0459 7 8.0664 9.5701 9.3413 11.4342 -1.2217 -1.5292 -2.3033 -3.181 -5.7043 -9.2301 -13.1078 -16.832 -19.0595 -19.8675 -20 -20 -20 -20 -20.4488 -21.7647 -23.7195 -25.6751 -28.2046 -29.3757 -30.8241 -33.8094 -37.8675 -41.9354 -44.5381 -47.0419 -49.6899 -54.2267 -58.369 -48.6688 -52.346 -71.9136 -82.9293 -91.3148 -92.6684 -105.9642
81.0455 72.8878 65.4186 57.7087 57.5339 52.8761 50.2668 46.6348 49.9949 40.7218 41.1733 37.6556 30.0316 26.9905 21.8123 20.6316 21.3376 19.1787 15.99 13.8211 14.1552 14.0394 13.0583 9.0459 8.015 8.0188 8.0283 9.5742 11.1623 10.811 12.8323 13.9954 13.7222 -3.4376 -8.1084 -12.2559 -16.1739 -18.5341 -19.7055 -20 -20 -20 -20 -20 -21.6754 -24.1252 -26.7011 -29.2341 -30.8346 -33.2868 -36.3254 -39.4473 -43.5131 -46.5237 -49.535 -51.8436 -56.3628 -58.1999 -56.7085 -65.9118 -81.7047 -88.3184 -97.1147 -107.1968 -121.851
84.4496 73.5336 68.9881 67.0266 69.9303 62.0276 56.0403 54.5781 54.6065 49.4662 43.7818 39.8669 35.5108 27.3685 22.5573 21.8738 23.266 23.5458 17.751 15.5579 14.9835 14.3959 10.6999 8.5631 8.4476 11.1765 10.9045 11.2753 11.9007 11.4243 11.9603 12.2056 13.442 6.6365 -7.2103 -12.0559 -15.813 -18.3669 -19.7055 -20 -20 -20 -20 -20 -22.0892 -25.0732 -27.693 -30.6993 -33.2968 -35.8572 -39.3766 -41.9556 -43.1235 -51.1427 -55.8536 -54.6693 -57.1073 -58.3794 -57.6581 -56.8214 -77.7929 -90.3214 -90.6223 -81.7044 -97.2926
88.4717 83.3802 77.2929 81.1098 76.0467 70.917 66.5491 65.2858 61.163 57.8135 49.4655 43.2187 39.2255 33.1104 26.0865 24.71 25.1902 23.4455 18.0874 15.4747 14.1089 14.4506 10.0938 9.097 7.1993 10.7993 9.0014 9.4376 9.9567 13.1353 9.7412 9.853 11.7911 13 -6.7042 -12.197 -15.9843 -18.7196 -19.8574 -20.3754 -20.5159 -20.5159 -20.5159 -20.5159 -23.0291 -26.9823 -29.7382 -32.7433 -35.3318 -37.9008 -42.412 -46.5473 -44.726 -55.0424 -54.7928 -47.6043 -64.5725 -68.3757 -65.3755 -56.4167 -79.6895 -94.3579 -93.7291 -70.1018 -101.6753
103.8223 97.0198 90.4586 89.1367 84.986 79.9108 79.706 77.3078 68.175 63.2228 56.9105 50.7432 46.8556 39.4184 30.8335 32.0011 30.2739 25.6023 21.6369 17.9444 17.8245 15.5865 9.4829 9.031 9.564 10.5497 9.6716 9.6639 9.8202 10.2828 8.8514 9.7261 11.5061 11.2212 -6.4983 -12.197 -16.3401 -19.2207 -20.3795 -20.8741 -21 -21.4151 -21.9649 -22.5147 -25.1271 -29.4502 -32.3139 -35.3254 -37.4656 -40.9675 -45.4797 -49.5064 -54.6576 -63.199 -53.3658 -41.017 -72.7087 -61.7868 -62.6343 -81.7603 -97.7689 -126.8651 -131.1517 -112.6696 -183.4884
114.116 109.6239 104.295 98.7441 97.5497 92.5831 89.9864 85.7678 78.3321 69.5021 61.0033 52.0489 44.9777 39.3952 35.001 39.7874 37.5912 27.6923 22.0061 20.1544 21.7599 15.6098 10.6435 10.7644 11.747 10.0981 9.37 9.8369 9.2702 10.9179 9.5997 11.0173 9.129 10 -6.5358 -12.5551 -17.2057 -19.5442 -20.7055 -21 -21.4198 -22.7637 -23.9137 -25.8493 -28.7532 -32.1976 -35.3254 -38.3915 -42.0872 -46.6824 -50.2566 -48.8919 -60.0139 -69.2901 -65.1778 -66.2406 -94.7754 -69.3659 -63.6828 -97.6991 -103.9437 -136.5126 -153.4954 -179.5775 -297.5638
128.4713 120.5994 117.7087 115.844 109.9651 101.9793 98.9169 94.0042 86.7418 74.1182 66.3655 56.6165 48.5897 46.4499 41.3305 42.599 37.5096 29.9032 24.6613 19.546 18.3815 11.5525 9.9805 10.6886 13.2576 11.5033 11.8598 10.4219 9.9158 10.334 8.5402 8.5937 10.1853 9.162 -7.4228 -13.6283 -18.2278 -19.8677 -20.7055 -21.4235 -22.3316 -24.1253 -26.2996 -29.1932 -32.2593 -36.3262 -40.0688 -44.2558 -48.7467 -55.4689 -57.6011 -53.2738 -61.4763 -72.0452 -76.8697 -98.8144 -121.3244 -89.8686 -87.4361 -109.5541 -114.9803 -128.2056 -186.4593 -331.2316 -506.2324
147.3055 135.9022 130.0915 125.3377 118.9405 114.1986 110.2567 105.4363 94.4688 85.2858 74.1181 65.3018 60.7088 54.092 50.3205 44.0432 39.0143 32.6572 25.1067 19.6871 19.3186 12.3951 10.1088 9.323 10.0144 10.0153 11.5762 10.0981 11.0763 10.7798 5.4729 10.4059 10.7842 9 -9.1471 -15.4051 -19.0548 -20 -20.7055 -21.2881 -22.5983 -25.0093 -28.4644 -32.1479 -35.8314 -41.2344 -46.6129 -57.7534 -62.5768 -65.8757 -64.667 -64.8511 -68.6076 -80.8468 -87.7346 -111.0436 -101.9069 -102.4029 -112.1997 -127.735 -161.0262 -178.0486 -304.8756 -571.8153 -741.5477
197.9201 160.9321 140.0079 136.8516 127.1573 124.1705 117.5843 110.5736 104.8713 94.6048 86.1511 81.9732 73.3446 64.8884 57.5022 54.6009 45.6441 34.8674 29.0149 24.8852 21.8462 13.1946 11.0115 11.8385 10.3209 9.8601 11.4452 10.4762 14.3271 9.6909 11.1814 9.6937 11.3061 -3.4897 -11.4307 -17.0489 -19.5348 -20 -20.7055 -21 -22.0298 -25.1718 -30.6653 -36.1625 -41.5304 -48.0796 -55.9559 -66.8213 -70.4224 -70.0326 -70.7339 -74.3536 -78.4081 -89.1985 -101.2116 -102.8362 -88.3716 -115.7291 -127.9219 -164.3964 -238.9354 -388.3245 -603.5287 -820.4316 -900.5936
196.4181 158.3316 156.4655 148.3298 138.7142 133.9472 129.8035 125.3291 114.1285 104.7236 96.6295 87.4086 76.581 68.993 66.0932 60.3079 48.2921 41.6013 33.8861 29.6478 24.0127 11.9437 10.4461 13.1397 13.5826 11.349 9.9045 9.2199 11.7554 8.5126 8.2819 11.3726 -1.5499 -7.8798 -14.1138 -18.4395 -19.8809 -20 -21.1628 -21.6481 -22.8836 -27.383 -36.7201 -45.3135 -52.347 -57.2152 -66.3409 -71.1972 -71.644 -74.3865 -76.8182 -87.2861 -98.1209 -92.8495 -108.0665 -114.6218 -113.8957 -132.3089 -154.3956 -237.6008 -383.6734 -637.2216 -829.2795 -944.2117 -1017.8669
177.6801 187.5381 176.327 162.6989 156.808 157.2129 147.8494 135.8812 127.7868 116.8075 106.069 97.44 85.785 78.9385 69.8356 62.8065 54.2456 44.6387 39.3872 34.585 22.535 14.1426 12.0706 13.0653 12.0458 13.9627 10 11.4749 13.4832 10 9.0581 2.0656 -5.3141 -11.1835 -16.0134 -19.1599 -20 -20.458 -23.0268 -26.9361 -33.0472 -39.8697 -47.1936 -56.043 -61.3201 -62.2956 -67.6125 -74.9727 -83.4418 -97.0611 -87.3649 -94.2817 -103.5563 -97.4409 -109.9885 -131.6669 -136.4501 -156.5036 -237.6938 -427.9016 -642.399 -817.9301 -917.6721 -990.9353 -1073.3005
216.1875 263.4449 245.323 177.6112 210.9289 189.5113 174.0435 162.6174 147.5406 129.3717 119.0121 108.6815 95.0034 87.1132 75.9581 65.0863 56.5467 48.0994 43.1592 34.4471 18.3166 13.221 13.6087 12.56 9.0498 12.8918 8.9147 12.8452 11.6403 10.5756 2.7794 -2.4845 -8.2509 -13.3611 -17.8539 -19.778 -20.9157 -23.0141 -27.5676 -35.0294 -45.0139 -49.8109 -58.275 -64.8246 -64.8794 -65.6179 -68.6856 -76.8636 -93.5738 -104.69 -88.7423 -94.9456 -99.3345 -106.9498 -116.9497 -134.7924 -155.4952 -239.2104 -416.1709 -637.3596 -814.0767 -882.8148 -962.6971 -1050.7225 -1117.1858
257.4041 231.0911 220.6822 246.1008 240.9255 268.5077 240.4818 191.2383 185.4567 152.232 123.0664 109.2178 98.8221 91.918 80.1324 67.2853 58.8586 52.3491 46.3086 33.7345 21.1543 16.2307 15.0978 11.1289 10.1079 10.9467 10.9883 11.4892 8.6373 6 -1.5198 -6.7415 -11.7235 -16.8337 -20.4446 -20.9718 -24.3993 -29.3123 -34.9471 -45.3405 -56.8164 -61.4449 -69.2558 -73.24 -71.7992 -74.3759 -79.3916 -81.4201 -87.2592 -90.2878 -91.2598 -99.9298 -105.3306 -119.0755 -133.4668 -153.8127 -237.3487 -411.4073 -627.3446 -807.5455 -880.3843 -939.1221 -1043.4413 -1131.2894 -1182.2675
241.3223 236.236 242.2535 318.2231 221.5241 252.3011 298.2126 236.0059 165.8632 147.2249 133.1296 120.5632 100.8136 91.2354 82.1157 74.3896 62.8525 56.4807 48.8664 32.2012 23.4927 17.4894 15.4297 13.3356 12.6604 11.0179 10.3639 8.7567 12.0035 -0.3782 -5.5913 -11.1073 -16.5479 -21.2197 -25.5436 -29.3393 -36.1758 -41.9584 -45.9827 -57.6286 -67.0576 -72.3414 -77.959 -80.1848 -81.2095 -81.6368 -81.1289 -80.8165 -86.4889 -92.7785 -99.4303 -108.5543 -117.809 -135.5446 -168.1105 -262.2896 -419.4689 -625.5503 -776.323 -877.4553 -935.1454 -1008.5812 -1114.6293 -1170.3966 -1228.7502
224.5846 221.8084 232.7509 251.0488 253.2823 276.9983 289.3857 264.2061 194.3077 153.1104 128.2482 128.2994 120.2901 104.817 93.5956 77.7024 68.462 60.4437 50.9138 33.6361 24.1641 22.2433 17.4411 12.3163 12.2267 11.8948 12.3199 9.6875 0.5509 -4.8347 -10.4377 -15.6811 -20.8998 -26.3175 -32.5731 -40.2031 -48.5512 -56.1486 -59.4214 -68.5645 -78.0276 -81.6174 -83.0256 -80.9979 -82.1588 -84.2315 -79.1966 -79.1687 -90.8612 -98.656 -109.266 -128.2899 -135.2629 -183.612 -332.3654 -508.065 -634.9542 -754.0605 -840.8262 -914.5955 -968.1509 -1038.4828 -1118.7965 -1192.7753 -1222.4065
204.722 208.894 293.198 253.5154 384.5523 247.5708 279.7411 252.2282 191.3631 161.1321 168.8799 186.7327 157.3362 116.4762 101.1943 85.7333 75.9572 68.7032 52.7594 37.8382 29.8601 25.3045 18.5727 12.0931 9.3652 2.4195 12.0172 -0.897 -4.2145 -9.5491 -14.7675 -19.8777 -25.8826 -32.2541 -39.4855 -47.2192 -55.7094 -65.75 -71.9309 -77.7412 -82.1141 -81.9652 -82.2783 -79.8131 -78.9339 -76.0905 -74.28 -82.7604 -106.7592 -112.2836 -115.7991 -135.4028 -165.3397 -324.6914 -549.6877 -708.6072 -757.3205 -818.606 -877.6262 -941.0886 -968.7012 -1029.7943 -1091.5349 -1161.782 -1198.1846
190.1973 188.9952 189.9565 219.7139 239.7621 219.6698 212.4897 235.6916 200.617 168.2044 165.0034 166.798 158.7289 144.116 123.2852 144.0414 105.2513 78.6261 58.0793 44.558 34.9367 30.319 22.8851 12.7045 9.4076 9 -2.777 -5.4013 -9.4377 -14.1409 -19.2803 -25.6529 -32.6298 -39.1887 -47.051 -55.408 -64.7052 -72.2516 -78.3032 -80.147 -80.4939 -83.3836 -84.3664 -74.7606 -71.7431 -74.8706 -78.9449 -92.4407 -113.8072 -119.0115 -122.5143 -166.1385 -289.5135 -517.5137 -656.5446 -730.3569 -775.2018 -850.1046 -899.2512 -1009.4462 -1048.8436 -1098.54 -1142.2581 -1177.7904 -1226.7891
177.0815 173.9924 175.2407 173.8189 167.7744 177.4201 181.8463 218.4187 173.7598 212.7643 151.804 212.7523 192.7415 154.0475 141.9203 112.875 158.6817 107.542 137.7358 51.9628 40.2995 30.6473 20.3781 14.1091 5.1177 -4.5913 -8.7306 -12.0995 -16.2212 -19.9753 -25.9945 -33.9087 -40.9603 -46.6766 -53.3093 -62.8188 -72.1192 -76.6735 -74.145 -72.0282 -78.5534 -84.6825 -83.8615 -71.9316 -79.5637 -83.8653 -85.0184 -92.7184 -100.5943 -104.1704 -156.194 -306.3545 -492.5136 -629.2723 -691.4802 -726.7726 -760.9373 -856.0728 -946.0872 -1115.209 -1234.9275 -1284.8984 -1327.2009 -1403.9545 -1476.2014
165.4338 158.4728 161.2639 160.302 151.8338 145.1745 146.1812 152.8849 157.4328 174.1042 167.5569 147.0456 206.2839 199.0901 148.5872 145.1595 125.5967 162.2466 124.8894 72.5583 148.2243 69.5178 26.5976 16.7999 -0.8994 -15.1801 -19.293 -19.4282 -20.8413 -25.7026 -34.055 -41.6284 -46.0627 -52.5317 -59.7242 -68.571 -72.4849 -75.7167 -76.9925 -74.966 -81.8432 -86.2845 -85.8091 -86.5479 -95.796 -89.8022 -95.257 -94.0687 -92.9898 -93.3578 -252.3369 -489.8658 -626.9468 -681.5333 -717.8083 -751.3595 -814.1906 -940.7209 -1065.3149 -1255.2274 -1370.5389 -1556.5854 -1801.486 -2113.1292 -2321.6604
151.0072 146.2721 144.752 142.6975 142.8299 131.3343 125.1629 121.2371 111.7179 108.4212 106.6881 115.8526 143.9035 148.1249 123.4082 113.8537 136.091 137.2717 119.3475 103.9656 85.7365 89.4063 29.9266 16.0981 -9.233 -23.2941 -25.7256 -26.1501 -28.799 -35.2353 -42.1387 -47.9673 -52.9267 -58.2378 -65.2505 -72.939 -74.3696 -75.9672 -80.7692 -82.0555 -82.9337 -85.4764 -84.6486 -86.8173 -92.8615 -90.4368 -98.5704 -107.8963 -140.6854 -185.2272 -411.2361 -569.1503 -635.8806 -676.8049 -709.5687 -773.0061 -869.188 -1001.0637 -1147.5287 -1291.6619 -1338.7775 -1499.2924 -1756.5591 -1995.9326 -2272.1304
146.0197 139.8966 132.5106 126.2008 125.7601 116.1093 112.1728 103.9097 94.0592 87.9819 87.4941 89.3573 87.0751 88.1882 83.8827 85.5291 88.0873 80.3274 62.6112 59.8607 60.2124 49.2916 42.6977 21.8938 -11.2144 -27.8193 -30.396 -32.6899 -37.0352 -43.2229 -52.2368 -54.9332 -55.137 -64.1085 -70.1052 -77.5345 -80.6094 -78.0236 -79.9765 -83.8105 -86.1161 -91.6256 -100.725 -105.1483 -101.0293 -93.7168 -97.5632 -113.7952 -141.7684 -211.6335 -468.6594 -562.1672 -625.5674 -659.0755 -668.3262 -736.0035 -868.4987 -964.0361 -1099.8522 -1239.5206 -1249.5161 -1293.9709 -1408.1368 -1547.9517 -1870.0015
