Resources/Map/Lvl0_30x30/Ele_AI.asc
ncols         335
nrows         335
xllcorner     6755000
yllcorner     6675000
cellsize      10000
nodata_value  -99999.0
[rows 84 to 111 of 335, columns 64 to 127 of 335]
-899.3477 -896.9078 -894.2295 -890.5776 -884.0064 -876.0845 -870.5697 -866.8938 -865.017 -865.9551 -868.6515 -871.3431 -872.8456 -871.2667 -867.8348 -864.4868 -861.4713 -858.9697 -857.5767 -856.6442 -857.4194 -858.0745 -856.6182 -852.4395 -847.5751 -841.3228 -834.8245 -828.1335 -821.7305 -815.7242 -811.5831 -809.5752 -811.0663 -817.3365 -828.0527 -841.0336 -854.9932 -867.2114 -870.2744 -861.1512 -845.1362 -832.3821 -828.8718 -834.1132 -845.1163 -857.8256 -870.6874 -879.5319 -886.027 -888.3046 -886.6339 -882.9802 -878.8689 -876.3738 -874.9554 -876.6572 -878.0354 -878.9749 -878.5917 -877.6083 -876.5655 -872.4949 -866.3448 -858.8618
-705.7151 -704.8652 -705.028 -707.1849 -710.2338 -714.2834 -720.3158 -727.1483 -733.0385 -738.5469 -743.9645 -746.9873 -748.6346 -749.1765 -748.025 -745.721 -743.6415 -741.55 -740.8538 -740.1576 -739.7086 -740.1262 -740.7073 -741.0554 -741.4034 -741.2802 -740.91 -741.743 -742.6523 -743.8066 -745.9924 -748.8888 -752.2923 -756.2141 -760.2902 -764.3686 -768.0482 -771.2419 -773.6641 -774.6031 -774.2783 -772.6747 -771.1356 -770.285 -770.6346 -771.3085 -771.7031 -772.029 -773.2191 -774.8495 -774.7264 -773.4479 -771.4498 -770.3801 -769.6758 -769.639 -768.9695 -768.8647 -767.4658 -765.7499 -763.9253 -761.3099 -759.402 -758.1868
-604.4241 -607.42 -610.9536 -617.4389 -623.7646 -630.9147 -639.7072 -648.2877 -656.5759 -664.2067 -670.4882 -675.1476 -678.1686 -680.524 -682.2455 -683.4514 -683.0895 -680.8801 -679.2803 -678.0591 -677.3741 -677.6356 -678.7738 -681.0213 -683.769 -686.7556 -689.7772 -693.9302 -698.7487 -703.6647 -708.3418 -712.8591 -716.8515 -720.999 -724.3463 -727.9166 -730.9582 -733.6241 -736.0463 -737.666 -739.2476 -740.2735 -740.4838 -740.7573 -740.8464 -740.8464 -740.0262 -739.3096 -738.8956 -737.9601 -736.6088 -734.9605 -732.9417 -731.5187 -729.4909 -727.4468 -725.3881 -723.0187 -721.2607 -718.6625 -716.9105 -715.4838 -715.4838 -715.7321
-585.6972 -589.1118 -591.197 -593.7436 -595.3155 -596.9421 -599.1707 -600.8594 -602.737 -604.6255 -606.9116 -609.3782 -610.8991 -612.7858 -614.6017 -615.6908 -615.5929 -614.964 -614.4601 -614.5987 -615.4749 -617.0222 -618.8626 -622.4778 -627.2145 -632.6313 -638.3544 -645.1155 -652.0396 -659.1938 -666.2402 -672.9703 -679.1808 -685.0773 -690.076 -695.0326 -699.1979 -702.8041 -706.0126 -708.8429 -710.7207 -712.8458 -713.819 -714.9662 -715.3068 -715.3068 -715.1176 -714.7521 -714.1596 -713.1898 -711.6088 -710.8882 -709.307 -707.6561 -705.6218 -703.9624 -701.909 -699.7062 -698.6321 -696.9565 -695.1787 -694.2494 -693.8563 -693.538
-571.4426 -577.3081 -582.2083 -586.0644 -589.4073 -591.4088 -592.8804 -594.3181 -594.3732 -594.7828 -595.3732 -595.3442 -594.7799 -594.7799 -594.7799 -594.7242 -594.3732 -594.3732 -594.3732 -594.3732 -594.5199 -594.9665 -595.4307 -597.1176 -599.2095 -602.1387 -605.9657 -610.5985 -615.735 -621.5891 -628.1894 -634.8282 -641.3593 -648.0978 -654.5067 -660.4039 -666.0085 -671.2815 -675.7478 -679.8359 -683.1077 -686.4044 -688.4221 -690.6138 -691.837 -692.6683 -693.6527 -693.6754 -693.9974 -693.8873 -693.3271 -693.6511 -693.1144 -692.508 -691.7157 -691.0901 -689.5023 -688.8959 -688.2551 -687.3397 -687.2111 -686.2503 -685.5737 -684.6672
-548.7806 -555.9147 -563.4581 -570.5519 -577.0494 -582.0338 -585.5114 -588.4581 -589.8342 -590.8584 -591.285 -591.306 -591.7138 -591.7138 -591.7138 -591.6355 -591.2108 -591.5713 -591.5713 -591.6678 -592 -592 -592.2913 -593 -593.527 -594.9287 -596.0048 -597.574 -599.9453 -602.8913 -606.6497 -610.8835 -615.629 -620.8849 -626.379 -631.4952 -636.767 -641.8392 -645.8673 -649.8028 -653.8909 -657.9791 -660.6031 -663.4013 -666.024 -668.1641 -670.0913 -671.2675 -672.6601 -674.1203 -674.6722 -675.6418 -676.5281 -676.9868 -677.9942 -678.4238 -678.3013 -678.7395 -679.0931 -678.6158 -678.9254 -678.4276 -678.2549 -677.3163
-533.3583 -538.9918 -545.5977 -552.7852 -560.04 -567.2047 -573.3278 -577.9655 -581.5315 -583.4993 -584.9552 -585.4427 -586.4258 -586.8446 -586.8965 -587.3572 -587.8336 -588.4587 -589.2885 -589.9744 -591.2099 -591.6706 -592.4226 -593.7333 -594.6877 -595.7097 -596.6944 -597.6553 -599.1009 -600.6994 -602.4459 -605.0513 -608.1683 -611.7958 -615.7285 -619.5999 -623.5568 -627.404 -630.6778 -634.1097 -637.427 -640.5938 -643.2863 -645.8654 -648.8206 -651.0886 -653.5831 -655.2634 -656.8312 -658.8141 -659.9498 -660.9719 -662.9463 -664.0159 -665.038 -666.0684 -667.5511 -669.0338 -670.5082 -671.9489 -673.8217 -675.1359 -675.8845 -675.7153
-523.5518 -530.5901 -537.1499 -542.9321 -549.004 -555.1861 -560.4862 -565.1488 -568.793 -572.3383 -574.8387 -576.344 -577.8492 -579.2615 -579.8054 -580.8275 -581.8408 -582.9982 -585.0313 -587.245 -590.242 -593.0696 -595.4194 -597.6117 -599.8036 -601.3088 -602.8348 -604.3738 -605.902 -607.4387 -608.9694 -610.7617 -613.0755 -615.6584 -617.9785 -620.3514 -622.9343 -625.5172 -628.1 -630.368 -632.4303 -634.4744 -636.5582 -638.6169 -641.0701 -642.8549 -644.8035 -646.4494 -647.9632 -649.9357 -651.0715 -652.0935 -654.0679 -654.6769 -655.6868 -656.2371 -657.353 -659.3675 -661.0529 -664.2198 -668.3132 -672.6783 -675.9177 -677.3324
-506.2829 -515.9824 -525.2551 -533.1204 -539.883 -545.6042 -550.2717 -555.3405 -559.4573 -564.0376 -567.6092 -571.1221 -573.6719 -576.0827 -577.0478 -577.6997 -579.4653 -582.7898 -587.5658 -593.1629 -598.6485 -603.4894 -607.1391 -610.0023 -613.2387 -615.4348 -616.2181 -615.9257 -616.3616 -617.8292 -619.4057 -620.675 -621.9602 -623.521 -624.7343 -625.5425 -626.5751 -627.6076 -628.9588 -629.8312 -631.0355 -632.5738 -633.7424 -635.1453 -636.6837 -637.0289 -637.8596 -638.8835 -639.9144 -641.8242 -643.8588 -645.8924 -648.407 -649.4902 -651.4981 -652.0092 -652.5558 -654.0007 -654.0967 -655.2475 -657.4519 -660.4735 -662.9659 -664.5306
-488.6836 -499.9455 -510.3373 -520.5577 -528.5564 -535.7961 -542.4996 -550.1533 -557.3954 -564.0894 -568.7188 -573.807 -578.5679 -584.5696 -588.2368 -592.0671 -596.9063 -602.7481 -609.3672 -615.6171 -620.2916 -623.5477 -626.0609 -628.7501 -631.4464 -633.2953 -634.0995 -633.6402 -633.7948 -635.0321 -636.322 -637.3441 -637.8544 -638.9218 -639.5671 -639.0389 -638.5106 -638.3038 -638.282 -637.9258 -637.0187 -636.2947 -636.4886 -637.762 -638.5099 -637.4075 -635.8295 -635.0869 -635 -636.3145 -639.2081 -642.755 -645.8571 -646.9415 -648.4105 -650.4487 -650.4142 -650.3516 -649.8578 -649.309 -648.3491 -647.8209 -647.1974 -646.0123
-480.1623 -490.0947 -497.825 -504.3508 -510.3728 -515.8519 -521.8532 -531.8986 -544.317 -557.42 -566.3567 -574.1907 -581.5226 -590.0415 -597.2663 -604.2728 -610.2397 -615.5605 -619.8372 -623.2087 -626.0275 -627.9474 -629.6546 -631.6987 -633.5881 -635.3257 -637.1948 -638.7676 -640.5687 -642.6923 -644.8159 -646.6757 -648.0126 -649.3187 -649.7438 -648.9611 -648.2623 -647.4076 -646.3561 -644.9752 -642.3972 -640.0411 -639.0666 -639.2112 -638.4689 -637.4916 -635.7289 -635.0605 -635.4658 -636.4252 -638.2849 -640.6783 -642.675 -642.7665 -642.7665 -643.5825 -641.9659 -639.2867 -636.4872 -633.1333 -629.3573 -625.7438 -622.6308 -617.3616
-480.1445 -483.7646 -485.1083 -485.9286 -488.098 -490.5779 -496.0014 -508.5275 -528.1776 -550.0719 -565.0435 -573.937 -579.1274 -582.7693 -586.882 -590.5529 -594.0518 -597.9588 -601.1636 -604.7739 -607.8701 -610.9097 -613.2003 -614.8468 -616.5146 -617.2116 -617.7486 -618.6461 -619.967 -622.6364 -626.538 -630.8104 -635.4348 -639.2129 -640.7756 -640.4471 -639.3519 -638.0081 -636.4589 -634.9446 -632.7859 -631.4014 -630.4147 -629.3927 -628.4653 -628.2686 -628.3686 -628.7603 -629.209 -629.6578 -630.616 -630.5943 -630.4697 -630.4639 -628.787 -626.0405 -622.6779 -615.1575 -607.717 -600.0443 -594.0564 -589.3722 -586.1063 -581.2452
-491.0836 -487.5349 -482.9791 -481.968 -485.4175 -492.4731 -503.0873 -517.1915 -535.7617 -553.5578 -566.0021 -572.2319 -575.2092 -576.9813 -578.5991 -580.1143 -581.0994 -582.8344 -585.1151 -589.2397 -594.3405 -599.7899 -603.6348 -606.027 -606.8045 -605.4345 -602.3408 -598.7658 -595.8613 -595.2408 -597.09 -600.3066 -604.8654 -609.8756 -613.2164 -614.9482 -615.3599 -615.7252 -616.2222 -616.4509 -616.7347 -617.2521 -617.5427 -617.7123 -617.7532 -617.7532 -618.0952 -617.6792 -617.0834 -615.9708 -614.6285 -612.4912 -609.7223 -607.8872 -604.8531 -600.164 -594.83 -588.1743 -581.4579 -576.0301 -572.3135 -568.9469 -566.3356 -563.7518
-487.9157 -491.0257 -489.7088 -489.4452 -500.7675 -518.2851 -533.466 -544.3238 -551.7427 -556.0114 -558.4142 -561.0715 -564.1805 -567.8283 -571.1091 -574.0328 -574.6511 -575.4506 -577.6202 -582.5987 -590.2148 -598.2302 -604.3753 -607.5234 -608.0776 -607.0341 -603.8125 -599.1599 -595.2173 -593.0842 -593.0499 -593.3508 -593.6344 -594.2233 -594.9022 -594.4462 -593.7988 -593.8297 -594.7979 -595.5577 -597.0656 -598.3996 -598.9788 -598.47 -597.8 -596.6987 -595.9583 -595.0073 -593.9852 -592.0769 -590.2236 -587.8314 -585.5836 -584.325 -581.9081 -579.8586 -576.2318 -573.3556 -570.2185 -568.3667 -566.194 -563.1278 -560.2344 -557.9956
-468.5225 -479.6026 -486.9911 -492.3611 -505.4045 -523.5834 -534.4745 -538.5551 -543.7437 -548.49 -551.5018 -551.8581 -551.8353 -553.4766 -556.4994 -561.3329 -567.0406 -573.2165 -576.3875 -578.9037 -581.8694 -586.8189 -591.9971 -595.3417 -596.6693 -596.5045 -594.1791 -590.378 -586.5613 -583.9937 -582.0711 -579.9659 -577.4713 -575.121 -573.6327 -571.6019 -569.8427 -569.2106 -570.1172 -571.5317 -572.8953 -574.0337 -574.7827 -574.8611 -574.5424 -574.3641 -574.5485 -574.8082 -575.0679 -574.9971 -574.6448 -574.5001 -574.7338 -574.7459 -574.0026 -573.9862 -573.1985 -571.7953 -570.4236 -569.295 -567.2029 -564.6832 -561.6815 -558.9239
-455.7369 -466.6745 -477.0152 -486.0567 -496.7329 -508.3622 -517.7156 -522.9662 -529.4 -536.8923 -543.6487 -548.7628 -549.763 -547.4162 -548.4786 -552.4063 -557.0674 -560.5076 -563.7145 -568.5588 -572.6227 -575.833 -578.2162 -579.2275 -579.1637 -578.2507 -575.8271 -572.2186 -567.7942 -563.6905 -560.5681 -558.801 -558.0571 -558.1783 -558.9828 -559.3732 -559.5298 -560.0527 -561.168 -562.1165 -562.5923 -563.4118 -564.909 -566.5944 -568.5113 -570.2634 -571.9489 -573.0876 -574.1097 -575.1317 -575.835 -576.8249 -578.4651 -578.5436 -579.1904 -579.8298 -579.1522 -578.1301 -577.0532 -575.3304 -573.1193 -569.5977 -565.317 -561.5875
-442.609 -453.7749 -465.252 -475.9716 -484.4342 -492.2953 -503.5807 -517.4489 -530.4795 -541.7618 -549.5206 -554.0884 -554.6953 -549.9811 -546.0563 -543.6352 -541.1638 -539.0255 -540.441 -545.305 -551.1975 -555.1085 -557.9418 -559.2106 -560.0212 -560.2534 -560.1423 -559.4183 -558.2188 -557.3707 -557.0197 -557.0267 -557.5384 -559.0942 -561.1382 -562.6045 -563.6265 -564.6486 -565.2385 -565.3556 -565.8173 -566.7368 -567.9995 -570.3698 -572.8342 -574.9519 -576.4455 -577.5267 -578.5487 -579.5707 -579.9832 -580.3193 -580.9687 -581 -580.659 -580.9557 -579.2478 -577.5399 -575.7473 -573.0173 -570.1163 -565.9786 -561.4953 -556.8519
-430.4419 -444.5988 -458.8171 -472.3342 -482.7433 -495.273 -510.1857 -526.0919 -539.7043 -548.7913 -552.657 -554.1256 -551.7439 -546.0257 -541.3456 -536.9438 -532.9218 -531.3068 -531.6347 -533.4913 -536.101 -538.7722 -541.2647 -543.526 -545.9431 -547.9213 -549.8342 -551.0114 -552.8517 -554.9818 -556.7122 -557.9531 -559.1732 -560.6974 -562.0331 -563.5919 -564.9067 -566.3597 -567.4463 -568.6163 -570.2443 -571.9748 -573.7053 -575.8984 -577.48 -579.3689 -580.0243 -580.3379 -581.2505 -581.6583 -581.6932 -581.6932 -581.033 -580.3246 -578.6197 -576.4973 -574.425 -571.6725 -568.8354 -565.0609 -561.3361 -557.8519 -553.7108 -549.3688
-423.3565 -443.2948 -462.2312 -476.5992 -484.9333 -492.9096 -501.8694 -512.013 -522.793 -532.8658 -539.2496 -543.7656 -544.8216 -541.9981 -535.8817 -531.0625 -526.8345 -525.8641 -525.7722 -528.4172 -531.7026 -534.6308 -536.1522 -538.5096 -541.2404 -543.8975 -547.4784 -550.8077 -554.1313 -556.4332 -557.7463 -558.5698 -558.6407 -558.3399 -558.2975 -558.7531 -559.5934 -560.7926 -562.3828 -564.8018 -568.5608 -572.29 -575.796 -578.7626 -580.2065 -581.4558 -582.3018 -583.0327 -583.3917 -583.4304 -583.4304 -582.765 -582.444 -580.7591 -578.7223 -576.3934 -574.2798 -570.5275 -567.4373 -564.0039 -559.8604 -555.3972 -551.1855 -546.3665
-422.1803 -439.1691 -456.3431 -471.5215 -479.3926 -484.6857 -490.0426 -497.3429 -505.2822 -514.9768 -522.3657 -528.3511 -531.2903 -532.3135 -531.1627 -529.921 -529.7335 -531.5918 -532.7441 -534.1071 -537.624 -541.897 -546.1187 -548.9985 -551.7292 -555.0151 -561.4495 -569.009 -573.5018 -571.774 -566.7682 -561.9948 -558.0939 -556.3853 -557.4919 -559.3264 -560.5487 -561.5707 -562.762 -565.2095 -569.6515 -574.0516 -578.1398 -582.5857 -586.1787 -588.8728 -590.7971 -591.9517 -592.7467 -592.1934 -591.4399 -588.3843 -585.3521 -582.5445 -581.2162 -581.4 -580.0881 -578.2308 -575.9181 -573.4988 -569.9407 -564.8701 -559.9831 -554.7293
-432.2691 -453.5229 -467.7302 -476.7933 -480.6996 -483.5325 -488.453 -495.4847 -502.639 -511.0377 -518.9206 -524.9803 -529.4197 -531.2296 -530.5846 -529.0656 -528.3195 -530.566 -532.3579 -533.4676 -536.0049 -539.4467 -543.0405 -545.6308 -547.0642 -548.6765 -551.7789 -556.5295 -561.4293 -565.6727 -569.3824 -573.21 -577.0236 -580.8041 -584.2415 -586.2911 -586.504 -585.9741 -585.4441 -584.2235 -582.9649 -582.2352 -582.2232 -584.3305 -588.1044 -590.7884 -592.881 -592.804 -592.274 -590.6445 -588.8464 -585.6702 -583.0811 -581.5193 -582.7547 -582.9955 -582.7803 -583.2002 -581.8679 -579.7172 -576.4915 -572.1572 -567.6919 -562.6827
-450.6693 -466.6746 -475.9161 -481.6793 -483.4342 -484.6798 -485.0744 -486.5644 -488.129 -489.9058 -490.0641 -488.999 -487.6744 -485.6649 -483.2004 -482.3832 -484.7196 -489.5838 -496.2158 -501.9022 -507.3876 -513.4374 -519.1266 -524.7601 -528.4521 -531.3505 -534.934 -538.5728 -542.3785 -547.3593 -552.5511 -556.5447 -560.394 -567.7314 -577.8238 -585.1154 -588.4617 -589.662 -589.2309 -587.9176 -585.911 -584.3535 -582.696 -582.5485 -582.7286 -583.7223 -584.327 -584.2215 -583.998 -583.5806 -582.424 -581.7018 -581.2395 -579.483 -579.0947 -578.2833 -576.6951 -575.2943 -573.3891 -570.6065 -568.2103 -564.8029 -560.812 -557.3414
-442.5764 -453.5647 -455.4209 -453.5605 -449.8589 -444.4818 -437.8122 -431.2318 -424.6635 -421.3339 -420.192 -422.0522 -424.0833 -428.1824 -429.5333 -427.0871 -426.8775 -432.8742 -447.4106 -463.4685 -475.6218 -485.1419 -491.9184 -498.3801 -505.5393 -513.3148 -520.6871 -527.3354 -531.9272 -534.924 -537.1035 -538.1425 -539.5679 -547.0361 -560.1017 -571.4698 -578.1231 -581.088 -582.1606 -581.7108 -581.1061 -580.8437 -579.9106 -579.59 -579.4374 -580.1915 -580.3933 -580.3933 -580.3933 -580.3933 -580.2147 -579.4493 -577.8632 -575.8378 -573.9897 -571.31 -567.6564 -564.6907 -560.2349 -556.3687 -552.6573 -548.6194 -544.1605 -541.9154
-377.7531 -385.5625 -386.4724 -385.8368 -385.7051 -386.0927 -387.1414 -389.8303 -393.4315 -398.6029 -405.2138 -413.3009 -420.4463 -425.2257 -424.0375 -415.142 -402.2427 -396.9621 -405.8385 -426.8335 -449.4753 -467.4094 -478.4942 -484.6811 -491.6626 -500.2499 -509.2698 -518.1494 -525.1921 -530.2353 -536.7298 -546.0313 -556.754 -566.4036 -574.5705 -579.3425 -579.9619 -578.3282 -574.9791 -571.8065 -570.3531 -570.0955 -570.5719 -571.3687 -572.2122 -573.8539 -574.8994 -575.7429 -576.5865 -576.6985 -576.6985 -576.5361 -576.1913 -575.03 -573.0071 -570.7514 -566.6035 -560.9332 -554.0809 -546.6185 -539.5809 -535.5908 -532.5434 -531.6644
-350.4088 -356.7181 -362.7923 -368.1154 -372.6903 -377.3165 -381.3065 -384.7178 -387.4129 -391.0823 -394.0434 -396.2227 -396.6319 -397.0901 -394.1955 -390.0473 -385.2342 -382.6365 -384.6172 -393.9561 -411.0863 -431.1672 -448.2161 -460.4804 -470.4769 -478.9681 -486.1127 -493.3932 -501.8258 -511.601 -523.1438 -534.8243 -545.8669 -555.6212 -563.0811 -566.814 -567.411 -565.9503 -564.0994 -562.0925 -561.2684 -561.2208 -561.9528 -562.9748 -564.6545 -565.988 -567.7359 -569.624 -571.5121 -573.265 -575.7669 -577.5768 -579.3089 -581.7181 -584.0084 -586.2577 -586.4532 -585.296 -580.0819 -566.6716 -546.2368 -532.1897 -526.4438 -524.9453
-352.0182 -359.039 -366.9105 -373.322 -379.3374 -383.7421 -387.8411 -391.8038 -396.4847 -400.4472 -403.3297 -404.3389 -405.1033 -405.8747 -405.2743 -403.216 -401.9479 -401.1547 -402.3526 -405.2574 -410.6298 -419.0632 -428.2638 -435.6845 -441.5077 -447.369 -454.245 -462.6083 -471.3602 -480.2319 -490.237 -499.8089 -508.7635 -519.4177 -530.0978 -537.4733 -540.8292 -541.9033 -542.6091 -543.8563 -546.1444 -548.1929 -550.0657 -551.9764 -554.6631 -556.7976 -558.8154 -560.8594 -562.9035 -564.9476 -567.9 -570.8446 -572.9492 -575.9677 -579.9001 -582.9645 -585.6176 -584.5875 -580.6266 -567.4406 -548.4839 -537.4238 -532.3097 -528.5393
-359.0877 -368.4091 -376.7196 -383.1506 -389.2828 -396.0333 -405.3654 -416.6334 -429.8695 -439.474 -446.1548 -451.6888 -456.2288 -459.063 -461.6688 -463.1619 -463.9622 -464.6402 -464.9543 -465.7101 -464.9918 -463.4134 -460.6246 -457.4091 -454.3051 -453.7134 -455.1378 -458.6068 -463.5811 -469.4696 -475.9853 -482.4549 -491.1451 -504.7184 -521.4976 -534.1204 -538.4479 -537.8502 -535.5649 -534.7957 -536.3187 -538.3967 -541.7459 -544.94 -547.9794 -550.9589 -553.1829 -555.227 -556.5006 -556.8435 -557.1639 -556.6672 -555.1365 -553.6418 -552.2604 -549.8963 -549.3365 -549.4351 -552.4379 -551.4619 -545.9364 -541.9468 -537.6125 -532.6132
-401.5102 -409.0515 -417.863 -429.2135 -440.9476 -453.5984 -469.1707 -482.526 -492.3028 -498.8315 -503.1825 -507.3538 -509.6508 -511.6983 -512.8871 -513.8605 -513.8036 -512.7772 -510.5563 -506.8711 -503.0268 -498.8228 -493.8011 -489.0384 -485.2553 -482.6659 -481.2109 -480.8903 -481.6674 -483.4885 -486.7405 -493.2419 -503.7985 -515.7178 -525.4675 -532.6166 -537.5031 -539.4605 -537.2207 -535.2187 -536.2894 -540.2792 -545.9196 -551.121 -556.0543 -560.9877 -565.101 -567.4736 -568.6534 -566.3604 -564.3892 -560.7416 -556.8363 -552.9249 -547.1931 -542.2937 -539.741 -545.4217 -551.4388 -547.4542 -540.6938 -534.8138 -529.159 -525.5162
