Resources/Map/Lvl0_30x30/Ele_AK.asc
ncols         335
nrows         335
xllcorner     13455000
yllcorner     6675000
cellsize      10000
nodata_value  -99999.0
[rows 132 to 164 of 335, columns 228 to 303 of 335]
-59 -59 -59 -59 -59 -59 -59 -59 -59 -59 -59 -59 -59 -59 -59 -59 -59 -59 -59 -60 -60 -60 -60 -60 -60 -60 -60 -61 -61 -61 -61 -61 -61 -61 -61 -61 -61 -61 -61 -61 -60 -60 -60 -59 -59 -58 -57 -57 -57 -57 -57 -57 -57 -57 -57 -57 -57 -57 -57 -57 -58 -58 -58 -59 -59 -59 -59 -59 -60 -60 -60 -60 -60 -61 -61 -61
-57 -57 -57 -57 -57 -57 -57 -57 -57 -57 -57 -57 -57 -57 -57 -57 -57 -57 -57 -58 -58 -58 -58 -58 -58 -58 -58 -58 -58 -58 -58 -58 -58 -58 -57 -57 -57 -57 -56 -56 -55 -54 -54 -53 -53 -52 -52 -52 -52 -52 -52 -52 -52 -53 -53 -53 -53 -54 -54 -54 -55 -55 -55 -56 -56 -56 -57 -57 -57 -57 -57 -58 -58 -58 -59 -59
-55 -55 -55 -55 -55 -55 -55 -55 -55 -55 -55 -55 -55 -55 -55 -55 -55 -55 -55 -55 -55 -55 -55 -55 -55 -55 -55 -55 -55 -54 -54 -54 -54 -54 -53 -53 -53 -52 -52 -52 -51 -50 -50 -50 -49 -49 -49 -49 -49 -49 -49 -50 -50 -50 -50 -50 -51 -51 -51 -52 -52 -52 -52 -53 -53 -53 -53 -53 -53 -54 -54 -54 -54 -55 -55 -55
-52 -52 -52 -52 -52 -52 -52 -52 -52 -52 -52 -52 -52 -52 -52 -52 -52 -52 -52 -52 -52 -52 -52 -52 -52 -52 -51 -51 -51 -51 -51 -51 -50 -50 -50 -50 -49 -49 -48 -48 -48 -48 -47 -47 -47 -47 -47 -47 -47 -47 -47 -47 -48 -48 -48 -48 -49 -49 -49 -49 -50 -50 -50 -50 -50 -50 -50 -50 -50 -50 -50 -51 -51 -51 -51 -51
-50 -50 -50 -50 -50 -50 -50 -50 -50 -50 -50 -50 -50 -50 -50 -49 -49 -49 -49 -49 -49 -49 -49 -48 -48 -48 -48 -48 -48 -47 -47 -47 -47 -47 -47 -46 -46 -46 -46 -46 -45 -45 -45 -45 -45 -45 -45 -45 -45 -45 -46 -46 -46 -46 -47 -47 -47 -47 -48 -48 -48 -48 -49 -49 -49 -49 -49 -49 -49 -49 -49 -49 -49 -49 -49 -49
-47 -47 -47 -47 -46 -46 -46 -46 -45 -45 -45 -45 -45 -44 -44 -44 -43 -43 -43 -43 -43 -43 -43 -43 -43 -43 -43 -43 -43 -43 -43 -43 -43 -43 -43 -43 -43 -43 -43 -43 -43 -43 -43 -43 -43 -43 -43 -44 -44 -44 -44 -44 -44 -45 -45 -45 -45 -46 -46 -46 -46 -47 -47 -47 -47 -47 -47 -47 -47 -47 -47 -47 -48 -48 -48 -48
-39 -39 -39 -39 -39 -39 -39 -38 -38 -38 -38 -38 -38 -38 -38 -37 -37 -37 -37 -37 -37 -37 -37 -38 -38 -38 -38 -38 -38 -38 -38 -38 -38 -38 -38 -38 -39 -39 -39 -39 -39 -39 -39 -39 -39 -39 -39 -40 -40 -40 -40 -40 -41 -41 -41 -41 -41 -42 -42 -42 -42 -42 -43 -43 -43 -43 -43 -44 -44 -44 -44 -44 -44 -44 -45 -45
-38 -38 -38 -37 -37 -37 -37 -37 -37 -37 -37 -37 -37 -37 -37 -36 -36 -36 -36 -36 -36 -36 -36 -36 -36 -36 -36 -36 -36 -37 -37 -37 -37 -37 -37 -37 -37 -37 -37 -37 -37 -38 -38 -38 -38 -38 -38 -38 -38 -39 -39 -39 -39 -39 -39 -40 -40 -40 -40 -40 -41 -41 -41 -41 -41 -42 -42 -42 -42 -43 -43 -43 -43 -44 -44 -44
-36 -36 -36 -35 -35 -35 -35 -35 -35 -35 -35 -35 -35 -35 -35 -34 -34 -34 -34 -34 -34 -34 -34 -34 -34 -35 -35 -35 -35 -35 -35 -35 -35 -35 -35 -35 -35 -35 -35 -35 -35 -36 -36 -36 -36 -36 -36 -36 -36 -37 -37 -37 -37 -37 -37 -38 -38 -38 -38 -38 -39 -39 -39 -39 -39 -40 -40 -40 -40 -41 -41 -41 -41 -42 -42 -42
-32 -32 -32 -32 -32 -32 -32 -32 -32 -33 -33 -33 -33 -33 -33 -33 -33 -33 -33 -33 -33 -33 -34 -34 -34 -34 -34 -34 -34 -34 -34 -34 -35 -35 -35 -35 -35 -35 -35 -35 -35 -35 -35 -35 -35 -35 -35 -35 -35 -35 -36 -36 -36 -36 -36 -36 -36 -37 -37 -37 -38 -38 -38 -38 -38 -39 -39 -39 -39 -40 -40 -40 -40 -41 -41 -41
-28 -28 -28 -28 -29 -29 -29 -29 -30 -30 -30 -31 -31 -31 -31 -31 -32 -32 -32 -32 -33 -33 -33 -33 -33 -33 -34 -34 -34 -34 -34 -34 -34 -34 -34 -34 -35 -35 -35 -35 -35 -35 -35 -35 -35 -35 -35 -35 -35 -35 -35 -35 -35 -35 -35 -35 -35 -36 -36 -36 -37 -37 -37 -37 -38 -38 -38 -38 -38 -39 -39 -39 -40 -40 -40 -40
-25 -25 -26 -26 -26 -27 -27 -27 -28 -28 -28 -29 -29 -29 -29 -30 -30 -30 -31 -31 -31 -32 -32 -32 -33 -33 -33 -34 -34 -34 -34 -34 -35 -35 -35 -35 -35 -35 -35 -35 -35 -35 -35 -35 -35 -35 -35 -35 -35 -34 -34 -34 -34 -34 -34 -34 -35 -35 -35 -35 -35 -35 -36 -36 -36 -36 -37 -37 -37 -37 -38 -38 -38 -39 -39 -39
-21 -22 -22 -23 -23 -24 -24 -25 -25 -26 -27 -27 -27 -28 -28 -29 -29 -30 -30 -30 -31 -31 -32 -32 -33 -33 -34 -34 -35 -35 -35 -35 -35 -35 -35 -35 -35 -35 -35 -35 -35 -35 -35 -35 -35 -35 -35 -34 -34 -34 -34 -34 -34 -34 -34 -34 -34 -34 -34 -34 -35 -35 -35 -35 -35 -36 -36 -36 -37 -37 -37 -38 -38 -38 -38 -39
-20 -20 -20 -21 -22 -22 -23 -24 -24 -25 -25 -26 -26 -27 -27 -28 -29 -29 -29 -30 -30 -31 -32 -32 -33 -34 -34 -35 -35 -35 -35 -35 -35 -35 -35 -35 -35 -35 -35 -35 -35 -35 -35 -35 -35 -35 -35 -35 -34 -34 -34 -34 -34 -34 -34 -34 -34 -34 -34 -34 -34 -34 -34 -35 -35 -35 -36 -36 -36 -36 -37 -37 -37 -38 -38 -38
-21 -21 -21 -22 -22 -22 -23 -24 -24 -24 -25 -25 -26 -26 -27 -27 -28 -28 -29 -29 -30 -31 -32 -32 -33 -35 -35 -35 -36 -36 -36 -36 -35 -35 -35 -35 -35 -35 -35 -35 -35 -35 -35 -35 -35 -35 -35 -35 -35 -35 -34 -34 -33 -33 -32 -32 -32 -32 -32 -32 -33 -34 -34 -35 -35 -35 -35 -36 -36 -36 -37 -37 -37 -38 -38 -38
-21 -21 -22 -22 -22 -23 -23 -24 -24 -24 -25 -25 -25 -26 -26 -27 -27 -28 -28 -29 -29 -30 -31 -32 -32 -34 -35 -35 -36 -36 -36 -36 -35 -35 -35 -35 -35 -35 -35 -35 -35 -35 -35 -35 -35 -35 -35 -35 -35 -35 -35 -35 -34 -33 -32 -31 -31 -31 -32 -32 -34 -34 -35 -35 -35 -35 -36 -36 -37 -37 -37 -38 -38 -38 -39 -39
-21 -21 -21 -22 -22 -22 -23 -23 -24 -24 -24 -25 -25 -25 -26 -27 -27 -27 -28 -28 -29 -29 -29 -30 -31 -32 -34 -34 -35 -35 -35 -35 -35 -35 -35 -35 -35 -35 -35 -35 -35 -35 -35 -35 -35 -35 -35 -35 -35 -35 -35 -35 -35 -35 -34 -34 -34 -34 -34 -34 -35 -35 -35 -35 -35 -36 -36 -36 -37 -37 -38 -38 -39 -39 -40 -40
-18 -19 -19 -20 -21 -21 -22 -22 -22 -23 -23 -24 -24 -25 -25 -26 -26 -27 -27 -28 -28 -28 -29 -29 -30 -31 -32 -34 -35 -35 -35 -35 -35 -35 -35 -35 -35 -35 -35 -35 -35 -35 -35 -35 -35 -35 -35 -35 -35 -35 -35 -35 -36 -36 -36 -36 -36 -36 -36 -36 -36 -36 -36 -36 -36 -36 -36 -37 -37 -37 -38 -38 -39 -39 -40 -40
-19 -18 -16 -16 -16 -16 -18 -19 -20 -20 -22 -22 -23 -24 -24 -25 -26 -26 -26 -27 -27 -27 -28 -29 -29 -30 -31 -31 -33 -33 -34 -35 -35 -35 -35 -35 -35 -35 -35 -35 -35 -35 -35 -35 -36 -36 -36 -37 -37 -37 -37 -38 -38 -39 -39 -39 -40 -40 -40 -40 -39 -38 -37 -36 -36 -36 -36 -36 -36 -36 -36 -37 -37 -37 -37 -37
-17 -17 -18 -18 -19 -19 -19 -19 -20 -20 -20 -20 -21 -22 -23 -24 -24 -25 -25 -25 -26 -26 -27 -28 -28 -29 -30 -30 -31 -32 -32 -33 -34 -35 -35 -35 -35 -35 -35 -35 -35 -36 -36 -36 -37 -37 -37 -38 -39 -39 -40 -40 -40 -40 -40 -40 -40 -40 -40 -39 -38 -37 -36 -36 -35 -35 -35 -35 -35 -35 -35 -35 -36 -36 -36 -36
-13 -14 -15 -15 -16 -18 -19 -19 -20 -20 -20 -20 -21 -21 -22 -23 -23 -24 -24 -24 -24 -25 -25 -26 -28 -28 -29 -30 -31 -31 -32 -33 -34 -35 -35 -35 -35 -35 -35 -36 -36 -36 -36 -36 -37 -37 -37 -37 -38 -38 -39 -39 -39 -39 -39 -39 -39 -38 -38 -38 -37 -37 -36 -36 -36 -35 -35 -35 -35 -35 -35 -35 -35 -35 -35 -35
-9 -10 -12 -14 -15 -17 -17 -19 -19 -19 -20 -20 -21 -21 -22 -22 -23 -23 -24 -24 -24 -25 -26 -26 -27 -28 -29 -30 -31 -33 -34 -35 -35 -35 -35 -35 -35 -35 -35 -36 -36 -36 -36 -36 -36 -36 -36 -37 -37 -37 -37 -37 -37 -37 -37 -37 -37 -37 -37 -37 -36 -36 -36 -36 -36 -35 -35 -35 -35 -35 -35 -35 -35 -35 -35 -35
0 0 -3 -5 -6 -10 -12 -14 -16 -17 -18 -20 -21 -21 -22 -23 -23 -23 -24 -24 -25 -25 -27 -29 -31 -33 -34 -35 -36 -36 -36 -36 -36 -36 -35 -35 -35 -35 -35 -35 -35 -36 -36 -36 -36 -36 -36 -36 -36 -36 -36 -36 -36 -36 -36 -36 -36 -36 -36 -36 -36 -35 -35 -35 -35 -35 -35 -35 -35 -35 -35 -35 -35 -35 -35 -35
0 3 9.0208 10.3255 6.1361 5.3076 1 -1 -7 -11 -13 -15 -17 -19 -21 -23 -23 -24 -24 -25 -26 -26 -28 -30 -33 -34 -35 -35 -35 -35 -35 -35 -35 -35 -35 -35 -35 -35 -35 -35 -35 -35 -35 -35 -35 -35 -35 -35 -35 -35 -35 -35 -35 -35 -35 -35 -35 -35 -35 -35 -35 -35 -35 -35 -35 -35 -35 -34 -34 -34 -34 -34 -34 -34 -34 -34
15.3096 11.7403 14.4518 2 7.1923 7.851 9.1745 18.5218 10 4 -2 -6 -10 -12 -15 -19 -20 -21 -22 -23 -24 -24 -25 -26 -27 -28 -28 -28 -28 -28 -29 -29 -29 -29 -30 -30 -31 -31 -31 -32 -32 -32 -32 -32 -32 -32 -32 -32 -33 -33 -33 -33 -33 -33 -33 -33 -33 -32 -32 -32 -32 -32 -32 -32 -32 -32 -32 -32 -31 -31 -31 -31 -31 -31 -31 -32
10.2276 20.5592 12.8942 8.7603 11.5951 11.6738 14.2419 10.0477 10.69 14.6444 23.6625 12.6494 3 -1 -6 -9 -10 -12 -13 -13 -13 -13 -12 -12 -12 -13 -13 -13 -13 -13 -14 -16 -17 -19 -20 -20 -21 -23 -23 -24 -25 -25 -25 -26 -26 -27 -27 -27 -28 -28 -28 -28 -28 -29 -29 -29 -29 -29 -29 -29 -30 -30 -30 -30 -30 -30 -30 -30 -30 -30 -30 -30 -30 -30 -30 -30
17.8194 8.7774 8.1596 10.5439 7.8693 10.0559 10.5802 12.3676 13.6214 11.1976 11.2252 14.9249 19.8048 29.573 10.542 9.4362 23.4494 5 -2 -3 -1 0 0 1 3 2 5 12 5 4 0 -4 -8 -11 -12 -13 -14 -15 -16 -16 -17 -18 -18 -19 -19 -20 -20 -20 -20 -20 -20 -21 -22 -22 -23 -24 -24 -24 -24 -25 -26 -26 -26 -26 -26 -25 -25 -25 -25 -26 -25 -26 -26 -26 -25 -25
9.9809 12.1287 10.9252 13.2516 9.2256 9.1253 13.4131 21.3451 20.2277 14.6027 11.0057 12.2445 14.8929 15.1715 14.9226 14.9573 21.1823 13.561 11.4775 16.3079 11.0107 14.7209 12.3545 10.639 11.8681 17.3828 26.6817 21.1545 16.6633 24 21 18 12 5 1 2 0 -6 -9 -11 -11 -12 -12 -12 -13 -14 -15 -15 -15 -15 -16 -16 -16 -16 -16 -16 -17 -17 -17 -19 -20 -20 -20 -21 -21 -21 -21 -21 -21 -21 -22 -22 -22 -22 -21 -21
12.1992 11.6524 10.8293 11.487 42.0445 21.9754 27.9896 12.4922 9.7435 11.5437 13.8328 12.3583 11.8895 14.051 9.7539 8.7721 8.2362 0 1 8.1351 8.1192 7.9935 8.2855 12.0733 15.8972 12.2215 17.517 15.7542 11 14 15 17 13 27.6573 13.7623 16.1935 18.183 24.8334 23.8484 10 4 -6 -7 -9 -12 -15 -16 -17 -19 -18 -16 -15 -15 -14 -14 -15 -14 -12 -13 -13 -15 -15 -15 -16 -16 -17 -18 -18 -18 -19 -20 -20 -20 -20 -20 -20
13.8632 12.3851 12.5275 11.0587 18.547 11.2002 14.6458 14.9146 12.8493 12.7077 11.2242 9.4118 16.7253 12.2824 15.8546 4 8 9.8173 10.9048 9.6636 10.6454 8.5904 10.2773 16.7948 19.4403 12.4105 10.0241 13.3013 12.1955 6.9395 19.5566 11.4446 12.0439 17.4889 26.9129 29.22 25.5145 17.9914 20.8831 10.4106 8.2095 42.529 9.204 8.4044 -1 -9 -11 -13 -17 -23 -25 -21 -15 -11 -10 -6 12.018 18.6634 14.0497 10 -9 -10 -10 -11 -12 -13 -13 -13 -13 -14 -15 -15 -15 -16 -16 -16
13.2781 13.9495 11.1891 13.2208 13.4788 13.8476 14.9258 15.8119 13.149 1 -1 -2 -2 -1 7.4356 12.243 9.6596 9.2868 16.6508 9.8986 12.3304 10.3868 8.0627 15.529 11.7252 100.0225 11.6366 12.543 8.2633 14.4921 21.1818 45.1266 18.4443 16.5471 18.5078 43.1741 27.7006 25.5648 20.4042 8.8584 4 2 1 1 -1 -5 -7 -9 -13 -21 -26 -24 -15 -8 -5 5 8.5872 13.7851 15.5968 18 -5 -6 -7 -8 -8 -7 -1 0 2 7 -1 -3 -7 -8 -9 -10
28.9449 18.3871 12.6473 15.3547 15.4556 11.5773 12.3167 14.0758 15.6224 16.5146 0 -2 -2 9.7798 10.9933 6.28 9.2362 5.1619 14.9082 12.1698 17.8398 13.5168 13.3758 24.1971 11.9395 10.9708 15.6399 49.1845 33.4152 43.1643 30.0414 16.4602 32.2963 27.4027 10.066 11.5233 12.7201 14.7799 1 -3 -4 -5 -5 -5 -5 -5 -5 -8 -16 -27 -25 -17 -8 -3 8.8444 13.0991 12.3383 12.3102 12.9834 10.5882 -3 -6 -4 -3 5 8.5687 18.9633 24.4835 13.9053 14.9187 16.6256 12.6163 12.2961 13.1555 13.3606 12.0546
17.8104 18.4256 9.7012 12.1456 10.8783 23.1637 6.2013 8.3493 10.6034 14.6515 11.4324 0 0 -1 1 17 14.875 7.415 10.4941 12.4002 10.1979 12.1759 17.592 18.8096 21.1241 15.7159 15.0215 16.3215 23.6908 47.1459 22.5908 15.1686 12.5696 12.2256 12.5059 8.7592 9.4723 11.2539 16.2333 -3 -4 -5 -5 -6 -7 -9 -10 -13 -22 -28 -23 -13 -7 -1 11 11.3769 8.1842 12.2088 14.7154 14.6384 13.5272 17.1501 15.1338 20.6638 14.9622 14.7893 13.322 16.6729 16.8558 22.9746 22.1202 19.0653 17.4935 14.9835 13.7825 12.229
