Resources/Map/Lvl0_30x30/Ele_DJ.asc
ncols         335
nrows         335
xllcorner     10105000
yllcorner     -3375000
cellsize      10000
nodata_value  -99999.0
[rows 100 to 124 of 335, columns 171 to 227 of 335]
-6853.3267 -6631.9287 -6170.4546 -5729.1191 -5610.0688 -5103.5459 -4624.8916 -4442.5391 -4249.8984 -3851.2656 -3601.8833 -3603.5518 -3679.1846 -3504.0647 -3257.7168 -3200.1292 -3140.6389 -2854.7522 -2585.5825 -2465.4258 -2305.2773 -2266.947 -2339.1987 -2537.5598 -2403.7751 -2221.5471 -2201.7612 -2163.4775 -2292.908 -2450.0286 -2498.0339 -2516.3828 -2278.4612 -2251.6602 -2560.0032 -3028.8669 -3416.1936 -3549.4983 -3577.0227 -3577.5623 -3570.8735 -3440.5852 -3179.4119 -3128.6328 -3217.9634 -3093.5974 -2920.9595 -2846.9775 -2815.3745 -2916.0483 -3091.9524 -3268.9866 -3405.6482 -3499.6338 -3470.4058 -3458.8394 -3493.6377
-6968.9165 -6918.9888 -6678.6523 -6446.1313 -6165.6812 -5737.4268 -5602.5415 -5154.3164 -4923.5034 -4469.208 -4194.3457 -4048.387 -4022.9678 -3784.4231 -3376.1846 -3398.0061 -3369.0808 -3200.697 -3051.354 -2917.1213 -2755.2566 -2596.6411 -2674.5476 -2698.4089 -2438.4287 -2327.946 -2290.2888 -2290.1025 -2262.9375 -2222.4722 -2081.9795 -1920.6573 -1802.4106 -1755.2097 -1731.8247 -1880.6725 -2233.6335 -2582.8113 -2975.3499 -3238.1223 -3167.8237 -2864.1409 -2630.8494 -2636.6123 -2733.1897 -2726.3657 -2607.1223 -2427.8633 -2326.1611 -2434.6819 -2683.9136 -3074.6904 -3345.813 -3445.0874 -3395.7563 -3384.9124 -3460.6416
-6632.3223 -6728.6953 -6696.4565 -6651.3687 -6511.7388 -6243.9282 -6263.5923 -5921.7612 -5699.7852 -5380.0308 -4794.416 -4673.6689 -4563.5049 -4222.5889 -4009.6111 -3668.3667 -3394.0405 -3404.9272 -3328.866 -3158.1904 -3084.3633 -2990.2957 -3015.9241 -2960.4854 -2761.45 -2600.2659 -2577.0542 -2563.8962 -2521.6003 -2349.8337 -2131.9363 -1981.5571 -1803.0627 -1681.1193 -1607.3595 -1653.4097 -1819.049 -1977.3632 -2110.0847 -2150.6475 -2104.1692 -2057.79 -2003.9795 -1867.7853 -1830.3147 -2006.335 -2078.2 -1913.0358 -1679.6273 -1726.2842 -2039.8645 -2582.4146 -3004.4685 -3164.6357 -3157.6355 -3055.5293 -3122.4868
-6336.7803 -6448.7085 -6549.7002 -6580.5342 -6623.6226 -6606.3442 -6556.0513 -6494.5176 -6425.3267 -6140.5635 -5790.3784 -5859.8257 -5630.269 -5094.8706 -4808.8584 -4195.0024 -3878.9133 -3793.3801 -3574.7004 -3413.031 -3289.8245 -3217.0947 -3201.4473 -3189.4692 -3156.1199 -3036.7507 -2949.353 -2863.6206 -2850.1653 -2647.1157 -2379.3198 -2357.0061 -2224.0054 -1977.1743 -1843.9152 -1925.5774 -2170.4055 -2305.7009 -2112.9241 -1622.41 -1252.2267 -1318.4537 -1451.4224 -1460.8438 -1376.0951 -1477.665 -1755.4971 -1734.1724 -1367.2157 -1255.3809 -1528.0997 -2193.3696 -2952.8779 -3415.2927 -3459.4983 -3143.4424 -2994.7234
-6129.5889 -6172.3921 -6268.2651 -6335.5361 -6533.9976 -6673.1563 -6580.9375 -6567.9341 -6627.4375 -6618.6978 -6590.4941 -6640.4756 -6602.5796 -6217.9038 -5560.6499 -4953.2979 -4630.5601 -4352.5254 -3972.7607 -3780.0549 -3608.1946 -3456.2988 -3450.4087 -3485.8181 -3361.4373 -3384.0044 -3345.5632 -3255.689 -3256.4827 -3083.5903 -2711.698 -2639.6243 -2555.8105 -2312.4619 -2198.585 -2268.5405 -2488.3083 -2484.5691 -1980.6964 -1269.1869 -874.2024 -1102.8027 -1462.9033 -1578.8503 -1458.3613 -1380.0959 -1599.7872 -1453.9358 -849.6034 -558.4332 -735.4489 -1588.9056 -2721.4587 -3437.1873 -3554.5291 -3229.4678 -3031.4553
-5799.9316 -5957.7212 -6093.4644 -6250.4995 -6455.0361 -6548.9668 -6466.6382 -6378.4927 -6499.0327 -6627.7056 -6649.354 -6634.5332 -6672.4521 -6622.7886 -6305.6201 -5863.0537 -5679.7549 -5510.8975 -4949.4419 -4441.9146 -4425.2261 -3929.2878 -3579.592 -3406.9565 -3450.9402 -3581.0732 -3416.7241 -3355.7559 -3379.7454 -3297.407 -2982.7229 -2845.0818 -2832.8308 -2809.8638 -2739.833 -2671.2686 -2667.4138 -2373.2959 -1673.5947 -1166.0604 -930.2024 -1072.7529 -1565.5684 -1926.4633 -2041.1801 -2052.5242 -2094.1746 -1686.2837 -928.8319 -688.001 -929.5369 -1649.4333 -2486.1162 -2963.019 -3040.4956 -2938.4883 -2928.8569
-5599.2207 -5786.6528 -5981.7974 -6130.4624 -6205.9194 -6239.4229 -6234.1035 -6214.7266 -6409.96 -6580.9395 -6651.4741 -6569.3623 -6552.0225 -6657.9756 -6674.415 -6646.8066 -6588.3833 -6480.4404 -5968.7446 -5410.1514 -5142.4604 -4649.5889 -4120.1895 -3825.9668 -3694.877 -3533.5186 -3308.0149 -3317.2625 -3367.2617 -3438.1709 -3241.092 -3010.958 -3007.8677 -3077.8193 -3054.6692 -3015.988 -2944.9958 -2838.1926 -2597.0149 -2234.0388 -1565.5208 -1191.2413 -1591.1791 -2091.5869 -2384.7563 -2486.1802 -2418.4993 -1952.3994 -1360.2501 -1358.302 -1852.0802 -2397.3257 -2696.7222 -2809.499 -2748.9646 -2828.6731 -3047.9558
-5508.3794 -5618.2705 -5787.9868 -5949.1821 -5798.7959 -5665.1714 -5808.6841 -6041.8101 -6347.2124 -6470.7095 -6459.8755 -6334.7061 -6367.7266 -6658.6743 -6753.3525 -6768.3198 -6735.7075 -6693.2803 -6548.3394 -6168.3911 -5894.2979 -5549.5884 -5207.2959 -4801.8877 -4447.0308 -4142.561 -3785.5486 -3542.5762 -3474.8486 -3496.3608 -3430.1184 -3411.6072 -3499.9888 -3293.7451 -3110.2686 -3195.345 -3233.2026 -3378.5442 -3466.489 -3084.988 -2220.3596 -1461.2886 -1413.5785 -1828.7751 -2424.7966 -2739.2981 -2554.5879 -2101.1643 -1789.8357 -2108.7617 -2748.2205 -3091.3252 -3070.2148 -2893.21 -2831.9541 -2934.6396 -3037.8315
-5505.5 -5581.1514 -5754.3384 -5951.8623 -5886.3193 -5778.0942 -5909.9399 -6147.6235 -6279.4194 -6304.5659 -6277.5635 -6312.2759 -6452.3291 -6614.0547 -6666.2344 -6724.6748 -6703.4658 -6669.7939 -6744.083 -6678.25 -6593.5776 -6397.6724 -6184.9502 -5949.8774 -5542.2974 -5449.8813 -4983.5762 -4696.0537 -4505.2808 -4483.8315 -4237.7334 -4111.1279 -4132.4312 -3923.7683 -3697.7766 -3752.4463 -3712.5413 -3736.7808 -3933.9236 -3790.7432 -3069.8457 -2238.8423 -1873.3911 -2026.3689 -2567.6411 -2780.7612 -2538.8359 -2340.6553 -2260.1226 -2650.6931 -3286.8667 -3529.7319 -3383.3235 -2976.7515 -2880.9836 -3058.0117 -3050.8208
-5494.4521 -5627.7915 -5797.7671 -5877.9746 -5838.022 -5907.644 -6007.8994 -6054.4634 -6130.9512 -6076.9258 -6104.9897 -6286.0459 -6467.2671 -6478.8145 -6543.27 -6630.96 -6660.5996 -6692.2231 -6768.8442 -6782.9551 -6789.5415 -6784.6313 -6762.8896 -6621.8833 -6453.894 -6437.6094 -6190.5547 -6019.6914 -6058.7534 -5957.897 -5721.5483 -5525.7144 -5280.4316 -4779.958 -4411.5425 -4271.7705 -4273.0352 -4415.3428 -4644.5361 -4782.9097 -4446.3989 -3691.2378 -3105.3042 -3105.7837 -3418.5115 -3360.9873 -3117.6548 -2994.3838 -2921.1272 -3270.8462 -3628.605 -3718.1228 -3593.8845 -3189.4409 -3009.2708 -3216.2178 -3351.5786
-5481.1118 -5642.9189 -5789.3804 -5879.6147 -5919.5283 -5931.5225 -5899.6982 -5971.0957 -6048.5044 -6038.4419 -6093.5537 -6283.1128 -6424.4834 -6454.0933 -6530.374 -6490.4346 -6559.1895 -6661.8174 -6721.3057 -6733.8569 -6697.3423 -6700.8882 -6761.7969 -6707.3062 -6651.8823 -6673.0244 -6634.6333 -6626.4922 -6747.5684 -6694.3511 -6644.4346 -6691.5347 -6654.6919 -6377.4409 -6036.5186 -5585.5166 -5248.0366 -5192.4751 -5413.2798 -5874.2046 -6169.4214 -5675.832 -4932.0757 -4783.8159 -4784.7495 -4396.1069 -4016.7424 -4087.7095 -4305.0737 -4373.8726 -4186.8843 -4013.593 -3999.8362 -3746.9048 -3372.4426 -3384.9036 -3524.895
-5452.2246 -5625.9966 -5829.6831 -5898.8516 -5812.9673 -5773.0845 -5853.6138 -5879.3979 -5983.8188 -6099.3843 -6157.6685 -6247.3711 -6263.644 -6405.4766 -6383.7236 -6283.21 -6202.1025 -6402.4956 -6553.2065 -6594.8955 -6558.8765 -6493.6563 -6457.1743 -6500.7383 -6348.7876 -6281.1289 -6355.75 -6441.7974 -6665.5381 -6660.7183 -6648.3765 -6736.6411 -6849.5732 -6886.8032 -6743.8589 -6524.3369 -6326.3188 -6159.6128 -6207.5508 -6590.7046 -6988.2266 -6855.4155 -6570.8071 -6390.7017 -6126.9907 -5813.0181 -5776.105 -6207.0166 -6291.668 -5728.2852 -5001.7637 -4505.1499 -4363.9082 -4084.5762 -3664.4167 -3668.7029 -3780.8848
-5539.8013 -5707.373 -5818.855 -5852.6201 -5749.394 -5702.2153 -5761.6558 -5797.0864 -5898.9346 -6043.3311 -6196.21 -6246.9165 -6241.7959 -6257.2021 -6133.395 -6124.666 -6078.0732 -6151.2471 -6225.583 -6339.2505 -6438.2383 -6337.5933 -6263.8608 -6324.5254 -6190.7485 -6073.0186 -5955.9038 -5983.5957 -6330.2813 -6414.1343 -6420.2637 -6520.2104 -6608.6973 -6526.5791 -6311.9141 -6268.272 -6471.6226 -6539.3623 -6512.2065 -6751.3467 -7023.2671 -7041.9536 -7021.2046 -6995.2476 -6978.7529 -6962.5991 -6987.5747 -7058.4136 -6951.8076 -6424.0308 -5716.8149 -5193.3657 -5037.2354 -4913.2173 -4532.0269 -4393.1245 -4332.9937
-5572.209 -5684.1777 -5816.3311 -5891.6338 -5782.0664 -5667.1528 -5728.6709 -5741.4858 -5746.7671 -5955.0508 -6109.1021 -6111.2397 -6087.2886 -6057.3799 -5975.146 -6039.9014 -6042.2026 -5982.4375 -5995.5674 -6123.5903 -6255.8896 -6170.7979 -6109.9922 -6105.1709 -6041.3174 -5900.4238 -5614.0508 -5587.6455 -6042.5996 -6220.9634 -6259.4019 -6412.5254 -6270.1943 -5828.9517 -5681.811 -5956.168 -6384.957 -6368.0176 -6167.0591 -6447.7056 -6694.3848 -6713.666 -6739.3589 -6832.7808 -6927.2549 -6948.0181 -7015.272 -6936.4321 -6713.0776 -6441.8164 -6102.3477 -5825.9224 -5770.0718 -5892.1641 -5557.8003 -5295.0498 -5085.1978
-5501.937 -5650.0879 -5714.0117 -5738.9902 -5852.9639 -5918.2114 -6044.9497 -6052.9722 -6057.6504 -6201.7139 -6227.9194 -6063.0869 -6075.3804 -6027.5908 -5959.6914 -6021.0557 -5998.1611 -5874.8223 -5850.168 -5969.1509 -6072.8296 -6051.0396 -5979.1543 -5951.3242 -5860.0723 -5688.8594 -5418.1211 -5268.6709 -5632.9912 -6056.9434 -6144.355 -6203.7969 -5869.4443 -5266.6733 -5347.7954 -5799.3379 -6121.0693 -5851.5684 -5647.6821 -6046.0225 -6317.4585 -6371.8169 -6415.7427 -6503.666 -6586.9297 -6547.9365 -6562.1353 -6475.7915 -6219.8179 -6086.6133 -6036.5962 -5944.8315 -5869.8325 -5684.0591 -5464.1606 -5713.9731 -5764.1421
-5527.4766 -5746.9214 -5736.4663 -5792.751 -5985.645 -6011.6108 -5953.3809 -5920.4839 -5870.7119 -5692.0669 -5483.7734 -5349.3857 -5676.5923 -5879.8545 -5915.7012 -6028.6553 -5980.0493 -5796.5186 -5730.0176 -5748.6343 -5889.6289 -5961.8413 -5834.2686 -5813.5444 -5650.0464 -5557.0679 -5472.2852 -5013.4507 -4891.9932 -5721.7686 -5969.8896 -5928.9731 -5370.7183 -4675.6094 -4579.627 -4979.6865 -5569.3447 -5561.2886 -5670.2109 -5971.1948 -6042.5688 -6064.5825 -6109.1948 -6150.604 -6184.8062 -6083.0801 -6036.4521 -6080.0708 -5974.2646 -5890.5952 -5787.0596 -5647.1167 -5585.9438 -5258.9194 -5002.312 -5422.1104 -5766.2422
-5622.0674 -5946.5029 -5979.4199 -5944.8042 -5899.3813 -5818.5205 -5674.9937 -5534.1724 -5424.6997 -5210.9253 -4908.9438 -4780.1772 -5346.2363 -5706.3315 -5835.4956 -6088.9141 -6069.9609 -5831.4707 -5634.105 -5501.1528 -5739.0352 -5820.4585 -5682.7896 -5640.728 -5433.1528 -5256.9702 -5257.0171 -4943.4932 -4665.3579 -5421.0234 -5860.2256 -5682.0845 -4824.7202 -3733.4565 -3329.8828 -3926.0842 -5094.5068 -5559.8799 -5774.0229 -5825.4888 -5819.6592 -5828.708 -5861.5718 -5871.6353 -5852.6563 -5744.875 -5709.7368 -5799.7646 -5741.1768 -5629.0327 -5504.9189 -5420.2402 -5400.937 -5132.3604 -4924.1978 -5225.8662 -5475.9019
-5615.687 -5915.2964 -5970.1284 -5861.8462 -5733.5894 -5688.1289 -5697.8374 -5714.7305 -5744.9961 -5824.8843 -5673.1875 -5391.0034 -5576.0562 -5650.978 -5664.2734 -5826.1802 -5949.8071 -5822.0103 -5653.2051 -5380.4321 -5492.1821 -5583.4946 -5432.1699 -5389.3506 -5360.873 -5223.4463 -4996.0557 -4590.9341 -4340.313 -5327.4429 -5904.5991 -5522.9331 -4399.7036 -2987.1704 -2520.7266 -3447.1274 -4982.8335 -5669.2471 -5727.4072 -5712.4595 -5718.8486 -5695.8633 -5651.2104 -5586.2231 -5511.6021 -5475.3647 -5512.8809 -5534.0229 -5472.1035 -5383.8579 -5296.3027 -5270.8008 -5288.3213 -5204.7666 -5110.2598 -5200.5215 -5323.4692
-5688.1348 -5904.1108 -5893.689 -5754.2651 -5733.8784 -5712.7661 -5745.7412 -5830.7803 -5846.5508 -5883.4053 -5847.6504 -5743.7085 -5752.749 -5633.2769 -5544.2788 -5427.9199 -5537.6577 -5552.8999 -5398.458 -5287.7974 -5540.0459 -5459.9453 -5206.8496 -5351.8555 -5458.8184 -5310.875 -5015.6968 -4780.0322 -4797.8716 -5443.8247 -5778.9722 -5482.2461 -4489.8462 -3196.9792 -2794.6763 -3803.5833 -5141.7539 -5602.6196 -5628.2666 -5613.3481 -5566.6621 -5483.5981 -5381.0566 -5256.0464 -5220.6104 -5241.0527 -5297.3179 -5319.0068 -5256.6841 -5191.0356 -5170.0005 -5166.8657 -5156.5156 -5129.9185 -5090.1631 -5115.2563 -5208.7144
-5821.1104 -5975.9678 -5921.6284 -5771.3472 -5728.9014 -5714.9312 -5715.8105 -5653.603 -5603.8081 -5600.8374 -5631.3501 -5777.3579 -5880.9165 -5789.4048 -5537.6094 -5175.3428 -5190.2979 -5397.1616 -5128.46 -5145.6802 -5484.5747 -5366.1899 -5276.208 -5344.3848 -5377.6294 -5239.1299 -5167.314 -5084.8379 -4987.4204 -5241.0249 -5465.1016 -5207.9082 -4387.3257 -3735.4587 -3672.7688 -4441.3247 -5357.9385 -5609.0532 -5569.9204 -5450.4844 -5287.6528 -5194.2373 -5088.2842 -5011.7261 -4975.9966 -4928.0698 -5044.3076 -5133.4043 -5096.4727 -5067.1475 -5059.1411 -5061.999 -5045.2778 -5025.2998 -5002.6606 -5038.2759 -5093.7539
-5728.9673 -5870.1851 -5908.9375 -5764.1113 -5623.0605 -5601.2773 -5564.7183 -5425.2334 -5478.9907 -5594.5332 -5563.2954 -5646.4434 -5767.2983 -5751.2524 -5428.396 -5217.9326 -5293.3687 -5378.5869 -5283.0781 -5438.1177 -5431.9551 -5233.5962 -5326.0918 -5384.2197 -5271.6968 -5179.0718 -5202.3608 -4936.8525 -4746.5781 -4808.438 -5040.1787 -4834.7236 -4268.7646 -4260.5688 -4504.1436 -4978.9785 -5471.6089 -5511.8081 -5349.1958 -5170.9873 -5020.3384 -5005.833 -4961.5879 -4924.375 -4864.0571 -4831.5132 -4987.6362 -5016.876 -4967.6226 -4979.0913 -4970.0352 -4964.7949 -4950.1025 -4949.2441 -4927.7358 -4986.6597 -5017.4893
-5694.9971 -5802.8823 -5877.0405 -5674.9517 -5349.0874 -5286.1226 -5390.146 -5428.1519 -5513.0845 -5582.4658 -5487.6064 -5511.8594 -5567.8936 -5512.9839 -5340.8877 -5407.6069 -5482.6641 -5397.2925 -5411.021 -5569.6851 -5313.7856 -5159.2397 -5299.376 -5348.0547 -5238.1108 -5233.8755 -5206.6206 -4994.9761 -4821.3296 -4593.1177 -4953.6719 -5139.8218 -5095.7725 -5128.0234 -5074.9546 -5168.2744 -5294.8076 -5237.6514 -5088.4019 -4955.4121 -4906.2144 -4936.3926 -4880.2173 -4893.6631 -4907.7002 -4901.3892 -4963.9458 -4913.8311 -4868.2471 -4890.5635 -4910.0928 -4910.9482 -4903.1377 -4927.522 -4921.0474 -4980.4609 -4967.5938
-5834.958 -5920.4995 -5903.8574 -5456.9985 -4718.0288 -4704.7871 -5246.1265 -5483.5527 -5494.0361 -5513.6265 -5515.9834 -5577.0767 -5556.7915 -5403.3691 -5379.5166 -5415.7725 -5319.8257 -5282.8394 -5349.8218 -5434.083 -5265.3589 -5157.0103 -5184.0688 -5236.0801 -5263.8516 -5248.3818 -5201.8608 -5179.6914 -5036.4868 -4916.54 -5297.2368 -5490.4189 -5563.0005 -5469.6709 -5248.8643 -5183.8408 -5122.8506 -5010.7974 -4896.5962 -4791.4673 -4809.0195 -4876.2378 -4836.0122 -4848.0249 -4873.3804 -4879.7554 -4895.1436 -4849.8213 -4826.0532 -4830.2852 -4840.1255 -4869.9399 -4882.2949 -4853.2017 -4846.1255 -4889.8687 -4857.1587
-5876.0063 -5802.4019 -5696.9951 -5301.8877 -4547.3755 -4653.3418 -5358.875 -5636.5469 -5615.146 -5545.0625 -5600.6699 -5687.8833 -5601.7036 -5391.1538 -5364.8687 -5395.042 -5216.5195 -5231.646 -5323.6807 -5390.832 -5348.0947 -5199.1509 -5126.7817 -5320.708 -5456.9736 -5309.1431 -5174.1602 -5263.2954 -5282.4146 -5183.2944 -5299.8301 -5353.6001 -5317.1079 -5243.4814 -5142.2363 -5071.6226 -4962.5625 -4822.0054 -4739.2524 -4716.9453 -4765.5874 -4810.0352 -4791.5259 -4757.0439 -4763.311 -4791.7588 -4790.3867 -4742.0903 -4734.6431 -4787.165 -4809.7026 -4847.6318 -4864.2759 -4784.334 -4750.6587 -4785.937 -4731.8872
-5761.9175 -5246.6421 -5066.2358 -5467.5591 -5500.8467 -5517.022 -5722.2319 -5822.1895 -5783.4556 -5610.2524 -5690.4937 -5746.1709 -5580.7075 -5434.564 -5340.6641 -5333.269 -5130.0039 -5146.6943 -5239.0996 -5271.4282 -5333.293 -5262.9512 -5291.7866 -5532.481 -5516.3008 -5331.0273 -5141.1191 -5183.0986 -5226.7588 -5091.7686 -5150.4663 -5192.6846 -5132.1807 -5042.7139 -5013.8628 -4963.771 -4867.9717 -4748.8193 -4687.9409 -4700.4771 -4718.2344 -4651.7534 -4637.5591 -4704.0654 -4725.3389 -4698.812 -4700.1538 -4635.9097 -4624.7988 -4719.1626 -4751.8696 -4745.2695 -4702.8472 -4708.9565 -4693.2769 -4691.2402 -4635.4077
