Resources/Map/Lvl0_30x30/Ele_BL.asc
ncols         335
nrows         335
xllcorner     16805000
yllcorner     3325000
cellsize      10000
nodata_value  -99999.0
[rows 50 to 74 of 335, columns 114 to 170 of 335]
360.6525 322.2197 177.3079 87.6953 87.033 14.9679 2.5124 -69.2179 -231.481 -464.9707 -835.627 -1292.3729 -1777.4917 -2284.9131 -2828.3547 -3397.8545 -3829.0984 -4074.3765 -4235.1675 -4332.7305 -4349.0688 -4374.3628 -4423.6392 -4442.9546 -4463.8174 -4544.6318 -4644.6597 -4736.4648 -4730.8823 -4802.9058 -5280.6094 -5576.3691 -5658.189 -5633.0127 -5520.063 -5267.5264 -4943.311 -4589.6895 -4330.2524 -4334.7822 -4289.1421 -4075.4067 -3106.1008 -1835.6744 -895.9249 -336.8924 -133.8856 -146.5338 -145.1488 -88.2598 -61.5298 -110.7057 -184.5384 -182.1326 -140.4292 -192.3217 -392.5358
385.1135 330.6535 502.8356 278.4941 181.9286 77.3212 50.1039 -61.9763 -225.6358 -540.0135 -1045.2719 -1590.8708 -2146.3608 -2736.9602 -3275.2683 -3722.7446 -4053.2612 -4254.9111 -4351.8408 -4377.2856 -4407.9385 -4480.4111 -4501.3491 -4477.522 -4548.7554 -4699.8042 -4752.2583 -4829.5747 -4912.5342 -5100.4722 -5508.5547 -5691.6978 -5735.1084 -5728.5654 -5696.8828 -5602.998 -5460.2388 -5293.5913 -5062.9751 -4814.2939 -4670.98 -4639.3101 -4596.4937 -4202.8628 -2943.218 -1321.7107 -573.8848 -225.9793 -85.461 -48.1526 -20.313 1.0369 26.8304 65.9948 27.8673 5.9032 -5.1351
705.4291 584.6009 622.0541 411.1623 294.1107 198.6117 97.2108 -19.1398 -120.2449 -345.3926 -865.1525 -1523.481 -2172.9285 -2807.0693 -3345.291 -3753.522 -4072.8462 -4262.8774 -4334.5264 -4311.1641 -4251.3887 -4184.6655 -4084.7583 -4061.1692 -4240.9224 -4491.7573 -4543.8721 -4480.1592 -4708.4077 -5308.478 -5686.875 -5733.1699 -5711.6899 -5681.4438 -5712.5171 -5693.5435 -5647.3418 -5617.8145 -5528.292 -5301.207 -5022.1816 -4846.0938 -4967.7627 -5018.4253 -4446.5278 -3481.7173 -2645.5837 -1692.7272 -791.1685 -194.5003 -30.5776 -4.469 8.9098 14.2374 24.8024 56.2072 26.2427
1014.9184 539.2778 308.834 366.5654 255.716 410.8907 217.5675 47.7707 -51.7279 -200.5081 -574.8644 -1136.3413 -1748.912 -2326.1309 -2869.572 -3357.5688 -3743.7449 -3975.9216 -4050.2664 -4020.9409 -3941.564 -3823.9834 -3736.6965 -3832.2568 -4094.7913 -4274.9453 -4325.6782 -4578.6304 -5280.4385 -5745.8018 -5754.5327 -5534.7729 -5344.8213 -5292.1587 -5337.3696 -5389.2822 -5428.2959 -5445.3164 -5484.5098 -5513.7354 -5391.3042 -5159.3833 -5052.9619 -5292.1294 -5397.3857 -5161.9478 -4704.1499 -4092.2329 -3137.3374 -1970.53 -935.0457 -308.8562 -107.6189 -37.6512 47.9899 173.3171 112.0432
860.1711 671.0079 757.3584 443.3436 171.4534 265.9055 13.4403 8.0182 39.6878 -90.834 -342.9551 -746.4104 -1233.9849 -1701.8818 -2188.4114 -2720.7231 -3180.2258 -3513.6121 -3765.134 -3945.5972 -4037.7683 -4054.3711 -4054.4778 -4138.0728 -4193.144 -4155.0552 -4292.2559 -4915.4995 -5602.2119 -5793.9468 -5559.1445 -5261.7329 -4981.0918 -4856.1646 -4937.2573 -5063.2705 -5074.0249 -4995.5767 -5017.0112 -5248.3809 -5507.0317 -5577.4868 -5521.1768 -5588.7017 -5796.4922 -5993.3638 -5922.3794 -5577.814 -5088.0723 -4368.7988 -3223.2666 -1987.9363 -1077.8828 -523.6698 174.1141 128.8356 154.4415
595.8952 399.6129 325.0315 252.6352 119.0323 29.4952 84.4044 385.7036 190.153 81.8378 -70.8985 -284.325 -678.3683 -1158.0726 -1696.9254 -2297.8884 -2846.0535 -3268.9683 -3615.0615 -3911.1904 -4186.2041 -4381.6831 -4416.9209 -4371.7744 -4285.4292 -4223.0723 -4340.5576 -4795.1157 -5444.7544 -5834.7798 -5838.8589 -5497.0693 -5020.9722 -4687.7266 -4639.5859 -4734.6812 -4817.3433 -4712.7876 -4590.1226 -4673.2256 -5101.2939 -5605.1768 -5929.7148 -6025.3755 -6100.0874 -6332.2085 -6486.522 -6459.877 -6490.1304 -6224.5366 -5418.5474 -4353.7896 -3248.2192 -2223.5647 -1223.486 75.3176 469.0838
529.0597 403.8016 459.6028 227.2725 443.6277 251.8497 530.7491 411.2641 282.2519 80.1694 48.6288 -81.0158 -361.8006 -965.6225 -1709.0117 -2358.8132 -2838.582 -3179.0693 -3443.0171 -3727.7336 -4061.9963 -4310.0879 -4331.5942 -4252.915 -4270.9556 -4384.0874 -4593.3687 -5018.3252 -5485.895 -5811.75 -5978.0723 -5902.1885 -5526.8818 -5025.4663 -4671.0376 -4619.5474 -4776.1499 -4721.9536 -4522.9995 -4347.8916 -4571.0161 -5208.0313 -5912.8364 -6206.7559 -6374.377 -6600.5371 -6786.3442 -6874.9644 -6894.4458 -6803.1284 -6458.3799 -5888.4971 -5101.4277 -4109.5459 -2973.573 -1777.0504 34.1445
277.7968 401.1803 258.7147 544.1412 659.4583 935.7625 881.1678 894.3787 522.7103 130.8442 149.0237 -83.3425 -361.1093 -951.6381 -1745.5438 -2401.5505 -2882.2234 -3253.4539 -3559.0286 -3855.3843 -4148.5771 -4344.6768 -4358.3809 -4270.2852 -4230.5811 -4347.853 -4629.666 -5089.731 -5527.1035 -5822.2695 -5975.6211 -5974.8394 -5824.8877 -5505.6714 -5090.7217 -4859.6826 -4757.4229 -4639.2163 -4456.4834 -4335.8623 -4495.0801 -4908.752 -5424.4663 -5742.5962 -6052.8428 -6363.6182 -6626.7676 -6770.2402 -6794.6885 -6740.6611 -6584.8467 -6325.9595 -5946.4756 -5306.2988 -4354.7734 -3228.7805 -2006.7609
187.4923 179.4701 486.0993 581.7483 719.3506 651.9304 643.9126 786.9434 77.2084 161.2648 -4.118 -159.823 -397.5868 -992.508 -1770.6564 -2437.2329 -3006.5264 -3497.321 -3863.9849 -4125.0142 -4354.0674 -4505.084 -4474.9766 -4333.5161 -4309.9258 -4542.4028 -4893.3086 -5346.4561 -5753.8149 -5951.0864 -5978.6792 -5885.3135 -5754.9297 -5548.8823 -5247.3291 -4947.3682 -4737.4561 -4597.4087 -4453.1943 -4416.5415 -4600.0317 -4705.2461 -4915.0991 -5230.8062 -5639.0176 -5998.0664 -6322.9922 -6552.0576 -6664.5317 -6657.5459 -6445.8994 -6128.668 -5911.1387 -5716.8857 -5257.71 -4421.0313 -3258.8936
190.84 248.3856 484.5234 512.0615 523.387 309.2107 189.2371 325.8805 42.2127 -133.1376 -243.2731 -433.2092 -811.479 -1369.6981 -2005.0444 -2645.6802 -3192.2749 -3616.3679 -3918.9377 -4155.3374 -4377.9805 -4561.8306 -4613.541 -4539.4009 -4564.3672 -4830.874 -5214.1284 -5634.4839 -5895.3867 -5980.8335 -5917.1646 -5788.8706 -5681.5552 -5556.0522 -5343.7715 -5062.0073 -4770.1792 -4636.5356 -4568.627 -4493.9351 -4492.8662 -4769.0654 -4911.7671 -5347.5781 -5634.0908 -5853.1279 -6052.3599 -6209.6846 -6354.9194 -6493.1235 -6386.1821 -6057.2271 -5762.9292 -5601.9312 -5430.2305 -5034.0933 -4237.3032
129.0827 110.6184 139.4402 150.9337 124.0572 196.6631 64.8443 -167.2952 -432.7928 -636.2855 -855.4832 -1138.9548 -1433.1619 -1727.6128 -2144.4963 -2651.1465 -3074.6299 -3375.1948 -3692.9919 -4093.5166 -4434.2578 -4673.6938 -4850.0576 -4878.0889 -4860.3589 -5050.5625 -5361.2412 -5692.8599 -5893.375 -5946.8804 -5839.438 -5683.3267 -5535.3184 -5437.4023 -5340.1113 -5122.5439 -4857.0498 -4705.2983 -4627.3013 -4580.2593 -4544.4209 -4570.8945 -4706.4839 -5076.4106 -5338.8867 -5557.4033 -5754.3105 -5845.8511 -5898.793 -6138.0381 -6283.9175 -6243.5996 -6077.3467 -5836.7466 -5569.3921 -5288.707 -4894.1372
-98.4234 -85.2672 -120.2675 -155.813 -165.688 -212.9336 -422.8271 -746.0168 -1056.3367 -1296.4587 -1442.3406 -1608.8114 -1804.0554 -1973.16 -2239.8586 -2627.4351 -2976.0845 -3234.1309 -3566.2842 -4029.1125 -4455.7783 -4787.3735 -5042.9487 -5129.0396 -5104.6001 -5252.6255 -5517.5103 -5728.6831 -5750.2275 -5656.3335 -5504.5713 -5426.9556 -5342.8291 -5258.3662 -5203.1396 -5080.6167 -4920.1851 -4742.4985 -4631.9316 -4607.3774 -4632.5977 -4656.1714 -4664.9038 -4688.9106 -4784.4536 -4922.0801 -5161.2446 -5451.0698 -5634.5024 -5856.6978 -6059.4307 -6203.8242 -6294.874 -6257.6367 -6059.3203 -5795.4912 -5582.9912
-249.6179 -284.4971 -357.8165 -596.2398 -772.6762 -964.6243 -1327.5829 -1642.4922 -1778.7032 -1838.3301 -1848.3635 -1835.2375 -1926.8801 -2099.8857 -2344.0457 -2664.8574 -2980.812 -3244.9951 -3567.8958 -4010.9404 -4471.0532 -4835.4409 -5068.1807 -5225.437 -5385.3843 -5540.0166 -5622.5811 -5580.7549 -5375.2744 -5175.9395 -5115.5469 -5132.3965 -5114.8657 -5078.3887 -5002.5522 -4934.2925 -4864.2075 -4707.2104 -4623.3452 -4598.7495 -4621.083 -4648.8887 -4647.9849 -4647.9312 -4643.0693 -4664.4033 -4733.6123 -5012.6084 -5291.3843 -5494.7021 -5729.9253 -5941.9316 -6099.811 -6257.5708 -6327.2646 -6248.7954 -6155.9634
-715.097 -843.6196 -1026.2898 -1450.5143 -1842.4733 -2152.989 -2359.8613 -2481.491 -2445.6309 -2265.4531 -2053.1489 -1872.3823 -1844.0736 -1986.262 -2267.2634 -2682.5488 -3119.2485 -3419.5339 -3735.1099 -4187.8477 -4580.1133 -4818.2886 -5001.3589 -5333.2651 -5634.9058 -5664.2534 -5529.5859 -5383.812 -5226.229 -5070.8423 -4926.9238 -4804.7534 -4796.8848 -4851.1382 -4849.3989 -4827.5552 -4781.147 -4702.332 -4632.5356 -4592.3613 -4573.8911 -4570.7021 -4600.5967 -4652.8945 -4670.3623 -4651.311 -4672.4434 -4804.9941 -5002.4717 -5145.8911 -5321.2144 -5544.9175 -5693.4839 -5929.3979 -6225.9331 -6329.1475 -6336.2026
-1239.3513 -1467.0557 -1759.0435 -2232.699 -2680.0615 -3006.9282 -3135.4094 -3154.627 -3069.7991 -2813.3289 -2431.0867 -1988.8826 -1730.3805 -1809.9926 -2108.1233 -2620.3325 -3246.0437 -3668.8811 -3994.4216 -4369.6294 -4660.7324 -4888.0864 -5142.9766 -5539.7129 -5596.1621 -5378.2549 -5298.7378 -5242.4771 -5156.5425 -4962.8159 -4670.8296 -4504.7539 -4496.6548 -4572.9028 -4660.8291 -4685.5894 -4624.8618 -4583.5728 -4566.8838 -4552.8491 -4507.1724 -4485.9199 -4535.9546 -4625.3232 -4679.6167 -4678.4521 -4674.6445 -4721.0796 -4824.0581 -4924.2974 -5029.7305 -5138.6885 -5243.5029 -5462.7432 -5834.541 -6096.0454 -6186.4883
-1560.7996 -1902.4176 -2303.864 -2784.6858 -3196.0208 -3477.4946 -3594.0447 -3606.6963 -3540.6868 -3357.7976 -2955.6274 -2386.8806 -1962.9982 -1886.1949 -2104.4985 -2691.7646 -3491.2378 -4038.2336 -4360.98 -4637.9741 -4903.812 -5237.8115 -5572.6904 -5647.3296 -5290.5215 -4986.4365 -4899.5728 -4895.6094 -4855.5645 -4672.7183 -4485.4722 -4373.1606 -4335.2534 -4339.7866 -4434.6929 -4474.0083 -4458.7222 -4466.5859 -4466.5522 -4465.5356 -4445.2705 -4428.3848 -4458.2393 -4536.8267 -4606.9829 -4638.0376 -4648.0332 -4669.3823 -4730.4478 -4829.189 -4932.5591 -4984.4512 -5006.0635 -5083.6191 -5268.6255 -5527.9141 -5719.2329
-1964.8201 -2409.1357 -2804.5212 -3064.3179 -3341.2656 -3610.5422 -3776.9133 -3828.2278 -3708.8684 -3485.2219 -3115.6787 -2653.7791 -2282.3035 -2121.9829 -2330.427 -3016.9463 -3873.293 -4432.8525 -4798.4468 -5129.3755 -5429.1045 -5694.5132 -5856.8018 -5674.5098 -5232.5981 -4802.3403 -4514.8042 -4427.8838 -4390.4575 -4305.2764 -4226.9751 -4171.7915 -4104.2266 -4060.6177 -4116.3906 -4179.8013 -4236.2773 -4294.7725 -4322.123 -4363.3247 -4379.9106 -4377.415 -4375.8643 -4423.2773 -4512.2822 -4579.6797 -4604.2148 -4639.4551 -4688.6104 -4757.4487 -4856.833 -4907.8311 -4912.2349 -4924.5796 -4952.9653 -5032.3291 -5189.6323
-2604.6763 -2886.5022 -3159.0833 -3287.4253 -3454.9182 -3646.5056 -3763.7695 -3786.4951 -3586.5183 -3221.5435 -2854.8689 -2591.281 -2428.8206 -2410.9792 -2758.8215 -3464.2705 -4229.2661 -4803.3853 -5223.4712 -5586.2437 -5847.3716 -5934.1685 -5849.9116 -5595.8496 -5124.7656 -4581.6968 -4175.106 -4026.1531 -3981.2795 -3910.958 -3866.0583 -3861.5637 -3807.1367 -3749.0347 -3798.7651 -3880.5239 -3961.4631 -4025.9094 -4097.1978 -4196.2734 -4264.4629 -4278.4204 -4282.8511 -4310.396 -4410.6582 -4537.9639 -4585.3955 -4588.1685 -4597.4985 -4606.646 -4669.3003 -4733.897 -4775.8433 -4811.145 -4814.3472 -4803.4858 -4836.0894
-3268.6289 -3339.7275 -3437.7876 -3525.7417 -3609.9883 -3644.3108 -3617.1565 -3514.2783 -3263.2891 -2939.8547 -2804.1404 -2943.0522 -3131.2771 -3321.3977 -3681.1433 -4173.6709 -4678.2104 -5152.4844 -5588.7798 -5955.4536 -6124.6284 -6002.7271 -5691.8848 -5291.8306 -4824.9609 -4356.0396 -3970.061 -3775.0881 -3649.408 -3548.5886 -3523.6768 -3580.1543 -3579.3975 -3524.979 -3538.6785 -3595.0815 -3645.6936 -3683.3774 -3785.3708 -3944.3542 -4094.0984 -4136.8667 -4167.8633 -4212.4077 -4273.2202 -4377.2056 -4465.2783 -4483.7217 -4465.8833 -4455.5171 -4495.7949 -4560.2866 -4614.4565 -4670.1299 -4700.1558 -4693.3418 -4667.7651
-3510.1082 -3551.0188 -3559.6565 -3622.2544 -3682.6174 -3596.9541 -3406.9941 -3189.7104 -2989.3613 -2965.7341 -3277.5085 -3784.6511 -4188.4854 -4410.0898 -4636.0352 -4959.0967 -5309.9404 -5645.8965 -5982.4038 -6257.146 -6277.5483 -5987.3955 -5548.0356 -5111.7817 -4734.1016 -4345.978 -3925.3179 -3602.8108 -3442.4207 -3391.5193 -3373.3638 -3387.885 -3384.5815 -3355.4436 -3357.2534 -3377.4424 -3395.1145 -3440.4016 -3523.6714 -3645.103 -3805.4707 -3924.6836 -3994.8401 -4044.113 -4073.6465 -4136.0835 -4241.9976 -4320.7534 -4355.0088 -4359.0869 -4356.4883 -4392.8491 -4459.4697 -4536.4497 -4590.1602 -4621.2266 -4643.4775
-3672.7107 -3694.6309 -3653.2661 -3654.3164 -3656.7068 -3534.7908 -3344.3945 -3163.6814 -3039.4863 -3202.9695 -3742.9753 -4361.3125 -4810.1523 -5052.9717 -5302.9722 -5684.6274 -6035.313 -6217.2485 -6358.2251 -6488.7939 -6401.8281 -6008.2617 -5473.3037 -5027.5259 -4705.4282 -4351.5493 -3926.156 -3585.8503 -3421.3445 -3372.1111 -3310.6763 -3227.9116 -3172.0442 -3152.9707 -3165.1848 -3194.72 -3206.6458 -3253.3403 -3318.1843 -3356.6667 -3460.3918 -3643.4272 -3815.7917 -3870.6365 -3852.8372 -3881.2351 -3994.627 -4135.918 -4246.3306 -4282.1567 -4272.3989 -4290.8975 -4352.7588 -4418.8745 -4467.334 -4531.5918 -4600.7852
-3738.6367 -3836.637 -3785.8159 -3675.4324 -3638.6125 -3628.3235 -3590.0168 -3501.3777 -3396.3608 -3564.0627 -4023.9429 -4561.3926 -5039.5557 -5510.7529 -6013.0664 -6444.9419 -6647.0293 -6651.0737 -6682.0762 -6721.4678 -6555.1943 -6135.9546 -5562.8135 -5044.6304 -4667.0488 -4293.8745 -3899.6553 -3608.1841 -3478.1184 -3413.3481 -3296.3506 -3164.0266 -3086.7798 -3071.3923 -3076.9834 -3085.5571 -3052.0022 -3041.52 -3080.6504 -3112.2083 -3180.2605 -3349.7883 -3602.6287 -3733.7822 -3726.5964 -3752.3879 -3832.4893 -3964.6038 -4080.3279 -4140.0405 -4183.918 -4221.4653 -4261.3081 -4301.6724 -4328.2173 -4382.8633 -4475.6323
-3516.1348 -3730.3479 -3809.7507 -3750.4124 -3779.3843 -3909.4868 -3980.3694 -3937.1956 -3905.1858 -4079.3918 -4379.2168 -4769.6025 -5251.7256 -6018.3013 -6690.9102 -7018.6021 -7021.0444 -6920.6807 -6917.6816 -6883.4082 -6649.8086 -6230.0913 -5661.7803 -5124.9565 -4727.5063 -4342.2637 -3937.3687 -3651.9089 -3528.6245 -3434.8904 -3305.0615 -3195.0298 -3121.5771 -3076.6658 -3055.5237 -3027.2917 -2957.532 -2914.5493 -2935.4707 -2972.877 -3003.656 -3118.29 -3337.0012 -3508.4741 -3602.9868 -3692.8372 -3733.4353 -3785.0486 -3851.157 -3924.4658 -4003.6255 -4062.2813 -4093.2686 -4110.5479 -4120.1636 -4171.6934 -4293.625
-3595.9209 -3733.7268 -3845.7505 -3929.4817 -4098.9331 -4318.7725 -4330.8062 -4166.8672 -4270.0649 -4650.0034 -4966.5156 -5272.6587 -5793.5278 -6568.8091 -7104.7017 -7357.1416 -7273.7368 -7157.709 -7055.1431 -6885.7939 -6656.1763 -6260.5068 -5730.2559 -5272.2144 -4910.6763 -4511.1362 -4068.106 -3709.8896 -3517.5933 -3424.0554 -3339.4167 -3262.6716 -3176.4644 -3082.1653 -3033.0994 -2989.0339 -2940.1978 -2895.3694 -2861.4299 -2839.7275 -2862.634 -2940.0342 -3050.6545 -3213.1716 -3419.468 -3570.5266 -3613.3081 -3640.8066 -3681.1262 -3755.905 -3858.6155 -3927.7246 -3945.7466 -3953.478 -3981.605 -4041.1589 -4144.1636
-3875.1824 -3849.7305 -3869.5286 -4003.7756 -4330.5166 -4612.3887 -4594.3516 -4432.4204 -4599.7358 -5098.1387 -5479.6777 -5843.5337 -6367.9365 -6836.9731 -7222.3906 -7515.1147 -7430.7979 -7309.5732 -7097.894 -6780.4849 -6525.7339 -6226.1987 -5855.3042 -5511.9424 -5159.3853 -4719.0562 -4223.8848 -3798.324 -3532.9766 -3412.4209 -3343.959 -3291.1553 -3234.1704 -3166.9512 -3130.9792 -3093.9824 -3055.0813 -3001.0154 -2954.1218 -2905.5188 -2940.0112 -3004.7271 -3027.5642 -3094.627 -3259.136 -3415.605 -3494.3396 -3535.9868 -3572.6367 -3649.752 -3777.0063 -3882.1912 -3911.7764 -3916.9778 -3946.8179 -3972.6543 -4027.655
