Resources/Map/Lvl0_30x30/Ele_AD.asc
ncols         335
nrows         335
xllcorner     -9995000
yllcorner     6675000
cellsize      10000
nodata_value  -99999.0
[rows 216 to 242 of 335, columns 240 to 299 of 335]
-81.6685 -150.4976 -227.7651 -272.3843 -259.5196 -216.6046 -183.9547 -181.1813 -182.8268 -181.8935 -191.3197 -205.4139 -203.7543 -225.944 -257.1603 -349.6864 -495.6009 -659.9561 -817.0994 -930.2672 -1037.5721 -1144.0757 -1227.5125 -1298.597 -1354.0121 -1410.5476 -1458.3436 -1487.7583 -1531.2773 -1591.3489 -1633.0742 -1667.996 -1721.0503 -1797.3781 -1871.6863 -1914.2417 -1944.6716 -1985.8497 -2031.7495 -2065.5601 -2086.4124 -2102.7393 -2113.7622 -2120.7639 -2126.0757 -2130.6982 -2137.3909 -2131.2109 -2120.1387 -2117.0688 -2114.7124 -2112.2039 -2110.7412 -2110.7649 -2111.4304 -2117.2405 -2117.7649 -2111.5005 -2105.4204 -2098.1355
-135.5635 -201.0743 -259.9547 -255.0569 -197.0658 -135.1823 -112.3966 -116.3451 -125.3363 -132.8369 -134.2752 -129.8112 -117.7553 -124.7246 -141.2032 -164.4119 -215.3757 -319.6714 -490.5098 -654.5994 -801.6756 -942.4612 -1031.5292 -1089.2672 -1139.7407 -1193.8527 -1248.1573 -1280.3021 -1321.3259 -1383.2726 -1451.235 -1524.8519 -1595.4667 -1667.2758 -1739.6727 -1800.9335 -1858.1377 -1919.4761 -1975.1322 -2019.244 -2054.283 -2079.6025 -2094.7456 -2101.5139 -2104.249 -2104.3752 -2104.8499 -2104.6023 -2106.1724 -2110.1384 -2108.1243 -2104.1592 -2104.4448 -2107.3352 -2109.4395 -2109.762 -2101.6819 -2092.002 -2083.2869 -2073.9197
-206.3283 -220.9831 -232.8018 -194.2732 -131.1022 -94.7151 -88.4742 -92.7532 -97.2442 -99.1396 -99.2864 -98.7371 -103.5507 -112.6189 -121.4221 -131.7444 -140.606 -158.5031 -194.9115 -268.6439 -405.2956 -576.0094 -685.7316 -799.6966 -894.1508 -960.9717 -1016.5634 -1066.4911 -1120.5739 -1191.8136 -1282.9951 -1372.0128 -1441.6862 -1504.7667 -1578.4432 -1672.1636 -1774.0441 -1871.7853 -1940.4974 -1983.9158 -2018.9523 -2046.4066 -2066.3323 -2080.5527 -2089.1665 -2092.5286 -2093.4434 -2094.3687 -2096.2231 -2101.0627 -2102.543 -2098.8052 -2097.1233 -2096.7598 -2095.2561 -2090.5356 -2082.9478 -2075.063 -2067.5544 -2058.613
-124.5114 -88.9773 -74.2141 -58.2127 -50.7613 -56.2769 -65.9453 -76.9609 -85.0626 -85.8419 -82.0449 -80.9882 -90.0289 -103.9446 -111.5419 -117.5105 -124.7547 -132.0516 -135.5991 -138.3571 -152.6256 -201.0533 -293.9141 -446.0573 -592.4272 -719.1702 -824.9477 -909.4269 -973.1215 -1033.5114 -1108.9843 -1199.8394 -1294.9171 -1389.4756 -1493.4529 -1622.9108 -1753.061 -1863.0673 -1932.3864 -1964.0463 -1983.1184 -2002.8158 -2029.4957 -2055.6658 -2072.4504 -2079.95 -2082.7634 -2083.7593 -2085.0698 -2089.6816 -2094.8562 -2094.1501 -2088.0466 -2084.3784 -2081.2925 -2077.2395 -2071.4236 -2064.8381 -2057.2151 -2048.6421
66.8475 101.6473 83.9246 63.5823 96.5778 -10.0489 -26.655 -38.9211 -46.7116 -49.4723 -52.6235 -62.794 -78.4076 -92.7708 -102.6292 -109.0069 -114.9933 -119.3793 -122.4414 -124.5628 -127.8533 -134.421 -150.3063 -198.0462 -294.0135 -427.1999 -583.1765 -715.3314 -817.8435 -905.5411 -982.458 -1065.2588 -1160.0074 -1286.1956 -1433.7113 -1560.0269 -1659.302 -1739.6549 -1800.163 -1857.3136 -1915.8031 -1962.0928 -2000.2472 -2034.3796 -2057.6204 -2067.6125 -2069.9924 -2069.96 -2070.6877 -2073.4099 -2080.1238 -2086.4478 -2081.6299 -2073.8667 -2067.7908 -2062.3931 -2058.2283 -2053.3901 -2046.7937 -2037.4692
60.7863 84.7848 82.2764 63.7757 46.2032 36.1371 14.2981 8.0062 -12.1977 -21.6636 -34.1918 -49.5562 -66.9174 -83.3815 -95.5442 -102.2179 -104.6766 -106.5218 -114.8199 -121.7506 -127.0593 -131.3498 -138.2318 -144.0151 -163.7812 -251.1344 -413.8128 -564.8666 -679.3263 -797.683 -907.9767 -993.3435 -1061.7823 -1139.397 -1244.8285 -1354.2211 -1436.9084 -1517.9744 -1614.3834 -1721.5995 -1824.9574 -1912.0319 -1970.2 -2011.4281 -2040.2566 -2054.5059 -2056.6702 -2055.5176 -2057.4805 -2060.2019 -2061.7615 -2065.2178 -2068.0405 -2065.1287 -2056.6174 -2049.7507 -2044.9104 -2038.7128 -2031.1436 -2022.2405
139.4809 87.1469 112.2279 153.8572 107.3385 75.0434 35.6913 8.4654 7.3479 -4.2097 -14.8385 -30.4371 -50.972 -71.5586 -86.6437 -92.473 -93.8557 -98.2782 -109.0772 -119.7529 -127.7847 -138.0506 -144.9797 -142.1809 -142.654 -189.1702 -303.2206 -454.6617 -589.9434 -693.3879 -771.2616 -844.4987 -933.6028 -1007.4556 -1094.7389 -1210.5619 -1317.764 -1424.5168 -1545.2268 -1683.0723 -1802.0569 -1886.7869 -1947.5652 -1988.0975 -2013.6724 -2030.1614 -2035.9865 -2036.1987 -2038.3556 -2041.1344 -2043.5981 -2046.9082 -2051.7375 -2057.8848 -2061.8538 -2058.0393 -2041.3969 -2027.653 -2018.78 -2010.5768
245.0001 244.8957 243.3928 154.3919 125.2547 76.531 46.7731 27.1439 15.6794 9.3565 7 -12.9839 -37.8024 -62.5755 -87.8806 -100.0617 -95.5403 -99.1617 -109.3849 -117.3987 -125.5701 -142.7242 -156.2494 -161.2701 -162.6669 -178.6589 -228.8608 -315.811 -401.0138 -463.8175 -527.5118 -616.2675 -729.5658 -836.4651 -949.3198 -1075.8085 -1229.1488 -1403.1649 -1561.4489 -1706.3347 -1816.8284 -1891.3112 -1940.1504 -1969.457 -1986.7863 -2000.1335 -2008.9011 -2012.7021 -2016.8734 -2022.3293 -2026.0974 -2028.3951 -2036.0576 -2050.5676 -2064.917 -2063.7227 -2040.8987 -2024.6179 -2016.7418 -2008.8521
228.0927 184.4711 145.1967 159.8577 146.4847 103.2094 84.2926 78.8285 34.168 20.8307 20.6209 -1.1149 -34.9673 -66.3392 -107.4696 -133.872 -115.9152 -117.066 -119.2425 -122.3735 -126.9546 -136.0591 -148.74 -159.8671 -163.5142 -166.0722 -173.9734 -187.1027 -208.7128 -244.6324 -313.5206 -428.704 -559.2654 -675.476 -792.7672 -932.6312 -1110.038 -1316.1191 -1511.2289 -1663.238 -1770.6047 -1853.9475 -1912.5869 -1944.1617 -1961.8843 -1974.6064 -1983.941 -1989.942 -1995.428 -2002.8245 -2006.3748 -2007.2709 -2010.4503 -2018.806 -2029.6896 -2032.0432 -2023.6597 -2016.7991 -2011.8342 -2005.8883
187.4327 138.5157 157.412 144.6507 99.0034 118.658 122.2361 103.7119 97.7937 65.5192 52.5493 29.8575 -34.8303 -85.7831 -126.6935 -160.7853 -154.8252 -153.8305 -146.0659 -138.5632 -136.2431 -133.8741 -134.6962 -140.8656 -146.0956 -151.0873 -159.7024 -166.436 -173.5489 -192.4521 -243.3102 -341.702 -463.9258 -568.2134 -676.1133 -836.0955 -1047.9462 -1271.7325 -1474.2477 -1631.4796 -1740.7961 -1822.1891 -1881.62 -1917.2738 -1937.2 -1949.4652 -1958.6958 -1965.4934 -1971.6538 -1979.0043 -1983.1992 -1987.0984 -1989.5848 -1994.0778 -2000.9493 -2004.4243 -2003.6104 -2002.8527 -2001.3406 -1996.776
90.8989 65.7225 76.2066 302 -3.6594 -54.0805 -81.2832 -68.0275 -61.019 -64.8709 -73.7334 -64.7605 -76.1419 -111.7097 -128.2932 -144.0773 -155.0397 -157.1916 -151.7152 -149.2314 -151.6044 -152.8988 -147.9791 -142.3935 -139.5879 -148.5057 -168.7257 -180.5426 -180.431 -187.6935 -225.2573 -309.2184 -432.322 -572.9696 -738.8957 -943.7379 -1176.2784 -1388.1447 -1547.8151 -1660.1936 -1736.7417 -1793.8453 -1839.9076 -1874.5558 -1898.437 -1913.1042 -1923.3292 -1931.172 -1940.5198 -1950.4908 -1959.228 -1966.3596 -1972.791 -1977.4788 -1983.2924 -1989.3127 -1990.525 -1990.7278 -1993.8818 -1994.2515
342.1879 359.1983 383.363 298.9784 5.4217 -46.9167 -72.7162 -56.6803 -60.387 -95.6337 -140.7286 -150.2677 -145.7229 -147.5627 -154.2688 -163.1744 -163.0366 -158.6185 -159.3644 -167.22 -172.1409 -176.1824 -174.2776 -172.1974 -170.8366 -172.8431 -185.6376 -197.0311 -197.8532 -198.8465 -236.4142 -340.0223 -500.6418 -711.598 -953.5553 -1179.6807 -1351.4249 -1462.4474 -1541.3331 -1607.5873 -1661.7938 -1708.6063 -1758.0673 -1800.5343 -1829.9949 -1854.4648 -1873.8002 -1889.8099 -1905.5123 -1919.1504 -1931.4449 -1943.1086 -1953.8422 -1961.1523 -1965.8 -1971.4725 -1978.4576 -1982.2246 -1985.8925 -1993.3948
224.8983 272.2562 528.1923 13 -4.2559 59.2801 232.6203 9.7671 50.1358 -6.2432 7 -93.9781 -121.4407 -138.0825 -161.1477 -185.5045 -190.5605 -175.9068 -164.9241 -167.177 -170.0585 -174.0049 -178.3268 -185.5529 -190.5156 -186.7539 -186.0993 -191.6973 -200.6639 -219.7448 -278.1716 -407.8996 -611.7514 -846.6875 -1053.7614 -1205.7532 -1287.2771 -1320.3658 -1360.7738 -1424.6901 -1493.9888 -1558.2136 -1623.3105 -1681.3579 -1726.1626 -1770.7928 -1807.9468 -1836.5115 -1860.1716 -1878.4094 -1895.302 -1911.6812 -1926.1583 -1938.5317 -1948.3252 -1954.5459 -1964.7046 -1975.866 -1985.6473 -1997.28
654.1761 497.7176 410.3261 289.2993 171.9721 460.7949 496.1485 165.0962 456.4088 172.7855 137.532 89.4039 11.6987 -28.3631 -64.5394 -103.6613 -125.3558 -123.2241 -120.7396 -128.8398 -136.945 -143.7827 -149.3828 -154.1249 -155.7966 -155.8778 -157.8013 -161.1846 -167.7231 -198.3135 -278.076 -410.172 -589.6371 -767.0016 -893.9594 -963.7265 -983.8182 -999.199 -1055.7289 -1147.6857 -1245.8712 -1338.1582 -1425.2943 -1505.6854 -1580.4891 -1654.3853 -1716.1389 -1762.0162 -1797.5178 -1823.6709 -1846.5345 -1868.2047 -1888.3832 -1909.4052 -1926.1036 -1935.579 -1946.2946 -1959.0876 -1972.8948 -1986.2499
186.8369 556.8181 741.896 471.4315 319.9963 239.0843 221.4037 185.3541 186.051 190.9585 196.1934 225.5419 215.4663 153.7819 116.5205 31.0195 -20.7344 -43.1159 -63.6095 -85.4936 -98.3782 -105.2383 -109.6804 -114.2614 -120.4202 -127.2693 -134.1682 -139.8785 -142.1208 -154.0098 -207.9915 -299.7503 -397.6161 -500.1811 -595.8087 -644.5752 -660.7862 -685.3004 -735.3534 -811.7504 -912.9712 -1036.214 -1166.127 -1288.8856 -1390.4633 -1488.6514 -1583.0161 -1659.6455 -1716.746 -1755.8701 -1784.3573 -1809.6895 -1837.7909 -1870.0636 -1897.4569 -1912.4888 -1920.1047 -1932.4968 -1948.4689 -1954.4438
515.9067 99.0286 57.4425 98.8564 188.8604 147.131 164.9594 152.8632 159.4286 118.6228 95.0816 99.4691 106.5225 96.332 115.1592 70.6824 53.7908 -5.5595 -36.0387 -55.3327 -65.7571 -70.1016 -74.624 -81.6733 -93.0279 -108.5656 -128.4887 -147.1155 -163.6655 -189.6929 -231.4181 -282.0529 -334.5215 -399.8546 -470.8912 -517.8206 -552.0298 -569.4512 -577.3828 -604.3656 -661.9321 -762.7155 -905.3663 -1039.8143 -1170.8591 -1307.5648 -1442.6318 -1550.3235 -1629.1604 -1685.7324 -1726.6471 -1758.3185 -1789.2823 -1827.0939 -1864.3108 -1891.6106 -1904.292 -1913.7191 -1923.1025 -1923.7156
149.8083 39.4731 -7.365 -0.4729 24.5477 31.6021 57.5432 35.0724 4.7162 -71.0979 -78.7446 38 -54.0961 -31.9638 26.6053 35.5494 25.1184 -52.3617 -64.8229 -59.4787 -50.8523 -45.2382 -48.1674 -52.9531 -64.9438 -88.4857 -130.0306 -186.1441 -252.8358 -337.8737 -449.2949 -511.7531 -508.8455 -525.3152 -541.8079 -568.4765 -598.8876 -572.2668 -532.2788 -516.8652 -521.4828 -576.4186 -704.6916 -847.9366 -1005.7278 -1162.6591 -1312.2196 -1434.3041 -1527.8588 -1606.0393 -1666.3464 -1709.0752 -1745.1471 -1783.1837 -1821.8339 -1859.1646 -1884.1282 -1895.8105 -1900.5571 -1903.4257
392.957 479.8648 362.7902 119.2266 23.0633 -23.8287 -39.1599 -29.5677 -52.6334 -123.3671 -225.6666 -262.5603 -238.301 -176.9449 -145.2762 -152.6246 -183.9822 -210.6357 -219.6084 -200.3556 -140.0157 -72.8919 -41.3382 -39.43 -65.5475 -142.9806 -258.7551 -357.3902 -429.275 -492.6043 -582.0985 -628.5294 -593.1131 -587.8174 -567.9237 -540.8168 -530.5212 -487.6655 -438.0364 -396.4623 -369.4016 -400.351 -530.6223 -721.28 -907.9488 -1065.1526 -1206.4711 -1321.7733 -1415.9252 -1501.3754 -1574.7659 -1641.3347 -1697.6278 -1745.8734 -1789.4661 -1828.8522 -1855.4785 -1870.0094 -1878.5173 -1885.3827
5 372.0669 18.9675 84.1692 18.2378 -27.4841 -67.0399 -96.5012 -161.148 -280.584 -381.8013 -410.357 -394.2419 -363.9628 -361.0237 -358.1714 -366.8346 -384.3039 -411.9416 -444.7428 -418.8275 -328.6529 -253.6779 -229.5959 -268.4293 -388.4361 -518.1971 -581.8364 -582.4988 -572.4255 -585.3916 -584.1639 -552.8063 -531.2567 -489.4336 -429.891 -386.8128 -350.9325 -316.6985 -278.9232 -248.6752 -262.1486 -392.5585 -614.1793 -838.4855 -1021.2028 -1164.8292 -1279.4972 -1379.6565 -1470.8153 -1554.478 -1628.3834 -1685.9021 -1734.9072 -1775.3799 -1805.6389 -1825.7882 -1840.7649 -1856.5192 -1867.9977
490.8884 195.1319 1 18.8264 4.9905 152.3966 -18.1203 -56.9269 -127.3249 -237.9581 -326.4009 -385.5902 -443.54 -470.369 -481.9401 -470.6832 -477.1404 -497.438 -523.371 -601.2214 -658.6922 -644.0643 -614.7104 -595.2133 -593.5145 -626.9856 -656.4821 -652.0246 -617.7345 -579.067 -545.4365 -511.1002 -470.8633 -416.2915 -362.0705 -320.9957 -284.8371 -250.361 -220.071 -192.2661 -177.8687 -211.8002 -368.96 -624.6314 -876.8724 -1075.1078 -1204.553 -1301.2557 -1402.2161 -1499.9098 -1580.2505 -1641.7067 -1692.1001 -1734.9796 -1769.8726 -1794.1067 -1806.3297 -1815.8621 -1829.906 -1841.7755
133.553 180.9427 199.99 23.9378 -17.6365 -42.9082 188.0877 227 -38.7134 -83.6542 -168.7578 -285.8174 -397.5888 -421.4581 -410.9139 -426.9866 -469.4918 -527.8578 -572.531 -615.8535 -656.298 -710.8254 -764.2137 -756.9225 -725.2932 -688.2325 -660.0032 -634.9672 -601.4068 -549.4919 -470.6151 -402.5728 -349.8477 -289.5591 -243.7764 -223.601 -208.6379 -188.8027 -175.1285 -182.4822 -210.8628 -300.967 -510.7553 -788.0491 -1034.9585 -1213.7003 -1310.6725 -1370.8102 -1440.9945 -1526.519 -1592.4803 -1649.4341 -1703.5065 -1740.3567 -1766.4464 -1785.4097 -1797.3888 -1804.8757 -1811.881 -1816.3473
54.7431 -4.0038 -16.9779 57.5133 110.1425 2.8954 -112.2134 -133.8411 -110.3925 -90.902 -143.6796 -203.2812 -241.2827 -265.3494 -328.154 -390.2068 -432.9431 -475.6996 -496.185 -518.9634 -562.4553 -676.0289 -745.1095 -741.7775 -710.2181 -653.7084 -605.5115 -552.4967 -470.1925 -379.5725 -305.2991 -249.6647 -200.8614 -166.6942 -149.568 -144.602 -152.1892 -165.9727 -176.2433 -234.009 -401.3079 -580.449 -780.4178 -998.7326 -1166.769 -1273.8853 -1340.9775 -1406.3223 -1480.2255 -1539.4109 -1572.8799 -1610.6718 -1665.8013 -1703.6387 -1721.9362 -1734.234 -1750.3123 -1768.9314 -1782.8153 -1789.5485
35.7521 -25.9349 23.0837 152.6525 -55.8956 -98.1954 -151.9779 -197.9734 -185.9409 19.5123 -158.9529 -191.6884 -167.2899 -154.4028 -188.3756 -237.4069 -283.432 -302.0289 -296.0708 -336.2373 -444.0352 -590.1262 -652.8267 -662.2823 -653.4274 -599.8301 -505.1587 -392.3651 -263.3894 -156.6751 -119.9471 -107.8323 -98.2801 -97.9687 -104.4631 -126.3079 -185.8272 -281.7763 -320.6084 -345.8937 -497.1122 -727.8818 -941.8327 -1084.6548 -1188.7699 -1264.5989 -1324.6696 -1386.6613 -1448.6096 -1499.7227 -1538.4561 -1572.4447 -1609.6323 -1642.7316 -1670.0277 -1686.4473 -1697.3741 -1712.126 -1726.2452 -1742.0995
74.6818 120.2034 161.1512 62.7285 150.272 135.8628 263.8031 226.605 -50.919 -41.7489 78.4388 -66.1077 2.5929 -42.241 -39.9415 -52.1782 -82.434 -121.9449 -183.765 -259.5929 -325.1007 -355.617 -389.9386 -492.5394 -569.566 -543.1622 -391.6414 -211.8688 -99.0073 -49.6193 -44.383 -56.1381 -71.2583 -88.3358 -104.5723 -130.7686 -183.8911 -264.1193 -309.5196 -376.7033 -502.1591 -615.2432 -816.8714 -995.2469 -1115.3447 -1200.2054 -1259.2115 -1312.1558 -1359.114 -1404.3031 -1451.865 -1500.7437 -1547.8472 -1591.5323 -1624.5817 -1646.3604 -1662.1136 -1677.8203 -1692.5361 -1711.1925
862.5994 482.0672 960.9813 237.9526 612.3498 895.0152 322.0434 158.1532 297.9765 216.7052 192.7405 6.7684 77.379 88.0709 152.0338 250.961 122.6672 -47.2816 -131.1503 -176.8645 -178.9168 -203.2989 -236.2112 -341.0737 -481.9911 -494.6455 -314.1854 -112.6777 -34.8646 -23.7696 -26.2229 -42.2761 -68.6299 -108.4958 -159.2726 -211.8778 -265.7554 -308.4193 -302.6667 -265.6857 -326.6485 -449.6311 -622.4599 -814.8378 -959.9962 -1070.298 -1158.2262 -1222.0662 -1266.0529 -1306.014 -1351.7706 -1405.7207 -1457.6525 -1500.2631 -1537.1284 -1570.5444 -1606.6616 -1640.7654 -1665.8607 -1686.1589
616.9061 583.5786 456.2389 453.7693 615.1335 270.9785 362.8065 164.2193 182.3865 54.6331 122.6931 119.2685 87.9068 95.3572 110.7672 286.8105 14.9276 -12.6237 -55.0634 -81.2191 -86.9094 -106.3511 -143.641 -243.2916 -394.2786 -410.4693 -240.5603 -102.5156 -69.4956 -65.2457 -61.8462 -70.0093 -111.2987 -190.938 -270.5724 -321.554 -351.6944 -360.651 -334.1656 -269.3159 -247.9583 -325.3349 -434.9998 -584.0136 -773.12 -925.3988 -1033.9993 -1119.7585 -1174.5586 -1213.6674 -1259.0963 -1323.7596 -1397.9417 -1443.4608 -1477.0652 -1513.729 -1550.7911 -1579.9491 -1597.6263 -1619.295
521.8286 138.8901 565.0629 540.7822 121.4805 467.1102 249.9265 311.1128 646.6615 824.4182 522.1224 291.7607 764.7614 536.4653 204.8853 135.4622 100 -2.8452 -7.8 -0.8987 10.1004 9.25 -34.3029 -100.0889 -196.0145 -257.3292 -209.1456 -157.3332 -169.4716 -189.4293 -200.2301 -220.3194 -270.5925 -306.1322 -294.5083 -272.9228 -258.4254 -235.3786 -207.413 -189.0645 -193.4462 -221.6516 -256.4422 -346.4514 -541.515 -745.27 -884.1558 -994.6399 -1070.8599 -1126.6222 -1178.016 -1241.8772 -1313.9346 -1363.1372 -1393.376 -1416.4857 -1444.0375 -1473.8076 -1501.317 -1531.1672
