Resources/Map/Lvl0_30x30/Ele_AJ.asc
ncols         335
nrows         335
xllcorner     10105000
yllcorner     6675000
cellsize      10000
nodata_value  -99999.0
[rows 290 to 318 of 335, columns 195 to 259 of 335]
407.6092 382.4704 442.9466 428.7238 456.5821 401.858 369.3729 337.4006 300.5133 315.3544 346.0086 312.0157 266.6471 284.6236 319.3846 395.5169 363.7303 317.8553 350.5451 387.8543 391.0853 383.2065 403.7406 429.6953 422.797 389.5783 383.1576 372.92 349.8342 328.3825 392.5382 412.732 472.4396 436.0822 399.8573 405.1124 431.5344 390.9934 326.2143 309.4553 394.967 410.2126 433.2133 424.2813 449.5205 432.1377 442.9538 458.1551 383.6739 372.2017 349.6382 363.8384 331.3612 343.3899 380.5481 364.9649 345.4753 344.8961 404.683 479.8708 460.9209 409.2796 378.9936 337.5892 332.7027
513.1168 510.577 470.3164 510.0648 484.9 460.6544 371.4402 343.5995 345.5524 367.9005 357.6316 361.47 372.1641 295.5168 305.2936 280.0924 281.7615 327.3414 381.8508 397.1123 413.3563 418.6925 378.0446 398.0008 431.312 389.6868 409.0551 384.2472 330.7258 341.5791 353.0106 383.4803 408.8407 400.8501 414.4123 389.3151 348.0055 334.0062 370.2107 333.3203 376.4572 368.0625 359.9389 382.6122 417.2209 443.5193 439.937 471.0681 386.3443 380.6337 340.2298 346.7689 344.1509 342.8378 359.4884 378.9861 453.1991 410.9285 472.2841 423.1395 463.8051 369.2405 358.2624 376.6789 404.03
421.304 486.4488 433.2359 436.0769 489.8326 459.3153 374.7636 307.3254 338.0327 297.4266 278.5454 262.8911 280.6693 251.4454 320.9023 292.0275 329.6035 374.9073 290.6351 330.287 314.764 432.1831 347.258 395.4248 364.4609 416.2425 357.1102 338.7658 394.0626 316.3928 299.9234 333.953 344.0464 360.1028 384.1978 387.7834 366.0123 357.225 324.6119 299.9754 303.6108 395.6848 398.8183 348.114 340.0742 367.0153 318.9324 336.1656 365.5457 314.3104 321.7459 306.7878 304.1687 319.3072 332.9019 332.6219 352.5028 435.2329 365.7805 361.3078 344.9329 336.6653 327.059 437.5119 352.6991
364.2643 355.7569 341.7802 342.5407 366.1234 387.7709 412.3542 323.4724 316.8055 317.4811 291.5231 261.8828 309.8529 337.4796 374.709 373.2517 362.6081 293.437 290.0357 284.6928 300.2286 341.6272 340.0656 343.8982 387.2489 334.0291 340.7517 332.0449 325.4225 366.7559 310.1766 286.8257 321.8254 321.3106 339.5065 375.1232 361.5644 325.5351 333.878 337.3857 317.9052 389.2158 404.7153 435.6695 386.9952 329.0097 298.8282 333.0708 302.2732 333.6073 343.0989 328.1219 355.9653 353.741 336.3567 351.5439 358.6238 369.1628 375.4238 424.0206 401.2557 437.1917 340.1509 336.2315 310.8194
364.4112 344.7147 327.6179 337.573 315.165 314.0026 309.0886 305.5721 322.1281 341.1269 324.3322 301.2942 305.0065 387.5082 407.2593 414.9206 352.4637 309.6248 298.7549 259.1957 267.538 332.5486 328.3134 393.9947 366.7801 388.284 381.1076 348.7949 293.0746 272.1125 301.524 292.8922 279.2916 289.9234 286.6324 302.6242 345.4787 352.7263 342.254 390.8833 398.007 349.0017 286.9784 324.7242 327.4899 316.5522 347.9529 347.4982 348.9859 339.22 330.941 368.1739 391.9305 449.6678 439.89 389.4065 382.9262 365.9532 366.689 444.3235 389.697 318.5598 286.0778 292.0874 294.899
360.548 332.6735 361.1609 316.3871 346.0739 305.7784 372.4191 363.5834 342.4007 306.3542 363.0165 366.7344 329.2999 361.6122 344.6762 378.7065 307.6019 297.9717 304.0335 255.6781 261.2972 304.0482 326.323 268.9799 299.8326 347.1397 342.4502 344.9365 396.0482 391.2682 341.2536 286.8383 279.7935 267.679 298.5158 270.6303 305.3626 296.3775 302.908 285.9385 293.935 327.1258 286.2694 287.4705 327.9615 303.9186 322.8748 332.6542 343.8649 336.7271 333.8224 336.9352 357.4009 342.0815 329.5982 386.6322 371.7734 366.2175 340.2521 352.0551 372.8001 311.963 276.7588 322.2609 370.5144
348.4522 377.7334 334.9293 342.5877 335.8947 327.2555 285.7241 277.5638 306.4121 379.6869 294.9453 282.999 275.0061 298.4634 234.6604 258.9154 266.1606 254.9211 261.7772 318.2733 358.5215 296.1114 269.7203 257.816 248.8127 257.8535 340.6126 350.269 361.7531 339.5778 336.1938 243.0941 285.7448 275.0303 273.0939 275.7444 262.149 268.0893 277.9374 266.2101 274.3919 312.9288 257.4505 277.3015 285.1456 319.3941 313.3216 296.7418 271.0569 272.7038 319.262 331.298 354.1722 326.7312 336.0738 311.1463 297.4034 343.7274 286.6144 279.5166 276.6691 280.4673 278.8063 293.3238 290.3699
399.3339 376.5611 377.4917 363.9283 313.8651 288.875 287.7864 284.2299 289.9399 275.3327 322.804 324.0962 264.7994 304.4065 373.7122 352.7635 320.2071 311.3442 362.1866 357.2542 358.1938 354.9442 324.0888 289.1249 280.4642 345.7057 296.9277 283.757 347.8756 287.7075 302.0469 236.6797 274.0129 284.2678 277.0967 270.3932 261.0494 263.4656 309.4182 353.8187 344.6777 360.7578 291.4125 354.703 389.9512 336.9139 363.4347 320.7234 341.5977 383.474 390.992 395.0897 347.3137 333.8281 369.7178 295.2567 248.6573 254.6925 263.6406 280.1183 263.7783 305.1021 312.8384 284.5225 297.4642
316.8427 371.5324 337.7275 351.4619 400.1336 379.5607 379.1517 344.8272 338.2516 334.0552 344.1518 345.1705 292.9747 284.8996 353.3051 322.0188 289.623 282.584 263.9798 281.4923 282.8214 298.4046 285.8828 237.0065 253.5134 277.6109 298.3413 284.4181 272.6111 288.4473 241.3452 241.189 252.8518 265.7425 286.5313 257.1236 239.9679 250.5129 323.7374 339.5885 316.6352 368.7228 312.3225 344.3074 310.9562 326.6821 349.9077 329.1274 372.9342 355.2365 326.9463 378.3644 359.573 360.9097 324.4934 262.8035 273.05 275.1614 274.3244 206.3118 199.5543 244.815 256.6422 309.4409 311.9746
320.7247 361.4592 311.687 363.2831 351.0839 362.4794 414.9463 364.979 319.5329 355.3949 345.3627 312.5826 270.3689 316.3417 348.2919 365.938 385.7967 375.1581 303.9232 300.6243 281.3902 317.6076 256.718 235.9867 286.8365 308.2308 237.0882 243.5815 237.8134 286.6242 254.1217 236.6336 240.2605 259.2407 290.2879 261.9169 249.2364 365.3838 383.0457 336.5299 334.4419 368.9759 319.3407 286.8071 323.102 333.0589 311.3206 311.2516 294.9141 319.0208 271.5438 248.3092 327.5303 340.1366 294.7524 294.0988 310.0822 314.4984 221.3572 323.6045 346.4192 285.4992 266.5663 337.0596 258.9466
245.5234 307.0903 387.2216 411.6293 393.145 351.1324 345.2465 314.974 352.0225 324.2489 338.247 330.4704 288.0997 268.9082 308.1681 307.9757 310.3957 377.7139 363.0571 363.3275 336.7522 336.0636 350.4847 317.9034 241.0538 234 252.6194 299.0346 277.8065 312.9776 253.1554 249.2868 267.8593 306.0339 315.3549 307.6968 310.5713 270.2156 264.474 263.6603 284.8338 276.4125 307.0037 237.8435 301.6845 285.3621 282.7976 271.6931 230.9561 265.1218 230.09 235.7278 219.2432 259.83 285.8557 248.0527 250.6478 275.3955 235.7143 262.3361 211.4482 175.0092 242.548 278.8059 286.2655
217.528 272.1358 217.2374 299.5818 381.9271 357.7112 357.2961 352.1869 329.9684 329.047 306.7635 274.294 285.7642 293.8187 359.3472 356.0974 372.4263 372.735 347.6649 326.1714 342.9953 347.9484 310.5789 282.8877 291.5693 328.585 347.9768 234.4936 252.6104 239.8368 234 344.8472 344.9944 349.7402 309.2951 281.882 256.0202 240.3324 234 248.4197 305.1245 317.6248 269.1172 234.7282 235.1306 287.821 307.0518 265.4382 210.1333 286.082 292.8471 259.3138 276.8903 237.0307 193.735 253.6915 195.2309 294.3824 265.6958 257.1387 285.1001 321.4701 274.3035 319.1779 330.6935
278.5385 288.9322 251.5384 273.2657 241.8208 391.4586 368.9528 362.0633 407.7949 322.696 361.7062 345.0819 336.0415 305.3045 328.8632 318.2187 310.3088 353.5186 339.7212 312.0995 330.2892 301.8774 303.6555 313.3519 310.3994 309.5778 316.1419 314.5938 300.3386 278.7587 236.4519 241.3155 267.8941 285.9478 239.6475 244.5409 236.0963 236.1375 235.2579 285.4106 278.767 288.0882 278.7718 234.1761 234.3317 309.924 319.0197 283.7589 264.8128 282.888 258.25 301.3303 324.326 247.1623 219.7828 206.5118 228.3584 207.2438 239.8034 253.03 313.5195 263.9024 233.9778 297.8417 353.7204
382.1286 470.1153 333.8487 483.4423 341.5051 344.4537 332.9891 409.979 315.6468 315.7145 293.831 306.5778 303.3072 302.6649 309.3293 295.7132 378.4557 370.1225 384.3078 333.9284 320.9773 325.0721 315.2863 299.067 300.0466 297.459 288.0338 292.1936 292.4613 278.3607 273.7188 259.4004 241.4528 234 239.2977 284.0069 252.9548 290.1262 330.63 320.6526 322.636 303.132 240.2732 234.0407 248.255 323.9688 285.9048 321.9805 323.8485 401.8657 305.8414 270.9162 281.491 310.1996 305.3586 291.7308 245.5521 250.5073 311.5889 311.2386 333.9718 267.7751 316.1365 269.2982 291.5023
246.5721 276.8463 262.8907 224.1867 315.3477 285.2441 346.7131 355.1796 305.1701 336.0748 346.5443 334.6634 333.1151 327.4453 346.2639 307.8394 325.9592 378.0725 368.2428 362.5878 350.5412 313.9919 306.7541 313.2304 302.4665 292.1802 301.4442 293.1593 258.8636 266.0514 290.9944 277.6771 234 234 239.3513 257.4527 259.0465 279.7917 329.845 324.1145 336.4183 338.4183 308.7517 309.5748 319.3679 319.3389 322.4041 318.586 270.0507 341.7257 360.23 366.1417 337.7685 344.1612 334.0174 323.5403 319.4683 326.0914 329.3642 331.2119 334.2071 344.2102 337.3107 266.7433 279.4287
230.007 228.9414 257.6622 255.9395 259.0001 302.2713 341.1537 349.6608 326.3165 338.5261 357.5264 355.0463 323.0253 325.6337 328.5786 352.5906 335.5792 336.7816 326.5772 313.2154 340.4421 366.8751 341.0083 281.5241 303.5704 315.3849 312.1043 281.0165 264.4148 267.5443 244.993 281.5083 235.5825 234 237.372 235.1017 269.7252 320.3181 347.0163 339.1078 338.3853 307.5236 306.2754 296.364 305.508 305.0024 320.978 310.1687 307.1584 322.0702 206.411 335.5545 324.1905 343.2758 345.3176 342.605 350.7646 350.8868 341.1608 346.2671 331.1338 361.1761 328.6153 340.9869 353.0737
286.4077 326.7125 296.3507 301.2425 353.4942 324.9757 300.107 305.1458 359.0076 349.4383 357.1221 340.106 338.2484 338.1723 336.6302 327.3267 338.0147 340.2185 376.3374 369.7105 401.7052 391.8091 362.6422 338.5726 331.5847 314.5723 292.7463 238.4452 251.7607 264.9187 247.9273 234 237.2781 236.1531 272.3551 317.5898 334.2229 332.4753 327.2102 331.436 317.1237 315.5363 313.5631 330.1875 320.7483 325.7483 311.2205 303.0737 293.3707 309.4959 233.2402 329.9206 357.5436 357.8898 380.1915 396.5211 372.9428 376.4002 340.9341 320.9325 313.0126 306.8366 300.9886 321.1165 340.851
248.2152 290.8027 306.3492 341.8364 356.3549 292.3005 305.4966 316.0921 332.8408 352.8645 357.5077 338.4321 353.2875 355.3111 356.2869 338.9073 340.527 360.4321 362.3342 364.5837 382.6195 368.7953 358.3684 341.4001 279.0144 260.5902 267.3876 257.8801 256.5779 302.644 330.237 301.7505 234 264.6155 283.4411 335.3615 327.3351 300.7906 334.3679 317.8994 309.8914 310.1084 301.0934 303.8688 300.5317 301.4945 312.4419 318.9966 295.6832 288.9114 295.283 310.0166 341.1606 387.4297 362.3077 358.9448 358.9202 343.6428 334.3653 342.451 371.8405 386.3248 354.9485 334.4791 327.2088
246.8754 255.4526 262.9897 287.455 375.5263 265.1385 336.5086 354.7728 323.5175 309.2452 380.531 365.4177 314.1716 344.5204 316.6616 322.4839 301.9982 318.3396 352.1026 349.9663 329.0072 327.7165 308.1563 313.107 317.2269 330.133 338.275 336.1415 336.0944 340.5483 333.5804 281.579 308.1982 234.8726 240.3079 315.9595 290.1018 296.3617 310.8139 322.9194 354.178 355.6364 358.5096 337.685 331.6191 348.4682 316.8353 313.1718 318.8489 318.9755 268.5788 283.6594 356.4164 398.0948 383.1314 392.3004 364.569 375.4105 343.4946 313.2326 342.4388 337.3042 308.6271 304.648 322.5543
246.2391 286.1819 291.2489 263.9741 307.4973 291.7416 300.7288 295.7831 293.2882 302.2399 281.7971 284.1141 272.8762 306.3758 278.0057 290.0115 331.3278 332.0188 330.9407 307.7373 314.2758 330.5872 337.0238 316.0022 326.5686 311.0902 333.4049 292.5297 295.4059 299.925 313.0364 304.9648 256.9189 251.5981 286.2996 307.1154 315.8089 330.3316 349.4297 359.0509 375.6719 369.4207 351.8964 350.2156 357.38 363.3459 373.272 357.2112 286.9244 369.2278 366.4105 375.7325 393.9146 361.5711 378.6846 354.3974 310.5714 326.3336 347.7836 365.6778 339.3148 324.6999 314.8936 304.8411 303.8839
300.5427 317.3741 287.5581 302.8206 313.7399 315.2097 296.2867 317.2982 326.4925 307.3246 273.5575 298.5076 282.5686 261.4354 300.993 319.4586 289.6217 296.017 341.8933 322.169 259.6629 289.802 272.1912 270.2277 340.3055 342.9655 317.7703 348.2338 342.244 334.1175 275.1657 261.6874 250.7609 349.1842 331.1376 294.7227 298.5179 361.5731 384.7659 386.4357 372.9382 372.675 385.0619 374.1834 384.6988 384.9388 299.2856 313.2975 349.1111 353.7094 388.5435 392.543 377.1671 349.8103 354.5205 299.9661 344.0942 355.6186 320.0255 319.834 352.9688 327.0693 311.2344 307.981 311.637
358.6769 327.3482 337.444 303.5905 319.3151 352.2673 358.5984 322.2112 303.5971 293.7224 323.0447 321.5387 284.1771 278.5277 273.8764 275.9585 312.7404 316.2898 245.0549 288.594 302.9305 336.902 282.896 281.8284 311.5775 245.4 278.8378 259.127 261.0095 245.3033 312.0797 300.5511 282.2941 261.7767 348.0395 361.1303 329.7 388.9919 377.127 392.3341 408.037 405.385 408.7036 397.6801 399.4479 432.855 390.0735 386.6719 362.6233 388.0775 376.2433 315.7907 367.3788 344.9883 354.6635 304.8576 329.4778 307.46 324.4594 330.9419 310.1854 320.8859 312.2682 303.2971 285.0916
299.409 347.2024 376.135 337.1751 325.8803 334.671 336.4281 322.5572 316.9169 323.1806 307.7752 286.7443 307.1377 316.3982 309.1251 265.5361 256.5014 291.1593 306.5745 313.807 323.7748 299.7263 335.6772 338.3183 341.8461 308.8261 326.405 321.7942 324.8644 329.0623 331.5346 271.2231 281.5545 307.5766 316.1013 356.1136 386.2404 418.5587 434.1715 424.3394 406.0036 398.544 394.5455 390.6366 422.0233 420.963 398.3785 319.696 296.3802 283.3198 288.112 329.0106 344.3242 325.9756 314.5953 308.5517 311.2536 307.5755 308.6522 323.5861 324.7447 305.5567 320.2072 322.6267 314.3561
314.0285 306.7979 320.9796 342.2079 334.7115 343.968 332.2704 332.5186 341.8463 324.1118 284.4749 306.114 326.7939 280.5404 248.6048 275.9547 312.6042 312.7063 302.4106 310.7411 299.6133 330.0664 345.3526 368.997 371.0227 372.1336 352.4593 336.796 341.7227 344.59 351.0181 351.8688 327.2811 352.6652 366.2808 422.5364 402.16 369.3939 383.8539 426.0309 442.0577 414.6023 397.449 449.8261 418.313 377.2202 321.1277 297.4192 298.0615 292.536 299.8947 282.9995 281.7738 357.4485 338.5626 330.682 327.8833 347.6476 335.8029 358.262 370.6295 348.7339 337.9413 327.0416 307.3109
277.5234 299.9628 298.5271 319.1482 338.9762 359.7932 334.2491 355.7494 344.4999 334.5813 352.204 324.0293 311.8695 302.8683 265.6392 290.5465 305.5251 317.3781 340.7258 340.6887 344.0986 347.4537 370.5193 364.7734 364.8904 371.2553 371.9771 359.7679 375.7392 380.3599 374.4371 355.0692 346.7935 320.5232 347.7449 373.516 403.1337 369.3264 369.2509 369.8127 380.6563 368.5565 396.3578 355.9892 332.2641 354.1594 329.1328 321.1336 316.1699 320.3941 286.6644 281.7559 291.8239 319.8 320.5909 336.2363 342.7933 331.8826 348.0918 347.9107 358.0524 344.4322 342.6705 336.3879 310.792
297.8241 328.2639 347.4332 335.0563 327.1841 322.0532 302.6595 331.7234 319.7299 296.6816 322.5078 314.2269 286.6501 308.2434 254.4726 267.8424 304.8586 314.2999 322.8874 301.4404 341.4668 349.6695 333.8462 340.7474 345.838 343.7969 362.7065 379.4686 419.143 397.3913 380.6001 393.9829 405.7972 366.8863 403.7587 426.0981 432.7031 388.7827 371.3058 371.4463 337.7224 323.4472 329.4604 319.5855 327.5794 325.0306 336.7997 329.2675 323.0902 333.4731 303.1435 286.5379 314.469 323.0987 311.8625 339.6175 349.4435 359.1422 372.8076 363.7258 366.9019 362.8162 361.5693 332.539 331.3836
330.7099 361.9678 343.0338 352.9799 337.8429 330.5192 322.942 339.6256 326.2035 345.5269 325.1635 321.3945 293.7679 271.2349 320.4881 291.5572 282.1907 274.3895 303.4391 302.5566 325.966 349.6729 306.018 363.9641 349.98 379.0052 377.8961 396.5565 397.5498 394.1485 383.4468 395.3155 366.8651 348.2972 368.4665 373.0187 394.7593 379.1305 390.1292 398.6217 371.5476 355.8447 349.5874 336.8163 319.9008 329.7165 306.5494 325.6514 336.3869 308.6242 281.3632 299.497 313.0155 337.5907 356.5068 332.6747 359.0828 385.7298 369.0899 385.0515 372.3926 367.9428 365.4307 369.0899 341.8374
315.0879 317.0589 361.3001 353.3212 346.4901 326.8691 306.8105 291.3425 284.8691 282.9663 280.4776 262.3298 301.6163 327.2168 334.1688 297.7303 298.3699 330.5902 312.1999 289.7209 330.9144 314.6634 328.6354 329.0272 385.9493 400.5831 391.0888 409.5389 392.2693 411.8192 400.532 403.5451 359.3839 356.4166 371.7003 393.5752 390.2965 398.119 384.6507 368.7241 339.5363 348.6078 345.644 340.5144 338.4767 346.0528 339.336 326.501 307.4733 285.8546 311.9178 298.4654 332.907 346.3844 358.3108 367.2188 385.1167 385.2245 381.8636 362.4715 375.1955 360.1129 343.8662 339.4708 350.8553
339.3797 358.1146 355.7512 329.3233 322.5898 307.0722 320.0366 347.3556 335.9437 310.2574 277.6 313.3611 327.4401 322.9317 297.2169 290.3949 330.7637 335.1501 314.1369 321.2428 327.9527 323.8315 303.2952 327.3264 350.164 378.1517 391.8308 410.0903 448.8744 467.3898 418.6584 409.3327 391.8608 397.5654 405.2318 424.8722 402.891 384.5148 392.3883 385.1906 349.5257 344.06 337.2814 336.9897 334.2563 336.2645 315.4614 291.3285 332.5724 347.6765 316.1626 325.466 330.6186 357.6119 383.7705 396.9267 392.1513 378.0081 379.3442 351.5168 338.778 347.1506 339.8597 324.8425 340.2933
