Resources/Map/Lvl0_30x30/Ele_CL.asc
ncols         335
nrows         335
xllcorner     16805000
yllcorner     -25000
cellsize      10000
nodata_value  -99999.0
[rows 275 to 299 of 335, columns 114 to 170 of 335]
-4052.9082 -4011.6099 -4046.1917 -4125.771 -4133.165 -4205.8232 -4253.8467 -4298.8574 -4317.1128 -4332.5596 -4354.4312 -4367.4258 -4347.4648 -4308.3521 -4193.9512 -4055.3081 -3856.6753 -3631.7732 -3385.3792 -3069.9482 -3044.1252 -3312.5195 -3770.5452 -4253.959 -4514.8765 -4671.4814 -4755.3545 -4737.3535 -4678.3721 -4665.9351 -4664.1548 -4679.1113 -4710.8804 -4744.9751 -4752.0918 -4766.1245 -4779.3008 -4790.5239 -4784.4258 -4781.1455 -4777.4063 -4784.3154 -4801.9438 -4786.1885 -4772.7734 -4764.7192 -4746.2983 -4710.8472 -4697.4082 -4694.0996 -4666.4053 -4622.8257 -4602.166 -4599.8379 -4618.5654 -4667.5854 -4713.186
-3915.4229 -3899.0579 -3937.7976 -3953.6611 -3987.3655 -4079.5063 -4118.2842 -4173.6094 -4230.1616 -4295.9839 -4299.7021 -4309.6631 -4285.6401 -4269.5166 -4224.6006 -4136.5122 -4014.406 -3898.241 -3824.1196 -3744.5918 -3707.2739 -3807.3689 -4053.8716 -4350.8794 -4533.4331 -4625.9004 -4724.9063 -4749.5249 -4684.3809 -4647.8828 -4633.9194 -4638.6523 -4663.6587 -4690.0781 -4709.2944 -4730.3062 -4748.9746 -4753.9971 -4749.5024 -4760.2197 -4769.1226 -4770.2158 -4783.5332 -4776.0684 -4780.8169 -4787.8491 -4757.5386 -4701.4253 -4675.4604 -4669.9805 -4651.4761 -4627.1196 -4608.0503 -4599.4448 -4638.5791 -4674.1904 -4702.917
-3889.657 -3876.7773 -3851.0496 -3832.3428 -3881.6235 -3985.7417 -4031.2622 -4088.23 -4135.2515 -4225.1362 -4245.6812 -4258.2944 -4248.5454 -4235.874 -4235.6382 -4201.3213 -4164.4863 -4105.2153 -4079.1113 -4078.1145 -4078.7578 -4158.0293 -4291.4922 -4452.8628 -4596.7158 -4639.314 -4673.1357 -4708.3037 -4659.647 -4626.3867 -4620.3018 -4606.3989 -4620.9126 -4649.3384 -4676.2363 -4695.3008 -4713.5146 -4717.1211 -4714.5698 -4728.5854 -4734.9209 -4749.6294 -4765.6055 -4763.5996 -4761.7534 -4780.4839 -4759.5596 -4703.8398 -4659.2432 -4662.2813 -4664.5728 -4650.6201 -4626.2202 -4619.9795 -4661.5513 -4681.9556 -4701.3682
-3852.3398 -3889.9849 -3842.135 -3770.6809 -3733.3115 -3843.3875 -3966.0251 -4014.8406 -4074.3486 -4154.6089 -4167.8813 -4212.5547 -4231.1465 -4188.7412 -4213.1001 -4224.4653 -4231.4233 -4221.876 -4236.5991 -4261.8369 -4287.2739 -4356.8242 -4422.7524 -4481.8569 -4604.3892 -4660.7251 -4636.5078 -4648.4873 -4633.2417 -4612.6914 -4606.2056 -4580.1685 -4592.1313 -4621.2061 -4648.7876 -4663.0747 -4679.1606 -4681.1489 -4678.519 -4698.1138 -4703.5366 -4715.4087 -4729.0088 -4736.9238 -4737.293 -4762.6216 -4729.6929 -4665.1909 -4630.6553 -4651.3911 -4661.6318 -4647.4082 -4629.5518 -4630.249 -4667.248 -4680.1948 -4700.1147
-3778.3176 -3861.5325 -3847.0525 -3739.991 -3540.6729 -3653.2834 -3928.5918 -3967.5757 -4019.4124 -4088.4175 -4104.2925 -4159.3784 -4175.3853 -4136.2178 -4196.4341 -4240.9229 -4252.6323 -4262.1841 -4287.4209 -4326.1768 -4387.2476 -4468.8149 -4509.1094 -4507.2437 -4553.6182 -4607.0293 -4615.5278 -4614.415 -4640.5127 -4626.4893 -4595.5659 -4573.1831 -4586.3164 -4602.4033 -4621.4268 -4634.771 -4649.7612 -4654.0796 -4658.6509 -4671.0166 -4680.1055 -4685.9038 -4701.3398 -4717.2759 -4719.0342 -4732.7705 -4690.1719 -4630.1328 -4612.8169 -4630.3438 -4643.8257 -4632.6333 -4618.9253 -4635.0947 -4664.4282 -4667.6431 -4699.4385
-3686.2051 -3735.4175 -3745.6638 -3646.2192 -3402.8025 -3486.7615 -3826.387 -3948.3643 -3979.125 -3989.0237 -4042.2166 -4125.7119 -4148.7539 -4147.8735 -4222.1855 -4249.6841 -4262.4604 -4273.4634 -4292.3486 -4336.1592 -4383.918 -4465.7354 -4536.8198 -4523.0366 -4507.8169 -4550.6533 -4583.2998 -4562.8896 -4623.001 -4648.8696 -4594.8975 -4571.3467 -4580.5996 -4581.6191 -4594.3013 -4606.4746 -4618.022 -4623.5806 -4630.7402 -4639.5835 -4654.7686 -4659.0171 -4677.1909 -4694.9819 -4701.1812 -4708.1299 -4683.5483 -4641.7588 -4615.9326 -4610.6387 -4622.5215 -4625.9985 -4613.0317 -4620.2798 -4648.7017 -4655.6294 -4678.2144
-3614.9556 -3608.7732 -3627.2083 -3576.4155 -3401.3608 -3413.9546 -3615.0476 -3843.0347 -3942.7859 -3930.6924 -4001.3154 -4102.9424 -4150.6201 -4180.4219 -4248.2568 -4266.23 -4282.4937 -4292.5186 -4295.9277 -4332.8286 -4383.3496 -4449.5059 -4498.3384 -4509.2964 -4504.1265 -4511.5117 -4527.6851 -4510.2148 -4552.4009 -4617.2051 -4586.8564 -4557.5381 -4556.3384 -4558.769 -4567.6567 -4576.4497 -4594.8633 -4599.2891 -4592.2148 -4603.9507 -4626.5215 -4627.3584 -4649.2671 -4672.4399 -4686.9478 -4686.6377 -4682.7451 -4649.2466 -4614.2222 -4595.5205 -4605.9385 -4611.1821 -4607.7661 -4608.0088 -4632.3706 -4648.8354 -4649.3198
-3585.0554 -3539.6592 -3534.3506 -3538.4167 -3503.0027 -3499.6514 -3518.2651 -3724.7246 -3912.4438 -3925.6455 -3984.9832 -4091.9883 -4170.8267 -4213.459 -4270.6875 -4290.04 -4282.7627 -4298.8403 -4303.2661 -4329.6455 -4372.4751 -4409.9116 -4447.6479 -4507.8896 -4511.5269 -4474.189 -4480.7461 -4484.603 -4507.3398 -4562.377 -4573.3511 -4543.0039 -4532.7207 -4541.6577 -4542.6807 -4546.9829 -4575.002 -4586.1558 -4563.9067 -4576.8218 -4598.2642 -4589.9424 -4619.8994 -4644.2148 -4658.0781 -4654.124 -4656.3311 -4637.1504 -4605.0342 -4587.8467 -4600.4155 -4603.9297 -4603.5737 -4604.7183 -4620.4111 -4633.5425 -4635.3613
-3551.5164 -3503.9246 -3486.446 -3492.051 -3539.4717 -3609.1802 -3633.2612 -3725.8049 -3891.7903 -3934.979 -3959.4612 -4087.9688 -4199.2197 -4232.7661 -4278.1704 -4295.9072 -4283.6118 -4300.2686 -4318.2876 -4349.7095 -4363.4634 -4368.4927 -4406.0815 -4483.998 -4493.3584 -4460.1118 -4464.4355 -4472.1265 -4487.6421 -4522.1255 -4539.4492 -4521.1704 -4525.3833 -4526.4854 -4516.7202 -4520.5098 -4543.4087 -4573.354 -4549.2002 -4552.2349 -4565.749 -4553.2261 -4588.3672 -4609.7178 -4619.2764 -4623.959 -4628.3169 -4616.6636 -4598.9668 -4586.6938 -4595.7354 -4603.542 -4599.9287 -4598.2119 -4610.9858 -4619.2739 -4625.5669
-3531.0073 -3485.7441 -3468.5176 -3463.2058 -3507.7556 -3613.1494 -3717.0195 -3749.2136 -3877.2947 -3927.4407 -3907.8608 -4037.4722 -4167.8359 -4200.4385 -4238.6582 -4272.9194 -4290.8315 -4309.5293 -4330.2251 -4346.3789 -4324.8154 -4335.7119 -4377.6724 -4421.5625 -4450.231 -4458.2695 -4454.248 -4462.9688 -4476.2651 -4493.8164 -4494.4312 -4493.7178 -4515.939 -4502.8975 -4485.2798 -4487.3721 -4505.3359 -4549.248 -4537.3179 -4528.3765 -4534.3286 -4529.3438 -4553.8442 -4570.9351 -4587.2783 -4607.7139 -4609.0566 -4592.9468 -4588.5493 -4580.6157 -4588.8037 -4597.4785 -4594.8628 -4598.5142 -4607.6812 -4607.749 -4608.2329
-3541.8503 -3489.4526 -3471.7771 -3448.5349 -3482.4954 -3569.4324 -3720.446 -3785.8354 -3871.5432 -3887.9553 -3862.6565 -3959.1101 -4070.2646 -4122.7051 -4173.5571 -4233.4907 -4303.4795 -4318.6284 -4297.8145 -4310.4482 -4296.7119 -4309.8442 -4354.5288 -4392.6577 -4428.0566 -4445.8882 -4449.5054 -4464.6455 -4474.708 -4487.7642 -4488.751 -4477.3115 -4479.1885 -4468.1792 -4463.6748 -4465.957 -4485.1162 -4504.8667 -4501.5601 -4490.8516 -4504.1606 -4507.5225 -4520.3652 -4535.1699 -4552.2896 -4584.0259 -4582.4521 -4572.8398 -4567.7158 -4569.2729 -4579.9565 -4588.6812 -4590.6748 -4594.5864 -4598.8657 -4595.6958 -4588.0015
-3550.1453 -3494.6025 -3474.2402 -3429.9724 -3453.519 -3521.4741 -3707.0166 -3840.0706 -3848.4827 -3833.7517 -3852.6829 -3918.9443 -4012.7412 -4081.5198 -4143.9009 -4210.9707 -4299.7188 -4300.0845 -4240.0791 -4258.7002 -4294.73 -4308.5039 -4339.75 -4390.4263 -4436.4692 -4441.8691 -4464.8066 -4494.5845 -4480.6841 -4478.4478 -4473.1753 -4462.2046 -4449.1987 -4444.5752 -4454.6973 -4466.2388 -4489.5532 -4469.2749 -4459.772 -4468.876 -4484.208 -4479.9565 -4498.7383 -4511.4849 -4524.6948 -4550.2754 -4546.1714 -4558.7476 -4541.0806 -4551.874 -4569.8418 -4575.8213 -4585.3286 -4580.1128 -4592.5205 -4592.3193 -4569.5522
-3527.8696 -3479.8779 -3459.1255 -3419.5483 -3439.5562 -3496.2231 -3656.6409 -3824.7642 -3805.6597 -3788.1692 -3849.3562 -3908.9695 -3996.6033 -4066.8948 -4133.5073 -4201.6084 -4266.103 -4260.6577 -4208.2778 -4214.6274 -4274.1104 -4311.0947 -4335.021 -4375.6357 -4434.5068 -4439.9468 -4460.5596 -4493.9575 -4470.4844 -4464.8848 -4455.6768 -4450.6606 -4442.7612 -4437.4429 -4441.2173 -4450.9517 -4470.7598 -4448.3906 -4445.3477 -4471.5361 -4479.5103 -4475.3145 -4490.3521 -4498.4937 -4526.1675 -4540.5518 -4512.9399 -4545.7505 -4530.1299 -4527.4292 -4548.6416 -4551.3667 -4566.9263 -4557.8726 -4571.521 -4571.0054 -4553.4502
-3499.4465 -3458.3394 -3434.6523 -3406.7131 -3432.6504 -3492.7434 -3606.8247 -3770.7861 -3784.6177 -3760.3955 -3841.9185 -3910.9602 -3972.6721 -4006.9507 -4070.2217 -4148.4009 -4213.4746 -4235.272 -4242.6172 -4245.0171 -4255.6938 -4296.7046 -4337.582 -4363.938 -4411.7627 -4435.0513 -4452.811 -4471.5786 -4447.6348 -4444.5303 -4438.7368 -4439.6689 -4436.6118 -4429.7183 -4434.3828 -4449.9048 -4468.5181 -4450.0166 -4452.4097 -4474.8354 -4475.6206 -4480.918 -4483.333 -4487.7402 -4538.9775 -4537.7729 -4477.5771 -4515.146 -4519.8979 -4501.9434 -4515.7739 -4515.2524 -4525.9648 -4523.3052 -4536.9761 -4540.855 -4531.5747
-3480.4907 -3446.071 -3430.272 -3413.2522 -3440.4004 -3503.8906 -3571.5334 -3707.947 -3782.8628 -3779.3342 -3826.8472 -3898.3701 -3934.4241 -3949.5566 -4005.1504 -4071.054 -4148.4429 -4204.8545 -4254.186 -4278.6143 -4275.6777 -4297.2656 -4339.2744 -4366.2935 -4399.8774 -4436.2617 -4464.1836 -4468.1665 -4441.7056 -4425.4106 -4416.9082 -4423.6953 -4415.1582 -4409.0615 -4428.3306 -4451.8608 -4488.3457 -4474.8877 -4459.8726 -4466.8101 -4463.1123 -4476.0195 -4471.7041 -4477.0713 -4514.3457 -4524.5396 -4453.9346 -4474.0806 -4488.8403 -4457.9038 -4473.0649 -4481.7212 -4478.688 -4476.9663 -4503.8979 -4527.9932 -4521.7139
-3472.0105 -3445.7292 -3442.8149 -3432.9863 -3454.2124 -3510.0581 -3557.9058 -3629.5471 -3704.4138 -3753.4736 -3791.7668 -3857.6626 -3892.1377 -3930.9937 -3975.1277 -4024.9109 -4102.9771 -4160.2363 -4223.2949 -4300.9126 -4326.5073 -4311.0396 -4344.3062 -4386.8428 -4416.0479 -4450.4517 -4477.811 -4477.0005 -4448.1426 -4421.3267 -4409.8848 -4416.6694 -4409.6597 -4396.4473 -4421.8589 -4436.3398 -4472.417 -4478.9722 -4441.98 -4428.5122 -4422.1772 -4435.7002 -4441.6396 -4451.814 -4429.2178 -4473.896 -4444.8774 -4465.7764 -4466.0952 -4414.5981 -4427.9287 -4447.875 -4446.2256 -4442.5752 -4470.2617 -4500.2354 -4505.7793
-3478.1086 -3460.9241 -3457.7551 -3457.1047 -3474.4614 -3509.6431 -3552.9038 -3602.9856 -3627.4685 -3693.5566 -3744.4314 -3811.4683 -3888.6599 -3933.9829 -3970.9973 -4020.7473 -4091.7527 -4156.4434 -4234.8896 -4331.7974 -4346.4146 -4324.0923 -4383.4224 -4421.4863 -4433.9482 -4458.6099 -4469.4551 -4469.6489 -4449.2603 -4423.7866 -4409.6206 -4408.6519 -4410.1123 -4403.2798 -4426.3765 -4437.3472 -4458.2134 -4464.6279 -4423.0229 -4398.2661 -4349.4937 -4349.4741 -4391.3726 -4403.4717 -4341.3628 -4356.9897 -4377.6606 -4440.4731 -4428.8442 -4381.8066 -4391.1582 -4417.188 -4427.2134 -4430.0898 -4448.5322 -4470.8901 -4487.4302
-3499.697 -3488.5183 -3483.3044 -3487.5537 -3500.541 -3527.7078 -3560.0259 -3620.9585 -3644.2615 -3698.2405 -3732.52 -3788.0676 -3900.1016 -3950.283 -3988.9836 -4032.8503 -4109.2749 -4212.8379 -4273.5586 -4306.333 -4320.7192 -4344.4058 -4425.6138 -4451.855 -4438.584 -4439.6709 -4457.3481 -4467.3931 -4451.0991 -4421.8691 -4398.8481 -4394.3286 -4407.8315 -4413.8164 -4427.728 -4443.1069 -4459.5088 -4433.3315 -4379.4092 -4361.7949 -4293.3242 -4266.374 -4323.2002 -4347.2813 -4296.0127 -4283.5283 -4319.6094 -4388.5718 -4401.2476 -4380.1714 -4387.4268 -4398.436 -4404.2197 -4402.6597 -4419.5972 -4457.9785 -4472.3369
-3527.8679 -3520.7129 -3517.1323 -3519.1812 -3533.605 -3555.2576 -3580.2644 -3637.2463 -3678.9209 -3738.0957 -3780.5649 -3818.1829 -3908.6497 -3973.0024 -4027.3337 -4057.9792 -4120.4722 -4215.1089 -4256.9219 -4270.2344 -4316.4067 -4368.7803 -4423.7285 -4460.0991 -4457.4629 -4437.2715 -4453.9731 -4464.7002 -4441.9717 -4412.8125 -4387.5503 -4380.9917 -4398.5249 -4412.8032 -4420.7705 -4432.438 -4444.6807 -4401.4839 -4339.7319 -4312.8257 -4278.5947 -4236.563 -4251.502 -4260.8726 -4249.04 -4273.9731 -4315.877 -4349.127 -4372.9707 -4366.457 -4369.9897 -4356.019 -4371.6001 -4379.5703 -4394.0332 -4444.9883 -4455.917
-3554.0986 -3554.801 -3551.4585 -3559.2751 -3566.9255 -3572.241 -3607.8555 -3664.062 -3710.6721 -3778.6284 -3844.8506 -3899.2017 -3963.9102 -4020.1521 -4076.9202 -4106.1953 -4135.252 -4187.4741 -4228.4287 -4263.6045 -4319.4878 -4371.2217 -4411.6235 -4458.3774 -4471.6338 -4445.2578 -4440.3057 -4442.29 -4425.6318 -4404.5034 -4387.3755 -4376.4731 -4381.9224 -4395.3223 -4398.4053 -4406.667 -4394.6221 -4359.6343 -4331.1304 -4292.0313 -4268.4448 -4230.7598 -4213.2876 -4213.6636 -4210.3828 -4240.9966 -4300.7983 -4329.5996 -4348.771 -4356.0894 -4365.1963 -4347.3208 -4351.4312 -4361.3208 -4371.5244 -4427.7183 -4447.0356
-3574.0193 -3584.2649 -3588.5984 -3603.6392 -3611.4512 -3610.3198 -3633.6848 -3681.2473 -3742.1243 -3814.845 -3891.6497 -3959.2278 -4016.3855 -4057.5117 -4100.5801 -4132.4375 -4147.2866 -4186.6802 -4232.311 -4273.7568 -4310.5229 -4353.9102 -4402.8594 -4444.0439 -4462.4092 -4450.1973 -4433.937 -4424.8691 -4414.3589 -4394.5747 -4375.7573 -4367.1011 -4368.9214 -4376.313 -4375.897 -4396.9111 -4369.8921 -4336.6201 -4328.9639 -4282.9814 -4250.3081 -4216.2397 -4202.5918 -4210.6763 -4219.8496 -4244.9067 -4300.5488 -4320.8472 -4318.4966 -4321.9102 -4342.9448 -4310.1108 -4290.5093 -4319.3408 -4365.1499 -4404.8335 -4423.5767
-3597.4751 -3609.3767 -3623.4075 -3639.063 -3655.011 -3679.0203 -3695.9883 -3732.334 -3789.7607 -3852.7795 -3922.9854 -3986.3369 -4040.8093 -4078.2825 -4113.4697 -4145.2813 -4164.729 -4199.8916 -4237.1973 -4276.6841 -4310.7358 -4349.3779 -4393.374 -4425.6953 -4445.5972 -4444.0869 -4431.9048 -4425.4238 -4416.4717 -4387.0708 -4345.0273 -4328.9424 -4349.4966 -4367.0254 -4374.8438 -4399.9609 -4359.3989 -4327.3032 -4308.0381 -4272.3989 -4253.8564 -4211.8066 -4201.9204 -4215.0605 -4239.6387 -4274.4204 -4302.5205 -4320.1182 -4317.2021 -4287.5142 -4297.0762 -4224.0977 -4120.4614 -4190.8008 -4332.2764 -4391.291 -4409.6953
-3620.7976 -3634.7422 -3652.4299 -3667.7605 -3685.2771 -3716.9202 -3751.5671 -3789.1865 -3843.2786 -3898.2388 -3953.4309 -4002.2456 -4054.0669 -4092.5964 -4122.1787 -4155.8179 -4180.2886 -4209.7603 -4243.6748 -4277.4033 -4312.5947 -4346.4014 -4377.9473 -4407.2256 -4428.1753 -4431.0562 -4426.2256 -4423.5972 -4418.4868 -4377.1382 -4307.7759 -4281.5078 -4332.9697 -4365.4326 -4362.665 -4370.5884 -4322.8096 -4297.9912 -4272.3369 -4256.5801 -4249.4229 -4201.9839 -4187.5103 -4208.2881 -4235.5386 -4280.3311 -4299.541 -4312.6118 -4319.6538 -4280.6133 -4258.1084 -4202.8379 -4056.1245 -4104.8472 -4291.1909 -4391.272 -4401.5195
-3641.0981 -3659.0359 -3681.2156 -3701.009 -3723.5149 -3747.2007 -3785.5708 -3837.5669 -3887.7144 -3941.3655 -3991.6692 -4029.5742 -4070.0461 -4109.9707 -4146.2827 -4177.959 -4200.064 -4220.1323 -4250.5015 -4282.1606 -4314.811 -4344.9771 -4370.9189 -4396.4736 -4412.7593 -4422.6177 -4424.2446 -4415.1665 -4409.6133 -4381.6646 -4321.6152 -4292.52 -4331.5264 -4358.3027 -4338.5845 -4332.7041 -4302.9575 -4276.7603 -4237.4604 -4217.5508 -4239.0396 -4209.5425 -4210.8779 -4236.3032 -4224.0962 -4261.5615 -4296.7563 -4290.4854 -4286.5708 -4261.2744 -4220.7354 -4234.0737 -4182.1665 -4195.3506 -4301.0347 -4379.1597 -4380.499
-3669.5554 -3674.7258 -3711.7336 -3733.4436 -3752.9116 -3777.9087 -3813.2722 -3880.1926 -3936.8735 -3984.676 -4026.6787 -4061.5298 -4096.3955 -4136.5957 -4171.6641 -4196.3179 -4216.5918 -4235.3003 -4260.9185 -4287.7427 -4317.4038 -4341.9463 -4363.3418 -4384.3823 -4396.437 -4408.4858 -4415.2085 -4413.3345 -4400.9683 -4379.3359 -4349.8633 -4325.0854 -4317.5342 -4321.1074 -4303.665 -4290.6934 -4267.1138 -4234.1646 -4207.3994 -4194.0601 -4236.0483 -4242.0313 -4241.7915 -4240.6646 -4211.7163 -4235.936 -4264.5298 -4245.5767 -4236.2241 -4246.1724 -4244.2852 -4254.126 -4254.5713 -4282.832 -4313.6597 -4347.4873 -4370.6221
