Resources/Map/Lvl0_30x30/Ele_ED.asc
ncols         335
nrows         335
xllcorner     -9995000
yllcorner     -6725000
cellsize      10000
nodata_value  -99999.0
[rows 156 to 181 of 335, columns 120 to 179 of 335]
-3372.146 -3386.4961 -3481.6494 -3584.7476 -3694.1023 -3731.5393 -3706.9824 -3722.6914 -3695.8862 -3709.3711 -3692.5981 -3560.9563 -3364.9824 -3184.3906 -3099.2546 -3049.9087 -2993.2634 -2971.4385 -3024.5576 -3103.6096 -3119.4104 -3071.594 -3071.8665 -3085.1589 -3134.5452 -3180.2769 -3204.0947 -3234.6741 -3238.8032 -3250.176 -3301.6536 -3310.1824 -3332.7266 -3346.8894 -3324.2683 -3274.2048 -2798.0293 -2109.0549 -1489.5726 -1276.0066 -718.2654 -244.0152 -154.2221 -163.9649 -150.6388 -90.9932 -56.2152 -53.9562 -55.1301 -47.9627 -11.7058 70.8628 162.5298 51.0864 346.8224 485.8368 103.423 32.5658 72.3498 92.0554
-3715.6687 -3712.7314 -3807.2224 -3888.3782 -3849.093 -3754.2119 -3760.4138 -3799.4197 -3563.4426 -3389.2556 -3385.7036 -3316.4436 -3148.6663 -2972.2761 -2975.0967 -3032.8928 -2992.6443 -2970.2561 -3023.5083 -3081.5068 -3106.0828 -3065.6206 -2996.0068 -2907.1152 -2971.8022 -3075.3435 -3133.9053 -3213.6089 -3236.4021 -3255.5398 -3283.3208 -3298.8469 -3316.5818 -3329.3772 -3332.8379 -3252.9939 -2596.771 -1617.8711 -1131.8904 -1209.774 -812.6317 -262.3033 -149.1108 -148.4587 -133.7013 -82.7003 -46.9378 -49.603 -49.3051 31 460.892 602.0544 435.6406 129.7836 62.2927 71.283 141.2 66.451 54.4483 47.0462
-3923.5178 -3756.9077 -3705.5298 -3711.5544 -3480.9375 -3212.9207 -3289.5483 -3549.8264 -3318.0142 -3024.645 -3064.4021 -3109.3787 -3036.0442 -2858.2012 -2865.0767 -3003.7737 -3029.072 -3022.3931 -3022.2078 -3025.6555 -3031.4993 -3055.8411 -2941.0376 -2748.8848 -2871.4722 -3015.2004 -3088.8494 -3190.6692 -3208.1104 -3241.7634 -3269.7249 -3286.408 -3301.8792 -3314.6982 -3322.9902 -3248.7114 -2509.0752 -1370.6537 -1105.4762 -1115.2042 -715.2978 -269.6498 -149.7695 -136.7629 -115.2807 -67.0396 -35.8861 4.304 -41.6274 -2.2457 116.6117 186.039 284.9252 196.1467 83.1632 64.5868 73.7426 84.4057 245.8474 144.9326
-3513.6731 -3217.7236 -3136.3643 -3166.1709 -2994.1919 -2787.8042 -2877.3906 -3253.3457 -3182.2 -2870.0447 -2871.2332 -2956.822 -3019.554 -2907.656 -2818.7837 -2936.7878 -3011.3574 -3025.2571 -2991.6001 -2971.2554 -2970.8782 -3041.2734 -3029.897 -2958.7336 -3041.8435 -3068.875 -3100.811 -3194.9346 -3211.1328 -3245.0762 -3271.5332 -3282.8208 -3288.6877 -3297.2336 -3306.8701 -3201.2205 -2516.0193 -1651.4231 -1330.2412 -1091.7266 -600.6201 -268.6273 -128.6135 -96.3101 -88.5127 -41.7989 -22.2241 24.3821 4.8124 75.9652 27.0362 132.1023 216.871 232.0525 523.8185 316.9005 190.4639 125.0199 598.0825 398.6249
-3220.2046 -2921.603 -2884.4172 -2884.9443 -2790.5215 -2707.8984 -2732.2493 -3100.9395 -3202.7986 -2875.1104 -2820.9016 -2938.0127 -3043.7114 -3031.3047 -2894.2607 -2889.6277 -2994.8606 -3048.5205 -3004.5642 -2954.637 -2959.2788 -3011.001 -3035.5417 -3002.3738 -3073.645 -3120.7517 -3155.167 -3224.9204 -3243.0383 -3260.9846 -3278.4885 -3287.3357 -3288.7188 -3289.8196 -3283.1716 -3068.4749 -2393.1462 -1679.5531 -1258.3525 -778.3966 -393.9864 -194.3447 -84.8265 -56.8369 -77.7162 -56.6584 -40.7483 -17.3574 -7.7551 48.1822 331.7841 131.2026 195.9464 231.1252 294.4257 246.6087 146.6241 114.8177 233.7803 257.4875
-3195.4417 -2923.9727 -2819.0598 -2786.7004 -2780.8533 -2778.9731 -2774.6499 -3073.5146 -3308.6086 -2929.9204 -2745.8096 -2892.415 -2979.3757 -3021.104 -2925.7239 -2850.1853 -2937.8005 -3031.1792 -3046.1748 -2982.4829 -2941.4529 -2957.4512 -2975.5693 -2946.4014 -2993.8755 -3132.177 -3216.1892 -3250.4873 -3255.2795 -3267.2544 -3282.5989 -3292.1387 -3298.0244 -3299.1851 -3247.6128 -2815.2112 -2183.1704 -1609.5188 -992.1425 -329.3444 -175.5017 -92.6815 100.5518 89.2254 -50.1142 -72.8213 -77.4431 -70.3674 -45.8529 -10.1476 101.7805 324.7841 143.6941 168.3539 357.2236 332.046 155.7468 230.8769 61.218 241.4193
-2958.7944 -2837.4556 -2746.7195 -2748.1204 -2856.9802 -2883.0972 -2850.7903 -2966.0916 -3339.6453 -3051.2844 -2655.8938 -2773.9082 -2905.3547 -3032.4275 -3009.7705 -2862.8359 -2856.8535 -2976.262 -3018.0093 -2978.3091 -2920.2146 -2922.8911 -2961.9082 -2997.3433 -3009.8071 -3128.2397 -3229.7788 -3256.0127 -3258.8894 -3272.5042 -3287.9485 -3297.9255 -3305.7349 -3310.3875 -3143.9185 -2526.7734 -2005.8787 -1680.3115 -1223.8232 -467.386 -165.2634 -97.5796 -4.102 112.3052 -24.2266 -71.7394 -77.1319 -64.6961 -37.8144 -29.4662 41.6736 117.3877 99.4269 490.9941 601.0818 383.8834 162.0873 174.6094 40.0978 5.5382
-2684.5735 -2735.2891 -2824.6455 -2887.5759 -2961.7039 -2908.1709 -2747.5039 -2717.0691 -3062.002 -3241.9131 -2811.0913 -2685.6899 -2784.3015 -2921.8884 -3022.28 -2971.0757 -2854.509 -2908.5251 -2948.9036 -2949.688 -2956.7046 -2977.4038 -2968.709 -2993.4763 -3064.6301 -3160.5286 -3233.4614 -3254.4045 -3262.5059 -3279.2012 -3294.1421 -3307.6057 -3316.3899 -3286.3015 -2851.1677 -2289.7805 -1744.7964 -1343.0168 -935.6949 -571.5458 -567.8418 -419.9263 -264.9917 -141.5431 -119.1582 -117.5952 -82.7439 -73.5538 -47.1884 -41.7458 -16.7681 45.1945 42.5825 193.404 282.221 34.6968 273.2897 53.5437 101.5611 33.6404
-2711.187 -2770.7512 -2858.9856 -2938.5781 -2987.9126 -2903.9111 -2662.0247 -2580.2341 -2772.3938 -3206.8098 -3020.3386 -2697.3865 -2696.8098 -2771.5188 -2907.2791 -2946.0288 -2817.7161 -2852.3711 -2940.7607 -2955.3501 -2984.1213 -3020.1001 -2998.4961 -3011.6519 -3119.9033 -3201.146 -3237.1238 -3251.0232 -3263.6724 -3282.6099 -3298.4741 -3314.4553 -3324.1226 -3237.2854 -2756.1514 -2216.5745 -1617.3191 -1103.8456 -594.0139 -413.7804 -602.0009 -585.676 -514.8203 -443.6454 -334.5514 -219.6507 -114.8783 -92.6349 -72.7063 -41.0376 -3.8005 75.4773 60.9106 440.7919 496.6208 312.6603 381.5174 112.3398 80.638 -9.4598
-2890.0779 -2877.3777 -2873.9167 -2894.3704 -2915.7571 -2822.9722 -2634.8867 -2578.9651 -2645.793 -3006.0078 -3062.9297 -2749.0083 -2670.0547 -2711.3542 -2809.6638 -2815.6021 -2747.6455 -2816.2405 -2940.6011 -2972.0454 -2986.7209 -3019.7605 -3059.6038 -3112.3535 -3186.3928 -3215.5916 -3223.0862 -3243.02 -3264.2666 -3285.1392 -3301.7673 -3313.8035 -3315.6731 -3200.7561 -2784.3276 -2285.0991 -1759.3148 -1213.2467 -666.3401 -334.7349 -359.5741 -363.5786 -405.179 -461.7233 -412.7568 -279.2255 -133.5813 -97.0775 -56.7989 -10.9698 41.3184 302.5203 131.7064 106.6905 186.6348 305.6708 482.7471 374.2382 97.3564 7.9451
-2948.3511 -2938.1733 -2933.4268 -2862.9998 -2833.6833 -2785.6091 -2703.3418 -2627.9375 -2590.0947 -2801.9814 -3003.9265 -2851.1418 -2689.7097 -2674.9346 -2738.4038 -2730.2747 -2724.4915 -2820.5913 -2931.74 -2927.7781 -2940.5156 -3034.0715 -3120.4309 -3180.9658 -3179.4944 -3164.543 -3191.8169 -3220.8296 -3250.8718 -3280.5876 -3299.99 -3310.9597 -3306.8787 -3169.4492 -2634.9507 -2193.9563 -1878.6453 -1270.1729 -665.3301 -292.3847 -241.2759 -188.0355 -205.0805 -294.0875 -302.9 -241.6927 -138.148 -88.2843 8 4.998 130.3313 102.0438 129.827 18.6122 188.2218 255.9711 521.4611 294.2833 42.9681 13.0242
-3056.814 -3105.729 -2922.5708 -2636.2163 -2702.1028 -2839.0708 -2853.918 -2716.2727 -2516.8618 -2494.4124 -2798.4285 -2934.7095 -2752.8579 -2607.3499 -2639.929 -2654.1697 -2647.991 -2708.7524 -2815.9712 -2906.2295 -2976.5908 -3047.9766 -3098.2344 -3137.7754 -3150.4556 -3127.5342 -3147.5234 -3170.8203 -3196.4402 -3250.6943 -3279.2805 -3301.1243 -3310.4089 -3176.0317 -2581.4736 -2152.8157 -1820.5502 -1235.4652 -721.0338 -369.5922 -212.2597 -175.6148 -167.227 -172.1238 -172.0274 -151.5797 -109.4126 -80.6435 -65.1413 -15.7331 143.6961 281.885 55.0696 210.2858 80.375 99.9931 130.9116 92.113 42.0482 14.5131
-3136.9907 -3253.8755 -3049.8811 -2758.1475 -2791.0649 -2913.4238 -2875.4797 -2657.1775 -2437.5498 -2306.2849 -2552.5168 -2888.9639 -2804.1086 -2556.7104 -2544.4641 -2620.5193 -2618.2603 -2606.7053 -2555.4795 -2754.9893 -3045.2734 -3018.8945 -2946.5481 -3017.7781 -3094.5869 -3082.8801 -3138.198 -3183.5881 -3167.3799 -3124.2251 -3114.2754 -3237.5732 -3306.9104 -3261.1147 -2761.5127 -2194.6726 -1573.2488 -1057.608 -714.013 -365.5836 -161.2755 -179.7421 -177.4216 -131.4853 -118.187 -98.5358 -68.7742 -47.3277 -59.721 -5.9463 287 80.4799 165.6962 54.2654 3.8998 255.6508 46.0027 44.2582 91.7059 61.6677
-3072.4211 -3010.5217 -2829.843 -2829.7629 -2844.7947 -2786.5591 -2522.4343 -2125.1013 -2138.6372 -2264.2249 -2357.4519 -2738.8665 -2842.9172 -2616.8701 -2538.5618 -2627.7966 -2654.5688 -2677.3247 -2710.0515 -2902.8276 -3128.2666 -3097.709 -3136.4512 -3335.189 -3239.9553 -3051.9116 -3095.7444 -3117.0708 -3049.5588 -2951.0046 -2893.7144 -3138.6719 -3287.7751 -3307.2605 -2810.1003 -2166.322 -1609.9783 -1150.9307 -601.8319 -257.1099 -145.2907 -153.7035 -143.4975 -114.9504 -87.5723 -47.6601 -10.9921 -13.6862 -16.1209 57.8284 193.784 326.3008 113.8472 110.6344 19.433 71.068 54.1102 191.9373 137.9343 309.1487
-3115.3989 -2907.2822 -2827.313 -2922.3828 -2847.688 -2686.3447 -2461.7625 -2170.4063 -2289.0549 -2445.0571 -2411.5459 -2729.324 -2968.1475 -2781.4824 -2617.2896 -2693.9614 -2780.4272 -2883.2476 -2950.6311 -2991.238 -2978.8982 -2938.2273 -3136.2219 -3547.1895 -3527.2634 -3073.6101 -2868.5613 -2705.064 -2675.8059 -2833.1216 -2825.3652 -3012.917 -3244.7476 -3301.0874 -2975.5859 -2309.4043 -1795.7856 -1259.1193 -466.6927 -186.3189 -153.8163 -144.1467 -119.2178 -104.6087 -62.552 2.6028 171.2448 51.8282 243.4175 199.7602 152.2768 205.1594 444.7711 44.7798 69.1397 564.379 299.2211 79.6314 230.0416 287.5166
-3079.7888 -3075.4634 -3124.8486 -3129.623 -3094.5369 -2841.1829 -2622.1584 -2588.7495 -2695.8232 -2755.4712 -2692.6189 -2869.3684 -3136.4456 -3066.2551 -2908.0852 -2916.6729 -2921.6982 -2859.8596 -2865.4167 -2889.8623 -2800.6177 -2793.821 -2860.5271 -3205.9058 -3594.4934 -3233.7654 -2808.2739 -2563.3218 -2570.6284 -2767.6079 -2874.4236 -2982.1375 -3201.5254 -3279.9644 -3117.8145 -2461.0623 -1914.0222 -1283.1949 -393.7549 -178.9957 -154.2165 -132.1815 -113.8726 -100.0221 -53.5673 -25.1926 -4.8665 70 320.0428 150.0051 195.3133 63.8233 160.2551 137.1056 66.6686 78.095 165.7635 52.3839 118.9138 416.0771
-3337.0344 -3396.8865 -3407.3586 -3437.8728 -3425.082 -3157.0044 -2832.4614 -2809.9683 -2975.9043 -3102.9424 -3074.3169 -3035.9575 -3057.4128 -2966.4993 -2827.9382 -2866.5227 -2914.8728 -2725.5933 -2609.8391 -2711.2939 -2707.4875 -2625.3704 -2573.3992 -2693.8567 -3329.2617 -3377.293 -3004.5708 -2770.0859 -2798.7761 -2898.8721 -3029.6985 -3058.5293 -3110.1013 -3220.6489 -3127.9695 -2431.189 -1883.3108 -1280.901 -375.6942 -179.1386 -173.1997 -139.094 -111.3191 -60.9943 -0.3599 -2.7034 21.1404 170.4939 4.5878 115.9519 7.4968 217.8465 37.7347 92.1318 72.9452 117.5423 49 69.5053 82.7138 77.2426
-3528.0562 -3505.7861 -3601.6533 -3641.0552 -3581.9912 -3347.0474 -3124.0464 -3008.3406 -2992.8738 -3033.2568 -3016.2363 -2921.2961 -2892.6199 -2897.5225 -2877.2766 -2909.9443 -2925.7295 -2753.3938 -2581.998 -2712.6824 -2806.1963 -2756.1521 -2790.9417 -2890.2451 -3185.9622 -3292.6814 -3160.9644 -3036.002 -2959.6819 -2784.7266 -2770.1792 -2731.2937 -2774.0159 -2963.2522 -3105.8433 -2383.1343 -1739.4496 -1357.4717 -638.9899 -255.6177 -169.695 -132.3707 -101.3437 50 465.8396 291.3447 376.9924 511.9152 403.6153 348.3842 272.91 223.8969 435.8969 258.084 80.6717 147.9702 88.6462 105.1791 29.9475 69.1746
-2976.8259 -3128.0417 -3333.9729 -3433.8896 -3361.4229 -3168.9246 -3070.6619 -3023.7832 -2959.4951 -2972.5164 -2958.082 -2917.7856 -2865.1501 -2885.2598 -2911.1604 -2908.8179 -2894.5256 -2826.7744 -2771.3157 -2917.5513 -3112.5283 -3158.8296 -3122.5256 -3090.0701 -3035.4407 -2919.0564 -2871.3975 -2840.3774 -2831.9688 -2659.8245 -2601.8181 -2545.6721 -2581.4785 -2698.2 -3036.3379 -2433.918 -1679.9539 -1393.8467 -830.0573 -314.7937 -154.3235 -117.0129 -69.8888 -14.8827 186.207 324.5467 423.0283 487.8556 475.8112 860.1589 513.1257 423.6104 369.1442 512.0911 380.309 180.5477 155.1326 88.5832 506.6853 93.8226
-3391.9316 -3388.8887 -3362.1582 -3435.6521 -3361.8782 -3217.4238 -3178.4087 -3257.7166 -3242.655 -3258.7273 -3200.8167 -3124.2385 -2997.9246 -2999.5486 -3064.1785 -3064.825 -3082.4683 -3099.1333 -3095.5906 -3080.0139 -3084.0305 -3090.0813 -3008.238 -2912.8533 -2947.1038 -2855.4626 -2762.394 -2760.0322 -2710.6213 -2645.8433 -2557.7488 -2543.1545 -2495.6926 -2457.2874 -2741.7458 -2450.5564 -1841.6621 -1493.9592 -795.3419 -252.778 -140.6365 -112.6302 -63.4414 -25.8085 97.8069 508.8644 106.4481 125.9559 574.8185 25.5454 352.1966 462.7427 627.0827 376.9212 482.4033 320.9729 161.0621 525.3864 579.2672 171.5301
-3701.8752 -3711.417 -3699.9834 -3699.071 -3575.8379 -3424.4121 -3412.6553 -3518.7271 -3482.5234 -3405.0503 -3422.8701 -3337.9829 -3244.2651 -3241.4211 -3190.7507 -3124.5942 -3154.7441 -3200.46 -3114.9685 -2979.4856 -2940.6108 -2944.3037 -2879.0271 -2756.3657 -2845.2158 -2897.6396 -2832.4395 -2815.813 -2809.9958 -2792.4094 -2717.7017 -2608.2927 -2516.4641 -2441.542 -2562.2302 -2582.7971 -2019.7355 -1337.6708 -746.3005 -352.1154 -151.6271 -113.1171 -62.1206 -34.153 50.7412 109.3616 365.0314 62.5315 51.3961 195.5549 156.1789 722.2678 492.3615 598.454 423.7627 29.0039 687.4237 217.7931 537.7442 207.6728
-3723.9719 -3675.6521 -3627.9409 -3568.7629 -3414.6289 -3312.157 -3391.6687 -3438.3596 -3361.519 -3284.4377 -3351.6169 -3393.7993 -3421.0857 -3408.7847 -3271.6558 -3120.2913 -3023.9224 -3073.0469 -3060.124 -2944.8376 -2923.498 -2915.6868 -2898.3308 -2881.7175 -2928.3264 -2963.0771 -2911.104 -2831.3721 -2864.1162 -2893.3625 -2817.2581 -2699.2195 -2615.5532 -2533.9678 -2627.595 -2688.5737 -2207.4995 -1673.7668 -1106.2522 -636.6955 -237.1796 -95.8045 -30.8628 15.0989 342.831 265.1682 371.5308 196.7187 635.2052 435.2922 31.3514 519.9016 176.7142 730.7598 526.6512 54.5336 132.7108 555.8286 343.4937 98.0966
-3536.4448 -3426.1223 -3300.7021 -3267.1624 -3179.7583 -3127 -3239.1787 -3383.1941 -3407.8713 -3296.5845 -3318.0513 -3402.177 -3368.5723 -3336.698 -3381.6777 -3330.906 -3127.3899 -3059.3633 -3112.147 -3064.9395 -3021.5068 -2993.3228 -2991.293 -2994.6519 -2995.8118 -2994.0193 -2963.1838 -2840.5901 -2814.248 -2919.2212 -2842.9985 -2764.4778 -2788.3169 -2743.0046 -2694.1047 -2572.9229 -2105.6162 -776.5084 -300.659 -363.0617 -117.0713 -27.4771 2.3674 40.0244 123.4788 318.8107 296.7517 195.1666 161.5485 629.0861 494.7205 60.6047 555.6421 322.2787 56.8586 213.3971 374.2408 145.6038 34 286.4323
-3485.353 -3404.8752 -3340.8562 -3372.9189 -3354.0273 -3306.9399 -3404.7798 -3527.8655 -3503.0129 -3383.6631 -3293.7109 -3276.7651 -3158.3962 -3068.6536 -3185.7874 -3336.0903 -3289.9348 -3156.4089 -3095.3145 -3046.1306 -3017.3188 -3017.2874 -3013.9539 -3034.5 -3054.3267 -3044.4475 -3038.3315 -2960.5352 -2905.8433 -3007.2312 -2954.6841 -2892.6709 -2946.7024 -2842.6025 -2364.0503 -1944.0697 -1416.1389 -665.7098 -227.8037 -59.296 14 186.3446 161.1277 298.0076 228.6659 39.7352 416.269 557.3088 398.4898 48.432 552.5854 11.4099 236.4687 158.5891 56.4633 273.3647 129.7182 17.0079 191.2277 842.2187
-3524.8076 -3432.0059 -3380.2393 -3437.8958 -3500.2527 -3479.4724 -3475.5872 -3454.7712 -3426.8567 -3454.0283 -3374.9038 -3247.5327 -3180.3516 -3101.2324 -3072.0701 -3201.3401 -3290.9026 -3110.0681 -2941.0688 -2968.7771 -3033.2656 -3085.9829 -3093.5488 -3112.2456 -3156.748 -3174.9438 -3178.3062 -3116.9614 -3044.2524 -3085.3064 -3121.8877 -3156.571 -3198.05 -2906.2988 -2299.4116 -2031.5021 -1786.6582 -936.346 -108.5681 152.0206 26.0479 139.6967 99.7886 104.6858 35.509 30.6132 124.4112 130.7792 134.9779 62.3278 57.3763 274.5152 109.445 141.1191 44.7098 60.392 12.0718 127.0611 733.6188 321.4865
-3555.384 -3500.802 -3460.8696 -3464.9368 -3510.7488 -3517.2612 -3494.0237 -3434.4026 -3416.5652 -3494.3413 -3418.696 -3288.4961 -3292.2876 -3281.0437 -3168.1201 -3180.6875 -3333.4836 -3302.0532 -3145.8638 -3157.05 -3226.9058 -3259.1057 -3288.1538 -3321.3403 -3346.5327 -3334.209 -3273.4802 -3204.9604 -3171.6514 -3210.4609 -3305.6335 -3368.5361 -3414.7061 -3398.3447 -3311.1365 -2850.4807 -1529.9944 -510.1002 197.9797 338.5981 173.961 229.0785 147.6128 8.8063 70.7463 137.0871 212.0158 174.8921 113.2598 105.4284 162.6861 43.5217 108.0491 35.6516 30.2476 20.4774 -123.9924 241.2497 710.2563 1099.5435
