Resources/Map/Lvl0_30x30/Ele_BI.asc
ncols         335
nrows         335
xllcorner     6755000
yllcorner     3325000
cellsize      10000
nodata_value  -99999.0
[rows 56 to 83 of 335, columns 189 to 251 of 335]
104.0244 103.4787 104.2786 104.3073 110.623 114.2801 108.5771 105.7966 104.3012 104.8493 109.3404 108.8355 107.9529 116.076 120.8079 119.2465 118.7041 116.4178 119.9596 115.5436 115.3257 115.9677 124.7536 130.3803 129.365 121.3726 126.9196 128.462 124.9838 129.4718 140.569 149.0344 146.4787 149.8242 149.9603 142.5161 151.6229 146.1343 144.6266 141.7314 144.3522 153.2416 156.1274 168.7774 168.3309 181.8833 183.7367 173.3603 168.2439 138.0161 163.1239 163.8408 171.9925 162.1223 153.3093 149.1741 133.4307 140.778 130.5602 98.6791 138.6111 189.2131 215.4891
107.7087 108.4588 108.2617 113.7911 108.4132 107.1129 106.4285 102.5014 103.2238 102.7343 103.6558 104.8393 107.0671 112.8143 114.8047 113.8696 119.1153 119.2841 119.78 121.0574 116.1183 114.7146 119.068 120.9202 117.6739 121.1492 126.3719 130.1976 137.1289 140.8116 140.0497 140.0807 141.414 137.9904 138.2676 144.1389 144.9971 148.267 147.2519 157.2727 156.8837 164.0607 170.1403 177.5783 188.8487 194.7014 190.3397 170.9482 153.7999 168.6564 184.8886 181.5782 177.1838 164.6644 150.9464 143.3349 131.5101 109.1602 106 106 158.2225 164.9089 187.9875
104 108.3418 107.5113 103.8381 110.2519 107.7177 102.2758 103.0446 99.0265 102.0492 108.78 101.882 104.6986 105.6773 105.4061 108.0052 109.0834 107.1307 107.5081 107.4524 110.0931 117.3894 123.7054 126.9836 128.639 132.0012 137.4123 140.1684 142.7909 140.3105 133.9881 137.8582 141.3667 146.2254 142.3606 155.0585 151.4 153.1289 167.5532 183.3509 189.3944 187.627 190.6567 194.6519 195.8756 202.336 194.5593 168.1632 181.9328 184.0594 170.2447 157.8335 156.1012 160.5907 129.6888 119.8208 106 106 106.5026 111.9555 162.8063 135.9761 168.2371
104.3485 105.2116 105.7077 107.4713 106.2154 106.5414 105.0266 106.6505 104.8761 110.9031 105.7459 103.941 107.2827 105.0084 106.4682 104.4838 105.7081 111.7212 112.2544 115.0926 117.641 126.2708 138.2141 140.1568 142.0001 141.6877 142.0051 139.0511 144.7542 146.1333 145.2678 143.5228 144.9283 154.2557 161.8877 164.5415 176.9628 181.9652 194.5452 190.7883 191.7978 189.1176 187.9978 190.1082 199.8844 206.2495 196.8564 194.3716 200.8355 179.7549 163.6815 145.9077 116.8419 106 106.1638 106 136.4057 138.1347 169.1764 190.8833 207.0835 163.0488 135.1933
108.799 108.0561 106.8837 105 105 103.9997 105.6923 105.5996 99.2712 97.7924 104.3395 104.0459 108.686 112.5549 111.3736 111.2309 115.6049 116.9405 118.5131 121.6418 131.0738 146.3251 139.2434 136.3104 139.5461 137.4189 138.0915 141.2861 142.6379 147.3977 153.537 159.9141 162.5014 171.6913 182.4465 183.4717 188.3522 186.5526 167.2471 166.8948 170.4985 186.7015 198.7626 211.8102 226.0116 217.7848 187.0135 158.315 149.836 160.3633 163.6392 130.7115 106.2675 135.444 135.6392 148.2679 194.7697 171.3888 203.4855 242.8262 226.5621 180.4069 199.0606
113.4329 113.418 111.861 112.0739 107.7193 103.3144 98.5557 100.3422 105.3373 105.1085 108.4907 108.4904 110.3615 111.1042 113.5235 111.2382 111.3918 114.7055 119.1769 122.3902 127.2633 135.0133 136.7968 137.5822 137.5811 141.1237 146.3168 159.2923 164.6763 162.7296 169.0447 172.1633 177.0588 177.4089 176.8556 162.7503 161.4579 169.9689 175.6063 196.5378 206.5666 219.1357 224.0535 195.4014 188.6972 168.2139 180.5257 167.0792 145.8226 129.2599 113.626 140.3056 158.7539 200.368 222.7844 212.2965 217.5362 221.5807 232.3386 224.2115 189.4539 195.7514 219.6353
111.229 110.0755 108.4984 115.2827 108.983 109.2737 108.7602 104.318 103.7148 105.7655 109.8079 111.2721 109.4409 107.2707 110.2234 117.1895 115.0644 122.7415 129.1326 133.3891 140.0676 141.1779 141.4439 146.7696 154.9395 155.0187 160.8841 161.3232 164.9802 172.7365 170.9843 158.3408 149.653 157.7451 165.036 170.1446 180.8635 193.4524 203.8102 219.6561 231.2953 215.2144 183.9615 182.637 157.3238 149.151 127.339 115.8133 122.3366 175.4438 217.9813 212.1873 183.8277 192.0016 239.3027 250.3998 266.3742 256.2861 240.7692 241.0827 246.823 220.0898 259.664
119.0444 120.5211 117.8007 108.6968 103.8678 103.5481 100.0514 104.9462 102.6609 103.6525 107.0845 109.102 112.9676 117.9378 114.3679 115.7206 121.6865 124.8279 132.22 138.2699 145.1251 143.1958 149.5476 153.4542 161.2272 164.1456 167.9323 164.1289 159.4142 154.2152 154.7853 166.2459 171.0334 180.2474 192.3553 205.246 210.8344 219.2597 231.9012 233.4788 205.6175 207.5577 200.8868 172.7428 125.6686 133.5237 186.0849 206.0156 218.9174 255.3413 221.1967 189.8696 182.6527 211.1831 214.0721 265.2562 294.8681 282.2235 282.876 290.6779 265.5743 264.9304 273.4466
109.317 110.3906 112.1254 102.1081 104.9003 99.1088 98.7955 99.1274 98.2804 104.9858 105.6135 112.3533 111.0566 110.9982 111.7904 113.1545 116.3364 126.363 130.4982 141.9269 144.1422 143.519 157.7645 168.6365 170.3028 160.6493 155.5067 148.4853 152.7387 159.8064 175.1595 191.243 202.4662 210.3807 217.7529 220.5729 223.3094 208.0809 216.3776 198.0363 171.5154 168.0174 173.3684 160.5225 122.7754 172.4128 187.6883 227.9691 256.5499 219.86 222.2442 234.4659 222.9828 233.2683 259.1281 284.3329 277.1342 234.3936 244.0749 233.4966 225.1976 240.8604 259.1894
106.3572 102.6483 97.3706 96.9462 102.1337 102.3472 101.3968 99.1792 105.4395 109.8599 113.1161 120.2283 118.8334 109.062 109.5386 115.0185 122.2277 128.8527 140.5911 150.4618 156.716 159.9653 156.2252 141.5851 142.8146 156.2845 160.5098 171.5206 178.1527 194.1776 206.5767 212.8287 222.4887 219.9644 206.3827 179.1918 193.0139 188.4411 187.6811 178.8962 152.4117 119.3048 115.8349 148.3332 174.5188 211.1908 251.0185 274.5122 267.8892 240.2286 257.3782 268.2338 243.174 233.8455 226.4068 227.56 225.9458 221.1342 227.5979 218.4355 243.9002 243.1831 226.2527
104.6494 103.547 97.0141 96.331 97.8741 105.1898 107.5408 109.5809 110.4993 114.3797 116.0136 121.5893 125.1446 122.0191 123.8046 131.5882 140.6599 143.2181 150.3122 153.253 132.5393 139.0606 150.0665 158.4711 161.7762 175.9682 185.7343 203.1075 217.91 225.1852 222.7512 202.6521 187.6226 187.342 176.2822 168.8965 177.045 172.4812 160.2404 134.5355 109.3214 140.5031 156.0034 207.3929 247.0401 258.1391 290.1678 272.2068 260.9865 257.3322 244.6875 222.353 206.7387 189.051 178.0239 195.6353 206.5729 212.9321 210.4857 202.9803 220.321 211.2906 200.3048
112.5645 107.9607 106.9851 103.868 96.6765 102.8866 103.1143 111.076 115.3539 116.8535 119.2189 119.7095 120.6259 119.849 130.1158 127.365 132.4494 137.6033 139.2783 143.3877 157.7766 167.1115 179.8891 191.8852 210.5947 218.2665 225.3593 223.8991 207.017 186.8866 179.1412 175.1369 173.0212 171.6036 184.0921 189.1786 193.4449 176.8623 157.8305 111.4205 120.5399 139.8621 164.7441 215.531 231.1436 254.8819 246.2501 224.4591 195.9444 195.1821 186.5544 181.6957 182.605 181.6873 184.9711 186.4682 189.2612 199.8409 202.614 210.8835 214.3114 197.4082 184.9951
117.5792 107.4573 103.4817 103.7206 105.4986 112.1774 106.7714 107.7192 111.9244 112.3403 113.3821 116.4983 124.4588 128.2048 136.1085 141.7918 142.9332 153.7502 166.6128 173.9328 187.8086 208.0366 220.0458 212.3859 203.4628 179.1132 169.7577 160.28 158.4424 166.4301 170.3949 172.5365 186.1497 204.1082 200.1217 223.4879 157.7672 175.3067 146.5333 132.2666 127.5292 138.7661 164.3973 174.9197 174.2605 158.9836 158.511 150.8346 154.0724 164.7276 157.0524 143.0101 159.6691 157.328 148.0692 159.7143 184.3052 178.681 178.197 175.1336 193.378 214.6285 204.2734
108.4217 106.7555 101.9494 105.7825 109.9521 109.6026 107.645 110.0755 118.0921 118.2389 123.1611 125.7589 130.6143 138.7211 150.8544 159.8549 172.3564 180.3934 191.4929 199.4982 186.2832 176.4381 160.808 144.694 140.1741 142.3379 152.8786 166.5259 171.666 178.9843 189.5641 201.2681 207.7834 222.1814 234.3368 216.05 195.2969 194.297 215.5985 209.4534 169.7639 112.858 108.6026 110.8464 109.2418 109.4516 107.6126 114.6123 115.7947 121.4484 134.6682 132.6071 142.4001 144.7188 153.5232 170.0427 172.4485 166.9066 169.8078 170.3387 176.6102 191.6427 135.3937
103.2484 107.1532 96.0702 102.811 105.1249 106.8151 109.0791 115.7704 119.3705 123.425 121.2021 128.7615 117.0331 123.126 137.2675 150.9937 159.2101 164.9939 155.1039 141.8829 138.2806 138.8139 142.3821 149.5525 144.5118 151.0011 159.1494 167.0817 186.2412 201.6042 230.9111 250.494 259.9954 234.5432 224.3036 222.0821 204.0439 186.0361 191.2014 174.2972 157.6459 156.7025 125.2774 112.5823 111.33 111.1277 112.1686 110.9176 109.0151 105.9147 114.5583 116.0001 147.3639 163.9736 154.9996 148.5871 142.7747 139.0746 160.3783 155.7578 139.8951 131.4884 164.6467
103.7698 102.9498 97.4203 104.4764 106.7378 105.0836 105.2264 109.6217 110.7173 108.9931 119.8251 111.506 112.153 113.264 115.3852 121.45 120.3373 129.037 143.3161 154.4156 161.0016 162.078 162.4531 156.347 160.579 167.3703 182.8622 205.9805 231.439 256.6 246.08 238.2729 219.8231 198.3918 179.0865 166.299 158.0587 155.7381 162.8306 157.0909 155.9396 145.6393 143.3316 132.7801 120.6193 115.7903 117.5665 121.2282 130.2987 122.0167 112.3455 105.8488 116.9346 117.8339 126.9155 140.8977 132.6949 127.9849 135.941 139.4003 126.0885 128.9037 142.6926
101.9209 97.2143 98.3801 105.1992 103.3814 103.2851 106.4603 107.3834 114.7674 115.4745 114.9105 112.7059 115.6042 112.2504 115.9996 118.2087 130.1255 151.9606 167.849 178.1134 182.739 181.8514 174.8492 173.9273 195.9925 214.0507 220.8358 223.7722 211.9916 199.2264 193.9823 172.794 156.2977 172.1392 168.8453 147.0174 141.0868 132.0841 135.3124 140.1917 130.2092 133.1861 166.4951 205.9655 214.0251 205.6789 195.1107 179.7597 213.3761 210.522 190.7936 183.7254 175.0044 140.1026 116.2405 120.1866 126.1537 124.1011 123.2998 205.5795 192.7901 155.3189 130.1214
97.1783 95.4696 96.2499 93 99.7845 99.3568 105.0846 109.4321 114.9996 116.8993 117.0082 118.574 118.7882 117.9219 126.3174 136.2505 152.3351 160.0793 170.4548 176.3413 180.7585 185.9351 189.9446 191.7179 192.292 185.3214 159.0564 158.7153 162.0023 153.5675 152.1436 143.8947 139.9844 133.9146 139.2435 133.7766 136.9811 131.826 133.3535 133.2186 139.7869 167.8587 171.7116 168.6476 189.2899 212.0984 235.8334 251.3811 251.1331 224.0676 196.6161 175.6579 181.6271 204.2574 194.7802 205.7605 236.8352 221.8136 197.5538 182.8552 211.6258 219.4911 191.7169
94.7198 95.0016 94.789 93 98.4472 96.5537 105.8254 109.8413 121.4266 122.0446 125.9345 128.7851 129.2467 127.5544 136.4223 143.8309 147.3048 152.9569 158.942 158.0044 154.9129 145.5095 145.7097 138.8646 131.8272 120.7629 130.2783 147.1571 147.5961 138.2627 126.2339 128.8952 130.0938 125.1904 119.3133 123.9414 138.5786 139.6875 141.5872 134.3439 152.0479 157.568 167.599 184.2484 210.2914 241.4646 235.9077 218.2317 202.1765 196.1669 214.0251 216.2143 234.6637 253.3513 226.729 195.4552 198.0217 190.669 211.4527 211.3818 225.6878 250.7196 235.5357
105.5962 104.4757 93.4896 101.0505 104.6864 102.0133 103.2659 97.3534 91.0166 105.2126 125.8588 125.0656 124.3619 125.2134 123.8951 119.6872 115.0713 110.2502 114.3162 111.3714 112.5091 107.2828 101.2026 104.8018 109.6369 128.8992 139.6907 142.3935 138.4812 130.7163 114.9352 110.0953 120.097 124.4464 141.9833 167.1321 171.8465 152.0585 148.7808 139.0932 151.5548 153.2721 173.4455 201.1822 224.5475 210.1261 194.9781 205.3982 223.2086 240.0945 251.6998 234.3566 240.9996 210.907 205.339 208.2161 221.1078 225.528 230.338 245.0439 232.3644 213.629 192.606
117.3165 119.8179 118.0176 120.441 123.4588 119.8814 112.199 101.9842 93.064 110.8126 116.2526 122.9721 121.0858 116.4008 112.8965 105.5472 100.4272 104.2348 106.2113 101.7518 92 92.3385 94.5527 99.0359 104.8349 103.485 121.5815 139.5981 120.9506 104.8932 114.5799 133.5445 154.1619 182.073 184.9059 152.9147 143.926 136.5069 141.3581 154.372 159.1749 161.0268 167.8485 175.0012 181.3022 196.8407 226.5952 237.9467 259.2286 255.9086 230.9003 217.7986 213.2078 221.2165 235.5043 236.2849 243.2147 245.3529 231.3083 215.4549 213.55 218.1545 244.3363
108.0441 116.2607 123.5797 126.1844 129.6238 121.6049 114.3626 108.8851 106.1776 118.1697 120.1057 116.7806 119.9867 109.841 103.8967 101.1041 104.3201 115.3971 111.8191 92 92 92 92.0284 93.6811 95.6808 100.3386 102.3568 101.6519 112.0945 125.8949 150.8991 166.4123 160.8118 152.2893 159.8912 163.5914 150.8454 150.3421 147.4938 153.0307 172.6708 161.4489 176.2739 185.8778 205.0184 228.3521 229.4135 255.3881 240.6532 229.8037 223.5574 233.2182 237.3282 242.5523 239.602 239.286 224.7437 226.4481 230.5128 242.901 230.7085 238.6511 200.8437
120.8435 123.7803 127.6917 130.0313 128.8227 131.5821 129.0317 122.9931 113.9846 108.7818 81.8156 98.4652 116.9925 114.6158 110.6517 107.6021 112.7883 116.7309 110.23 94.5362 92 92 93.1015 95.9631 95.2413 109.0375 109.0253 108.3794 118.0603 127.0557 138.6384 166.4209 171.8067 183.3897 172.758 167.2104 166.2473 160.4253 155.8859 156.8361 159.0626 178.1841 193.2707 212.8969 233.5865 242.7641 225.4964 222.726 223.4415 246.259 260.5463 263.2975 263.052 249.8234 231.0415 221.1965 231.3466 235.5876 237.3505 215.9568 205.6871 189.5294 181.5493
121.7924 125.6781 127.3244 131.6085 133.0502 134.3804 129.9834 130.7652 131.5462 121.7493 100.2179 107.956 122.5628 120.876 112.8735 112.2325 113.8994 116.88 107.7685 102.0851 101.8317 98.3192 101.4551 102.7886 108.9504 115.0388 113.5545 113.8566 122.1545 144.4709 166.6668 189.5195 202.7183 204.5277 192.0562 168.6775 155.7097 159.6269 171.1689 180.1431 183.7181 204.7298 223.5179 231.324 223.4892 212.4194 215.7848 230.8961 258.4268 277.3424 266.1778 255.6651 233.0081 225.4462 229.6901 241.3037 231.1192 225.7583 207.5576 187.5132 187.0625 202.7755 189.7885
125.8856 126.1902 125.3783 135.6609 136.1006 135.2081 132.4454 128.7432 130.1374 131.4921 130.0545 118.157 120.8908 120.7643 115.576 113.6149 121.1479 118.1763 113.3073 108.0554 109.4408 111.1489 100.2172 95 101.4999 118.7908 123.4173 130.9333 154.4352 177.126 206.1919 220.1663 199.9299 164.8384 169.8644 165.7822 172.7173 179.5159 189.68 193.4572 222.7986 225.1603 209.9227 207.3328 206.9324 210.9546 237.8025 274.7663 272.7926 251.4588 237.6469 223.4299 231.4447 238.3043 235.3956 242.2006 235.2197 223.5177 208.1831 197.0468 181.8224 205.196 179.989
134.7363 137.206 138.8339 130.3795 135.5483 140.3214 126.1775 130.4554 126.5692 126.1295 123.7556 122.0211 121.3535 119.3794 120.6379 117.8018 123.2886 120.0207 121.7693 107.7102 119.3826 109.4597 104.6587 95.1997 105.8691 119.2266 126.3699 133.8555 152.5695 187.4287 184.6921 173.7744 174.2022 187.8782 191.6471 194.4968 199.8763 209.4539 230.3652 232.8028 212.0779 200.4487 201.3996 212.233 226.6676 265.7365 270.4024 270.4352 239.237 229.5466 246.8014 250.7464 249.1447 241.3038 206.9756 216.1576 201.4023 210.1146 209.5525 181.7061 163.7901 148.4916 181.0583
135.0665 133.6168 140.3484 145.4044 143.5997 143.9361 139.9053 129.0079 130.0298 127.6248 125.9009 128.2972 124.497 119.0756 123.1261 122.2685 124.176 121.7004 119.9999 122.7732 122.4024 129.3076 126.6667 137.0073 139.6186 142.9666 148.5081 151.7061 167.1989 164.5266 175.8749 194.8596 213.6068 220.6171 207.8022 241.363 233.6478 248.9055 229.3321 204.2753 195.6748 202.5551 213.4114 250.2856 270.4664 261.7183 245.5967 230.1354 244.8327 256.8043 267.2799 243.205 242.7264 214.8275 201.1234 196.8126 207.4647 191.444 161.4477 147.0682 189.8481 193.3062 199.6737
129.3171 137.5671 135.0711 138.3926 146.0957 144.8499 143.1469 143.3431 141.5934 134.4196 128.0807 129.5934 126.5205 128.4375 130.2599 133.38 132.0119 124.0341 126.7539 124.9755 127.4062 128.8827 137.7843 137.2201 140.9646 147.7803 149.7536 151.5418 161.4522 197.2314 212.2887 246.0847 260.4529 233.2676 261.1247 270.3175 250.7529 232.1473 204.4417 194.9418 197.9468 232.443 277.9578 268.8528 226.1371 233.4366 242.3421 250.8795 275.6758 274.3106 263.2032 233.4937 212.1929 214.1921 210.5507 198.2595 166.2765 170.8167 189.8596 220.1977 228.2682 260.7794 238.4735
