Resources/Map/Lvl0_30x30/Ele_CD.asc
ncols         335
nrows         335
xllcorner     -9995000
yllcorner     -25000
cellsize      10000
nodata_value  -99999.0
[rows 52 to 77 of 335, columns 0 to 58 of 335]
-3496.5002 -3490.2686 -3478.7607 -3469.0186 -3463.033 -3459.3809 -3456.9331 -3455.1309 -3454.135 -3454.4417 -3454.9463 -3454.5071 -3454.019 -3457.6865 -3465.5408 -3466.6667 -3450.907 -3441.2136 -3430.8699 -3422.9482 -3422.7 -3415.269 -3406.0186 -3399.665 -3390.6243 -3390.6663 -3388.5205 -3382.4006 -3375.301 -3371.5874 -3362.0374 -3341.3887 -3326.8652 -3318.8804 -3312.1333 -3300.6636 -3291.0508 -3288.7139 -3288.5823 -3286.2168 -3285.8708 -3283.0073 -3281.2776 -3285.646 -3290.6899 -3293.8296 -3299.7915 -3307.9805 -3316.0938 -3325.2322 -3332.9841 -3337.7788 -3341.9221 -3351.1392 -3362.2961 -3360.2688 -2682.8433 -1996.7438 -1522.8983
-3507.4636 -3508.8291 -3499.991 -3490.8574 -3483.8555 -3479.3601 -3479.2217 -3477.0393 -3474.5938 -3476.1055 -3477.9771 -3475.4751 -3472.1406 -3473.0945 -3478.0459 -3477.2354 -3457.0059 -3443.2148 -3433.832 -3401.1577 -3413.7522 -3400.5935 -3366.8433 -3297.2278 -3294.8997 -3345.896 -3387.9614 -3383.7754 -3378.9116 -3377.6692 -3370.667 -3347.0947 -3324.6985 -3317.8359 -3310.1196 -3299.7019 -3294.5747 -3293.4546 -3291.2273 -3288.8525 -3287.7566 -3286.6846 -3287.1846 -3289.3792 -3291.949 -3293.7974 -3297.2952 -3302.2598 -3310.3472 -3321.7754 -3329.8479 -3335.9402 -3341.7395 -3349.425 -3359.9717 -3368.6216 -3018.4624 -2574.8516 -2101.6008
-3494.8899 -3522.9363 -3522.696 -3515.9458 -3508.7883 -3504.4277 -3505.2454 -3492.8865 -3486.9714 -3491.8425 -3493.8579 -3489.7708 -3483.0774 -3480.1902 -3482.4771 -3472.1006 -3395.4048 -3401.834 -3360.6257 -3149.0154 -3228.6543 -3157.9109 -3040.5942 -2882.7764 -2932.218 -3219.3013 -3372.5393 -3383.2769 -3385.7668 -3384.3555 -3375.9277 -3352.9736 -3328.8625 -3319.417 -3310.3928 -3303.8147 -3302.1799 -3302.3767 -3300.1936 -3297.2363 -3295.4788 -3295.8687 -3296.1318 -3295.0874 -3296.387 -3300.8308 -3307.3994 -3309.5994 -3310.554 -3319.3152 -3327.593 -3334.7849 -3343.4326 -3352.1948 -3362.4729 -3374.6731 -3330.196 -3154.2244 -2782.6228
-3506.5598 -3536.1421 -3543.0613 -3539.397 -3533.1714 -3531.323 -3525.1929 -3499.7527 -3498.3169 -3506.7183 -3503.4355 -3497.9868 -3490.6553 -3483.4265 -3434.0408 -3156.8376 -2887.8804 -3030.2427 -3141.5828 -2686.2161 -2716.5757 -2603.7085 -2435.4558 -2362.9299 -2537.9202 -2867.7207 -3075.1282 -3161.9292 -3281.5657 -3381.7041 -3372.1367 -3353.9346 -3341.6975 -3333.7949 -3327.1006 -3322.6729 -3320.3557 -3320.8904 -3320.3728 -3316.762 -3313.3633 -3313.6877 -3313.481 -3312.1704 -3312.8489 -3317.1067 -3325.2556 -3328.4724 -3325.1887 -3328.6846 -3335.4644 -3342.9324 -3352.417 -3359.3721 -3364.115 -3372.7756 -3378.689 -3364.5667 -3179.2832
-3561.3098 -3555.1563 -3552.9187 -3550.387 -3545.7532 -3544.217 -3535.2544 -3524.0493 -3530.6448 -3532.8433 -3521.7046 -3509.5347 -3498.0654 -3480.3899 -3234.6785 -2562.4133 -2173.908 -2334.4343 -2650.0078 -2350.2832 -2247.1929 -2149.6426 -2001.9769 -2075.2712 -2275.0708 -2330.905 -2472.1687 -2595.1956 -2843.6394 -3207.834 -3123.5386 -3114.1213 -3247.0488 -3344.5105 -3349.6309 -3345.1057 -3343.0361 -3343.5874 -3342.5125 -3340.0581 -3338.9368 -3339.3606 -3340.0212 -3340.9973 -3341.5864 -3344.1438 -3349.8354 -3354.6194 -3353.6243 -3353.7102 -3356.7571 -3362.512 -3370.0913 -3374.4365 -3376.1858 -3380.8755 -3388.2332 -3393.0029 -3361.2449
-3577.7327 -3567.3613 -3558.1035 -3554.7866 -3550.853 -3543.3904 -3539.1719 -3555.0664 -3569.3901 -3566.2539 -3552.2708 -3532.7026 -3510.0471 -3427.6626 -2869.4792 -2142.136 -1833.3107 -1857.5238 -2133.3667 -2093.4429 -1985.701 -1865.579 -1774.9261 -1898.1423 -1991.5547 -1968.6257 -2024.2131 -2108.8813 -2320.5889 -2655.5251 -2489.8096 -2518.5317 -2852.9622 -3225.1094 -3347.9177 -3393.8723 -3390.2346 -3377.561 -3364.9451 -3358.9685 -3358.5515 -3358.8755 -3360.3218 -3362.3772 -3363.4971 -3366.9832 -3370.3381 -3372.446 -3373.1318 -3373.9795 -3376.2886 -3380.394 -3384.9072 -3390.6155 -3396.198 -3402.9941 -3409.8936 -3412.8425 -3410.1052
-3585.4648 -3571.7173 -3563.9885 -3563.7295 -3542.7588 -3518.5239 -3529.6973 -3556.4734 -3587.8948 -3599.6396 -3589.6289 -3567.5242 -3531.8638 -3304.6406 -2466.0435 -1840.5599 -1591.203 -1639.0837 -1916.7396 -1888.3088 -1748.1892 -1610.8662 -1576.5938 -1671.1235 -1730.4713 -1739.1068 -1768.2673 -1846.6798 -2003.829 -2063.3887 -1956.9165 -2031.4093 -2363.0642 -2830.7646 -2950.5137 -3155.4192 -3330.8691 -3434.2229 -3402.0332 -3381.6536 -3373.3896 -3370.9355 -3371.2305 -3372.9719 -3375.4827 -3379.2517 -3381.3315 -3378.6929 -3379.5381 -3385.783 -3390.0891 -3392.0127 -3393.8384 -3398.1335 -3405.0972 -3414.8669 -3424.5347 -3429.3271 -3431.6731
-3589.9299 -3569.6257 -3569.6877 -3573.406 -3548.0657 -3524.8877 -3543.7615 -3552.2761 -3594.3528 -3630.7986 -3630.2063 -3612.5979 -3580.9612 -3205.9019 -2185.8616 -1665.0603 -1537.2708 -1596.6064 -1670.8375 -1568.0106 -1447.8551 -1312.5016 -1319.6406 -1384.2307 -1456.6982 -1522.4215 -1570.6888 -1647.6049 -1735.3092 -1734.4252 -1702.1814 -1795.7469 -2043.1476 -2328.8621 -2306.0208 -2595.2891 -3185.3572 -3488.0115 -3439.5725 -3404.0784 -3389.3372 -3384.3142 -3383.3794 -3384.2197 -3386.6838 -3389.4958 -3390.019 -3385.6323 -3385.7661 -3390.7432 -3392.8928 -3394.2517 -3396.1777 -3399.2471 -3406.2373 -3417.4229 -3428.6489 -3436.0486 -3439.4331
-3565.0837 -3567.8457 -3588.6121 -3581.74 -3566.0073 -3557.6975 -3561.3459 -3558.9963 -3611.5737 -3659.8022 -3665.176 -3652.3545 -3625.2395 -3296.155 -2389.5574 -1893.9673 -1761.2576 -1518.411 -1192.2224 -1006.3 -965.7275 -924.2458 -995.7043 -1076.2839 -1175.5281 -1271.0255 -1341.8658 -1431.3302 -1499.1425 -1544.835 -1570.0637 -1683.0841 -1889.406 -2043.0908 -1982.8724 -2191.0371 -2907.043 -3407.3738 -3441.2346 -3407.6758 -3398.5122 -3395.5413 -3393.7549 -3393.3828 -3392.6704 -3389.938 -3385.4187 -3381.9253 -3380.6763 -3378.9744 -3378.7961 -3382.324 -3388.1377 -3395.2532 -3404.9944 -3417.5234 -3428.9705 -3435.9355 -3437.2571
-3534.7585 -3552.6592 -3608.1733 -3587.9507 -3566.1428 -3545.1001 -3522.3171 -3503.7891 -3583.4138 -3666.9861 -3676.5081 -3633.095 -3561.2878 -3173.1331 -2964.7217 -2463.1321 -1812.5863 -1083.9353 -668.7652 -546.949 -540.8647 -567.6211 -662.9183 -761.2034 -878.5239 -997.743 -1093.677 -1192.9857 -1303.8499 -1409.6515 -1512.5342 -1635.7856 -1767.2207 -1862.0844 -1793.1888 -1846.7858 -2227.937 -2753.7529 -3249.3694 -3406.0913 -3414.1479 -3413.4526 -3405.3093 -3394.3735 -3381.4622 -3366.9521 -3355.4729 -3351.0171 -3350.0593 -3349.8906 -3353.9487 -3362.7268 -3374.1462 -3387.3171 -3401.2524 -3415.1763 -3425.2317 -3430.4026 -3430.1902
-3584.8005 -3575.5625 -3581.2134 -3527.7893 -3489.4907 -3460.186 -3483.1155 -3496.2271 -3570.9026 -3648.1938 -3541.7283 -3067.0952 -2569.0872 -2297.2817 -2554.949 -2223.1533 -1309.7969 -628.0825 -431.2108 -399.4604 -391.583 -404.0605 -455.7856 -531.0798 -636.5706 -752.8748 -861.9459 -965.6781 -1102.1775 -1244.6705 -1378.6672 -1495.011 -1580.8599 -1657.9135 -1591.1578 -1562.5374 -1701.8915 -2018.328 -2639.7473 -3227.0657 -3448.97 -3448.1221 -3420.458 -3383.1855 -3348.0703 -3321.3691 -3305.9246 -3300.7048 -3302.49 -3309.2795 -3321.5466 -3338.3188 -3357.5024 -3377.0535 -3394.9758 -3409.7715 -3417.9966 -3408.9802 -3391.8789
-3634.3066 -3611.438 -3544.4331 -3432.2515 -3348.4153 -3336.3708 -3465.4431 -3546.813 -3569.2764 -3531.1245 -2929.0137 -1826.6035 -1115.1777 -1128.6898 -1340.3448 -1165.2209 -668.1988 -408.191 -367.4104 -359.1409 -350.106 -355.5977 -368.5371 -401.6551 -473.8043 -573.5255 -679.6425 -782.2336 -905.7646 -1044.3546 -1177.4152 -1302.8381 -1389.7913 -1464.271 -1446.7379 -1399.9548 -1477.9777 -1628.0424 -2018.7192 -2832.4609 -3411.4185 -3444.8616 -3419.6047 -3347.0679 -3288.5134 -3254.624 -3239.3774 -3237.5574 -3245.2959 -3260.5933 -3282.7202 -3309.2815 -3338.3428 -3366.0645 -3388.8896 -3403.7324 -3406.8652 -3340.0181 -3224.8833
-3632.4702 -3612.1816 -3532.2109 -3418.603 -3352.0491 -3348.6719 -3469.3062 -3504.4988 -3354.5261 -2900.7603 -1863.8633 -779.2855 -361.9851 -405.5409 -522.3362 -486.0347 -375.8946 -327.9894 -324.4525 -322.41 -321.5701 -325.4599 -323.6711 -327.1094 -354.4486 -454.0726 -546.3733 -651.921 -759.6969 -875.6667 -1012.3032 -1143.1201 -1236.1226 -1313.5814 -1347.8431 -1316.0024 -1348.8026 -1424.8813 -1633.2472 -2094.6323 -2528.8389 -2974.9578 -3316.7917 -3250.345 -3184.269 -3158.2568 -3152.6331 -3160.9565 -3178.6138 -3204.0098 -3236.9597 -3275.4055 -3317.2859 -3357.5796 -3387.3286 -3399.8271 -3363.3152 -3214.0259 -3006.0991
-3623.5391 -3603.4724 -3559.783 -3518.1111 -3506.2927 -3407.9399 -3289.5503 -3047.1941 -2502.3433 -1647.9664 -793.7037 -317.0193 -204.5603 -221.6111 -297.419 -319.5114 -307.0247 -294.9391 -281.3925 -285.5029 -287.9637 -290.6384 -286.2371 -286.7443 -294.9641 -375.5012 -431.0834 -506.848 -636.6298 -758.4005 -883.3552 -1013.9058 -1124.7792 -1221.6292 -1260.7211 -1234.3696 -1266.2957 -1339.3291 -1433.6757 -1597.9402 -1838.933 -2426.2617 -3093.231 -3319.5649 -3303.3521 -3297.8503 -3300.7273 -3300.5435 -3314.9377 -3342.6592 -3343.8083 -3343.0923 -3391.0249 -3419.1257 -3428.6062 -3433.45 -3378.3828 -3195.042 -2986.9226
-3656.3354 -3615.3906 -3556.8943 -3498.7473 -3425.5154 -3145.0139 -2706.7373 -2112.1248 -1321.4603 -618.6844 -276.7206 -193.4072 -180.2491 -198.9307 -261.7478 -279.9477 -270.0481 -247.7973 -208.4307 -223.8651 -233.2739 -249.7129 -250.677 -260.471 -276.2193 -326.9275 -354.839 -399.1725 -513.1283 -670.8901 -788.2303 -919.6845 -1046.6189 -1159.8116 -1189.1135 -1166.4624 -1212.2285 -1294.5305 -1378.0505 -1557.7352 -2075.7236 -2847.4746 -3290.2026 -3430.2312 -3431.8379 -3436.7871 -3444.2832 -3443.8748 -3450.1802 -3453.489 -3360.644 -3260.9741 -3376.4333 -3460.1924 -3465.156 -3462.4651 -3434.2468 -3319.2966 -3139.4006
-3703.1482 -3479.1252 -3198.6709 -2989.2561 -2801.345 -2301.8071 -1537.3722 -891.4515 -454.6838 -218.965 -161.9604 -159.0786 -158.1023 -169.1806 -210.4761 -237.4228 -224.1795 -191.1621 -145.9613 -134.5527 -145.4265 -201.0799 -214.2116 -228.1286 -250.4655 -277.9956 -300.875 -337.3811 -412.4846 -583.1248 -713.0743 -829.732 -961.8961 -1097.3779 -1146.385 -1130.5352 -1182.9462 -1282.9159 -1402.1809 -1883.5696 -2849.5295 -3361.2197 -3467.459 -3464.2244 -3453.3853 -3460.2273 -3424.1174 -3300.438 -3361.448 -3468.6079 -3385.6682 -3309.3149 -3391.9902 -3445.0391 -3457.4272 -3461.2651 -3451.9683 -3424.1804 -3327.7529
-2858.8621 -2369.8911 -1982.6379 -1881.1895 -1704.0708 -1140.6105 -600.937 -313.4682 -162.8632 -119.4231 -122.8593 -112.5619 -111.9719 -134.5778 -156.1641 -175.243 -168.5251 -141.2468 -99.593 -84.1957 -109.3622 -175.604 -176.3428 -193.0651 -207.7072 -227.1047 -251.9216 -290.5367 -340.9309 -485.642 -645.8395 -750.9062 -877.5992 -1035.4769 -1113.6667 -1111.6711 -1157.9324 -1268.8828 -1464.6979 -2186.5288 -3261.9868 -3479.7927 -3487.2351 -3472.9045 -3456.1748 -3415.325 -3130.1255 -2557.2634 -2721.5605 -3273.7874 -3420.271 -3432.8999 -3431.4063 -3370.9812 -3382.5037 -3406.2549 -3372.4294 -3392.0911 -3365.6814
-1338.2903 -944.8818 -744.4701 -748.5439 -666.3561 -441.4752 -295.9072 -203.7767 -113.8876 -92.0624 -103.8824 -84.1454 -82.405 -95.8774 -118.2608 -131.1452 -130.6335 -108.2435 -81.5566 -80.7756 -107.654 -129.5688 -141.6096 -171.761 -168.9645 -187.5422 -190.7719 -200.4965 -251.4097 -378.0641 -562.7527 -687.7379 -801.0295 -959.6754 -1071.4447 -1092.6486 -1138.3335 -1252.1018 -1493.0978 -2265.969 -3288.5269 -3478.4531 -3478.5654 -3493.1289 -3429.8838 -3054.5366 -2306.5537 -1634.7986 -1693.7103 -2399.5576 -3040.6519 -3301.1677 -3293.531 -3256.1528 -3262.2244 -3263.959 -3134.2434 -3152.3433 -3131.5681
-520.1193 -367.0828 -317.7091 -315.9034 -299.6982 -266.3035 -226.6305 -159.7485 -97.6334 -77.0041 -71.739 -57.6379 -66.8704 -77.0697 -100.9656 -111.9819 -111.0264 -92.4253 -81.8788 -87.0003 -103.3453 -111.0106 -122.0705 -146.1624 -141.6643 -156.8912 -144.2967 -126.1204 -166.1525 -310.2912 -509.5979 -631.02 -718.5207 -862.3567 -1014.6514 -1071.2522 -1144.1375 -1266.8612 -1562.8505 -2439.9888 -3333.6414 -3476.5337 -3482.6267 -3412.5513 -2902.9209 -2055.1663 -1455.9027 -1186.834 -1178.6569 -1648.7466 -2458.8782 -2925.8955 -2999.3879 -3017.2539 -2965.3892 -2907.6711 -2792.741 -2788.5742 -2805.7844
-299.9384 -258.9533 -248.0898 -244.4718 -239.6332 -220.9672 -149.9642 -104.0447 -84.3415 -61.9348 -52.9312 -56.6368 -75.3087 -82.044 -93.8666 -104.3373 -104.8387 -89.4501 -87.5053 -83.1012 -95.6095 -103.2748 -109.2791 -122.3969 -121.6451 -119.2858 -100.7995 -83.7 -114.4628 -254.4325 -457.4815 -584.7138 -660.0698 -782.0652 -939.5077 -1057.8624 -1151.4628 -1281.6591 -1714.895 -2742.8513 -3438.0884 -3501.9492 -3480.3386 -3018.7476 -1996.342 -1322.1871 -1131.3315 -1069.8573 -1095.5171 -1548.6947 -2215.678 -2584.6338 -2701.1113 -2754.624 -2637.4036 -2469.2214 -2442.0957 -2476.9832 -2543.8621
-246.5529 -231.7476 -224.5637 -219.9935 -216.2247 -189.4252 -133.1736 -103.4668 -86.389 -66.0778 -60.4485 -57.9204 -73.5617 -85.4132 -97.9655 -92.8574 -88.195 -85.6802 -87.852 -80.9423 -87.0929 -88.8457 -94.5604 -98.3408 -96.6885 -93.3263 -74.9967 -63.24 -93.953 -263.045 -502.3537 -561.8838 -606.4111 -697.9094 -828.7319 -990.7075 -1137.1432 -1287.0126 -1778.8973 -2796.6851 -3398.6606 -3325.3389 -3091.8467 -2474.0168 -1532.7399 -1146.8727 -1059.2362 -1033.3434 -1068.9436 -1463.7709 -2065.4771 -2407.5898 -2478.1401 -2501.9141 -2352.6965 -2169.6453 -2183.6843 -2281.2437 -2377.3545
-215.9021 -201.0356 -193.0939 -187.6024 -199.6379 -179.8116 -138.4499 -112.6366 -93.5672 -82.14 -68.476 -44.6595 -53.4022 -87.8281 -101.5187 -88.6598 -84.2384 -84.1376 -83.0998 -80.2813 -78.5529 -79.2362 -79.3947 -78.0471 -82.2315 -101.4956 -71.5731 -52.3975 -74.7837 -211.4921 -475.619 -532.3596 -551.891 -630.5346 -730.9683 -886.3203 -1048.1691 -1232.1669 -1609.2556 -2293.0552 -2705.6184 -2388.1423 -1989.7017 -1635.63 -1273.8979 -1083.1437 -1030.4984 -1012.4564 -1108.1228 -1587.4568 -2109.2195 -2308.0298 -2294.7708 -2269.7803 -2154.5627 -1986.6865 -2053.7727 -2174.6821 -2287.5234
-185.3624 -173.5294 -169.4124 -165.8571 -165.4992 -150.7893 -125.6058 -107.1182 -89.2831 -81.2182 -74.2982 -63.0921 -71.0989 -82.741 -85.6154 -80.2091 -79.5725 -80.4314 -78.7855 -73.6206 -71.9202 -79.3218 -80.4277 -73.3252 -73.3636 -89.7308 -72.9599 -58.8148 -69.2332 -169.6762 -389.4462 -492.4285 -506.6335 -568.8518 -672.7171 -823.916 -965.0873 -1133.8695 -1321.3583 -1547.0688 -1635.519 -1494.0659 -1396.9714 -1301.0165 -1173.9882 -1070.4843 -1024.3444 -1054.3219 -1319.8881 -1837.401 -2140.75 -2171.2983 -2132.4165 -2070.4504 -2012.5088 -1739.1449 -1648.0714 -1950.1676 -2253.8196
-167.0239 -158.9198 -157.6814 -144.5352 -128.4445 -118.2972 -108.6072 -99.1382 -90.1361 -87.1466 -93.3735 -88.7867 -93.9596 -81.3007 -74.7025 -76.574 -77.9547 -75.9319 -75.3745 -49.9138 -61.8888 -79.1356 -72.385 -63.3352 -62.3688 -68.5861 -69.1166 -62.0651 -73.7264 -170.6546 -357.7624 -441.7963 -467.4081 -516.4408 -604.5699 -754.1786 -893.8634 -1022.9736 -1104.1351 -1203.4979 -1249.9468 -1245.0724 -1232.3717 -1190.6295 -1133.8289 -1074.2216 -1047.4283 -1198.313 -1625.2452 -1991.1233 -2069.2212 -2054.2253 -2031.8214 -1976.1346 -2013.5166 -1978.0599 -1926.0728 -2172.876 -2381.7932
-147.8966 -140.6872 -146.5763 -130.8568 -109.7751 -104.4725 -98.1688 -89.4987 -81.2998 -77.6969 -78.4945 -75.7383 -82.6877 -70.4346 -56.4447 -67.5995 -69.9749 -75.0629 -72.7057 -55.709 -58.0534 -67.7173 -63.8795 -55.7123 -58.2198 -54.499 -62.0332 -66.9297 -80.6449 -182.7576 -347.7923 -410.5067 -432.2667 -475.2571 -552.0422 -689.531 -848.9927 -975.835 -1030.2583 -1108.0486 -1171.9711 -1169.1241 -1113.7871 -1081.5294 -1108.6101 -1108.2041 -1206.3507 -1550.3475 -1919.9868 -2061.6099 -2063.2563 -2061.7324 -2068.937 -2029.391 -2115.0068 -2225.5371 -2331.8196 -2451.6323 -2522.8193
-121.3452 -120.3848 -114.6734 -104.8442 -97.6708 -92.6567 -85.5758 -78.311 -69.2343 -63.9279 -64.3669 -61.3415 -64.081 -53.6219 -40.5534 -63.3937 -65.1182 -71.184 -74.4923 -58.5605 -58.777 -70.1123 -60.519 -43.0519 -53.3673 -54.0876 -58.5704 -64.3952 -74.5747 -166.6389 -326.2165 -387.4124 -396.1581 -442.6926 -502.9271 -609.8218 -762.3353 -905.082 -1002.2357 -1051.2472 -1083.0546 -1082.1086 -1026.8737 -1007.6133 -1088.4561 -1209.9611 -1534.3505 -1939.8434 -2089.0757 -2113.7322 -2135.7195 -2126.4199 -2131.8494 -2191.2466 -2302.4758 -2407.1921 -2490.2261 -2499.6892 -2499.3337
