Resources/Map/Lvl0_30x30/Ele_FB.asc
ncols         335
nrows         335
xllcorner     -16695000
yllcorner     -10075000
cellsize      10000
nodata_value  -99999.0
[rows 216 to 242 of 335, columns 183 to 243 of 335]
882.1556 1092.8093 1465.2903 1129.714 1370.47 1238.738 838.9659 857.8137 907.2881 985.9266 969.8542 1102.9292 956.774 868.0903 930.5064 860.3734 908.6232 1099.3986 1152.1283 1167.1957 1541.5244 1548.6824 2493.6934 1295.2439 1150.308 1118.5813 1274.4264 1042.954 1055.6119 1317.0325 1200.7958 1170.4548 1189.155 2814.4363 -707.5375 -693.384 -678.6085 -664.5502 -651.2317 1238.1698 1074.7539 1061.9545 834.5477 1174.5792 1205.1664 1124.7941 1177.3754 1183.0214 1203.129 1227.473 1319.3027 -506.6848 -509.0775 -513.9111 -520.8456 -529.8065 -538.9375 -549.1119 -562.2999 -580.5282 -601.6115
932.1163 1122.4509 1470.8085 1307.3185 2022.3638 960.9391 674.5535 907.7756 836.4892 958.7808 1219.5386 1078.3621 1062.4895 855.6793 848.1772 855.4209 892.8378 3206.5708 1603.046 1125.2692 3059.9104 4026.1333 8247.8242 8193.8828 6677.3086 4406.3657 1176.2343 2141.5195 977.3942 969.0381 1150.3307 1162.9163 1581.6045 2310.6121 2759.877 2669.8064 6110.9771 6919.5117 5900.4209 1180.5203 1280.8313 1088.6932 1181.1831 1159.0481 1052.7299 1157.0886 1195.2081 1205.8857 1071.2882 1165.823 1277.4766 -641.1406 -640.5807 -644.1754 -650.2273 -657.4966 -665.73 -674.745 8910 -696.7903 -710.6506
863.1844 856.1044 839.3798 807.0413 707.3702 646.3689 896.9125 2611.4595 4907.1675 4809.9429 2209.043 6047.3101 7102.1064 8685.6406 -737.6777 -756.5655 -775.5703 1157.6204 2146.6252 8454.8994 -831.1946 -843.2039 8641 -864.86 -871.3801 3916.2979 2136.2363 -885.6368 1004.7714 828.652 784.7805 1108.5656 1628.9258 1309.854 948.3986 951.2479 958.9196 740.2416 621.8293 852.9344 1045.9673 1234.21 1118.5325 1230.2999 1190.9786 732.1049 1053.3094 1067.7457 647.9617 648.3378 624.7014 726.2682 989.3506 611.7639 509.4734 758.8285 816.1721 695.5243 896.6726 1175.7712 1011.5948
845.5337 869.0071 881.0349 866.4385 809.814 801.0212 1342.5896 1777.1603 -651.2765 8982 -646.021 -647.1008 -651.2361 -658.4126 -669.4565 -683.6824 -700.0102 958.3629 968.4556 952.3738 958.6019 965.5836 984.0118 1000.4785 997.8203 1008.6218 995.248 1000.6631 968.9807 928.1454 971.0161 1185.8157 1087.1626 1037.239 1028.1008 1137.3456 1077.6785 894.389 894.3422 1039.0265 953.2194 1064.6483 851.7856 517.0003 325.8 283.6298 212.0075 312.7604 288.4821 609.1297 512.81 510.9154 476.287 756.8636 773.7073 555.2097 353.9115 645.3464 574.1562 585.7343 718.5173
797.9982 795.8011 786.9762 766.3953 800.7534 861.0731 876.3894 864.9672 872.3932 1016.8816 1019.0915 893.9863 924.1051 1623.5504 1032.4443 913.8665 865.7076 876.4282 881.5989 902.1893 882.7484 899.4958 899.8404 923.3962 935.4927 952.1879 933.647 946.2213 967.6834 998.6844 990.3246 994.841 994.5464 1008.4375 1011.7603 1014.2417 970.7304 997.468 957.1659 1032.3202 966.1985 978.0688 981.5381 897.0453 346.984 32.3754 139.7508 55.9681 371.9396 294.1541 57.5458 60.3102 65.8177 108.3848 131.7 33.9562 26.1506 62.9834 119.3855 448.1833 569.8289
901.0038 855.1388 842.5014 859.2296 890.4125 855.6245 660.8906 670.5256 855.4556 807.3168 836.0488 817.2112 878.6912 896.2462 892.9405 819.629 852.0849 891.5237 908.5385 900.1293 894.3665 928.443 901.2489 909.0677 950.7496 922.0894 938.378 952.2182 946.6731 1001.2119 962.6888 928.6387 949.6805 938.9565 889.7397 834.7681 791.7432 712.5244 669.8898 719.8157 578.6801 549.9913 647.3937 793.5441 797.288 1080.1664 1074.9503 1079.2219 1028.2175 764.5514 618.0339 293.7393 236.3096 424.0758 420.5294 172.6864 -693.727 -691.9947 8.6301 120.3293 51.4204
718.0924 769.1649 799.7531 825.1401 879.9691 881.085 721.2058 448.9762 471.9691 475.5485 404.1424 454.1731 589.1939 679.7806 739.8962 765.3483 832.1772 863.7173 881.1866 880.7499 879.2237 903.9118 869.9103 898.9931 807.5296 930.9865 944.2263 970.3361 986.1848 858.9819 838.0857 1071.8667 1082.458 938.0732 698.5505 854.9413 920.1129 688.5955 670.717 842.2131 40.1383 128.5402 45.3768 44.6504 173.3466 38.5648 33.6658 246.7043 551.7331 915.2038 953.2124 981.6785 1022.0162 1003.371 1050.4856 671.563 111.4365 25.8286 35.9059 50.7822 54.429
568.4482 406.0298 341.5543 485.1842 730.8865 777.677 792.6846 603.468 576.1346 546.5424 526.5739 575.867 829.8233 805.0568 806.723 798.2179 917.4809 876.3887 850.0488 856.6649 858.8489 866.146 876.1258 903.0583 912.8083 929.9416 940.3547 938.7996 936.3209 970.774 959.2435 965.0474 968.5229 981.8323 993.1097 1128.2755 864.9113 766.4989 596.9341 835.3327 932.7365 991.6946 999.3281 1005.5878 1017.6047 1001.8209 993.7663 928.3052 1003.7714 1013.3257 1016.2496 1018.595 1026.4958 1026.5735 1027.9354 1029.0583 932.1324 382.2217 198.2949 25.5853 188.6034
540.1033 609.3095 522.9507 496.261 625.2364 813.2383 866.198 952.7733 867.9786 916.2722 510.8971 899.0595 840.4987 833.7754 891.5678 921.1397 890.6893 1025.038 1007.4744 919.0817 953.9629 864.7053 869.8833 870.8386 862.5528 880.4593 891.4164 904.9185 901.2143 901.9579 899.7767 928.9109 926.3172 937.9526 956.1761 944.1382 945.8636 941.3373 973.2062 964.7589 957.1207 964.5783 1018.2692 1017.5375 993.9347 969.6236 982.4695 990.2946 993.3886 988.647 1009.776 1011.7642 1020.1845 1019.8741 1039.1187 1037.0818 1052.2776 1052.827 1049.4309 754.8256 44.0245
777.1191 854.2276 880.2715 872.6462 868.6639 856.9868 808.3922 862.321 954.6915 747.3414 1066.5677 895.9886 803.117 817.1541 849.3273 840.6002 841.8281 854.4803 855.2089 862.6571 852.0009 871.0071 872.2031 874.6433 897.3818 894.8179 889.8909 881.6943 859.3718 888.7952 879.7042 880.4949 888.1003 886.6792 917.6093 899.0402 916.2977 890.723 917.6485 910.6522 926.8231 950.2068 1009.2881 962.974 949.7576 955.1533 974.6717 968.6632 974.4995 979.9015 983.6292 981.6774 993.2336 999.3715 1000.7722 1008.8372 1015.8939 1021.1093 1017.0185 1015.4269 1013.4172
820.193 794.4138 801.3314 743.4481 781.3835 788.6212 800.4081 826.9426 812.2433 790.1166 792.294 779.9827 792.0693 815.1086 816.4123 819.0568 842.0245 831.2536 844.9161 850.5115 847.0636 856.49 859.4257 865.3317 871.2564 873.4832 901.6083 899.1788 875.2263 865.2219 884.3472 878.5886 882.2109 884.4359 883.7418 895.0538 896.4657 896.0904 891.3973 897.3291 901.3832 934.7417 947.679 940.0626 936.1266 934.6099 935.8582 934.7292 928.4503 947.8388 945.9142 943.2689 942.327 947.6117 968.0776 970.3517 982.7993 988.9315 989.3644 989.5702 1017.4808
769.5034 764.4839 762.4808 768.5502 774.6183 770.056 780.3605 791.2482 792.9955 765.4666 779.5331 751.3642 767.5789 772.093 762.698 766.4326 782.6235 777.6982 782.4406 781.3082 795.1765 801.4778 805.4028 801.4792 801.6241 814.9843 827.7734 828.7537 836.4169 833.6596 813.874 817.3943 817.2283 814.3071 816.2769 813.7843 812.0518 831.0225 842.5588 845.3136 850.4945 847.9105 853.8929 834.8712 832.3842 837.528 862.1725 870.0903 867.3522 896.8522 912.6465 919.2307 919.8909 917.3062 919.678 926.5895 933.1143 940.5932 954.429 949.2263 958.58
708.5255 709.6377 736.7314 754.3719 749.6964 755.1439 768.2841 757.059 745.4547 731.8205 738.9251 758.329 756.222 731.4814 709.1723 721.6409 740.861 761.9175 759.9239 781.5505 752.8858 753.9919 744.9993 755.0936 760.4866 766.6671 771.0629 785.4052 804.3441 791.1141 802.4377 806.6805 828.0226 827.7341 804.2861 819.3757 831.7117 836.8 851.4478 835.6245 871.3032 890.4142 860.8303 828.2924 866.4479 881.4724 865.168 866.6854 841.6153 876.653 859.9132 863.3756 861.5237 869.6871 873.8264 867.8188 867.0345 876.2114 891.0737 883.6136 918.581
713.6547 714.9155 700.788 721.3156 722.3009 697.343 719.6639 747.8904 766.0487 743.7838 728.6871 715.5172 720.0931 707.8396 734.5112 749.9156 757.9359 758.2778 749.502 797.866 789.951 785.1407 787.3558 781.9293 772.2488 765.0564 769.3091 774.144 789.3119 799.8052 799.9764 793.6655 798.5239 796.7111 794.1326 821.879 807.989 806.6416 814.7311 833.1213 850.6716 859.8483 859.1536 864.331 871.2729 870.9066 880.8566 888.0635 881.846 877.8246 876.5017 877.718 887.1065 882.2015 881.775 865.8052 869.5082 876.3558 864.1144 858.5146 862.4229
712.2328 720.2088 702.3649 707.719 707.4354 704.4928 705.0067 702.4868 708.5152 706.3739 711.1803 710.181 712.7515 715.0219 742.7665 739.2736 750.5291 722.8861 741.8694 746.4424 743.7356 746.4012 759.5858 740.8699 736.9998 742.67 747.9769 751.6524 776.7189 777.8323 808.0036 831.4136 802.3104 835.5583 826.2675 832.2709 828.478 866.7971 832.6027 855.2338 855.8058 892.1354 887.96 868.3363 876.4606 899.5614 865.5199 876.1027 879.4904 877.1732 870.9147 869.1385 877.7241 879.715 881.629 900.2007 882.0886 994.2032 892.4114 888.4022 900.5099
676.7698 679.0159 684.7571 671.3504 678.9938 661.3039 657.4053 670.5626 682.0004 667.6671 671.7455 684.2687 718.3218 683.548 684.8218 702.6351 676.0349 691.6336 711.9683 743.141 734.9968 735.114 735.9007 749.8869 741.8514 763.3407 781.3041 774.2734 3815.6514 6242.6147 2729.5857 2167.6646 2786.2251 1470.8615 6777.9663 1859.3632 2647.3679 2181.6799 840.1664 -405.1671 -403.6693 -402.8922 -401.6619 -399.2761 -396.2746 -390.6453 -382.199 -371.3829 -358.2521 -344.4757 -331.1798 -317.4499 -305.0815 -294.2316 -283.8939 -274.7631 -267.2901 -260.5355 -258.5466 -259.6349 -262.8883
651.1215 642.8724 638.2269 646.014 650.6053 641.4949 649.2763 663.746 765.1682 693.1174 684.0262 697.4808 716.8082 724.1328 714.194 718.6185 721.7843 742.019 757.2484 744.9986 737.7053 743.0602 756.2531 763.1475 764.2993 773.7524 780.2321 783.5873 -510.7466 -496.2092 -480.0364 3926.4121 1979.6112 541.8218 357.4562 3085.843 411.2452 1002.6943 3342.4399 -338.3914 -329.2664 -321.9574 -316.8674 -313.3044 -310.4861 -307.4046 -304.1613 -300.1276 -295.7214 -291.4236 -287.5124 -284.0327 -281.5129 -278.5732 -277.3009 -277.3686 -279.3111 -282.6065 -289.6549 -300.2575 -314.2562
660.8942 649.9875 651.9331 642.4503 666.8875 678.5649 -650.1931 -624.3333 -597.0681 -569.1618 -543.7177 -519.3911 -500.2757 -486.0524 -476.149 -470.7297 -470.1044 -472.9313 -476.4139 -480.8426 -485.5554 -489.8803 -493.726 6669.2207 -496.3497 7119.6099 5348.0859 2146.115 1946.7441 5079.2446 3259.925 712.7409 620.7551 667.9569 769.9427 548.3304 612.9692 769.6836 361.9004 6940.6655 -394.8152 -392.3221 -391.0495 -390.2982 -389.5885 -388.5539 -387.0649 -385.0191 -383.3015 -380.8676 -378.3574 7650.019 8697.1582 -379.4846 9167 8960.541 9024.0518 8667.1074 8646.6289 -460.2876 -487.3481
615.4794 599.3697 607.8538 640.4007 654.3127 676.0172 -556.6658 -544.2883 -532.2137 -520.6163 -509.6637 -499.282 -492.6351 -487.2219 -483.0268 -479.9729 -478.1333 -477.1686 -475.5396 -474.796 -474.0192 -472.9117 -472.111 -470.8854 -469.6355 -468.2957 -466.5386 -463.9973 5451.7739 1602.9318 1957.375 1165.744 782.0561 862.4175 981.0015 675.4602 796.0527 994.1867 1697.2162 5220.5068 7008.3115 8214.8086 8405.2686 8448.6631 8142.0146 7939.0586 7665.7632 7351.2788 6729.0972 6207.8726 3874.5908 781.3339 3033.4834 4897.4409 6057.0195 6123.9111 6165.0654 5669.9282 5376.1387 5885.3267 6439.1787
655.0452 654.0151 619.312 643.9293 635.1961 653.9384 -500.0049 -501.7249 -504.0382 -506.8956 -509.7477 -512.1204 -515.0361 -516.8698 -516.753 -515.9692 -512.8517 -509.0374 2908.7751 2831.6396 2207.0139 -484.4532 7399.939 7402.3774 8148.4639 8638.3691 8524.9268 7187.9009 3636.0225 547.6846 356.3216 528.2466 1228.3673 929.4716 780.616 839.5417 1030.4415 1196.3069 1703.6852 2986.7102 4081.4314 4495.1387 4703.084 4695.7407 4379.7124 3459.083 3736.9641 3925.7207 3674.3699 2800.2422 1915.4651 1924.8246 1668.6909 1561.3171 2849.9875 3340.8101 3369.1919 2483.2212 1604.1768 1807.0924 3042.8904
642.5673 512.8359 619.8763 647.2071 598.4224 589.7528 2745.7356 1919.3567 8751.7695 7453.666 2570.7056 1343.8101 2282.6367 1239.5313 6326.7964 7508.2446 6532.1445 4278.1572 895.2154 683.6918 932.0927 2197.9548 892.8093 1042.7867 3352.0815 4125.729 4062.0071 2619.6768 1145.3877 805.1773 769.9269 843.1271 976.0817 913.4719 839.6373 945.5297 867.5704 961.7523 1086.2441 2004.531 2431.9778 1882.9507 1663.3511 2057.1375 1795.9457 1304.9803 1123.5536 1197.7554 1570.2546 1508.1808 912.4491 862.0991 823.0657 1299.7007 916.1737 1478.9501 2025.3955 1314.5532 551.9697 829.4559 1802.8304
571.069 645.944 635.4023 574.3352 540.3168 440.1516 613.1732 720.2467 2805.8779 2641.4543 1385.895 951.4365 1183.3901 905.9362 2630.4788 3597.2598 3233.2756 1919.1704 1065.8567 677.7388 708.6992 984.0704 846.4415 1221.8767 1352.3225 956.518 1644.2267 774.4529 451.3558 689.6951 623.4543 584.4186 711.5917 671.8923 533.1818 548.5151 539.0593 541.212 494.9983 1321.4882 1228.1219 871.8792 983.2628 745.8767 386.9665 294.7723 464.2531 216.0347 172.5361 956.8093 1117.9252 917.2612 745.8904 811.252 785.9512 1318.2734 1446.9158 1457.9655 1000.3541 974.9644 1259.1377
368.8295 367.096 351.3206 294.2653 265.0114 242.2528 598.6524 862.0239 1151.4154 1331.4036 1080.8463 350.5827 705.9141 1200.1824 1515.0952 1267.0331 1291.2086 1262.2678 597.1314 396.9781 235.9127 360.6057 272.1619 549.9539 284.2235 343.5975 844.8742 481.207 778.563 511.0786 446.1782 463.8106 524.4999 535.9178 410.8185 331.2609 361.7596 472.7036 186.2695 573.6188 100.6026 183.8367 811.6329 297.0425 168.944 464.8479 773.0325 852.7292 867.4052 932.0208 938.2088 932.0566 901.2627 1010.8048 957.1805 1041.8163 1083.1477 1207.3571 1117.0226 1054.2982 1071.4796
360.4311 222.5844 171.4126 108.1512 160.602 282.2599 612.5587 613.0917 466.0617 338.42 645.5044 815.6532 897.4736 646.2312 899.9268 757.1209 513.9339 488.5888 382.2863 263.083 268.6453 319.0456 469.0669 412.1488 535.6899 448.7003 410.7761 450.7163 466.3125 580.7996 604.5975 503.925 503.2938 566.3938 431.81 428.4079 150.1132 156.3876 219.3452 329.6914 629.7867 808.575 792.9943 714.9779 457.8477 435.1735 484.9863 607.941 735.0025 632.396 721.3191 754.7595 784.1002 768.1412 798.7777 876.8154 889.8586 1033.5853 991.2759 940.8354 1013.878
442.5835 430.038 573.8966 182.9928 371.7112 332.9331 539.928 387.2682 495.4898 757.1525 492.7307 443.0588 298.9201 387.7744 340.574 290.9665 260.0759 153.7908 223.9937 615.1722 711.3972 454.2252 261.3726 205.7126 393.0464 270.5162 249.4503 123.3342 351.6395 329.6747 314.3062 596.1859 294.7288 435.1625 216.4072 459.0461 71.3498 94.7956 349.9688 328.5987 318.451 723.5617 560.7797 496.1371 325.3438 320.7538 528.3789 392.5579 298.7165 659.7957 629.5618 719.86 805.8944 979.4528 1091.5776 825.9648 719.0231 734.9851 838.0944 612.7231 1167.3889
-580.9522 272.3952 212.8256 279.1602 224.0455 269.1198 289.6795 266.0476 429.708 477.0135 441.1636 202.2535 262.7007 116.0032 222.6274 267.6902 356.2382 307.7592 184.1517 393.8564 518.501 460.1688 160.4598 203.0852 -726.8956 225.0003 147.1094 169.7807 218.1689 216.7126 382.9869 238.2551 451.0957 213.6388 220.098 127.7614 73.7428 79.9803 29.0223 67.5931 104.1946 86.5685 99.6253 120.6986 175.4675 137.6471 138.357 194.6127 314.3924 285.7091 419.8343 744.3029 548.1932 734.9218 589.3119 644.5228 731.4909 509.7766 748.9771 886.216 575.1533
264.9233 233.7641 361.1537 474.9792 456.9504 290.7227 354.685 323.3277 279.8712 629.1756 536.4278 323.8029 228.9726 340.802 560.4649 769.5421 -728.8878 517.6689 242.6369 621.2574 623.5906 785.4078 364.7217 190.0197 172.5819 338.5994 541.2396 246.1403 445.1027 212.2585 191.8333 292.8999 493.0323 397.6405 263.7878 192.3201 -886.3767 133.5174 -910.5028 -922.1659 119.8276 -941.9604 294.6969 169.7392 250.5163 210.6034 82.6135 92.2318 131.7756 -986.4035 -986.6561 -986.4246 355.4257 424.2487 562.2238 617.0579 455.9082 376.4981 350.2244 597.1121 433.7166
