Resources/Map/Lvl0_30x30/Ele_EL.asc
ncols         335
nrows         335
xllcorner     16805000
yllcorner     -6725000
cellsize      10000
nodata_value  -99999.0
[rows 0 to 25 of 335, columns 58 to 115 of 335]
-4987.7778 -4956.6318 -4911.7246 -4963.1011 -4891.8008 -4876.3833 -5012.0737 -5213.207 -4972.1172 -4173.5669 -3494.1736 -3050.8093 -2978.3645 -3115.6475 -2660.3945 -2435.1775 -2303.0042 -2243.9465 -2131.9592 -2220.3757 -2555.8621 -2778.9824 -2814.2441 -2510.0833 -2432.3037 -2803.8735 -3151.0029 -3311.0295 -3302.833 -3073.416 -2742.4316 -2525.8633 -2395.4668 -2263.0933 -2271.9128 -2388.741 -2303.804 -1907.7722 -1555.3885 -1701.1062 -1838.5842 -1575.7379 -1261.4581 -1462.8267 -1752.9618 -1821.0441 -1641.0068 -1479.0305 -1506.2192 -1518.5031 -1547.6495 -1676.8815 -1644.7676 -1323.9255 -1227.7876 -1373.245 -1294.4089 -1220.0836
-4565.9907 -4876.8618 -4963.2744 -4951.7012 -4841.0786 -4957.229 -5074.7114 -5113.8618 -4683.7031 -3886.1633 -3401.1682 -3168.2898 -3045.345 -3140.646 -2819.616 -2634.0735 -2436.7627 -2415.6133 -2350.6882 -2340.6357 -2634.1685 -2974.6592 -3061.6694 -2800.7483 -2836.3506 -3138.0518 -3160.1533 -3178.7969 -3220.2478 -3014.3618 -2703.4033 -2555.7561 -2462.9524 -2385.4956 -2424.6008 -2399.0229 -2162.2244 -1720.762 -1403.6346 -1538.864 -1689.887 -1507.0605 -1282.7469 -1399.0829 -1608.6346 -1702.9443 -1584.194 -1417.757 -1455.8516 -1493.9491 -1454.6505 -1566.3125 -1600.0773 -1371.1389 -1352.343 -1481.6464 -1414.9889 -1332.9401
-2232.0964 -3861.8154 -4673.5942 -4951.9204 -5008.5884 -5110.0796 -5025.9966 -4870.6724 -4523.1069 -3841.1135 -3384.2922 -3194.8594 -3160.5259 -3114.0405 -2830.0769 -2687.3801 -2522.8477 -2644.1545 -2666.417 -2566.0801 -2720.7129 -3018.9521 -3200.762 -3161.1553 -3266.9287 -3315.4146 -3109.3691 -3139.7559 -3284.2788 -3139.6309 -2834.5547 -2637.2437 -2535.4751 -2484.8572 -2472.4954 -2383.8523 -2129.5337 -1685.2427 -1455.7311 -1594.4404 -1658.4126 -1506.8151 -1456.0614 -1457.4502 -1466.9344 -1475.0516 -1410.5862 -1356.5636 -1422.1003 -1551.0614 -1357.776 -1296.7247 -1479.978 -1447.9336 -1461.7207 -1520.1671 -1447.5363 -1393.7565
-585.1607 -2680.7092 -4124.314 -4816.4976 -5094.7378 -5068.1006 -4835.8369 -4634.208 -4365.4189 -3814.8689 -3397.6433 -3225.8101 -3277.647 -3251.4871 -3044.0771 -2932.1128 -2772.8743 -2855.2922 -2935.4985 -2921.126 -2996.145 -3121.2446 -3178.4626 -3261.1016 -3398.0767 -3412.3938 -3299.99 -3267.6106 -3341.6074 -3276.1104 -3037.8215 -2770.0361 -2662.6047 -2564.6733 -2407.6313 -2320.0171 -2213.0989 -1885.9785 -1677.463 -1719.1306 -1642.5472 -1400.6354 -1344.6619 -1310.7523 -1153.9325 -1156.2312 -1333.4016 -1430.8176 -1434.7885 -1510.3097 -1314.4258 -1156.2676 -1388.9943 -1462.2319 -1438.9324 -1477.579 -1407.6353 -1404.02
-428.14 -1678.8335 -3372.7051 -4485.8755 -4875.7051 -4833.5854 -4625.5884 -4433.5527 -4202.085 -3909.0881 -3505.615 -3211.3152 -3250.0566 -3343.4338 -3186.5796 -3066.6606 -2873.6384 -2857.1033 -2973.4744 -3171.428 -3362.4998 -3525.9277 -3557.3586 -3535.822 -3526.9958 -3473.8364 -3485.3704 -3512.6074 -3556.3618 -3522.2432 -3294.6365 -2927.8389 -2647.0095 -2456.7124 -2303.8494 -2276.8665 -2281.7595 -2130.0879 -1946.3309 -1811.0785 -1574.2976 -1321.7775 -1288.4198 -1336.0634 -1158.5789 -1117.8313 -1399.3879 -1480.7643 -1411.1084 -1459.6271 -1270.2125 -1098.3624 -1328.7642 -1513.1237 -1426.9919 -1378.5743 -1362.7708 -1434.9587
-305.0041 -569.2095 -2077.4668 -3901.6577 -4516.4194 -4644.6978 -4583.5488 -4362.8594 -4166.7144 -3992.1716 -3567.2651 -3187.6929 -3190.9502 -3315.6216 -3246.2236 -3123.8005 -2882.4045 -2917.0342 -3073.1282 -3319.8145 -3535.2527 -3673.6116 -3678.4036 -3628.6152 -3544.6091 -3462.4578 -3486.8979 -3521.4326 -3544.4065 -3530.9768 -3323.8984 -2972.7361 -2666.6409 -2438.3506 -2310.5315 -2308.6333 -2294.752 -2160.0708 -2020.8591 -1866.8912 -1588.608 -1387.5825 -1394.2664 -1447.079 -1332.0182 -1201.6486 -1394.6774 -1513.616 -1412.217 -1404.5946 -1257.433 -1139.1324 -1282.8627 -1420.0704 -1388.6433 -1294.3042 -1333.5145 -1428.6611
-415.9892 -351.2303 -830.4036 -2994.0186 -4243.332 -4586.9248 -4516.3794 -4333.3574 -4203.8027 -3985.5474 -3635.3264 -3260.1418 -3246.0159 -3314.9729 -3340.1626 -3272.7739 -3060.9922 -3022.8174 -3101.4385 -3359.0693 -3616.7961 -3681.3865 -3636.5198 -3657.2544 -3592.0605 -3533.1892 -3555.9922 -3552.4819 -3561.3142 -3534.0505 -3354.0034 -3085.9617 -2829.7725 -2545.6455 -2408.2495 -2416.4639 -2300.5671 -2028.8782 -1860.5822 -1693.4406 -1524.213 -1476.8849 -1492.0288 -1520.5138 -1412.2687 -1241.5665 -1256.7648 -1442.8068 -1388.7029 -1265.5878 -1201.278 -1205.089 -1418.6344 -1455.3993 -1392.6868 -1282.3311 -1339.0314 -1384
-1463.1738 -1075.9325 -1147.0618 -2592.7791 -4097.7622 -4588.6172 -4499.0005 -4355.0547 -4153.2407 -3866.1921 -3622.9148 -3367.4382 -3278.6274 -3307.2278 -3332.856 -3272.054 -2980.7053 -2908.0891 -3124.7927 -3386.0613 -3565.0605 -3588.0054 -3575.5193 -3600.8359 -3517.2385 -3509.1292 -3617.5288 -3686.5232 -3659.0313 -3593.8069 -3475.5344 -3222.7024 -2943.8762 -2648.9287 -2508.8699 -2457.7202 -2221.6838 -1871.1331 -1675.9684 -1478.5861 -1338.4189 -1291.2399 -1295.4001 -1422.7437 -1372.5933 -1215.6791 -1130.8877 -1282.0735 -1396.9133 -1316.2604 -1172.2439 -1175.1343 -1466.2767 -1519.762 -1384.213 -1258.343 -1353.5592 -1413.4232
-3704.0039 -3468.9951 -3391.4497 -3703.9539 -4322.5796 -4548.6616 -4477.5513 -4323.7231 -4064.4819 -3803.114 -3648.1951 -3556.188 -3314.6501 -3181.2195 -3143.0811 -3108.4661 -2932.0176 -2942.7908 -3171.7683 -3380.7603 -3557.5503 -3615.4998 -3628.4976 -3606.1458 -3366.6599 -3045.3604 -3147.5549 -3598.6655 -3703.5227 -3592.1411 -3460.3184 -3198.2893 -2862.8506 -2470.679 -2304.6108 -2286.001 -2077.6484 -1768.6859 -1624.5839 -1536.1151 -1422.4745 -1253.6937 -1180.506 -1345.7905 -1388.8127 -1325.1166 -1260.9426 -1303.5409 -1457.965 -1464.7866 -1202.6089 -1124.2281 -1357.7329 -1422.4269 -1378.9408 -1319.4287 -1342.2075 -1421.8452
-4773.0767 -4913.2734 -4822.7852 -4646.3301 -4647.3418 -4609.9663 -4509.957 -4256.6538 -3985.9692 -3806.0984 -3684.926 -3571.3701 -3309.2329 -3098.5425 -3049.7698 -3059.498 -2999.6658 -2981.4956 -3142.3406 -3387.0598 -3581.7417 -3690.9063 -3772.9607 -3820.1711 -3550.5161 -2770.3962 -2565.3677 -3311.7009 -3660.8447 -3563.9841 -3433.2817 -3150.4739 -2681.9011 -2159.147 -1982.4476 -2046.7026 -1957.4346 -1707.7246 -1531.5507 -1511.3099 -1501.3564 -1394.8049 -1273.7367 -1308.0179 -1409.8192 -1481.4005 -1456.9956 -1410.6882 -1485.8005 -1539.5834 -1334.5074 -1231.3921 -1315.8073 -1379.243 -1369.2855 -1282.9193 -1255.2844 -1318.9169
-4958.2495 -5011.105 -4882.9849 -4782.124 -4706.5815 -4555.9819 -4463.0884 -4298.6035 -4020.3701 -3809.9421 -3640.9709 -3484.6321 -3386.0452 -3221.4475 -3150.7124 -3133.9753 -2924.2483 -2844.0881 -3102.7305 -3272.4211 -3437.6091 -3667.6401 -3824.251 -3853.1311 -3777.5483 -3345.8408 -3081.4819 -3486.2446 -3707.5886 -3622.1948 -3480.0215 -3145.8909 -2614.7175 -2169.8257 -2014.6858 -1994.1986 -1920.8124 -1727.0748 -1516.0376 -1471.7257 -1460.4406 -1419.4833 -1330.2966 -1286.9594 -1352.3029 -1463.7821 -1480.422 -1431.1663 -1445.4366 -1440.2444 -1377.5878 -1281.041 -1190.7864 -1315.1787 -1386.3713 -1275.9677 -1174.688 -1204.6367
-4990.9761 -4917.7534 -4817.9014 -4791.4092 -4718.1851 -4507.8975 -4343.4014 -4236.4702 -3991.3906 -3812.3906 -3618.9265 -3445.9302 -3420.3547 -3270.6165 -3074.8652 -2998.0037 -2790.9756 -2828.6628 -3107.9089 -3102.8655 -3183.9866 -3521.022 -3781.3794 -3865.1584 -3902.1523 -3822.7336 -3724.6179 -3758.7075 -3747.4246 -3663.5413 -3452.4668 -2858.821 -2142.1326 -1935.8174 -2035.158 -2003.0223 -1877.4731 -1752.4182 -1633.3607 -1513.5833 -1436.8876 -1408.8358 -1394.9919 -1396.0684 -1375.3331 -1382.4379 -1392.76 -1434.4303 -1450.6276 -1422.135 -1402.152 -1252.2529 -1053.7905 -1114.3862 -1298.3308 -1327.8196 -1233.387 -1202.6277
-5010.1465 -4899.4546 -4768.9219 -4713.1289 -4567.2153 -4384.1982 -4256.6948 -4104.1865 -3980.9446 -3896.042 -3658.0349 -3451.0808 -3237.22 -2970.0459 -2893.2605 -2881.3037 -2837.4629 -2924.8438 -3151.4368 -3111.1892 -3062.0442 -3339.8059 -3690.1343 -3886.937 -3910.0842 -3826.3352 -3820.0857 -3796.6475 -3715.1179 -3551.2292 -3095.5874 -2046.8026 -1052.6866 -1100.3594 -1698.782 -1918.6301 -1779.2612 -1689.2894 -1697.3616 -1608.2355 -1527.4968 -1472.2938 -1430.9688 -1413.0739 -1408.3289 -1363.0249 -1313.0109 -1390.9171 -1481.9633 -1534.1981 -1465.7516 -1277.9779 -1046.4723 -983.4514 -1152.8951 -1307.5156 -1279.6796 -1244.1689
-4970.4839 -4910.1338 -4742.085 -4574.2666 -4364.1816 -4261.814 -4141.0146 -3926.3184 -3960.3557 -3926.2932 -3664.9331 -3446.1826 -3048.7136 -2695.4048 -2853.7869 -2936.3354 -2859.6335 -2816.0664 -3067.1965 -3153.2632 -3107.053 -3268.9885 -3613.3733 -3873.3501 -3955.8733 -3875.752 -3831.9153 -3758.2527 -3589.5923 -3204.6697 -2410.8545 -1233.5369 -377.2737 -385.9323 -1206.1047 -1818.8335 -1815.3646 -1709.4347 -1715.6343 -1709.0768 -1636.089 -1515.7457 -1411.4349 -1398.5502 -1455.288 -1419.4189 -1369.7831 -1334.4869 -1412.1007 -1538.8741 -1445.7919 -1305.9905 -1183.1133 -1101.0109 -1152.6173 -1301.4077 -1292.657 -1261.4723
-4868.5234 -4808.9087 -4627.2007 -4414.4653 -4299.9907 -4286.8511 -4154.0146 -3945.75 -3950.7891 -3866.0098 -3636.9646 -3453.7864 -3182.812 -2752.9666 -2703.9241 -2759.6255 -2843.3994 -2867.3284 -2941.0244 -3106.6035 -3231.4702 -3525.645 -3909.5378 -3999.4468 -4023.4126 -3974.1035 -3895.8748 -3772.2209 -3490.7314 -2988.8989 -2241.0579 -1260.9088 -465.4463 -225.3427 -753.5789 -1524.0349 -1806.6765 -1748.9681 -1724.9933 -1757.731 -1710.5692 -1551.6512 -1437.0875 -1417.0194 -1400.3145 -1436.8566 -1489.7428 -1359.1652 -1328.0248 -1434.374 -1407.3016 -1354.9634 -1331.0455 -1254.9767 -1177.2744 -1222.3623 -1209.0233 -1264.7654
-4716.8442 -4632.3755 -4487.4683 -4331.4834 -4341.3179 -4328.5059 -4177.1558 -3986.345 -3951.1902 -3847.2715 -3693.0769 -3585.9041 -3364.6084 -2863.6748 -2671.1482 -2665.8245 -2798.6611 -2891.5425 -2794.1316 -2973.353 -3186.9397 -3582.5669 -4031.2317 -4026.5713 -4011.8523 -3990.1511 -3916.9546 -3778.0176 -3482.9478 -3089.3611 -2570.4646 -1826.3302 -934.8429 -417.3192 -420.8745 -1013.3131 -1669.4727 -1812.4894 -1765.4957 -1751.8713 -1703.1362 -1572.2302 -1437.0967 -1338.2014 -1224.9711 -1318.0546 -1465.6097 -1412.8373 -1348.6628 -1361.4064 -1372.2717 -1389.5245 -1394.3663 -1281.7314 -1156.785 -1136.032 -1133.3468 -1271.1316
-4561.4702 -4533.8921 -4485.3599 -4388.3813 -4417.1919 -4360.168 -4162.9097 -3987.9763 -3964.6436 -3898.7585 -3826.6592 -3605.4924 -3100.7505 -2635.7893 -2629.7744 -2653.5935 -2719.7222 -2765.5972 -2747.3242 -2966.822 -3170.874 -3493.7742 -3919.7778 -3989.2234 -3962.2251 -3939.7334 -3929.2 -3798.7644 -3561.1838 -3335.1638 -2970.781 -2529.8113 -1867.4907 -1007.9954 -341.5916 -596.7446 -1534.0796 -1959.0554 -1896.9579 -1784.0089 -1707.8729 -1632.3411 -1512.9264 -1399.1948 -1294.7621 -1249.4989 -1304.1335 -1324.8297 -1309.0973 -1317.9565 -1328.3497 -1358.9648 -1368.9663 -1322.5664 -1216.8112 -1176.8781 -1212.0883 -1277.2599
-4452.9404 -4496.6143 -4574.1636 -4487.751 -4372.9658 -4356.0815 -4206.4507 -4046.0498 -3998.4854 -3976.8228 -3976.6519 -3527.8171 -2731.9585 -2295.4744 -2303.6829 -2368.0371 -2556.4771 -2664.5103 -2753.4009 -2944.8435 -3212.1272 -3532.5383 -3806.4712 -3889.8562 -3916.5022 -3941.5625 -3967.252 -3886.5439 -3719.8066 -3585.5129 -3394.1938 -3230.1472 -2905.9324 -2041.9104 -1039.424 -1017.1337 -1785.8217 -2139.625 -2032.8551 -1884.5472 -1808.1139 -1750.1074 -1624.7085 -1539.6285 -1503.2677 -1337.0555 -1177.5992 -1121.3081 -1143.6179 -1231.0513 -1266.5195 -1323.3671 -1354.8237 -1344.3644 -1291.8129 -1275.8253 -1294.0575 -1313.0328
-4488.769 -4548.8022 -4626.897 -4500.208 -4300.9272 -4333.0972 -4244.7432 -4150.6777 -4032.876 -4008.9001 -3978.4968 -3567.2573 -2972.1379 -2456.5427 -2016.3131 -1981.1514 -2310.5515 -2602.6211 -2784.1331 -3034.2827 -3343.2629 -3690.2795 -3854.0508 -3840.7031 -3762.1382 -3771.625 -3900.2068 -3906.6709 -3774.2927 -3709.0747 -3627.2988 -3561.7954 -3456.5554 -3004.6438 -2386.7263 -2250.1221 -2446.5361 -2387.1172 -2150.6755 -1951.4064 -1873.3013 -1828.6082 -1675.8677 -1582.0264 -1584.7299 -1502.1823 -1299.7817 -1115.3445 -1076.5157 -1144.8666 -1132.9823 -1259.0018 -1373.9666 -1325.7372 -1311.6061 -1284.3066 -1270.7528 -1328.5728
-4562.8345 -4631.3765 -4630.9253 -4465.3506 -4273.1357 -4279.7529 -4331.0815 -4369.4917 -4215.3467 -4025.6074 -3693.5359 -3415.74 -3276.0991 -2909.8777 -2204.3928 -2001.7804 -2157.9526 -2553.8142 -2875.2449 -3316.22 -3596.9031 -3790.8521 -3825.6406 -3711.4792 -3407.0518 -3259.3506 -3630.7566 -3889.144 -3856.6143 -3834.1804 -3751.9138 -3643.0286 -3639.5422 -3536.355 -3298.394 -3053.2505 -2843.9934 -2606.5178 -2335.8804 -2071.5269 -1935.2953 -1866.4912 -1746.6727 -1662.6453 -1619.8936 -1562.4611 -1440.6412 -1299.5485 -1264.7958 -1214.7736 -1035.3307 -1152.0923 -1363.3057 -1317.459 -1275.0791 -1233.2715 -1214.4075 -1315.2784
-4683.2271 -4655.6489 -4589.1587 -4504.3931 -4386.5068 -4376.5039 -4502.9351 -4414.8579 -4341.832 -4089.8167 -3435.9734 -3122.9167 -3168.3025 -2928.1155 -2368.5759 -2149.0669 -2129.9844 -2551.9739 -3004.7317 -3466.2732 -3589.3154 -3545.1316 -3515.075 -3542.9019 -3350.1667 -3060.2595 -3417.9885 -3875.418 -3918.9263 -3874.3088 -3824.3335 -3693.9412 -3660.8911 -3634.5754 -3419.0193 -3155.728 -2984.439 -2790.4023 -2507.5879 -2185.5867 -1999.7164 -1872.6978 -1754.4484 -1695.717 -1617.7336 -1535.75 -1434.6642 -1397.1719 -1433.8109 -1370.288 -1130.3142 -1175.0592 -1323.627 -1304.7628 -1227.6635 -1198.735 -1181.9091 -1279.8972
-4705.4067 -4481.6782 -4444.7832 -4581.5205 -4604.6318 -4575.6938 -4618.3848 -4320.1592 -4264.5029 -3977.9607 -3376.1318 -3016.5303 -3045.4551 -2906.7048 -2593.0798 -2467.9143 -2390.0801 -2641.1941 -3003.3931 -3310.9365 -3308.9172 -3249.9385 -3310.9312 -3494.0579 -3580.1602 -3467.4363 -3634.8184 -3857.8528 -3840.2009 -3849.8093 -3874.7842 -3772.5178 -3663.7083 -3478.4297 -3127.6182 -2985.3997 -3065.0698 -2982.1357 -2677.1965 -2323.0293 -2107.9099 -1873.9486 -1652.5638 -1621.6211 -1607.6156 -1566.0516 -1466.3003 -1471.3678 -1461.9742 -1418.9844 -1271.5164 -1318.6918 -1348.0892 -1298.1448 -1222.9215 -1235.2246 -1215.0803 -1309.0049
-4384.7769 -4185.5107 -4328.7246 -4540.5454 -4593.709 -4521.3652 -4475.5464 -4300.0986 -4097.7583 -3677.47 -3475.2844 -3198.6099 -3120.426 -3059.6895 -2965.8547 -2918.6282 -2797.8877 -2842.7815 -2947.9497 -3100.8896 -3142.3757 -3202.1992 -3341.5369 -3465.3328 -3657.8235 -3867.7053 -3954.6458 -3875.3606 -3753.2466 -3750.4988 -3783.8262 -3730.5635 -3632.1309 -3435.3071 -3116.2813 -3016.5417 -3134.3386 -3144.6379 -2867.259 -2492.1528 -2264.2158 -1986.7141 -1616.3556 -1488.816 -1538.3975 -1598.8081 -1573.1609 -1576.3223 -1435.7446 -1385.9218 -1300.6677 -1393.2784 -1401.8026 -1349.9998 -1297.0321 -1309.0396 -1298.5615 -1409.2612
-3733.9868 -3831.0513 -4207.082 -4396.3682 -4407.1641 -4281.7134 -4174.3394 -4090.303 -3793.7131 -3493.8274 -3574.4197 -3431.9202 -3233.9968 -3170.1113 -3181.9233 -3147.8416 -2967.5708 -2927.8052 -2875.7356 -2908.9067 -3026.8928 -3223.8711 -3492.4724 -3528.4675 -3574.4558 -3792.1077 -3947.6316 -3972.613 -3829.4153 -3688.1436 -3657.3169 -3621.1504 -3589.875 -3589.3027 -3519.6587 -3379.1001 -3248.1042 -3222.3669 -2994.3557 -2624.8462 -2454.7729 -2250.7678 -1842.8729 -1534.7031 -1529.1801 -1599.0402 -1620.2969 -1613.8474 -1440.1177 -1397.738 -1326.0896 -1398.3556 -1435.8766 -1430.752 -1349.8575 -1283.0898 -1298.4641 -1428.51
-1927.6973 -2462.2476 -3584.896 -4227.6885 -4288.0713 -4139.937 -4060.1423 -3921.7495 -3698.6724 -3520.5781 -3524.4163 -3414.8096 -3173.6689 -3140.4495 -3216.9321 -3180.2358 -2952.2388 -2834.0146 -2696.7788 -2671.2261 -2878.7004 -3253.3362 -3668.0591 -3745.5859 -3633.4795 -3667.8894 -3865.9363 -4050.084 -3939.9927 -3737.0667 -3685.9519 -3669.8513 -3633.686 -3622.863 -3664.093 -3623.1599 -3403.0674 -3223.0913 -2934.073 -2625.7512 -2600.4221 -2494.1155 -2140.3882 -1792.1405 -1697.802 -1632.4636 -1581.6082 -1581.1053 -1497.6819 -1448.0245 -1394.301 -1403.5007 -1482.2207 -1517.8954 -1371.9781 -1223.8138 -1287.6984 -1394.6364
-608.5507 -1018.085 -2700.2175 -3967.136 -4260.1855 -4260.272 -4207.7949 -4143.0059 -4005.3169 -3721.4026 -3467.7854 -3306.9846 -3103.8726 -3036.209 -3115.4016 -3097.105 -2915.1833 -2794.6377 -2628.6455 -2565.2517 -2804.8186 -3281.5242 -3804.8247 -3992.3694 -3839.9749 -3758.1353 -3876.4626 -4024.8313 -4017.3955 -3920.7625 -3865.3157 -3824.0537 -3770.4502 -3760.3306 -3835.9521 -3808.7734 -3581.4417 -3294.5649 -2910.8489 -2547.9802 -2536.5032 -2551.7354 -2263.7971 -1906.4937 -1724.1681 -1602.1833 -1536.2068 -1487.6525 -1483.5851 -1475.5222 -1433.5 -1402.8646 -1486.1548 -1559.9709 -1447.2804 -1282.2009 -1358.2217 -1413.545
