Resources/Map/Lvl0_30x30/Ele_CE.asc
ncols         335
nrows         335
xllcorner     -6645000
yllcorner     -25000
cellsize      10000
nodata_value  -99999.0
[rows 175 to 199 of 335, columns 57 to 113 of 335]
-5340.0811 -5335.7686 -5314.1763 -5190.2178 -5146.8872 -5204.0352 -5101.0454 -5024.0537 -5032.624 -5082.4487 -5029.165 -4827.2998 -4882.5176 -5097.7158 -5210.6724 -5085.5884 -5144.0239 -5153.6406 -5060.2656 -5064.3257 -5057.9468 -4985.7852 -4962.9331 -4980.4727 -5058.5933 -5004.1401 -4988.0562 -5031.6797 -4997.5972 -4998.4683 -5042.8462 -5100.6885 -5130.7861 -5129.7036 -5052.104 -4873.6025 -5102.1841 -5139.0615 -5069.4375 -5011.3296 -4944.0327 -4799.3281 -4903.6147 -4965.8232 -4902.1689 -4694.6118 -4783.6953 -4840.917 -4706.1733 -4681.7285 -4719.5547 -4658.3101 -4450.6265 -4300.126 -4194.9834 -4163.7773 -4174.2852
-5356.5449 -5356.4644 -5342.8169 -5137.2427 -5060.5352 -5165.853 -5084.8608 -4933.7397 -5030.7485 -5141.1074 -5072.3555 -4981.6743 -5140.6797 -5297.6851 -5352.8506 -5257.3706 -5167.1724 -5188.6226 -5203.3198 -5188.5044 -5143.5112 -5080.6738 -5074.4009 -5106.9155 -5119.23 -5076.666 -5100.6577 -5151.4326 -5176.0596 -5151.3091 -4957.5186 -4926.0649 -4972.1865 -4881.9736 -4897.7158 -4925.8042 -5084.334 -5064.1846 -5040.4893 -5099.3511 -5127.9565 -5093.8643 -5141.5225 -5081.7026 -5000.2256 -4834.2324 -4888.8384 -4849.8433 -4670.9951 -4628.9194 -4674.6133 -4681.6689 -4572.981 -4452.0308 -4400.3433 -4450.6216 -4402.0083
-5428.5195 -5432.1025 -5441.6865 -5347.7974 -5283.5752 -5289.5356 -5240.749 -5190.2544 -5277.5522 -5280.1167 -5169.9238 -5128.5098 -5201.7588 -5260.334 -5357.3252 -5374.0269 -5272.001 -5216.5 -5194.0664 -5171.709 -5125.7319 -5115.8071 -5112.3521 -5113.1699 -5107.3218 -5044.5972 -5062.272 -5119.6196 -5141.0518 -5049.9902 -4844.6519 -4834.8716 -4878.4009 -4739.7925 -4805.9512 -4994.0669 -4970.0015 -4827.7432 -4759.5112 -4850.4912 -5009.876 -5148.147 -5197.7007 -5164.1636 -5202.3403 -5173.9487 -5131.8794 -5004.7837 -4781.8594 -4639.8813 -4725.1758 -4807.5635 -4803.8735 -4709.9082 -4727.6421 -4792.4487 -4565.3574
-5405.0342 -5411.3926 -5416.9937 -5398.2881 -5421.6528 -5421.6572 -5374.6011 -5325.3237 -5320.5107 -5281.4429 -5201.7119 -5197.1919 -5234.2266 -5237.2412 -5266.4595 -5297.1953 -5233.3613 -5131.0483 -5122.3403 -5129.1689 -5073.3081 -5093.9019 -5118.9683 -5092.1719 -5101.5923 -5066.1396 -5021.998 -5062.4351 -5101.4214 -5053.4556 -5013.2056 -5049.5073 -5077.7456 -4999.3389 -5004.9531 -4963.5571 -4675.3848 -4619.4258 -4705.4775 -4770.8882 -4922.1162 -4926.2485 -4827.5688 -4910.1157 -5102.75 -5183.439 -5213.3354 -5177.52 -5059.7686 -4962.6392 -4982.2754 -5016.6475 -5010.2725 -4917.2212 -4879.8716 -4859.0215 -4516.8628
-5354.9995 -5391.4883 -5426.0557 -5429.6313 -5436.457 -5377.6001 -5284.4189 -5190.4033 -5186.0854 -5153.2646 -5139.3921 -5167.4033 -5193.6372 -5201.5127 -5178.7261 -5112.6118 -5044.938 -5012.1792 -5162.7129 -5194.1343 -5120.5356 -5147.9277 -5150.2852 -5081.4199 -5105.6699 -5134.7954 -5148.8828 -5167.6924 -5188.3965 -5187.0469 -5164.8721 -5148.6582 -5122.9204 -5097.7612 -5097.0493 -4950.7437 -4651.2437 -4712.3433 -4893.5308 -4918.8945 -4981.2344 -4820.7549 -4716.3311 -4763.9941 -4797.4399 -4775.2026 -4793.5747 -4881.9644 -4970.7656 -5041.1372 -5100.2314 -5094.0649 -5102.8901 -5065.1743 -5005.2192 -4916.1016 -4675.04
-5334.3857 -5368.1953 -5414.2568 -5414.0317 -5392.1528 -5341.2271 -5270.3345 -5194.8853 -5186.2075 -5139.9209 -5087.8213 -5059.585 -5018.9185 -5031.0601 -5048.4082 -4980.8623 -4931.707 -4976.6611 -5123.6904 -5137.5698 -5107.8462 -5149.71 -5176.2646 -5142.3906 -5162.8564 -5186.2446 -5172.9771 -5171.7046 -5215.1592 -5192.2656 -5149.5303 -5135.9834 -5111.9316 -5166.1494 -5145.0225 -5034.958 -4902.1997 -4937.5952 -5015.4717 -4980.3042 -4972.6226 -4791.8716 -4831.9487 -4861.7759 -4723.9028 -4646.3477 -4631.5239 -4699.7515 -4698.437 -4766.0479 -4916.4316 -4974.3291 -5060.2378 -5110.2114 -5119.3716 -5051.7993 -4876.895
-5349.5703 -5372.1987 -5379.6426 -5349.6152 -5346.561 -5345.376 -5308.75 -5248.6357 -5225.9375 -5178.522 -5078.8911 -5031.2344 -4992.061 -5019.2114 -5116.4043 -5142.25 -5100.5649 -5075.6143 -5107.4785 -5155.3042 -5164.0942 -5180.5557 -5203.1763 -5171.6563 -5163.8477 -5186.8027 -5168.7236 -5198.1035 -5285.0083 -5299.1909 -5295.644 -5312.7871 -5281.6655 -5320.3047 -5304.2603 -5207.3442 -5081.4429 -5039.7002 -5021.6738 -5077.7808 -5008.1626 -4859.793 -4923.9961 -4941.4233 -4835.5542 -4752.978 -4728.9707 -4775.1167 -4683.7915 -4686.8818 -4763.5986 -4788.4258 -4829.1797 -4934.3569 -4988.3682 -5031.8257 -5082.9688
-5259.1318 -5390.1226 -5447.8174 -5396.7476 -5416.1665 -5457.8535 -5461.1191 -5423.4229 -5375.5801 -5339.9473 -5234.2549 -5140.7324 -5120.8735 -5156.1641 -5259.8359 -5293.5703 -5210.0059 -5169.9893 -5152.8828 -5118.293 -5113.3823 -5122.3809 -5132.3555 -5101.4707 -5041.5068 -5060.311 -5090.7734 -5141.7065 -5164.1357 -5168.3867 -5230.7637 -5287.958 -5295.5918 -5305.7808 -5361.7285 -5296.8726 -5120.1797 -5074.6816 -5131.5669 -5246.8389 -5213.2285 -5129.3848 -5103.0542 -5015.1802 -4945.6274 -4830.897 -4785.9473 -4765.4092 -4675.9673 -4697.4302 -4738.9072 -4681.1846 -4567.8999 -4623.7046 -4636.2231 -4723.9688 -4892.7451
-5191.2559 -5298.498 -5350.8252 -5332.3066 -5364.1602 -5437.9785 -5515.7949 -5516.5864 -5450.3345 -5356.4204 -5207.3604 -5070.8477 -5011.6514 -4960.4219 -4968.4829 -5052.5234 -5092.5068 -5134.9497 -5081.7646 -4968.4297 -5003.9814 -5062.3892 -5070.5898 -5120.7734 -5088.7847 -5074.7729 -5090.5181 -5132.1055 -5093.644 -5047.8989 -5005.0723 -4974.4268 -5054.5654 -5078.4839 -5168.0464 -5193.729 -5068.1079 -5070.4185 -5148.9561 -5186.7905 -5183.7173 -5199.9189 -5191.5752 -5068.5205 -5020.1045 -4973.6421 -4939.0229 -4881.5176 -4806.2573 -4812.2378 -4796.6729 -4659.5054 -4528.3623 -4499.2988 -4461.6484 -4496.4297 -4574.3662
-5203.5195 -5221.4106 -5237.8574 -5260.1323 -5292.5039 -5327.0562 -5379.1992 -5434.1445 -5378.3086 -5060.9404 -4715.8682 -4617.6914 -4661.5923 -4636.0405 -4641.0991 -4837.5244 -5007.7017 -5094.5356 -5049.1479 -5013.9028 -5107.5459 -5073.6348 -4969.21 -5102.6699 -5154.3105 -5149.4053 -5170.7129 -5242.0234 -5227.938 -5149.9258 -5034.4531 -4932.6821 -5019.208 -5011.6504 -5046.605 -5140.7993 -5002.5015 -5041.3325 -5082.7261 -4944.8208 -4867.0874 -4929.2251 -5023.0854 -4971.8535 -4976.2139 -4999.5811 -5026.2222 -5034.0117 -5004.4058 -5015.1182 -4962.4019 -4820.9937 -4746.7578 -4692.7334 -4611.1772 -4584.5762 -4567.6943
-5196.9043 -5215.1465 -5237.1436 -5257.0732 -5292.8052 -5302.001 -5302.6079 -5356.8555 -5334.9658 -5051.4443 -4789.0054 -4849.9775 -4939.6782 -4943.6006 -4944.0635 -4988.8525 -5064.7783 -5102.5171 -5093.3315 -5096.1372 -5128.8955 -5066.2256 -4968.2217 -5064.1733 -5133.4546 -5121.3472 -5125.6978 -5191.0923 -5205.8608 -5140.8569 -5090.1567 -5037.6978 -5049.2754 -5014.0229 -5007.2739 -5076.5708 -4982.0181 -5009.0581 -4997.2476 -4779.4785 -4683.8442 -4746.3486 -4835.9233 -4873.8164 -4918.3198 -4890.374 -4933.7383 -4994.0562 -5003.8716 -5068.6426 -5104.4678 -5084.7119 -5020.7627 -5023.0225 -4979.8467 -4903.3228 -4802.7979
-5096.5869 -5141.5474 -5152.0562 -5155.1372 -5139.7285 -5160.5215 -5173.1934 -5261.5054 -5239.0464 -5206.6973 -5163.5889 -5077.8623 -5043.689 -5044.5835 -5076.0288 -5109.0479 -5129.2793 -5141.6616 -5145.521 -5142.8853 -5158.1045 -5166.0879 -5154.7085 -5169.4019 -5158.4595 -5112.981 -5085.3647 -5118.6128 -5145.2422 -5112.2046 -5076.377 -5042.7197 -5010.5317 -5015.1528 -5012.5093 -5024.5571 -5000.9111 -5029.0156 -4991.7827 -4820.4712 -4811.9478 -4773.6045 -4812.2949 -4822.312 -4855.4307 -4836.0557 -4842.7104 -4843.6919 -4819.375 -4842.1128 -4944.1484 -4941.6113 -4849.5879 -4960.6548 -5020.5283 -5042.2729 -5011.6958
-5091.957 -5151.5054 -5182.5361 -5137.2793 -5052.917 -5064.1772 -5042.2158 -5170.2598 -5119.0952 -5120.4326 -5181.7163 -5109.0181 -5067.4453 -5036.5908 -5033.3623 -5079.1582 -5099.2319 -5099.0225 -5103.9409 -5101.5464 -5097.5122 -5109.6787 -5126.6533 -5132.9805 -5140.377 -5109.979 -5065.1826 -5099.4585 -5148.0737 -5124.0146 -5083.1846 -5073.335 -5068.7676 -5084.875 -5085.8325 -5067.0029 -5045.6348 -5058.9233 -5047.541 -4948.8184 -4960.5703 -4870.771 -4878.3545 -4878.7979 -4860.0078 -4883.7588 -4876.0117 -4756.5132 -4699.2397 -4728.04 -4850.5059 -4808.1523 -4662.4683 -4703.3188 -4722.1157 -4784.6704 -4879.1143
-5093.1714 -5181.1948 -5275.166 -5214.7993 -5128.6416 -5084.9209 -5083.5776 -5193.0439 -5221.4863 -5197.0288 -5176.8755 -5115.1196 -5100.4077 -5048.2998 -5003.9795 -5039.9502 -5044.8301 -5018.0293 -5023.0449 -5036.6118 -5028.2573 -5042.4214 -5056.1802 -5051.3765 -5103.124 -5117.8857 -5062.0557 -5070.8779 -5158.6787 -5159.6646 -5124.7383 -5116.1621 -5122.3403 -5157.5986 -5171.1465 -5141.8301 -5110.7534 -5092.8877 -5097.542 -5053.9644 -5070.0718 -5047.5801 -5019.1831 -5014.5439 -5005.3535 -5003.7695 -4958.8252 -4810.0864 -4760.4883 -4820.4253 -4910.8291 -4817.6255 -4666.5923 -4635.915 -4571.4097 -4545.0649 -4679.8228
-5026.2134 -5127.2871 -5240.0283 -5224.7075 -5165.6484 -5123.0757 -5153.2651 -5248.5693 -5331.5044 -5281.2358 -5200.5796 -5127.0693 -5104.8755 -5085.3662 -5062.6343 -5072.6826 -5053.5557 -5018.9766 -5037.5557 -5077.0747 -5080.7871 -5075.0737 -5072.7046 -5076.7515 -5130.6919 -5197.1294 -5185.458 -5188.4409 -5215.0337 -5152.7959 -5118.0117 -5115.9917 -5085.2856 -5103.9771 -5123.9634 -5081.4209 -5073.0205 -5060.7173 -5059.0723 -5036.0811 -5070.4658 -5078.7759 -5050.9854 -5065.896 -5095.9648 -5071.7935 -5081.6211 -5005.0718 -4993.9683 -5058.1001 -5047.811 -4888.8257 -4784.2681 -4745.4771 -4681.2114 -4617.7881 -4685.165
-4932.6499 -4985.3882 -5052.4194 -5079.4497 -5064.5024 -5090.1187 -5122.3604 -5166.7759 -5243.5347 -5235.9243 -5203.9873 -5150.1431 -5110.1895 -5111.0469 -5124.126 -5117.0762 -5087.769 -5066.2539 -5111.6138 -5181.5078 -5179.4863 -5122.2422 -5120.0503 -5157.3564 -5139.6396 -5174.3789 -5222.7031 -5239.1089 -5191.3442 -5005.8652 -4977.7881 -5074.6128 -5078.2964 -5048.1016 -5054.6992 -5021.0483 -5053.5601 -5050.3833 -5011.2559 -4974.7808 -5005.0698 -4971.9473 -4964.2939 -4985.4453 -4980.1631 -4996.6074 -5054.2061 -5054.3428 -5110.9692 -5168.4995 -5118.5205 -5004.9443 -4950.124 -4923.6294 -4883.8359 -4752.7754 -4739.144
-4833.689 -4857.6094 -4899.1953 -4933.1548 -4942.5127 -4968.519 -4957.0439 -4986.9927 -5033.7476 -5059.0083 -5074.9839 -5081.4829 -5066.6055 -5053.7373 -5100.3276 -5104.5981 -5091.4458 -5109.5947 -5183.9302 -5240.2065 -5201.5542 -5110.4453 -5088.8071 -5128.5918 -5075.7715 -5064.3735 -5132.5044 -5149.4346 -5099.7632 -4911.1128 -4902.5044 -5046.8735 -5123.2437 -5072.9014 -5064.6899 -5046.498 -5074.605 -5077.2515 -5021.7578 -4991.1392 -5026.5435 -4978.7256 -4984.1973 -4956.2183 -4879.1675 -4912.8311 -4947.9434 -4962.8799 -5025.2051 -5098.6221 -5139.9629 -5077.8291 -5050.2241 -5087.311 -5058.4097 -4905.9116 -4848.5068
-4787.04 -4799.2144 -4827.4141 -4850.5093 -4869.0498 -4864.6704 -4838.4048 -4897.2388 -4913.9795 -4915.3481 -4926.377 -4950.5156 -4944.9478 -4917.5713 -4964.0029 -4986.0815 -5006.7549 -5058.6855 -5112.4473 -5124.8071 -5092.5107 -5058.1104 -5055.1133 -5099.8921 -5072.2783 -5065.4204 -5128.4868 -5136.7495 -5131.7358 -5071.5298 -5058.8838 -5101.981 -5173.5347 -5141.1577 -5100.8145 -5087.0757 -5131.0239 -5137.8306 -5099.7642 -5082.4971 -5082.6772 -5029.106 -5013.4263 -4967.4697 -4882.1665 -4929.4824 -4891.6895 -4875.0356 -4904.126 -4968.2466 -5056.1719 -4949.9531 -4927.4702 -5036.3218 -5079.8193 -5015.7959 -4971.2329
-4763.8271 -4761.5752 -4771.6309 -4797.9082 -4818.7524 -4830.9727 -4843.4609 -4906.8052 -4921.9961 -4898.8828 -4892.1304 -4893.9019 -4873.1377 -4867.7998 -4886.2749 -4900.4741 -4924.5273 -4963.5645 -4985.6421 -4992.52 -4998.4258 -5025.9106 -5050.6772 -5087.2031 -5089.9688 -5088.2437 -5127.5693 -5141.311 -5141.1226 -5122.2085 -5097.6196 -5101.6104 -5143.3682 -5136.79 -5054.4268 -5044.5801 -5128.958 -5184.6362 -5178.9907 -5167.1914 -5154.0518 -5097.7476 -5036.5205 -4998.062 -4941.688 -4984.0205 -4909.3882 -4881.4736 -4885.5181 -4907.0518 -4908.1738 -4771.689 -4758.1982 -4858.5776 -4923.709 -5008.501 -5037.8062
-4737.25 -4721.4678 -4717.8965 -4743.1353 -4769.897 -4795.1382 -4818.1748 -4854.1743 -4879.519 -4875.4385 -4875.2573 -4876.4185 -4855.2935 -4865.0498 -4880.752 -4888.1396 -4900.1509 -4928.3765 -4950.228 -4950.3857 -4959.3301 -4977.5708 -5002.7393 -5029.7124 -5053.3237 -5062.3911 -5080.2534 -5083.4155 -5073.8896 -5066.7573 -5053.6123 -5051.8296 -5084.0859 -5088.7603 -5012.4731 -5019.3584 -5063.481 -5116.0864 -5145.6787 -5158.7793 -5164.9648 -5128.6455 -5071.7778 -5053.4346 -5030.0498 -5043.1309 -5001.8228 -4978.563 -4974.8618 -4961.0283 -4874.3286 -4810.3159 -4833.5342 -4847.3296 -4781.644 -4909.5029 -5015.0698
-4709.4136 -4691.2451 -4687.4854 -4703.79 -4733.6582 -4758.9482 -4771.2021 -4787.1831 -4808.9321 -4824.5635 -4838.2573 -4856.1611 -4838.5127 -4853.1865 -4881.2339 -4893.0742 -4902.1377 -4920.1079 -4952.0786 -4963.8228 -4970.395 -4973.6782 -4992.2827 -5013.0522 -5037.0254 -5054.6758 -5068.1797 -5055.1992 -5038.8379 -5051.0996 -5036.6953 -5016.3354 -5064.8906 -5122.8442 -5095.0669 -5073.7349 -5057.189 -5063.7217 -5074.3823 -5089.1665 -5084.1128 -5097.0503 -5105.3535 -5087.8462 -5084.3267 -5087.6899 -5059.6919 -5040.8252 -5044.6128 -5019.9082 -4940.4761 -4961.8774 -4993.4404 -4959.4448 -4843.5684 -4872.2988 -4916.7832
-4710.2188 -4699.9478 -4694.7681 -4717.1646 -4737.5615 -4754.5566 -4774.6216 -4781.2842 -4797.5522 -4805.48 -4807.0552 -4823.335 -4818.1426 -4833.334 -4860.2925 -4874.9077 -4892.3945 -4904.1636 -4935.8618 -4968.8008 -4994.1548 -5009.6631 -5026.3936 -5031.7095 -5042.4878 -5057.5708 -5067.6133 -5051.7349 -5033.9785 -5044.9507 -5043.8984 -5041.4946 -5112.6069 -5214.8584 -5217.5459 -5133.5771 -5083.2778 -5078.5293 -5067.8291 -5039.791 -4994.7446 -5082.2559 -5159.772 -5155.6816 -5165.5586 -5147.9565 -5066.4023 -5017.2881 -4988.4897 -4969.522 -4962.5522 -5019.0596 -5039.7993 -5014.2065 -4981.7637 -4981.4175 -4939.0459
-4722.8018 -4730.4961 -4734.5342 -4754.4492 -4765.0342 -4789.8457 -4803.958 -4796.876 -4817.7119 -4829.0654 -4820.5767 -4819.6421 -4826.79 -4843.394 -4858.0776 -4868.7656 -4886.0039 -4899.6475 -4918.9722 -4952.1094 -4986.9463 -5011.1182 -5026.624 -5032.8086 -5042.8354 -5040.0566 -5037.2266 -5034.2861 -5016.4429 -4995.7983 -4986.4419 -4984.6587 -4956.6309 -5059.5146 -5120.9775 -5081.854 -5009.0444 -4917.8638 -4910.2095 -4890.3687 -4959.8364 -5060.5601 -5143.7314 -5184.5073 -5226.3545 -5209.3853 -5105.6382 -5027.8081 -4947.3906 -4847.8643 -4759.2939 -4708.5576 -4780.2026 -4801.2002 -4901.3477 -4967.0059 -4991.1064
-4737.7715 -4752.7012 -4772.3066 -4778.9502 -4769.5171 -4796.5093 -4808.9829 -4816.1362 -4829.5024 -4829.8457 -4836.3501 -4848.1548 -4860.2036 -4879.1772 -4896.0972 -4913.5493 -4925.0342 -4927.2881 -4934.29 -4954.1914 -4988.8193 -5011.2954 -5015.9487 -5025.8428 -5038.3979 -5023.5269 -5016.1289 -5012.9746 -4979.5776 -4914.7432 -4831.6396 -4735.2974 -4593.9214 -4772.8672 -4899.353 -4920.1919 -4884.7588 -4839.4092 -4884.4087 -4923.77 -5003.3467 -5032.79 -5065.1455 -5101.3071 -5141.5317 -5158.5029 -5106.9175 -5058.8657 -5008.4688 -4906.9492 -4761.271 -4569.7822 -4551.5151 -4551.3315 -4698.0293 -4820.085 -4914.8613
-4758.7451 -4771.9419 -4792.5688 -4799.4165 -4794.6353 -4808.9316 -4814.7207 -4823.854 -4818.0103 -4815.2065 -4840.6133 -4867.626 -4879.6831 -4889.5454 -4907.4111 -4938.7559 -4955.377 -4958.2065 -4965.0024 -4980.9834 -5012.1138 -5025.3389 -5017.8408 -5027.8931 -5039.5791 -5016.3467 -5011.292 -5027.1221 -5021.3545 -4998.1362 -4955.0156 -4878.292 -4783.3423 -4871.9355 -4933.3257 -4947.2124 -4947.9814 -4959.5747 -4988.4849 -5005.1089 -5031.4927 -5024.2197 -5024.354 -5036.7607 -5049.4893 -5062.2783 -5055.0933 -5046.4736 -5042.8911 -5023.312 -4976.6929 -4881.6372 -4833.5337 -4812.4697 -4854.8188 -4907.2471 -4947.2632
