Resources/Map/Lvl0_30x30/Ele_BC.asc
ncols         335
nrows         335
xllcorner     -13345000
yllcorner     3325000
cellsize      10000
nodata_value  -99999.0
[rows 270 to 296 of 335, columns 183 to 243 of 335]
1374.1719 1360.4874 1349.3313 1311.4082 1262.3613 1222.384 1204.4438 1127.5574 1150.2573 1128.8519 1041.5988 1072.5348 1106.4264 1099.2992 1134.0933 1136.9602 1115.6405 1060.6256 999.3888 942.8016 948.8651 951.8334 929.9215 905.8491 927.3402 916.1943 950.7195 972.3958 962.9982 932.4741 891.739 897.0952 875.3228 845.2631 824.0222 765.5913 766.8699 752.4204 748.1979 694.2351 644.395 638.4235 585.4482 608.8919 552.4659 524.1763 537.5132 523.3578 515.9468 531.6758 526.4221 514.8544 501.5978 510.1388 477.0333 505.2222 447.8027 429.3978 424.7725 410.9865 384.4753
1314.8151 1293.9365 1270.4021 1249.1506 1204.1896 1189.6044 1138.4639 1104.5153 1075.3441 1055.9164 1045.9916 1029.6472 1015.6335 1059.7397 1009.9606 1068.5221 1081.4028 1031.2606 955.0217 949.0214 1001.7126 993.493 964.013 949.9929 964.2111 974.5488 979.467 974.6772 956.6522 947.5042 939.5903 915.2321 861.4805 819.6154 794.3306 777.7109 768.7654 756.7772 762.9351 736.6511 696.077 644.0501 606.5506 562.8631 575.7949 570.7614 515.4604 505.4202 507.6174 494.206 505.0749 518.155 507.3492 485.7756 465.822 440.1193 433.4047 457.7736 456.2128 420.1951 409.0346
1226.9264 1208.6729 1193.8661 1179.7937 1149.7328 1110.4813 1077.7041 1089.1244 1082.0743 1071.7429 1066.3143 1021.9314 1048.1497 1008.0009 972.3253 972.2224 971.4018 957.0867 941.0302 1029.1633 1046.5817 1035.7163 1014.1813 1000.2051 1014.957 1011.4453 997.4788 984.204 925.7477 898.2318 879.6899 874.4363 826.3174 782.1934 761.7797 721.3895 710.8487 700.9511 688.588 719.5334 675.6029 702.0581 622.5306 614.6824 626.3387 603.5032 543.029 520.3992 483.3318 490.0156 472.2204 500.7748 521.231 506.1079 496.9474 489.3707 487.8843 435.378 441.8986 441.1424 437.1043
1168.1543 1135.8933 1123.2996 1116.6495 1089.1036 1083.2063 1117.8326 1154.4548 1177.8687 1145.7367 1097.4069 1117.1737 1114.3115 1072.062 1014.3961 995.4604 1013.928 1006.3442 1020.847 1041.3258 1079.5682 1061.2584 1047.9341 1039.5659 1024.1731 1011.7419 995.3735 976.9123 921.3057 869.3315 841.2997 801.7618 761.1967 730.6095 736.2562 738.0593 713.9415 655.0105 663.7656 634.2115 645.2493 634.5865 616.2372 647.473 608.778 601.6206 582.2374 558.209 505.9649 465.6869 447.0129 471.8622 487.7646 468.1469 463.9937 478.6713 446.603 483.3898 448.2224 433.2604 396.8741
1176.9904 1196.5933 1180.7509 1160.5012 1166.4535 1123.7134 1191.5013 1217.1925 1226.7859 1216.3038 1197.9823 1209.2113 1180.968 1087.6498 1078.0043 1033.7531 1033.9973 1058.2499 1074.6509 1091.5065 1077.7638 1066.9082 1056.2174 1035.2848 1019.0175 1004.6732 998.2571 982.149 930.199 864.7351 845.5527 821.6976 820.7881 799.2132 721.9214 684.2676 652.7731 639.3229 612.2995 600.9795 573.9985 585.6069 561.9447 585.9751 584.3632 554.2969 569.9262 576.8199 542.4357 473.929 439.9322 448.8623 469.7366 441.2149 432.7507 456.4976 429.8321 429.4248 454.2239 439.7382 407.7969
1232.5187 1246.5385 1222.345 1177.2516 1156.0688 1168.6144 1226.2954 1287.3735 1262.311 1242.4885 1236.353 1214.1 1207.3357 1194.1917 1177.2775 1155.3011 1107.788 1114.376 1104.4742 1090.9125 1061.5015 1056.3481 1052.6317 1037.1663 1015.0169 1001.7687 982.8301 952.1113 917.6745 906.9918 905.1156 863.2385 827.3814 782.2821 737.1495 697.3571 687.0633 628.8267 644.8912 623.2991 596.481 584.3911 567.2075 552.7447 556.5317 523.5405 509.8264 528.0821 516.4458 478.7558 475.0096 430.4523 438.7439 449.5145 425.3051 433.7831 440.6323 395.8696 403.4212 373.7962 389.1452
1214.4893 1226.7531 1206.8556 1176.7045 1207.4015 1263.5482 1288.8459 1273.1696 1264.902 1238.8356 1226.7427 1218.7045 1198.7213 1173.3417 1158.6801 1146.4181 1130.5367 1104.3387 1094.4454 1080.3445 1058.7799 1045.5359 1034.5702 1023.7595 981.0911 927.9845 953.3406 933.2565 885.7537 864.6345 831.1434 802.1169 771.9415 726.3232 699.6491 670.8522 609.2806 651.1277 597.6958 628.0322 617.2575 541.0379 536.2588 532.9099 523.1546 525.6307 510.1868 490.0066 496.3956 491.0634 462.9074 425.1685 419.3474 403.3353 408.275 391.9534 405.6257 402.8112 395.6451 351.3144 362.2289
1285.7463 1253.7935 1208.0002 1202.4045 1289.0142 1311.1558 1288.7932 1277.1802 1255.8958 1241.7321 1219.35 1197.5476 1187.4467 1157.6257 1142.0537 1131.6196 1113.6349 1090.4299 1071.3529 1040.3906 1055.0536 1044.2416 1030.4852 1002.5075 979.1633 919.2758 890.6124 837.5132 825.5698 778.8751 782.9276 720.4537 704.967 660.6208 649.9113 677.1194 626.087 599.5811 573.257 564.1559 572.5269 536.9017 508.7482 525.6135 513.3051 499.3787 513.6833 481.4421 475.035 462.5051 438.1207 415.1919 423.216 417.111 416.8621 414.09 400.518 376.3195 373.8999 395.3323 361.7722
1481.7427 1457.201 1367.0239 1345.1621 1338.493 1305.9753 1288.4445 1275.3153 1262.4906 1242.5465 1211.9669 1181.2167 1171.7448 1156.364 1144.2074 1117.019 1094.5433 1099.2452 1086.5182 952.0151 1002.9679 922.076 1003.3098 1016.8726 899.0781 828.462 848.9677 859.5516 831.4578 803.9136 752.5703 746.4592 730.2556 693.4311 659.2369 627.17 595.5078 600.1588 592.7698 548.6407 532.1773 517.8491 494.4085 486.2546 481.1192 485.2241 479.0124 466.4617 460.1782 460.9498 433.8098 435.1336 448.7078 470.0921 445.4073 401.1617 403.3632 434.5514 421.2965 397.6725 357.5755
1418.7444 1409.0107 1379.5698 1364.577 1342.9042 1299.1539 1276.3788 1250.6289 1226.08 1200.5424 1181.7042 1166.9601 1150.4059 1133.0745 1125.0669 1170.3383 1140.575 1110.5015 1085.5518 1040.1204 954.3802 872.9714 802.8674 879.9052 956.4133 813.3785 756.0624 800.3829 837.6104 802.0411 814.4016 766.7178 702.9611 651.9275 622.2612 612.4888 601.2145 562.7482 555.5822 539.0914 516.8567 515.0594 504.4325 483.1334 471.0033 466.9133 493.905 440.5955 444.9068 452.9293 461.0689 509.7771 525.2932 545.6212 556.3602 432.4325 380.2214 401.4504 397.2453 389.8483 388.1582
1418.0397 1393.0414 1364.7598 1346.5618 1323.4391 1285.082 1249.5123 1228.8542 1215.9996 1195.7509 1187.0195 1175.2452 1175.6538 1180.3911 1172.4886 1150.2585 1131.8794 1101.4067 1081.0077 1053.7152 1041.8224 1014.3871 950.2661 787.2646 790.5171 787.5675 742.6401 705.2832 728.6638 768.6873 743.5139 686.2816 664.4215 622.9718 609.3327 559.6901 585.8904 558.5475 536.5977 519.7071 499.7487 485.7019 472.0323 475.9349 438.1564 444.839 485.2709 434.5153 430.7773 425.5383 438.7667 513.5781 588.1687 519.1417 420.5502 396.2726 381.1809 379.3122 377.9147 407.363 411.1343
1392.8491 1364.7847 1345.2827 1324.4916 1322.8544 1290.6141 1251.6155 1233.2186 1221.1388 1204.1271 1187.8586 1176.1821 1168.6451 1158.754 1164.4205 1141.4523 1115.7809 1090.8092 1074.9403 1058.2777 1039.2427 1023.2609 1008.9924 833.2325 716.3716 765.8877 711.7687 656.2616 648.8905 659.3026 649.4359 619.3401 616.4417 582.8639 576.1898 577.5205 529.6838 524.3808 502.4862 482.8472 488.5666 460.4524 438.8906 438.2936 426.6416 429.3228 419.1984 418.4443 405.6779 412.7733 417.3409 427.8472 448.5948 430.9773 431.9464 369.4608 352.5551 359.6295 338.7659 381.9632 380.5707
1355.1729 1354.2369 1347.9207 1331.1295 1298.2794 1277.4213 1271.3516 1252 1234.9272 1223.6428 1201.7113 1201.6636 1176.9828 1162.7648 1145.255 1120.8604 1104.1849 1080.2606 1059.792 1040.6521 1031.5448 1015.1106 951.826 981.1564 824.2723 746.2815 696.4963 680.4905 670.8302 603.0013 592.5078 566.7188 547.7047 558.2102 532.4926 512.2495 516.0087 497.3874 470.7757 479.6667 465.9198 467.4464 442.151 440.4711 411.3057 416.2318 397.3282 395.9158 391.935 407.3506 389.8505 387.6946 369.1522 363.2732 362.5481 334.631 337.8971 348.4696 332.9565 350.3141 378.1307
1359.879 1347.8599 1323.754 1298.2091 1270.5249 1248.7374 1237.762 1220.0953 1212.2806 1196.9933 1184.801 1174.175 1160.2948 1153.4403 1148.9919 1124.9019 1105.3531 1080.7036 1057.5597 1035.4318 1012.6061 1001.2032 997.4664 1000.5825 985.925 927.8044 756.5306 680.2268 677.9152 673.7272 636.1763 623.11 601.6384 571.2455 558.4286 566.9827 536.7645 546.0927 540.5294 474.8808 456.8676 444.9934 451.4082 427.5497 404.9442 405.252 392.265 382.9157 408.7094 377.856 355.4576 362.7373 356.1446 341.3363 342.9811 331.4786 316.5487 325.7936 317.975 330.7937 348.3124
1319.4098 1312.6794 1295.787 1276.5447 1259.0923 1251.63 1240.0203 1228.2156 1210.1981 1177.1527 1158.333 1155.61 1148.3066 1123.8093 1126.0011 1114.1958 1095.8795 1079.7045 1060.8101 1035.8707 1021.5933 1011.3516 1003.4687 995.5848 980.5985 955.0717 795.5852 736.8308 706.1106 644.9518 633.5861 650.0367 635.4391 589.2612 586.1049 570.5715 525.8354 504.2647 486.0557 473.1395 470.6861 453.58 423.2095 415.5794 413.1069 404.6508 375.0282 379.2227 404.3385 376.2736 349.6266 328.5852 327.5455 337.511 323.8302 317.8079 308.7201 313.8508 314.7061 323.7631 327.5351
1264.825 1269.0894 1263.4865 1252.5701 1240.1409 1219.0179 1204.1835 1187.0205 1173.6855 1167.8759 1160.5006 1150.7266 1134.9126 1116.3405 1111.4086 1092.6617 1076.8109 1066.7842 1053.2925 1032.9342 1021.4208 1006.2804 998.3751 987.0753 955.1473 814.2451 763.4903 727.1881 690.362 651.8049 620.95 597.5156 571.9564 566.4933 557.3768 525.0374 527.7668 509.3555 485.07 469.0594 463.9406 458.756 454.6272 429.0596 419.3322 427.6987 375.2673 369.2281 369.7288 354.6846 341.0605 321.6727 313.3737 311.7999 311.8448 306.116 310.9764 302.5759 309.4239 296.5712 302.4587
1232.0699 1238.4504 1223.9431 1225.0303 1212.1198 1189.7281 1170.5109 1159.855 1147.019 1137.714 1130.1792 1125.9288 1119.1913 1123.3955 1106.4257 1085.1394 1070.4205 1040.9139 1031.8833 1020.9607 1012.6931 1001.4423 989.4478 979.9884 959.7552 858.1141 794.4817 724.2588 677.9395 637.5824 613.4825 643.1746 594.6459 562.5211 552.7675 529.741 503.6471 471.8674 459.2711 494.1415 486.025 463.0348 440.885 431.7367 415.262 380.5093 368.4018 347.2141 348.6437 341.467 335.4531 335.5462 330.8364 327.757 312.6164 290.6588 293.1739 302.0574 293.047 305.0449 286.358
1231.8241 1210.882 1198.4493 1198.5601 1197.6366 1189.114 1187.1055 1185.4656 1172.2159 1159.6818 1124.2123 1112.1703 1111.589 1103.4543 1091.7723 1070.8009 1064.1899 1044.5228 1030.8203 1014.9717 1003.7026 999.3576 993.922 975.6186 963.5306 955.9974 833.5168 753.1402 724.2745 687.7004 672.5792 623.5104 600.7122 569.3664 573.3702 553.079 540.8358 519.4091 506.7631 490.9336 432.9108 444.787 436.0966 434.6882 388.3561 375.2247 365.0627 367.6993 366.9227 345.0941 326.6227 318.9473 324.1198 311.1631 308.3794 297.3627 287.1338 288.6455 273.4647 270.0052 268.81
1270.9629 1257.2062 1229.4542 1202.3403 1236.8047 1230.6776 1185.3771 1178.218 1183.4127 1163.7115 1129.1029 1114.2467 1101.4524 1097.8857 1075.0476 1064.4349 1051.5308 1040.2638 1021.2744 1007.2588 995.1464 987.348 984.1349 968.1177 955.0686 947.4601 905.4567 782.7201 740.6857 692.1086 665.4547 625.2005 639.0822 563.6712 603.3704 557.085 528.8123 550.1462 539.7141 517.2917 464.54 427.298 414.4778 407.0278 402.6268 380.6935 370.4148 360.1571 352.5019 360.1625 347.9892 331.0507 335.4971 314.0352 305.984 307.8888 284.5424 281.8431 290.0636 258.1429 285.848
1306.2252 1295.1838 1283.4159 1258.8197 1238.8245 1212.0189 1184.7545 1158.6771 1160.2135 1138.6727 1097.3253 1104.1527 1084.9689 1085.4213 1067.3391 1054.1705 1040.3734 1029.2467 1008.921 1003.5912 989.9941 976.8263 969.1714 961.0635 948.6175 938.7764 932.0081 853.9451 801.5964 730.6968 701.8646 643.4879 606.6364 622.888 569.1771 530.6068 501.4642 494.753 502.7556 498.4087 471.8297 436.7061 422.6145 411.5423 390.8016 376.1037 349.8396 354.2711 337.0807 325.4575 325.7773 315.1928 308.2188 300.0504 300.1408 284.4164 300.811 292.5538 282.8061 278.9521 279.3712
1314.6117 1286.8397 1255.105 1225.9202 1207.4445 1189.223 1174.2571 1155.1423 1140.3916 1130.5117 1075.9524 1074.9899 1076.3358 1057.1292 1050.5739 1042.9574 1017.4534 1019.2682 1012.3434 995.0875 984.6223 976.2183 965.6212 946.7867 938.825 935.382 924.2886 834.5325 770.3755 733.7017 704.0853 677.9525 654.4467 620.1752 579.9595 541.7829 554.7872 514.192 480.2712 446.6156 445.8955 436.0018 418.7162 396.68 384.1285 361.0204 374.585 376.2642 345.4853 335.9427 309.574 302.3819 303.6011 309.9283 299.6901 295.0567 302.2642 295.2431 267.3297 266.1937 265.5419
1294.5443 1264.608 1235.4265 1212.5118 1194.0671 1181.2229 1163.594 1149.6548 1130.8495 1126.4199 1086.6923 1065.4056 1058.7203 1048.3411 1030.2262 1026.8232 1022.0413 998.3362 1002.9783 985.5782 977.1084 966.2247 954.5618 939.235 904.4039 921.5992 917.5923 865.5289 816.3433 747.3353 767.9373 708.4116 639.507 603.546 581.0123 551.4979 521.0983 497.6009 514.7235 470.2605 456.2684 436.7975 413.9146 396.3658 390.6749 374.9149 356.8381 350.1599 332.804 321.0786 332.6207 321.5365 312.8729 308.4117 301.793 286.5908 280.0333 280.6031 277.8216 276.6416 287.8168
1286.114 1263.7112 1243.6056 1227.2684 1206.2617 1180.0392 1166.6509 1150.2101 1132.6189 1116.8473 1094.6456 1091.4327 1068.1372 1045.8132 1032.4828 1005.2582 990.1529 994.2755 991.0969 973.3026 965.887 957.0931 949.6906 933.4745 908.665 872.6678 906.581 866.9736 830.5406 739.9212 733.3871 699.6533 643.7537 594.7346 574.2556 538.4814 531.1024 502.391 461.1937 444.0596 437.7687 458.7755 407.2002 409.0658 364.5853 377.769 371.7956 389.6817 369.1867 362.94 351.2938 328.0965 310.4786 301.624 293.0852 289.1218 292.9189 305.7777 295.391 287.8573 287.9422
1276.7188 1251.2877 1230.21 1213.8375 1203.3979 1182.5717 1159.9136 1152.408 1129.6857 1110.4904 1095.9233 1082.8206 1068.7924 1047.6874 1025.304 1003.0368 992.8139 976.4913 969.1588 953.9019 949.8156 950.7435 935.2839 924.9248 903.9404 798.2706 829.5281 788.8903 749.7452 706.9186 661.2769 646.724 609.5748 583.0883 545.9084 518.7162 533.4593 516.0103 512.6942 477.5595 463.3207 435.3602 436.4451 416.9082 410.7593 403.646 397.5562 415.2947 384.6061 346.7754 337.5159 333.1818 313.6363 310.1985 302.1459 318.2997 304.8282 320.9366 314.4615 318.8399 311.0797
1263.7888 1236.5421 1217.1021 1203.411 1191.5652 1175.4254 1155.3081 1140.0835 1125.8036 1104.624 1089.3953 1077.3564 1067.0376 1044.545 1019.6667 1006.3365 995.5906 978.5025 954.7875 932.5801 924.8837 927.8168 920.7256 915.2168 848.2471 755.2771 760.1551 739.7795 702.9744 698.8885 653.8385 629.079 635.9323 577.0425 559.2761 532.3208 536.259 524.5053 482.1976 447.1001 430.8366 441.2191 445.4712 439.821 427.0147 413.7462 401.8896 390.1425 380.8278 385.639 366.2932 347.6714 328.8569 328.2768 341.3922 337.1778 336.1479 326.3234 338.9853 339.8354 311.059
1247.8881 1223.8761 1207.8245 1192.4352 1178.8044 1160.455 1148.1641 1136.8472 1115.8494 1091.7512 1080.0612 1065.6779 1052.8024 1030.5183 1017.8314 999.8233 995.6067 975.8699 959.1714 940.2391 928.7969 855.0869 823.761 767.5875 747.0876 749.7672 721.2745 695.8998 697.7072 670.7503 664.1625 587.4945 569.6603 543.1315 553.9366 515.4114 516.7227 498.8022 443.8337 455.2827 467.5399 466.7801 455.1848 442.8433 411.2423 406.4408 408.0812 388.9126 373.7401 377.1964 386.493 371.9602 372.1744 342.7626 334.1232 322.3042 316.7379 306.4474 327.0378 332.6078 348.6224
1248.4017 1216.3961 1197.1469 1182.3319 1165.5651 1155.8158 1138.4315 1123.6423 1104.7068 1083.809 1072.3197 1054.6899 1033.4965 1013.0034 1000.1072 987.3641 980.9548 975.4547 949.4373 938.2042 921.5555 878.0159 782.8008 740.2758 707.8453 701.5747 696.165 672.0964 662.3074 653.0234 628.575 621.1194 556.9681 562.5645 515.1822 508.59 531.9402 503.9475 471.0912 490.1482 479.3013 469.4332 462.6442 431.014 423.4302 466.7441 451.1133 407.3138 378.3286 357.4198 369.6578 376.4701 359.2153 365.5763 358.5068 344.8842 329.7486 344.795 317.935 292.955 315.1673
