Resources/Map/Lvl0_30x30/Ele_FG.asc
ncols         335
nrows         335
xllcorner     55000
yllcorner     -10075000
cellsize      10000
nodata_value  -99999.0
[rows 130 to 155 of 335, columns 180 to 239 of 335]
2267.449 2289.2002 2282.9453 2292.5134 2291.1545 2266.7617 2202.4209 2208.269 2209.7756 2206.175 2136.4011 2080.5947 2079.9336 2077.4246 2043.0022 1981.199 1914.5439 1903.9645 1947.5758 1971.328 1901.9401 1870.0009 1873.5398 1836.422 1835.7795 1856.2462 1840.6881 1805.7434 1771.0552 1725.5895 1707.109 1714.7059 1639.259 1606.1486 1622.3242 1603.9783 1590.3313 1595.2656 1582.2827 1575.676 1544.7059 1571.9773 1568.9282 1570.9626 1570.9243 1561.345 1560.9194 1549.2307 1473.8442 1544.6967 1553.5231 1526.6698 1541.3026 1520.7092 1508.0668 1492.7234 1517.8372 1505.8606 1510.4622 1522.2872
2399.0444 2408.4944 2403.2104 2414.1646 2391.2249 2392.3335 2364.8418 2359.1309 2323.4609 2308.2854 2286.644 2234.4653 2229.4216 2143.2688 2144.1636 2134.4856 2123.0413 2097.4333 2051.1104 1997.9403 1989.7821 2005.8013 1969.6227 2008.2241 1996.2698 1958.5757 1935.441 1873.3273 1850.1017 1821.2784 1818.9485 1790.319 1753.0714 1777.4998 1741.7437 1731.7368 1716.6064 1672.6971 1698.1862 1753.4282 1674.8042 1638.0004 1626.2103 1662.9945 1658.4152 1680.5308 1659.7028 1671.908 1666.9146 1669.9502 1669.6624 1658.6001 1648.885 1588.7745 1601.0343 1576.5209 1583.7489 1585.8341 1551.9719 1625.0588
2511.3665 2532.4734 2475.2581 2468.5535 2452.9553 2465.396 2433.5398 2389.7622 2393.677 2378.915 2355.0906 2335.2935 2343.4722 2341.7034 2350.8794 2322.6768 2282.4153 2253.1521 2275.5505 2215.5713 2193.6958 2213.459 2171.7502 2162.0076 2125.8052 2105.5693 2084.1135 2044.9307 2031.9038 1996.1926 1967.5188 2006.1432 2044.4615 2048.5713 2025.3459 1993.2893 1985.4452 1938.7953 1914.0222 1896.925 1943.8146 1935.0602 1871.0579 1814.0944 1817.9792 1778.3279 1734.4154 1727.2047 1740.8859 1764.0386 1790.6245 1799.3315 1807.0291 1804.8583 1791.959 1727.1875 1732.1768 1816.1656 1871.3728 1850.2323
2581.1936 2577.3738 2563.5364 2543.0015 2551.1387 2523.1206 2519.1028 2509.6948 2474.8936 2443.499 2445.5923 2424.8474 2385.7959 2382.9058 2373.7751 2401.1858 2415.187 2397.9685 2391.5015 2374.772 2348.304 2332.4187 2322.7122 2322.2773 2291.2585 2270.5911 2248.6956 2204.8193 2205.3789 2213.9187 2291.8359 2268.936 2254.8457 2189.3689 2175.9817 2175.8997 2144.8594 2133.5288 2145.8137 2163.9785 2160.0371 2154.1096 2162.3076 2125.2095 2070.8113 2000.778 1961.0336 2003.1924 1975.4915 1910.1053 1878.3945 1890.4579 1919.574 1933.5782 1927.3126 1932.2467 1963.5273 1955.3594 1935.4501 1887.1891
2656.7551 2664.8469 2632.2988 2649.6182 2624.9709 2622.562 2608.0381 2583.5752 2558.2776 2557.2366 2567.4771 2556.3215 2549.0647 2582.2495 2545.2532 2536.4521 2521.9885 2510.0105 2481.7358 2469.0923 2461.5581 2435.5491 2439.2092 2436.1194 2420.1736 2404.75 2379.0986 2377.2302 2421.6484 2404.4641 2410.3628 2396.3154 2382.1489 2324.6021 2304.603 2284.3474 2257.8699 2293.8701 2338.0725 2326.3567 2306.7529 2288.3479 2244.1675 2245.7705 2231.1743 2261.26 2225.0103 2191.2046 2153.5798 2150.3242 2124.0295 2079.7163 2036.3048 2013.3937 1989.7416 2021.8364 2051.9214 2083.8442 2129.8721 2186.6736
2723.1399 2729.8474 2713.3225 2667.2463 2672.6113 2667.3628 2674.4514 2666.8955 2660.9124 2649.7959 2655.4858 2646.8484 2653.3994 2644.335 2611.5364 2612.5735 2599.7734 2586.592 2585.1252 2573.6494 2547.6428 2532.9119 2513.8301 2514.8542 2533.6106 2506.8904 2490.4956 2514.8643 2523.8235 2489.6077 2499.1792 2514.4021 2531.2046 2475.9619 2479.9141 2474.6594 2462.1995 2436.823 2411.8792 2402.2283 2382.4072 2379.3892 2386.4331 2370.655 2379.1265 2381.3018 2387.0835 2342.8093 2324.1079 2306.1982 2268.3835 2242.0447 2206.8352 2220.7346 2193.4653 2207.446 2227.2549 2253.6741 2268.8308 2281.187
2783.5059 2764.0522 2747.1384 2726.3149 2748.6731 2731.5864 2732.2561 2728.9736 2724.7253 2715.0186 2720.3467 2697.9368 2692.5879 2695.4966 2687.0024 2664.1655 2657.0161 2643.6182 2619.6309 2614.6563 2603.3101 2614.0647 2592.7217 2593.0139 2600.6016 2608.4775 2607.9639 2602.6526 2586.1975 2579.604 2570.1343 2572.6133 2575.9316 2569.2249 2566.3909 2565.3345 2563.2039 2540.301 2519.7224 2508.5444 2507.3403 2481.2488 2464.4631 2445.7734 2439.6069 2438.887 2406.9468 2387.9556 2367.2563 2361.3408 2353.8838 2364.1321 2379.6082 2385.6992 2351.1082 2360.8496 2387.1919 2390.7932 2371.8235 2373.7368
2837.0554 2840.0002 2835.3655 2779.0005 2780.0886 2785.2158 2784.7842 2777.0942 2777.2314 2787.4128 2786.3318 2764.6777 2748.8035 2747.9607 2749.8391 2749.6853 2739.998 2733.0151 2729.7996 2728.126 2710.6809 2692.3372 2698.9119 2694.0159 2681.8875 2675.5337 2673.8979 2675.6299 2674.1843 2674.3594 2664.5215 2646.967 2617.2849 2608.4048 2618.4497 2622.0229 2624.4675 2608.4819 2593.3203 2564.0051 2561.5337 2567.6587 2579.3914 2573.2363 2553.9255 2535.0469 2551.8303 2557.521 2544.3982 2532.6931 2531.9724 2528.3711 2530.4792 2528.3457 2532.8398 2529.6909 2523.563 2516.8252 2523.1316 2533.988
2870.168 2870.8528 2860.5913 2846.8167 2825.0559 2820.375 2818.125 2822.5684 2826.1418 2830.2644 2822.2424 2813.9414 2799.8958 2788.897 2783.5901 2775.4275 2773.9578 2772.6531 2759.1523 2752.0823 2743.5901 2737.5442 2732.9956 2727.2109 2724.9573 2723.9622 2729.7808 2733.6045 2722.8213 2716.8423 2711.4282 2706.634 2690.729 2682.4067 2686.2412 2673.1641 2666.501 2651.2158 2654.4385 2659.2627 2656.7375 2644.7922 2629.3608 2633.6482 2636.4006 2643.6257 2636.8167 2629.0569 2621.8618 2614.6138 2623.6458 2613.4993 2622.6841 2612.3818 2610.9165 2621.6104 2632.436 2630.0083 2624.3733 2611.4912
2920.208 2922.335 2914.7964 2902.9531 2900.8647 2888.4441 2879.2502 2863.5896 2865.4983 2852.834 2846.5938 2843.6055 2825.7085 2789.0037 2796.8379 2804.094 2820.4727 2817.0015 2825.6992 2827.8538 2812.9973 2805.7246 2776.9861 2757.1294 2761.0439 2777.2236 2771.5562 2750.0991 2758.658 2746.2476 2730.6191 2726.9011 2730.8909 2727.0806 2728.6194 2721.0615 2724.4292 2728.7141 2710.0146 2681.0654 2679.0471 2683.9333 2687.7012 2681.9792 2671.5276 2661.936 2663.1384 2641.6614 2631.2598 2644.0354 2655.1279 2670.2542 2664.7073 2645.1348 2657.624 2669.2556 2648.2188 2656.5669 2665.3245 2671.4348
2947.5945 2949.4348 2943.7314 2953.0969 2943.5923 2923.9409 2931.876 2908.4031 2906.6521 2897.6174 2894.8762 2897.0381 2895.3367 2900.1362 2897.8984 2879.2119 2866.5239 2869.9165 2870.8298 2872.135 2879.2891 2882.3362 2874.5977 2856.2471 2856.8394 2853.7595 2869.4937 2878.2246 2817.561 2835.248 2851.6912 2837.0244 2806.7925 2811.5986 2795.8049 2797.582 2790.2356 2791.7939 2795.2759 2798.7434 2796.5967 2789.6877 2777.8081 2775.4958 2774.5583 2770.5776 2755.7012 2721.2349 2742.7334 2767.7637 2770.2083 2740.719 2732.3228 2765.2166 2757.3196 2739.8806 2745.5405 2756.6021 2734.6062 2730.6311
3000.3066 2991.2234 2991.9255 2987.6497 2986.2678 2986.0664 2978.5894 2984.0291 2980.2532 2976.9192 2969.0554 2965.3843 2945.6897 2942.1155 2932.05 2933.9412 2933.1006 2934.0015 2933.179 2933.5701 2937.5615 2929.6672 2924.9331 2924.6145 2929.4287 2930.0044 2942.1948 2940.2356 2938.7817 2938.4912 2920.8315 2921.261 2923.4705 2922.3267 2916.0898 2910.0247 2879.3669 2875.7488 2874.4839 2877.7522 2870.9517 2862.354 2841.1223 2820.6292 2825.6714 2818.7756 2817.5193 2845.6047 2862.6587 2847.5247 2830.4573 2836.1768 2827.2732 2841.1958 2840.3765 2847.4919 2855.575 2852.2803 2839.7161 2844.5549
3006.9331 3034.5232 3023.9558 3021.1145 3021.531 3009.5032 3012.1472 3010.3423 3007.1582 3004.8613 3003.1077 2993.9521 2982.355 2978.1943 2979.6169 2990.4324 2987.8862 2986.6123 2981.7275 2982.3479 2981.6643 2972.614 2972.9412 2965.0962 2971.9619 2970.6416 2978.0317 2986.7007 2988.5552 2980.7583 2991.988 2986.5342 2989.8142 2983.0667 2986.054 2975.7009 2974.1064 2971.8357 2960.7913 2947.2339 2943.7981 2940.5745 2944.4385 2953.0276 2939.2932 2933.6587 2933.7737 2921.6917 2933.3491 2933.0947 2917.9443 2918.2927 2934.988 2927.5586 2909.9685 2903.7827 2915.9932 2907.3882 2900.1414 2885.4778
3087.5344 3075.1282 3061.9849 3050.7073 3053.9565 3070.0732 3053.1855 3045.0466 3041.0229 3033.1389 3033.5571 3041.8213 3056.4429 3063.8623 3068.958 3051.2773 3037.3291 3029.8708 3016.7168 3025.2419 3022.0366 3027.5171 3025.2554 3036.3745 3027.5801 3025.8533 3028.606 3030.3481 3033.2927 3051.0554 3055.5488 3041.5083 3037.4126 3042.2146 3031.637 3023.5386 3026.5396 3017.3718 3010.605 3006.823 3004.1011 3006.7478 3001.5789 3005.8093 3007.4727 3012.5991 3018.9827 3016.9829 3007.1462 2992.0061 2989.9641 2999.4607 3009.2134 3005.9094 3010.2568 3006.0789 2999.8552 2997.844 2996.0273 2998.7568
3129.708 3126.2324 3124.7729 3117.1221 3095.4626 3098.2424 3080.3472 3086.3752 3082.9302 3077.4763 3086.854 3093.2769 3102.3533 3109.2312 3100.3193 3105.2473 3109.8926 3103.0073 3096.1602 3092.8672 3068.4656 3060.2959 3070.8474 3070.6345 3076.917 3088.3689 3081.4197 3081.4832 3089.4851 3092.0022 3084.2324 3078.4004 3075.7 3077.4717 3067.0583 3055.5513 3049.562 3051.5618 3054.3521 3052.2014 3049.9673 3055.53 3065.5164 3067.3323 3072.0361 3061.5681 3050.582 3053.2568 3059.1946 3058.4622 3047.6506 3047.6973 3035.6582 3034.0149 3050.8574 3052.1023 3046.314 3043.8999 3040.0469 3026.05
3149.6016 3136.8503 3146.3118 3147.178 3148.6858 3163.2725 3164.1726 3154.2869 3157.3767 3153.948 3147.0771 3138.7134 3127.2595 3133.0359 3129.7444 3119.5342 3118.9692 3119.116 3121.4563 3131.2629 3134.2979 3142.2466 3141.5752 3126.3521 3122.8555 3123.9585 3123.5642 3119.5996 3129.6704 3109.3582 3116.3022 3108.2051 3098.7356 3100.2935 3097.947 3098.1423 3100.0601 3102.7217 3108.1743 3117.4355 3115.645 3116.687 3116.7007 3104.0898 3110.5994 3103.043 3099.0557 3094.4492 3093.7939 3096.8567 3093.2732 3093.0408 3091.6868 3096.0493 3088.4011 3093.9436 3094.5566 3098.6978 3099.905 3091.1643
3206.2202 3190.8899 3186.8923 3177.5679 3169.0967 3165.4258 3166.6013 3172.3442 3155.8442 3158.3882 3154.103 3138.4875 3152.8176 3144.3076 3150.8257 3162.0427 3171.4622 3166.6104 3168.575 3159.3857 3154.373 3160.2021 3160.9724 3176.3147 3165.6924 3177.3357 3152.3176 3165.1482 3172.0723 3160.6057 3146.3562 3138.3958 3148.2439 3159.8242 3162.9009 3161.3169 3153.8372 3146.353 3147.0371 3152.3481 3140.9958 3139.9907 3137.5603 3127.708 3124.9722 3133.0427 3137.876 3134.9902 3133.5872 3135.4194 3135.4075 3135.3621 3141.3535 3146.0198 3147.9678 3151.9043 3146.7473 3150.4314 3148.3374 3147.6265
3228.856 3229.5427 3228.9167 3210.6099 3204.1455 3203.6992 3208.1782 3209.8623 3203.5249 3206.073 3211.8757 3211.9941 3217.4485 3218.6892 3217.9209 3215.2183 3213.1829 3210.9514 3224.8438 3223.1794 3217.2759 3206.541 3206.572 3198.1978 3188.1851 3196.3445 3195.71 3175.3989 3191.5076 3189.1702 3176.7959 3187.6077 3188.3669 3196.4529 3193.2773 3190.8115 3193.9858 3186.9905 3177.9304 3176.0764 3163.4409 3161.3142 3152.0149 3152.6279 3152.0669 3152.3601 3155.636 3157.1843 3164.0112 3168.0503 3173.5391 3171.8264 3175.074 3173.8467 3178.7466 3177.147 3175.7839 3179.5183 3181.6028 3181.7202
3556.748 3280.1931 3256.4595 3253.1274 3249.4827 3257.3088 3244.2295 3241.7236 3233.4089 3239.6262 3229.7126 3245.7505 3229.5417 3228.967 3241.1895 3242.0688 3248.4963 3246.106 3240.1147 3246.8508 3253.4087 3250.6438 3237.52 3234.5762 3228.1267 3219.3838 3221.6543 3228.1638 3233.1704 3233.7241 3235.9397 3225.364 3207.8179 3202.1062 3194.9873 3186.1086 3198.5623 3216.6609 3220.6453 3218.79 3221.1724 3218.6672 3215.2537 3214.1392 3206.0251 3208.9285 3210.0947 3212.1335 3217.5837 3217.9355 3206.3171 3211.7166 3213.5381 3205.0796 3212.4087 3205.511 3207.2483 3202.1348 3203.5347 3200.2329
1052.9019 1066.067 1067.6019 1059.6848 3279.6577 3273.5271 3269.0708 3265.1421 3260.5081 3274.0417 3276.0566 3276.7212 3268.1321 3252.1028 3267.4033 3262.6287 3252.0176 3263.0503 3264.1577 3232.5869 3254.5234 3245.6294 3262.9373 3256.3049 3244.6309 3236.96 3245.5317 3256.3975 3253.7117 3250.9573 3252.2417 3249.0325 3248.417 3238.6079 3234.0083 3241.5291 3235.1125 3231.5632 3229.72 3212.4963 3204.7739 3213.095 3227.7646 3228.8005 3233.4602 3233.7913 3236.9678 3244.9766 3239.9888 3250.7988 3229.4829 3241.2739 3237.1543 3238.6279 3218.73 3203.1633 3194.459 3212.5674 3209.8486 3223.2434
1038.9683 1031.0704 1013.855 991.767 3303.761 3301.3003 3295.4182 3280.7441 3289.699 3301.925 3313.1973 3307.1963 3298.3267 3281.8108 3284.0105 3286.8906 3263.4507 3296.5833 3290.9941 3275.5713 3289.6125 3283.5645 3276.6028 3269.5679 3269.9377 3280.988 3275.6572 3277.144 3267.0396 3258.9016 3271.5857 3285.7834 3288.4717 3290.0464 3283.8301 3282.2197 3265.6597 3251.8687 3251.7061 3252.8789 3254.0554 3256.6775 3259.5317 3258.4448 3246.7197 3249.0356 3245.9595 3244.8718 3260.8191 3266.4785 3257.8374 3263.3625 3261.7595 3258.9495 3260.3184 3267.4866 3267.7642 3267.5591 3261.8164 3257.1111
950.4155 931.8499 909.4918 886.5402 3276.552 3302.8506 3241.8586 3314.0212 3311.8689 3317.1318 3291.6467 2946.9875 3264.1199 3315.395 3282.2693 3285.2388 3296.2185 3297.9597 3303.1426 3300.4324 3291.9912 3294.1648 3298.0549 3286.3389 3295.8035 3301.1443 3303.7603 3305.8081 3304.9956 3302.7034 3301.4011 3311.0325 3316.8989 3311.2087 3309.481 3308.2808 3310.6514 3311.4651 3306.8564 3308.9919 3309.0481 3306.9192 3309.6899 3310.3145 3309.8911 3307.1848 3309.7053 3312.9438 3303.0281 3301.6907 3288.7773 3282.6233 3286.4683 3293.6465 3291.1421 3294.2004 3292.7109 3297.55 3295.9568 3295.3735
866.0427 841.1064 815.6855 791.2451 3269.1292 3331.8481 3413.7195 3464.7366 3356.6421 3371.5818 3248.5178 3293.3245 3241.0322 3269.4946 3154.8608 2917.4739 3257.4312 3331.6824 3336.4731 3340.603 3339.3572 3328.6575 3348.3191 3335.5859 3327.5776 3317.8398 3304.0996 3300.4329 3301.7644 3316.0967 3322.4231 3330.2856 3329.6692 3332.5251 3322.8333 3327.6316 3333.7102 3346.322 3352.4878 3346.9021 3342.7324 3341.9211 3352.7571 3351.0325 3350.0454 3346.6299 3345.7285 3330.4819 3333.0461 3330.04 3329.2231 3330.3269 3327.8267 3329.8372 3333.9888 3321.0969 3329.8806 3332.6011 3332.3015 3337.9819
809.7586 784.8922 8830 6990.0684 3193.5874 3070.8499 3380.9958 3077.0505 3367.9321 3245.0129 3125.6653 2732.802 2601.1848 2593.2729 2513.4524 2631.2905 2869.8723 2749.4666 2687.0837 2641.498 2737.0867 2600.6448 2808.6392 3238.4275 3253.501 3238.6189 3347.2092 3344.9783 3356.2471 3340.9885 3353.4778 3341.0139 3344.4746 3330.9814 3339.3997 3346.6519 3342.002 3347.425 3345.199 3354.5359 3352.6963 3354.3362 3364.9705 3366.0308 3366.5757 3363.0349 3357.9146 3356.3479 3355.0356 3360.6328 3364.4509 3367.6553 3356.2634 3360.0952 3361.5269 3357.5488 3307.6367 3354.8503 3385.3 3365.105
6454.5229 5746.2427 2530.5867 2785.7466 2688.1685 2751.3557 2613.6809 2775.4512 2763.9558 2660.6414 2564.1523 2558.0557 2576.8367 2609.6602 2593.7632 2638.2742 2575.8423 2736.7664 2829.0171 2898.3835 2956.8743 2891.7566 2955.1641 2486.396 2391.6318 2473.1089 2178.842 2216.2439 2084.3579 2758.4324 2779.4619 2850.4331 2843.615 3248.9038 3332.5903 3394.1401 3390.2393 3357.575 3380.8953 3391.1516 3394.7678 3377.208 3376.6301 3377.0408 3370.5344 3379.6064 3373.9023 3353.2664 3379.1707 3388.2263 3355.2581 3379.627 3370.397 3297.7556 3248.3979 3102.6858 3078.6021 3188.6208 3064.8713 3044.3813
2681.0251 2575.9744 2658.5149 2658.5378 2528.562 2535.6294 2866.4707 2704.5879 2510.9275 2491.9912 2597.4285 2574.0691 2731.9973 2669.5137 2606.2146 2616.4153 2474.2507 2886.1938 2606.0186 2535.7349 2852.4871 2735.1746 2758.1685 2791.4766 2761.4661 2540.1062 2624.0583 2655.3945 2114.7854 2304.6299 2752.7007 2557.8081 2689.0176 3283.9446 3394.5999 3409.0967 3396.6548 3392.6147 3369.0857 3399.4109 3418.4131 3409.2639 3405.001 3402.1982 3397.3276 3398.6433 3409.751 3406.8486 3385.6523 2975.9724 3471.1799 4208.2197 3417.2429 3238.2488 3000.1326 3149.624 2722.7402 2777.9397 3016.7627 3405.949
