Resources/Map/Lvl0_30x30/Ele_EC.asc
ncols         335
nrows         335
xllcorner     -13345000
yllcorner     -6725000
cellsize      10000
nodata_value  -99999.0
[rows 250 to 274 of 335, columns 114 to 170 of 335]
-3693.957 -3761.2183 -3775.5134 -3754.2061 -3776.8691 -3818.0732 -3835.5933 -3811.9302 -3817.9524 -3811.3552 -3790.47 -3806.1028 -3814.3569 -3901.9094 -4003.9121 -3994.9165 -3963.9182 -3935.2195 -3874.4026 -3910.905 -3993.5574 -3989.177 -3984.0918 -4023.4961 -4038.7126 -3987.6716 -3930.5134 -3904.677 -3844.5601 -3806.677 -3836.6208 -3889.5615 -3896.2649 -3844.7761 -3871.7549 -4001.7891 -4101.9321 -4110.5054 -4045.4941 -3985.7141 -3979.8545 -4049.5344 -4098.5537 -4033.1997 -3960.3689 -4000.5288 -4124.4775 -4178.6743 -4154.7524 -4184.187 -4198.7441 -4211.8872 -4286.3984 -4210.9614 -4086.7595 -4095.5208 -4131.5615
-3686.1646 -3714.1936 -3747.9673 -3765.2744 -3783.0278 -3804.2485 -3813.697 -3782.6763 -3792.8286 -3844.4351 -3863.3435 -3855.7095 -3860.2742 -3942.0205 -3997.0657 -3966.4321 -3942.9153 -3909.3513 -3847.584 -3867.9714 -3982.5554 -4013.1912 -3970.7529 -4004.0935 -4053.6172 -4011.5017 -3925.0181 -3912.0488 -3918.0894 -3917.7561 -3903.5552 -3878.4392 -3869.7324 -3862.8547 -3904.7876 -3945.3879 -3958.2375 -4003.7112 -4051.4531 -4037.7761 -3974.5635 -3976.0967 -4027.3306 -4043.2131 -4059.624 -4075.2087 -4078.7051 -4090.4602 -4116.603 -4221.4902 -4277.9165 -4204.7363 -4125.6357 -4035.5452 -4032.4985 -4169.2505 -4272.6436
-3679.2854 -3654.6829 -3718.6479 -3777.1199 -3769.2805 -3751.832 -3742.3604 -3729.6409 -3791.5896 -3868.499 -3875.0347 -3854.9231 -3861.5005 -3916.2837 -3928.1526 -3875.9529 -3826.7793 -3809.5012 -3832.5276 -3879.0371 -3963.3325 -3970.4854 -3898.5591 -3931.5615 -4012.2412 -4002.281 -3944.8552 -3956.519 -3971.4287 -3966.4026 -3965.0579 -3904.8308 -3811.1963 -3827.0408 -3921.7134 -3954.1035 -3942.7693 -3971.6616 -4049.1563 -4020.3345 -3883.3179 -3881.0713 -4000.3733 -4039.6372 -4012.2808 -3975.3633 -3952.2639 -4015.7446 -4167.2446 -4307.4941 -4253.0879 -4052.062 -3937.7666 -3993.2302 -4127.6006 -4244.6626 -4336.8589
-3637.2551 -3638.408 -3698.6631 -3789.4709 -3815.3359 -3759.4363 -3671.28 -3624.2966 -3723.2266 -3842.2034 -3829.9473 -3810.0369 -3862.0618 -3909.2432 -3907.7571 -3870.1946 -3795.2915 -3756.1431 -3807.2163 -3836.2112 -3837.2266 -3844.7998 -3840.585 -3891.741 -3966.2991 -3928.1528 -3887.5544 -3932.5732 -3958.8381 -3966.5454 -3974.4019 -3912.1934 -3824.4958 -3862.9744 -3930.2141 -3941.7405 -3949.6106 -3968.9023 -4029.6165 -3984.9617 -3855.3389 -3878.8252 -3969.0588 -3948.1914 -3902.1729 -3915.9243 -3954.7461 -4023.3662 -4147.7109 -4231.2363 -4179.3374 -4049.6072 -3972.4753 -4074.2886 -4200.4609 -4208.4644 -4226.0503
-3523.2974 -3578.0676 -3602.0283 -3728.8845 -3888.729 -3893.2507 -3749.386 -3602.9956 -3625.0698 -3780.4053 -3826.1895 -3807.7947 -3837.4143 -3884.6223 -3921.1563 -3908.6594 -3808.7639 -3703.7529 -3694.4431 -3681.6343 -3656.7961 -3720.6135 -3771.6494 -3787.585 -3825.9041 -3796.3701 -3805.5881 -3882.0295 -3947.3115 -3993.5583 -3947.5479 -3853.9998 -3870.8052 -3956.6685 -3969.4248 -3965.2795 -3990.447 -3985.0942 -3993.7676 -3977.5894 -3906.522 -3886.5396 -3913.0542 -3910.894 -3889.8191 -3882.9846 -3914.7371 -3989.0269 -4084.1399 -4117.9365 -4101.6499 -4096.1689 -4096.2998 -4109.8018 -4073.2952 -3983.6729 -3955.3142
-3526.1953 -3572.6375 -3551.6528 -3625.5908 -3859.7693 -4002.4878 -3933.6038 -3761.0105 -3641.8374 -3691.9626 -3758.6345 -3785.8418 -3807.481 -3842.4097 -3901.9368 -3905.512 -3842.0862 -3734.0847 -3683.8726 -3710.4771 -3703.9568 -3702.7119 -3702.6943 -3656.5332 -3654.2991 -3707.4768 -3766.5081 -3810.1362 -3881.1108 -3975.9417 -3942.6353 -3830.2932 -3849.2134 -3915.1951 -3918.699 -3927.8728 -3951.5017 -3936.0925 -3914.7922 -3928.9963 -3920.6316 -3895.7898 -3888.4912 -3868.9019 -3842.584 -3831.6982 -3868.4277 -3947.696 -4033.8745 -4025.2588 -3962.4473 -4015.6643 -4131.3638 -4121.0254 -3961.718 -3846.6934 -3908.0686
-3632.6335 -3652.6331 -3636.2739 -3631.2576 -3797.79 -3963.6335 -3965.5173 -3851.5547 -3705.731 -3675.1399 -3719.0706 -3776.2834 -3799.0469 -3798.4634 -3829.9746 -3836.123 -3819.5793 -3749.1646 -3689.1616 -3792.4829 -3870.0989 -3819.4031 -3762.1238 -3657.0435 -3603.4084 -3716.4819 -3786.22 -3767.1577 -3762.0742 -3805.1406 -3836.0713 -3798.7227 -3806.51 -3846.5513 -3845.5347 -3863.7466 -3940.9043 -3976.6624 -3941.7905 -3959.6147 -3982.4211 -3941.7295 -3890.0308 -3862.0522 -3876.5906 -3917.8972 -3947.6289 -3947.6072 -3960.9231 -3954.3528 -3930.1172 -3971.9521 -4052.7004 -4079.0989 -3993.7712 -3947.7061 -4072.3372
-3672.1416 -3670.2095 -3699.6277 -3694.9287 -3788.4885 -3909.1323 -3934.2598 -3857.3081 -3733.5037 -3710.3152 -3748.7229 -3811.6228 -3859.99 -3864.0308 -3870.4619 -3881.7263 -3853.1917 -3778.4741 -3718.8887 -3826.1375 -3982.488 -4016.645 -3957.3477 -3794.3457 -3687.8628 -3814.7212 -3931.1274 -3884.9717 -3742.6997 -3696.9734 -3772.1343 -3769.2517 -3786.062 -3874.4563 -3866.3611 -3846.4607 -3970.0674 -4064.8003 -4053.187 -4105.7261 -4133.5835 -3996.8154 -3860.21 -3882.5776 -3959.1189 -3969.248 -3948.1628 -3908.7837 -3898.9509 -3954.259 -4017.9871 -4061.2786 -4114.6455 -4146.4644 -4045.1301 -3884.4255 -3899.6267
-3742.835 -3702.1987 -3693.8496 -3683.5913 -3740.9907 -3821.2078 -3854.6616 -3829.812 -3753.5449 -3728.8994 -3754.425 -3828.0723 -3900.6555 -3927.262 -3993.2935 -4049.4263 -3968.2463 -3884.9482 -3869.1873 -3887.7534 -3929.3389 -3990.8486 -4019.4531 -3923.114 -3816.3755 -3877.6372 -4000.7944 -3966.3721 -3792.7236 -3751.3684 -3838.2563 -3801.2815 -3776.0298 -3863.7241 -3868.7683 -3846.9849 -3959.4272 -4040.4373 -4038.7495 -4129.0068 -4199.3701 -4064.957 -3873.345 -3876.5376 -3983.7278 -3970.5386 -3923.9502 -3956.7729 -4012.9497 -4058.0913 -4043.3091 -3998.1921 -4061.4216 -4166.0688 -4080.7021 -3764.8435 -3544.9063
-3805.9971 -3781.9053 -3712.4307 -3675.3044 -3701.1243 -3720.1094 -3725.1013 -3761.4131 -3781.7222 -3788.332 -3777.2083 -3821.3845 -3870.7458 -3891.8315 -4049.8188 -4170.5503 -4045.8145 -3945.7412 -3957.1052 -3907.0989 -3791.543 -3819.3464 -3954.9229 -3938.8708 -3834.6648 -3844.8059 -3968.8035 -3998.2444 -3911.646 -3890.1172 -3937.5994 -3886.6406 -3815.165 -3853.0815 -3881.3171 -3834.3091 -3849.657 -3921.7229 -3965.1914 -4047.8015 -4127.8281 -4069.1287 -3916.5022 -3889.0635 -3985.0862 -3965.0803 -3907.1348 -3992.8708 -4083.9973 -4055.6033 -3877.1294 -3731.167 -3851.1321 -4083.0669 -4160.7559 -4026.6853 -3882.3557
-3754.4331 -3782.0393 -3724.9729 -3686.5818 -3690.7769 -3694.0308 -3712.8843 -3775.7847 -3819.9683 -3817.7295 -3776.1575 -3809.4749 -3897.0881 -3965.7007 -4101.0562 -4159.8916 -4039.3584 -3968.0461 -3969.8281 -3897.3723 -3756.4268 -3794.8142 -3977.7969 -3944.6533 -3827.2969 -3881.6545 -3981.075 -3988.1411 -3975.9031 -4043.5625 -4112.5176 -4047.6147 -3886.8508 -3807.7583 -3833.7888 -3842.1196 -3848.9143 -3945.1387 -4021.3608 -4017.0159 -3992.3074 -3957.7859 -3903.3469 -3927.9795 -4021.1584 -3996.1064 -3902.1311 -3905.8462 -3980.7637 -4018.345 -3910.1675 -3843.6694 -3958.1938 -4049.3684 -4063.4546 -4085.2288 -4150.2964
-3690.928 -3731.7207 -3666.4094 -3645.7065 -3681.1914 -3740.1482 -3783.103 -3800.5659 -3824.4246 -3843.885 -3846.5833 -3875.2727 -3942.8005 -4018.833 -4081.2654 -4076.3333 -3997.2097 -3933.5042 -3907.4446 -3891.8611 -3860.0132 -3946.1128 -4094.9287 -4048.7034 -3962.7944 -4035.4866 -4082.5659 -4056.9534 -4102.1475 -4231.0156 -4301.7783 -4228.8716 -4036.3818 -3909.167 -3943.144 -3974.5093 -3912.9644 -3926.877 -4010.6633 -4011.9661 -3957.7402 -3932.1704 -3873.7488 -3838.1836 -3894.3625 -3879.25 -3770.4314 -3745.1506 -3877.6809 -4021.271 -4018.854 -3984.719 -3984.531 -3965.9102 -3971.5913 -4013.4514 -4075.5122
-3652.9087 -3644.2449 -3598.9553 -3641.5007 -3712.7217 -3764.6914 -3755.6541 -3718.4248 -3766.9419 -3840.4412 -3866.5056 -3887.0271 -3945.0396 -4007.1086 -3977.6016 -3893.2793 -3863.7664 -3881.0715 -3973.429 -4042.7119 -4052.2664 -4141.6924 -4220.2788 -4172.981 -4137.8721 -4123.5 -4002.5898 -3913.689 -4030.9277 -4217.689 -4236.8335 -4069.5181 -3886.4695 -3927.0356 -4120.5576 -4169.1523 -4040.9268 -3948.8142 -4028.1599 -4135.3315 -4154.8394 -4121.6709 -3986.5222 -3821.4077 -3800.1106 -3814.6716 -3747.8826 -3752.1958 -3909.4854 -4039.2849 -4060.4341 -4014.0896 -3921.384 -3945.0847 -4031.8347 -4037.5032 -4019.6902
-3620.6294 -3607.2429 -3641.7488 -3680.5051 -3681.3037 -3681.2173 -3690.4001 -3713.1533 -3768.698 -3810.0286 -3780.3992 -3773.7549 -3877.3013 -3965.7764 -3908.1917 -3765.5129 -3777.5828 -3902.5947 -4065.448 -4070.3196 -3912.011 -3909.3496 -4066.1978 -4166.9614 -4209.3145 -4042.0242 -3631.8901 -3377.0669 -3595.6819 -3965.5251 -3964.405 -3656.5684 -3498.1477 -3694.9053 -3993.6489 -4126.479 -4122.3745 -4078.531 -4107.4688 -4085.2585 -3949.2083 -3960.8323 -4080.4033 -4066.6729 -3999.6606 -3963.4373 -3947.2375 -4002.3372 -4076.7661 -4083.3413 -4089.6235 -4056.5793 -3920.0796 -3903.345 -4014.1829 -4019.739 -3940.8774
-3570.5564 -3562.728 -3663.3547 -3665.9973 -3626.7439 -3662.6221 -3719.5833 -3738.8035 -3748.2515 -3796.9597 -3805.2139 -3791.595 -3848.5264 -3913.4104 -3896.8188 -3803.6472 -3815.2715 -3941.4211 -4067.7598 -4035.2329 -3900.5178 -3874.0137 -3950.8596 -4066.7563 -4200.1538 -4212.2124 -4037.7444 -3843.2966 -3929.968 -4176.2256 -4171.8071 -4002.0706 -3976.1052 -4069.5425 -4108.0933 -4128.811 -4195.9673 -4200.5034 -4092.0706 -3767.3037 -3395.1758 -3490.9817 -3901.4531 -4085.0168 -4044.9915 -4015.3933 -4086.8928 -4199.0947 -4195.647 -4101.9541 -4099.3047 -4136.0859 -4019.1279 -3884.8201 -3991.3342 -4055.1584 -3911.4302
-3569.418 -3563.0132 -3631.4316 -3599.551 -3589.0139 -3695.0408 -3767.0266 -3732.321 -3701.4255 -3768.137 -3831.918 -3817.3491 -3797.8252 -3834.4814 -3806.4404 -3700.0972 -3733.9106 -3856.6963 -3926.0701 -3922.6326 -3969.7866 -4024.4138 -3965.3555 -3934.6836 -4079.6104 -4238.6714 -4262.2109 -4191.4048 -4186.627 -4254.7974 -4234.2593 -4176.9077 -4211.0107 -4255.0073 -4217.395 -4208.2363 -4271.7612 -4240.7583 -4099.8354 -3926.6025 -3814.0393 -3862.6304 -3940.5703 -3973.2827 -4005.1182 -4030.5146 -4068.8606 -4116.1509 -4125.0469 -4070.0713 -4041.2063 -4112.0688 -4063.9526 -3868.1812 -3880.3755 -3954.3267 -3911.0164
-3620.5386 -3636.5398 -3647.7788 -3618.1938 -3636.4404 -3716.3289 -3731.5049 -3670.0225 -3675.2354 -3781.3215 -3811.1284 -3701.8704 -3647.9561 -3772.2297 -3822.74 -3688.929 -3690.2566 -3809.1016 -3809.1663 -3782.3582 -3884.1479 -3900.8618 -3768.5605 -3682.2004 -3823.6475 -4041.2485 -4160.3345 -4190.1333 -4153.6392 -4134.1357 -4113.9409 -4071.9321 -4094.6775 -4159.3887 -4162.2568 -4143.1802 -4163.6802 -4140.7036 -4092.3669 -4103.7139 -4124.5493 -4074.8755 -3962.8491 -3899.7971 -3937.9902 -4010.49 -4042.8284 -4008.5339 -3985.9766 -3973.9775 -3960.2258 -4072.0454 -4099.8716 -3885.3652 -3767.3594 -3807.5408 -3853.7817
-3725.05 -3731.0171 -3709.1865 -3743.4045 -3789.0918 -3789.0454 -3735.9924 -3670.9539 -3680.5674 -3810.1567 -3883.8865 -3745.8022 -3596.8113 -3710.7515 -3890.9578 -3816.9778 -3691.5967 -3739.2056 -3792.2617 -3804.7825 -3890.26 -3824.0037 -3775.2983 -3656.9758 -3715.1003 -3886.3333 -4041.689 -4090.4863 -4044.3889 -4027.7771 -4000.1826 -3930.6472 -3973.6885 -4075.2561 -4121.6309 -4121.2588 -4100.5439 -4073.4934 -4075.5374 -4100.832 -4040.1321 -3953.6982 -3984.2769 -3995.092 -3903.4822 -3850.6431 -3869.386 -3864.0144 -3899.0227 -3995.9861 -4008.0559 -4008.1216 -3996.8386 -3945.9312 -4005.0618 -4075.3611 -4014.8589
-3807.2246 -3775.4529 -3767.0596 -3825.8357 -3839.0862 -3804.0144 -3792.4216 -3783.293 -3759.6003 -3820.7715 -3933.73 -3906.9939 -3809.9746 -3844.093 -3958.2324 -3920.2402 -3766.8813 -3827.1052 -3904.6128 -3822.9619 -3846.6948 -3896.7014 -3840.7192 -3682.8958 -3728.6826 -3928.301 -4003.1816 -3928.8389 -3914.6338 -4000.5466 -3998.3474 -3913.2698 -3921.1304 -4056.9724 -4156.7866 -4122.9727 -4021.3477 -3982.3262 -4013.6147 -4057.4998 -4054.0579 -4026.6223 -4080.0317 -4104.4243 -3957.1816 -3793.8196 -3791.6973 -3859.9141 -3970.9143 -4073.7622 -4012.5259 -3865.396 -3848.0686 -3945.3914 -4037.1694 -4071.9548 -4011.085
-3850.6223 -3859.886 -3880.0889 -3912.7429 -3900.1809 -3878.6084 -3904.0027 -3899.7002 -3844.877 -3832.1699 -3858.2046 -3871.8213 -3893.0508 -3915.4517 -3943.0278 -3884.5374 -3750.0288 -3850.8674 -3965.4619 -3841.2722 -3802.9961 -3945.5068 -3944.2014 -3818.1074 -3830.0779 -3953.6479 -3907.2302 -3817.8975 -3899.144 -3926.7988 -3876.4753 -3905.4854 -4028.3518 -4156.3657 -4170.4307 -4074.095 -3979.7271 -4016.2205 -4087.7192 -4118.4951 -4138.8794 -4107.3867 -4087.417 -4123.0337 -4114.771 -4047.7656 -3951.9866 -3909.1829 -4024.415 -4111.792 -4030.8909 -3949.5308 -3957.9507 -3904.0908 -3837.228 -3954.4814 -4084.4087
-3834.8008 -3884.3318 -3922.8696 -3959.1213 -3964.0916 -3967.6858 -3995.9026 -3981.375 -3894.2261 -3788.4084 -3744.1069 -3777.5205 -3865.9697 -3916.8643 -3956.6831 -3946.1306 -3843.407 -3831.802 -3830.9109 -3647.7847 -3552.5161 -3770.9167 -3947.2698 -3928.5476 -3949.5032 -4025.9543 -4016.446 -3953.2139 -3820.1011 -3588.2966 -3535.9402 -3763.8132 -4012.769 -4088.05 -4049.5974 -4008.6187 -4021.9651 -4091.0986 -4134.2979 -4142.8345 -4147.5098 -4082.1536 -4009.0579 -4039.2573 -4038.3511 -3979.7229 -3934.5957 -3953.6575 -4090.3142 -4206.147 -4218.4922 -4194.2808 -4147.0503 -4060.28 -4038.2014 -4175.5903 -4177.0522
-3838.3267 -3884.2065 -3892.8293 -3907.7063 -3932.0786 -3946.1179 -3944.9866 -3958.5542 -3967.5803 -3916.8938 -3871.0903 -3919.4417 -4013.9668 -4057.6707 -4062.2234 -4032.2261 -3956.4319 -3936.2112 -3972.3718 -3956.8398 -3900.0569 -3887.981 -3852.145 -3807.1306 -3877.2388 -3976.915 -3987.3391 -3949.1763 -3821.2876 -3721.9446 -3820.2542 -3946.2019 -3991.2246 -4034.657 -4028.2363 -3986.7651 -4019.5076 -4065.2634 -4107.6074 -4166.8877 -4183.0605 -4136.5381 -4100.7871 -4113.0059 -4076.7986 -4042.844 -4117.562 -4182.5391 -4204.582 -4262.4531 -4285.105 -4195.0352 -4177.6108 -4227.1162 -4243.5161 -4221.9844 -4120.2456
-3886.2476 -3935.9832 -3894.9885 -3879.9854 -3942.4705 -3974.3022 -3934.0889 -3952.2822 -4009.1284 -4002.5508 -3965.5649 -3999.1902 -4086.9365 -4109.416 -4067.627 -4020.0417 -3959.9182 -3952.7051 -3986.6357 -3971.509 -3923.9336 -3871.1997 -3821.751 -3867.1172 -3963.9519 -3969.2729 -3887.3779 -3844.9312 -3878.1331 -3985.1814 -4072.4219 -4043.8403 -4009.9302 -4045.2192 -4058.0713 -4050.3391 -4035.0947 -4023.5938 -4129.354 -4234.1836 -4194.9419 -4125.4307 -4114.9697 -4130.5459 -4166.8765 -4210.2471 -4290.9795 -4356.8091 -4320.8716 -4277.0415 -4290.188 -4237.6455 -4238.1729 -4260.3203 -4167.8228 -4099.4595 -4135.5532
-3880.5454 -3901.3887 -3885.3223 -3852.7817 -3856.5042 -3852.0078 -3843.3735 -3913.0295 -3959.0583 -3920.1953 -3908.7332 -3983.7297 -4070.1567 -4061.5144 -3993.1301 -3948.8572 -3940.373 -3967.6047 -4010.3882 -3976.3086 -3843.8115 -3764.6958 -3809.5554 -3951.124 -4041.8682 -3972.4114 -3864.7007 -3842.8884 -3844.7388 -3824.8027 -3839.4829 -3941.8015 -4068.9744 -4093.5935 -4040.6541 -4013.4971 -3974.4133 -3979.9182 -4137.4731 -4232.5718 -4141.8838 -4046.6768 -4044.0566 -4119.6333 -4259.7681 -4292.8691 -4264.228 -4339.7026 -4371.0972 -4310.0098 -4267.5483 -4234.145 -4249.2988 -4229.8545 -4112.062 -4128.5776 -4250.8354
-3899.0559 -3891.3511 -3927.7654 -3935.4084 -3901.0227 -3909.3293 -3967.8235 -4019.9917 -4000.7224 -3889.5186 -3824.083 -3869.6948 -3963.7559 -4024.7175 -4017.5237 -3986.6064 -3978.8728 -3967.8645 -4015.2605 -4074.9614 -3985.8157 -3851.5469 -3832.5369 -3880.3186 -3922.4543 -3950.6177 -4015.9634 -4074.3311 -3979.0793 -3716.2112 -3586.689 -3794.3032 -4045.2725 -4013.3474 -3786.76 -3691.8442 -3834.1667 -4021.8845 -4116.6357 -4110.9546 -4084.5962 -4104.3481 -4125.5015 -4177.5195 -4310.5273 -4427.4932 -4452.9092 -4450.5889 -4409.2773 -4324.7744 -4275.5288 -4301.0415 -4375.9839 -4345.9282 -4261.2554 -4330.8828 -4408.0459
