Resources/Map/Lvl0_30x30/Ele_FE.asc
ncols         335
nrows         335
xllcorner     -6645000
yllcorner     -10075000
cellsize      10000
nodata_value  -99999.0
[rows 78 to 103 of 335, columns 240 to 299 of 335]
-4401.9707 -4411.7231 -4423.0732 -4429.5762 -4433.355 -4437.5522 -4445.9634 -4457.5864 -4468.8188 -4476.1235 -4479.7212 -4483.1953 -4487.8047 -4493.0151 -4497.1807 -4500.5601 -4507.5293 -4518.7407 -4528.9536 -4534.6372 -4535.5591 -4534.4551 -4535.2832 -4540.6133 -4548.9878 -4556.605 -4560.7974 -4561.0405 -4559.457 -4556.6611 -4554.333 -4549.8335 -4548.0181 -4550.3315 -4554.1924 -4551.729 -4548.7061 -4552.543 -4556.8286 -4560.8359 -4559.6089 -4554.2266 -4546.6768 -4546.6392 -4554.689 -4560.9526 -4560.7896 -4555.6606 -4556.1406 -4562.4976 -4568.813 -4571.959 -4572.2905 -4571.5908 -4573.1118 -4577.7515 -4583.3452 -4588.6313 -4591.7354 -4590.8599
-4393.6284 -4403.249 -4415.7852 -4422.4854 -4425.147 -4430.6431 -4440.9063 -4453.4185 -4463.6787 -4468.4878 -4469.9214 -4473.8081 -4480.8306 -4488.646 -4493.1221 -4493.3906 -4496.6313 -4505.8262 -4518.7026 -4531.7021 -4537.647 -4535.2983 -4534.6963 -4539.2505 -4544.6006 -4548.7803 -4551.7974 -4555.3594 -4558.0117 -4556.519 -4553.2578 -4550.3638 -4545.8022 -4544.1948 -4545.8828 -4542.687 -4540.5249 -4545.5693 -4553.0361 -4556.8384 -4554.9009 -4548.2661 -4542.3774 -4543.4507 -4551.2476 -4557.0249 -4556.7466 -4552.5513 -4553.1152 -4559.0859 -4563.9849 -4565.1611 -4563.8472 -4562.6807 -4566.9268 -4575.1899 -4582.3286 -4586.7583 -4587.4512 -4583.5986
-4395.9873 -4399.7852 -4404.8008 -4409.6758 -4414.3384 -4421.0596 -4429.9468 -4436.4849 -4442.4321 -4444.5894 -4446.4302 -4453.2153 -4466.084 -4482.4644 -4494.5806 -4498.646 -4497.9087 -4498.8608 -4504.8179 -4515.3223 -4524.1646 -4525.8882 -4525.0933 -4527.6152 -4532.0215 -4533.752 -4532.5635 -4532.6855 -4536.5415 -4540.793 -4545.6235 -4547.3569 -4545.793 -4543.8306 -4545.5054 -4546.9746 -4545.3486 -4541.2798 -4539.9873 -4540.9248 -4543.1694 -4543.4058 -4545.9937 -4549.7412 -4554.0649 -4553.6069 -4550.1001 -4548.3188 -4550.1895 -4553.8804 -4555.7676 -4556.2402 -4555.5347 -4550.0366 -4555.5894 -4564.2222 -4566.9893 -4564.4307 -4562.1499 -4564.8296
-4390.0308 -4397.6436 -4401.3364 -4405.0146 -4411.7612 -4420.3408 -4427.5918 -4436.0654 -4444.4126 -4449.1509 -4451.2402 -4455.1206 -4464.6382 -4479.0981 -4491.02 -4497.9937 -4501.0967 -4501.5439 -4503.3677 -4509.4067 -4513.646 -4510.4531 -4505.4434 -4506.624 -4514.1406 -4520.5889 -4522.167 -4521.3604 -4522.5425 -4525.9702 -4529.7305 -4530.9478 -4529.4272 -4528.2832 -4530.3667 -4534.3848 -4534.5693 -4530.3706 -4528.521 -4529.9648 -4534.7959 -4535.2461 -4532.3545 -4531.8667 -4534.7827 -4535.6055 -4535.6484 -4537.9414 -4541.2788 -4543.1831 -4541.5381 -4539.1367 -4543.439 -4550.5288 -4553.6909 -4554.5425 -4546.9214 -4535.4131 -4529.5918 -4535.1396
-4378.3223 -4386.7661 -4387.4312 -4382.5718 -4379.1587 -4380.2793 -4387.8804 -4404.229 -4421.9507 -4435.4551 -4444.1465 -4451.4673 -4458.9395 -4466.4678 -4472.7222 -4480.6284 -4491.7275 -4500.2422 -4503.2041 -4506.4932 -4508.3911 -4504.46 -4499.6704 -4500.8828 -4507.4185 -4513.3892 -4515.4937 -4514.3262 -4514.7432 -4516.4834 -4517.5698 -4516.5054 -4515.7637 -4515.1597 -4512.9082 -4508.5054 -4506.3242 -4507.7295 -4514.6411 -4525.9321 -4530.0591 -4527.9302 -4524.7153 -4525.1074 -4529.6543 -4529.9229 -4526.1826 -4521.3262 -4520.4668 -4521.0146 -4522.8662 -4526.2515 -4533.6162 -4546.3247 -4552.9561 -4551.9023 -4541.1611 -4529.7866 -4525.3677 -4531.6147
-4361.1846 -4366.0737 -4366.1323 -4360.4961 -4350.8213 -4347.9829 -4354.4897 -4371.0449 -4389.1533 -4404.6245 -4419.3462 -4436.0586 -4451.541 -4459.8037 -4461.7119 -4465.0767 -4474.3179 -4485.2139 -4491.7754 -4495.5591 -4500.1836 -4505.5537 -4509.8379 -4512.3569 -4511.8735 -4510.4287 -4510.3906 -4510.5996 -4512.4189 -4513.7388 -4513.5547 -4515.1479 -4517.4648 -4519.6924 -4515.9858 -4503.9043 -4496.1504 -4500.0366 -4500.1582 -4504.8267 -4510.3594 -4508.54 -4502.8901 -4502.0679 -4510.4805 -4510.6851 -4506.6704 -4504.3125 -4503.502 -4505.335 -4508.3149 -4510.8389 -4514.5894 -4519.5415 -4526.4585 -4527.7915 -4519.4063 -4514.3267 -4517.3232 -4524.7881
-4339.9624 -4336.7046 -4332.354 -4330.4395 -4334.687 -4345.6436 -4360.9854 -4375.7822 -4385.0859 -4388.8955 -4392.3916 -4403.9663 -4423.5332 -4442.1411 -4451.8589 -4455.7168 -4460.1675 -4467.2065 -4475.2671 -4482.5337 -4488.0313 -4493.6064 -4496.731 -4494.0854 -4488.3281 -4483.7842 -4484.229 -4490.3906 -4495.6113 -4498.3965 -4497.4351 -4498.6475 -4501.6104 -4504.0532 -4504.0645 -4501.5703 -4500.0688 -4500.7969 -4499.9248 -4496.2437 -4498.9976 -4500.2642 -4496.3877 -4490.3657 -4490.2949 -4495.5933 -4496.5742 -4495.7295 -4497.1177 -4496.498 -4494.5439 -4490.9482 -4487.6362 -4485.6548 -4486.4912 -4489.106 -4491.8105 -4497.5151 -4506.0322 -4513.4351
-4309.5029 -4301.606 -4296.9219 -4302.5195 -4319.083 -4339.6802 -4359.0439 -4372.98 -4382.8257 -4388.1509 -4390.2588 -4394.7358 -4406.4302 -4422.0381 -4434.3516 -4441.2065 -4445.8931 -4452.6851 -4460.606 -4465.2813 -4465.4585 -4465.0127 -4468.6953 -4468.8862 -4461.249 -4452.5039 -4448.1143 -4457.2739 -4465.1909 -4472.272 -4477.6724 -4480.0664 -4480.5381 -4480.9326 -4484.9795 -4492.0693 -4496.3687 -4494.2114 -4488.5708 -4482.7305 -4481.6895 -4484.9038 -4486.9238 -4483.9277 -4480.8306 -4486.6826 -4493.2661 -4488.6504 -4488.8423 -4491.2036 -4487.1553 -4482.3335 -4481.1655 -4478.7676 -4476.3516 -4474.8047 -4473.5796 -4476.7217 -4484.2476 -4492.7139
-4291.4683 -4282.2759 -4282.5161 -4294.5728 -4312.5254 -4329.752 -4342.6528 -4353.1147 -4363.7954 -4372.6421 -4378.7534 -4384.5308 -4393.3613 -4405.749 -4417.0703 -4422.2495 -4420.7778 -4418.8037 -4419.0542 -4419.1719 -4417.5518 -4415.3589 -4423.9048 -4440.8745 -4445.5728 -4438.2354 -4431.5586 -4435.7866 -4442.8198 -4446.6216 -4451.9229 -4456.7959 -4461.8345 -4467.2354 -4474.8862 -4477.874 -4474.6733 -4465.4409 -4459.4526 -4459.6216 -4464.6348 -4464.3384 -4463.1128 -4463.4526 -4463.8579 -4471.9248 -4483.415 -4486.5093 -4479.6943 -4472.8687 -4468.2915 -4463.0566 -4465.3804 -4475.4106 -4482.1304 -4485.1045 -4483.8047 -4479.7915 -4478.7485 -4488.2476
-4288.1655 -4287.1636 -4293.7158 -4305.2134 -4316.4795 -4326.6313 -4336.1899 -4346.7378 -4356.7998 -4363.9878 -4367.9746 -4372.728 -4381.5591 -4393.7417 -4405.022 -4410.9102 -4408.8618 -4403.272 -4400.2271 -4399.2686 -4398.895 -4399.8765 -4404.7427 -4415.2729 -4424.75 -4428.9185 -4429.9517 -4429.5029 -4435.3301 -4437.0737 -4435.8359 -4438.2876 -4442.6934 -4445.3164 -4445.1338 -4441.8472 -4439.229 -4438.3887 -4439.624 -4443.9292 -4447.1514 -4448.1021 -4444.5015 -4441.5444 -4442.7695 -4449.8013 -4460.9893 -4467.5928 -4466.3442 -4460.9985 -4457.1035 -4452.1016 -4448.4644 -4450.915 -4457.981 -4465.5195 -4471.2393 -4475.5835 -4480.6758 -4488.0688
-4284.3223 -4290.54 -4300.3413 -4311.9966 -4320.8301 -4327.5493 -4334.7466 -4344.4463 -4354.397 -4360.4287 -4362.4316 -4362.6128 -4365.6704 -4374.0708 -4385.7886 -4394.5815 -4394.9365 -4388.292 -4382.1099 -4379.8252 -4379.8047 -4379.7549 -4378.9849 -4378.0093 -4382.0898 -4395.5762 -4410.4883 -4415.4619 -4419.1626 -4421.877 -4421.6689 -4423.5347 -4425.8125 -4426.1157 -4424.7881 -4420.7549 -4416.3984 -4412.229 -4408.4624 -4410.8799 -4418.1851 -4429.2241 -4437.7944 -4443.9492 -4444.1396 -4436.147 -4433.6938 -4439.6245 -4444.5986 -4443.3965 -4438.7456 -4434.4937 -4433.7305 -4438.5688 -4448.1855 -4460.8696 -4469.998 -4475.0073 -4480.4556 -4484.5923
-4286.7402 -4290.2446 -4298.6836 -4309.6147 -4317.3037 -4318.8652 -4319.083 -4323.5503 -4330.1582 -4335.9219 -4341.23 -4346.2563 -4352.1221 -4359.8623 -4369.3564 -4375.9063 -4374.3892 -4365.854 -4356.1982 -4348.6953 -4343.3457 -4340.1001 -4340.0825 -4343.0327 -4352.8066 -4372.1523 -4392.6831 -4402.2178 -4405.937 -4406.6099 -4404.8657 -4404.7417 -4406.5381 -4407.0732 -4405.5342 -4401.6353 -4396.3203 -4389.5322 -4379.2725 -4373.7349 -4380.561 -4401.9268 -4425.8145 -4445.8892 -4454.3486 -4447.5024 -4425.4692 -4410.3691 -4417.8418 -4427.7563 -4427.7134 -4423.7446 -4425.3193 -4432.9712 -4443.0229 -4458.7813 -4473.9849 -4484.104 -4486.8188 -4483.3696
-4297.3496 -4298.3271 -4303.7378 -4312.9473 -4319.5854 -4320.9443 -4321.8237 -4325.9121 -4328.875 -4329.6685 -4331.9155 -4337.2129 -4344.4473 -4351.8882 -4358.5 -4361.7935 -4359.791 -4354.2188 -4347.1777 -4340.7236 -4336.2583 -4335.8921 -4339.6284 -4344.8071 -4352.605 -4363.5244 -4375.2402 -4382.0918 -4382.0254 -4380.4053 -4378.8154 -4382.5264 -4391.1992 -4396.3755 -4393.4253 -4385.8687 -4380.4971 -4375.9243 -4370.0122 -4364.936 -4371.4897 -4400.5776 -4429.668 -4450.709 -4461.5781 -4461.6074 -4449.6069 -4430.8403 -4422.3472 -4431.5459 -4443.9146 -4439.7793 -4436.4482 -4444.9888 -4451.7261 -4457.2554 -4474.1992 -4500.2847 -4515.5024 -4516.9873
-4290.5503 -4292.1533 -4296.0864 -4305.688 -4317.1328 -4325.0068 -4329.729 -4333.0625 -4335.1152 -4336.1226 -4336.7139 -4338.666 -4342.7739 -4347.5884 -4350.0024 -4347.0811 -4342.3086 -4340.4951 -4342.5503 -4346.061 -4348.1313 -4348.0493 -4347.4561 -4347.3364 -4350.7637 -4357.0527 -4364.8394 -4371.2607 -4372.4087 -4368.6187 -4361.9419 -4358.1523 -4368.5928 -4384.1875 -4390.5308 -4391.9229 -4393.2568 -4395.5884 -4397.9702 -4401.4912 -4413.5361 -4445.8027 -4469.2041 -4471.4531 -4469.2046 -4465.1133 -4459.2646 -4455.2837 -4453.4526 -4457.0063 -4470.4028 -4464.5498 -4455.5073 -4461.4854 -4468.6284 -4476.019 -4493.0186 -4516.9707 -4529.522 -4529.7578
-4269.3984 -4269.8296 -4271.1411 -4278.7119 -4292.1016 -4306.5459 -4315.7437 -4317.9277 -4317.2471 -4317.083 -4318.5083 -4322.897 -4331.4995 -4339.7817 -4341.7261 -4335.9336 -4329.3818 -4328.9453 -4334.2539 -4339.7163 -4342.2349 -4342.127 -4342.8896 -4345.1113 -4349 -4354.5747 -4362.1284 -4370.3535 -4375.0508 -4375.1973 -4370.0986 -4365.2349 -4375.5845 -4390.1597 -4402.332 -4413.1802 -4421.4146 -4428.4863 -4435.8618 -4445.9834 -4459.333 -4477.4551 -4489.3418 -4474.3223 -4462.8477 -4455.3877 -4450.4102 -4449.8975 -4451.3159 -4452.5229 -4457.499 -4465.2656 -4469.937 -4471.6006 -4473.084 -4475.4595 -4481.2568 -4489.7202 -4494.4487 -4494.6421
-4251.3564 -4257.895 -4263.9316 -4269.896 -4275.6846 -4282.6929 -4288.8267 -4292.9087 -4294.6782 -4295.2417 -4297.0073 -4303.1987 -4313.9619 -4324.9912 -4331.603 -4333.249 -4331.7915 -4329.8213 -4329.6899 -4332.0483 -4336.8926 -4343.9116 -4351.0171 -4354.8813 -4355.6367 -4357.5854 -4363.9536 -4372.9653 -4380.5767 -4385.8096 -4388.8989 -4397.0342 -4410.7622 -4417.5034 -4425.9434 -4429.8745 -4433.2012 -4434.8149 -4436.9604 -4443.1436 -4453.8198 -4462.6802 -4467.4702 -4465.4673 -4462.2651 -4457.1548 -4452.2769 -4449.0903 -4448.6973 -4450.4292 -4453.9458 -4462.0166 -4472.165 -4476.1162 -4472.5254 -4468.2114 -4468.4272 -4474.0586 -4480.0278 -4480.9653
-4239.1934 -4249.6851 -4259.9102 -4266.6035 -4268.3936 -4266.561 -4264.5947 -4264.7944 -4268.3877 -4275.8003 -4286.5361 -4296.8247 -4303.9932 -4309.1025 -4314.5107 -4321.4409 -4327.5615 -4330.5313 -4331.6548 -4334.1484 -4339.0669 -4345.3794 -4350.1343 -4353.1494 -4356.4814 -4362.1323 -4368.8179 -4374.8184 -4378.8457 -4382.165 -4384.4546 -4390.1934 -4398.1133 -4411.248 -4419.7134 -4420.979 -4422.9219 -4424.3745 -4426.1924 -4434.4199 -4448.3911 -4458.749 -4464.3921 -4466.3574 -4465.6401 -4464.3735 -4463.3682 -4458.1465 -4452.3433 -4449.708 -4449.9292 -4456.6226 -4468.4966 -4475.877 -4474.4072 -4469.8755 -4469.3848 -4472.4912 -4477.5361 -4479.855
-4232.2134 -4244.6567 -4256.918 -4263.1709 -4261.5615 -4254.9224 -4246.3843 -4240.4141 -4241.4082 -4250.583 -4263.9805 -4274.4419 -4278.9785 -4280.6064 -4285.2144 -4294.8486 -4306.6836 -4317.1235 -4323.5142 -4325.3208 -4324.981 -4324.8052 -4325.4053 -4329.583 -4338.0073 -4347.7476 -4354.9263 -4358.3672 -4360.7178 -4363.4897 -4366.7373 -4371.7983 -4378.8208 -4389.0205 -4399.2378 -4405.2969 -4409.1919 -4415.0537 -4420.7637 -4430.7173 -4441.9448 -4446.7676 -4445.8931 -4443.374 -4444.686 -4449.8364 -4457.874 -4459.8965 -4453.9292 -4449.1172 -4449.2046 -4451.3232 -4454.6768 -4456.3472 -4454.147 -4452.4873 -4457.4336 -4467.436 -4476.9805 -4481.5313
-4224.562 -4236.1577 -4245.0361 -4245.6187 -4241.4751 -4238.311 -4236.644 -4235.769 -4237.0313 -4242.167 -4249.2983 -4255.2471 -4258.9961 -4261.4434 -4265.1465 -4270.9272 -4279.4546 -4289.0068 -4295.6641 -4296.9263 -4294.4448 -4292.7139 -4295.7715 -4303.7109 -4314.5757 -4323.8789 -4329.6611 -4331.8496 -4333.8818 -4336.8657 -4340.8682 -4345.2515 -4352.2598 -4362.2134 -4375.6704 -4386.5283 -4394.2319 -4403.9824 -4410.9805 -4417.7764 -4422.8467 -4423.7344 -4422.4302 -4421.0898 -4424.3052 -4429.8467 -4437.4336 -4441.1719 -4437.814 -4431.2998 -4429.6787 -4431.8379 -4430.2988 -4428.8462 -4431.2817 -4434.5479 -4440.8652 -4450.3394 -4460.3545 -4466.1943
-4225.9653 -4232.3892 -4235.1611 -4233.6147 -4233.1323 -4236.4541 -4240.6719 -4241.7129 -4241.582 -4242.2466 -4244.7095 -4247.6255 -4252.3438 -4258.3296 -4262.6763 -4263.6758 -4265.4614 -4270.4741 -4276.9614 -4279.9771 -4276.9214 -4273.0259 -4276.8481 -4287.8467 -4300.9531 -4310.6499 -4314.8174 -4314.751 -4313.0664 -4313.4995 -4317.311 -4326.269 -4338.7817 -4351.7744 -4364.6069 -4374.7681 -4379.165 -4386.5835 -4395.2764 -4406.0205 -4413.8062 -4419.0127 -4422.6133 -4422.9897 -4421.8105 -4420.2007 -4418.0742 -4415.812 -4414.1597 -4413.5146 -4415.8003 -4420.9404 -4421.3179 -4419.3467 -4424.0835 -4430.2119 -4435.4961 -4440.6929 -4446.5918 -4452.3555
-4219.2373 -4220.3403 -4219.2437 -4218.8462 -4223.6846 -4232.2637 -4238.1851 -4237.0156 -4232.6997 -4229.4321 -4230.5605 -4235.3379 -4243.5352 -4251.8145 -4256.1631 -4256.1543 -4256.8364 -4262.0068 -4270.5112 -4275.9731 -4274.5874 -4271.0327 -4273.0854 -4280.9351 -4289.582 -4295.0713 -4296.3223 -4297.0469 -4299.0742 -4302.6924 -4309.1885 -4318.9521 -4332.292 -4346.6201 -4360.8872 -4372.3018 -4374.8779 -4374.999 -4379.5718 -4392.9141 -4405.5239 -4414.1611 -4420.8594 -4421.5679 -4415.0923 -4406.5352 -4399.6743 -4398.395 -4404.21 -4415.106 -4425.8857 -4432.4805 -4433.2339 -4430.1626 -4429.3662 -4431.4902 -4435.166 -4440.1924 -4445.6167 -4450.7813
-4209.3496 -4209.1606 -4208.2563 -4208.3213 -4211.3379 -4216.6333 -4218.2197 -4214.7827 -4209.0093 -4208.1924 -4215.6611 -4228.375 -4240.2456 -4244.5063 -4243.0132 -4242.3428 -4246.4321 -4253.3652 -4260.1792 -4264.8633 -4267.272 -4268.5205 -4270.1699 -4272.5088 -4275.0454 -4276.5586 -4278.7354 -4285.1211 -4297.1084 -4307.6416 -4314.4678 -4316.7554 -4319.9141 -4326.0679 -4338.5498 -4355.1021 -4369.2275 -4379.7949 -4386.6255 -4393.728 -4399.5581 -4400.6685 -4404.7139 -4408.1421 -4405.5039 -4402.3711 -4401.9321 -4404.3779 -4408.7251 -4414.4639 -4421.0039 -4426.6284 -4428.9702 -4429.8774 -4431.6421 -4433.8936 -4436.6431 -4438.8481 -4440.6968 -4444.4575
-4177.0381 -4179.6323 -4183.9507 -4187.7349 -4189.75 -4191.1704 -4190.7456 -4189.1333 -4189.1128 -4196.2446 -4211.3164 -4227.9634 -4237.6011 -4237.0669 -4233.3862 -4234.7227 -4240.6743 -4245.3389 -4247.3364 -4249.3965 -4253.9844 -4258.457 -4260.8418 -4261.4111 -4261.6929 -4263.5708 -4268.2417 -4276.7349 -4289.752 -4301.6328 -4308.8823 -4310.5903 -4310.8569 -4312.1812 -4319.4932 -4332.0239 -4346.8516 -4364.9082 -4373.6484 -4380.8936 -4385.7334 -4388.3394 -4393.2183 -4398.4585 -4400.209 -4403.3789 -4409.271 -4412.5776 -4411.7598 -4408.0776 -4404.9727 -4404.1377 -4405.0601 -4408.4766 -4414.2925 -4420.3721 -4426.7891 -4432.6187 -4432.4644 -4430.4824
-4150.0479 -4158.3154 -4167.9814 -4175.958 -4180.4653 -4183.6997 -4185.5908 -4184.897 -4184.7446 -4189.668 -4201.0576 -4212.6465 -4217.5918 -4216.082 -4216.1055 -4222.9575 -4231.5283 -4234.8149 -4233.356 -4231.8521 -4234.6294 -4241.3652 -4247.6563 -4249.8882 -4247.875 -4245.5508 -4247.1216 -4254.4111 -4268.0586 -4283.6851 -4295.1787 -4299.0068 -4299.1162 -4299.4702 -4305.458 -4314.0103 -4323.7002 -4340.3677 -4346.3501 -4353.3477 -4364.1357 -4374.8647 -4382.7856 -4387.5928 -4390.855 -4396.3462 -4405.7188 -4409.1626 -4409.5649 -4408.5967 -4405.5273 -4399.7959 -4394.8198 -4393.8042 -4398.2744 -4406.2935 -4415.3037 -4424.6499 -4428.7476 -4426.3389
-4136.2725 -4144.7085 -4153.0508 -4160.8442 -4166.2769 -4171.5557 -4174.6348 -4172.937 -4168.8413 -4167.6772 -4173.6787 -4182.7227 -4187.2427 -4185.4961 -4185.1016 -4193.062 -4205.1177 -4212.5752 -4211.8555 -4207.3428 -4207.313 -4217.5586 -4232.7485 -4243.3633 -4244.9434 -4240.9146 -4239.2393 -4243.6606 -4254.6396 -4267.5161 -4277.1084 -4281.4331 -4283.3281 -4287.0947 -4295.4609 -4305.165 -4316.4443 -4330.5977 -4340.3721 -4343.2471 -4350.4258 -4358.4858 -4364.5747 -4366.9204 -4369.7983 -4376.7041 -4389.6553 -4396.2119 -4398.7168 -4402.8882 -4404.8813 -4400.21 -4393.5928 -4389.4731 -4390.4199 -4396.228 -4404.2827 -4411.5527 -4417.5664 -4420.6797
-4128.9429 -4131.6294 -4130.5439 -4130.4482 -4134.7065 -4146.1367 -4158.5122 -4164.8672 -4163.8569 -4159.542 -4159.064 -4163.6196 -4167.9106 -4168.3799 -4169.4829 -4175.7104 -4184.9453 -4192.3501 -4194.75 -4195.3008 -4199.3564 -4209.2266 -4220.4102 -4226.7993 -4228.4468 -4230.0898 -4234.4688 -4240.7983 -4246.3169 -4250.978 -4257.2764 -4265.6768 -4274.9497 -4283.4551 -4291.3086 -4297.9912 -4305.8965 -4315.8237 -4333.9443 -4343.4067 -4345.2144 -4350.8608 -4355.0332 -4355.4893 -4356.8979 -4363.4927 -4376.0449 -4384.9897 -4386.333 -4390.9819 -4396.855 -4392.5313 -4387.728 -4385.5498 -4386.5112 -4390.4482 -4395.1924 -4398.8921 -4401.6309 -4405.2539
