Resources/Map/Lvl0_30x30/Ele_CA.asc
ncols         335
nrows         335
xllcorner     -20045000
yllcorner     -25000
cellsize      10000
nodata_value  -99999.0
[rows 75 to 99 of 335, columns 228 to 284 of 335]
-4845.187 -4823.7974 -4839.5239 -4854.3081 -4846.0645 -4837.6968 -4829.0498 -4812.6865 -4789.6816 -4771.4756 -4764.0967 -4756.1631 -4736.4478 -4714.0869 -4695.7607 -4670.3682 -4640.1753 -4613.4985 -4585.8433 -4556.4712 -4524.3237 -4494.4604 -4477.3071 -4456.7778 -4433.1431 -4408.5703 -4388.7178 -4369.4102 -4350.3374 -4331.7632 -4320.7153 -4312.8359 -4307.855 -4292.4233 -4280.2817 -4279.7197 -4273.0933 -4273.0103 -4280.8403 -4304.4648 -4232.5259 -4041.2996 -3931.9395 -4058.2454 -4139.4248 -4125.5132 -4151.5752 -4163.7905 -4113.3613 -4187.5117 -4294.0112 -4274.8877 -4216.9951 -4308.7339 -4433.9224 -4399.8843 -4249.73
-4733.5864 -4693.2754 -4810.834 -4834.3721 -4826.0435 -4826.1299 -4810.5786 -4755.6743 -4710.5542 -4725.4746 -4755.6592 -4762.1074 -4746.8599 -4728.6606 -4715.4863 -4698.3071 -4674.022 -4646.999 -4619.3818 -4592.3271 -4564.5107 -4540.4165 -4513.1484 -4490.6235 -4468.0879 -4445.4116 -4420.6265 -4399.1279 -4376.9673 -4354.7969 -4341.0366 -4337.2939 -4328.5352 -4308.8198 -4311.8042 -4309.0732 -4300.2168 -4293.5425 -4290.8457 -4284.6313 -4264.7832 -4244.4351 -4227.4839 -4231.0688 -4229.3193 -4180.1152 -4098.4619 -3974.217 -3974.48 -4188.9175 -4337.0283 -4365.4805 -4348.1089 -4379.8774 -4440.5156 -4502.4229 -4534.1504
-4473.7388 -4508.4199 -4646.6421 -4699.1465 -4687.0039 -4629.5396 -4562.1855 -4543.6323 -4584.2939 -4654.9072 -4731.4927 -4775.5244 -4777.3091 -4762.1455 -4741.9624 -4715.6973 -4692.4722 -4675.6743 -4659.7065 -4635.5571 -4608.1792 -4583.9517 -4552.998 -4527.4819 -4507.2549 -4486.7666 -4460.7573 -4440.7661 -4419.3086 -4394.0679 -4375.6016 -4378.5674 -4350.2876 -4335.272 -4345.5962 -4337.0947 -4329.8052 -4321.1411 -4306.0581 -4292.3101 -4271.6421 -4247.2456 -4272.8472 -4281.2988 -4249.7949 -4178.6489 -4115.4702 -4130.0845 -4211.9106 -4308.4448 -4375.5176 -4374.3926 -4336.0293 -4340.5361 -4390.5659 -4450.9038 -4505.6479
-4218.1157 -4257.7998 -4267.6641 -4275.1016 -4342.9907 -4308.4844 -4245.0986 -4346.8784 -4484.8125 -4596.5571 -4741.5015 -4814.166 -4798.4902 -4782.751 -4773.3823 -4745.1973 -4714.8203 -4704.3853 -4696.3838 -4675.291 -4651.3857 -4628.626 -4604.0967 -4576.1963 -4556.4927 -4533.6509 -4512.689 -4488.6309 -4471.7188 -4435.9302 -4426.52 -4426.9209 -4392.3916 -4385.04 -4380.396 -4371.7959 -4359.8584 -4344.4478 -4334.3516 -4318.9624 -4299.4839 -4271.8628 -4289.8691 -4303.1846 -4264.2505 -4220.5591 -4218.437 -4208.6006 -4210.7764 -4250.9077 -4322.8379 -4372.9502 -4365.6279 -4380.2759 -4396.7178 -4394.8535 -4445.0479
-4060.1665 -3975.2542 -3886.5164 -3845.7195 -3882.6035 -3856.7739 -3946.2114 -4193.1572 -4342.8027 -4501.4141 -4743.4565 -4846.1787 -4828.6777 -4817.0508 -4803.0698 -4770.6089 -4742.748 -4736.855 -4736.8975 -4718.8071 -4696.0771 -4682.4331 -4661.751 -4639.96 -4614.2041 -4578.832 -4556.1538 -4542.0752 -4520.1074 -4378.8271 -4421.5098 -4467.9551 -4428.6807 -4422.9849 -4412.5654 -4406.3042 -4391.2095 -4369.4229 -4362.6143 -4349.7031 -4339.9077 -4334.9058 -4330.9844 -4327.4668 -4290.875 -4219.9614 -4219.5908 -4242.7256 -4263.0962 -4288.8188 -4322.8828 -4367.3608 -4369.7271 -4382.876 -4406.0742 -4426.4648 -4496.2974
-3783.667 -3681.0083 -3541.2698 -3497.9478 -3591.6792 -3685.7222 -3817.6472 -3997.7256 -4148.8413 -4396.3223 -4723.5957 -4867.7251 -4866.0737 -4852.2505 -4841.0425 -4806.228 -4774.187 -4767.5698 -4769.3442 -4768.9399 -4756.5884 -4742.9136 -4724.52 -4709.4204 -4680.8359 -4644.686 -4605.1758 -4578.8179 -4582.5605 -4554.9229 -4534.3599 -4533.355 -4503.8979 -4454.1885 -4448.3696 -4450.3159 -4432.0938 -4414.3364 -4403.2114 -4421.2705 -4412.7803 -4376.0278 -4362.063 -4353.1699 -4352.6528 -4351.3232 -4361.5107 -4376.0498 -4364.772 -4350.7642 -4364.5527 -4372.0674 -4412.1455 -4483.1714 -4504.564 -4463.7598 -4422.6646
-3498.2197 -3266.5396 -3204.7771 -3316.6487 -3482.4685 -3622.3208 -3781.0359 -3962.0181 -4134.9414 -4400.4658 -4688.521 -4852.6519 -4898.2979 -4891.4658 -4870.4077 -4831.6787 -4803.2603 -4809.3828 -4818.3477 -4822.8916 -4815.6479 -4797.1201 -4778.1909 -4763.1611 -4745.2671 -4709.7666 -4645.0889 -4626.6714 -4544.0044 -4563.2402 -4623.918 -4593.7104 -4578.3887 -4537.7666 -4519.0791 -4501.4121 -4486.3882 -4463.3149 -4452.2417 -4458.875 -4437.9419 -4422.0742 -4406.8652 -4396.2661 -4398.4521 -4392.8472 -4393.9751 -4405.9839 -4399.7627 -4402.4746 -4427.1533 -4457.8389 -4497.4575 -4505.7813 -4468.9741 -4427.7432 -4396.3091
-2981.7805 -2826.1616 -2997.3484 -3254.8652 -3414.218 -3583.0212 -3789.6799 -3990.2356 -4227.7407 -4502.7305 -4730.4893 -4862.0884 -4914.2666 -4904.3882 -4862.5469 -4828.5464 -4822.7339 -4843.5298 -4865.9331 -4869.564 -4858.7334 -4837.4873 -4807.0254 -4784.1812 -4765.3545 -4747.6528 -4645.978 -4566.5879 -4565.9927 -4561.21 -4668.2881 -4665.709 -4655.4717 -4625.3994 -4589.959 -4575.144 -4559.689 -4548.4131 -4527.8896 -4509.437 -4492.8408 -4473.6387 -4456.5537 -4440.8608 -4427.9287 -4419.3843 -4420.8242 -4430.6377 -4441.8457 -4478.7686 -4515.3447 -4501.7578 -4467.2764 -4447.7744 -4445.5791 -4422.3887 -4401.7363
-1770.7432 -2302.1133 -2697.7356 -2858.9255 -3100.3665 -3443.3264 -3713.0173 -4014.2129 -4303.3672 -4559.6387 -4745.3164 -4854.3838 -4905.7129 -4881.0542 -4841.1816 -4827.6265 -4836.0688 -4856.6099 -4883.2856 -4898.5483 -4889.9404 -4855.1909 -4815.293 -4772.7827 -4749.2334 -4748.1758 -4641.7612 -4412.3091 -4485.5288 -4449.4785 -4705.9819 -4491.0479 -4633.0825 -4702.6089 -4683.6621 -4661.0894 -4642.0454 -4628.7451 -4601.3569 -4584.6841 -4560.9355 -4533.9648 -4517.9004 -4502.6963 -4490.7471 -4479.2412 -4472.4956 -4472.144 -4485.5747 -4492.9805 -4471.0337 -4438.3604 -4436.4214 -4466.0513 -4495.4819 -4426.3901 -4452.7046
-445.8333 -920.4509 -1216.1448 -1602.3679 -2577.6372 -3250.1311 -3535.6953 -3937.4841 -4243.5889 -4454.502 -4663.4712 -4771.9053 -4799.5459 -4802.2275 -4828.1191 -4806.8511 -4810.4868 -4828.2466 -4869.561 -4905.9053 -4907.0483 -4861.5879 -4806.0801 -4747.0405 -4715.2788 -4696.3462 -4438.7573 -4401.2622 -4408.1299 -4322.7681 -4494.7358 -4725.6201 -4773.4116 -4790.5098 -4765.5 -4708.4038 -4719.1396 -4716.2183 -4693.2427 -4676.6172 -4651.9741 -4629.3374 -4629.605 -4608.3765 -4594.2056 -4573.1675 -4535.4292 -4485.27 -4456.0444 -4448.894 -4478.8687 -4503.4282 -4503.0771 -4507.4199 -4527.8823 -4544.0396 -4578.0532
162.4445 135.9463 162.6588 -837.3721 -2249.8259 -2943.4419 -3286.4282 -3738.2144 -3868.5908 -3900.9058 -4286.6641 -4600.7217 -4724.5762 -4750.4702 -4767.9492 -4728.0435 -4723.9673 -4727.2729 -4772.9395 -4839.8213 -4867.5923 -4806.4346 -4765.7661 -4709.3794 -4654.9883 -4563.8682 -4002.9983 -3945.5308 -4327.229 -4398.4092 -4657.9653 -4747.061 -4867.9419 -4869.4639 -4836.0869 -4728.021 -4795.0854 -4815.6792 -4798.9756 -4782.5771 -4761.5952 -4751.4453 -4754.6465 -4734.7739 -4700.5659 -4636.2568 -4576.064 -4547.2153 -4480.4565 -4453.1812 -4522.9629 -4547.9448 -4537.6489 -4529.8892 -4551.0029 -4573.5356 -4597.1035
1167.3427 442.3298 129.9931 -654.5031 -1955.8048 -2705.1069 -3205.7383 -3611.7505 -3506.3701 -3074.4822 -3387.4087 -4039.4377 -4441.873 -4549.5835 -4531.1763 -4506.333 -4507.8472 -4452.876 -4455.6162 -4580.311 -4645.5215 -4616.4653 -4630.8862 -4592.644 -4506.1768 -4393.1626 -3648.3464 -3127.4707 -3954.3652 -4642.9272 -4766.2246 -4721.0054 -4929.9707 -4963.1484 -4967.0078 -4958.6611 -4961.6191 -4956.9683 -4935.1182 -4916.4946 -4900.6904 -4889.9014 -4870.5991 -4830.0054 -4781.0869 -4730.7407 -4677.7842 -4645.0757 -4591.8193 -4556.8921 -4577.9795 -4593.582 -4582.8188 -4566.7827 -4572.585 -4586.9824 -4594.665
508.4478 260.0251 76.2531 -905.8271 -2067.9597 -2773.761 -3153.8679 -3251.1482 -3109.978 -2620.238 -2490.7715 -3056.8953 -3588.2114 -3798.1008 -3835.0188 -3891.2371 -3922.95 -3874.3528 -3939.7163 -4123.5366 -4243.7832 -4367.8574 -4477.3286 -4363.5552 -4143.8174 -4094.3823 -4094.7097 -3605.1689 -4045.4907 -4629.0786 -4729.5391 -4964.0049 -4953.3604 -5060.5254 -5133.3999 -5146.5439 -5128.2651 -5143.5503 -5078.5425 -5066.7256 -5040.6978 -4998.3252 -4963.8179 -4929.8223 -4902.7124 -4866.5488 -4805.8472 -4744.5693 -4704.0376 -4677.7632 -4656.1655 -4648.3291 -4641.0576 -4624.8887 -4613.0854 -4617.3276 -4597.1689
203.2244 131.048 2 -1425.8636 -2429.968 -2861.156 -3006.5344 -2728.6809 -2190.7644 -1956.8929 -1849.6559 -2145.8572 -2631.1343 -2871.6946 -2999.0415 -2964.1348 -2789.9504 -2740.7346 -3033.5723 -3465.95 -3583.0059 -3725.0562 -4057.644 -4029.5723 -3986.127 -4099.8174 -4169.3149 -4112.8203 -4234.0181 -4543.335 -4707.4297 -4908.853 -4975.1641 -5134.8071 -5238.0552 -5290.25 -5277.2305 -5283.2539 -5213.2036 -5230.4263 -5207.187 -5159.5566 -5110.3604 -5055.6445 -5018.2207 -4987.3794 -4934.6768 -4856.8931 -4812.062 -4779.8613 -4737.8359 -4710.707 -4706.8335 -4673.2622 -4647.7266 -4661.0195 -4655.9907
-1173.4377 -939.47 -1493.9863 -2531.533 -2936.6423 -3039.7842 -2996.9663 -2404.6194 -1572.7319 -1334.2253 -1334.1299 -1406.837 -1814.9506 -2176.304 -2254.7788 -2041.2091 -1634.2427 -1428.1898 -1593.7109 -2064.1826 -2466.9585 -2633.5579 -3265.426 -3712.0808 -3550.0171 -3900.9446 -4177.5288 -4247.4819 -4434.9019 -4617.2061 -4641.4614 -4822.415 -5030.7314 -5172.2676 -5242.1982 -5298.2085 -5328.7979 -5335.7954 -5346.061 -5381.5234 -5397.98 -5369.6523 -5317.9731 -5249.7334 -5186.1143 -5127.6016 -5062.3354 -4971.8301 -4921.4409 -4858.5396 -4797.9673 -4786.6216 -4785.6519 -4736.9512 -4676.0786 -4715.3076 -4833.041
-2127.8618 -2167.989 -2628.9084 -3202.8926 -3292.8845 -3371.1006 -3366.9031 -2955.7095 -2275.1973 -1572.6312 -1146.7257 -1052.8026 -1122.1998 -1247.2804 -1352.7817 -1144.9553 -633.1644 -316.4548 -371.6959 -940.3859 -1841.1364 -2446.853 -2819.0991 -3213.8547 -3372.1648 -3668.9268 -3998.3171 -4305.6709 -4464.9434 -4555.4248 -4670.8252 -4905.1577 -5034.1567 -5132.3511 -5260.8154 -5353.7905 -5419.2197 -5451.6265 -5462.2637 -5494.8652 -5538.3672 -5511.8765 -5458.9121 -5390.4951 -5323.2773 -5253.5806 -5172.6113 -5067.9458 -5011.2632 -4968.7886 -4928.5723 -4908.5508 -4887.2275 -4835.2256 -4782.7905 -4814.3311 -4916.4482
-2604.7207 -2737.8794 -3085.1563 -3445.7925 -3601.1951 -3722.1023 -3847.928 -3831.9014 -3507.4021 -2552.2629 -1609.3326 -1223.6592 -956.2312 -674.3972 -495.6231 -329.6929 -92.8208 279.3904 26.1631 -514.9899 -1391.6823 -2002.5521 -2570.4685 -2925.6423 -3086.0581 -3376.9604 -3721.5938 -4140.4233 -4103.6812 -3975.2629 -4251.5771 -4769.4302 -5135.4443 -5252.5288 -5311.1675 -5389.2163 -5513.7778 -5543.9541 -5539.5313 -5561.8755 -5619.0083 -5614.6304 -5583.5874 -5527.5005 -5448.9385 -5370.0459 -5274.8389 -5158.3726 -5100.1963 -5089.1265 -5095.9004 -5086.3516 -5041.6792 -4980.7451 -4953.9575 -4957.105 -4921.834
-2968.209 -3025.4932 -3255.9341 -3596.03 -3866.1484 -4018.9856 -4169.0059 -4259.2832 -4134.5874 -3442.3064 -2592.5615 -2098.6863 -1612.6342 -951.7202 -300.0749 347.823 133.8314 370.2925 301.1144 -120.9518 -668.8202 -1153.8563 -1911.0227 -2454.8015 -2657.5876 -2978.3884 -3314.4834 -3584.2917 -3556.3484 -3419.4373 -3569.5649 -4270.1748 -4850.2998 -5088.8091 -5164.5786 -5391.7832 -5571.9438 -5591.8379 -5568.6821 -5588.7188 -5685.521 -5692.6235 -5667.9502 -5615.4126 -5517.8022 -5432.6768 -5356.313 -5288.5977 -5262.7813 -5246.2783 -5218.0347 -5172.9487 -5140.4194 -5111.4766 -5068.9971 -5029.6528 -5020.9541
-3308.9458 -3267.5217 -3413.1526 -3742.7605 -4087.2161 -4299.4678 -4439.7183 -4508.4487 -4429.2007 -3801.5066 -3038.177 -2654.0007 -2432.168 -1912.8243 -917.4261 151.2426 394.5567 235.963 434.7653 115.3682 -180.4762 -678.1614 -1065.2517 -1354.1246 -1510.2075 -1974.1296 -2507.6421 -3149.1277 -3311.3726 -3217.4138 -3334.3191 -3694.3975 -3902.5984 -4121.4907 -4427.2246 -5001.7002 -5317.0254 -5478.4414 -5490.1421 -5524.2388 -5597.6353 -5546.5947 -5554.6943 -5603.8452 -5516.9536 -5444.582 -5407.3716 -5379.4585 -5367.811 -5353.2319 -5312.9043 -5249.7383 -5213.0386 -5177.9482 -5098.25 -5007.2949 -4989.105
-3598.2073 -3499.1702 -3554.8406 -3835.9514 -4201.7202 -4473.479 -4625.3472 -4675.3564 -4502.5898 -3723.4087 -2934.9048 -2559.6694 -2404.7122 -2257.8372 -1498.2328 -528.6973 400.7613 33.8173 149.526 282.1144 25.4397 -303.2385 -551.6669 -725.5053 -709.9557 -806.0542 -1233.9323 -2121.1221 -2522.3733 -2486.8596 -2499.293 -2775.8049 -2599.4932 -2626.2019 -2866.594 -3449.4866 -4081.5659 -4607.186 -4894.4019 -5026.52 -4912.9116 -4804.936 -5036.7163 -5394.4351 -5446.1528 -5438.7539 -5465.0869 -5478.3003 -5473.8364 -5450.1665 -5402.4868 -5361.5767 -5322.4336 -5272.981 -5222.9946 -5159.0283 -5120.2886
-3861.2415 -3726.6067 -3690.3323 -3907.0701 -4271.3091 -4568.083 -4711.9531 -4752.9194 -4600.4082 -3991.8765 -3239.0266 -2785.8733 -2564.7168 -2612.3105 -2136.3125 -1122.4738 14 7.6613 4.7121 82.8601 279.7385 19.3943 -406.6266 -599.4406 -515.8224 -351.9959 -476.3982 -804.0042 -1187.7242 -1355.3344 -1245.9694 -1406.8105 -1201.9702 -1102.8478 -1111.7611 -1512.0968 -2088.0215 -2732.8376 -3547.6331 -4094.177 -4004.4116 -4246.4736 -4761.27 -5180.7046 -5342.9453 -5451.5088 -5543.3252 -5576.9492 -5576.9165 -5548.6064 -5505.6445 -5481.3892 -5430.7939 -5357.0781 -5319.4741 -5294.1289 -5232.0981
-4135.3047 -4000.0461 -3926.4592 -4034.7002 -4312.5229 -4588.5254 -4720.7632 -4746.7319 -4702.5146 -4356.8599 -3642.2842 -3083.3655 -2915.7915 -2931.1667 -2685.6406 -1811.642 -902.6866 -524.035 -495.7657 -444.3394 -419.3494 -476.5446 -470.1374 -431.9864 -318.7621 -100.6783 168.8137 110.7024 70.0337 -217.3242 -241.3185 -294.1135 -423.2327 -483.7733 -512.4295 -561.3732 -722.818 -1148.0491 -2195.1414 -3280.5442 -3887.2991 -4408.9585 -4692.8057 -4894.4683 -5095.5654 -5351.1797 -5564.334 -5644.1553 -5655.5718 -5629.8955 -5593.7891 -5564.5591 -5521.8813 -5458.2969 -5405.2144 -5343.4775 -5265.8013
-4386.0649 -4270.9883 -4208.894 -4249.0786 -4428.8599 -4628.0034 -4711.9097 -4720.6167 -4714.0723 -4587.0376 -4001.2161 -3267.176 -3056.7463 -3094.1274 -3047.8835 -2572.0713 -1606.8325 -813.3762 -574.9129 -563.8347 -537.6926 -408.9258 -255.4462 -158.3931 -122.8559 41.7127 187.9796 32.2948 184.0532 917.728 951.5576 199.4141 -200.761 -340.4116 -412.5789 -422.9456 -469.7591 -686.5944 -1442.6879 -2649.4368 -3470.7354 -3983.4023 -4232.4658 -4471.5571 -4696.2588 -4992.0615 -5317.6768 -5534.9917 -5675.4204 -5702.5825 -5668.5767 -5643.104 -5607.8584 -5549.9795 -5483.9204 -5397.5562 -5323.7129
-4584.1816 -4509.8833 -4466.1006 -4470.9043 -4555.9058 -4656.377 -4678.9199 -4665.1733 -4643.3149 -4567.7646 -4242.0278 -3755.4905 -3468.9397 -3376.4331 -3343.0273 -3139.0334 -2447.8655 -1323.4683 -699.9667 -557.243 -356.4831 -136.6284 -106.7225 -166.0905 -272.7748 -441.6567 -452.0199 -285.3822 -109.6697 42.3183 1.3039 -120.2555 -46.3686 54.2318 -186.2533 -228.8468 -252.3872 -417.2673 -890.8865 -1715.6082 -2558.8596 -3236.7417 -3692.3125 -4076.0081 -4380.9224 -4670.1055 -4949.3877 -5263.9229 -5530.6274 -5682.4297 -5700.2598 -5646.1855 -5607.9551 -5579.5322 -5535.2192 -5470.832 -5406.7642
-4676.9482 -4661.1118 -4650.4722 -4645.0166 -4649.186 -4642.8555 -4603.2261 -4548.5264 -4465.7153 -4371.1182 -4315.4526 -4294.5049 -4126.2192 -3868.6128 -3692.2183 -3590.6396 -3240.5664 -2161.6406 -1195.791 -758.6017 -328.543 -250.399 -522.6433 -805.35 -987.3232 -1260.0219 -933.8518 -460.0058 -76.414 71.0273 -51.6016 -113.0688 299.6479 623.6939 51.6711 -7.0831 81.3287 12.5943 -392.1894 -919.0837 -1650.6161 -2381.3372 -2892.845 -3265.4214 -3737.0242 -4230.9521 -4605.5654 -4940.1963 -5214.4321 -5505.8467 -5660.8931 -5622.8818 -5578.4697 -5566.4136 -5553.8262 -5505.4502 -5452.9478
