Resources/Map/Lvl0_30x30/Ele_DD.asc
ncols         335
nrows         335
xllcorner     -9995000
yllcorner     -3375000
cellsize      10000
nodata_value  -99999.0
[rows 297 to 323 of 335, columns 177 to 235 of 335]
-3983.365 -4084.2551 -4131.3867 -4123.9424 -4044.8464 -3983.3 -4068.5039 -4212.6924 -4212.8306 -4184.8296 -4191.0332 -4109.9971 -4073.7212 -4048.3569 -4028.281 -4076.4712 -4124.8945 -4203.5303 -4285.7808 -4367.7617 -4838.9414 -5793.8296 -6191.0093 -6542.582 -7078.2866 -6317.9316 -6200.9692 -5648.2163 -4446.0845 -3296.0195 -2301.9304 -1290.868 -487.4712 -155.1697 122.7448 729.9398 737.1526 738.1716 1070.855 1182.7529 1654.644 1297.5452 1525.3672 1799.0195 1906.6323 2222.1641 3003.0068 2934.845 2942.7544 3413.0149 3902.3245 4145.9224 3978.4465 3745.5566 4128.9458 4566.8286 4429.3311 4875.7505 4775.8447
-4065.7524 -4129.0625 -4077.4336 -4019.4888 -4049.9033 -4083.0422 -4131.9658 -4200.7959 -4170.9141 -4123.2568 -4122.6338 -4063.9705 -4066.2178 -4117.2734 -4088.4077 -3920.9214 -3880.2449 -4163.3672 -4338.5513 -4401.4326 -4783.6997 -5660.7397 -6094.0068 -6637.5254 -7014.8848 -6145.4473 -5532.708 -5225.9976 -4579.1094 -3439.6128 -2170.9529 -1156.8502 -308.9238 1 122.8147 306.2002 694.6946 975.7822 1218.3765 1349.1611 1527.0851 1593.8143 1658.1016 1897.8247 1751.3519 2620.3987 2315.3037 2908.1167 3065.4971 3241.9653 3210.1541 3932.8035 3960.8535 3806.7117 4057.8586 4442.8486 5599.4634 5159.0469 5019.8027
-4053.5007 -4068.7256 -3984.4722 -3925.0896 -4043.4966 -4103.8516 -4109.0205 -4150.6553 -4160.3403 -4111.9663 -4011.3762 -3948.8489 -3991.7092 -4076.4561 -4022.1604 -3869.6921 -3890.2488 -4222.082 -4425.8057 -4547.4077 -4831.7227 -5557.3403 -6122.4434 -6788.855 -6698.3159 -5836.9111 -5002.5098 -4671.4419 -4510.9951 -3702.9436 -2203.6414 -1122.2924 52.9035 28.2008 227.0287 353.3597 682.1605 883.163 909.2686 1100.7737 1369.4021 1249.7311 1549.4111 1740.2836 1606.0463 1758.087 1907.6376 2609.1165 2788.459 3246.6062 3748.5923 4298.0396 4101.0684 4013.2952 4056.4199 4974.2646 5515.0654 5420.4409 5669.8975
-4034.4568 -3931.4045 -3894.0479 -3960.667 -4075.8347 -4096.4106 -4081.6965 -4045.4036 -4091.1289 -4142.3813 -4107.9766 -4056.074 -4070.3911 -4114.5566 -3917.6448 -3839.4158 -4102.3232 -4311.1201 -4459.0093 -4687.7515 -5066.9683 -5791.9404 -6272.855 -6660.2749 -6345.1992 -5427.8271 -4551.8281 -4225.9766 -4277.7915 -3696.5239 -2189.5796 -1063.6849 69.8503 120.2792 209.3378 495.608 693.2661 699.8331 855.4926 987.4342 1416.7168 965.1519 1197.4086 1369.1224 1663.9374 2349.3586 3070.4897 2306.7463 3034.4949 3979.7991 3874.0591 4082.2515 4368.7773 4210.1909 4092.2168 4682.2793 4741.3062 4447.3472 5475.1846
-4003.623 -3952.7659 -3936.4214 -3957.9397 -4007.572 -4042.7957 -4073.1616 -4034.9041 -4067.772 -4135.2251 -4151.6445 -4089.9988 -4064.8708 -4075.9387 -3928.5674 -3925.8767 -4143.4663 -4341.2666 -4542.3804 -4932.6494 -5409.4941 -5911.6519 -6389.2788 -6418.3545 -5839.8916 -4924.8789 -4106.7251 -3749.2029 -3825.8997 -3395.4155 -2096.2583 -878.4658 -20.8894 119.5407 198.7413 327.3101 457.3311 298.9701 400.2817 693.4036 864.2043 721.0059 947.8773 1335.1504 1821.8146 2503.8447 3119.1248 2734.7292 3357.3169 3556.8459 3711.8237 4347.0718 4989.4048 4541.8853 4318.4702 4766.5708 5172.6641 4273.354 4848.5781
-4070.8513 -4052.9558 -3950.9626 -3856.886 -3882.1047 -3971.6035 -4070.6616 -4122.0942 -4139.7793 -4144.938 -4118.229 -4032.0728 -3964.0647 -3921.2798 -3764.5959 -3653.5884 -3878.9102 -4230.0752 -4428.8511 -4821.5459 -5469.1001 -5944.2959 -6511.7451 -6289.3755 -5600.396 -4742.5513 -3829.6389 -3145.7451 -2942.6501 -2803.0369 -1499.3021 -559.9127 10 222.7669 249.2661 192.3828 321.031 722.7918 661.6708 502.811 680.5142 886.6979 1423.4001 1532.4077 1617.6283 2338.3616 3153.3506 3487.1748 3865.4124 3364.3403 4080.3591 4432.9014 4500.2847 4442.085 4400.3994 4993.2959 4714.0034 4165.959 4418.2695
-4140.2529 -4065.9001 -3997.312 -3972.6313 -4034.3989 -4069.061 -4039.0891 -4048.3877 -4078.3982 -4083.0959 -4063.4666 -3862.0991 -3685.3215 -3627.4861 -3153.6033 -2764.6553 -3361.1509 -4086.9778 -4155.4829 -4323.7358 -5263.5469 -5952.4453 -6519.231 -6232.8701 -5581.2729 -4548.0874 -3480.1182 -2832.1548 -2404.3071 -1765.9252 -1084.2982 -454.4079 -61.2914 80.1781 162.4523 266.8743 323.8381 811.4401 716.1351 874.2171 760.3644 1238.3671 1494.5946 1843.3368 2289.8782 2031.6213 2822.6306 3479.9524 4086.2456 3547.9929 4154.6685 4281.7188 4158.0737 4460.8066 4853.4971 4532.6143 4679.9946 4598.5215 4295.2944
-4031.7886 -3697.6187 -3733.9395 -3972.1379 -4153.5728 -4183.4854 -4051.5798 -3997.2302 -4047.72 -4057.5024 -3980.2229 -3668.2673 -3478.5017 -3482.7168 -2879.2407 -2394.9946 -3130.968 -4077.3481 -4323.1196 -4564.144 -5288.0684 -5998.3955 -6190.1689 -5635.6709 -5206.8848 -4229.3774 -3342.4775 -3087.178 -2616.1279 -1819.9221 -1075.5646 -399.0977 -95.9285 180.7258 257.5022 229.8341 308.3528 458.9449 854.2303 922.4911 700.0792 1096.0183 1410.7386 1793.1965 2629.4272 2467.2136 3487.8806 3682.9595 3565.4402 3681.1338 4169.3794 4275.9556 4397.6196 4786.1743 5043.2026 4713.1675 4440.7368 4605.3213 4189.4336
-3899.917 -3133.3689 -3161.7004 -3856.3525 -4197.5625 -4263.895 -4116.6465 -3913.3718 -3975.4067 -4108.2588 -4030.6047 -3827.5459 -3780.4807 -3810.9734 -3559.8062 -3375.5796 -3736.7595 -4350.1924 -4770.4785 -5159.0244 -5569.7393 -6097.1626 -5898.4888 -5067.5967 -4542.3726 -3786.5994 -3357.1235 -3270.5212 -2793.8792 -1861.9093 -970.0866 17 22.9088 99.6309 164.9996 370.337 328.511 554.3768 1226.6064 1267.3778 743.8205 1308.6549 1793.2063 1697.6152 2017.1746 2503.3416 3161.0461 3831.7485 3127.771 3452.4028 3973.0999 4708.6113 5009.9497 4778.9751 4837.6812 4944.8193 4939.0415 4668.5513 4207.9204
-4020.4045 -3389.8223 -3348.2219 -3966.2439 -4252.4507 -4332.001 -4112.5156 -3701.3315 -3786.2832 -4139.1802 -4253.6318 -4211.2163 -4171.1675 -4174.3403 -4103.6572 -4044.0898 -4204.085 -4543.4585 -4860.2271 -5253.1367 -5790.4351 -6135.5151 -5587.4873 -4831.9443 -4214.1255 -3671.051 -3364.8774 -3042.6343 -2479.9514 -1562.7968 -659.5356 138.7469 259.0287 224.3698 324.7038 239.4409 339.3864 554.2767 975.5008 1549.1851 1124.394 1122.8221 1727.4166 2054.0366 2846.8789 2880.1943 2645.5293 3155.439 3253.3972 4010.2383 4761.9463 4412.4819 4743.5728 4873.5713 5010.2192 5322.2974 6126.3892 5168.1372 4722.6294
-4173.2993 -4056.9614 -4056.9192 -4216.3477 -4302.106 -4374.209 -4278.4336 -4017.2229 -4055.5361 -4269.0625 -4398.5659 -4441.8877 -4409.8394 -4380.8457 -4281.2588 -4237.5161 -4348.9365 -4578.9492 -4855.2637 -5205.9233 -5901.3135 -6186.3281 -5565.4258 -4728.1401 -3973.4873 -3533.2021 -3249.3137 -2616.1814 -2019.2153 -1206.6436 -444.4391 162.385 340.124 380.2793 334.6968 278.6499 325.3586 495.175 848.4746 1491.2222 1558.3408 1591.4598 1368.9791 2445.5684 2870.5791 2886.2239 2947.0488 3534.8975 3662.0427 3642.8513 4264.3447 3863.0581 4619.5771 4734.4536 4858.7803 5405.9424 5375.4004 5384.8428 4826.8257
-4116.9478 -4131.4243 -4230.6782 -4281.8271 -4263.4639 -4272.4575 -4363.2988 -4309.0737 -4291.9756 -4359.7266 -4392.3345 -4439.1875 -4450.77 -4408.8608 -4348.7778 -4334.7754 -4431.251 -4647.499 -4907.54 -5262.9204 -6017.0781 -6124.5732 -5491.3604 -4586.1113 -3697.668 -3230.4092 -2974.6204 -2350.5813 -1780.8135 -1044.2604 48 429.3435 309.2188 311.214 261.7331 286.9647 373.2364 528.4143 940.0989 1199.2496 1536.1396 1859.4011 1760.5931 1544.682 2580.7451 2327.7454 3443.7686 3536.5383 3645.4546 3509.043 3375.2869 4010.1003 4528.9219 4657.0532 5109.6519 5672.4897 5347.5674 5496.0103 4602.9468
-4071.5903 -4036.7708 -4147.5967 -4175.999 -4067.5957 -4038.5999 -4164.856 -4167.4316 -4163.8936 -4266.5361 -4366.0376 -4387.9937 -4386.7554 -4401.0859 -4419.7661 -4408.6123 -4506.1665 -4716.8379 -4976.2646 -5444.2002 -6014.4541 -5785.6143 -5102.3286 -4418.6733 -3592.1892 -3093.2903 -2821.1792 -2324.2476 -1622.5005 -774.298 143.3423 438.0941 638.1533 425.0811 503.5599 362.5798 474.4713 601.2722 812.8651 1082.8687 1462.0409 2040.5863 2150.238 1289.1086 2159.6311 3357.3064 2893.1331 3447.4309 4081.7021 3877.2512 3902.7124 4436.4443 4265.0835 4601.8491 5186.812 5318.0962 5532.0654 5461.0737 4615.3682
-4110.2671 -4064.2693 -4099.6782 -4047.7185 -3952.0972 -4026.8442 -4115.7808 -4073.9792 -4068.0015 -4161.9292 -4300.9702 -4336.73 -4329.7793 -4369.8975 -4427.8911 -4481.9497 -4620.3696 -4816.4663 -5165.8125 -5659.6626 -5917.8081 -5494.8906 -4902.9067 -4288.3247 -3534.1814 -2984.3069 -2579.134 -2190.7671 -1362.734 -441.8591 178.1143 396.5721 451.0309 453.9478 343.0651 391.7457 517.1998 789.1581 1215.874 1840.7019 1754.2947 1900.8529 2626.0635 1475.9536 2438.4209 3092.915 2994.293 3374.5234 4657.8188 4007.8862 4411.6997 4174.0039 4270.5493 4745.1377 5062.186 4703.4004 4847.165 4733.0913 4155.0532
-4119.3535 -4084.6265 -4078.2852 -4055.2869 -4081.9722 -4147.1343 -4122.2939 -4097.8599 -4091.4822 -4143.1489 -4251.853 -4282.7466 -4259.6953 -4307.9731 -4411.1987 -4539.542 -4760.1523 -5019.5005 -5453.4482 -5924.7563 -5920.7031 -5230.1016 -4748.6489 -4182.6377 -3495.0232 -2844.4236 -2345.2161 -1954.9927 -1080.1293 -261.4974 208.479 289.6461 484.8942 346.1883 346.7048 426.7708 607.9741 759.4587 1645.7004 1481.1003 2194.2551 2272.3936 2632.5786 2616.645 2690.8584 2193.0781 2757.71 3571.5659 4337.314 4416.2749 4369.877 4073.4089 4108.7524 4428.9482 4482.0815 4442.459 4833.8994 4398.5898 3954.9114
-4066.1077 -4054.5669 -4068.5537 -4099.585 -4130.207 -4115.4038 -4089.7922 -4082.7427 -4055.3735 -4116.5107 -4213.5913 -4240.5117 -4241.9912 -4276.897 -4392.9048 -4556.4751 -4800.415 -5158.374 -5600.4082 -6138.4458 -5876.9722 -4945.1206 -4562.9893 -4128.9478 -3466.2366 -2749.0747 -2221.8767 -1603.9662 -720.4308 -157.275 284.5509 563.6528 803.0422 540.6499 450.3469 498.7384 730.7387 807.8727 1104.6295 1679.3685 2034.1414 2491.1616 3624.2937 2473.1367 3742.1917 2964.3462 3409.1279 4571.5278 4497.4063 4042.3462 4288.3984 4005.8547 4106.7183 4473.0186 4812.9688 4418.7817 4325.1421 4355.5571 3851.0977
-3989.6165 -4041.1477 -4086.6086 -4087.6565 -4096.6768 -4118.4458 -4068.9648 -4011.125 -4024.9194 -4094.1047 -4190.3984 -4257.6655 -4321.0024 -4360.835 -4429.2778 -4601.8916 -4896.4624 -5316.1948 -5721.1094 -6204.8828 -5603.1729 -4779.6802 -4590.6753 -4206.5225 -3334.1921 -2612.6875 -2052.6499 -1258.6942 -464.0528 -104.757 246.2831 518.2971 539.4008 624.3429 598.3111 657.0439 952.1731 1372.0253 1142.1267 1915.0532 2366.3804 2490.3564 3388.2883 3080.2493 3767.1587 3705.5903 4887.3477 5220.5962 4409.4409 4301.853 3980.6516 3957.458 3836.8608 4164.9487 4541.3208 4309.3213 4622.1729 3831.9282 3515.3418
-3958.592 -4014.6533 -4077.6936 -4088.3274 -4119.8335 -4125.2471 -4047.7307 -4029.8452 -4098.7813 -4153.8936 -4232.4761 -4308.6333 -4368.1597 -4432.8809 -4514.3379 -4706.4023 -5056.5103 -5442.5581 -5871.6323 -6110.6553 -5341.2539 -4640.2383 -4493.6021 -4144.3892 -3195.7803 -2477.6841 -1840.5168 -1059.5126 -343.204 62.0067 167.4175 324.4348 416.5098 675.4148 741.0051 726.9739 1271.6846 1823.7227 1981.1241 1604.9049 2168.55 2956.6033 3373.8909 3093.0876 3726.7109 4396.9692 4454.0703 4845.9761 4192.8203 4044.3518 3995.5664 4343.5581 3799.8945 3778.8752 4417.4795 4469.5239 3663.9436 3692.8167 3296.8721
-4014.0808 -3997.6997 -4035.1624 -4084.9907 -4117.603 -4107.7456 -4104.208 -4159.563 -4162.3252 -4168.8198 -4245.751 -4327.6948 -4398.9683 -4481.4893 -4612.0454 -4852.77 -5129.4292 -5556.0601 -6049.5483 -6019.1016 -5164.2358 -4406.1538 -4125.1372 -3864.6167 -3211.4688 -2483.3616 -1556.5266 -850.0336 36.2904 384.1602 630.0961 379.058 386.7565 379.7673 438.1839 650.8275 1099.1208 1693.8502 2087.9272 2052.0364 2386.012 3257.3799 3958.4873 3919.3838 3666.2708 3994.6992 5192.9702 4656.2964 4474.5249 4061.7844 4320.1147 4132.8237 3663.8767 3970.1348 4041.8687 4442.4375 3608.4153 3015.5979 2673.3005
-4100.106 -4069.7581 -4044.9966 -4096.7212 -4132.9282 -4121.1367 -4155.7603 -4227.3975 -4160.3247 -4127.6445 -4220.397 -4315.2271 -4418.0171 -4521.6514 -4721.9419 -4983.0894 -5215.3965 -5722.3628 -6209.8379 -5974.1133 -5037.8374 -4247.3926 -3852.2937 -3644.0193 -3167.2424 -2353.9819 -1179.1416 -627.5528 -185.6903 561.6128 785.2684 928.4297 904.4233 626.0101 591.5708 748.0511 985.3373 1987.7623 2296.2336 2352.3496 2962.5115 3103.2969 4198.0264 3726.135 4090.5823 4635.0083 4552.082 4596.0884 4227.8438 4231.6284 4399.918 3707 3753.4124 3988.1177 3836.814 4173.4165 3397.2837 2727.8855 2416.5554
-4119.5347 -4156.6348 -4153.3418 -4143.1182 -4155.5522 -4141.3301 -4155.0264 -4173.6479 -4145.9448 -4183.0596 -4246.4146 -4312.6284 -4427.7358 -4565.9951 -4812.8169 -5055.0898 -5350.0898 -5929.1768 -6302.0898 -5903.6377 -4844.8682 -4116.9932 -3879.55 -3638.8792 -2966.2505 -1858.1271 -817.9314 -380.7896 478.1299 929.728 1086.8717 1202.1113 1102.005 886.8705 974.405 908.2822 1239.0052 1340.4625 1353.329 2919.3557 2082.8872 3357.6724 3871.3152 3209.6836 3886.0728 5128.6187 4594.3364 4345.498 4452.3535 4609.042 4324.3735 3796.4509 3524.0344 3614.4673 3728.6689 3963.5725 3352.6089 2824.813 2545.6086
-4106.6191 -4136.6924 -4178.9731 -4181.7256 -4162.6401 -4142.7983 -4135.083 -4154.8242 -4235.6162 -4229.1904 -4225.1021 -4321.3662 -4441.396 -4614.4443 -4866.8286 -5115.2671 -5554.2905 -6072.8164 -6296.6206 -5589.8203 -4569.21 -4075.8496 -4003.3418 -3537.9028 -2586.7327 -1453.858 -399.643 171.6367 467.4162 796.1557 965.0498 1553.5665 962.2917 954.6375 1122.7792 1270.8171 2161.9387 1990.3889 1529.1837 1183.9454 1877.7096 3498.3318 3179.2236 3233.1345 3375.9763 4372.0352 4486.189 4143.2192 4248.1045 4106.8525 4414.415 3645.2126 3368.7495 3758.5537 3856.5024 3720.1077 3272.551 3485.7886 2816.353
-4122.9038 -4125.3926 -4132.1055 -4169.7617 -4171.1875 -4161.7178 -4196.4785 -4204.4307 -4215.3457 -4124.459 -4168.3618 -4391.1357 -4531.9067 -4679.5938 -4873.2358 -5189.0767 -5778.1177 -6160.0615 -6226.3555 -5372.8936 -4441.564 -3971.8362 -3935.45 -3252.8101 -2198.8162 -1228.8616 75.3964 270.4832 550.2698 608.8575 966.0179 849.5406 887.4482 857.2049 1146.1139 1499.0229 1926.5579 2654.2205 2327.5632 2943.2305 1975.6694 2542.3186 2318.4626 4139.1182 3375.6223 4436.3589 4212.6836 3954.6724 4453.0581 3924.3796 3874.7788 3446.9548 3273.5051 3954.8904 3438.2537 3592.8926 3180.1279 3423.1848 3159.938
-4160.4565 -4140.4897 -4132.5654 -4161.9336 -4175.8706 -4221.9487 -4261.2173 -4158.498 -4177.2388 -4244.7012 -4279.3154 -4413.4082 -4565.2075 -4685.8545 -4856.7979 -5295.9458 -5858.6606 -6200.937 -6115.1113 -5219.9785 -4409.1416 -4002.1995 -3761.8489 -2787.8711 -1788.9377 -864.3169 -18.3867 187.3728 392.673 641.0776 885.7554 848.9568 889.0566 930.0311 1240.1536 2009.2062 2240.4707 2601.5334 2919.5476 2705.47 2900.0183 1748.9772 3315.3838 4199.772 3835.1187 4530.2813 4183.7544 4291.0796 4160.1699 3955.8711 3529.0342 3317.1104 3318.7542 3504.2437 3465.3225 3774.1042 2855.3555 2783.1284 3584.2466
-4161.5835 -4160.5723 -4154.4063 -4160.5659 -4179.5723 -4227.9849 -4244.1577 -4220.2847 -4296.2769 -4361.1797 -4309.6299 -4348.6768 -4508.2495 -4713.4766 -4954.5166 -5414.7847 -5811.7744 -6207.5181 -5979.7539 -5140.0415 -4424.9272 -4068.8877 -3522.3833 -2293.1526 -1455.8296 -637.4183 -28.3892 127.8813 375.0824 763.3044 821.8281 1078.7931 1228.9366 1061.6606 1352.5504 1679.3552 2159.6208 2375.7166 1944.4017 3941.365 3658.7871 3319.084 3789.7412 3763.7485 4059.5645 5072.791 3978.8887 4253.3008 4165.7363 4018.7065 3530.7336 3509.3613 3884.5356 2982.146 3768.8174 4071.823 2807.4714 2622.7278 3353.3479
-4126.8662 -4160.8462 -4177.0601 -4175.3901 -4185.7939 -4196.9658 -4228.8696 -4268.0015 -4299.2705 -4316.3247 -4278.248 -4315.7583 -4500.9126 -4753.9902 -5067.2671 -5551.1201 -5920.4199 -6238.7261 -5786.9937 -4953.123 -4288.2754 -3876.3362 -3115.8901 -1972.6118 -1330.1318 -613.2405 -25.7456 113.5709 323.9937 903.5997 1213.8236 1153.135 1127.8558 1017.84 1414.0275 1695.5065 2217.1191 3580.3196 3399.3655 2784.6377 4572.7729 3193.7756 4171.0044 4392.4702 3993.9058 4430.6416 3755.7664 4078.9531 4260.0898 3965.0845 3577.1157 3638.8855 3804.7478 2999.7278 3870.2378 4025.6309 2524.7991 1999.8521 2413.3201
-4076.2065 -4127.1216 -4196.979 -4193.7119 -4180.0845 -4175.0381 -4213.0654 -4243.3022 -4236.1445 -4282.7358 -4377.1426 -4459.3599 -4585.127 -4780.5542 -5122.6875 -5624.5171 -6097.6519 -6283.7368 -5613.6724 -4543.4136 -3912.8318 -3664.823 -3029.5791 -2069.8848 -1302.7795 -472.7744 -32.4377 43.1583 72.3554 546.0957 944.5931 832.9302 852.972 887.8892 1456.5969 2028.0308 2335.5576 3284.3962 3490.2937 3003.2708 4468.0186 4467.0195 4288.6729 4662.106 4103.8789 4898.6523 4024.5559 3814.3462 3832.0554 3768.8701 3433.8298 3297.1616 3526.1216 2928.5361 3915.8855 2977.0146 2114.7446 1757.6953 1751.4751
