Resources/Map/Lvl0_30x30/Ele_BI.asc
ncols         335
nrows         335
xllcorner     6755000
yllcorner     3325000
cellsize      10000
nodata_value  -99999.0
[rows 56 to 83 of 335, columns 126 to 188 of 335]
110.7696 112.9208 112.6836 109.6562 114.0017 113.3219 117.0765 116.3862 118.0512 113.4207 113.7067 112.7012 104.9344 96.6294 87.9591 93.7704 118.955 127.4044 127.6307 124.8853 127.0762 121.7568 120.6582 121.8186 117.969 114.6048 109.3605 108.108 109.9467 105.1616 104.6237 113.5358 113.7103 111.8976 113.1248 110.8393 115.3253 113 110.7328 106.9101 113.0137 107.2793 107.0628 97.6722 107.4433 116.1668 115.2377 116.9646 108.0385 114.0166 102.381 111.546 109.566 101.9919 98.8051 103.7153 99.0357 103.5783 104.0888 104.6916 104 104 104
114.2206 117.1541 118.9681 119.6656 120.6022 119.0251 118.8827 117.3894 117.3853 114.2021 113.0899 112.346 109.141 100.6916 93.7999 91.1018 92.7951 81.825 111.3581 120.0439 120.9847 124.8515 125.3491 124.3645 124.132 118.5823 112.5069 109.5656 106.8055 105.8607 103.6156 105.0844 110.5647 113.3088 112.6562 101.1038 105.9767 113.587 104.3017 104.887 113.2263 105.7758 104.8082 97.5034 107.8624 107.8909 110.636 103.5832 106.9544 115.3187 113.8943 108.9252 102.7304 98 98 97.9438 98 98 98.6528 102.1688 106.8696 105.0955 104
108.9321 109.7427 112.7945 111.364 113.1158 109.223 110.0627 109.1116 113.0463 112.6724 110.2421 112.0894 112.5997 112.9642 107.3282 102.1337 96.5304 87.4012 82.8626 111.5579 115.0388 118.8603 120.9131 121.8956 118.4692 121.8064 113.6224 115.3152 108.863 109.7575 105.5329 105.8371 106.852 109.8927 112.1201 114.265 112.9695 113.46 113.8993 115.436 110.3442 105.4352 87.8244 96.0371 106.3831 106.3828 100.3518 102.806 109.5028 109.3663 114.122 113.7389 102.7783 100.7746 102.4215 110.8618 110.2267 106.1506 103.262 104.6141 104.561 104 104
113.0937 116.6337 118.9367 112.475 109.6993 109.6149 111.5198 108.4875 107.6489 112.7333 110.495 110.7124 114.2038 115.1583 115.0596 110.3706 104.3595 97.5667 93.1555 88.5403 88.227 82.3731 113.0599 122.3331 122.7834 120.0834 119.5278 116.6937 112.0026 112.986 110.7914 105.4042 104 105.9892 112.4972 110.3584 113.2048 101.5411 107.3696 105.5664 97.8405 97.136 90.3518 97.9008 101.5247 109.2389 105.9998 96.4569 97.4079 100.6227 104.0983 106.6762 103.3648 96.6674 104.7806 120.5311 104.8489 104.4025 110.4454 107.4543 104.6228 109.1081 106.2032
107.4416 112.0111 114.8394 112.9414 111.3834 110.1894 109.4991 107.59 109.4368 112.8816 111.9528 111.9299 112.9591 109.2889 109.158 108.661 95.3798 96.5873 100.3069 96.1437 95.9238 93.1143 94.0954 84.532 90.999 81.9946 98.5885 103.1191 116.1883 118.1753 115.8614 116.5928 110.3843 106.186 105.3505 110.9042 110.7309 104.4199 107.4851 103.0217 102.354 90.5489 94.3328 94.1537 92.9648 99.7021 106.8329 99.8159 97.7325 103.3244 103.777 103.3545 101.0408 105.5732 110.2633 122.6 107.9749 109.4336 110.0799 113.4784 112.4651 105.6087 105.5666
110.5722 110.9221 109.2673 109.7636 112.3859 110.5945 112.8448 109.1005 110.3756 111.9864 110.2644 107.5798 106.9035 106.8553 114.1416 109.0178 106.4991 105.569 104.3636 102.4129 103.5796 100.5322 100.9549 104.0754 99.2421 93.5539 75.9568 117.655 118.1816 121.0182 111.7142 117.5225 116.6794 113.0092 111.6464 106.3831 106.7345 103.818 101.3269 103.7423 98.3165 92.4374 93.5089 96.1105 95.621 96.163 95.2509 96.3574 95.6699 98.3372 99.8368 100.6649 110.098 115.5588 111.6378 110.5722 104.6692 106.2991 106.7201 116.0462 115.1409 112.4333 112.4472
114.2812 115.6115 115.273 109.7085 110.0172 112.0066 113.0435 107.8844 106.5244 107.3937 107.7565 108.4308 104.6568 108.2675 109.6385 107.5909 108.5892 113.8662 111.7059 112.8395 106.6072 107.9336 110.5633 109.212 104.7416 101.1034 97.1601 95.7078 82.1733 113.0651 123.2917 120.5549 118.6901 115.1799 110.377 104.2335 102.3385 103.8554 102.5815 100.7883 94.7897 94.4151 97.6915 96.2701 96.0095 96.8477 105.4643 99.1751 100.0896 98.7056 95.7916 99.9142 97.1851 117.236 90.1749 108.6109 99.3532 110.4468 110.0569 114.0871 117.8128 106.7087 105.852
117.249 119.3594 115.4785 118.1129 118.6838 117.1986 117.1161 120.6455 118.4815 117.9121 120.7202 118.3686 117.9959 118.6871 114.332 110.4128 116.5796 119.6086 121.5852 123.54 119.0903 119.6206 118.3932 111.8315 110.4433 111.5443 106.6194 106.0252 100.8336 75.3897 120.4952 120.2602 118.3397 114.063 96.1291 103.3754 105.8601 105.7676 97.5196 93.6545 92.4504 95.3893 95.6287 95.9364 96.7238 100.3474 100.3362 97.4567 101.2045 97.9059 97.9745 94.741 102.919 100.8441 98.2469 97.9374 106.8522 108.2476 109.6035 110.1064 106.307 114.0299 115.9999
113.9723 121.1816 121.2435 120.6135 121.6266 118.3577 121.4674 119.3009 123.399 123.7682 124.4155 120.2109 124.0721 123.5347 119.7536 118.3243 119.6364 121.0056 119.1589 119.9579 116.4737 119.4572 119.9917 113.2807 113.1055 110.5805 112.4992 108.5152 100.2228 91.8588 79.3875 117.9572 117.757 111.848 110.7816 110.7972 114.5735 102.7294 99.8809 94.9315 91.8183 95.8034 92.5386 98.1535 98.591 96.1593 95.9788 97.9818 99.5164 101.3196 99.0856 109.2795 104.7919 107.5797 110.561 108.352 110.6736 111.9406 110.8558 109.4834 105.8196 108.0538 107.3969
108.7375 119.9151 126.6781 129.6045 128.9898 126.0215 125.5476 127.7938 128.9394 131.8831 128.5391 129.784 133.1746 128.1829 132.7071 133.6576 129.7973 129.5714 127.1291 122.4462 119.3457 116.9607 114.2127 111.2097 107.4926 106.2211 101.9925 100.2867 101.309 99.8565 95.2841 82.223 85.7831 116.5562 118.3837 117.0406 116.1569 106.9651 96.0645 98.3689 101.4525 98.587 98.6189 99.0935 100.4741 100.5442 96.7119 99.5563 100.2718 101.9337 106.808 115.8653 93.5563 94.9541 102.9568 97.8073 107.7869 105.1403 107.3021 100.6621 101.0147 105.3883 105.5197
52.5463 65.5662 95.3307 111.6913 118.782 125.2586 117.9602 100.213 80.3141 88.9791 90.3047 117.8796 124.3335 124.5927 131.7106 132.7431 131.2902 127.7006 121.8848 116.3659 109.7961 100.3219 97.1296 103.274 100.3056 99.3548 101.9856 104.8525 99.9988 97.3424 100.6659 93.3563 85.6898 107.5183 121.4447 122.3276 118.256 111.3391 109.3084 108.0349 103.5024 103.4233 101.9303 105.3333 105.5142 104.162 101.8338 97.9313 103.116 106.5288 108.0236 106.53 108.9139 106.6046 94.1329 98.8468 94.609 102.4996 102.8535 106.215 103.8949 107.7971 105.9336
53.195 52 69.9678 107.0335 118.69 115.7548 95.0716 51.9719 35.9909 30.0535 22.088 34.4945 55.4581 75.2477 89.3436 111.235 124.4818 130.7867 125.5273 116.7694 115.8126 107.5893 101.9132 103.9641 103.1067 103.6822 103.7426 107.1684 101.5464 105.8114 105.7669 100.1788 90.665 80.758 114.3389 124.7455 108.854 107.4365 108.223 110.8818 106.119 103.2787 101.5171 102.7697 103.465 104.6032 107.3127 104.7666 98.4012 103.8843 100.2551 108.8799 98.6309 98.7587 91.3135 89.5111 86.9399 100.2798 98.1429 108.5818 109.145 112.9876 108.842
55.5022 62.5226 95.2628 126.9256 128.5776 121.0703 119.5651 99.5894 42.8392 22.8865 22 23.6454 38.5801 80.2107 110.2364 125.7933 131.7126 135.6505 134.4899 133.8782 119.9914 119.8068 112.8669 110.363 110.2365 110.4125 110.8664 112.0491 110.1005 108.758 107.9619 96.9797 93.1199 86.8417 116.263 116.9549 110.6266 108.3184 108.6117 107.1709 103.0615 102.4698 102.7989 98.7409 102.3652 99.6547 103.2206 101.0584 99.4886 104.2352 112.6835 86.5808 77.7453 79.4359 88.848 99.8249 90.6595 94.8812 103.5063 107.3636 114.9187 118.3366 118.1539
92.5041 118.6315 127.7034 130.6702 128.5881 123.2318 118.439 114.2794 92.3919 56.084 36.8552 28.8126 34.3285 64.7906 94.466 109.7551 122.6272 130.4731 135.2976 134.539 127.4667 118.9628 113.3652 115.5118 112.9941 115.3951 116.5159 112.6153 113.9973 111.4516 110.7525 105.0631 90.092 82.6985 107.686 107.5083 103.3768 101.9708 103.7709 99.4682 102.4171 104.5564 100.0873 102.251 103.8331 105.786 104.6884 98.1659 100.182 112.8798 108.2725 103.3074 100.8566 100.0516 102.4094 107.9335 105.3205 101.9084 107.3732 108.8955 104.6268 102.139 110.6228
83.103 122.901 129.6185 131.0524 131.0212 124.8753 124.9994 125.9994 120.685 114.0032 109.4863 102.0128 99.2676 109.1089 115.8227 121.8118 124.0104 128.4633 127.3172 128.2441 127.0099 130.1181 125.7564 125.4205 128.498 128.0016 130.1672 126.2068 121.0009 118.0005 114.9144 112.1054 98.4909 91.6099 79.2718 102.995 99.0479 107.7601 106.0004 101.4658 99.9722 97.5497 104.7739 104.1689 105.0283 100.8462 97.7209 94.4092 100.6894 110.6618 109.144 110.8835 103.0398 111.8897 107.9999 105.6782 109.8185 109.2066 113.3299 112.5318 110.6498 107.7853 106.0458
104.5789 99.0426 119.8519 129.115 128.2662 124.1469 126.4451 126.4377 123.5259 121.4642 116.7278 114.4034 120.7254 127.1947 128.7191 128.7852 126.4543 123.8221 110.4405 79.0295 82.1566 99.1155 106.8248 121.4749 123.6199 129.767 128.306 124.884 116.1106 108.3776 101.3746 97.2144 98.9459 100.6092 89.6055 80.0402 81.3713 102.1765 99.4907 104.0647 105.132 107.2869 104.4134 101.7078 101.8917 103.4355 101.4452 105.0722 111.6171 110.6095 107.6047 98.4124 106.096 103.2875 104.9813 111.4239 105.2392 103.9031 105.4904 105.1854 106.8935 106.3362 107.3121
131.1309 131.5041 128.8781 126.7285 131.0191 126.351 122.4003 122.7602 118.889 112.9525 114.109 111.8259 112.271 118.7367 121.0005 123.1373 111.3858 70.1083 44.4019 38.048 38.8418 46.3519 70.7348 102.5303 117.7643 120.0033 116.1743 110.3616 109.7413 95.1228 106.6956 102.8578 107.0479 101.4132 98.9817 93.2932 88.7883 84.1658 94.7625 106.8617 102.5427 103.421 105.0572 105.4127 101.9143 100.5791 95.1988 102.7198 112.4462 106.1169 102.1369 97.2143 99.58 100.586 107.6299 99.7123 107.0738 104.5859 106.1606 106.0035 108.0743 106.0149 100.8989
151.7157 133.4085 123.9416 133.3813 119.3848 125.9623 121.8064 101.0674 81.1329 72.3166 66.5213 60.085 60 60 60 68.292 83.8387 74.2053 59.7826 43.759 42.7131 52.9776 86.5118 108.296 116.3942 122.2014 116.9814 115.6436 110.8945 107.7499 106.4954 107.1823 110.2348 103.047 97.1263 98.6558 93.6056 90.6015 86.5844 98.7911 104.0609 88.1004 101.4225 104.2651 101.9412 99.9443 103.2351 99.9908 98.4238 96.7765 96.911 96.1493 101.2233 105.4428 108.0454 104.1766 108.1403 110.6209 110.948 107.6361 102.7307 98.3089 100.6985
162.2563 151.5659 153.02 138.0291 139.1803 125.3061 126.411 90.9692 62.5267 64.1741 61.8738 63.6607 60 60.8098 60 62.8557 85.9679 106.6344 105.0023 91.7726 100.9465 108.8327 120.0466 128.6445 128.2673 125.7338 121.5981 119.2165 118.0019 119.466 118.8958 119.1858 116.4691 113.6514 111.8981 110.8735 99.4882 90.8428 90.0213 84.9507 106.1286 98.7458 93.0245 97.2047 96.5718 102.1403 101.7506 97.1822 91.3704 92.1988 90.9598 101.4664 106.2523 112.4696 107.1027 105.9354 108.7524 105.4677 101.2723 91.6609 89 95.9755 97.8728
174.067 181.8587 173.6783 159.6792 145.9813 125.6719 127.4586 110.5004 85.4982 60.1742 64.449 67.076 68.6916 66.1628 60.4498 68.6541 103.0977 134.8448 140.1532 133.1088 132.8989 129.605 129.5617 125.9489 124.2913 121.8837 116.8818 119.4737 124.9647 123.421 114.0882 120.2047 115.4739 113.778 114.2389 103.6126 98.821 93.5587 94.2088 93.3522 90.0181 92.5002 104.0059 90.9256 94.6692 91.435 87.9983 91.6708 98.9329 97.8377 100.2619 98.7674 100.2431 93.2689 103.3459 103.1695 97.9939 99.5425 101.9796 101.7313 103.3982 107.2132 102.352
185.271 205.5415 198.1839 179.0738 178.0411 150.0418 147.1073 136.9722 114.4052 89.2012 64.6703 69.5504 70.5284 67.9122 67.5334 63.0468 71.2101 82.8543 109.2434 128.9103 139.9261 134.9127 120.2868 119.3417 116.6885 110.6843 103.922 101.8556 108.3962 115.0073 116.3217 125.8696 119.2312 115.1394 111.8837 105.5704 100.8819 98.7117 97.917 98.6867 98.5636 93.5718 90.0592 88.0382 88.989 98.2703 91.2111 98.3988 94.6324 92.6515 92.576 96.5392 110.7804 96.0059 104.2522 103.1853 99.4363 102 102.0567 100.7004 104.0518 108.3407 110.1337
202.4626 223.1188 212.0756 203.3865 188.381 173.0969 149.3732 131.205 122.5287 114.2583 88.8085 72.1225 70.0192 71.0184 71.4874 70.5413 64.8787 66.7293 106.5185 135.333 144.648 118.359 106.494 92.7719 76.8857 75.922 92.421 104.7984 108.2173 92.7627 94.8285 89.808 89.4354 95.5786 106.0417 109.0699 103.7835 99.9469 92.2844 103.0077 107.583 107.5974 102.6145 98.8433 91.5373 85.8352 87.8828 95.0854 98.2914 100.0542 102.3362 104.7608 100.7471 104.0739 102.1882 101.4481 107.1855 107.9704 104.6778 105.5246 102.1395 96.0529 93.2708
220.6958 209.5038 195.7078 183.2779 199.8414 191.3117 174.5292 152.4409 137.1196 121.0211 120.2769 91.6234 78.597 75.4493 78.1109 77.6223 71.1136 81.7437 107.7395 109.5178 114.6792 117.9289 88.7151 62 65.4215 75.8804 87.5417 105.2093 98.2914 101.5056 98.7043 84.6354 86.7379 98.7972 107.1295 114.2217 103.0451 94.982 98.6027 103.7902 107.1606 106.5494 105.261 102.9433 103.1929 103.2527 92.3314 91.8521 92.9719 90.734 94.1221 95.4282 107.2261 112.1201 106.0749 110.04 111.1531 110.9076 113.4364 115.0332 109.8258 99.3862 104.7668
232.4221 227.5341 225.313 215.872 208.1225 226.125 210.6193 202.3429 182.6289 167.69 135.0159 113.0097 104.7015 90.1218 79.3606 77.9597 74.4551 72.9317 73.9994 75.3675 105.552 114.6565 87.0493 72.9737 69.2062 81.5402 86.3393 95.0301 96.1016 111.2519 100.0555 97.3921 103.948 108.1011 114.9447 114.5221 119.7218 116.1705 116.1804 108.8785 112.0793 113.031 110.2101 115.6974 110.5449 110.0667 107.1141 107.7911 95.3637 88.4947 93.9799 102.5606 111.1025 109.2892 109.4369 107.5906 110.5491 106.8655 104.4848 104.3556 97.1973 95.0237 110.5022
265.9723 260.4167 248.9569 249.9275 238.0998 243.0298 205.1145 191.5128 178.0494 158.1952 141.2483 138.4866 112.2592 100.7141 75.9188 78.3394 82.5293 83.1976 80.6733 78.4875 104.4107 118.0011 111.8144 95.7842 90.7988 91.5997 86.8272 86.4231 85.1656 106.0853 119.5562 123.7874 111.449 104.8265 92.6621 99.9635 126.1594 124.0336 121.7541 104.2319 101.4516 119.6061 117.6065 120.0077 118.815 117.8646 110.4581 110.2188 107.4873 97.0546 95.7885 105.4926 105.7141 106.9391 111.4266 111.8242 108.433 107.9826 114.5054 102.281 84.0875 85.0168 108.2546
249.9789 247.494 241.0123 222.51 225.9684 222.0705 208.8241 206.1334 184.9415 168.0178 158.8152 136.3452 132.1636 107.5824 111.5169 120.1309 101.6875 97.9782 103.5185 107.7566 102.4152 106.2748 102.3316 100.4882 98.0748 90.0953 86.9787 86.4546 112.7187 109.6688 137.438 118.5823 111.1005 94.4731 99.6645 121.2164 131.89 127.6267 119.2367 111.7356 107.498 107.6273 115.2513 117.9973 120.0268 111.2262 110.3403 107.4439 106.4957 108.3576 95.8788 96.7704 99.8665 103.4955 105.2699 108.2605 107.3865 109.129 112.7464 114.7384 115.5931 118.2409 131.7675
259.3631 248.856 248.8376 219.0235 211.7303 213.733 193.2764 206.4986 189.3557 169.7945 172.7758 159.8354 160.627 150.7545 143.035 137.6586 144.4642 143.5066 132.4315 128.5302 114.2275 90.0901 88.598 97.5558 105.0284 107.0116 107.2989 112.0053 106.1778 91.2936 97.5669 98.7919 106.1555 109.3892 113.8074 116.5136 118.685 117.5893 126.2108 123.3624 110.5257 100.4483 110.7141 116.8025 117.8977 119.3017 106.2139 115.421 115.6016 111.1695 110.6587 97.1801 98.258 108.4272 110.1536 109.9384 108.3243 122.4324 121.743 117.3009 126.5885 128.5656 126.1945
267.7794 242.1427 242.4897 237.8341 217.7501 200.0445 212.0498 208.6161 200.6675 189.7793 192.6651 186.4042 179.1862 154.6839 171.0605 174.4965 159.4192 152.7229 149.1976 128.7997 95.7082 78.9794 64.8026 74.6453 110.3271 114.0799 110.5086 110.2602 106.3369 97.2345 100.4714 100.292 103.6636 102.7568 109.7135 113.763 123.2403 116.6413 105.4738 100.706 106.2381 100.2786 105.9451 119.3943 119.4254 116.1894 115.1565 111.6728 113.7873 113.2542 117.8098 113.222 101.2015 102.103 108.2498 106.5848 113.6495 109.4272 116.0392 123.8959 122.2435 117.4835 122.2528
