Resources/Map/Lvl0_30x30/Ele_CF.asc
ncols         335
nrows         335
xllcorner     -3295000
yllcorner     -25000
cellsize      10000
nodata_value  -99999.0
[rows 0 to 26 of 335, columns 183 to 243 of 335]
-2079.0579 -1805.9525 -1364.5195 -1106.9696 -1146.4045 -1215.1121 -1388.3043 -1646.3782 -1767.038 -1831.5647 -1916.6479 -1957.8303 -1962.4218 -1973.0317 -1993.8762 -2024.2191 -2040.6344 -1982.2367 -1913.0327 -1887.927 -1878.2581 -1827.222 -1748.2766 -1668.449 -1593.1653 -1512.9084 -1430.2839 -1317.0338 -1169.6118 -998.9946 -786.1487 -421.7774 -184.0247 -123.2217 -100.9094 -63.5234 -4.324 114.1304 129.6221 147.7483 142.2458 183.3962 335.8421 611.0674 1088.4059 1590.1019 1525.9675 1460.4091 1480.1394 1816.8064 1547.4529 1109.8414 1679.8341 1394.5381 1365.2898 1207.7634 1199.6837 819.4417 1082.694 1274.2493 927.9365
-1908.1541 -1854.6649 -1725.6416 -1664.6116 -1684.0626 -1686.5724 -1716.0837 -1744.0953 -1788.913 -1849.9186 -1900.7561 -1909.496 -1902.4581 -1903.2252 -1921.0121 -1939.6024 -1915.6182 -1866.0502 -1852.0532 -1849.4205 -1797.743 -1748.0863 -1657.9104 -1544.6044 -1474.3162 -1409.5533 -1294.8156 -1147.5732 -915.9532 -663.3463 -428.0143 -223.0588 -120.0399 -87.6303 -59.0204 -2.9189 173.9083 176.7914 210.6517 219.1019 239.802 285.17 726.1393 784.4681 945.2922 1062.1641 997.6561 1445.2306 1717.8525 1800.8101 1637.8123 1063.0768 1042.4478 1223.6007 1044.6469 1290.3953 870.5078 668.1461 729.6406 790.2811 733.3069
-1417.001 -1761.6992 -1831.722 -1773.8895 -1745.1711 -1746.7638 -1787.5822 -1805.3271 -1803.2745 -1829.182 -1840.4214 -1830.2375 -1835.4799 -1836.9091 -1821.9951 -1808.1887 -1781.9374 -1751.0972 -1730.2316 -1718.2097 -1674.4171 -1626.1661 -1569.9323 -1448.7715 -1349.9125 -1267.5994 -1143.5189 -910.3832 -548.3552 -276.347 -165.2467 -106.2495 -80.4742 -59.9779 -15.0328 121.3621 338.6449 271.7951 320.2337 337.9527 308.2435 537.6216 533.0768 1145.5375 1105.6239 1036.056 1161.2938 1596.3365 1710.9408 1740.8704 1735.2305 1238.0638 904.3619 849.784 803.459 767.0603 705.7235 566.6174 544.8226 489.1415 491.0229
-965.9802 -1600.5725 -1752.061 -1731.2534 -1730.994 -1749.3658 -1779.7946 -1788.0817 -1773.8582 -1777.1282 -1773.8647 -1757.9885 -1745.7272 -1728.3496 -1707.0103 -1675.7089 -1642.9468 -1588.3752 -1544.476 -1518.6738 -1474.353 -1441.9039 -1436.8467 -1361.1006 -1219.5835 -1046.6134 -866.4594 -559.8251 -244.1281 -107.7135 -85.2557 -71.4247 -53.3472 -33.4277 64.4045 289.2546 390.4565 379.6655 457.2836 642.2398 444.6035 584.5635 1113.7896 1414.9377 1681.7798 1386.6331 1602.6694 1499.2582 1367.9421 1531.6619 1162.2869 1011.8357 982.064 768.0993 652.8011 605.6773 772.7996 497.0318 467.8814 438.3119 398.3902
-1197.526 -1564.1315 -1639.8834 -1679.3514 -1697.0845 -1712.2891 -1718.6292 -1708.0043 -1693.0137 -1683.3745 -1679.7959 -1662.0023 -1624.3235 -1589.479 -1578.2587 -1567.2216 -1523.1428 -1436.6008 -1373.0566 -1322.1692 -1255.3175 -1221.2883 -1219.657 -1151.8243 -944.7501 -650.0646 -422.0167 -223.2033 -121.7368 -77.4332 -62.3649 -48.9335 -41.8439 14.9542 313.5727 324.835 590.4423 704.9139 675.3312 945.6956 686.1707 718.1291 1241.6786 1339.0295 1361.1072 1295.0682 1347.4941 1199.0725 1114.2186 966.2635 893.8824 903.903 933.705 630.4482 648.2256 738.9368 497.3215 446.9605 425.2561 398.5094 378.3176
-1337.651 -1528.421 -1587.1244 -1623.8257 -1643.5239 -1650.6987 -1630.3855 -1599.4996 -1580.1573 -1570.2013 -1565.9468 -1545.941 -1493.2448 -1456.4373 -1450.8119 -1449.0039 -1395.0154 -1289.0446 -1188.5812 -1079.9283 -964.2808 -861.1364 -826.0558 -748.9893 -528.5148 -270.1916 -156.357 -115.2606 -86.8107 -51.315 -43.5624 -39.4273 -21.1625 95.1006 362.1489 322.8283 730.985 853.3759 1027.9496 1096.8931 1180.5557 1204.689 1342.1196 1398.2926 1351.5104 1312.8929 1193.2455 996.7691 958.9044 982.0556 853.5811 717.6891 744.2294 750.1979 510.8481 481.247 432.5973 411.9469 372.4197 369.4254 354.668
-1316.5077 -1487.2694 -1538.7397 -1548.0612 -1566.3221 -1564.5327 -1519.4753 -1474.7926 -1442.8342 -1419.723 -1393.6766 -1366.2241 -1307.2474 -1268.5005 -1248.3794 -1212.4144 -1159.6134 -1019.0349 -822.0238 -643.564 -504.4642 -375.4148 -345.166 -313.9164 -194.7688 -118.6151 -110.4111 -99.2364 -65.6546 -39.5497 -35.2332 0.2164 92.785 303.7752 554.062 535.8806 775.649 910.4598 1129.3634 1212.8096 1261.7468 1207.7208 1203.2637 1157.2839 1163.6285 1177.9012 1011.1736 1036.2366 922.6782 700.6411 741.8818 535.4164 504.8673 451.7713 454.7603 435.5627 406.6005 388.0329 331.7447 339.7206 383.1765
-1336.2806 -1451.3044 -1488.8112 -1473.4031 -1463.709 -1436.8064 -1377.5942 -1311.5709 -1246.933 -1195.9045 -1143.3943 -1086.036 -1030.0338 -995.2458 -939.8589 -843.8369 -755.7155 -587.5634 -371.7264 -216.8245 -144.7652 -101.0769 -111.992 -114.3137 -92.9239 -89.4404 -96.1874 -83.7806 -57.4144 -38.0282 -6.3415 194.331 350.5367 598.1169 790.8146 712.0551 557.3796 823.5867 703.0068 865.6749 746.1107 974.863 777.0095 794.8702 998.4073 932.6129 815.3335 922.3685 747.3137 714.6938 490.3892 447.0428 417.0439 417.1997 599.8118 403.1048 375.7935 324.0275 358.2982 340.8829 359.6869
-1373.5701 -1428.5398 -1436.7426 -1389.3759 -1327.8185 -1257.1046 -1173.1677 -1066.0222 -966.2393 -884.8867 -806.6237 -721.2813 -656.9377 -613.1857 -528.2965 -429.9307 -340.7335 -233.2762 -149.7487 -109.1067 -98.5186 -96.2877 -103.9152 -103.5326 -87.4518 -85.6496 -79.2123 -64.0242 -46.2391 -17.492 124.0342 114.112 401.4811 499.2358 514.8871 456.4553 475.3553 525.9649 504.9476 630.1168 790.0316 765.835 678.433 669.4262 705.7989 833.3185 814.5738 565.9127 557.1812 448.724 418.7736 474.5814 383.5297 363.3295 329.7474 318.3969 343.7074 353.997 400.7143 524.6702 552.101
-1346.6771 -1343.6332 -1316.9314 -1259.3348 -1170.4559 -1056.0016 -923.2482 -772.6186 -650.0989 -540.139 -427.7258 -343.345 -285.2888 -251.0339 -200.6423 -158.8766 -137.4814 -116.0239 -106.1689 -95.9686 -107.7683 -98.6989 -94.3149 -93.8716 -85.2279 -74.078 -58.3143 -37.394 -9.4554 55.0097 188.4427 227.1186 169.1891 237.1835 328.4181 489.0151 537.0606 476.696 476.9016 539.5892 560.4735 637.5949 726.9557 853.2968 942.7468 703.1008 619.2731 528.3313 442.4554 394.0013 572.3178 658.4249 377.1024 327.0502 318.356 317.1967 342.3805 397.407 451.14 437.6998 458.0714
-1240.9147 -1168.411 -1113.4419 -1072.9525 -970.2758 -801.8807 -631.1453 -478.8276 -367.6365 -265.9649 -177.4592 -147.3092 -128.2969 -114.5582 -106.7989 -100.7533 -101.1201 -94.4814 -89.6909 -88.326 -110.3725 -94.6051 -79.8757 -74.8739 -62.9307 -37.3513 -8.0226 74.3099 76.5655 158.6716 173.6597 183.7045 215.0512 230.0463 263.1308 314.9296 342.3596 381.2625 734.6661 606.2292 654.4854 669.6146 736.5469 990.3419 720.6813 730.7551 454.3969 405.1442 372.78 338.4616 374.9854 323.0171 312.677 299.8624 313.5539 375.7704 414.1139 372.2266 414.7094 401.3691 403.26
-1071.0487 -963.7576 -861.0162 -801.946 -687.819 -515.2014 -374.2549 -260.6792 -185.2218 -140.8755 -118.759 -117.0993 -109.7667 -100.4762 -95.9006 -92.846 -82.0552 -80.9022 -80.0295 -81.5667 -90.0701 -78.7906 -63.4105 -41.4163 -9.5342 54 75.3249 95.3882 177.9105 116.2737 194.1602 190.8057 238.2078 392.2019 552.2421 598.4995 395.9996 409.406 473.1448 510.9973 604.8423 568.4258 819.7197 525.3461 712.764 413.489 354.1001 349.6167 297.5578 299.877 288.545 294.5845 283.5343 361.8057 319.0718 331.3389 380.0032 377.0518 400.3767 394.4374 418.7291
-789.8873 -703.5101 -624.4913 -529.7486 -422.4767 -307.0624 -215.4026 -146.1016 -115.5324 -107.1072 -107.0276 -111.356 -104.5597 -93.0025 -88.0721 -84.6153 -70.3237 -70.9198 -73.3419 -72.1828 -67.0092 -53.1855 -26.1706 48.9029 63.7246 128.3068 129.3423 217.9166 268.6338 204.5859 330.0151 225.9861 363.3732 529.3298 625.2347 572.9163 379.1847 398.4451 467.8248 706.1312 670.5894 797.4072 790.2616 516.5161 377.4935 304.8554 329.9797 294.1879 253.1544 265.3146 264.5732 315.9512 495.6249 339.8812 477.6007 483.5232 604.8243 587.0216 554.439 513.023 552.0986
-618.4634 -540.3135 -456.4411 -335.9544 -243.838 -177.9982 -130.2505 -103.6802 -102.6172 -104.2913 -100.3102 -100.2685 -90.4694 -77.2098 -71.7867 -67.4397 -63.3441 -62.8436 -62.2708 -59.9675 -46.8176 -13.6616 47.8884 110.1633 171.6525 184.6347 246.294 209.1264 244.3853 346.1516 377.9299 478.5905 564.3663 601.8598 575.9465 482.032 492.4932 679.0615 594.7863 796.4844 430.9631 359.5915 309.1999 307.5429 282.3659 279.5371 259.8281 268.6454 269.3477 300.5262 367.5152 325.3836 434.6407 511.8161 608.0394 593.0651 572.7471 573.723 563.6329 550.492 546.1844
-676.6597 -490.8013 -300.3354 -193.0129 -139.4989 -110.3305 -98.6674 -96.3841 -98.1546 -95.6352 -83.035 -78.6309 -72.5402 -63.2996 -57.1746 -54.44 -54.9211 -54.8626 -51.1999 -42.9825 -10.4945 57.4269 133.6017 16.0763 86.4831 171.3603 223.3208 244.1364 308.0403 474.6746 741.7615 806.7535 626.01 678.9156 629.8224 579.2396 709.9216 503.8779 612.1771 625.6052 336.1399 256.9428 255.456 226.4614 273.2363 300.285 251.9642 321.4864 283.7423 285.9163 295.7672 312.3106 346.6239 506.0262 595.5023 563.9465 552.7083 556.6488 547.4917 542.0459 539.085
-612.0703 -317.2287 -163.2602 -120.0312 -101.6812 -88.5987 -86.2039 -87.1672 -81.8076 -75.1072 -65.7244 -60.8206 -56.7773 -52.4903 -50.1517 -48.1584 -47.7065 -47.958 -39.9577 -15.5802 51.969 127.8618 117.2237 41.6214 133.6837 146.8279 130.9623 178.3663 177.2434 463.0883 437.6992 504.4667 500.9225 555.3856 406.3441 685.2026 370.1396 315.4308 317.6156 275.0247 242.1556 209.4715 249.6071 225.6674 258.489 336.9104 273.6107 262.4344 272.3142 357.4514 315.333 362.8195 382.6966 403.8304 457.7268 535.7383 542.7006 544.3953 542.0008 531.7692 523.6075
-388.4647 -149.0138 -100.4122 -95.6157 -89.5109 -78.0135 -73.1658 -70.3794 -61.7867 -56.4825 -54.0729 -52.126 -49.4338 -46.9451 -46.3236 -43.8524 -40.4883 -35.0781 -14.6072 30.2512 72.9595 191.6242 82.7513 99.1529 192.7115 195.4192 211.0783 161.0488 173.1123 271.1385 348.7239 329.856 375.413 337.4856 244.6929 238.1651 203.7742 199.4388 221.5602 258.4279 298.9207 317.6706 314.2244 254.1201 258.6939 256.0131 289.0976 283.2163 468.4085 549.9283 547.6229 539.2019 534.966 534.0197 528.2479 520.7064 523.6087 526.8625 523.4124 514.2552 508.3719
-199.5837 -92.979 -86.1423 -78.0614 -72.719 -63.808 -61.517 -58.8501 -52.6246 -49.526 -48.592 -48.2626 -46.2456 -42.9168 -37.7796 -27.0315 -11.7082 3.7157 25.2462 143.2766 159.2602 207.8594 121.0667 180.7164 210.1701 354.6287 523.8085 378.661 296.4894 240.1653 151.9698 139.7742 158.8392 170.1022 198.5449 305.6755 409.4983 338.2664 298.514 276.016 271.4193 263.3005 279.8936 297.5573 374.656 355.1359 328.7943 332.1902 549.6812 550.6694 542.1005 529.638 520.5953 521.6252 512.3094 508.9282 508.8231 509.5672 504.5579 497.6294 497.4931
-111.6094 -74.7102 -63.8565 -58.317 -58.8046 -53.231 -52.864 -51.3716 -48.7385 -46.3323 -45.1713 -43.3444 -37.3801 -21.647 1.8373 21.9288 46.8235 107.7812 43.1857 159.6259 195.4559 172.4313 213.5731 263.834 434.1819 370.5499 333.5441 211.0117 218.967 293.0886 499.6295 503.8985 419.6007 458.3678 338.1314 324.6592 308.059 297.7853 296.5888 286.1481 299.2016 326.1325 317.0691 338.8564 348.8683 428.3933 493.8259 530.9176 535.1904 532.7766 528.0383 518.5344 514.8129 511.5733 508.4959 500.4844 485.9154 493.7499 490.9846 483.3407 477.4305
-84.7619 -60.8577 -45.6303 -48.1758 -51.8903 -48.5615 -44.4289 -40.5091 -35.9726 -31.4329 -26.5795 -12.8249 17.6606 62.2641 74.0863 102.0151 157.7232 253.6192 102.6949 54.0137 98.5985 192.0183 295.6796 375.5302 327.7929 307.6956 206.8251 303.8521 471.1362 486.6411 503.7426 441.4605 382.752 351.3167 342.5561 350.0597 334.1561 327.6534 347.0674 311.3312 331.2323 454.7114 357.0266 388.8273 500.2476 538.3193 527.9363 518.4651 517.7166 510.0943 506.3337 500.1075 498.632 496.7725 488.7413 486.3488 480.0417 458.3661 449.4899 454.4709 450.69
-66.9599 -45.6764 -34.5117 -32.0643 -27.7626 -19.8318 -11.7114 4.5364 21.9928 9.9525 17.0123 58.5884 149.7596 143.9559 148.4276 160.9146 240.3923 219.0983 162.5279 86.4737 205.1536 252.3778 324.6844 285.1741 257.3722 245.673 296.5735 494.0848 471.9699 444.7843 506.4249 412.7678 403.9342 399.689 367.4167 383.6403 375.2356 367.8771 358.0864 373.0295 461.6963 466.8564 421.3902 466.8344 523.2503 512.2253 510.5999 504.6993 502.0068 496.2104 491.5943 487.6039 486.6015 483.2813 479.4996 472.4767 462.2736 439.5998 421.4565 431.5483 435.7371
-47.6987 -25.0364 17.9153 27.8362 22.8788 26.6673 41.0461 42.822 29.8488 22.5392 118.3279 120.6474 197.0585 162.7551 188.3275 205.5248 268.6575 239.5124 123.7557 122.542 244.9002 307.666 214.0266 239.5684 266.0859 301.9384 498.4558 505.6552 472.0257 437.0999 435.9929 446.503 437.8005 406.1577 416.0784 433.9615 436.1582 430.6118 434.3566 473.8438 525.2779 532.1595 493.7972 510.0747 500.2069 495.0463 493.5795 493.0937 493.2546 489.2009 484.9095 481.884 480.9024 477.4676 466.8824 463.745 447.0887 433.1635 408.3175 406.8193 428.4256
-30.4143 -4.1495 18.294 27.4563 35.8932 31.3343 29.995 29.2914 28.4828 156.7649 96.7047 100.9998 214.6723 202.6154 239.4221 276.4138 266.256 241.062 152.3863 190.5086 273.2284 193.2411 197.0888 247.9831 302.2878 287.825 338.0551 491.5542 451.7546 470.9436 467.9265 470.9894 500.6731 500.3542 488.8939 520.0574 560.5303 540.5082 535.2897 479.0085 512.2608 516.7181 504.5936 496.4067 491.0633 490.0096 485.7191 486.8984 483.8506 482.4308 477.6763 478.7328 476.112 467.6608 464.1645 455.5691 439.2426 426.9104 406.3859 395.785 397.5477
-9.654 28.9937 24.9071 28.6632 -24.9834 -16.8019 36.0277 28.5414 108.8581 195.8098 112.6146 186.2368 238.2557 266.0452 310.5031 305.4154 281.2963 226.5529 206.4478 166.5061 151.0272 177.2613 220.3741 229.6293 352.6006 336.1033 418.5587 514.4578 424.317 454.6162 481.6544 539.7675 536.785 525.3619 547.2834 552.8131 550.1667 542.2815 531.8705 515.2893 510.4068 502.4086 495.575 493.4201 491.1188 482.9883 477.7892 479.1138 476.0784 478.5175 473.0745 473.991 469.6331 462.6421 455.1236 444.7295 428.2789 372.2086 360.5474 356.5538 353.9344
27.5898 43.4669 24.8481 1.7417 30.7797 49.1564 57.2714 165.6522 147.5383 203.5161 205.0255 224.3683 263.0661 297.2349 339.494 338.1119 277.1133 271.6396 215.4135 161.2386 167.59 259.3222 311.1904 277.6801 372.8583 345.4881 372.0514 536.4842 478.3622 437.8427 472.6486 490.4316 505.9003 529.8316 552.6702 548.8986 549.1909 531.6885 520.9454 511.1075 503.8844 499.9226 493.102 487.5797 484.0517 476.8223 473.1089 477.2262 476.8919 473.061 470.2259 470.9339 462.8559 458.3863 446.3571 420.6723 374.3259 361.3399 355.273 359.5037 360.2253
41.1877 32.24 46.0512 66.9572 90.794 121.3227 135.9771 142.4173 190.4496 217.9628 231.5524 239.8729 278.8741 321.5779 329.2341 302.4688 302.0562 283.9915 222.6622 186.8862 220.7618 244.7212 322.9586 361.2547 435.2636 413.6594 387.7799 535.2137 457.9365 455.1678 455.9375 496.8717 524.2117 527.2166 538.1901 548.2252 534.8964 521.1229 511.951 510.2049 510.7871 501.4639 492.0909 488.7153 479.0218 475.8347 471.1093 474.5588 473.223 470.6212 466.4639 465.3455 456.9546 453.4593 437.5494 404.5709 382.3506 376.0998 382.1949 401.7135 395.1571
43.8969 46.5183 71.6911 81.5188 88.9016 107.9176 128.5217 177.3146 194.3282 209.2766 219.5384 258.0043 281.274 306.0672 281.5168 290.6866 309.6053 281.4843 233.5752 194.7514 272.2338 326.9391 359.0682 390.6916 415.7852 408.9446 368.4581 387.6064 435.4925 485.7715 509.3707 522.79 551.5444 546.2697 546.4544 532.8882 517.2742 507.8406 503.0219 500.8965 492.4166 488.3255 480.469 476.3349 471.1784 470.5067 470.3078 468.5302 468.2631 466.3972 463.7943 460.4333 455.0772 445.147 422.2285 393.5022 394.8477 406.1624 422.9047 421.7629 422.7591
