Resources/Map/Lvl0_30x30/Ele_FL.asc
ncols         335
nrows         335
xllcorner     16805000
yllcorner     -10075000
cellsize      10000
nodata_value  -99999.0
[rows 27 to 53 of 335, columns 0 to 59 of 335]
-3765.0181 -3753.0671 -3668.1338 -3567.2703 -3496.6538 -3448.5371 -3449.3911 -3545.0815 -3684.1023 -3749.1116 -3734.6997 -3712.0483 -3704.304 -3656.2227 -3519.7908 -3335.6108 -3207.2114 -3159.3521 -3110.6243 -3014.6948 -3002.6323 -3129.8054 -3218.9668 -3206.2856 -3205.6843 -3196.3887 -3070.6592 -2882.5322 -2777.4961 -2782.7717 -2839.261 -2870.4365 -2873.4238 -2904.5603 -2963.0227 -2994.4436 -3013.9248 -3059.3896 -3071.7397 -3010.3545 -2967.6262 -2987.4053 -2976.2192 -2784.0786 -2603.8679 -2734.8384 -3021.8198 -3243.6184 -3336.6287 -3325.2893 -3257.4619 -3159.4856 -3089.5437 -3121.9846 -3183.7402 -3111.2437 -2842.7754 -2468.4971 -2185.2834 -2101.3987
-3739.406 -3789.6323 -3785.863 -3741.5447 -3679.0515 -3597.321 -3483.9736 -3442.5127 -3539.9153 -3668.3015 -3685.7566 -3620.5774 -3617.5759 -3649.8379 -3628.5449 -3604.2805 -3535.9307 -3443.0737 -3336.0242 -3219.5518 -3182.9385 -3228.7205 -3237.3813 -3186.3015 -3143.0613 -3144.2073 -3081.3086 -2953.2935 -2853.4412 -2840.3467 -2896.9033 -2949.4182 -2961.4155 -2994.6372 -3057.1675 -3066.7292 -3023.2405 -3005.1968 -3032.478 -3042.2151 -3017.9678 -2974.4209 -2909.7932 -2831.9956 -2803.8179 -2873.469 -2997.9021 -3098.8584 -3164.4983 -3195.7529 -3176.7268 -3101.3169 -3042.3225 -3063.0518 -3104.5059 -3114.5979 -3090.2412 -2986.9829 -2756.8657 -2453.1433
-3531.8098 -3621.1875 -3723.426 -3762.1531 -3740.7644 -3654.8147 -3505.2827 -3385.5935 -3379.9297 -3469.9939 -3547.3162 -3549.6887 -3552.7856 -3593.1826 -3619.0247 -3662.8662 -3629.7817 -3547.0645 -3461.5479 -3411.7598 -3433.2756 -3409.7717 -3340.71 -3299.6956 -3221.9971 -3149.8496 -3087.7205 -3052.665 -3041.3762 -3038.5286 -3067.9612 -3077.6936 -3067.0808 -3066.1497 -3122.6477 -3159.1775 -3154.7214 -3108.5645 -3027.219 -2948.1523 -2931.7197 -2972.7351 -2986.6248 -2923.0889 -2877.2256 -2925.7998 -2960.8059 -2916.5139 -2888.0876 -2910.2734 -3029.0012 -3137.1143 -3175.4905 -3182.3323 -3171.019 -3171.2864 -3208.1416 -3213.3477 -3077.6226 -2764.6169
-3190.1003 -3242.1357 -3503.2708 -3726.5762 -3774.7944 -3710.6284 -3572.45 -3412.3855 -3275.2371 -3228.9294 -3315.7458 -3454.6011 -3553.5417 -3602.311 -3613.2493 -3661.9783 -3646.6099 -3570.657 -3434.46 -3260.7771 -3165.6011 -3124.9746 -3111.2373 -3158.2988 -3220.3899 -3193.6519 -3143.0188 -3166.1108 -3217.4309 -3211.4202 -3147.9595 -3030.6262 -2964.2751 -2990.0984 -3075.2388 -3131.4609 -3163.698 -3143.9285 -3073.0244 -2966.8706 -2868.7632 -2857.5671 -2883.1882 -2866.9973 -2833.8093 -2860.3433 -2924.8362 -2952.2026 -2953.657 -2956.5435 -3000.5393 -3093.9451 -3199.8613 -3255.4104 -3251.8091 -3216.8447 -3197.7141 -3199.8064 -3184.5791 -3081.5996
-3266.5237 -3176.2273 -3356.2112 -3635.0815 -3745.8394 -3718.6204 -3631.6399 -3534.7483 -3432.1079 -3331.7312 -3293.5369 -3353.187 -3477.3018 -3575.0754 -3600.8523 -3590.6323 -3598.0535 -3593.2854 -3520.5623 -3427.437 -3353.136 -3258.1868 -3163.3186 -3182.4438 -3290.6631 -3341.738 -3300.6707 -3202.134 -3097.6396 -3062.5276 -3077.5962 -3057.7407 -3036.3157 -3087.4282 -3177.5649 -3228.8528 -3232.5139 -3214.5623 -3210.9727 -3196.5991 -3131.7563 -3051.0054 -2994.4827 -2968.1807 -2951.9177 -2958.3008 -3018.4575 -3074.3521 -3103.3623 -3102.2229 -3082.2019 -3105.9231 -3156.6206 -3190.5969 -3223.426 -3253.5166 -3272.7952 -3242.0369 -3150.7375 -3087.4187
-3641.5247 -3534.0125 -3451.6689 -3462.7114 -3577.4937 -3659.5295 -3677.8601 -3647.0652 -3590.7402 -3502.8979 -3417.8386 -3403.6096 -3478.8423 -3573.3804 -3590.8396 -3545.551 -3558.3228 -3581.2324 -3555.446 -3502.6201 -3524.0349 -3468.3884 -3342.0125 -3321.2761 -3403.592 -3470.335 -3457.2271 -3350.4055 -3133.3318 -3003.9233 -3031.3281 -3086.061 -3080.8296 -3091.594 -3162.1484 -3220.4607 -3226.3308 -3219.2883 -3238.4734 -3256.2622 -3235.1938 -3174.938 -3091.5781 -2998.6692 -2921.2698 -2927.0601 -3039.4431 -3165.3176 -3246.9075 -3258.7683 -3214.4038 -3193.1812 -3197.1641 -3202.2175 -3221.5579 -3232.6235 -3248.0786 -3250.2268 -3215.1365 -3175.4951
-3574.4993 -3586.6641 -3606.0227 -3545.8342 -3512.4678 -3507.751 -3613.8376 -3669.5649 -3635.752 -3564.0344 -3503.6272 -3486.0972 -3497.7622 -3551.0901 -3562.4067 -3533.6345 -3539.2424 -3589.5566 -3545.2175 -3420.1582 -3539.24 -3581.158 -3487.0874 -3425.5632 -3423.5203 -3476.7766 -3502.7471 -3474.0991 -3289.7441 -3132.7166 -3123.6357 -3184.4331 -3177.8772 -3160.1714 -3190.9688 -3195.1382 -3193.7554 -3191.9512 -3171.6938 -3139.6287 -3127.1689 -3128.8638 -3111.4854 -3088.3342 -3051.5596 -3007.8271 -2984.5774 -2956.0156 -2936.9978 -2993.6245 -3107.0818 -3210.5 -3276.7632 -3330.1794 -3374.8938 -3357.2847 -3311.4937 -3274.8416 -3266.4294 -3269.1802
-3045.644 -3150.4446 -3318.8538 -3389.9597 -3395.1719 -3453.7952 -3557.1311 -3616.0112 -3615.3972 -3589.3982 -3538.7349 -3461.488 -3401.1694 -3397.2961 -3422.8979 -3423.1921 -3384.3569 -3406.8518 -3477.113 -3568.4507 -3646.5542 -3637.8743 -3504.2163 -3346.4126 -3283.5232 -3320.0005 -3340.5134 -3328.6521 -3301.021 -3226.7996 -3116.0913 -3048.063 -3064.4321 -3118.0999 -3162.3723 -3199.5366 -3231.9058 -3222.5466 -3168.064 -3132.9424 -3150.2554 -3181.2808 -3204.4844 -3225.0334 -3220.2656 -3169.7473 -3059.6477 -2861.3748 -2604.5352 -2478.8638 -2648.1995 -3002.6882 -3261.1599 -3354.7029 -3389.5967 -3395.2227 -3350.6499 -3307.2429 -3307.2166 -3307.2117
-2915.4216 -3213.811 -3467.448 -3547.4277 -3488.0676 -3431.8391 -3473.0564 -3554.4692 -3595.9414 -3596.2061 -3571.3176 -3521.8162 -3457.4741 -3411.2788 -3408.9465 -3432.2932 -3432.2322 -3417.4456 -3440.8474 -3541.3911 -3651.5718 -3682.8433 -3592.5867 -3468.6838 -3372.4617 -3301.8135 -3234.7415 -3231.5559 -3309.4082 -3312.7346 -3173.2437 -3003.2412 -2956.8638 -3026.0339 -3127.4983 -3196.5552 -3222.4263 -3220.6611 -3213.3958 -3204.5938 -3194.3188 -3189.3342 -3202.3074 -3229.3608 -3246.0842 -3239.0093 -3213.4263 -3146.8118 -3010.9521 -2893.5142 -2945.9138 -3142.1228 -3276.457 -3286.5244 -3274.3838 -3285.5649 -3287.2839 -3289.6091 -3300.4287 -3286.301
-3081.2778 -3397.491 -3648.6975 -3743.061 -3654.7656 -3476.8186 -3398.6941 -3468.3506 -3569.8105 -3608.9197 -3596.3657 -3553.5249 -3489.4304 -3422.3027 -3425.0945 -3476.0217 -3521.6306 -3536.5044 -3517.2002 -3509.7161 -3541.7839 -3571.229 -3578.2275 -3562.3167 -3493.241 -3341.0505 -3185.9558 -3149.9792 -3250.0479 -3323.3501 -3264.8853 -3123.3987 -3033.7083 -3048.9473 -3131.3496 -3197.4456 -3211.5742 -3217.7651 -3245.9854 -3252.1545 -3222.9927 -3200.6711 -3200.4868 -3198.7009 -3186.0129 -3177.4744 -3195.2495 -3232.458 -3259.1428 -3263.4597 -3271.2263 -3302.2876 -3335.5444 -3346.1375 -3342.3518 -3333.3914 -3304.1311 -3263.5195 -3244.2996 -3251.3298
-3439.6033 -3504.3005 -3572.8508 -3653.5659 -3659.3992 -3577.1956 -3498.9299 -3479.0315 -3492.7041 -3506.0852 -3516.0747 -3524.4956 -3530.2004 -3498.2583 -3450.9063 -3433.6699 -3495.5215 -3566.5696 -3593.4915 -3568.7673 -3537.9021 -3517.8101 -3530.1074 -3565.521 -3567.5403 -3485.9539 -3361.1506 -3262.6667 -3255.491 -3301.0461 -3330.9648 -3304.082 -3231.4458 -3164.3735 -3152.5918 -3182.6714 -3202.2883 -3214.7053 -3236.8518 -3243.946 -3213.0891 -3174.9031 -3157.0593 -3148.1138 -3139.4255 -3141.2324 -3150.571 -3146.2969 -3138.6335 -3141.5725 -3133.426 -3113.8735 -3142.3826 -3233.0493 -3328.6323 -3376.1057 -3348.4714 -3250.7629 -3144.135 -3118.5146
-3570.3247 -3518.7964 -3488.4465 -3547.5952 -3633.4741 -3669.9741 -3624.1692 -3505.4666 -3400.1628 -3379.9771 -3382.4121 -3428.7322 -3494.3074 -3490.2722 -3413.5254 -3363.332 -3417.0127 -3507.5366 -3552.6062 -3544.0945 -3537.0911 -3549.3523 -3569.2346 -3592.4688 -3602.7234 -3576.5681 -3523.8794 -3446.6675 -3359.864 -3293.2542 -3285.9045 -3311.5627 -3303.8987 -3255.2566 -3203.3748 -3185.395 -3193.394 -3197.2688 -3183.479 -3196.0251 -3220.6096 -3222.8496 -3197.9622 -3167.1167 -3153.8748 -3159.802 -3169.4302 -3169.4314 -3189.9363 -3210.2979 -3135.7485 -2961.468 -2841.3416 -2888.7878 -3056.8503 -3236.1646 -3334.2219 -3304.8569 -3156.2832 -2983.2222
-3506.324 -3414.2832 -3367.7429 -3422.1868 -3543.4685 -3658.0283 -3688.8772 -3594.6741 -3444.6807 -3336.3521 -3290.6716 -3329.9666 -3415.9607 -3452.7654 -3411.46 -3344.6558 -3341.3374 -3417.4705 -3493.1682 -3521.5266 -3542.9629 -3569.1589 -3586.0989 -3599.9753 -3620.0854 -3625.0049 -3588.3481 -3514.9382 -3430.5762 -3347.8376 -3293.8508 -3281.2468 -3295.9788 -3309.2302 -3304.6421 -3290.4756 -3281.8877 -3280.834 -3274.623 -3266.5227 -3269.3535 -3278.6011 -3263.5669 -3221.2007 -3189.3967 -3183.8621 -3174.5874 -3168.054 -3214.4438 -3287.3694 -3277.0007 -3150.9866 -3005.397 -2946.135 -2993.4504 -3101.2512 -3207.9204 -3265.459 -3228.9124 -3074.188
-3453.0789 -3368.5269 -3312.7473 -3328.0352 -3419.6436 -3551.5249 -3649.2271 -3604.0913 -3471.5508 -3376.782 -3314.2302 -3313.8391 -3380.2834 -3456.8774 -3484.8582 -3447.717 -3380.2813 -3341.7422 -3352.3926 -3408.1616 -3485.1028 -3536.9868 -3541.7566 -3547.3616 -3587.5564 -3633.2087 -3631.0222 -3577.3782 -3508.2253 -3431.6667 -3341.7932 -3273.261 -3256.2705 -3276.7256 -3311.0701 -3336.1321 -3347.874 -3357.7964 -3359.2031 -3331.6262 -3295.0835 -3284.0215 -3278.0107 -3247.7542 -3228.6458 -3245.697 -3244.7644 -3206.8162 -3193.9373 -3231.4465 -3256.189 -3232.1682 -3189.021 -3153.2671 -3140.8489 -3155.7957 -3176.8091 -3193.4961 -3226.3801 -3247.5757
-3441.2014 -3392.5708 -3347.8242 -3339.9192 -3383.6506 -3459.9424 -3524.2869 -3509.9451 -3448.3418 -3411.7383 -3367.812 -3333.7852 -3355.738 -3431.3599 -3493.0667 -3503.9607 -3456.7051 -3371.3528 -3297.269 -3296.0396 -3371.3159 -3468.9414 -3511.4956 -3519.6101 -3542.208 -3587.2573 -3610.8049 -3583.6714 -3527.9551 -3473.5505 -3407.8062 -3333.4348 -3297.8621 -3306.3455 -3331.1899 -3351.9041 -3371.2908 -3389.1699 -3387.5471 -3361.0422 -3341.9277 -3344.1489 -3329.3677 -3285.0945 -3263.0107 -3287.2744 -3301.8694 -3272.0222 -3230.5422 -3221.8184 -3235.832 -3232.2734 -3213.5642 -3178.5801 -3141.8064 -3145.8047 -3178.3008 -3208.2334 -3245.1882 -3288.9534
-3443.623 -3433.7888 -3412.1235 -3393.8394 -3386.9075 -3387.48 -3396.6064 -3415.7271 -3442.1555 -3455.1108 -3428.3462 -3372.1733 -3337.1545 -3358.4316 -3400.7893 -3438.3401 -3466.3289 -3462.3833 -3402.2024 -3318.3262 -3298.6091 -3372.7217 -3477.6843 -3530.3525 -3542.8406 -3550.3093 -3545.8125 -3510.6184 -3468.8245 -3461.2324 -3454.5037 -3414.0667 -3368.9053 -3361.947 -3385.5156 -3417.8831 -3452.5076 -3469.3845 -3453.6143 -3427.1272 -3420.9617 -3416.7715 -3377.2793 -3326.6506 -3298.2495 -3280.3792 -3249.2207 -3221.8669 -3216.6199 -3233.1616 -3250.4678 -3235.1301 -3194.4768 -3141.1304 -3089.9053 -3074.6855 -3100.9045 -3148.7078 -3205.3542 -3249.3801
-3435.7136 -3422.1865 -3402.2566 -3381.947 -3358.2192 -3337.7737 -3350.5632 -3400.1021 -3451.3284 -3471.7681 -3451.8545 -3393.375 -3319.7717 -3273.6121 -3269.1501 -3316.2964 -3406.5466 -3468.9656 -3453.439 -3370.2419 -3310.3079 -3337.1885 -3443.6973 -3525.2629 -3539.9727 -3524.7358 -3505.2778 -3480.1824 -3462.283 -3472.9966 -3487.2676 -3474.05 -3441.8135 -3416.7549 -3413.0894 -3424.9104 -3445.9592 -3459.9534 -3461.0076 -3454.3882 -3437.1121 -3393.4695 -3339.6741 -3330.8965 -3340.791 -3317.5908 -3269.2703 -3243.6221 -3250.0278 -3263.2053 -3264.6943 -3239.2927 -3181.0771 -3115.7 -3070.9138 -3050.8274 -3039.4827 -3041.5493 -3093.7778 -3190.387
-3402.7083 -3390.9968 -3379.7876 -3368.1638 -3350.7581 -3336.4194 -3346.4812 -3382.8384 -3422.8162 -3445.77 -3443.689 -3415.4653 -3359.0933 -3280.8403 -3221.6792 -3221.1821 -3324.3748 -3438.157 -3459.0361 -3423.2825 -3379.3518 -3367.4319 -3410.5212 -3493.7964 -3530.6372 -3523.6599 -3514.45 -3513.6418 -3515.0784 -3518.9214 -3523.5591 -3517.625 -3500.3367 -3468.709 -3422.6658 -3381.6555 -3360.8845 -3361.4111 -3383.6724 -3410.9631 -3406.2678 -3360.1284 -3314.3103 -3306.408 -3317.7329 -3308.3357 -3278.3611 -3252.6245 -3238.5522 -3231.2278 -3228.7634 -3216.5935 -3177.9292 -3119.5352 -3065.3696 -3035.2522 -3017.1167 -2998.0066 -3010.7849 -3090.7603
-3392.0198 -3388.0049 -3381.4502 -3369.5139 -3355.1755 -3345.1926 -3351.4517 -3376.426 -3403.4751 -3419.2239 -3423.2927 -3420.0918 -3396.0571 -3336.5803 -3274.0369 -3205.5886 -3235.0796 -3345.6287 -3404.7537 -3431.8745 -3412.3853 -3353.8057 -3332.554 -3412.6265 -3506.5552 -3541.5461 -3547.5923 -3544.5767 -3532.929 -3524.3777 -3528.7542 -3534.2473 -3519.5547 -3475.0271 -3404.1636 -3329.9766 -3289.7688 -3283.8706 -3299.4187 -3334.5718 -3372.9041 -3385.4558 -3369.5798 -3348.3823 -3330.9111 -3305.4531 -3271.5918 -3251.0095 -3254.6052 -3263.0388 -3248.2642 -3205.5022 -3161.4292 -3130.3813 -3095.053 -3060.2878 -3045.6875 -3038.4768 -3014.3943 -2999.5071
-3403.6123 -3393.0803 -3379.6687 -3365.5581 -3354.4241 -3344.2954 -3339.4031 -3348.0869 -3360.6692 -3365.4485 -3365.9543 -3377.4502 -3388.0256 -3394.2764 -3403.8755 -3374.2334 -3295.9563 -3240.1255 -3272.5251 -3357.3132 -3380.3647 -3320.1218 -3286.2188 -3337.3228 -3447.4927 -3517.2205 -3536.5254 -3530.9802 -3505.8762 -3483.4094 -3475.3801 -3480.636 -3481.6943 -3460.7363 -3416.8442 -3353.5396 -3310.6431 -3297.9221 -3289.7241 -3294.4155 -3331.2625 -3379.0588 -3399.6101 -3387.7263 -3359.5647 -3329.0259 -3299.7595 -3278.967 -3272.1897 -3269.5132 -3248.1545 -3202.6289 -3167.2837 -3159.4888 -3143.7974 -3118.1621 -3126.0195 -3159.7639 -3156.0471 -3096.1409
-3375.1477 -3360.5505 -3349.8176 -3343.8269 -3336.5835 -3322.126 -3304.0051 -3296.8779 -3297.6946 -3296.3047 -3298.4651 -3314.4172 -3340.6643 -3381.8428 -3429.2219 -3440.2478 -3373.7522 -3253.2217 -3166.0449 -3203.3367 -3267.9417 -3302.3733 -3323.3608 -3347.3672 -3394.6594 -3441.5403 -3462.9609 -3468.3274 -3461.2864 -3453.7627 -3448.5557 -3451.208 -3459.646 -3463.5562 -3458.0322 -3434.8967 -3402.7773 -3369.2507 -3340.0811 -3332.4038 -3351.8396 -3382.9097 -3399.7996 -3389.5142 -3365.0618 -3343.8047 -3328.0754 -3306.0171 -3270.0874 -3233.7883 -3211.8474 -3199.5061 -3185.8186 -3165.6873 -3142.9031 -3140.4521 -3165.2317 -3188.4453 -3184.9656 -3162.4624
-3317.1079 -3303.5759 -3291.479 -3292.9197 -3291.063 -3277.8032 -3257.3889 -3238.1123 -3224.6897 -3220.6987 -3233.4446 -3265.9573 -3313.8789 -3372.386 -3424.3865 -3442.3379 -3406.0703 -3310.6404 -3172.8508 -3078.0708 -3099.0544 -3210.3555 -3313.5674 -3365.9324 -3394.5964 -3422.4583 -3446.7737 -3462.5869 -3468.9641 -3473.5901 -3475.9165 -3481.1636 -3489.8699 -3498.3044 -3499.3545 -3484.2046 -3452.8386 -3408.2292 -3364.6868 -3345.9805 -3352.571 -3365.5493 -3371.9019 -3370.2495 -3365.0837 -3359.7842 -3349.0156 -3319.4399 -3273.1917 -3232.7766 -3211.4373 -3194.0991 -3166.3354 -3142.2681 -3143.1636 -3167.2522 -3182.9609 -3177.1091 -3163.5327 -3154.6677
-3204.6956 -3224.8582 -3227.7388 -3230.8979 -3230.6816 -3226.5669 -3218.9309 -3201.5251 -3180.1563 -3173.4019 -3186.2222 -3222.5593 -3275.3823 -3328.6162 -3373.6038 -3399.1357 -3399.2085 -3364.3745 -3262.0146 -3099.5173 -3012.9287 -3072.5801 -3200.3193 -3298.0938 -3357.134 -3388.3401 -3415.5872 -3444.5527 -3464.9673 -3475.4404 -3475.6912 -3471.7639 -3469.6228 -3470.9575 -3476.1152 -3477.2449 -3463.1313 -3427.884 -3377.0779 -3329.0374 -3302.0183 -3296.4626 -3302.4656 -3313.1995 -3325.4575 -3340.1616 -3346.4631 -3326.3875 -3292.3577 -3264.3723 -3240.0352 -3197.8076 -3148.6431 -3138.4299 -3169.5562 -3193.7405 -3187.9253 -3181.6575 -3193.8435 -3194.1448
-3094.5442 -3108.0107 -3121.9551 -3126.4873 -3133.7612 -3157.3022 -3184.3696 -3192.2666 -3175.2139 -3154.9583 -3148.7161 -3160.8164 -3187.0603 -3222.1521 -3267.4084 -3301.4922 -3321.1743 -3321.9861 -3291.0745 -3203.4033 -3098.0464 -3066.2476 -3121.3147 -3201.782 -3280.9001 -3331.3584 -3362.5632 -3382.6868 -3401.208 -3419.3792 -3431.55 -3430.8315 -3425.3979 -3420.6426 -3423.9238 -3433.6343 -3436.0254 -3416.9065 -3373.7151 -3313.9668 -3256.1274 -3222.9546 -3215.6875 -3219.4043 -3231.458 -3263.5078 -3300.2522 -3306.1641 -3290.8525 -3270.176 -3246.4478 -3204.7539 -3153.2639 -3142.8706 -3175.9133 -3196.5762 -3186.5786 -3183.5635 -3209.4917 -3229.1836
-3079.9465 -3048.7942 -3033.8669 -3026.5952 -3028.783 -3056.4553 -3098.2383 -3126.1536 -3126.7341 -3115.2898 -3105.6528 -3092.7273 -3076.6958 -3089.6167 -3147.1477 -3199.958 -3225.1777 -3236.0728 -3236.6287 -3226.7092 -3190.1851 -3138.532 -3117.3665 -3141.3516 -3190.8066 -3229.3782 -3254.4141 -3272.6182 -3293.6204 -3322.6816 -3357.2734 -3374.9368 -3372.196 -3358.6165 -3356.3936 -3372.6992 -3391.9761 -3392.0979 -3363.1807 -3307.0933 -3231.2012 -3165.7747 -3138.7964 -3140.4031 -3159.3015 -3198.8547 -3247.031 -3268.791 -3272.6394 -3265.0479 -3243.1978 -3212.3892 -3179.0588 -3164.03 -3173.5015 -3186.113 -3188.5396 -3191.0386 -3205.6228 -3228.5039
-3025.04 -2986.6692 -2965.1416 -2961.353 -2955.8796 -2952.0645 -2961.5134 -2979.8818 -2997.6013 -3010.4504 -3007.1707 -2985.5474 -2964.7407 -2977.6472 -3036.6689 -3107.0303 -3155.054 -3180.7356 -3186.8174 -3188.731 -3184.7537 -3150.6855 -3095.5007 -3072.3191 -3078.3137 -3105.5205 -3149.3035 -3193.4944 -3213.9263 -3218.6169 -3235.6802 -3269.1565 -3292.2024 -3287.5601 -3282.1697 -3295.6245 -3316.9749 -3330.1316 -3321.1973 -3282.9917 -3215.0767 -3142.8333 -3113.8782 -3128.0022 -3158.0039 -3190.0911 -3219.658 -3234.5464 -3242.5952 -3241.1699 -3225.9412 -3207.7522 -3198.3762 -3201.1208 -3206.6279 -3206.0684 -3204.4702 -3205.7258 -3221.6279 -3248.4521
-2859.7629 -2847.7834 -2848.0334 -2853.2432 -2849.6819 -2836.1658 -2847.9541 -2859.0889 -2860.585 -2874.7566 -2879.7065 -2861.6624 -2849.4209 -2881.6917 -2951.3386 -3030.4358 -3099.4365 -3144.4521 -3159.6746 -3167.7104 -3181.8521 -3185.4673 -3139.7351 -3082.3687 -3046.4192 -3053.0898 -3088.1106 -3132.1248 -3157.2261 -3162.7231 -3172.1853 -3206.2952 -3246.8062 -3263.2905 -3264.2061 -3265.957 -3272.0391 -3281.7498 -3286.4097 -3274.6069 -3243.7124 -3200.9241 -3174.0671 -3175.7644 -3192.8306 -3210.8867 -3219.9316 -3217.8159 -3213.9453 -3213.2527 -3213.8083 -3209.6931 -3207.8696 -3218.3184 -3229.135 -3219.4819 -3201.1409 -3193.3574 -3210.8396 -3229.5361
