Resources/Map/Lvl0_30x30/Ele_AE.asc
ncols         335
nrows         335
xllcorner     -6645000
yllcorner     6675000
cellsize      10000
nodata_value  -99999.0
[rows 81 to 107 of 335, columns 120 to 179 of 335]
83.6292 221.5526 184.2733 155.037 196.9953 168.7255 108.4079 75.0839 29.8499 -59.3438 -70.5413 -77.8363 -81.5609 -74.9998 -55.1819 -9.851 5.8575 -4.3649 -15.3309 -16.5169 -12.7312 -1.8556 7.1201 18.6307 33.0671 32.7392 20.6384 21.9513 58.5114 101.5526 133.0641 152.6665 178.3317 208.6852 217.507 209.8447 203.8678 201.0157 201.1891 198.9201 203.1183 210.8029 219.2803 223.883 113 123 116 125 126 132 159 177 192 178 151 109 79 65 56 64
-134.3871 -110.9151 -87.0168 -63.0509 -41.6131 -23.1462 -11.1556 -3.1408 7.011 15.621 22.3596 23.9926 12.611 -5.5795 -14.1656 -8.244 21.9032 70.2668 95.0491 95.2718 95.8376 97.5732 82.9143 54.8861 25.6913 7.8023 4.0549 24.2512 69.8071 12.7513 374.6088 859.5236 695.1755 789.9694 1123.574 1170.6636 941.8202 685.6796 762.867 788.6996 1232.573 1023.243 1049.4398 1088.287 918.1789 794.7247 761.4524 701.5767 888.6895 853.1884 697.1678 918.1063 933.3442 912.7479 662.6221 643.8674 839.0553 905.9591 893.3781 896.336
-174.0772 -146.0261 -114.8848 -84.5402 -49.1886 303.2813 520.6605 442.3013 705.5139 802.0539 701.1312 650.9649 507.2068 270.3702 27.3031 107.5429 133.6022 299.7827 334.5831 292.2764 301.2723 323.1671 468.5151 538.3862 500.0352 27.1752 172.023 152.4698 118.3646 75.9486 44.5643 33.1006 45.1998 64.3899 82.2652 215.3455 570.0105 572.5401 315.7695 109.1883 137.3918 368.9532 519.3481 682.3249 770.4174 1060.6812 977.577 902.3699 851.4009 943.5606 840.3069 897.6499 997.5141 1018.3235 1061.1334 1095.7633 1146.1204 1170.6179 1132.9834 1155.8419
-100.2423 -121.6824 -115.6551 -101.1414 -87.047 -71.2688 -46.4467 17.9123 129.1736 514.5056 702.9695 658.1329 901.2427 1015.4401 810.3583 689.374 393.1776 332.9627 264.1216 323.2276 699.6726 891.5067 727.0136 616.9301 514.1967 314.5668 171.4371 90.1943 94.4069 18.7224 56.546 134.379 222.7551 154.8343 188.3232 124.7274 84.7617 75.4795 96.4225 129.7594 8 232.1798 524.9348 289.5451 329.3137 427.7127 396.5414 383.9914 409.4259 490.7354 541.8043 534.8191 510.3374 538.2814 570.0917 619.7645 655.1489 700.1408 729.0442 771.8843
14.66 -65.8466 -90.6956 -98.1585 -100.8213 -102.0617 -101.0576 -92.2515 -65.0502 -27.6167 32.3387 14 214.1008 285.1701 360.7096 389.9672 529.6265 631.4435 576.8493 413.0324 291.4581 441.8521 518.746 641.9883 750.3474 779.7862 854.1548 858.8176 452.817 292.1459 258.3693 395.0518 441.1425 511.3661 557.0454 611.2116 556.1697 55.6022 133.5476 102.048 101.8214 111.1499 127.9751 151.7431 114.3671 251.4164 426.636 502.2604 596.812 708.8431 813.7423 930.5646 953.5484 1047.3474 927.9455 891.2297 935.0491 1000.3091 1071.6266 1124.1846
10.0999 -30.4257 -59.7125 -78.8205 -90.5855 -97.3372 -101.8787 -107.2966 -113.1384 -116.366 -108.5518 -73.7309 16.9235 186.6944 492.1855 452.6455 445.3332 296.4639 184.1316 258.2643 404.0185 521.657 616.813 705.0847 768.9429 813.9736 791.4935 713.4468 596.1486 395.4071 306.8935 296.2903 243.6049 213.0134 166.5851 254.2213 309.1892 517.5272 631.4811 727.504 931.2117 89.4574 90.5606 29.9467 -9 17 46 79 135 200 258 318 71.1049 305.2964 366.3033 410.777 438.8354 492.881 635.8507 882.0413
104.7912 58.7069 11.5108 -26.5814 -53.7019 -74.4148 -90.5072 -105.4351 -121.5625 -138.2609 -153.2036 -163.3121 -164.3124 -150.6086 -126.9044 -94.6532 -59.7965 -16.3421 16 401.8225 558.7769 481.5418 541.162 606.6083 606.3884 605.9836 550.642 488.9902 425.1242 450.3412 524.7278 649.9341 567.4609 243.1606 159.6911 137.4677 216.851 331.4238 35.3038 293.4672 304.4408 292.5696 269.7327 141.4513 191.6834 80.3523 86.9986 68 92 136 195 84.5684 394.6149 628.8512 786.2156 803.9672 776.5248 505.7803 361.6167 393.0991
151.6692 127.2575 76.5801 33.796 12.7534 -7.3795 -14.9569 -22.5231 -21.9609 -4.7855 -15.0192 -51.4675 -92.4452 -125.6653 -147.499 -163.2256 -173.4588 -176.2731 -171.8632 -153.1856 -120.2657 -78.7921 -27.5719 13.0925 54.781 87.9072 31.0536 284.4635 356.8235 315.1631 182.9455 88.393 43.4682 273.0439 206.6308 121.6584 67.2358 82.6513 455.3901 526.5919 590.5159 714.7459 827.527 894.2467 941.7559 992.774 954.6418 877.621 697.562 261.5596 625.8201 735.7614 830.672 888.5911 884.7366 614.1145 517.6163 495.2167 703.8835 736.7504
314.9059 343.0943 351.4503 235.6263 27.6538 25.1634 73.0242 119.7846 199.8427 338.9762 499.2723 666.6652 516.2733 373.9346 32.5446 191.8754 110.1401 28.3546 -45.3264 -110.2062 -164.7881 -204.0514 -224.0888 -228.6395 -223.9168 -210.4289 -188.5668 -157.3339 -124.5167 -86.4905 -24.273 341.0649 660.4965 766.9092 810.5972 385.743 117.8284 103.8696 91.9043 604.4785 837.9011 835.7227 798.3776 781.3792 809.5459 783.3013 641.5287 423.7506 494.1904 717.6722 830.8331 884.9639 911.3925 912.0146 844.0475 737.8551 405.1167 181.5868 172.2413 408.8589
393.0856 480.4916 823.9388 712.9937 694.8732 473.0069 183.2951 115.3719 85.9294 45.3128 145.9925 696.9374 701.3002 656.6393 551.496 504.0823 443.1609 390.892 334.8148 365.4152 137.8221 44.7695 -104.9371 -195.8023 -234.4622 -237.9968 -230.3754 -218.4145 -202.8759 -178.6704 -133.0135 -46.2421 74.1447 54.3323 60.319 187.2744 121.3066 87.436 107.426 405.9291 607.0734 733.9338 791.8001 584.955 202.4099 125.2279 28.9637 39.9843 199.2271 49.4689 59.8645 206.7982 306.2979 428.63 466.8112 510.2132 566.0009 630.4485 757.6974 936.7171
928.5275 965.1949 631.5605 763.9178 480.0645 206.0923 517.3737 661.0701 54.2556 41.5647 94.6912 848.4687 801.37 741.135 699.5742 805.7033 859.412 883.7908 749.1366 726.7601 371.6414 383.5999 19.9978 106.9736 39.1089 -21.511 -76.0135 -99.064 -103.23 -104.1593 -100.7784 -91.009 -76.4448 -60.1617 -44.0575 -24.0224 34 56.1141 70.0455 89.2062 102.1167 198.6626 303.5235 361.3352 170.2676 89.6503 119.3709 476.307 607.0496 523.4274 595.4296 712.404 820.527 831.2516 890.9369 933.7394 921.0516 925.267 912.2162 890.4485
404.5414 646.8887 548.6489 392.051 426.6187 487.3797 290.1172 365.8167 722.0798 748.1147 669.9871 749.8233 742.639 689.0256 192.4222 42.5584 40.4637 472.6779 592.2792 546.2062 581.2804 588.4931 618.9111 659.9343 616.3113 508.894 400.8335 16.2003 108.1588 44.4964 2.7065 -20.0931 -31.4151 -40.082 -43.6244 -40.6259 -31.76 -20.7095 50.6388 75.8019 103.2783 164.7858 186.1504 216.7211 250.8683 276.5482 273.1141 296.2278 332.9702 382.6813 472.7629 556.9524 530.3331 483.6066 539.6238 571.9463 603.4352 695.1432 789.7696 817.9741
426.0851 317.8778 395.3326 726.1431 687.2769 696.243 671.6688 732.5745 628.7874 338.0097 314.0179 629.7378 719.8287 676.8489 511.4272 563.5856 348.0887 617.8313 243.4867 45.1214 42.3503 311.9257 542.0319 574.3457 658.6556 613.0991 598.21 539.9611 465.2029 455.9034 162.303 62.6047 18.3097 -7.9117 -21.3856 -34.5763 -53.8496 -75.3954 -92.5237 -99.0355 -83.3593 -35.8863 13.2564 76.7556 168.88 200.3621 230.3093 251.8651 508.7022 553.309 622.9427 658.452 704.8939 774.2794 858.3804 919.778 1027.9733 1144.676 1183.9204 1227.9819
641.6011 554.6177 541.9493 449.2209 561.0934 733.7208 694.6119 733.9171 677.1477 548.9911 735.6491 736.0679 558.3589 253.8893 322.5162 646.4912 563.7825 434.7168 453.6612 536.7288 525.2634 625.2302 368.684 275.0126 41.5884 40.1102 45.8288 106.7506 148.9551 130.3085 119.5816 132.4059 26.088 26.9925 45.3333 34.9452 36.7716 56.9344 39.2646 47.8329 43.4176 80.4412 88.721 102.8247 106.0757 291.576 351.4955 451.6733 480.0463 493.6998 553.1952 633.6467 653.8038 716.6834 943.2571 1110.9967 1172.8374 1215.8801 1243.4019 1290.1162
579.8163 595.8556 557.9366 567.3204 581.6948 596.9142 654.5177 693.6638 696.0168 694.0059 641.7913 564.0099 414.8612 252.4039 414.9645 498.1858 363.0842 422.2244 393.4787 389.5316 298.3401 160.9999 452.4007 583.9671 506.6093 529.3474 709.7597 725.8186 691.2914 432.5999 348.8186 420.3363 369.7517 354.4301 337.5771 316.5852 321.3139 286.758 233.3582 157.1247 342.8146 400.7171 363.0353 395.5319 440.4368 477.9803 498.1361 531.046 578.2926 654.0798 754.2341 874.2253 924.6079 939.606 995.4872 1034.7885 1092.2219 1132.8579 1183.5403 1266.7258
676.6234 614.6004 607.8511 593.4146 571.3641 564.1893 526.7714 522.671 490.1876 563.8882 409.8323 475.6509 496.4324 520.7067 567.2425 666.5822 705.4128 679.777 660.0341 645.1871 662.3563 572.6422 625.3624 718.6228 364.2597 622.5726 734.6435 801.0739 741.3463 691.5107 714.2795 722.7393 700.5908 689.1975 649.6089 640.3105 657.1095 710.1486 749.3999 737.3976 760.0195 777.6216 799.05 790.3951 760.7707 745.7277 753.7294 816.0162 844.2946 871.3521 864.6183 838.5146 910.286 960.6227 1006.2687 1052.6775 1086.7595 1092.1261 1187.5319 1249.9303
601.4465 621.1848 607.9473 530.0693 536.8415 563.163 607.788 646.9095 776.4417 845.4719 871.3486 887.3172 897.5328 906.9775 945.2 947.1742 924.155 932.9379 957.6553 982.236 985.1332 1028.6089 1055.3972 1064.5031 1065.8627 1067.1775 1065.5935 1056.2192 1037.0691 1021.5965 1033.8561 1025.1603 1015.012 1018.26 973.9077 972.4849 957.1119 968.3431 972.8149 1002.9246 1051.0039 1074.2537 1087.3397 1097.4435 1088.0704 1080.3215 1106.3411 1125.8776 1116.3163 1110.3134 1112.0376 1094.0389 1072.5189 1105.2632 1176.1716 1216.6936 1256.4021 1284.2384 1300.0206 1304.9518
833.3033 870.5139 892.0974 896.8135 910.8242 943.0217 984.9555 1032.0881 1052.6765 1075.0883 1096.5563 1106.5524 1111.1145 1116.1641 1136.5515 1143.203 1137.3734 1146.0182 1157.0013 1169.0619 1180.3606 1206.475 1193.8358 1216.627 1246.0088 1260.2181 1254.4518 1256.0203 1259.1703 1251.3905 1254.0833 1246.5544 1238.5063 1232.4955 1231.8472 1229.8131 1247.973 1247.7714 1264.651 1294.7211 1313.5624 1306.0867 1293.2209 1278.53 1242.6333 1235.8704 1253.3843 1248.7019 1218.7097 1222.4512 1239.486 1241.6733 1258.2574 1266.9824 1295.2155 1307.3848 1343.4265 1385.9451 1434.8412 1477.4073
919.0249 947.6126 965.5035 993.8444 1002.4427 1048.3392 1075.2113 1086.1798 1115.9077 1163.6688 1188.866 1224.4369 1263.7664 1258.2089 1271.6219 1274.5043 1295.8965 1299.009 1357.9093 1320.192 1349.2108 1371.2988 1362.2017 1386.984 1384.2266 1391.0221 1414.7601 1418.4275 1447.4955 1408.0371 1432.1155 1433.3439 1435.6195 1421.3405 1439.3713 1418.3394 1443.6732 1458.5989 1459.45 1457.4177 1437.5266 1429.1653 1436.5559 1458.0431 1432.8545 1441.0929 1434.3777 1447.8253 1442.7235 1437.3849 1436.9913 1446.4824 1459.1724 1471.6028 1489.6486 1504.0323 1534.4425 1527.2646 1515.3839 1561.0819
999.7113 1014.6902 1030.7181 1033.3094 1028.6372 1039.8392 1058.8871 1084.2953 1124.5165 1146.605 1242.6283 1251.8463 1239.3126 1288.5552 1319.5463 1335.1792 1383.3878 1386.397 1413.6813 1424.913 1420.6498 1425.6466 1441.1772 1450.64 1472.9607 1489.4738 1494.4816 1509.6742 1519.4773 1524.2333 1532.0869 1525.8713 1537.1486 1552.6891 1590.881 1561.2301 1564.9172 1542.5175 1556.9664 1542.5121 1615.928 1549.1047 1579.639 1547.6115 1563.9108 1597.4451 1582.1799 1576.6625 1590.5593 1587.1365 1584.1393 1584.3989 1597.0734 1610.4967 1620.0084 1629.4595 1606.1665 1654.4254 1615.8882 1652.8895
1102.1847 1099.0232 1107.0774 1139.2537 1163.2164 1165.9799 1170.2777 1177.5499 1176.5172 1200.1892 1227.1926 1255.1075 1282.5507 1309.2687 1314.7338 1323.9413 1358.6798 1383.4601 1415.6884 1443.6549 1450.3199 1441.7426 1472.5771 1480.3624 1511.8328 1500.7024 1573.0823 1555.7115 1575.9698 1564.4199 1538.6901 1592.5792 1640.6823 1565.3333 1419.6603 1463.745 1544.7866 1329.6514 1336.8391 1581.9329 1556.749 1613.6871 1632.0576 1660.2682 1650.6826 1646.9821 1641.2758 1651.8031 1672.4928 1680.6842 1709.4469 1696.5398 1678.6049 1679.8037 1709.2634 1717.1246 1700.1838 1695.4703 1712.2733 1714.1958
1276.3208 1291.882 1288.1604 1310.5897 1315.4314 1325.3002 1342.2754 1336.0048 1354.0457 1351.7885 1323.7856 1345.048 1360.7604 1391.0173 1409.3768 1425.745 1415.7057 1436.9519 1469.9567 1493.2386 1511.9019 1518.3605 1511.8734 1538.5299 1275.514 1313.1373 1224.5597 890.7354 1045.9388 983.5343 1290.1204 1105.433 894.5489 996.7495 1036.7697 1107.1316 863.6163 727.896 794.7486 590.1557 485.7772 333.6986 995.7688 1736.7408 1563.4773 1701.5662 1484.7474 1077.1422 1428.9727 1721.4653 1745.5634 1756.9487 1763.6509 1758.687 1682.4749 1771.9854 1744.0552 1742.9398 1733.667 1822.8059
1390.2881 1398.5129 1402.5605 1406.7817 1418.4066 1438.4957 1459.6271 1475.272 1487.2345 1498.3881 1482.4158 1488.931 1492.8757 1499.4268 1513.3792 1534.9583 1551.6942 1552.4269 1565.9401 1583.2074 1586.9508 1588.9724 1606.9977 1638.3701 1621.4967 1635.9485 1629.2294 1613.2561 1725.0676 1713.1359 1648.2676 1768.6306 1269.4346 728.5464 569.3397 711.7452 1241.6157 881.5105 806.2105 888.0419 643.3542 760.0791 787.0278 699.6031 987.4403 1190.3601 1910.1538 1774.1683 933.0629 1177.5751 1305.1337 1778.3048 1821.1605 1815.5647 1672.7435 1800.6206 1851.8173 1823.3667 1848.691 1638.1993
1519.9689 1513.4355 1514.7423 1541.7654 1550.0917 1560.2838 1576.0435 1559.9551 1574.0082 1592.9773 1587.5337 1596.0022 1566.2404 1572.1362 1586.0361 1578.4349 1587.6934 1617.3846 1629.5188 1632.196 1653.9662 1623.4806 1649.4518 1721.3369 1672.507 1662.2347 1702.4196 1724.9194 1764.5099 1701.0847 1292.963 1188.0677 1677.5062 1879.4857 1899.9714 1864.6897 1732.5773 1983.1897 1029.0746 855.6409 935.1272 831.8509 782.5526 787.6717 761.7504 874.6864 869.6981 843.9654 868.8599 798.3757 831.9049 722.4623 537.0864 600.4693 783.6193 798.1424 830.2253 896.9167 1043.3936 1371.2997
1596.2615 1606.2889 1609.2489 1602.2894 1599.6904 1626.141 1644.749 1645.8389 1655.2023 1662.5957 1658.0969 1643.0251 1657.9348 1648.0281 1671.5245 1685.8127 1707.7616 1749.1674 1704.9945 1764.8114 1727.4524 1733.3855 1788.6866 1750.7129 1798.5361 1744.2687 1732.4875 1739.5614 1692.567 1962.0586 1813.8248 1778.9615 1787.6644 1784.4417 1800.172 1817.5768 1839.1379 1959.4451 1891.4105 1742.9064 1758.9072 1857.5094 1846.2797 1106.0438 1109.0756 1691.7412 1015.4931 1379.7997 1777.0052 1769.3807 1508.0801 1299.4717 1377.469 1372.2451 1070.1677 1013.5463 904.7612 929.7189 1000.8998 940.7278
1672.5106 1688.2114 1704.767 1689.2279 1697.3156 1702.3986 1718.0713 1704.077 1693.1176 1721.3269 1734.111 1722.1274 1718.8856 1719.6021 1728.4318 1684.87 1714.0481 1720.7609 1754.0076 1697.3776 1516.8153 955.9347 1114.564 1183.3055 1645.0773 1789.087 1829.3505 1826.5929 1812.7168 1768.4453 1893.6624 1822.9829 1821.9004 1776.9432 1852.7688 1820.22 1883.5446 1940.3655 1955.1321 1894.1228 1973.9635 1970.9902 1897.178 1917.8485 1913.1646 1921.6063 2001.3691 1992.2906 1945.1232 1258.09 1239.7717 1938.4232 1726.8951 1700.1226 1972.6639 2318.186 2464.9202 2159.6833 2098.9878 1961.5869
1737.3597 1757.3124 1762.6451 1770.4473 1765.9694 1750.8435 1764.8153 1767.6395 1841.6567 1828.2068 1762.9808 1783.3414 1805.183 1778.8689 1821.9725 1828.4813 1827.3643 1910.05 1925.5579 1933.6724 1832.7217 1828.0659 1899.9004 1896.0527 1991.0231 1921.0092 1867.4578 1955.6372 2013.0869 2065.3979 2005.4512 1901.3776 1944.7069 1969.8259 1878.7599 1935.6379 1920.447 2011.011 2178.5671 2087.6323 2057.5662 1958.4213 1779.7738 1256.0143 1745.7533 1033.5151 916.5898 969.6738 889.3893 850.2784 864.5226 995.0134 1373.6454 1772.4043 1940.3429 2097.2876 2310.1509 2160.1672 2159.7358 1621.3037
