Resources/Map/Lvl0_30x30/Ele_CJ.asc
ncols         335
nrows         335
xllcorner     10105000
yllcorner     -25000
cellsize      10000
nodata_value  -99999.0
[rows 135 to 161 of 335, columns 120 to 179 of 335]
339.1758 239.4731 444.1577 415.7842 456.1805 414.2058 260.4537 227.2244 288.6943 172.2729 184.3775 183.0799 173.7703 168.4046 169.2421 189.6974 177.5089 165.9959 178.2932 175.8367 164.8582 175.9617 181.8754 175.6055 176.8918 171.1445 150.7817 150.0747 143.2361 138.5509 141.9985 161.3064 165.6092 167.7953 151.7242 216.4087 517.0984 528.0659 327.5759 463.667 510.6884 548.5358 559.5126 686.7228 832.2813 845.1531 635.3736 800.2245 468.4541 404.6751 374.6954 171.4565 214.9332 43.1957 13.4611 -8.3484 -18.2058 -24.138 -31.4607 -39.277
310.504 304.6859 422.9641 416.7256 447.4469 381.6115 256.9095 205.4723 220.4559 190.0705 200.1164 193.4477 174.1523 167.7189 188.6407 183.1646 176.981 171.8744 179.0526 178.0806 170.401 172.5672 169.6422 168.9343 165.3683 154.0756 153.5509 145.5399 142.8726 145.6627 155.755 152.4513 153.154 156.7152 153.7707 239.7779 350.2513 357.1109 343.3931 511.2758 197.4882 489.5288 467.5554 458.7077 538.3476 589.5208 404.3511 703.7885 734.1786 594.9102 484.7844 392.5506 83.7958 30.263 15.2067 4.2219 -16.1332 -24.0995 -30.5846 -37.0445
365.3531 258.2951 340.1641 418.3224 321.9572 389.5238 296.9898 217.2541 194.6522 203.2291 219.1543 192.1111 186.0387 173.2208 181.937 179.3913 176.2321 184.0728 188.8552 172.7891 175.1519 177.4186 171.2238 174.6884 176.7122 170.6083 161.4982 153.2655 145.2498 160.9601 158.3996 170.3677 153.8336 169.4957 148.6446 154.788 213.7117 369.6921 503.5203 315.1873 222.302 275.8233 317.0172 229.2276 233.1232 248.2981 269.141 319.4161 622.364 726.3179 679.0342 512.2783 228.6244 358.2155 89.0477 15.4935 -7.3698 -21.7931 -29.103 -35.6275
382.7098 259.951 294.1011 369.854 330.1067 368.2544 306.4056 245.4794 205.1266 229.0123 206.7734 182.0336 184.8159 172.5739 173.549 180.2413 176.3734 180.4251 178.5767 176.4499 183.5024 186.3825 167.3187 162.7721 162.8422 172.7897 179.2762 165.7047 156.1236 156.4622 175.8221 154.1458 163.7749 177.0579 155.7788 150.3625 157.4096 289.6548 222.594 208.2776 164.7148 340.8154 420.8133 222.9364 282.012 243.4425 194.3446 481.8936 516.2982 812.2098 749.9337 475.4774 541.3199 635.6382 209.1921 61.6283 10.3946 -13.7813 -25.6176 -33.4891
377.529 292.1992 266.9723 271.4613 318.7939 280.983 279.232 240.6288 231.1202 254.688 221.0677 197.2421 206.2512 187.6251 181.8105 183.6733 177.3461 178.7889 179.6999 183.585 210.452 194.6099 179.8169 183.311 170.025 162.4117 157.4295 156.8588 162.3567 158.6684 161.6818 179.9913 173.9827 163.5586 152.0856 140.5159 145.4304 170.7286 208.2972 220.575 175.9132 169.0385 188.9015 290.6963 229.7228 200.4466 352.0895 293.2805 401.8981 511.6915 590.0067 451.8603 820.6805 266.3175 206.0167 217.7621 8.3487 17.9938 -13.855 -26.9585
453.3747 261.0711 283.0854 288.8888 359.0277 280.4328 261.1297 230.1001 227.8014 237.4299 294.7137 223.7587 276.4353 214.532 189.0619 186.6598 178.7894 176.4185 186.7552 209.5018 237.3868 330.5201 197.1898 186.9671 234.208 290.1964 182.403 168.246 154.3786 153.6497 179.7207 168.8742 177.5406 173.8383 157.4291 146.5852 141.5141 157.5336 174.8382 186.2871 195.4094 189.6879 185.4405 219.3142 251.7034 344.811 339.6712 272.179 371.0676 481.0577 549.071 584.7614 725.7919 347.4189 176.2574 294.3485 41.7016 8.1536 12.6406 -7.7788
405.3216 292.5742 317.7732 299.7909 451.2592 297.2202 261.7167 238.0976 226.9865 226.823 380.4021 258.5601 549.5192 212.5127 193.0234 171.4404 175.1455 199.1069 202.3348 223.8973 271.6356 266.137 377.4018 257.916 188.2283 191.8654 302.0542 209.6108 168.4041 152.0282 152.4015 176.873 156.9555 171.786 159.6309 148.6 144.834 151.5742 159.4611 180.5146 238.0078 194.1801 218.4763 205.7115 206.4323 214.4402 255.0178 338.7496 429.5214 343.0988 420.8182 406.4559 642.4152 535.885 642.3115 355.1614 178.6292 80.0395 18.2212 27.4206
368.4091 377.9704 429.5056 313.9391 303.3703 249.731 250.2787 213.5754 233.6974 206.705 228.3101 239.4233 471.9313 224.7116 194.4246 180.5168 179.2338 206.8586 205.6384 210.7679 231.985 218.564 269.838 468.7687 234.544 211.5635 251.394 281.84 179.08 167.5313 157.7439 163.5972 169.5391 150.597 155.8081 139.8512 143.3214 148.4696 154.9904 176.6524 184.6075 192.133 191.4025 213.714 207.9586 202.1586 193.7024 332.5831 411.718 391.7171 343.0913 707.5179 720.6481 628.0888 467.6275 270.9562 138.1539 165.3579 61.01 23.5624
695.9243 632.4919 470.5119 418.274 345.4173 294.7763 230.5996 200.153 216.4934 221.2531 282.3226 208.2319 456.2318 215.9544 204.9822 196.0632 178.9886 178.7095 174.8429 175.6139 188.6391 198.5494 237.9103 203.5736 399.9959 290.8981 281.0054 238.7161 210.3521 223.5648 218.0773 157.3024 150.5345 141.3207 139.3161 136.8078 143.5856 163.4653 190.1822 197.1526 196.7361 209.2961 209.1862 208.7239 236.2902 325.4779 209.4707 246.9829 258.7036 249.6051 292.1873 404.9719 581.4115 682.7245 784.4219 770.3691 344.1465 325.6161 142.922 50.2136
743.8256 759.1188 1132.6024 261.2007 274.9273 301.5268 203.8526 232.8901 188.049 200.9023 255.7997 197.7176 200.8138 193.2978 204.2154 243.8232 219.1657 237.6112 257.9611 188.1526 171.9072 177.932 183.7297 195.0151 358.0577 397.4338 299.2537 339.5985 334.2238 365.8573 414.7429 409.1822 263.0361 190.944 153.6925 140.4301 159.1508 183.1625 204.8707 220.7242 187.9374 173.8211 170.9139 180.1935 212.6555 229.9589 472.8108 264.0036 256.0486 226.184 254.1146 601.5922 733.9943 371.9099 500.5781 555.2371 505.2358 389.8237 220.5771 96.0728
829.6016 673.3906 451.69 422.9149 386.4326 336.3305 219.5174 598.0178 190.5786 176.7714 175.9672 174.4049 171.1532 169.3838 189.5765 207.4594 217.1832 238.7891 265.7279 214.6604 171.5493 168.045 167.4885 177.8419 204.0768 333.5963 365.9323 189.9507 334.8575 364.9352 219.012 233.2331 183.8201 177.8792 165.2494 141.5755 170.8897 173.2549 171.1858 185.3017 169.5769 159.1881 167.566 185.5377 187.9024 190.723 318.957 270.7497 281.3782 531.7193 250.3359 381.9455 302.3134 386.7766 677.6003 600.7954 959.0015 508.6682 141.5397 134.0948
847.22 584.8939 652.5083 384.9762 283.0328 266.9563 220.8093 356.9618 215.181 187.8553 189.9252 197.6029 180.9482 169.1835 175.2177 186.5313 207.1915 213.013 205.3521 186.0629 172.6252 190.4466 184.3591 172.0104 180.3915 202.9723 292.4554 178.1352 243.0268 297.0274 303.6537 289.5446 226.8118 260.8152 175.2744 148.8313 174.9523 179.2051 188.3775 176.6464 167.543 152.4832 175.1281 190.5025 168.1924 187.8322 256.0541 252.409 201.0584 279.1492 284.7774 202.2441 264.1277 447.3347 472.3027 779.9314 699.0278 666.8088 383.4507 194.664
834.2111 617.5425 467.7217 294.2834 233.9805 243.9645 314.0577 361.4891 234.2138 216.7498 195.7355 313.2458 208.7219 188.6467 158.8106 186.3927 225.8348 190.1575 184.0965 167.1047 162.2639 182.6258 199.2203 189.8252 178.9448 172.6687 164.4613 192.6674 192.2707 310.313 416.1206 176.4836 165.5927 178.7637 192.9568 138.3244 171.8706 188.3724 172.3921 166.3035 157.4002 160.0772 180.3288 184.3522 156.6569 186.2328 221.1535 233.825 183.8719 305.5676 230.3913 190.7122 503.1128 297.699 223.598 243.4305 335.3564 380.3799 316.0265 424.4827
833.498 571.0103 588.0309 301.1419 236.1146 218.7269 234.6474 205.9169 203.2695 180.8807 179.7826 206.8281 186.619 178.4728 159.5079 157.0036 167.5443 212.5986 191.5777 185.4119 168.3313 155.1419 160.2062 161.632 208.8748 181.7068 162.1191 163.9803 184.138 265.1423 246.8484 200.9724 211.1406 186.3019 159.712 134.2673 169.451 175.2504 179.5355 151.4933 139.2163 153.5776 171.0404 165.5002 151.6156 180.9364 206.0052 181.9145 165.692 176.9982 297.5228 364.9355 500.1473 265.9719 332.1541 397.5383 400.6129 471.9261 394.7727 362.7075
802.6943 656.883 439.454 264.5171 234.3598 223.9561 210.1172 205.8821 192.7928 192.087 213.4991 201.7733 171.428 160.7244 148.7639 153.1853 175.7865 171.3985 158.6485 153.2013 148.8274 138.654 155.0934 156.6262 178.6123 237.1105 166.897 144.8928 163.3387 186.6372 297.3474 190.611 179.6088 178.7523 201.3711 286.193 145.1227 165.7171 189.6333 179.1873 140.9106 162.9469 154.7387 150.9029 177.043 173.248 175.9037 181.2542 206.2887 335.6555 228.5493 209.8738 350.1817 244.926 269.7373 341.4671 446.5337 290.9745 376.4201 733.6713
869.9488 909.4728 673.7565 467.98 233.7333 208.723 212.7741 226.4429 209.6789 238.855 470.1987 198.4359 167.4524 163.1625 152.3852 149.6209 154.3432 151.3971 153.2043 149.563 149.8049 139.6383 137.4547 149.2871 161.8374 172.2229 165.4242 139.9447 158.8033 172.4664 214.7788 251.756 196.9562 177.3062 211.0431 151.7817 142.2411 148.2242 158.4596 173.6958 140.3586 136.2501 140.8391 167.269 173.0779 154.8325 160.8257 153.2227 170.6847 185.8447 177.0233 190.0377 245.6321 574.259 304.5625 290.388 822.5631 814.6194 651.8979 627.616
849.8412 699.2053 980.5695 393.667 227.8742 403.1331 496.5293 225.6581 226.2879 393.1822 203.4307 212.8111 160.3995 166.2767 192.8853 162.6525 156.9166 147.2337 147 145.1983 145.211 139.9923 138.2373 134.0925 139.6496 149.5171 148.2727 148.9463 168.7632 193.6246 226.9073 179.099 160.6718 185.6021 192.3379 222.3055 166.7106 160.658 144.4895 164.4201 156.9242 140.256 148.9985 161.1608 148.0918 154.4543 154.1985 154.7285 162.3854 226.6239 210.6661 214.2999 434.4881 872.0693 786.5945 463.0102 748.2079 441.7852 834.2973 624.9369
250.4428 302.8846 668.979 332.1867 326.8498 622.5682 244.3526 207.6333 231.4455 214.1571 180.4036 179.7377 154.4357 181.1613 202.8494 195.8599 166.8154 165.5707 153.5055 148.0906 144.2739 137.5808 136.7598 132.1119 129.8942 140.2238 138.1042 148.6335 158.3472 183.7517 197.519 174.0101 157.3176 153.5964 168.4795 199.2516 249.4287 170.0083 138.7117 152.2514 167.3221 150.3813 140.9594 159.4329 175.9711 173.0728 181.4098 174.7682 196.8951 199.7037 406.6107 440.4932 372.0725 420.842 875.0796 652.9073 375.3213 841.8602 1124.8624 1375.3807
249.0085 238.7919 242.9505 253.9886 589.7263 473.2238 226.0493 195.4292 207.8719 175.8121 179.9891 169.004 157.5163 192.7202 210.0992 182.077 181.2628 187.5842 171.5586 167.5891 158.6603 155.3738 151.1443 142.5945 133.2667 130.7039 132.7677 140.1215 151.3279 163.7943 165.4454 158.7965 149.3769 147.043 165.6538 191.1199 169.858 167.3704 156.2602 146.0606 138.7823 147.38 144.2679 155.5597 200.5826 247.8095 214.4478 245.2862 454.2969 506.3116 541.2395 224.7354 298.2672 389.2928 461.9115 513.024 405.6384 859.9725 1247.1322 1255.4674
559.8169 320.0668 373.1745 307.015 607.725 413.5728 590.4062 207.0202 181.6688 165.7995 212.3012 179.5464 184.2632 186.0713 206.4496 211.5824 198.1331 177.5065 176.398 185.299 172.4072 163.5413 154.2148 144.1705 137.6217 132.7016 127.0088 138.1179 154.3554 157.875 149.5901 154.0542 145.9042 139.7737 154.4165 166.5259 186.1034 172.1091 171.3068 156.2238 150.957 146.7593 135.1037 140.5774 148.0539 249.3191 202.1008 202.668 274.9951 366.7733 393.4359 192.7106 270.8956 325.8351 371.4347 665.7886 658.2921 730.885 847.7465 1196.7091
330.5822 211.714 247.2634 226.5355 232.0569 194.8735 226.7343 191.9589 167.4242 196.9729 194.8725 201.7413 209.9987 204.8417 200.3757 190.6622 178.1905 169.0865 153.9775 162.8153 153.3905 157.455 148.129 138.8128 134.7768 138.1499 127.5192 129.4249 142.4004 139.845 132.0791 150.0205 135.3781 165.0623 170.5321 187.0636 184.1164 185.3934 178.273 166.0106 148.0805 138.4271 119.5568 144.8575 162.8612 211.9217 236.3817 339.9433 519.3743 310.0864 346.0896 347.6411 176.8415 276.7935 576.6221 802.112 692.0159 845.4951 901.4586 495.4642
280.3111 226.0066 208.1842 204.267 192.097 180.4168 193.0383 174.6 162.1438 193.5318 183.6829 171.8158 173.315 187.4678 193.7125 173.3906 165.1203 177.2425 167.217 144.9774 142.8455 136.7964 143.9073 130.721 134.8334 127.9504 123.4049 136.7662 127.9587 125.8275 142.4842 127.8677 139.7208 137.9617 148.961 150.271 150.3155 150.5638 153.5714 177.5831 171.5949 160.0311 148.2917 171.7691 216.9469 205.2353 195.2733 326.918 587.8493 559.8774 370.4754 304.5521 174.5543 181.5354 465.1782 749.3094 650.9012 553.6631 663.9122 820.0885
281.0671 244.6673 209.4489 182.758 183.35 174.718 172.2021 180.3375 194.9416 201.3647 207.2963 179.2008 155.5991 173.4639 169.5479 161.488 164.5284 175.5223 157.3464 145.5643 138.3969 126.6341 128.9069 124.848 127.9944 139.2433 165.9698 133.4753 124.3684 137.7434 154.4171 136.6276 124.0021 128.1762 135.5178 133.9565 132.3066 140.1636 144.7689 170.5784 222.5241 180.4926 157.9119 181.0364 226.1485 238.651 184.7522 145.9672 151.2132 142.585 148.715 170.0716 182.0656 178.2491 187.4935 236.8087 507.7041 421.7549 317.337 685.0186
305.4376 257.5439 215.2003 184.703 204.4189 181.2169 182.59 210.9808 186.9391 187.9312 175.0762 181.7991 157.3807 150.3633 158.214 159.0621 152.9678 147.2863 144.127 145.9327 132.9708 123.5813 121.853 121.2793 133.4464 126.4447 128.3415 134.9306 130.2595 124.1365 125.1674 135.2691 132.556 122.6521 123.2599 121.3746 130.397 130.7745 134.9759 155.5812 164.5863 184.4992 252.0439 231.3838 313.7068 184.0102 326.1923 129.9327 158.1907 206.7395 233.3729 231.7257 234.3941 210.2734 273.4962 361.5508 217.6118 534.894 408.8975 572.9333
251.4371 217.8371 195.0541 198.3044 205.3333 200.0328 197.5765 221.6357 192.3508 165.5637 155.7305 152.1427 146.3339 149.5333 151.739 148.6776 141.9172 144.3587 137.4622 133.2136 128.2919 129.4102 124.9981 121.2344 121.26 121.8224 123.6007 125.5654 122.7792 130.0956 125.083 126.2512 121.2997 123.6261 125.9837 126.9109 132.627 125.1581 126.5545 138.664 149.3535 143.0555 181.1772 169.3909 164.0967 249.5951 129.8527 133.8333 221.0651 284.3383 349.0245 386.1334 360.7899 603.1281 752.3578 363.6006 429.7969 235.2734 320.1129 776.4391
233.2172 207.1132 205.4109 225.2422 226.295 220.3295 193.2456 189.1956 177.3647 157.5803 146.1073 142.1441 141.6477 145.2181 144.7722 140.8773 137.5266 136 133.7264 129.9693 125.0619 122.4896 122.57 122.7611 120.8362 120.8901 121.0189 122.7107 123.0774 128.8402 127.6449 122.999 126.5068 130.9614 127.5126 130.4294 131.027 135.7854 122.5166 137.3337 142.673 126.6746 134.7715 146.0538 230.8531 284.3571 264.7869 158.887 215.7832 334.821 493.4626 604.1727 800.2382 838.0181 660.7071 470.0526 395.9007 178.4025 308.2735 636.8933
246.2725 213.5745 215.642 224.6404 203.0013 214.5102 186.0916 174.0647 159.7079 154.2688 147.8623 144.6714 143.0915 156.661 158.1897 145.3484 139.8822 134.3443 131.5905 126.6988 121.6764 125.3484 124.2765 123.4643 117.7591 121.1748 120.4539 115.8447 119.0565 127.0991 122.5972 118.0125 124.3741 122.9044 130.6095 128.4994 125.7631 133.1173 123.0716 119.8521 129.7946 128.9124 116.9336 113.7464 214.9805 396.8003 397.8361 125.917 201.4864 352.9729 813.2061 912.8708 960.0327 1055.8773 961.1727 678.5248 307.3755 166.6663 283.7369 581.2106
