Resources/Map/Lvl0_30x30/Ele_EG.asc
ncols         335
nrows         335
xllcorner     55000
yllcorner     -6725000
cellsize      10000
nodata_value  -99999.0
[rows 125 to 149 of 335, columns 171 to 227 of 335]
-4899.1089 -4983.4185 -5045.8384 -5055.3022 -5207.2539 -5453.6792 -5563.8628 -5481.3711 -5354.7666 -5201.2358 -4991.4854 -4800.7178 -4738.9268 -4892.749 -5097.5566 -5207.6636 -5013.3701 -4681.2329 -4650.3003 -4969.5322 -5152.1123 -4949.3467 -4556.5903 -4606.6411 -4893.8794 -4858.165 -4941.1289 -5287.1006 -5107.3984 -4710.7163 -4440.7178 -4348.9268 -4538.7837 -4673.6201 -4759.0776 -4956.396 -4913.1938 -4815.5352 -5043.0356 -5314.1885 -5316.0845 -5245.5479 -5173.5522 -5062.5752 -4978.3989 -4929.1865 -4877.4688 -4944.6733 -5079.3887 -5070.4478 -5060.6445 -5139.6763 -5117.1479 -5042.0117 -5112.2563 -5202.3823 -5219.084
-5144.1401 -5214.3306 -5279.21 -5276.9707 -5323.5313 -5414.3345 -5347.6182 -5138.7285 -5046.1191 -4993.4541 -4761.1675 -4567.4912 -4676.0698 -4846.3672 -4981.7549 -5213.2676 -5405.811 -5235.5073 -4882.7935 -4793.4146 -4986.4995 -5057.4614 -4891.4253 -4715.084 -4641.4844 -4761.1328 -5259.8003 -5668.1567 -5330.6411 -4732.6841 -4445.397 -4410.2012 -4597.0342 -4821.0547 -4955.0527 -5109.4702 -5077.8896 -4905.8521 -4934.6943 -5106.9292 -5132.2637 -5089.7085 -5165.0669 -5260.8232 -5150.5386 -4913.8916 -4843.2642 -4988.5239 -5118.5229 -5038.1304 -5024.897 -5182.3813 -5237.0029 -5186.9951 -5122.0835 -5012.6167 -5053.6055
-5206.8281 -5311.9521 -5388.4282 -5368.5352 -5356.6274 -5338.5488 -5170.9731 -5043.4453 -5053.0371 -5015.9712 -4884.1733 -4771.7397 -4801.6729 -4932.063 -5013.1704 -5139.9658 -5398.3989 -5420.9702 -5156.5137 -4911.6157 -5068.8574 -5315.5957 -5313.1084 -4934.9233 -4495.2944 -4772.6846 -5546.6069 -5679.9829 -5094.6914 -4584.6714 -4570.1533 -4645.2354 -4668.7974 -4891.6523 -5178.6758 -5348.0801 -5275.0317 -5050.0469 -5000.2241 -5076.4468 -5015.1821 -4910.4663 -5016.1265 -5295.7559 -5288.606 -4958.7261 -4874.1079 -5033.2012 -5091.0732 -5016.2148 -5053.6201 -5164.748 -5229.9951 -5232.7793 -5018.3496 -4714.813 -4817.627
-5211.6533 -5325.4316 -5457.3545 -5394.5405 -5290.3286 -5215.6709 -5130.2573 -5155.6328 -5163.2012 -5018.3369 -4935.5239 -4952.5859 -4945.1953 -5012.8599 -5083.2344 -5090.9565 -5134.9082 -5087.5684 -5013.8218 -4923.6177 -4944.4648 -5209.2031 -5372.5757 -5043.2334 -4529.481 -4836.272 -5514.917 -5417.104 -4815.5205 -4488.814 -4741.1821 -4996.0396 -4912.3799 -4929.3462 -5182.8438 -5296.7173 -5151.6265 -4996.9165 -4985.8398 -5037.5586 -4953.9258 -4799.0547 -4839.1479 -5203.5522 -5358.2842 -5057.2822 -4965.0918 -5063.7715 -5059.3408 -5052.6528 -5129.9741 -5193.0366 -5221.8276 -5204.2236 -5080.3979 -4973.208 -5089.1465
-5238.6143 -5216.7773 -5260.4702 -5207.8857 -4989.6719 -4806.3936 -4930.7241 -5146.1113 -5089.896 -4866.021 -4787.5801 -4854.1519 -4903.3066 -4988.4966 -5052.8926 -5037.1323 -5030.6499 -5035.0195 -5051.665 -5084.9131 -5103.0601 -5073.2544 -5085.5576 -4974.2749 -4684.5737 -4881.6362 -5289.2563 -5188.8813 -4796.7319 -4574.6763 -4812.7158 -5054.6318 -5025.084 -4988.2632 -5106.6733 -5127.9258 -5017.9668 -4979.9839 -4955.7393 -4966.9829 -4965.5068 -4843.5454 -4854.3208 -5219.0903 -5426.9048 -5170.0913 -5032.7505 -5066.5918 -5085.8218 -5129.396 -5179.7949 -5201.2173 -5165.6812 -5123.0879 -5180.0537 -5305.5781 -5395.3784
-5025.1221 -4990.4805 -4997.7285 -4972.3589 -4804.353 -4632.2764 -4700.6162 -4922.3428 -4947.1274 -4830.6177 -4767.6895 -4751.2192 -4778.1943 -4846.0742 -4879.8882 -4942.96 -5059.6455 -5125.2959 -5128.1494 -5171.9634 -5132.5664 -4986.0625 -4880.8506 -5010.5879 -4952.3955 -4852.1094 -4959.1958 -4973.4673 -4855.1992 -4820.9336 -4936.3896 -4998.1792 -4990.0884 -5003.0264 -5062.6143 -5023.3086 -4979.3486 -5027.6899 -5009.8984 -4978.9063 -5009.6719 -4915.1763 -4905.9502 -5120.8906 -5199.8633 -5060.0791 -4999.4561 -5019.6948 -5090.0957 -5193.3784 -5263.5859 -5229.3057 -5117.9224 -5098.3574 -5180.8599 -5252.2339 -5341.2153
-4947.6426 -4992.2368 -4938.4238 -4801.126 -4651.3447 -4607.2373 -4754.3271 -4954.417 -4998.271 -4926.2007 -4858.2007 -4840.2432 -4834.7046 -4798.4648 -4769.1968 -4836.4668 -4969.9849 -5049.001 -5061.0806 -5089.4277 -5057.5293 -4931.1948 -4790.1592 -4946.9985 -5021.5957 -4911.0459 -4933.5112 -4981.7095 -4930.3081 -4942.5508 -5039.1841 -5072.9009 -5043.1538 -5040.2563 -5033.6406 -4956.6279 -4999.1587 -5069.0732 -5063.4941 -5059.7959 -5059.2476 -4949.5825 -4895.0259 -4931.3433 -4904.939 -4918.4712 -4997.1807 -5055.563 -5115.3599 -5210.439 -5303.0415 -5285.4531 -5201.4409 -5176.834 -5190.5664 -5216.8994 -5308.2661
-5094.813 -5145.6348 -5198.1445 -5113.6738 -4959.291 -4841.5996 -4781.3013 -4931.1519 -5162.9609 -5266.439 -5216.395 -5151.2026 -5094.6377 -4988.2349 -4894.6758 -4895.0234 -4973.5249 -5068.7974 -5083.374 -5070.9233 -5094.0464 -5104.1714 -4968.916 -4829.9746 -4831.896 -4962.5176 -5107.7031 -5141.4722 -5116.8564 -5102.8047 -5127.1948 -5161.4624 -5140.0024 -5090.7837 -5042.3604 -5002.394 -5074.2471 -5133.0664 -5094.1973 -5067.7427 -5085.7715 -5065.2871 -5005.5684 -4938.6475 -4891.7314 -4919.5205 -5000.8086 -5073.7197 -5085.5649 -5129.332 -5237.1235 -5274.6284 -5230.02 -5226.3447 -5256.3203 -5251.479 -5214.626
-4803.4927 -4819.9312 -4970.9863 -5199.8853 -5291.9399 -5103.7891 -4794.8618 -4790.8247 -5047.2974 -5204.2344 -5257.417 -5287.9688 -5289.894 -5237.7339 -5130.1973 -5101.958 -5188.8193 -5248.6157 -5208.6875 -5192.7803 -5239.5786 -5222.7188 -5058.4658 -4837.3848 -4805.4609 -4988.7212 -5200.3999 -5332.459 -5344.1338 -5220.7246 -5129.4517 -5148.0586 -5161.3423 -5066.2681 -4966.71 -5008.5938 -5060.5386 -5051.7104 -5010.5083 -4984.0508 -4991.4951 -5025.8276 -5003.9883 -4945.1699 -4937.4536 -4950.9897 -4995.5342 -5056.5752 -5045.3135 -5060.7021 -5174.7002 -5238.3984 -5177.6025 -5160.9507 -5232.0142 -5243.667 -5168.1309
-4706.3721 -4773.8979 -4932.5449 -5123.9966 -5260.1807 -5177.1528 -4987.1245 -4947.5869 -4995.1484 -5024.9448 -5110.7217 -5206.4033 -5257.4331 -5274.542 -5262.7988 -5217.8779 -5165.0498 -5153.936 -5182.6299 -5251.0566 -5379.563 -5321.1978 -5177.5688 -4945.2803 -4810.6777 -4997.5708 -5243.458 -5274.8174 -5182.478 -5219.1924 -5296.9277 -5265.25 -5204.1201 -5120.3013 -4997.9961 -5034.4619 -5083.3027 -5003.6353 -4910.8208 -4938.4521 -4994.0918 -5037.8066 -5022.0005 -4942.4629 -4917.8105 -4941.9111 -4988.1489 -5032.5674 -5043.6411 -5056.3413 -5137.5566 -5233.749 -5180.9194 -5075.5801 -5098.8965 -5195.6987 -5231.9883
-4858.9829 -4901.9668 -4995.27 -4966.3716 -4990.5542 -4998.7549 -4953.1016 -4989.1582 -4954.814 -4844.9629 -4896.1948 -5007.2295 -5038.627 -5044.5713 -5106.6484 -5040.5073 -4855.3154 -4961.897 -5231.7715 -5397.3516 -5418.2998 -5397.6826 -5522.064 -5380.7979 -5121.3179 -5243.3657 -5321.8447 -4915.8525 -4649.3745 -5010.7046 -5305.6885 -5309.7437 -5248.9487 -5195.792 -5101.5225 -5030.0527 -4979.1958 -4946.9619 -4904.1074 -4900.6396 -4961.4609 -5030.0146 -5052.5879 -4988.7891 -4940.5762 -4922.1152 -4969.7798 -5056.9927 -5090.3643 -5099.1714 -5174.0879 -5318.832 -5342.1812 -5194.5269 -5100.0376 -5117.2666 -5160.9316
-4995.4063 -5064.3838 -4985.2036 -4752.4565 -4696.1851 -4726.7485 -4693.8906 -4762.0708 -4851.2832 -4819.2632 -4784.0957 -4827.3418 -4904.5073 -5052.8247 -5186.3198 -5203.0781 -5262.0332 -5412.8813 -5411.9678 -5287.5801 -5147.875 -5174.085 -5541.9546 -5653.2153 -5415.4077 -5318.5693 -5324.7285 -4976.0825 -4656.6919 -4889.6558 -5208.3115 -5316.0317 -5237.3569 -5221.3442 -5251.3701 -5092.0986 -4870.8403 -4837.7554 -4916.7056 -4919.2363 -4891.6875 -4896.4141 -4925.3315 -4969.4683 -4997.1968 -4994.8638 -5015.4126 -5079.2285 -5118.874 -5122.6294 -5166.7314 -5256.8706 -5319.5996 -5283.4702 -5166.7954 -5080.4268 -5090.9736
-4942.2017 -4984.7568 -4902.3032 -4676.772 -4595.1733 -4672.9634 -4699.7305 -4749.0767 -4826.9722 -4853.2764 -4874.8872 -4967.9834 -5086.1299 -5255.5693 -5330.2842 -5319.6016 -5363.3301 -5263.4688 -4991.2163 -4947.4785 -4973.3247 -4874.0811 -5003.4116 -5397.8706 -5574.9839 -5398.521 -5147.874 -4964.8623 -4923.4248 -5042.436 -5178.79 -5154.9321 -4921.3652 -4964.7466 -5244.7671 -5238.335 -5031.2061 -4929.0859 -4930.1997 -4933.0303 -4890.855 -4881.2559 -4915.1987 -4962.2173 -4991.8071 -5035.6064 -5062.3354 -5060.4639 -5079.8022 -5101.1743 -5112.4233 -5146.3628 -5181.0859 -5159.9751 -5106.1792 -5061.5059 -5024.0571
-4733.0767 -4789.0283 -4827.5903 -4794.9307 -4808.0938 -4859.9873 -4795.0811 -4737.311 -4834.4995 -5030.0552 -5086.0249 -5130.2891 -5266.5186 -5360.9951 -5299.9629 -5168.0527 -4981.6172 -4773.3398 -4699.5449 -4806.1045 -4927.834 -4798.9243 -4655.0269 -5002.1245 -5376.979 -5310.5015 -4960.7915 -4830.8022 -5021.1074 -5161.4487 -5171.1719 -5102.7368 -4846.5781 -4810.7212 -5141.9707 -5247.5928 -5050.2393 -4921.6753 -4892.5444 -4918.7373 -4917.7739 -4922.6313 -4934.2905 -4975.2061 -5018.0249 -5036.5039 -5039.2227 -5022.4009 -5027.1509 -5050.7837 -5033.9814 -5054.0703 -5046.0171 -4995.0483 -5077.3193 -5112.0269 -4954.4302
-4691.9634 -4704.6323 -4714.8579 -4765.8716 -4893.6494 -4983.2896 -4928.7544 -4925.3066 -5068.4155 -5199.3872 -5170.0708 -5136.5894 -5174.3115 -5159.9888 -5054.5781 -4879.083 -4657.6001 -4645.5078 -4781.1636 -4851.6553 -4999.583 -5011.9829 -4866.0854 -4908.4526 -5007.5249 -5024.2256 -4908.2671 -4868.2549 -5009.4316 -5097.6143 -5123.2158 -5143.0562 -4985.2319 -4925.9097 -5085.3169 -5006.1235 -4800.1411 -4817.8779 -4901.6069 -4975.5278 -5018.4697 -4984.1226 -4901.7456 -4927.7104 -5018.2646 -5043.3462 -5069.751 -5086.2505 -5037.5317 -5000.4121 -4981.1094 -5014.8374 -4984.9658 -4889.9077 -4959.9678 -5038.2852 -4947.0405
-4777.9351 -4660.707 -4598.9658 -4625.9785 -4735.834 -4894.106 -5025.4331 -5132.0801 -5212.4575 -5215.9644 -5093.1733 -4957.5825 -4905.6938 -4913.7549 -4911.4307 -4811.8838 -4699.8247 -4743.8833 -4811.1309 -4821.7349 -4958.8032 -5094.0981 -5055.2856 -4953.2974 -4873.4146 -4864.1104 -4878.9766 -4954.2349 -4985.9761 -4944.248 -5045.3643 -5137.7256 -5048.1128 -4987.665 -4980.3594 -4850.3154 -4761.73 -4815.6514 -4851.9829 -4909.4146 -5024.9717 -5087.8384 -5008.4097 -4957.644 -4958.0024 -4991.6123 -5081.2964 -5111.4888 -5029.7026 -4981.583 -4966.1519 -4988.3496 -5016.0356 -4987.7935 -4980.8843 -4991.5581 -4950.8579
-4875.7031 -4735.1821 -4728.6304 -4765.8877 -4845.1509 -5002.2041 -5171.3501 -5284.1797 -5247.981 -5113.0171 -5003.5303 -4946.3984 -4890.6899 -4855.627 -4876.834 -4885.9814 -4853.6709 -4826.7402 -4853.4341 -4872.8628 -4893.2017 -4993.0903 -5028.4839 -4963.0195 -4932.0317 -4920.9849 -4936.8618 -5001.3701 -4945.7979 -4881.2588 -5009.3843 -5076.1143 -4976.6157 -4912.4595 -4918.8018 -4908.3022 -4897.3491 -4913.7563 -4871.5005 -4894.4985 -5089.2759 -5243.0967 -5192.8994 -5066.5933 -4937.4683 -4929.6616 -5051.5151 -5120.6538 -5046.8228 -4988.9746 -4956.7471 -4939.9409 -4974.2598 -4985.3555 -4943.5244 -4958.4878 -4998.9502
-5145.4585 -5065.5386 -5062.7358 -5079.2681 -5115.4111 -5160.3301 -5144.4111 -5125.5854 -5081.9741 -4955.3696 -4889.103 -4914.0732 -4889.335 -4827.8452 -4833.9932 -4868.6377 -4859.5586 -4833.3872 -4867.667 -4897.5454 -4854.4722 -4846.7417 -4872.686 -4906.7134 -4959.7158 -4910.6489 -4889.6865 -4942.2988 -4913.2612 -4878.4282 -4913.3105 -4914.7856 -4911.7603 -4969.6587 -4968.1416 -4961.1797 -4946.354 -4910.9312 -4894.8496 -4898.915 -4992.3423 -5142.9478 -5172.4102 -5063.5771 -4913.7163 -4867.9663 -4976.0234 -5055.2969 -4997.7148 -4962.6792 -4956.7388 -4936.1763 -4957.3843 -4995.8486 -5003.8169 -5030.6333 -5032.2207
-5361.7715 -5295.7686 -5175.1997 -5104.5864 -5058.7734 -4995.7241 -4877.4351 -4806.5864 -4838.2798 -4795.4897 -4727.0771 -4790.3271 -4884.1055 -4896.4287 -4900.3115 -4891.1538 -4859.3022 -4820.0103 -4834.1069 -4869.9917 -4830.9497 -4748.3662 -4820.2549 -4933.8896 -4928.0791 -4802.9922 -4796.7563 -4858.375 -4858.4204 -4857.0913 -4836.7041 -4803.6162 -4833.0996 -4976.2495 -4986.0845 -4903.7188 -4893.77 -4890.2852 -4920.3389 -4902.9717 -4875.0083 -4989.2661 -5070.1382 -5020.9399 -4923.3423 -4847.9585 -4849.3218 -4888.9004 -4930.9404 -4963.395 -4964.3042 -4901.021 -4880.3159 -4962.8789 -5034.4282 -5040.9673 -4991.9795
-5298.4731 -5209.4912 -5039.4897 -4900.374 -4848.4121 -4799.6309 -4624.7319 -4560.2832 -4764.1714 -4906.8496 -4867.8716 -4903.5254 -4992.4243 -4966.7393 -4942.3428 -4936.1167 -4893.1348 -4836.5962 -4827.4707 -4836.9004 -4815.0903 -4756.0938 -4828.9189 -4870.3086 -4834.2065 -4847.1929 -4904.2876 -4858.6416 -4799.7856 -4774.1948 -4732.3096 -4782.6367 -4817.0151 -4884.8481 -4960.2056 -4948.3682 -4891.9741 -4860.3359 -4867.4702 -4882.6328 -4945.5166 -5007.2183 -4970.0615 -4964.6104 -4938.4063 -4828.7017 -4720.8301 -4772.3901 -4934.3711 -4984.7974 -4957.5352 -4905.2827 -4885.8511 -4955.7261 -5020.6758 -5061.52 -5066.7793
-5140.064 -4916.4258 -4756.6812 -4699.1338 -4767.9268 -4798.2412 -4652.3447 -4627.1953 -4840.8408 -5026.3203 -5005.9751 -4943.5801 -4960.7646 -4920.7974 -4852.2632 -4811.624 -4802.1797 -4830.4414 -4829.3452 -4751.8638 -4697.6992 -4708.1157 -4742.8423 -4703.7031 -4691.4839 -4809.0132 -4877.7363 -4751.4565 -4676.8613 -4723.0044 -4733.8701 -4814.4448 -4863.6318 -4851.4873 -4889.9717 -4958.0522 -4945.7227 -4921.0083 -4857.9165 -4837.1929 -4948.1904 -4979.248 -4876.0562 -4902.2754 -4974.8101 -4877.436 -4717.4155 -4736.6626 -4872.4355 -4937.6265 -4967.1206 -4956.729 -4935.3682 -4978.6211 -5019.0962 -5047.8926 -5085.9453
-4952.4941 -4670.5439 -4506.042 -4507.6348 -4651.4937 -4777.9937 -4769.7925 -4787.0034 -4873.6563 -4979.6396 -4995.2661 -4915.9463 -4884.8584 -4842.4507 -4743.5869 -4635.7266 -4621.957 -4727.144 -4789.2466 -4685.0669 -4597.2017 -4653.2036 -4704.1924 -4684.7769 -4651.6343 -4682.0928 -4799.9253 -4777.1704 -4708.3848 -4733.4883 -4714.4565 -4731.4229 -4817.3184 -4829.7461 -4802.0073 -4847.7358 -4887.3296 -4886.1602 -4822.4473 -4801.3975 -4881.6499 -4929.627 -4853.749 -4819.9355 -4907.8438 -4952.9214 -4895.2563 -4828.8496 -4776.0225 -4807.0986 -4934.5161 -4974.0049 -4921.7573 -4947.4873 -5011.9468 -5047.4888 -5086.3638
-4750.8716 -4532.2104 -4482.7231 -4537.9048 -4705.6768 -4903.1919 -4955.4331 -4911.998 -4873.1807 -4896.7241 -4933.8789 -4881.1577 -4807.0029 -4720.668 -4637.9941 -4555.9819 -4544.5884 -4649.3979 -4722.1924 -4649.5771 -4647.0908 -4751.3364 -4830.8936 -4836.4482 -4797.2788 -4816.3413 -4916.6958 -4876.0093 -4782.9858 -4799.0024 -4783.021 -4727.3765 -4768.4395 -4836.2212 -4802.7114 -4774.2764 -4797.2017 -4779.0425 -4744.895 -4733.8301 -4745.644 -4801.8555 -4846.1543 -4878.4312 -4918.2798 -4976.2642 -4972.9531 -4940.1914 -4861.0615 -4787.4785 -4869.9268 -4957.8218 -4930.98 -4902.4614 -4943.4067 -5011.4663 -5060.9702
-4481.3462 -4497.3296 -4680.7622 -4786.1431 -4903.6387 -5037.3594 -5036.771 -4974.3701 -4902.5566 -4811.1216 -4776.3066 -4789.2017 -4788.4976 -4713.6191 -4615.9331 -4539.7534 -4521.1152 -4629.5518 -4751.1934 -4809.7041 -4919.6973 -4956.0742 -4874.3735 -4838.2144 -4869.4863 -4888.5352 -4841.7061 -4756.3862 -4769.4976 -4899.5684 -4881.8027 -4740.5298 -4681.7676 -4733.1108 -4710.1104 -4678.9956 -4727.9712 -4695.1304 -4678.4478 -4687.2871 -4649.5332 -4695.6846 -4820.3149 -4915.2607 -4941.0381 -4953.7817 -4976.4277 -5075.1123 -5100.042 -4950.3721 -4855.8027 -4912.4038 -4949.7383 -4927.1304 -4936.2285 -4976.7783 -4993.6855
-4545.1094 -4629.4663 -4825.2476 -4881.6665 -4895.6694 -4940.4287 -4936.5269 -4913.0864 -4863.2261 -4771.2739 -4742.519 -4769.8896 -4760.7539 -4720.6938 -4676.2017 -4631.4741 -4631.7583 -4740.5571 -4932.124 -5033.8271 -5026.2793 -4921.519 -4771.79 -4834.8452 -4951.2515 -4852.4902 -4618.0293 -4558.0703 -4681.9077 -4839.937 -4837.2671 -4786.6523 -4783.5059 -4743.7324 -4620.2153 -4561.3872 -4623.8237 -4592.0151 -4592.9087 -4668.1172 -4617.165 -4606.6147 -4736.3379 -4845.8076 -4906.7202 -4901.0801 -4949.1255 -5127.061 -5199.5503 -5005.8989 -4800.1089 -4856.6187 -4945.1431 -4960.7393 -4990.4741 -5004.3613 -4995.0669
