Resources/Map/Lvl0_30x30/Ele_EH.asc
ncols         335
nrows         335
xllcorner     3405000
yllcorner     -6725000
cellsize      10000
nodata_value  -99999.0
[rows 232 to 260 of 335, columns 130 to 194 of 335]
-3196.4307 -3168.1201 -3181.6777 -3167.8889 -3137.6831 -3121.377 -3094.6245 -3134.6387 -3180.561 -3118.9561 -3175.1956 -3248.3777 -3248.4495 -3303.1382 -3369.3467 -3396.4668 -3400.0781 -3376.1145 -3415.509 -3470.2314 -3431.7432 -3394.5645 -3378.8342 -3384.7075 -3435.1052 -3452.4724 -3527.106 -3666.2026 -3742.3049 -3797.698 -3839 -3862 -3919 -3926 -3938 -3986 -4040 -4030 -3978 -4019 -4053 -4045 -4031 -4046 -4076 -4084 -4094 -4179 -4211 -4209 -4264 -4317 -4239 -4189 -4212 -4252 -4337 -4392 -4364 -4363 -4395 -4416 -4468 -4547 -4583
-3180.4077 -3114.1443 -3093.0444 -3140.0559 -3098.0154 -3074.9714 -3069.9021 -3040.2766 -3040.3015 -3030.3113 -3080.9414 -3078.4905 -3057.3457 -3125.0017 -3150.229 -3146.625 -3136.22 -3135.7622 -3266.1152 -3359.8179 -3367.467 -3368.0544 -3345.0703 -3287.3552 -3276.3918 -3322.906 -3443.0078 -3589.3108 -3650.3503 -3690.3169 -3769 -3760 -3835 -3920 -3955 -3956 -3990 -4063 -4036 -3944 -3892 -3901 -3922 -3975 -4021 -3967 -3986 -4156 -4210 -4140 -4134 -4222 -4243 -4235 -4257 -4248 -4248 -4261 -4245 -4313 -4444 -4460 -4413 -4405 -4466
-3106.9565 -3015.5669 -3036.8367 -3083.4253 -3013.5581 -2978.3855 -3001.708 -2902.7939 -2860.6138 -2935.9231 -2987.697 -2936.6812 -2933.665 -3031.3047 -3033.3369 -2994.9365 -3053.7156 -3131.8894 -3258.1992 -3318.4646 -3336.3923 -3326.9238 -3326.2998 -3298.4348 -3242.7324 -3291.0195 -3411.8359 -3497.199 -3510.5378 -3503.5469 -3645 -3693 -3751 -3809 -3852 -3846 -3837 -3872 -3882 -3881 -3876 -3832 -3816 -3919 -4012 -3910 -3863 -4014 -4095 -4032 -4014 -4153 -4268 -4259 -4246 -4250 -4266 -4281 -4286 -4339 -4403 -4471 -4493 -4407 -4369
-2847.3167 -2780.5249 -2860.8506 -2924.2166 -2867.8047 -2844.2024 -2881.5088 -2798.2178 -2798.436 -2912.3921 -2925.5974 -2856.0254 -2884.6948 -2925.6833 -2882.575 -2895.27 -3020.0479 -3118.9958 -3220.584 -3281.9165 -3293.7939 -3245.9746 -3239.9253 -3244.4683 -3173.6023 -3179.3699 -3293.9436 -3353.9817 -3357.0085 -3357.3298 -3513 -3601 -3593 -3607 -3706 -3762 -3772 -3799 -3802 -3796 -3794 -3757 -3718 -3762 -3858 -3846 -3867 -3986 -3980 -3931 -3987 -4018 -4049 -4134 -4178 -4169 -4193 -4265 -4323 -4304 -4255 -4318 -4418 -4452 -4432
-2276.9561 -2115.7302 -2319.2849 -2617.2075 -2761.9294 -2763.4939 -2788.988 -2794.8894 -2819.2632 -2939.1519 -2942.406 -2872.7979 -2885.022 -2860.0747 -2801.7886 -2895.4617 -3035.7466 -3115.7012 -3204.6431 -3221.1609 -3193.7705 -3169.2134 -3153.2461 -3158.8054 -3150.3357 -3166.3862 -3234.2307 -3270.3557 -3260.8545 -3271.6492 -3363 -3400 -3428 -3479 -3575 -3664 -3744 -3782 -3687 -3657 -3740 -3734 -3683 -3717 -3778 -3716 -3756 -3828 -3692 -3775 -4062 -4084 -3965 -4037 -4131 -4105 -4094 -4206 -4266 -4214 -4209 -4317 -4394 -4429 -4441
-2106.2634 -1885.7133 -2080.7788 -2439.373 -2697.4067 -2807.4543 -2844.8552 -2836.1047 -2747.8662 -2829.6992 -2940.0732 -2927.5051 -2808.8611 -2713.3342 -2741.7993 -2875.5303 -2956.6982 -3013.7349 -3110.4629 -3125.9814 -3109.7556 -3108.8313 -3084.5342 -3101.2666 -3127.5525 -3143.5166 -3190.7219 -3219.4348 -3191.28 -3203.0659 -3244 -3246 -3321 -3384 -3377 -3494 -3640 -3628 -3517 -3590 -3710 -3702 -3664 -3666 -3737 -3719 -3707 -3722 -3663 -3722 -3837 -3901 -3905 -3959 -4079 -4076 -4093 -4196 -4196 -4176 -4235 -4315 -4369 -4401 -4398
-2538.6538 -2476.5439 -2555.4214 -2690.7583 -2821.8762 -2923.3677 -2899.2422 -2849.3516 -2778.5559 -2783.9563 -2827.0474 -2788.1538 -2690.272 -2627.4978 -2699.2585 -2820.6958 -2911.937 -2968.9229 -3037.0957 -3082.3074 -3104.5435 -3105.4082 -3074.0391 -3068.4402 -3084.3806 -3129.2192 -3169.4172 -3143.6523 -3129.2854 -3170.0562 -3153 -3147 -3270 -3418 -3430 -3492 -3579 -3600 -3563 -3586 -3617 -3645 -3654 -3583 -3615 -3635 -3572 -3634 -3780 -3734 -3637 -3715 -3812 -3824 -3934 -4061 -4084 -4095 -4124 -4174 -4225 -4270 -4327 -4368 -4388
-2698.1697 -2743.9402 -2791.3491 -2813.4561 -2856.1965 -2891.9219 -2852.8484 -2844.5427 -2863.7539 -2823.9243 -2765.8716 -2668.2517 -2620.6538 -2636.886 -2680.2566 -2755.9429 -2869.2683 -2948.1765 -3033.9268 -3120.5854 -3137.9624 -3092.7905 -3039.9641 -3038.0215 -3064.282 -3097.5469 -3109.8306 -3088.3906 -3101.5798 -3143.1855 -3119 -3076 -3219 -3366 -3396 -3404 -3443 -3548 -3540 -3505 -3515 -3464 -3489 -3549 -3562 -3540 -3520 -3521 -3572 -3563 -3619 -3711 -3744 -3741 -3766 -3933 -4032 -4056 -4069 -4088 -4167 -4264 -4289 -4273 -4344
-2679.4773 -2711.7341 -2736.7981 -2788.645 -2805.9919 -2765.3845 -2757.0029 -2792.1821 -2791.1892 -2718.561 -2701.0061 -2641.0891 -2620.6692 -2679.9937 -2712.2124 -2785.6921 -2920.1279 -2995.5732 -3021.6399 -3088.4529 -3130.2424 -3096.9541 -3054.3877 -3060.1428 -3063.6252 -3037.3574 -3028.656 -3039.645 -3050.6272 -3065.8794 -3084 -3071 -3175 -3290 -3303 -3316 -3390 -3454 -3421 -3438 -3504 -3454 -3412 -3467 -3401 -3270 -3381 -3445 -3381 -3444 -3630 -3649 -3661 -3804 -3793 -3831 -3971 -4004 -3983 -4074 -4210 -4274 -4236 -4231 -4348
-2713.4292 -2718.0715 -2689.2971 -2731.3467 -2724.1248 -2653.4824 -2640.0454 -2670.7585 -2639.6868 -2557.5938 -2578.2188 -2579.4934 -2603.8298 -2670.3054 -2697.6406 -2780.3845 -2895.2339 -2925.2502 -2926.7637 -2998.6274 -3055.0469 -3052.4705 -3028.001 -3036.1863 -3064.0364 -3061.9604 -3026.627 -2992.3804 -3028.5491 -3094.5864 -3084 -3058 -3138 -3346 -3367 -3327 -3362 -3374 -3371 -3358 -3386 -3442 -3419 -3350 -3239 -3143 -3253 -3301 -3226 -3368 -3538 -3473 -3503 -3703 -3751 -3769 -3869 -3875 -3956 -4155 -4247 -4254 -4236 -4251 -4327
-2727.6677 -2721.8328 -2688.2847 -2643.4182 -2577.5625 -2523.0259 -2524.9563 -2558.8638 -2509.3462 -2397.8523 -2401.7388 -2510.124 -2645.4827 -2701.072 -2688.4521 -2737.2449 -2823.092 -2887.7229 -2961.4761 -3023.6042 -3029.8762 -3019.9021 -2992.9312 -2961.8843 -2975.8818 -3022.6377 -3017.3264 -2951.563 -2984.7607 -3084.7012 -3076 -3053 -3135 -3286 -3295 -3303 -3356 -3360 -3334 -3304 -3281 -3249 -3282 -3321 -3301 -3274 -3268 -3230 -3113 -3138 -3269 -3294 -3406 -3590 -3662 -3728 -3808 -3815 -3915 -4023 -4047 -4112 -4208 -4268 -4289
-2729.6638 -2693.4407 -2687.8445 -2630.7598 -2547.1089 -2480.0842 -2465.3367 -2496.3025 -2419.1895 -2205.9741 -2204.509 -2467.1992 -2676.6497 -2743.3049 -2725.5671 -2724.5027 -2756.9509 -2859.5605 -2964.6665 -2989.5784 -2981.5339 -2973.4878 -2963.9678 -2952.927 -2953.2793 -2978.9512 -2974.0781 -2916.8196 -2966.8948 -3073.2803 -3056 -3111 -3200 -3289 -3311 -3299 -3342 -3362 -3323 -3308 -3273 -3230 -3301 -3315 -3277 -3275 -3256 -3272 -3270 -3157 -3142 -3163 -3235 -3384 -3482 -3627 -3764 -3783 -3865 -3967 -4032 -4103 -4210 -4328 -4346
-2730.4863 -2709.5669 -2710.5686 -2681.9683 -2598.4937 -2534.8042 -2482.7822 -2462.2334 -2385.8037 -2135.427 -2158.3962 -2494.208 -2660.7278 -2730.4639 -2801.5657 -2815.0156 -2811.7307 -2878.4778 -2922.8821 -2909.3604 -2912.467 -2911.1836 -2919.2678 -2930.0789 -2938.4326 -2953.4846 -2947.4673 -2947.0391 -3036.2896 -3127.333 -3065 -3162 -3273 -3229 -3164 -3264 -3367 -3350 -3279 -3299 -3344 -3323 -3313 -3270 -3205 -3198 -3178 -3175 -3256 -3180 -3132 -3200 -3178 -3288 -3451 -3529 -3648 -3781 -3891 -4007 -4046 -4044 -4120 -4250 -4303
-2722.231 -2735.0457 -2730.8511 -2724.1746 -2699.0183 -2636.0745 -2551.8198 -2520.1504 -2461.3135 -2300.1411 -2346.6218 -2570.459 -2632.0054 -2692.335 -2813.094 -2845.0659 -2844.6799 -2857.7908 -2835.2561 -2817.4722 -2852.2117 -2857.7676 -2831.7241 -2779.1343 -2739.9868 -2771.6575 -2846.5847 -2938.1904 -3032.3225 -3134.885 -3122 -3177 -3288 -3179 -3100 -3263 -3350 -3326 -3267 -3263 -3328 -3352 -3361 -3367 -3338 -3282 -3180 -3143 -3181 -3135 -3108 -3155 -3191 -3335 -3467 -3434 -3492 -3747 -3908 -3958 -4047 -4128 -4138 -4172 -4209
-2695.5691 -2718.3394 -2747.8667 -2771.019 -2761.2026 -2687.8308 -2576.6304 -2464.5205 -2255.5439 -2161.3018 -2296.8052 -2439.3145 -2459.7668 -2563.9783 -2717.6899 -2751.9104 -2757.0879 -2722.9893 -2611.699 -2529.7659 -2563.158 -2542.3662 -2375.4387 -2155.8645 -1973.3309 -1991.1921 -2267.6338 -2638.0457 -2920.241 -3141.7813 -3203 -3229 -3345 -3323 -3313 -3336 -3339 -3313 -3264 -3274 -3270 -3239 -3263 -3320 -3359 -3349 -3313 -3278 -3242 -3232 -3183 -3176 -3265 -3330 -3358 -3431 -3503 -3730 -3912 -3905 -4005 -4123 -4067 -3829 -3300
-2676.1809 -2700.8679 -2756.7681 -2804.3997 -2786.2419 -2704.5923 -2570.7134 -2385.1975 -2073.2588 -2002.8289 -2075.7407 -1956.5001 -1857.2534 -2092.1851 -2421.3127 -2522.498 -2471.5752 -2309.8535 -2045.4363 -1824.7271 -1756.4927 -1627.9677 -1305.4349 -955.5797 -718.8574 -765.2814 -1183.1254 -1826.5981 -2436.9673 -2923.7798 -3217 -3179 -3379 -3394 -3388 -3359 -3316 -3285 -3268 -3282 -3209 -3100 -3160 -3248 -3156 -3024 -3142 -3292 -3316 -3333 -3338 -3366 -3377 -3351 -3381 -3517 -3532 -3642 -3833 -3843 -3864 -3915 -3829 -3301 -1888
-2702.5132 -2728.6423 -2776.4424 -2797.5476 -2790.605 -2760.9858 -2614.311 -2498.2961 -2346.5129 -2189.2092 -1841.1057 -1161.2056 -814.1819 -1226.6498 -1801.8823 -1853.8583 -1616.231 -1359.8905 -1139.6066 -977.4359 -862.7816 -695.2597 -455.6423 -248.8923 -150.839 -216.9409 -481.9507 -903.2214 -1391.4615 -1970.6265 -3066 -3257 -3589 -3533 -3453 -3410 -3363 -3329 -3271 -3246 -3268 -3240 -3219 -3172 -2991 -2814 -3025 -3321 -3375 -3272 -3260 -3390 -3417 -3418 -3507 -3614 -3621 -3656 -3761 -3803 -3824 -3838 -3775 -3489 -2593
-2737.8188 -2751.843 -2794.4797 -2778.2163 -2760.4001 -2785.8176 -2679.8149 -2575.7346 -2456.8931 -2246.8835 -1799.4788 -1058.1809 -600.6506 -800.6259 -1075.9757 -830.2064 -582.0119 -500.7357 -476.0435 -461.1634 -394.5194 -286.3512 -193.7262 -163.0067 -195.0457 -276.6434 -405.1118 -509.9573 -617.804 -951.2891 -2246 -3070 -3634 -3616 -3514 -3442 -3380 -3327 -3306 -3307 -3288 -3236 -3224 -3228 -3221 -3239 -3309 -3354 -3228 -2839 -2835 -3330 -3455 -3360 -3447 -3582 -3594 -3613 -3760 -3888 -3869 -3810 -3792 -3708 -3519
-2744.333 -2741.2837 -2810.198 -2804.4897 -2729.9192 -2704.5537 -2689.1414 -2668.3774 -2518.2346 -2243.5696 -1918.4021 -1515.604 -1183.1672 -1011.5905 -741.8445 -310.0385 -190.7686 -259.5665 -329.2964 -345.2247 -278.6033 -170.748 -93.7828 -138.031 -257.7851 -360.5959 -458.7775 -521.0891 -537.2492 -668.2361 -1384 -2161 -2897 -3266 -3355 -3324 -3315 -3283 -3294 -3243 -3190 -3198 -3276 -3278 -3235 -3257 -3259 -3273 -3295 -3146 -3145 -3392 -3374 -3317 -3440 -3584 -3661 -3656 -3731 -3780 -3573 -3341 -3253 -3092 -2980
-2759.5334 -2765.9309 -2847.9255 -2877.0798 -2792.5552 -2721.2441 -2726.6677 -2729.4673 -2551.0737 -2221.9956 -1876.7959 -1535.621 -1294.0291 -1119.1069 -886.3173 -629.8187 -488.5617 -419.3447 -424.1034 -401.574 -319.1162 -223.6946 -152.4601 -229.7057 -377.9695 -464.2699 -540.7736 -585.7338 -561.4299 -597.9257 -409 -273 -269 -547 -1331 -2192 -2878 -3205 -3223 -3246 -3339 -3271 -3227 -3205 -3216 -3205 -3165 -3245 -3313 -3318 -3391 -3437 -3445 -3493 -3512 -3531 -3614 -3700 -3783 -3680 -3140 -2149 -1508 -1536 -1881
-2854.187 -2857.2705 -2888.874 -2925.3459 -2883.7144 -2812.3203 -2767.8469 -2721.71 -2530.0566 -2216.8716 -1910.788 -1631.6199 -1459.3146 -1393.4053 -1359.5582 -1358.4017 -1283.9047 -1040.1667 -769.949 -580.2661 -443.6885 -376.0615 -345.5963 -398.7466 -499.6549 -586.7647 -702.4668 -725.1324 -620.3899 -589.9735 -379 -152 -168 -544 -1151 -1812 -2524 -2937 -2957 -2873 -3041 -3252 -3340 -3296 -3239 -3174 -3216 -3318 -3291 -3299 -3404 -3428 -3428 -3521 -3560 -3625 -3740 -3798 -3739 -3430 -2564 -1027 -329 -429 -1067
-2934.6709 -2904.563 -2895.2129 -2938.8416 -2947.4563 -2898.8159 -2815.9839 -2761.2903 -2604.3853 -2352.7502 -2156.3035 -2015.1317 -1924.4974 -1887.7318 -1913.9847 -1958.7136 -1892.1847 -1614.349 -1252.6133 -1045.4122 -930.514 -802.8394 -667.847 -581.4514 -549.789 -587.9047 -728.9882 -781.1394 -681.8546 -667.0909 -593 -538 -721 -1230 -1667 -1980 -2270 -2475 -2433 -1987 -1870 -2502 -3171 -3334 -3337 -3305 -3309 -3300 -3193 -3140 -3179 -3056 -2796 -2855 -3141 -3491 -3745 -3820 -3750 -3443 -2534 -1036 -355 -238 -509
-2952.6182 -2922.9104 -2939.0437 -2990.4136 -2994.6699 -2930.0886 -2809.0364 -2797.261 -2799.6699 -2686.7561 -2571.0107 -2494.7268 -2404.126 -2333.7766 -2383.9343 -2420.0737 -2322.1213 -2181.728 -2044.3728 -1950.0601 -1814.1019 -1536.1808 -1190.4924 -902.9624 -699.5724 -612.1051 -698.2365 -787.4019 -767.6606 -824.0914 -876 -821 -909 -1274 -1849 -2329 -2456 -2442 -2401 -2112 -2074 -2661 -3170 -3306 -3384 -3365 -3283 -3130 -2847 -2420 -1970 -1469 -1071 -1121 -1799 -3008 -3727 -3892 -3841 -3746 -3369 -2441 -1346 -678 -635
-2994.1077 -2987.7966 -3017.0251 -3042.0144 -3031.8936 -2929.5127 -2725.9592 -2741.7896 -2928.1387 -2947.374 -2917.1938 -2914.3894 -2807.3135 -2709.8096 -2727.1992 -2729.3911 -2657.4631 -2636.7339 -2647.5598 -2557.6326 -2245.4358 -1748.5055 -1241.6792 -863.8159 -645.5253 -569.0698 -638.5145 -771.2725 -842.4196 -888.6652 -681 -431 -338 -791 -1678 -2196 -1973 -1627 -1621 -2056 -2701 -3159 -3258 -3278 -3350 -3289 -3138 -2854 -2407 -1693 -696 -184 -160 -197 -991 -2824 -3740 -3927 -3907 -3904 -3793 -3026 -1916 -1356 -1556
-3106.4368 -3069.9067 -3048.718 -3069.2009 -3092.9077 -3018.283 -2862.0759 -2875.8667 -3031.5684 -3059.1729 -3064.8516 -3095.5881 -3027.6213 -2970.7585 -2958.7478 -2920.1833 -2887.7952 -2875.0808 -2851.1484 -2726.073 -2312.3022 -1595.8237 -836.5571 -379.0863 -249.3415 -283.2842 -458.9768 -710.571 -877.688 -879.8187 -678 -414 -394 -1055 -1814 -1792 -892 -315 -427 -1500 -2730 -3312 -3398 -3365 -3332 -3314 -3243 -2981 -2728 -2439 -1560 -515 -189 -269 -1318 -3096 -3822 -3983 -4044 -4048 -3885 -3145 -2211 -1775 -1946
-3118.2146 -3085.385 -3046.0811 -3091.2908 -3104.0703 -3060.2366 -3022.4133 -2985.9653 -3055.5608 -3147.3176 -3146.4199 -3096.9753 -3070.7483 -3068.6592 -3042.4453 -3034.9973 -3087.6382 -3087.4849 -3036.8103 -2933.8513 -2543.9775 -1759.2179 -869.1594 -344.4656 -225.7826 -317.812 -644.9986 -1140.118 -1511.6475 -1613.8785 -1818 -1448 -1647 -2314 -2623 -2264 -1291 -649 -917 -2171 -3228 -3533 -3526 -3475 -3408 -3456 -3503 -3402 -3378 -3416 -2975 -1835 -1046 -1495 -2923 -3789 -3945 -4003 -4141 -4133 -3884 -3218 -2363 -1757 -1655
-3060.947 -3037.6499 -3048.8193 -3148.6121 -3155.6021 -3135.7515 -3029.2813 -2806.4956 -2894.6816 -3185.8494 -3211.8379 -3097.2693 -3082.9819 -3124.7712 -3116.248 -3149.3313 -3228.0483 -3249.2185 -3235.2795 -3185.4465 -2957.3958 -2478.3113 -1902.2245 -1496.6023 -1365.7997 -1466.7651 -1823.1022 -2296.9895 -2613.8191 -2771.8245 -3156 -2826 -2669 -3073 -3321 -3254 -2951 -2676 -2815 -3252 -3532 -3615 -3618 -3587 -3581 -3629 -3686 -3699 -3773 -3830 -3712 -3359 -3079 -3389 -3932 -4053 -3986 -4051 -4159 -4004 -3494 -2701 -1819 -1220 -990
-3044.3916 -3041.3069 -3106.0522 -3217.2834 -3229.2524 -3235.8123 -3091.21 -2819.1978 -2898.7371 -3230.5852 -3302.8157 -3202.3003 -3141.5068 -3196.803 -3248.7734 -3291.5488 -3330.533 -3368.6267 -3410.0205 -3388.1362 -3306.9045 -3188.6624 -3042.8701 -2912.3291 -2861.9595 -2919.4709 -3094.572 -3273.1311 -3354.5452 -3437.2017 -3650 -3531 -3468 -3598 -3675 -3648 -3614 -3616 -3718 -3736 -3676 -3706 -3761 -3760 -3777 -3796 -3800 -3805 -3876 -3911 -3911 -3948 -3997 -4047 -4076 -4090 -4146 -4215 -4163 -3871 -3264 -2274 -1305 -772 -630
-3090.4192 -3158.4204 -3196.7815 -3263.3003 -3334.3098 -3358.1421 -3230.8384 -2944.6763 -2845.7227 -3165.5037 -3334.6462 -3181.0549 -3054.9487 -3239.5481 -3382.6111 -3399.4084 -3399.384 -3404.8755 -3474.8232 -3515.3955 -3509.4692 -3511.4211 -3497.2795 -3492.3701 -3514.0146 -3533.4592 -3568.7244 -3600.1719 -3620.7378 -3680.7881 -3772 -3770 -3792 -3775 -3757 -3772 -3792 -3819 -3853 -3848 -3791 -3798 -3850 -3858 -3889 -3928 -3898 -3872 -3910 -3967 -4017 -4051 -4121 -4160 -4136 -4213 -4316 -4332 -4099 -3547 -2761 -1840 -1187 -909 -834
