Resources/Map/Lvl0_30x30/Ele_FK.asc
ncols         335
nrows         335
xllcorner     13455000
yllcorner     -10075000
cellsize      10000
nodata_value  -99999.0
[rows 0 to 25 of 335, columns 180 to 239 of 335]
-4467.2734 -4458.9238 -4459.8862 -4466.6548 -4470.6084 -4470.522 -4470.5884 -4466.2378 -4456.6313 -4445.4556 -4429.8164 -4413.123 -4410.1323 -4425.1084 -4440.4468 -4439.4897 -4429.2666 -4423.7388 -4419.4136 -4404.2866 -4386.4243 -4376.3228 -4369.8892 -4374.7974 -4399.7368 -4427.0762 -4438.084 -4439.5981 -4431.4214 -4418.6558 -4414.5605 -4406.6782 -4402.915 -4400.3374 -4359.0381 -4271.4331 -4182.3237 -4131.9209 -4152.0664 -4259.2695 -4306.0771 -4376.2935 -4373.5796 -4341.3311 -4326.4683 -4308.2432 -4273.3887 -4259.3906 -4303.6343 -4359.0146 -4361.3882 -4342.4102 -4335.9233 -4319.9292 -4292.916 -4237.6626 -4194.5503 -4220.6992 -4252.5439 -4270.1646
-4453.29 -4454.5815 -4461.0171 -4468.8398 -4472.5073 -4467.2935 -4460.6938 -4457.7954 -4457.5278 -4451.8115 -4438.5654 -4422.9429 -4415.9873 -4422.2427 -4431.937 -4432.9268 -4426.0474 -4421.0654 -4418.4048 -4407.5698 -4390.4653 -4380.5786 -4382.312 -4396.3457 -4418.3013 -4436.52 -4439.9971 -4433.2852 -4418.9536 -4407.8096 -4407.2666 -4400.3564 -4395.9995 -4399.5098 -4377.5439 -4316.479 -4259.9585 -4228.5928 -4184.5542 -4193.186 -4227.8931 -4263.9399 -4299.0327 -4300.9863 -4305.5371 -4298.6709 -4299.7271 -4311.2773 -4334.5688 -4347.3096 -4334.9771 -4327.4087 -4321.5195 -4321.1802 -4347.0596 -4380.3672 -4379.4365 -4334.0815 -4294.4526 -4288.7241
-4440.7163 -4445.3198 -4458.3765 -4467.2686 -4467.6079 -4456.7881 -4446.728 -4446.4102 -4450.5918 -4444.939 -4431.4292 -4418.5063 -4411.8989 -4412.3145 -4417.4365 -4422.728 -4424.0107 -4421.9985 -4419.9897 -4414.1699 -4401.144 -4389.0864 -4387.6006 -4396.6787 -4406.8369 -4412.439 -4415.5391 -4412.6079 -4400.0942 -4392.2793 -4398.1475 -4396.1875 -4393.9858 -4398.8481 -4390.2803 -4361.1992 -4337.0928 -4345.3755 -4343.2129 -4300.8115 -4249.2197 -4217.125 -4254.2793 -4302.2114 -4319.5645 -4314.8447 -4322.8511 -4334.9785 -4342.5493 -4322.2129 -4299.6934 -4304.5635 -4312.3281 -4320.3213 -4339.3911 -4362.5542 -4367.7148 -4344.1821 -4315.9966 -4301.0776
-4425.6323 -4431.1406 -4447.3188 -4454.7148 -4448.0088 -4434.4658 -4425.0986 -4425.3862 -4431.605 -4432.7065 -4422.2515 -4404.248 -4390.624 -4385.2056 -4386.6284 -4393.8818 -4402.0469 -4405.6211 -4403.6704 -4397.5806 -4386.959 -4376.4727 -4373.2754 -4376.2451 -4379.6914 -4385.0786 -4394.1763 -4396.8066 -4388.6143 -4384.0361 -4391.2217 -4391.1055 -4386.5786 -4389.8403 -4389.6606 -4381.9648 -4354.8687 -4341.6602 -4342.207 -4319.3525 -4291.3633 -4281.1929 -4305.3462 -4333.5142 -4351.1841 -4365.3638 -4368.5601 -4353.126 -4333.5645 -4301.833 -4284.7402 -4296.73 -4314.3696 -4325.5747 -4333.1973 -4346.7363 -4363.3975 -4362.5693 -4341.79 -4320.4707
-4408.4478 -4411.1284 -4425.8359 -4435.9873 -4434.8994 -4428.4058 -4422.6899 -4420.9458 -4425.1978 -4428.2231 -4417.8511 -4395.8013 -4379.6416 -4374.6235 -4375.2656 -4379.6606 -4385.4575 -4389.3535 -4391.4224 -4393.3164 -4390.0376 -4381.854 -4375.8516 -4375.3438 -4377.9736 -4385.2261 -4392.436 -4389.2183 -4379.9531 -4377.7637 -4383.8062 -4384.9243 -4376.582 -4375.2661 -4375.207 -4376.4766 -4359.5376 -4326.4287 -4327.8223 -4331.9438 -4338.4292 -4344.8511 -4349.3525 -4344.5264 -4353.707 -4379.1895 -4382.0396 -4354.9839 -4323.8853 -4301.0449 -4294.7988 -4306.3013 -4324.3203 -4331.9111 -4320.3218 -4307.5308 -4315.311 -4331.3804 -4339.6235 -4343.6724
-4403.103 -4400.1299 -4410.2002 -4425.0923 -4435.5776 -4435.4146 -4430.7847 -4426.1694 -4426.708 -4427.5703 -4421 -4408.5562 -4399.5898 -4394.791 -4393.8755 -4396.2319 -4398.1157 -4397.582 -4398.4839 -4402.1719 -4400.3496 -4391.7417 -4384.5796 -4382.4077 -4382.6924 -4383.7759 -4384.8862 -4380.4619 -4373.4341 -4369.6235 -4370.2969 -4365.5649 -4353.7832 -4352.1855 -4353.5518 -4356.3442 -4363.5801 -4347.6431 -4336.7207 -4338.7793 -4345.6758 -4349.938 -4350.2339 -4344.5083 -4346.1089 -4355.1904 -4356.5522 -4344.833 -4324.895 -4312.6538 -4309.5342 -4306.7144 -4315.3979 -4335.6084 -4337.0981 -4309.8438 -4296.2124 -4318.1528 -4354.8066 -4377.5215
-4403.7983 -4398.1792 -4399.8071 -4408.8857 -4417.7622 -4415.2021 -4408.0723 -4405.0942 -4407.6543 -4411.7549 -4411.0347 -4406.9248 -4402.4502 -4396.2349 -4393.3408 -4394.2407 -4395.2944 -4395.168 -4394.5488 -4395.8247 -4391.7988 -4382.292 -4376.4893 -4372.813 -4366.6694 -4359.6118 -4357.1333 -4354.3921 -4348.5327 -4343.3232 -4347.1177 -4347.6963 -4338.4126 -4337.9956 -4337.9058 -4340.5957 -4347.1733 -4353.5933 -4353.6318 -4344.7441 -4335.1377 -4334.6514 -4342.0752 -4346.9541 -4346.9111 -4340.2417 -4337.043 -4337.3223 -4326.144 -4314.9463 -4306.8076 -4291.0063 -4289.7227 -4317.9932 -4340.0503 -4319.9746 -4297.291 -4312.9326 -4349.6465 -4365.665
-4389.9126 -4385.0176 -4382.2891 -4384.4966 -4387.0342 -4378.708 -4369.1606 -4369.7266 -4376.4644 -4383.6724 -4386.8726 -4386.7202 -4385.6558 -4381.8604 -4377.7666 -4373.2295 -4370.29 -4370.543 -4370.7871 -4371.9214 -4367.3896 -4358.0542 -4353.9526 -4351.0244 -4343.3149 -4332.9175 -4324.6475 -4318.9551 -4314.5869 -4316.9858 -4332.5908 -4343.7959 -4338.0083 -4331.8091 -4326.6357 -4315.7393 -4307.7007 -4320.7544 -4336.9839 -4338.5015 -4334.5264 -4339.1543 -4344.3506 -4341.0488 -4334.4658 -4328.9683 -4329.2871 -4332.6357 -4322.1079 -4304.7632 -4294.2061 -4286.2529 -4283.0439 -4294.1309 -4306.9268 -4299.2744 -4283.4233 -4286.8315 -4316.9717 -4341.9199
-4382.1997 -4382.5366 -4380.9082 -4378.5869 -4373.6621 -4362.0669 -4356.6045 -4358.3433 -4364.0151 -4370.8975 -4375.875 -4378.0518 -4377.7559 -4374.1792 -4368.0024 -4358.2769 -4349.3623 -4345.1646 -4344.1763 -4346.5181 -4342.9912 -4333.3545 -4326.4893 -4324.2065 -4322.4707 -4315.897 -4305.1309 -4296.3135 -4293.1421 -4298.4004 -4320.6714 -4337.249 -4334.8501 -4327.0439 -4320.2046 -4298.8174 -4278.375 -4283.0244 -4302.499 -4317.1328 -4323.54 -4330.1543 -4333.4995 -4330.4473 -4324.7466 -4321.6167 -4318.7349 -4317.8628 -4311.5264 -4297.479 -4289.5288 -4287.8755 -4283.1787 -4281.2476 -4282.2764 -4280.2866 -4270.0044 -4261.5952 -4274.415 -4297.3442
-4378.6646 -4379.1602 -4374.1475 -4365.4312 -4355.0986 -4346.6304 -4344.7466 -4344.5381 -4349.8374 -4358.2402 -4361.5161 -4357.5854 -4351.3652 -4344.5571 -4338.2197 -4333.2627 -4332.6709 -4334.2515 -4334.2642 -4335.6631 -4333.1064 -4322.7441 -4312.2461 -4309.0405 -4309.564 -4306.1641 -4301.3091 -4295.2363 -4280.1841 -4277.0303 -4304.6406 -4327.0435 -4325.5923 -4319.5313 -4316.7324 -4303.9229 -4285.4009 -4277.5176 -4279.5757 -4284.147 -4291.0483 -4302.0298 -4314.0659 -4322.1353 -4322.9063 -4318.2905 -4310.0552 -4305.2041 -4303.6738 -4298.2539 -4295.2129 -4291.8081 -4284.4209 -4275.9512 -4268.8926 -4267.4937 -4265.6992 -4257.3213 -4250.8008 -4254.9043
-4347.6602 -4346.813 -4339.5293 -4329.1924 -4322.7793 -4324.7085 -4328.7734 -4327.9629 -4324.7827 -4324.0581 -4321.8086 -4313.6777 -4305.8823 -4302.9565 -4305.4868 -4310.6016 -4318.0503 -4324.6094 -4325.9185 -4326.5928 -4328.7466 -4324.2993 -4316.1641 -4312.6108 -4312.1147 -4310.0381 -4307.0112 -4288.874 -4268.061 -4276.5596 -4301.0664 -4312.2656 -4309.0811 -4303.416 -4300.0244 -4296.5234 -4290.0259 -4282.7256 -4271.8799 -4261.1299 -4261.1426 -4274.0254 -4292.3721 -4306.8008 -4313.1606 -4312.8057 -4305.5869 -4297.9639 -4295.124 -4296.5977 -4305.4731 -4307.9907 -4297.8921 -4279.0054 -4260.9932 -4255.4233 -4258.437 -4253.2803 -4236.8662 -4228.2705
-4315.5469 -4317.3101 -4308.6289 -4296.7031 -4289.5239 -4294.4067 -4307.1694 -4314.7925 -4309.333 -4298.2344 -4292.042 -4289.5703 -4287.8696 -4287.0586 -4289.6226 -4294.332 -4299.1489 -4304.4717 -4309.1943 -4315.1514 -4322.6963 -4323.3003 -4316.7446 -4312.8359 -4310.8945 -4302.957 -4292.063 -4282.8506 -4288.6436 -4303.0742 -4305.5386 -4298.5479 -4292.3296 -4287.2666 -4280.793 -4274.7197 -4265.125 -4255.2217 -4255.1064 -4262.6738 -4266.7671 -4262.4585 -4264.6919 -4281.6118 -4304.5503 -4313.8013 -4305.4634 -4284.8521 -4275.4751 -4283.7417 -4307.2388 -4315.7485 -4297.6665 -4267.5288 -4243.6748 -4237.1211 -4242.0171 -4243.0415 -4234.9214 -4231.3887
-4291.5913 -4287.0146 -4277.2407 -4271.2075 -4267.9385 -4269.9351 -4279.5952 -4292.7715 -4296.6377 -4287.9595 -4279.9033 -4280.27 -4283.9624 -4285.0845 -4284.4707 -4283.9995 -4281.7461 -4280.3037 -4284.5527 -4296.7305 -4309.2075 -4313.4331 -4308.0313 -4302.3633 -4291.9746 -4270.9858 -4279.4043 -4297.1738 -4314.9849 -4319.4873 -4305.8379 -4289.5093 -4282.5542 -4281.4448 -4277.9199 -4272.8101 -4254.2129 -4211.2227 -4213.0508 -4260.4453 -4292.4854 -4281.1523 -4252.7056 -4252.6377 -4280.2891 -4302.5806 -4302.0591 -4288.0815 -4266.5962 -4264.3086 -4288.7417 -4304.3975 -4291.9438 -4264.2417 -4242.7178 -4237.9971 -4242.0723 -4245.4043 -4246.7051 -4248.0688
-4272.0957 -4255.3535 -4241.0415 -4234.7969 -4232.875 -4233.188 -4240.6187 -4256.6616 -4267.9043 -4267.2051 -4259.5522 -4255.1182 -4256.562 -4260.3994 -4263.5474 -4264.6558 -4260.6978 -4253.1362 -4251.3125 -4258.833 -4269.0928 -4276.6567 -4276.752 -4276.0283 -4275.5166 -4269.8403 -4284.8687 -4295.1069 -4299.5571 -4299.8745 -4293.7681 -4282.71 -4277.6797 -4277.7466 -4277.7559 -4281.0298 -4255.9526 -4156.7061 -4184.4565 -4245.7241 -4283.8564 -4294.9023 -4270.6499 -4252.9551 -4251.7725 -4272.8535 -4293.7485 -4304.2788 -4281.2661 -4259.7627 -4263.0918 -4277.144 -4275.2881 -4258.1646 -4241.1489 -4233.9214 -4229.7065 -4225.541 -4231.3838 -4245.0132
-4283.0117 -4258.6436 -4229.6387 -4206.0293 -4192.8818 -4190.144 -4195.7739 -4207.0229 -4218.8447 -4228.9663 -4230.1514 -4222.5762 -4217.6113 -4218.3369 -4222.4531 -4225.0313 -4224.3833 -4222.6709 -4221.0557 -4218.0728 -4217.9478 -4222.3374 -4219.5625 -4208.4268 -4221.4717 -4255.7432 -4277.8521 -4274.6528 -4264.2075 -4269.0933 -4278.0459 -4275.9971 -4272.0576 -4272.5557 -4274.7622 -4279.5801 -4261.1538 -4173.3003 -4149.4946 -4147.2988 -4186.9258 -4246.564 -4268.3569 -4267.9785 -4257.2471 -4255.1401 -4267.8022 -4280.5269 -4271.2153 -4256.3984 -4250.9536 -4254.9751 -4251.5103 -4239.3569 -4224.7051 -4214.2891 -4205.1704 -4199.1953 -4211.582 -4237.8218
-4269.5117 -4247.1836 -4216.3325 -4181.6123 -4162.2144 -4159.8394 -4151.3447 -4138.332 -4139.2686 -4156.1855 -4174.9561 -4181.7676 -4182.2065 -4180.2788 -4175.1479 -4167.3296 -4164.353 -4173.1758 -4180.228 -4174.3911 -4174.3462 -4182.4692 -4173.2158 -4165.9717 -4184.6021 -4219.417 -4242.1265 -4247.3057 -4245.3774 -4252.0024 -4263.437 -4264.5693 -4251.9731 -4239.7104 -4246.5586 -4273.105 -4302.4116 -4288.5347 -4208.6045 -4098.5015 -4086.1611 -4167.0239 -4249.2642 -4279.8794 -4270.6895 -4243.2798 -4227.6206 -4223.2788 -4228.7979 -4240.9727 -4253.5317 -4258.4053 -4251.123 -4240.3403 -4235.062 -4233.2192 -4227.1782 -4217.8521 -4218.8882 -4228.5332
-4176.627 -4197.4751 -4189.3164 -4167.3037 -4150.4824 -4143.1675 -4125.1743 -4094.3567 -4066.8557 -4058.5603 -4076.5686 -4106.5859 -4129.7173 -4140.3154 -4137.584 -4129.5132 -4124.4536 -4123.5913 -4110.6177 -4087.0955 -4093.3491 -4118.9658 -4133.7876 -4154.6997 -4173.5996 -4194.6348 -4213.3965 -4221.8779 -4216.7803 -4210.8423 -4225.4966 -4237.3735 -4227.7251 -4193.4355 -4153.1152 -4150.4224 -4207.5444 -4280.7959 -4281.7109 -4195.4429 -4123.9658 -4089.3818 -4224.5732 -4252.3755 -4224.3491 -4159.2236 -4098.8491 -4089.3354 -4130.0498 -4181.022 -4227.415 -4255.2114 -4259.3799 -4260.3018 -4270.9102 -4278.397 -4267.4692 -4241.9517 -4224.9336 -4225.0562
-4128.1694 -4185.7529 -4189.4009 -4175.4663 -4158.6406 -4142.895 -4120.5015 -4083.5432 -4035.4675 -3998.0635 -3990.719 -4011.1816 -4042.3975 -4066.2629 -4073.5381 -4077.6099 -4080.9971 -4075.5952 -4044.8604 -3996.658 -3984.803 -4021.4946 -4070.0686 -4108.6519 -4132.1211 -4151.6333 -4163.2119 -4162.1172 -4150.958 -4141.542 -4158.0479 -4174.9063 -4185.2402 -4175.6216 -4142.3755 -4104.1362 -4090.0979 -4110.5322 -4203.8799 -4232.3506 -4210.5093 -4149.7563 -4206.6436 -4194.0088 -4131.1768 -3994.6396 -3876.572 -3873.3508 -3980.6592 -4100.0195 -4186.77 -4233.3901 -4260.8921 -4289.2129 -4306.7671 -4294.3999 -4259.0376 -4229.6313 -4227.1294 -4243.2666
-4127.2368 -4155.4717 -4173.6851 -4170.8618 -4153.3286 -4134.3135 -4110.2114 -4076.2974 -4028.7527 -3974.3154 -3940.3391 -3944.1035 -3971.7537 -3992.6255 -4002.4897 -4015.1062 -4027.7302 -4029.5125 -4016.4468 -3986.9434 -3956.0315 -3956.2739 -3992.9941 -4033.8176 -4069.3752 -4103.064 -4113.6865 -4101.6113 -4088.3494 -4086.8206 -4097.8154 -4114.6011 -4138.1582 -4149.1904 -4147.8774 -4129.8452 -4083.761 -4063.354 -4141.4805 -4203.5947 -4215.3291 -4189.7354 -4200.3462 -4182.0835 -4093.7197 -3888.5464 -3682.658 -3625.7759 -3772.3601 -3981.4895 -4140.3052 -4211.0698 -4242.5137 -4270.7827 -4283.938 -4263.1245 -4224.8745 -4204.0107 -4212.7026 -4237.5181
-4119.6021 -4123.5103 -4138.7314 -4140.1841 -4124.395 -4102.123 -4076.2822 -4043.3276 -3988.6848 -3902.3079 -3828.3118 -3834.3838 -3892.9041 -3932.2229 -3946.5828 -3957.9492 -3971.9365 -3986.8601 -4000.9775 -4003.8193 -3986.1399 -3963.4016 -3962.802 -3981.491 -4007.353 -4030.8521 -4026.2964 -4000.4131 -3994.3049 -4015.1196 -4035.1414 -4054.6843 -4072.637 -4084.9077 -4096.2207 -4102.2661 -4099.4517 -4113.0327 -4153.2969 -4180.9517 -4179.167 -4156.2881 -4158.2588 -4188.2061 -4195.7295 -4102.8838 -3953.6506 -3854.5359 -3883.8367 -3987.3594 -4089.1013 -4142.6787 -4166.3691 -4185.4922 -4202.0068 -4206.1118 -4199.6528 -4199.1763 -4213.2109 -4231.3394
-4097.3853 -4091.531 -4090.9858 -4087.1963 -4078.5779 -4064.8447 -4041.062 -3993.6633 -3899.9138 -3753.804 -3639.3188 -3657.4014 -3770.394 -3859.8345 -3889.6089 -3903.7942 -3920.707 -3929.6924 -3931.0007 -3932.4292 -3924.5195 -3909.6616 -3908.3987 -3925.8982 -3945.1907 -3958.6204 -3955.7778 -3938.9275 -3931.1506 -3947.8274 -3968.3159 -3990.4907 -4019.396 -4050.4644 -4074.5332 -4084.1824 -4094.364 -4113.7822 -4132.208 -4143.2319 -4143.6953 -4081.3691 -4024.6223 -4084.9954 -4207.4141 -4276.2124 -4275.9521 -4230.6772 -4178.7773 -4149.3169 -4142.5005 -4144.2563 -4150.1919 -4153.353 -4150.5581 -4156.5835 -4178.4272 -4205.314 -4226.4663 -4235.7598
-4064.7244 -4041.1206 -4039.6057 -4046.625 -4051.6519 -4049.8442 -4033.3318 -3987.6382 -3902.3779 -3778.6616 -3666.4341 -3643.6892 -3706.3835 -3775.7998 -3802.6553 -3810.3765 -3820.5701 -3839.3687 -3843.8921 -3832.6846 -3831.0918 -3842.3235 -3866.0371 -3893.3274 -3909.9092 -3923.7356 -3943.9995 -3957.6614 -3952.3162 -3938.3911 -3934.7522 -3938.9968 -3951.5762 -3977.7922 -4005.8879 -4017.7385 -4026.4199 -4050.8638 -4076.6721 -4080.1116 -4075.0344 -4065.853 -4064.166 -4125.9155 -4219.5464 -4288.1299 -4321.1172 -4316.0933 -4275.3081 -4233.1323 -4208.3374 -4199.2769 -4189.2319 -4159.9219 -4122.5225 -4125.1938 -4162.4546 -4184.0225 -4193.2817 -4194.8872
-4038.8943 -4022.8235 -4029.8499 -4038.4912 -4035.7854 -4029.7019 -4022.2412 -4007.0686 -3980.7092 -3934.3049 -3865.24 -3793.9731 -3747.6731 -3725.7522 -3713.7219 -3703.8679 -3702.2158 -3726.02 -3749.6885 -3757.3125 -3774.124 -3801.6648 -3831.5684 -3860.1006 -3882.4399 -3904.8894 -3929.2671 -3936.1177 -3922.137 -3907.9758 -3907.6687 -3914.5188 -3933.7549 -3949.6812 -3969.8091 -3996.1687 -4019.906 -4037.0583 -4033.9514 -4020.1311 -4024.6292 -4040.5742 -4046.72 -4062.9854 -4101.604 -4147.4697 -4204.0488 -4228.2749 -4205.1318 -4165.7612 -4139.5039 -4153.4766 -4179.9741 -4175.6001 -4143.3833 -4126.5776 -4133.3589 -4142.4341 -4148.9033 -4148.0142
-4033.9016 -4021.3916 -3996.427 -3940.8936 -3878.3606 -3856.9487 -3869.9207 -3880.7144 -3876.9993 -3858.5825 -3816.3428 -3765.3257 -3727.7107 -3696.522 -3659.4836 -3615.3965 -3588.8235 -3606.9004 -3641.312 -3677.8123 -3734.1426 -3780.4321 -3799.0791 -3811.0806 -3829.4631 -3843.8733 -3853.8933 -3868.521 -3887.8174 -3897.571 -3901.604 -3920.5759 -3981.4929 -4019.8259 -4044.0381 -4077.561 -4114.3306 -4120.0317 -4070.3784 -4018.3303 -4008.2205 -3967.3303 -3828.2473 -3692.2009 -3670.8003 -3801.8228 -3994.8037 -4135.3721 -4182.0591 -4178.7524 -4154.8389 -4145.2793 -4149.8965 -4143.6631 -4125.1011 -4114.6978 -4112.7856 -4116.1309 -4116.1216 -4108.5845
-4033.0205 -3985.79 -3917.0208 -3837.7539 -3777.5276 -3767.1902 -3782.6196 -3781.7644 -3751.7563 -3704.72 -3659.8 -3637.8323 -3633.1697 -3632.145 -3609.7744 -3555.4951 -3517.5669 -3507.2793 -3496.2344 -3500.7046 -3555.7874 -3621.1387 -3655.8738 -3693.4656 -3744.2239 -3777.3689 -3798.1245 -3811.4143 -3791.0793 -3827.9146 -3910.4246 -3997.0723 -4059.6553 -4077.428 -4070.0679 -4054.1953 -4062.7024 -4080.0886 -4067.8015 -4044.5291 -3995.0027 -3796.5786 -3477.843 -3248.0415 -3238.0471 -3450.4211 -3742.7283 -4009.6975 -4145.8545 -4175.9546 -4132.5903 -4084.2703 -4077.7695 -4088.27 -4083.5391 -4067.6204 -4056.0417 -4056.0566 -4059.4543 -4069.6653
-3960.8555 -3919.7549 -3879.7832 -3854.8025 -3838.4866 -3816.2791 -3793.595 -3769.5496 -3729.4514 -3677.8279 -3641.4111 -3615.7798 -3582.085 -3570.6062 -3574.7532 -3554.1223 -3526.3401 -3502.5371 -3457.8306 -3396.9998 -3358.7366 -3346.9495 -3355.5371 -3410.5876 -3488.0261 -3552.7444 -3595.8137 -3588.4551 -3512.6775 -3485.5876 -3503.6638 -3623.8257 -3746.812 -3800.2461 -3815.5664 -3821.7678 -3864.8369 -3950.3403 -3975.2534 -3903.7532 -3800.1467 -3616.0825 -3399.3235 -3252.4429 -3278.1311 -3476.168 -3738.2068 -3986.5918 -4133.189 -4184.6284 -4146.4233 -4078.9863 -4049.1653 -4046.1763 -4040.0439 -4034.542 -4021.6616 -3999.2971 -3995.3069 -4011.7031
