Resources/Map/Lvl0_30x30/Ele_CF.asc
ncols         335
nrows         335
xllcorner     -3295000
yllcorner     -25000
cellsize      10000
nodata_value  -99999.0
[rows 189 to 215 of 335, columns 183 to 243 of 335]
60.3408 51.0753 88.4659 76.3074 144.3852 118.7563 119.5035 91.5197 150.3528 104.9997 132.8205 168.5043 176.3249 166.9994 158.6063 175.618 176.2232 171.591 125.3825 111.1629 148.1072 185.3433 412.3849 463.1155 390.5742 286.5957 257.3906 211.4609 253.7691 316.4704 328.618 287.3538 234.8589 273.8268 254.4049 296.9725 338.5936 310.9935 302.2071 288.4793 285.7091 315.8351 341.4043 332.585 350.2805 398.4867 500.4152 442.3693 399.5996 354.4858 338.1173 369.6158 353.884 441.7489 407.8506 412.9183 375.4014 393.4269 374.8473 382.6244 406.3765
70.2864 69.6332 66.2866 53.4708 98.3647 56.4087 93.4474 62.8951 129.2951 120.1542 103.507 138.4868 138.4217 144.804 162.4773 186.3511 153.1968 157.138 159.9968 116.6824 158.5629 153.7522 388.3817 445.0991 374.3 327.0838 296.5691 228.7521 262.9693 342.2156 360.4557 283.4293 225.7873 244.9363 259.4956 275.1968 325.5649 336.2413 322.108 314.1125 294.4993 297.5323 328.0559 347.4981 354.5493 356.2328 410.4926 489.7351 454.4053 411.9318 347.4047 435.463 385.665 424.1624 437.5723 411.9507 504.6773 440.8105 389.4899 435.1391 323.4382
85.9825 83.1374 93.8506 81.0107 90.7452 102.9907 59.7048 94.3746 123.4373 173.8522 128.0155 109.7228 149.2439 151.5295 173.884 181.9518 166.6133 170.2214 141.4381 143.0169 153.7713 156.2632 227.905 230.8775 253.0999 333.8466 244.6213 311.6457 381.8825 424.567 387.6212 326.9188 305.7634 344.4983 300.5784 271.5823 277.7605 331.6221 360.0663 312.584 316.198 301.8932 300.5656 358.989 376.5555 364.8813 472.079 515.4112 484.8822 399.2906 402.2093 421.8509 450.9857 481.8426 474.8185 477.5098 470.99 352.6059 328.7126 319.8762 315.6956
69.6527 95.691 118.0453 140.0179 83.1786 104.3123 77.4525 131.1933 234.2884 143.3316 149.8199 119.7629 130.4967 131.7257 153.0649 177.5246 187.049 176.5079 146.5292 138.794 177.3258 186.4882 199.8315 212.8403 247.1869 257.052 296.9365 371.876 337.948 410.7221 331.6097 296.8124 247.957 290.9169 363.0214 301.0847 295.349 334.9476 385.4911 355.8478 333.519 454.8982 318.5668 336.7903 345.464 360.3655 444.6407 430.5152 470.9311 502.5863 441.7922 416.5296 419.5348 552.0294 502.6197 486.2469 373.5578 349.9648 346.9096 336.9232 345.2703
73.2654 92.7232 201.4742 176.629 88.3767 104.8638 84.9999 97.6534 156.2043 140.5267 135.595 175.3999 162.463 177.748 174.5431 194.7745 162.611 173.5021 161.0104 157.5158 150.8824 156.0825 189.1022 204.366 188.6923 267.7764 338.6198 382.4045 425.6879 345.2158 307.4426 277.3814 272.3907 311.8304 342.8352 310.4726 451.7947 446.9828 380.2545 380.6548 337.7301 311.4039 307.7162 410.8262 358.2788 362.927 415.6589 485.4945 543.4207 549.2334 488.2342 500.0197 413.0565 597.4166 443.484 376.4083 325.4987 347.2546 362.6201 367.9362 377.1534
89.1611 93.9768 123.8891 161.4626 165.4642 119.9015 137.3396 339.7705 130.315 219.8701 257.2118 246.1358 415.405 363.974 289.2894 202.2668 269.892 240.7265 216.6775 150.0684 178.8156 185.9253 192.6121 164.6248 176.4444 404.4492 357.241 455.2472 446.8877 564.9536 276.7545 289.0309 501.2936 529.1506 528.23 358.2365 476.8325 517.0486 432.6993 342.3722 340.4665 325.1318 340.3573 344.2109 359.2015 404.1012 470.4549 510.4904 543.5414 547.0869 445.3061 388.9046 392.9779 426.8078 379.3625 355.5343 338.3157 364.0135 366.6952 374.7975 359.2729
86.5572 140.1384 153.3972 169.968 161.3611 273.6465 193.742 376.6769 432.6431 410.9171 351.6277 271.5236 337.0306 385.8378 279.0045 249.9039 313.5537 313.8798 239.4317 252.7873 369.5417 273.0711 201.5117 214.7482 202.384 347.8742 371.2055 504.8031 621.6593 380.5101 259.6691 258.9162 323.3918 512.5006 422.9586 372.1615 403.6139 400.8378 379.9087 410.6932 456.126 361.466 322.1541 306.4004 318.1576 317.8977 513.598 417.7266 566.5609 591.575 416.0717 393.1967 377.4708 356.2166 340.5868 328.2506 332.2664 344.0848 362.7006 357.8309 345.8911
114.0733 106.953 157.166 186.4939 151.3775 143.3602 258.3584 455.1362 478.8613 368.7819 276.0943 234.5278 215.3473 396.8619 439.6385 267.9938 360.0135 488.3232 403.9799 423.6581 528.6597 248.0806 244.4946 181.8446 185.8028 228.4922 602.7454 484.7045 512.4697 430.8583 287.826 249.5057 284.7528 377.8426 423.4969 434.3228 444.0898 443.0095 446.5941 426.6374 378.4987 348.5057 312.1058 331.1649 324.152 311.0122 309.3969 324.8992 402.2529 407.0496 373.9118 370.7427 367.4816 341.5236 333.1208 334.9815 365.2138 367.9597 372.11 372.6331 357.6442
112.5321 240.2646 150.8431 179.8161 467.7054 295.0167 688.9234 698.0403 645.6132 870.0945 797.1771 300.8743 219.5509 331.6614 427.6807 495.7877 469.6461 548.0231 473.7025 447.1493 591.7654 542.2241 306.7143 200.5318 204.9879 329.4878 553.548 471.4729 400.3993 274.506 276.7003 357.0925 365.7095 351.8278 345.5638 383.9448 501.6644 560.9604 448.2126 490.0239 441.0878 481.0023 409.3709 397.1916 347.7115 318.4781 331.2606 317.6471 343.2517 374.1388 366.2351 353.1492 405.0167 345.0238 334.4878 360.1825 366.434 358.9561 382.105 365.9047 367.3453
119.9352 175.0801 177.9032 152.2632 266.7312 552.009 542.1246 470.3393 1057.5048 1250.8654 943.3903 450.4193 302.9131 314.2332 331.8991 373.0187 489.9058 461.6411 524.4854 442.122 556.2835 499.938 393.6659 423.8871 239.1215 438.8255 606.7075 397.576 379.0337 382.8298 429.1761 382.4685 529.0331 478.6529 410.1452 382.0253 409.9886 499.5865 520.6009 504.5856 551.7003 324.1407 306.8873 323.1796 379.2217 325.7669 338.1738 323.2955 348.2552 350.3604 366.4573 357.9233 358.1262 333.2883 350.1056 361.7132 351.3188 377.0977 368.5941 365.074 356.4031
145.9734 158.4571 446.6647 169.2135 299.6385 325.8857 403.5401 603.491 796.5709 1106.4218 628.3917 393.873 358.95 422.4591 455.5179 300.4444 526.4704 562.3533 546.4734 496.1088 504.9832 408.6909 568.5951 600.3072 432.1288 495.5003 657.1544 470.1264 419.7549 371.4289 450.1271 426.481 602.7019 564.6986 448.6187 423.0167 439.6513 518.3417 602.332 584.0287 410.2213 327.8205 343.0211 338.8994 341.4844 357.2981 352.3494 354.1013 342.9707 360.629 401.1978 380.8868 346.2083 336.3433 338.3809 353.0758 370.2407 371.9179 359.9668 347.5548 339.0194
176.05 216.3231 269.674 218.5123 194.4886 327.8869 596.9737 891.7855 749.1517 956.4155 603.991 672.8479 579.8658 639.1064 546.2287 441.4635 421.0094 613.0684 609.1495 534.1904 562.363 504.1074 520.3396 654.9399 599.7226 694.3085 561.0537 434.157 521.1658 429.8909 435.9222 368.3468 583.7296 512.7377 496.9624 574.7817 565.4291 646.173 681.1431 471.6893 329.957 334.4277 331.5175 339.7665 366.9522 392.6154 381.4778 372.4047 391.8631 390.3475 338.9418 338.6216 333.133 354.4262 353.2018 347.5598 366.5175 383.8207 356.2749 351.7122 356.9378
175.8556 137.409 246.5591 310.5273 240.0207 347.1415 483.238 538.6377 619.1435 690.7652 890.5117 875.2699 867.8559 665.3761 516.4509 585.7907 581.3716 486.0102 491.6856 519.3909 588.6393 604.5143 645.186 589.856 629.2916 740.476 412.7598 375.0786 625.8752 515.3707 427.6212 464.5865 402.4011 438.2354 479.2464 551.3212 642.2083 588.3412 372.5554 356.0542 335.7145 342.6477 336.6332 345.2976 400.6835 410.0374 388.4113 406.4152 414.7111 367.44 331.8543 349.5935 373.7665 367.7163 361.4735 350.7502 364.1581 387.1284 374.1949 361.4546 342.8578
144.2184 130.0826 234.8657 247.3867 262.8839 214.7794 627.3544 783.8489 466.5298 508.4553 839.4014 814.5848 656.3817 535.1381 498.7456 596.0168 521.7669 524.0533 637.0394 601.8218 705.7421 636.7797 647.7348 473.6073 543.4683 468.7246 355.7491 409.5685 593.0468 793.9564 416.6815 386.0814 395.841 441.0675 396.4245 413.6378 407.2538 385.5663 352.1133 348.4647 347.384 357.4321 402.1809 359.6028 405.8842 386.5991 390.0428 373.3285 393.6505 337.2748 386.8194 358.8278 367.4728 380.88 350.7128 357.8214 373.193 380.0407 374.6246 357.7101 358.8232
138.2538 122.1021 639.2706 604.3297 497.0399 484.2065 857.3008 897.6931 894.0351 589.0206 653.6787 726.502 632.1739 693.3451 742.0616 635.8018 557.1302 666.2396 826.8334 723.1501 676.1126 641.291 600.4855 377.2619 390.8269 387.6375 527.3529 429.6749 483.5267 423.0254 389.5961 395.6458 399.351 402.4869 404.4826 473.3017 440.7647 437.0254 380.3117 380.5483 366.1244 405.5118 392.2637 397.0851 383.1097 375.5038 388.1865 378.6828 346.1312 360.8743 386.9913 352.648 357.705 372.6546 353.1242 347.2651 372.8954 389.2226 375.925 382.9858 359.7852
115.6601 586.8055 514.0729 695.9075 427.0106 523.8617 1016.6974 1131.9028 1147.6139 1085.3081 844.5787 840.7869 780.2557 861.3167 843.6732 860.2277 776.7153 744.0801 817.6896 744.4792 755.0836 697.6022 479.8549 666.3164 613.6931 574.4195 570.1545 436.4383 453.3248 422.6044 401.7997 390.4204 414.8587 388.5392 382.8286 403.6454 402.6205 419.8758 393.5286 424.4736 395.4436 384.9967 369.7489 401.83 375.5983 370.5221 365.9647 348.8047 338.7481 387.2852 387.5365 342.8069 381.5789 373.8492 352.2179 351.5846 357.5829 374.1643 376.8453 352.1337 354.7318
135.774 363.339 782.5216 694.9756 943.506 916.6274 1026.1335 936.8238 1028.6748 1132.5247 839.9905 851.7289 863.6649 833.0911 786.8059 820.418 836.9056 813.6216 750.3282 759.3841 660.2732 572.0957 622.4526 606.3278 720.7618 461.0006 750.9003 524.0311 417.2908 367.4442 442.8395 360.0852 357.9674 393.8153 382.0592 367.569 351.8042 364.8837 375.191 359.2585 349.8315 358.208 365.9589 365.5788 345.2474 338.8843 332.9621 356.2277 365.6012 370.5039 344.6083 383.6717 405.1765 375.6092 359.3452 350.8463 384.0963 374.6443 376.8532 362.96 349.5518
327.8702 646.3752 856.6733 1065.2861 718.0472 506.1464 611.6605 979.8633 1000.1311 1036.656 833.6838 761.9153 716.5209 759.2786 726.46 757.6973 737.1523 763.9336 754.4929 628.1429 554.6076 518.3506 509.497 647.3433 616.3481 417.2324 609.1902 497.1248 370.7122 400.1697 364.8971 366.2919 416.6295 415.9744 392.9564 402.8899 414.3967 411.6773 395.8664 366.3521 380.2884 382.7963 363.6489 381.1882 341.1286 372.0837 373.4179 378.0247 373.7264 376.6906 378.7617 371.1688 387.5045 353.3423 363.0439 350.5543 376.7853 390.7249 401.2558 371.6185 349.0449
413.6403 377.5609 322.1029 970.8888 308.1665 801.1933 1097.8468 1056.6027 1018.5126 1052.3105 1128.9973 736.1749 700.3269 659.7194 726.2399 746.8063 713.9574 826.3549 624.8577 664.1754 542.7449 536.9374 503.9126 510.2705 747.7512 410.03 399.9306 394.2798 388.5763 392.7396 405.0301 403.8604 420.4799 401.8694 436.0838 407.2039 397.2205 379.9756 380.2775 395.899 391.24 378.6446 390.8181 377.8603 350.9832 360.2183 384.2408 371.4044 375.9289 376.7044 395.7068 375.5435 417.8267 390.5496 377.715 354.8967 365.7141 392.2045 375.5105 379.0067 339.7503
416.9721 328.6669 554.3383 800.3777 582.6876 979.4329 1047.058 989.1236 943.3563 1026.2828 1176.0327 817.7783 708.2804 675.5107 721.1766 844.4283 738.7975 651.402 647.8074 642.2242 573.6547 576.3763 724.5165 422.1707 465.4467 404.2806 390.6819 396.9519 396.0388 421.4548 402.1128 394.7779 381.479 494.7138 620.7321 388.7555 387.4045 399.816 396.9419 413.489 403.4361 383.2309 394.5331 381.4461 352.5996 375.205 408.1764 379.6252 354.6344 393.1801 384.1177 393.9455 382.4516 392.5587 368.1136 357.2442 380.7784 390.5182 377.5374 347.5258 340.7646
387.0732 687.8873 680.0505 740.9219 759.8641 748.5999 989.6899 984.0956 981.9191 1033.152 751.9932 707.4451 698.2828 709.7931 822.7235 733.3487 665.4161 575.9931 596.0724 650.857 663.3964 679.9788 675.064 415.8682 414.3826 433.026 406.6473 401.1157 399.3484 404.5271 399.3721 396.2148 393.4533 413.6195 517.7102 460.101 404.7045 438.3587 411.4631 417.0008 381.9971 366.5876 352.647 347.4331 367.8372 379.6726 413.9871 378.5708 356.2928 387.7435 371.8319 397.9995 391.6652 390.4948 383.0522 354.5347 378.2368 378.2985 361.0751 364.2805 348.4628
388.5208 511.7902 316.7594 423.0982 790.2889 743.2671 564.9556 771.9617 851.6486 717.9458 691.0313 698.3991 735.8518 830.032 759.0605 749.6368 707.5229 599.5425 720.2123 788.7066 866.6017 851.7498 757.2538 418.3153 721.312 470.3727 409.0367 411.2041 418.2475 405.5246 394.9426 388.9245 395.3783 402.3719 402.3332 412.2905 442.558 402.2686 397.6113 387.3879 371.5523 359.8028 385.3168 392.3607 360.9507 396.1233 409.6257 371.8535 388.742 385.5601 354.6946 415.5356 402.0895 391.7453 375.3554 376.7073 377.6339 396.6711 366.5569 359.4857 354.1866
411.575 504.58 290.6153 314.9734 263.3189 372.5591 857.8537 904.551 951.0361 933.7247 829.4803 741.2397 721.7253 769.5068 817.5971 812.9342 754.9813 627.4443 774.211 826.4967 810.252 693.6017 437.665 437.9493 448.8737 498.5286 443.6796 413.139 419.8607 417.2811 406.5728 406.6066 391.8549 412.1766 420.1717 409.8948 460.4382 409.0847 398.1875 385.887 374.0589 389.3525 391.6423 377.2162 374.1316 405.1051 396.9674 391.8106 401.7044 397.4611 365.338 385.7095 415.2946 397.3307 377.3329 359.3315 381.5244 385.1326 387.6779 379.2313 375.0101
448.3767 647.1404 280.2406 296.416 288.8606 362.2785 545.7313 654.7379 762.4523 1038.1589 1151.9813 788.6187 799.8229 853.2684 790.3342 689.1407 672.0247 625.6758 659.488 669.5281 725.2244 639.372 605.8099 493.0717 592.4539 785.345 727.1714 427.5019 427.7549 412.2625 407.0725 399.734 410.6294 421.4826 404.3044 404.0661 400.9871 405.9875 398.1219 395.052 363.7366 400.3848 397.3242 375.6221 371.5086 414.9553 416.1082 388.2928 394.9562 405.0663 386.4854 420.489 419.3266 389.7361 386.6474 381.5218 357.4481 388.7343 390.808 365.3949 349.1841
419.7073 314.2809 242.8547 259.093 286.7884 476.037 528.739 457.701 643.8069 1110.3672 1210.317 757.5903 783.3996 855.9404 725.4919 680.2217 693.4357 740.3862 736.4431 693.6465 687.7643 576.7801 447.5132 623.9417 485.7522 437.9976 440.8553 447.0845 435.9786 426.2954 420.4384 411.9519 417.2524 409.3653 400.835 402.4492 374.401 367.3501 374.9272 368.7455 400.6482 376.4144 399.9254 359.6861 383.3137 399.7761 415.8293 391.2987 402.7531 395.4684 374.3171 431.276 413.3987 418.4525 392.2557 376.5237 369.8032 378.7702 376.8501 349.5433 353.3525
363.1761 323.0999 265.3434 267.1122 303.0402 425.6394 400.6812 407.6373 697.342 933.502 918.6 689.9485 753.5172 820.5303 714.576 659.892 659.4749 759.4493 788.4347 839.0482 773.287 638.741 610.4002 502.1985 547.364 470.464 437.816 424.4244 429.1525 434.2787 425.9858 413.4023 420.1502 397.4971 389.7778 380.1057 392.9068 406.2668 372.2622 387.3054 404.938 398.6651 395.7695 365.9795 373.5811 399.7536 428.6776 393.1938 414.027 384.3985 384.1665 382.6886 396.5532 423.7983 407.9377 391.2973 381.6461 376.1253 357.0948 366.5009 372.7426
401.0137 358.6337 217.0492 232.8347 282.2614 380.9707 638.7324 414.3627 419.1622 559.0836 720.189 789.4758 684.2687 665.9578 753.3874 705.509 835.6678 796.1688 803.4768 884.3286 688.7531 665.8336 716.7797 519.5637 463.1421 463.0826 454.6983 463.883 441.7327 434.6411 398.6175 398.9581 395.8682 390.2528 394.8012 422.2808 406.8036 407.9885 422.215 415.1381 415.8343 418.3924 399.0542 377.065 383.1202 392.2973 427.1677 420.9793 429.4138 406.344 370.8986 386.698 416.2097 433.0872 425.6154 405.8353 372.1764 388.0736 373.83 359.9072 374.4754
