Resources/Map/Lvl0_30x30/Ele_AH.asc
ncols         335
nrows         335
xllcorner     3405000
yllcorner     6675000
cellsize      10000
nodata_value  -99999.0
[rows 210 to 239 of 335, columns 68 to 135 of 335]
-206.4179 -213.3798 -221.3234 -225.542 -229.2171 -232.2267 -232.0196 -230.0056 -228.6863 -230.6347 -233.2042 -235.1434 -238.3487 -243.2919 -247.5412 -253.2986 -260.2138 -266.3837 -277.0514 -286.1657 -292.1222 -297.6806 -295.8197 -292.0662 -290.4596 -292.3669 -295.1579 -298.2447 -302.2155 -305.256 -307.5584 -309.681 -311.331 -310.8059 -307.9091 -304.7372 -300.7317 -296.0099 -292.4885 -290.0503 -281.7235 -267.8518 -252.4258 -235.35 -223.7742 -222.287 -222.5604 -206.8153 -180.2344 -159.6507 -147.5982 -140.6303 -136.6988 -135.0583 -135.405 -138.3658 -141.487 -143.0407 -142.8791 -145.2073 -146.366 -145.3831 -141.6839 -139.5686 -138.9924 -138.0143 -140.5844 -142.8401
-195.3926 -199.0703 -205.0258 -208.4324 -209.9066 -210.3518 -207.5365 -203.1441 -202.3206 -205.2725 -210.2833 -218.7724 -228.3296 -236.2887 -240.5175 -245.8798 -251.4505 -256.4089 -266.0966 -272.1616 -274.3368 -274.4247 -272.7802 -272.1533 -273.4879 -273.7198 -273.9704 -275.8581 -279.4677 -283.2466 -287.7319 -290.699 -292.6921 -293.7776 -292.3464 -290.89 -290.3448 -289.0452 -286.8824 -281.291 -270.5464 -253.5298 -229.487 -207.0615 -194.0704 -188.4449 -183.2949 -167.6037 -147.043 -130.7175 -118.2787 -108.7719 -103.8141 -102.8294 -102.9939 -103.7033 -104.5183 -106.1596 -109.4803 -112.2065 -110.6962 -106.9809 -103.2181 -102.9868 -107.9484 -107.7481 -107.7123 -111.3209
-192.6114 -192.043 -192.7946 -192.9981 -190.4831 -188.5165 -189.016 -190.6006 -191.6445 -193.1839 -199.1777 -209.7002 -221.362 -231.5708 -238.0802 -241.2566 -242.6472 -245.4624 -248.655 -251.1911 -252.4431 -252.632 -253.7715 -255.705 -259.2837 -260.8202 -260.996 -259.7972 -259.585 -260.1726 -262.8966 -267.0804 -268.6494 -267.5862 -266.0423 -265.9211 -263.9696 -260.3019 -254.2044 -245.9475 -237.2397 -224.06 -205.0919 -187.3426 -171.383 -162.6461 -162.1969 -152.4889 -136.3225 -116.8516 -102.5606 -96.7589 -93.7129 -92.6979 -93.8186 -94.3309 -93.4804 -93.7466 -94.5943 -93.3752 -89.4596 -86.5354 -85.5311 -87.2453 -94.1847 -96.9008 -97.4298 -98.7077
-179.5498 -178.3083 -176.6709 -176.4141 -176.2395 -176.1336 -178.2327 -183.464 -188.961 -191.5712 -194.6956 -200.5977 -207.9097 -214.6283 -218.2363 -219.0159 -221.0756 -223.9073 -227.2785 -231.9393 -234.4746 -235.7155 -237.7389 -238.7605 -239.5549 -238.6923 -235.307 -232.5825 -231.8384 -234.6065 -239.0815 -244.6885 -245.775 -243.6687 -248.2975 -254.6581 -254.5308 -248.2869 -237.7578 -225.9809 -209.3999 -190.7774 -174.142 -159.8573 -147.213 -142.5102 -145.1029 -138.8522 -119.7787 -103.9785 -96.5069 -91.7659 -86.6899 -83.4015 -82.5978 -82.4331 -81.0158 -79.9051 -79.5836 -79.6808 -79.8455 -80.0101 -80.6288 -81.932 -84.0915 -87.2791 -90.356 -93.4221
-171.1734 -169.1415 -167.0978 -167.8683 -169.6151 -170.662 -173.0078 -178.592 -184.8773 -189.9522 -192.7332 -195.7341 -199.0735 -202.0528 -204.261 -205.9962 -209.3963 -211.6606 -212.3858 -215.9118 -220.5054 -222.3112 -223.9809 -224.6117 -224.3092 -225.6654 -226.2431 -225.3477 -228.0639 -232.1698 -235.0178 -233.9204 -234.6532 -237.9353 -241.3508 -242.231 -238.4996 -227.5416 -213.401 -198.2061 -178.4888 -159.2933 -145.1991 -135.8632 -129.6627 -127.4878 -127.7577 -119.7951 -105.8534 -98.5988 -94.2144 -88.2481 -81.2703 -76.5261 -74.748 -73.726 -72.7039 -72.4505 -71.6598 -72.1143 -73.1021 -74.1241 -73.7105 -71.832 -69.7879 -68.6888 -71.0032 -73.6888
-169.3342 -167.7775 -167.0608 -167.6912 -168.026 -167.2754 -166.5562 -169.471 -177.182 -184.5128 -187.6739 -188.463 -188.8825 -190.7361 -192.6529 -192.974 -193.9942 -195.5635 -197.9108 -203.6906 -209.9919 -211.2811 -212.3297 -211.0883 -209.26 -212.6254 -217.1015 -218.6986 -218.4653 -219.8483 -223.6672 -229.7331 -234.0641 -234.8402 -230.419 -225.7523 -222.1093 -211.8739 -197.9641 -184.9172 -168.6257 -153.58 -141.7278 -131.3122 -124.8786 -121.3634 -120.8504 -114.9177 -102.6438 -96.2257 -93.6774 -87.8736 -80.317 -74.8113 -72.4196 -71.1268 -69.895 -69.5896 -68.9612 -68.9616 -70.006 -71.062 -71.9037 -70.568 -68.5647 -67.8533 -68.0192 -68.812
-179.22 -177.7633 -175.6135 -174.5953 -174.4996 -173.5371 -171.9575 -173.106 -176.9289 -180.4699 -181.9298 -183.303 -184.8826 -187.2613 -188.4073 -188.3539 -186.7845 -186.7471 -187.186 -189.0898 -192.0872 -196.6607 -200.8531 -199.2883 -197.8915 -200.98 -206.0926 -206.5719 -207.1751 -213.4969 -221.2278 -227.286 -229.7866 -226.2939 -214.5299 -207.3878 -206.3658 -199.8082 -190.8731 -182.1214 -172.0553 -162.891 -155.3654 -148.8242 -141.4509 -133.2593 -123.9768 -113.4235 -103.3218 -98.1352 -93.541 -85.4996 -79.0846 -75.9389 -73.2793 -71.0054 -69.131 -68.507 -68.2748 -68.8553 -70.1004 -70.591 -70.0375 -69.1361 -66.3613 -67.5113 -69.4373 -70.3993
-189.2541 -188.0279 -185.912 -184.3791 -183.2986 -182.6895 -182.3407 -182.919 -184.63 -185.7838 -186.3654 -186.6867 -186.9415 -187.7961 -187.9971 -187.7845 -187.3111 -188.3518 -190.0845 -191.8739 -194.1412 -195.9568 -196.2515 -196.2473 -195.9511 -194.7378 -194.5254 -195.3425 -201.2247 -208.6668 -214.5412 -218.4078 -219.0116 -218.6516 -216.8553 -213.3756 -206.347 -197.6159 -192.1965 -188.8512 -183.6393 -174.7747 -164.2281 -155.4152 -147.0418 -136.4503 -127.5844 -118.0248 -106.6492 -100.174 -95.2147 -87.5867 -81.2053 -77.2875 -75.0194 -73.0494 -71.5659 -70.2891 -69.2093 -68.3923 -67.2094 -64.8623 -61.868 -58.1256 -53.1366 -54.6433 -58.3832 -62.2167
-189.8596 -188.3029 -187.2211 -185.3647 -182.4616 -180.8025 -180.5123 -181.7522 -183.5474 -186.0251 -188.081 -189.2976 -190.5305 -191.3962 -191.3198 -192.7288 -194.3346 -196.5577 -197.7232 -198.2399 -198.0127 -195.5201 -194.2744 -194.2572 -193.4822 -192.1251 -193.0552 -196.9099 -198.6853 -199.8927 -201.6666 -203.473 -203.473 -203.408 -202.6558 -200.3948 -198.0451 -195.3835 -191.8127 -189.8302 -185.3486 -176.3239 -165.6938 -157.2385 -150.0232 -144.4991 -142.4829 -133.494 -119.3008 -109.1385 -101.6449 -94.8748 -87.2594 -81.4358 -78.9007 -76.7961 -74.2722 -71.6735 -69.651 -66.8332 -64.6019 -61.774 -59.197 -56.9299 -55.1177 -54.2958 -54.2557 -56.9543
-182.9977 -181.8976 -180.8466 -179.1367 -177.0947 -177.4762 -180.2436 -184.0807 -186.3043 -188.337 -190.163 -191.3417 -192.6849 -192.2968 -191.5397 -192.2564 -194.5012 -196.9677 -198.1492 -197.5818 -197.1393 -196.3658 -197.9293 -196.4496 -195.5988 -196.1416 -200.2167 -202.1346 -198.3843 -195.1545 -193.6557 -193.4133 -193.4133 -192.6109 -187.3752 -178.4845 -176.15 -178.0923 -178.3531 -179.4995 -177.3382 -172.333 -167.4039 -163.5014 -160.558 -158.6229 -156.0816 -148.7624 -142.3392 -135.3859 -124.4215 -115.6049 -108.2658 -101.2516 -95.3909 -89.7138 -84.0788 -79.1681 -74.7122 -71.137 -68.8507 -68.2688 -67.6058 -67.2559 -66.8453 -67.0906 -67.3904 -69.088
-175.1077 -175.2763 -175.2475 -174.529 -173.6964 -173.6531 -175.7615 -179.093 -182.245 -185.5186 -188.2135 -189.6012 -188.6209 -186.6282 -187.2513 -189.1178 -190.834 -192.5007 -193.5939 -193.9783 -194.9533 -200.2894 -202.4716 -198.6864 -196.1084 -197.4562 -198.653 -197.5515 -195.8226 -194.5269 -193.7725 -192.761 -191.8627 -189.7406 -180.0416 -166.0878 -165.7718 -172.7497 -174.9865 -174.695 -172.2049 -167.1099 -160.5026 -153.9277 -147.5101 -142.7593 -139.6745 -140.2791 -148.9881 -160.7573 -160.3333 -151.5113 -146.9487 -143.2166 -133.3766 -119.7571 -106.6212 -95.9407 -88.4767 -83.5928 -81.1151 -79.9278 -79.5074 -78.5683 -79.392 -80.4141 -81.4361 -82.4581
-168.4821 -169.5101 -169.231 -167.4736 -166.8286 -166.7608 -167.9356 -169.984 -173.165 -176.1849 -177.684 -178.1965 -175.702 -175.5025 -178.6454 -182.1042 -185.2214 -187.9881 -190.1181 -191.8604 -193.2505 -194.6054 -194.9746 -194.6246 -193.3801 -194.6718 -194.9599 -194.7701 -195.6626 -195.6114 -195.1515 -193.8041 -191.3006 -189.6014 -187.2934 -183.8708 -182.5631 -181.1244 -175.8171 -167.722 -159.8829 -151.2193 -142.0668 -133.4292 -125.6957 -121.2651 -120.3062 -124.8069 -135.6308 -150.2464 -157.7303 -156.4073 -161.1449 -169.7127 -166.0088 -153.2414 -138.2455 -123.2181 -110.5935 -100.5187 -95.1195 -92.3855 -90.2806 -88.8319 -89.3108 -90.3068 -91.3288 -92.3509
-159.75 -160.6447 -159.4949 -157.5415 -157.3657 -158.1639 -160.5212 -163.0203 -164.1279 -164.3272 -164.7967 -164.7555 -164.9659 -166.357 -168.8548 -170.7104 -173.2522 -175.3827 -178.9184 -181.7079 -184.4813 -185.66 -186.684 -187.3202 -186.9677 -187.0768 -188.9258 -191.6301 -192.8899 -193.1056 -192.5134 -192.0304 -191.0171 -190.9248 -189.726 -185.9936 -180.847 -175.6234 -163.1897 -150.044 -141.8019 -133.5295 -124.2604 -115.7878 -111.2384 -110.2028 -110.8769 -111.638 -113.0659 -117.2943 -123.5616 -127.4647 -134.6785 -146.3488 -151.2176 -147.7956 -143.4131 -137.928 -128.6949 -116.3616 -109.1878 -103.9512 -98.4563 -95.348 -94.7466 -95.6638 -97.0334 -98.0673
-149.1659 -146.945 -144.9706 -145.8004 -146.9461 -146.8031 -146.7189 -147.3223 -148.1329 -148.9127 -149.6925 -151.2273 -152.7327 -154.1446 -155.4379 -156.5023 -158.0595 -159.3752 -161.5488 -163.6143 -166.8377 -169.9149 -172.1277 -174.0657 -175.3454 -175.9016 -179.1263 -183.7407 -185.3147 -186.3008 -187.188 -188.5536 -189.9926 -192.0385 -191.9708 -188.4151 -181.299 -170.2886 -156.543 -146.2568 -137.5347 -128.4488 -120.7257 -113.9407 -109.3913 -107.3783 -106.5985 -106.1071 -106.7879 -108.1998 -110.5173 -113.9803 -116.9586 -118.6454 -119.1057 -115.9587 -112.9738 -110.8331 -110.1829 -108.9353 -109.2961 -106.7726 -101.646 -97.3967 -96.0771 -97.6658 -99.328 -100.3705
-141.522 -135.9809 -132.6944 -133.8939 -134.7994 -133.6872 -131.4835 -130.1635 -129.9527 -130.7953 -132.9018 -135.8087 -138.0977 -140.1418 -140.5437 -141.0466 -141.6562 -141.7366 -142.6459 -144.5992 -146.6432 -149.2691 -152.1152 -156.4126 -161.4072 -163.6909 -166.4136 -169.7204 -171.5673 -173.5046 -176.1012 -179.5782 -183.9695 -188.4454 -191.6155 -193.1009 -191.5831 -181.9404 -168.9087 -157.4965 -145.4182 -135.1831 -127.9623 -122.1308 -118.2113 -115.6585 -113.6144 -112.9939 -113.7136 -114.7594 -115.3643 -114.6683 -112.8997 -110.2885 -106.4279 -102.1373 -99.6464 -98.5862 -99.1942 -99.8883 -100.9958 -101.193 -100.6688 -98.4472 -97.6601 -99.3049 -99.9803 -100.5899
-146.0347 -139.1554 -131.6693 -128.3497 -127.4887 -125.6383 -122.8849 -121.3047 -119.5408 -119.1748 -120.5609 -122.6435 -124.3934 -125.6625 -125.8933 -125.5345 -125.0996 -125.0422 -125.5645 -127.0829 -129.0977 -131.1418 -133.4618 -136.5648 -141.6159 -145.1962 -147.8463 -152.3076 -156.2435 -160.115 -163.8894 -169.2786 -175.9708 -182.3751 -185.9205 -189.2412 -193.2425 -191.7444 -186.2761 -175.1855 -160.6176 -150.2812 -143.2825 -137.6237 -135.0293 -133.8005 -132.4283 -132.5522 -132.6091 -131.8581 -131.1582 -129.5691 -127.457 -123.1616 -113.9652 -105.2224 -102.1535 -102.5986 -102.9477 -101.5955 -100.5662 -100.061 -100 -100 -100 -100 -100 -100
-166.8303 -161.0649 -151.2107 -142.0242 -135.9274 -131.6308 -126.4277 -120.6496 -117.4848 -117.2879 -117.1195 -117.0791 -117.1863 -116.1367 -115.1318 -113.3738 -112.2113 -112.0765 -112.0765 -113.0078 -114.9831 -117.0272 -121.066 -125.0688 -130.1517 -134.5902 -139.0083 -143.2517 -147.9044 -152.6091 -157.5526 -162.1588 -167.153 -173.6199 -176.762 -177.0081 -178.5058 -181.186 -181.0908 -174.0384 -163.4145 -155.6085 -150.9866 -148.0756 -145.6448 -144.7895 -146.3895 -151.9648 -156.8262 -156.7955 -154.6052 -150.2573 -148.9937 -148.8525 -139.1818 -127.3162 -124.0882 -126.8412 -125.1339 -116.4765 -108.1109 -102.1271 -100.1627 -100 -100 -100.4229 -101.3132 -102.6707
-186.1585 -181.6746 -175.5691 -168.645 -160.8132 -153.9203 -148.0355 -141.2386 -135.4851 -132.9657 -130.4486 -126.0884 -120.8617 -115.0475 -109.9227 -105.3435 -101.7552 -100.8871 -101.6881 -102.7046 -104.68 -106.266 -110.2933 -115.8796 -121.4138 -125.5963 -129.2729 -132.3456 -135.6563 -140.5277 -147.0372 -152.642 -157.2368 -163.9552 -167.7719 -166.8403 -164.7713 -163.4451 -163.136 -160.9303 -156.6798 -152.6629 -149.8599 -148.5399 -147.4886 -148.658 -156.224 -169.1898 -174.9184 -171.3377 -170.7268 -161.707 -155.6908 -154.3348 -147.7806 -143.9141 -147.4017 -151.9716 -149.6806 -140.7269 -127.1253 -108.5369 -101.1178 -100.0466 -100 -100.5012 -102.0102 -103.1699
-194.4122 -191.0832 -188.6187 -186.2042 -181.8995 -177.0548 -174.0412 -171.6411 -167.6712 -165.5236 -164.0826 -157.614 -145.5873 -134.7225 -125.744 -117.5079 -108.515 -102.059 -100.9749 -103.2382 -106.2523 -107.367 -110.4004 -113.9996 -116.4893 -116.1135 -117.3066 -120.1594 -121.3961 -124.1479 -128.0438 -133.4905 -140.1422 -146.1846 -149.5819 -150.9328 -151.7602 -152.0612 -152.0442 -152.0271 -151.4224 -150.0923 -149.2856 -148.5399 -149.6594 -157.681 -171.4689 -178.4863 -172.3374 -170.1572 -173.523 -161.49 -152.4037 -149.1483 -146.196 -149.3919 -155.7714 -155.5483 -150.6809 -143.521 -130.0507 -109.5664 -99.5113 -96.755 -95.6509 -94.1813 -93.1654 -90.6857
-195.6837 -193.658 -192.5289 -191.9782 -190.6756 -188.5167 -186.5924 -186.4156 -186.2798 -186.1175 -186.4459 -183.6106 -175.4073 -167.0019 -158.0211 -147.5465 -137.293 -128.9273 -125.3065 -127.8025 -129.3715 -128.4095 -126.2795 -123.6088 -119.8575 -113.7647 -109.8395 -109.5155 -112.1482 -117.5137 -116.5229 -112.5803 -117.2836 -124.4658 -131.2589 -136.6383 -141.4282 -145.5826 -147.4749 -148.8309 -149.0649 -147.8291 -146.2701 -144.7076 -146.7702 -157.3569 -169.9595 -171.5018 -165.285 -168.0578 -166.5714 -152.5005 -143.7155 -139.5715 -138.2094 -143.629 -150.1986 -148.2988 -137.7143 -122.95 -111.0625 -102.1137 -93.8874 -88.3643 -85.0691 -82.4863 -79.4485 -75.3934
-188.6292 -188.4316 -189.569 -191.18 -192.5437 -192.1326 -191.3539 -192.1908 -192.6294 -192.658 -191.9457 -190.9237 -188.3476 -184.9676 -183.9342 -180.0035 -172.365 -170.1775 -170.2314 -170.1178 -166.0903 -158.7874 -149.9518 -142.7723 -138.1806 -131.2064 -124.6694 -118.0412 -118.2304 -120.9707 -118.7451 -115.2443 -118.7567 -123.6477 -128.5575 -133.5419 -138.7429 -143.8708 -147.1196 -148.2442 -148.3528 -147.0165 -144.2215 -140.1365 -136.6324 -136.3426 -136.4842 -135.8413 -134.9236 -132.8342 -128.2464 -121.252 -117.2764 -114.0661 -111.1254 -113.8597 -118.0042 -117.893 -111.641 -102.3506 -96.9044 -93.6081 -88.0312 -82.4633 -77.7426 -74.9968 -72.4743 -68.9667
-186.7496 -184.5111 -183.7558 -184.4212 -186.7823 -189.7169 -191.0541 -191.1341 -190.4067 -190.41 -190.2137 -190.1828 -189.6137 -188.7355 -191.5576 -193.5246 -190.2255 -191.4477 -195.4153 -197.0429 -192.0575 -184.3441 -174.2968 -167.8751 -164.2486 -160.912 -158.3548 -154.0005 -151.197 -149.6253 -149.6967 -150.6888 -148.7252 -143.626 -140.2453 -139.9215 -141.8064 -145.7551 -150.2462 -152.9691 -154.4595 -154.3514 -150.715 -143.5245 -134.1846 -123.3364 -112.563 -105.4179 -102.1662 -99.4047 -97.1386 -94.9101 -92.8783 -91.2467 -89.7358 -89.1394 -89.4059 -89.0892 -87.7285 -85.4176 -82.9216 -80.4255 -78.031 -75.653 -72.867 -70.8727 -69.3744 -67.463
-177.3974 -175.3148 -172.9326 -172.974 -177.0063 -183.5587 -186.8487 -186.2071 -183.7936 -180.8804 -178.7674 -178.1824 -178.4698 -178.1002 -176.9005 -176.3954 -181.4997 -188.1926 -192.9604 -197.0867 -199.6284 -202.2143 -197.9267 -193.3837 -187.7208 -186.9622 -187.6051 -186.548 -181.9505 -180.5639 -181.2491 -180.4792 -175.9666 -167.296 -159.8329 -153.9957 -149.5053 -149.7381 -154.069 -158.4352 -160.4219 -155.5804 -138.4547 -122.4146 -116.9357 -110.8702 -102.6198 -95.8101 -92.221 -90.4258 -88.553 -86.2415 -83.768 -81.1859 -79.6591 -77.9125 -76.4958 -75.4333 -73.6207 -72.0478 -70.1123 -68.565 -68.5018 -68.1426 -67.7132 -67.2837 -66.2936 -65.845
-131.1852 -134.4547 -136.3574 -141.2142 -148.8536 -159.7594 -168.5335 -170.423 -166.9876 -162.857 -160.0018 -159.0608 -159.8985 -161.2915 -162.5701 -163.1306 -167.5044 -173.8444 -177.1076 -178.2841 -182.7304 -191.3346 -195.9516 -195.5552 -194.7673 -198.8561 -199.5163 -198.1726 -194.2223 -191.5198 -190.6265 -188.7675 -188.1352 -184.7474 -178.5385 -174.678 -169.1057 -163.2507 -161.0763 -160.3544 -157.7758 -148.1629 -126.8615 -107.2987 -101.2232 -98.2695 -93.0279 -87.444 -84.0447 -82.3571 -80.9281 -79.1161 -77.4684 -75.3589 -73.4673 -71.9778 -70.5488 -68.9633 -67.4872 -66.8709 -65.1269 -64.4552 -64.7481 -64.2542 -64.1945 -64.1945 -63.8095 -63.2011
-15.9252 -40.9027 -59.6226 -76.339 -91.3358 -106.9565 -120.5986 -127.3114 -129.4119 -130.3257 -130.9037 -131.507 -133.6987 -138.1765 -143.9766 -147.7653 -149.6797 -153.4474 -154.5826 -152.5576 -150.5051 -157.3648 -163.6528 -165.7514 -170.1292 -175.0054 -174.549 -175.8357 -175.7458 -180.0668 -181.3314 -175.7379 -173.6134 -172.8276 -169.468 -169.7915 -168.3476 -162.1749 -156.0532 -150.4577 -142.2914 -129.3188 -113.8744 -101.0458 -94.4565 -90.4933 -86.4604 -82.1052 -78.9878 -77.1665 -75.8901 -74.6287 -73.0591 -71.5681 -70.1616 -69.0277 -68.0057 -66.6945 -65.5855 -64.8691 -64.1243 -63.4655 -63.3761 -62.4753 -62.3761 -61.7866 -61.7523 -61.3803
51.5681 49.6058 38.2216 21.6758 -7.4444 -33.9993 -57.4785 -73.4148 -88.3591 -98.678 -103.265 -104.8991 -105.9695 -108.4201 -112.603 -116.2211 -119.0364 -122.3689 -124.5091 -124.2972 -123.8123 -125.8621 -128.3245 -131.7323 -137.4344 -141.4102 -143.8652 -147.8595 -148.9326 -152.8309 -155.4848 -152.7976 -151.0923 -149.5173 -147.3131 -145.7951 -143.4934 -138.7247 -133.2347 -125.8301 -116.8879 -107.3219 -98.9639 -92.9582 -88.4877 -84.9038 -81.8377 -78.9316 -76.1992 -74.2602 -72.697 -71.4259 -70.1707 -68.5882 -67.3598 -66.8057 -65.9616 -64.9396 -63.9175 -63.4204 -62.8149 -61.8514 -61.7082 -61.3892 -60.758 -60.3736 -59.7295 -59.7082
157.8136 141.7951 120.812 129.5581 108.7825 72.3527 4 8.8957 -24.0353 -47.5764 -65.8041 -79.4417 -86.4573 -89.5153 -91.8995 -93.7198 -96.5763 -99.0498 -102.0406 -103.2441 -104.5827 -104.6449 -106.3085 -109.0675 -113.8623 -119.2733 -124.0725 -128.8243 -130.4425 -131.5652 -133.093 -133.6449 -133.3549 -131.6732 -128.5098 -123.6991 -117.9036 -112.8767 -109.5901 -106.0363 -102.4047 -99.3335 -95.2476 -91.1595 -87.0714 -83.1506 -79.4019 -76.2014 -73.2853 -71.4038 -70.1778 -68.6026 -67.3377 -66.0897 -64.9616 -64.1801 -63.2496 -62.7409 -61.8735 -61.6641 -60.8294 -60.3796 -60.3321 -59.7303 -59.3577 -58.7009 -57.6972 -57.6641
170.267 163.2429 160.4171 137.9191 165.8563 122.6188 121.7333 133.5682 61.7905 52.9741 16.6196 -9.975 -35.2812 -57.0918 -70.1679 -77.6275 -83.6336 -88.6332 -94.4073 -97.789 -99.6111 -99.69 -100.3084 -101.6709 -104.3458 -106.8886 -108.4728 -110.1797 -112.9782 -115.9065 -117.7536 -120.6654 -124.3324 -122.9962 -119.7504 -112.9757 -104.0117 -98.1052 -98.096 -99.5228 -100 -98.7518 -95.2476 -91.1595 -87.0714 -82.9832 -78.8951 -75.3552 -72.2891 -69.5903 -67.5818 -65.6572 -64.2716 -63.2496 -62.2275 -61.7054 -60.8735 -60.62 -59.8294 -59.62 -59.3613 -58.7189 -58.62 -58.3408 -57.6733 -56.6751 -56.3203 -55.6276
226.2546 226.0535 264.1901 224.0784 195.1542 191.7355 149.321 141.289 164.1694 154.2404 164.7528 82.1439 72.8688 27.1274 -12.6712 -50.4318 -67.1839 -76.7458 -85.4032 -91.8822 -96.2468 -98.5233 -99.2861 -100.2992 -100.8759 -101.1519 -101.1519 -101.3214 -102.9695 -104.7871 -106.2772 -109.6771 -115.9722 -115.8243 -113.2923 -108.2078 -100.6942 -96.424 -97.2247 -99.1911 -100 -99.3443 -96.9836 -93.2955 -88.8641 -84.0483 -79.2324 -74.5744 -70.459 -67.0869 -64.6352 -62.5911 -61.2055 -60.1835 -59.1614 -58.8639 -58.1174 -57.8639 -57.6363 -56.9973 -56.8639 -56.6172 -56.576 -56.576 -55.6531 -54.6311 -54.576 -53.587
182.0569 198.6315 197.5444 199.1773 254.2447 232.8565 200.7543 186.2889 176.0627 191.5895 184.2559 173.9218 165.7338 154.7726 123.961 38.4552 -33.7618 -56.1433 -66.034 -74.737 -84.2842 -93.3769 -98.9858 -99.9857 -99.2964 -99.9534 -99.2659 -99.2156 -98.8323 -98.9928 -98.6881 -99.8313 -103.1008 -104.3298 -103.9087 -103.1249 -100.8592 -99.9362 -100.1223 -100.567 -100.4448 -99.8894 -99.0629 -96.0239 -90.7034 -84.4729 -78.2485 -72.3881 -67.098 -62.852 -60.101 -58.5241 -57.4053 -56.3833 -55.877 -55.266 -54.8652 -54.7978 -54.7978 -53.9852 -53.7978 -53.7978 -53.7978 -53.7978 -53.5524 -53.2806 -52.5562 -52.2689
