Resources/Map/Lvl0_30x30/Ele_DC.asc
ncols         335
nrows         335
xllcorner     -13345000
yllcorner     -3375000
cellsize      10000
nodata_value  -99999.0
[rows 125 to 149 of 335, columns 228 to 284 of 335]
-4663.1201 -4305.9175 -4223.8438 -4355.2744 -4157.3545 -4034.2896 -4018.7063 -4004.2063 -3853.426 -3672.6191 -3813.2136 -4044.2896 -4074.0576 -3937.8 -3918.4202 -3941.7964 -3908.3625 -3889.5457 -3892.7144 -3883.1206 -3872.0056 -3899.2461 -3867.6753 -3851.3704 -3891.2322 -3947.147 -3931.8748 -3959.635 -3966.769 -3860.0571 -3810.3777 -3847.2266 -3778.8091 -3672.1426 -3760.9778 -3780.6069 -3755.6023 -3758.0796 -3844.6248 -3869.9856 -3728.4937 -3708.416 -3644.3308 -3746.7263 -3738.7241 -3770.7981 -3887.9744 -3923.4348 -3584.0679 -3159.0779 -3415.8706 -3653.5593 -3725.719 -3529.7048 -3476.1387 -3567.8164 -3531.9272
-4409.6118 -4063.1377 -4183.1724 -4403.9492 -4249.2002 -4120.229 -4087.1328 -4068.9897 -4017.5623 -3928.9766 -3848.021 -3907.0371 -4048.738 -3986.4182 -3955.2705 -3967.3523 -3912.5601 -3824.6768 -3856.0459 -3898.7415 -3919.0935 -3939.2488 -3849.6064 -3791.1804 -3801.5486 -3866.4502 -3865.8499 -3891.2603 -3889.9966 -3817.8389 -3845.3611 -3817.2737 -3729.9824 -3666.7278 -3753.1746 -3740.1545 -3666.7305 -3625.3491 -3814.6077 -3835.6655 -3672.0583 -3648.6724 -3659.6885 -3666.6133 -3661.0486 -3729.5686 -3838.6833 -3854.7847 -3508.3403 -3069.8904 -3367.2993 -3667.2822 -3739.5881 -3708.3313 -3683.3945 -3643.6284 -3549.1438
-3926.1863 -3968.3318 -4166.5923 -4333.0615 -4273.4546 -4204.7725 -4160.3149 -4091.1089 -4068.2695 -3981.9631 -3843.4114 -3841.3938 -3988.0867 -4019.5449 -3991.9973 -3982.3438 -3946.7949 -3893.7659 -3890.1309 -3905.9832 -3938.6033 -3944.7734 -3877.6873 -3854.5684 -3877.5818 -3837.3582 -3763.1909 -3761.6128 -3757.2546 -3744.0815 -3865.5654 -3825.5869 -3749.6118 -3724.7952 -3733.4646 -3694.8743 -3691.2983 -3680.1035 -3776.123 -3725.7397 -3637.8213 -3600.3411 -3635.3601 -3589.2039 -3620.0989 -3699.2346 -3750.3589 -3641.1511 -3376.5588 -3108.1172 -3449.7964 -3611.575 -3649.4331 -3732.3472 -3708.2166 -3691.5522 -3697.0347
-4143.9082 -4259.1206 -4261.2446 -4159.9487 -4116.9556 -4096.6138 -4124.2993 -4091.6418 -4092.9023 -4037.6641 -4020.0488 -4003.2224 -3968.8052 -4013.3025 -4012.1575 -3984.7368 -3960.1348 -3949.1274 -3913.3345 -3918.5378 -3955.6548 -3968.7307 -3908.689 -3896.7185 -3870.5681 -3754.0771 -3720.144 -3741.7253 -3732.936 -3721.3682 -3819.5576 -3772.595 -3722.2046 -3743.3647 -3728.5618 -3670.6387 -3717.1372 -3686.0757 -3716.9854 -3630.3738 -3588.8284 -3558.9817 -3547.8684 -3562.0032 -3581.2852 -3673.1313 -3713.4795 -3653.6052 -3666.6213 -3514.0791 -3641.7439 -3593.1814 -3589.9253 -3737.7739 -3711.8225 -3679.3274 -3703.5496
-4314.2114 -4285.269 -4179.3828 -4033.8152 -3986.5605 -3989.6948 -4074.1843 -4027.2615 -4013.8508 -3993.187 -3974.1404 -3971.7864 -3962.113 -4024.2097 -4026.4097 -4006.8567 -3994.9897 -3984.9822 -3970.0525 -3990.1362 -4023.6614 -4009.3274 -3946.4702 -3901.3184 -3799.5249 -3750.0105 -3793.6416 -3734.6846 -3730.8359 -3750.3091 -3758.1389 -3722.488 -3701.6025 -3750.3171 -3747.7261 -3701.373 -3726.3291 -3651.4355 -3624.7268 -3576.7261 -3544.3628 -3535.3625 -3484.6257 -3568.5923 -3617.8804 -3642.749 -3624.8965 -3673.147 -3844.7419 -3704.0554 -3707.5088 -3666.6575 -3596.7888 -3672.4832 -3673.3865 -3605.3054 -3600.4202
-4239.354 -4162.1885 -4114.9673 -4061.8901 -4032.05 -4023.7234 -4069.6819 -4021.2925 -3996.626 -3916.2859 -3893.8879 -3956.0723 -4023.5574 -4029.7085 -3992.3435 -4000.0583 -4028.7188 -4027.2898 -4009.9082 -3996.8979 -3987.4536 -3968.3982 -3969.647 -3913.3413 -3803.0408 -3846.4524 -3862.6689 -3745.8477 -3775.386 -3825.5078 -3803.8049 -3769.7705 -3732.7131 -3709.6758 -3714.8782 -3708.3364 -3723.2671 -3657.5303 -3579.165 -3562.2622 -3494.3376 -3553.2158 -3489.9949 -3641.8418 -3685.3367 -3584.7925 -3443.8984 -3539.887 -3663.9011 -3552.0881 -3604.4231 -3671.573 -3592.6177 -3600.781 -3629.9263 -3575.6841 -3498.5171
-4213.5737 -4147.0562 -4104.9546 -4056.2048 -4022.675 -4029.7878 -4059.4163 -4057.4063 -4084.1689 -3996.439 -3951.2161 -4001.3811 -4036.9338 -4002.5691 -3970.5894 -3977.6023 -4021.0054 -3994.2097 -3904.6475 -3869.2856 -3863.3723 -3870.3691 -3928.7158 -3886.4443 -3824.448 -3849.6272 -3810.3689 -3821.2351 -3865.45 -3852.5947 -3841.9492 -3801.2463 -3744.9114 -3695.7324 -3698.2188 -3663.5081 -3661.7861 -3645.0042 -3611.6501 -3601.1196 -3555.0701 -3608.1123 -3526.4775 -3654.5293 -3708.5474 -3548.8879 -3301.3164 -3391.6118 -3418.2051 -3399.7117 -3490.0366 -3628.6621 -3628.5408 -3585.4341 -3608.2314 -3633.4138 -3500.7075
-4164.5356 -4130.2773 -4066.2598 -4018.6152 -3974.1721 -4024.4397 -4049.906 -4054.9861 -4086.7136 -4056.1589 -4027.8394 -4038.3286 -3989.5259 -3962.3794 -3958.0178 -3935.5061 -3965.2388 -3925.3728 -3847.2612 -3844.0315 -3872.0696 -3866.3005 -3875.1631 -3850.4312 -3772.897 -3685.0928 -3688.8962 -3800.2917 -3846.2532 -3844.4326 -3843.239 -3792.8745 -3686.175 -3678.6011 -3653.8018 -3588.1233 -3607.084 -3577.3789 -3557.4136 -3583.2114 -3552.1997 -3564.3582 -3575.7305 -3637.0181 -3686.9329 -3520.5615 -3296.8711 -3389.9231 -3430.7539 -3560.865 -3630.3088 -3689.854 -3685.512 -3566.6006 -3590.78 -3651.7178 -3538.6682
-4142.9658 -4126.9194 -4045.8535 -3994.5789 -3973.3818 -4041.1362 -4046.6624 -4037.1475 -4019.2175 -4007.3928 -4008.7471 -3991.7109 -3933.2432 -3919.0603 -3904.9009 -3869.2834 -3883.8025 -3895.3699 -3920.4053 -3932.7217 -3940.8857 -3919.4927 -3899.543 -3907.1638 -3794.2415 -3656.8862 -3703.1187 -3768.9714 -3795.6467 -3852.4624 -3867.0537 -3801.1201 -3634.9797 -3570.4392 -3514.1458 -3495.2236 -3572.6042 -3533.127 -3497.645 -3529.9231 -3482.1733 -3434.8743 -3617.4392 -3646.5168 -3610.2285 -3460.1321 -3338.7212 -3417.2549 -3541.1108 -3674.9685 -3688.8779 -3677.4941 -3614.2974 -3520.9609 -3523.2466 -3558.4729 -3548.8711
-4125.8408 -4130.6504 -4080.3381 -4000.3137 -3979.4941 -4031.7896 -4047.5879 -4026.2395 -3985.3411 -3988.9426 -3985.5496 -3943.5867 -3936.178 -3944.6868 -3900.5786 -3847.9424 -3847.0925 -3896.1326 -3962.6108 -3953.9468 -3920.8225 -3888.957 -3898.9211 -3933.0234 -3837.3816 -3744.7563 -3793.468 -3817.3333 -3820.5657 -3868.3022 -3903.5708 -3956.0918 -3882.647 -3805.4922 -3688.3359 -3506.6748 -3542.0181 -3534.2686 -3452.6318 -3413.9619 -3405.5708 -3391.2932 -3553.894 -3600.4661 -3500.7517 -3309.833 -3302.1584 -3382.0771 -3572.6575 -3665.5378 -3662.9856 -3638.8555 -3543.3945 -3499.5571 -3441.4063 -3451.0427 -3520.2808
-4118.6055 -4125.8076 -4097.2314 -4024.7502 -4019.1831 -4040.8367 -4040.9905 -4016.7678 -3988.3894 -4010.1716 -3986.6094 -3945.3025 -3944.6699 -3955.6565 -3916.9109 -3889.4915 -3876.2952 -3906.3914 -3957.4761 -3921.7139 -3864.4504 -3831.7444 -3879.6091 -3925.7422 -3857.448 -3765.2327 -3808.3267 -3849.2214 -3832.0327 -3875.155 -3889.9993 -3972.8589 -4072.6758 -4279.7002 -4184.0063 -3915.5093 -3818.1565 -3679.1123 -3572.6062 -3394.8354 -3275.8472 -3247.0674 -3319.8098 -3339.8079 -3296.1287 -3151.9058 -3168.3857 -3359.5537 -3603.8984 -3631.7642 -3632.4888 -3680.5464 -3553.6904 -3487.7224 -3460.1101 -3477.8132 -3496.21
-4113.98 -4101.0073 -4061.8916 -3998.7598 -4016.3418 -4025.5771 -4024.1294 -4000.2825 -3970.2563 -3981.5061 -3977.9202 -3955.7339 -3941.8049 -3955.345 -3932.5491 -3902.5117 -3890.1006 -3899.2439 -3902.5469 -3874.0476 -3834.7773 -3827.0007 -3891.2268 -3908.2195 -3864.6128 -3805.9353 -3836.2673 -3888.4238 -3840.6279 -3887.4485 -3903.238 -3844.2524 -3955.7283 -4196.0371 -4122.2915 -4053.3755 -3974.8831 -3929.1301 -3798.6458 -3737.417 -3614.6704 -3690.9836 -3398.0776 -3169.0823 -3190.3198 -3156.3591 -3199.7771 -3438.1025 -3646.7881 -3558.5459 -3488.491 -3635.1404 -3559.8792 -3492.0308 -3554.7742 -3609.9509 -3581.7434
-4102.7969 -4095.3699 -4059.5654 -3997.2834 -4006.749 -4013.9536 -4030.4133 -3989.8022 -3936.6426 -3929.8184 -3949.6172 -3958.2087 -3960.5598 -3968.897 -3951.0303 -3923.4434 -3918.1252 -3893.7576 -3859.3586 -3860.7163 -3850.7129 -3857.9917 -3891.6328 -3860.5752 -3860.2798 -3875.9746 -3907.9038 -3945.9407 -3894.4648 -3882.8391 -3942.1704 -3878.7861 -3927.7756 -3897.0249 -3846.3276 -3855.0237 -3909.417 -3854.5591 -3566.5234 -3708.5747 -3992.2214 -4225.1587 -3779.6008 -3445.9946 -3400.2246 -3379.3884 -3346.7158 -3497.8848 -3660.4529 -3604.2813 -3542.9282 -3605.8425 -3528.7397 -3446.532 -3453.2288 -3514.0605 -3594.9417
-4112.0132 -4087.8171 -4039.7532 -4027.8193 -4027.6399 -4002.7473 -4021.699 -3986.1406 -3947.4438 -3918.0356 -3915.3972 -3976.4856 -4012.7361 -3987.0854 -3953.3484 -3953.6353 -3949.9016 -3900.0491 -3834.2109 -3833.822 -3871.6455 -3883.3733 -3881.9187 -3861.6338 -3880.4265 -3900.7583 -3930.6733 -3945.1548 -3901.3218 -3804.386 -3862.8257 -3847.4338 -3818.2129 -3744.2776 -3773.4287 -3792.6543 -3931.7588 -3650.6206 -3371.1946 -3361.4021 -3622.8521 -3822.1233 -3596.6865 -3460.9133 -3511.7942 -3462.469 -3385.3171 -3487.2305 -3589.7319 -3634.8213 -3670.45 -3645.2725 -3587.4966 -3487.8481 -3311.2947 -3279.1423 -3486.5759
-4124.082 -4079.6907 -4086.2698 -4075.2014 -4020.7634 -3970.8323 -3978.5544 -3962.3435 -3948.502 -3900.6428 -3927.9316 -3987.8408 -3995.627 -3979.3623 -3925.3618 -3918.2063 -3936.9399 -3904.5396 -3859.5935 -3855.3384 -3869.5554 -3844.2329 -3823.4297 -3859.5618 -3904.5205 -3916.4443 -3958.0427 -3967.3901 -3879.5347 -3772.3069 -3824.2446 -3799.0505 -3775.4868 -3779.9851 -3734.7952 -3821.7183 -3935.5229 -3576.0679 -3616.9355 -3464.4238 -3311.8699 -3449.1704 -3440.6995 -3446.032 -3622.968 -3585.1978 -3540.9734 -3569.5139 -3567.0869 -3630.8694 -3681.0054 -3663.4482 -3668.7969 -3625.5129 -3511.3247 -3491.7583 -3617.3481
-4081.175 -4083.5862 -4121.0625 -4082.3784 -4002.5244 -3973.2466 -3948.0347 -3979.2769 -4015.0752 -3984.1211 -3984.8564 -3977.0847 -3942.7288 -3955.8059 -3915.9934 -3910.4329 -3931.2832 -3894.5059 -3900.8623 -3918.2324 -3873.6543 -3815.7166 -3807.7981 -3864.9094 -3913.5859 -3905.7205 -3951.5071 -3992.2126 -3875.3301 -3858.6345 -3932.9292 -3946.696 -3887.2278 -3774.2419 -3705.5208 -3919.05 -3791.5642 -3543.6741 -3882.6309 -3818.4443 -3531.8516 -3500.6902 -3541.6235 -3521.6838 -3648.3818 -3727.1997 -3721.1213 -3700.5996 -3685.8135 -3689.9976 -3611.7463 -3567.2183 -3591.4929 -3587.2903 -3530.1384 -3601.2998 -3736.6179
-4012.9197 -4068.5132 -4089.917 -4002.9456 -3955.6399 -4023.1003 -3984.9119 -4026.5134 -4071.6191 -4098.5 -4035.3003 -3975.6409 -3931.8384 -3964.4023 -3945.2661 -3926.2271 -3922.0759 -3882.6272 -3894.3438 -3913.5061 -3880.05 -3824.0718 -3812.3633 -3845.8872 -3863.5305 -3864.1929 -3896.1213 -3931.1841 -3925.7085 -4006.3279 -3935.7119 -3963.2583 -3863.1455 -3611.6089 -3754.0254 -3945.5361 -3561.1035 -3530.0142 -3942.4468 -3900.7615 -3735.6143 -3671.3462 -3645.9094 -3542.2817 -3541.53 -3650.7356 -3599.2031 -3556.1506 -3601.5842 -3694.6174 -3698.1848 -3639.0793 -3592.9443 -3529.8252 -3487.123 -3624.822 -3721.3586
-4049.4209 -4061.2996 -4074.1323 -4043.3213 -4013.428 -4024.9929 -3929.2249 -3756.1404 -3711.7947 -3929.7273 -4000.1855 -3946.5083 -3925.9612 -3947.665 -3931.6272 -3893.3772 -3870.4072 -3834.876 -3809.1272 -3828.1956 -3819.303 -3768.6421 -3788.9055 -3825.0767 -3828.5781 -3855.4639 -3862.3455 -3845.0967 -3932.408 -3955.7798 -3642.1621 -3737.3667 -3742.9329 -3601.5205 -3836.2209 -3773.8882 -3339.5349 -3542.4805 -3951.603 -3812.4495 -3754.5635 -3791.3198 -3705.0779 -3636.104 -3521.7358 -3548.9521 -3519.884 -3575.3967 -3649.8125 -3709.116 -3794.0447 -3845.8462 -3800.8633 -3675.3162 -3578.155 -3657.7065 -3699.9023
-4034.0752 -3980.5981 -4039.708 -4068.604 -3999.8276 -4010.6438 -3962.8328 -3719.3525 -3658.5562 -3843.9509 -3949.4185 -3907.4963 -3873.4927 -3892.4761 -3902.3625 -3883.551 -3826.7097 -3796.8672 -3812.0054 -3859.6477 -3822.8572 -3752.8735 -3791.5447 -3801.2627 -3802.6963 -3851.7207 -3895.8655 -3864.511 -3874.104 -3782.8201 -3517.1519 -3690.8477 -3834.9465 -4022.2322 -4027.752 -3623.0781 -3375.3254 -3603.1152 -3901.5498 -3758.1523 -3796.322 -3886.1521 -3785.3372 -3717.4451 -3577.0332 -3487.5669 -3508.0173 -3683.5737 -3742.9844 -3701.1501 -3787.2388 -3849.9241 -3864.6064 -3824.8059 -3789.9075 -3858.6973 -3795.2183
-4064.7876 -3993.5601 -3994.3352 -4008.771 -3936.4832 -3946.3706 -3972.2688 -3825.4424 -3833.447 -3858.5183 -3853.2532 -3842.447 -3807.6096 -3882.8423 -3889.8706 -3865.8369 -3824.9182 -3810.5474 -3849.2986 -3876.0215 -3863.5151 -3825.0293 -3807.1216 -3791.4739 -3786.9023 -3841.3796 -3896.2087 -3864.3174 -3876.1975 -3803.7214 -3616.5125 -3691.9893 -3885.1519 -4288.5024 -4106.9482 -3661.1504 -3661.6104 -3623.1604 -3775.2117 -3720.4307 -3792.9087 -3891.6104 -3775.4019 -3686.2439 -3600.6611 -3532.8696 -3562.9839 -3696.1328 -3722.8772 -3724.5134 -3754.0103 -3765.5378 -3767.5701 -3757.2046 -3871.3723 -3927.4241 -3745.0684
-4085.2197 -3986.9553 -3927.6572 -3930.7991 -3918.1584 -3864.1931 -3906.6536 -3813.9919 -3799.1172 -3784.6052 -3747.1924 -3774.3823 -3808.5012 -3863.7737 -3851.2017 -3832.8149 -3805.634 -3785.2683 -3801.7813 -3807.1606 -3799.8699 -3821.3206 -3829.2598 -3815.031 -3795.3188 -3827.677 -3858.5681 -3842.4478 -3895.6689 -3849.3352 -3696.218 -3608.8516 -3587.0728 -3778.4231 -3788.6052 -3890.9182 -3918.9666 -3705.844 -3737.8896 -3784.229 -3785.7795 -3823.0361 -3723.2144 -3716.5715 -3692.3899 -3693.8828 -3645.9167 -3667.3818 -3712.3306 -3659.2996 -3623.7749 -3704.0525 -3736.4219 -3719.196 -3752.1064 -3734.3989 -3756.8608
-4039.7297 -3966.8687 -3918.4961 -3870.6655 -3882.7634 -3821.5718 -3815.9272 -3759.6809 -3738.2151 -3742.385 -3704.3889 -3780.1655 -3837.6016 -3808.8953 -3790.9587 -3804.2576 -3783.604 -3736.2876 -3711.3823 -3737.3606 -3759.3162 -3796.2793 -3808.3005 -3819.4224 -3827.063 -3789.3269 -3814.4167 -3835.115 -3886.5117 -3821.1592 -3790.2229 -3618.6548 -3290.9365 -3057.2339 -3307.3911 -3870.8733 -3919.0244 -3821.4578 -3823.9385 -3771.9141 -3772.4839 -3850.0955 -3798.6272 -3755.6238 -3717.7517 -3715.0508 -3693.8635 -3734.2415 -3734.5835 -3596.9617 -3547.5498 -3615.2031 -3685.5508 -3683.3789 -3619.4365 -3661.1755 -3756.2747
-3999.4304 -3967.0942 -3948.7026 -3886.9031 -3876.335 -3859.5269 -3822.0315 -3800.9546 -3819.2183 -3825.9309 -3745.885 -3754.2302 -3756.8118 -3764.5798 -3804.0464 -3795.6145 -3760.0088 -3712.4617 -3657.7629 -3662.1599 -3693.9727 -3748.9436 -3802.6672 -3823.1223 -3821.426 -3768.1431 -3797.0276 -3804.3931 -3750.2371 -3759.0056 -3882.5613 -3697.6846 -3313.783 -2908.0793 -3333.2712 -3842.0002 -3735.4929 -3733.1558 -3688.4023 -3689.0703 -3667.9255 -3797.7012 -3818.4524 -3746.0203 -3707.697 -3669.2727 -3700 -3753.2222 -3710.7808 -3624.8154 -3615.0205 -3623.1985 -3669.2026 -3637.2336 -3507.5581 -3492.7454 -3477.8389
-4133.291 -4025.6057 -4006.2783 -4030.1177 -3995.6152 -3956.4075 -3935.8845 -3863.0283 -3838.8186 -3861.532 -3804.708 -3759.2268 -3715.0276 -3760.0784 -3800.583 -3786.5574 -3772.6558 -3758.9182 -3725.897 -3675.5671 -3630.7834 -3661.7327 -3687.0979 -3695.1118 -3719.9197 -3739.7366 -3744.5457 -3742.1587 -3701.8474 -3837.6035 -3878.0432 -3649.6729 -3386.7383 -3098.1323 -3362.7434 -3581.1753 -3522.5623 -3565.2026 -3592.6394 -3651.6531 -3553.2461 -3695.7722 -3820.3545 -3723.1174 -3667.3118 -3665.4739 -3710.9751 -3722.926 -3665.8674 -3631.5176 -3685.4934 -3704.4644 -3728.8843 -3748.9829 -3634.9407 -3561.7725 -3542.739
-3985.6555 -3827.0703 -3834.3142 -3944.8127 -3935.7461 -3981.4661 -4001.5859 -3944.1995 -3938.1782 -3955.2869 -3917.9961 -3907.0828 -3871.0205 -3861.3774 -3842.3091 -3808.167 -3829.1418 -3849.3687 -3802.9058 -3734.8625 -3644.8096 -3640.8284 -3669.5098 -3676.0601 -3710.3494 -3671.8882 -3650.5779 -3730.2236 -3710.8677 -3877.5474 -3901.6355 -3663.761 -3448.5488 -3403.8884 -3356.4202 -3315.4312 -3465.354 -3679.3889 -3743.5835 -3798.1233 -3645.5586 -3553.7727 -3760.4399 -3781.7532 -3677.8027 -3700.834 -3709.3782 -3697.8923 -3690.4656 -3720.2102 -3759.8604 -3766.95 -3804.8906 -3794.7319 -3759.1223 -3724.3484 -3676.9585
