Resources/Map/Lvl0_30x30/Ele_BI.asc
ncols         335
nrows         335
xllcorner     6755000
yllcorner     3325000
cellsize      10000
nodata_value  -99999.0
[rows 112 to 139 of 335, columns 126 to 188 of 335]
482.3095 459.0305 465.5214 459.322 464.0982 459.8167 463.3113 474.6881 516.4078 489.3224 499.7975 533.3123 562.0884 576.4141 588.5255 617.394 618.7155 584.6076 572.455 563.3447 622.3135 623.4849 616.1241 587.981 573.3703 576.7637 597.4416 625.4192 629.7327 658.9164 679.5763 692.791 663.3118 637.52 660.2226 625.8878 627.309 630.8286 676.9285 637.0756 640.343 648.2987 649.5817 688.3462 676.2913 708.1402 640.8114 622.5072 758.0537 942.7843 746.7696 616.9467 636.4514 657.3234 739.2327 817.9871 748.098 660.8073 619.5515 625.4893 603.3764 576.1028 541.958
446.8919 449.333 489.4374 547.1956 523.966 479.1732 471.6587 476.9322 477.4919 512.5725 536.8081 508.5441 526.5073 557.647 584.6727 557.5837 552.5016 583.6741 646.1376 606.1122 622.9371 602.108 644.1348 599.6642 643.2357 611.1944 586.4393 630.546 640.8531 629.3691 644.7424 629.1685 633.6945 635.9585 633.2784 640.0482 628.4385 635.0862 645.1668 654.585 668.2625 667.062 682.5972 651.6245 649.3896 662.4556 668.3116 710.2627 733.761 794.7015 660.2728 691.2139 665.6572 716.6452 720.377 718.1934 733.3931 642.6798 670.4715 616.9482 563.9141 547.1812 538.1691
463.9531 456.1009 483.1427 539.4778 524.4583 484.2619 502.7343 490.9761 484.0638 482.7639 490.2661 512.7131 508.8982 511.6046 525.791 529.6671 543.1019 562.1012 593.2717 649.6752 637.2489 662.7211 675.8802 641.9537 660.3979 624.167 602.1476 599.9921 642.045 609.4271 622.0026 678.6628 652.4053 651.7209 672.7357 638.8357 695.5363 686.0352 673.0812 684.8408 681.5334 688.8406 702.107 725.4242 730.8582 756.9732 709.6772 696.6083 700.1201 723.7958 790.7435 805.8381 943.6059 736.5064 803.6623 732.607 662.5244 674.8847 698.2186 659.1495 695.9714 618.286 575.5359
513.4144 514.7743 507.2893 514.7891 488.9211 496.1673 502.4665 497.6409 506.0085 519.4829 538.8997 579.8013 567.1132 560.1004 608.3197 588.4393 587.5722 593.793 623.6566 661.9953 711.9456 731.218 745.5992 738.5328 678.4736 637.4568 638.7399 671.189 698.6071 683.6613 652.5657 660.9064 695.6785 670.5861 675.5602 700.2876 711.8379 729.5475 744.5554 762.3536 728.0341 757.1042 725.6804 804.9222 792.8927 797.5154 805.2221 819.7712 799.6058 740.3309 710.218 724.9506 830.9354 774.8378 770.981 755.1712 707.8392 710.8665 765.4764 713.8304 723.458 668.3561 624.6912
465.8058 465.3082 471.8335 479.0924 489.2103 494.5412 505.6389 512.6068 528.6984 573.3142 660.921 616.818 654.0364 677.5392 614.4056 643.4177 647.3488 672.6083 701.2847 685.9422 753.6736 743.978 712.0746 714.1404 658.0517 649.8101 665.8682 682.4731 729.4969 700.647 718.2542 717.5526 712.1635 695.6089 693.2512 703.9376 734.1116 784.0065 777.9544 794.9641 825.5376 810.3828 770.0397 747.4785 832.2573 900.8903 818.5397 868.4315 945.918 791.2396 738.9662 786.4764 744.178 824.2206 792.4626 800.4845 779.4697 770.4329 813.9852 740.358 680.3998 647.467 627.7828
469.6321 494.2368 490.0443 511.9174 537.4404 568.2836 586.8137 549.7932 631.4259 543.1146 554.6191 578.5017 613.5521 630.5582 658.045 696.2461 704.626 705.0848 741.4752 785.1971 745.2872 713.7494 698.5103 677.9166 724.4926 747.198 719.8195 715.8536 728.6689 808.6297 828.8992 752.2828 719.7377 729.0693 724.125 736.9495 869.3457 943.9208 870.7178 823.4528 876.1129 834.6443 790.3234 836.7213 820.0209 837.756 897.2159 895.7762 972.9 858.197 776.4933 787.9066 773.8673 800.5645 841.5031 877.2276 799.7149 784.2537 763.899 725.8249 683.0457 700.5613 676.145
509.3242 510.2785 520.6469 554.4561 534.0253 614.442 622.495 601.2635 582.1948 557.6232 560.8342 640.2692 686.1473 703.7463 735.0669 721.1164 674.0585 738.6903 744.4006 798.6313 813.4193 831.2297 847.2753 751.0352 735.4105 785.1816 764.5248 726.5415 755.0168 762.5726 810.5783 776.1816 762.1609 774.3453 765.9904 747.4945 808.1303 853.5941 995.5808 914.6852 883.127 829.2388 815.7899 840.8361 903.0908 980.4097 966.502 926.1743 974.6409 940.4304 838.8283 802.249 850.9105 822.8185 837.6489 841.2603 866.0275 901.5662 879.9202 890.9074 729.7025 766.7355 718.5886
501.6201 526.3063 542.0124 578.7794 560.616 617.8526 596.1768 606.5027 583.6219 593.343 590.3973 596.3138 599.8539 604.6423 610.9555 622.283 634.6871 660.3014 729.8209 786.8011 760.0308 740.3244 787.4049 771.8579 753.1382 788.9926 805.0882 772.8209 816.5987 825.9806 943.7213 968.1738 814.6385 827.3098 865.3109 766.2558 812.7977 870.8623 866.8523 859.7906 883.7241 881.4677 870.0161 954.8229 1019.7358 1078.6283 1030.0271 940.4494 900.8901 890.4589 875.0251 834.6625 860.6729 934.5712 901.4576 954.5519 915.1858 977.6882 1038.6345 988.4506 865.344 784.4032 752.0367
509.6502 538.4072 551.566 580.513 610.9167 618.373 633.946 634.5877 660.0911 687.5522 659.0709 609.1414 655.2905 744.7483 672.2642 635.2071 647.7486 672.9477 702.9662 717.0831 710.7764 728.2416 794.1082 814.6846 800.1321 831.6723 816.569 819.8483 892.7639 901.9636 974.5587 968.0861 893.3811 900.6749 854.8319 790.7982 796.1055 847.8187 868.3964 879.3045 958.9615 906.9231 907.9768 1106.7859 1061.1636 1136.1742 1073.7177 1045.2197 1041.5071 909.4901 870.5397 853.5746 883.3134 902.2453 928.478 974.6682 998.8049 995.1219 978.0847 889.9582 927.249 828.4787 825.8246
525.932 540.7228 580.9785 620.7916 644.7284 644.1296 681.1819 683.2885 712.3816 629.1003 653.1743 806.9991 812.3347 849.6879 752.1429 686.5621 651.875 658.4244 674.9025 737.0035 740.0587 795.5803 853.7216 812.8955 814.1517 869.5998 854.9376 875.8878 828.8045 904.1614 932.8136 902.9973 895.5835 844.891 840.6281 825.4086 877.2181 866.8444 881.5064 1034.7832 994.0471 956.9883 963.9401 928.5942 989.7612 1089.0133 1249.9645 1066.9153 1069.8317 1014.8886 944.1494 895.3062 891.8048 949.928 1023.1675 976.18 986.1989 956.3399 962.0071 923.5963 867.7186 836.1327 877.0042
557.2968 607.5648 633.6595 600.2685 575.0966 636.9705 681.4229 714.5177 664.1945 697.9287 813.9167 788.5836 864.0458 729.6678 688.1165 697.8244 710.5482 684.1917 719.424 759.8649 814.0019 866.9093 861.3881 905.1152 908.313 907.3352 987.8592 897.6761 909.9366 932.9266 930.0968 940.1371 972.5026 909.4167 1065.1257 963.0817 1020.3056 1017.2982 894.3634 895.8159 959.601 981.4282 1011.5853 975.4831 1085.1028 1170.6843 1145.4111 1001.499 1072.4753 978.3876 955.2845 915.4687 902.6191 911.1935 929.1365 1009.8638 994.4908 935.6611 923.9786 928.1479 896.0161 833.8387 848.2275
563.1696 570.8624 558.3246 553.7775 564.8983 595.3238 656.0225 666.3534 643.6768 671.3842 744.3109 752.0623 767.2289 720.8833 708.1722 765.7575 708.9228 693.3092 730.4467 735.2323 751.5923 822.6767 835.6429 896.5705 970.1157 947.6512 929.0715 961.0867 1063.2706 1046.3032 1042.8367 1029.4606 1054.4172 1065.2719 1031.4268 932.2189 905.3529 935.9323 959.3802 934.394 967.8314 985.0022 1077.349 1046.3992 1064.8993 973.1443 933.8281 1109.5101 1055.5022 936.8397 902.3658 862.339 879.5977 879.071 921.2248 1004.4328 960.6093 959.3145 900.293 903.108 913.4329 868.1534 839.5121
521.4111 527.3887 538.7075 551.8644 572.2003 592.2114 587.0658 600.9507 622.5921 641.9854 657.8244 693.6699 750.8232 766.6662 800.6122 803.1734 750.7993 747.896 731.4223 754.6843 826.1619 828.8385 820.4219 872.2664 900.8526 918.5956 953.733 1056.5219 1015.6144 959.4318 969.63 1030.29 987.85 997.592 1030.3424 946.5458 915.9506 971.5653 980.0903 1002.2081 1023.465 1074.3402 1026.032 1012.0525 1045.1816 958.569 884.7413 1018.1169 962.4269 895.4294 858.7833 830.4885 845.2659 839.1572 880.7277 968.5457 999.5319 879.8249 866.5963 855.5397 854.2355 845.6351 856.1926
525.6849 549.0793 565.1839 547.8568 554.2733 568.8121 602.5906 623.2443 648.5903 663.1246 716.6606 789.4322 844.1088 801.1883 776.6041 745.025 732.8724 744.5575 746.6317 738.5105 765.0117 808.2325 869.6189 886.9329 850.161 889.2174 937.3046 948.8755 994.2104 914.3843 901.1481 1050.8367 972.6593 951.7415 958.1278 983.5572 968.845 1018.2638 1001.3723 956.3743 899.3796 926.5104 978.4299 909.7237 978.4918 967.3561 850.5159 870.116 930.9264 903.4886 809.2793 826.9534 802.0764 814.1526 862.1818 889.2421 860.9268 843.7369 850.02 837.6806 849.2407 825.5563 816.5591
546.0158 545.4821 560.5629 561.9467 577.3928 602.8209 637.7371 673.42 701.1153 733.5099 826.9382 831.8942 779.1187 733.1373 749.3282 763.2172 787.7372 778.3636 772.5717 780.5893 765.7637 776.2253 809.0845 823.0798 943.7943 968.3475 977.2435 920.1738 911.4795 916.1633 869.7141 974.9816 900.4534 913.162 892.2402 910.9865 976.8158 1023.8361 933.0557 895.9825 867.0286 856.36 880.5086 873.2513 837.5712 844.9589 810.7203 849.6443 876.7308 810.964 771.2508 788.9075 789.8286 842.1042 847.1681 891.168 863.6276 846.8878 805.7471 793.4912 796.9991 793.2372 776.9975
559.0993 544.192 592.1786 583.2848 583.9654 590.7137 601.5088 624.1579 658.5779 699.4108 783.8455 774.5253 744.559 720.7458 734.2811 759.1259 803.5435 801.0367 867.9565 861.4493 901.9057 824.7257 806.872 912.0737 969.5907 918.4688 980.0732 949.8831 966.8475 869.35 852.1275 889.5629 864.4937 837.193 874.8394 954.2007 1015.0982 1090.2505 1058.2399 912.5162 900.2065 905.1678 841.1087 819.6231 853.5223 792.037 767.625 780.0675 820.5811 760.7959 746.8787 766.8755 797.7504 840.1986 817.0887 834.0216 839.0179 812.5764 805.563 807.4346 787.1491 759.7908 763.0598
556.1478 579.1367 626.8073 662.7806 651.3863 625.4677 653.8109 648.0559 635.7921 648.9716 687.0856 701.9692 700.0807 697 709.1386 733.2224 744.6718 779.1248 828.2236 825.0195 870.9907 897.9006 890.9926 882.0189 890.6552 980.0535 912.3465 862.6667 941.5056 963.0961 881.126 813.9979 822.0238 814.0161 871.1958 884.2397 970.1721 959.907 1156.0507 944.0856 1005.1139 870.4945 795.8677 769.8749 757.3945 745.8392 736.1209 800.2528 779.0909 732.1617 777.6 784.7494 805.8779 862.3824 843.7979 837.0548 796.7301 786.0942 768.5324 760.493 765.8028 741.7647 744.0384
579.4437 606.0978 662.2311 739.2563 705.4534 668.285 690.6577 741.7652 675.2858 663.3494 664.7122 673.4611 678.8754 707.1436 726.0628 748.1765 783.5362 810.307 797.4534 791.6414 813.7477 815.7867 826.2432 830.3458 907.3594 918.6425 863.6765 849.7418 879.1277 865.3988 865.5894 812.2079 810.3361 792.5048 863.929 808.5542 907.006 870.9149 911.5275 866.9864 856.5045 817.1212 753.4152 736.5554 729.0934 709.1459 703.2422 713.075 705.3748 705.8553 766.5658 798.3928 872.5437 837.5071 804.5341 824.0408 826.9738 805.6924 806.1282 760.3951 733.0057 746.0345 723.5468
614.0142 695.8363 754.5564 782.5677 731.335 802.804 800.3549 731.2912 733.2223 700.3188 685.7886 721.3905 711.3125 719.914 729.5652 762.259 794.7914 787.7009 753.2777 755.9804 811.774 760.7508 825.4274 793.2793 804.7796 817.0634 858.9359 804.8758 783.2087 789.2183 857.9919 848.5698 788.8893 806.1448 750.7922 755.2269 764.6863 817.2621 809.4777 781.2198 774.265 819.425 765.664 706.1791 721.3013 690.4998 676.9338 681.2288 685.8535 699.0193 720.6132 748.4318 792.6217 853.9967 772.3813 801.0657 879.9321 848.6297 823.5695 770.6763 738.1766 725.8995 722.9484
626.604 662.5027 721.975 774.2039 810.2825 826.1697 783.3757 805.6215 758.5105 725.3826 717.8722 726.0289 772.7926 769.2831 789.5228 770.2773 792.473 765.4847 730.6623 719.8637 725.7595 740.035 774.5347 777.8666 768.5698 775.6793 758.7344 776.3062 745.2712 782.3801 851.1829 855.5707 812.2443 786.2317 806.5642 745.8658 721.1352 730.9033 739.6891 722.4274 742.3905 705.2744 708.8912 673.6584 664.9447 662.7385 662.1035 709.9713 707.14 709.6323 717.5821 762.2443 858.5765 808.1046 738.4969 920.4707 881.4052 840.1827 788.2532 753.8465 741.4439 731.7955 752.7676
665.7183 680.0574 814.7138 824.2181 887.9868 899.7358 829.7753 778.4789 753.424 760.1337 746.7203 765.3654 766.7114 812.1002 843.7697 816.8691 792.9758 773.949 765.8783 704.918 684.8269 746.0901 767.1571 740.0115 703.7286 716.4613 733.7986 710.2527 754.4998 813.8962 821.7211 863.4601 952.7482 804.1617 862.3385 852.4438 710.2867 670.3044 675.0085 730.8873 732.4291 691.7811 649.4776 631.4828 631.4042 644.2814 660.3699 679.3881 674.707 699.3104 699.8921 733.1019 740.7278 838.7183 711.7067 730.4332 789.7559 788.8732 832.2271 780.9949 748.4628 734.1489 694.6718
834.2488 723.8521 734.3337 775.9734 877.2572 890.0341 813.9353 812.3057 814.2966 893.8388 779.5144 795.8882 809.1472 828.2886 857.4211 809.5551 767.6555 740.7048 712.3958 681.5475 660.5175 672.5464 717.9802 766.7982 695.4715 688.084 689.2935 691.6894 724.4027 767.4239 830.0148 833.5206 789.4861 759.6321 724.4338 744.2858 761.6741 746.5331 639.4481 656.2327 688.938 648.703 612.9839 608.3307 653.0196 687.9175 653.7051 646.4154 665.9621 685.4714 675.7861 657.303 684.3593 770.0953 674.6492 688.2733 706.5211 740.2281 778.7582 752.7869 730.0221 761.6953 736.5639
813.0677 813.9056 750.2636 809.7606 804.3432 865.8009 868.4391 921.5364 957.3689 899.9679 853.2362 838.2073 871.964 848.2444 781.7501 755.0667 731.5438 719.1611 689.5445 668.515 668.4597 657.6076 634.0786 660.7089 679.456 649.1033 654.3839 675.3173 708.7173 758.0098 829.5101 780.814 789.2606 837.4524 791.9445 681.5415 655.3508 633.8518 609.6352 613.349 610.1699 582.4022 588.5731 605.3745 665.926 665.2324 632.3322 611.743 624.9189 621.6349 648.2739 619.0671 644.9152 668.0876 653.9089 694.3533 791.1677 744.9601 701.1472 693.3064 726.2999 735.1241 700.5283
694.069 713.1974 737.57 822.0065 877.4758 887.981 840.7993 851.2182 860.135 895.1235 856.0177 916.3158 875.9288 863.3909 844.9028 830.2932 828.771 810.0001 780.4957 696.793 655.8091 632.1077 609.4747 603.2606 610.0248 623.8889 632.4889 709.8967 753.8417 739.4373 764.071 799.0724 720.5164 777.4058 719.5208 674.7807 641.6641 611.2072 592.4047 576.5199 573.548 571.8356 594.4014 687.1482 654.1699 630.8099 603.0516 578.3034 588.4568 581.4592 625.3022 596.1008 609.0251 629.6876 675.8306 712.6984 740.7199 753.9288 664.4953 658.864 694.8204 696.3351 716.0319
758.0419 743.1939 747.2881 789.5754 818.3947 844.7482 849.4177 917.1079 801.4462 797.1678 800.8089 894.2417 876.6321 771.7596 766.5797 782.7071 734.3017 710.5449 679.6776 655.2319 647.7241 631.4602 610.1972 587.6113 592.3378 603.3919 614.3937 639.2823 661.7127 678.1719 714.2288 691.47 674.8625 726.4546 706.0013 665.3156 629.6734 622.0084 577.1057 558.6049 550.9144 575.1174 564.5169 578.3749 618.5547 606.3927 586.9212 547.4174 567.2038 552.1265 570.3959 581.6816 590.3467 627.5822 695.1695 736.6417 658.8136 678.9166 638.5645 735.3469 741.8795 644.4242 677.5458
718.5502 745.9987 705.8188 761.7676 813.1855 778.0939 772.13 812.5724 824.1576 780.7244 749.4816 797.2904 769.9301 755.1426 743.439 710.6146 702.3936 703.8627 706.4676 705.8719 645.0355 604.5304 583.4835 560.7778 579.2702 574.5878 586.553 605.9214 625.4956 641.676 663.1276 662.0494 631.7484 648.8018 666.8464 619.7031 596.3388 590.7468 561.2495 534.0909 531.1279 529.2372 543.6448 582.7872 576.0369 566.101 547.9582 524.5952 531.7178 537.3087 552.9843 588.6241 607.5952 611.4991 628.4639 625.4055 621.8809 631.5693 613.6883 666.3734 621.3933 653.2376 710.0794
719.1417 667.8226 707.4387 759.6174 755.5145 738.7524 847.5581 760.0044 792.2059 751.5354 721.1008 746.6381 781.2223 734.9816 717.9956 701.016 670.5646 680.2433 698.6387 695.9067 608.2447 594.0322 591.0993 541.9373 549.3508 611.6438 596.7501 626.9335 594.792 639.2935 679.984 654.6998 603.3584 584.6306 581.9876 585.6054 559.2914 559.8589 522.6456 505.9153 508.5155 523.6198 528.4796 570.4868 573.5458 537.7359 518.6447 504.0197 529.8196 572.4014 566.8481 570.2993 604.4423 577.7336 607.7117 651.8605 647.3351 584.629 600.3848 590.9734 639.8137 643.6449 638.6721
685.4382 649.1954 663.9778 702.0397 682.6358 787.2215 735.8392 746.4281 825.784 749.0615 690.5095 663.2873 719.3205 704.7443 684.9473 718.6719 655.6135 623.3248 633.8658 599.1339 581.5649 540.7816 561.7542 560.0533 515.3513 532.8589 539.3016 585.9281 602.7089 643.9479 646.5184 683.4536 591.2322 552.6741 538.3907 550.4087 538.5333 522.3199 493.9188 483.0607 491.6956 524.0686 544.0314 531.6545 526.3287 525.3524 517.0857 483.7856 501.8699 513.4417 519.7936 561.1147 561.2437 602.2996 621.0943 691.9456 625.4847 585.1993 567.3509 590.9664 613.7957 616.8076 638.0555
