Resources/Map/Lvl0_30x30/Ele_CH.asc
ncols         335
nrows         335
xllcorner     3405000
yllcorner     -25000
cellsize      10000
nodata_value  -99999.0
[rows 0 to 26 of 335, columns 180 to 239 of 335]
167.9873 158.7699 133.5942 115.265 129.4816 132.6721 123.4828 108.3447 97.5148 76.8372 43.692 32.9515 52.4846 19.9766 7.3212 7.6569 10.0274 0.0162 -3.1033 -4.9689 -4.2368 -3.688 -4.8936 -8.4582 -9.6436 -8.3945 -8.9053 -12.04 -14.0453 -14.7078 -15.7904 -15.5677 -14.3361 -13.002 -12.6207 -15.1064 -18.8431 -19.8789 -11.1848 27.6849 43.5436 42.0856 97.3384 201.3118 361.4051 331.1277 538.6476 702.1084 591.6915 567.4848 1303.7985 1075.9393 937.5997 890.391 1021.7372 1921.1355 2309.5342 2558.6118 2294.7061 2175.7742
186.3201 182.4497 140.2024 149.4973 144.402 135.2123 139.794 120.669 102.504 96.5036 62.204 46.7255 61.8327 35.7887 22.5141 10.9014 10.0225 10.7224 -1.7548 -4.2996 -6.7819 -8.288 -10.8939 -14.2235 -14.3611 -12.6174 -12.5407 -13.3364 -14.8047 -15.5071 -16.4653 -16.5045 -17.1134 -18.5741 -18.6441 -19.4498 -21.6903 -23.2515 -21.4677 9 119.5049 34.4788 41.4072 150.0952 220.5731 221.1514 325.8352 350.5053 389.4152 488.8717 636.4429 982.5048 820.2393 857.9024 1735.5398 1165.4363 2154.7393 2204.0491 2165.1797 2065.7466
202.4719 184.1316 138.6393 166.9871 169.8375 149.9884 153.9306 140.3033 124.3218 110.3504 86.2367 59.4344 61.0113 26.3651 26.9745 12.5509 7.749 -0.9066 -2.306 -4.9288 -7.843 -10.6518 -13.9121 -16.604 -17.4021 -16.8268 -16.2731 -16.4025 -17.2598 -17.722 -17.8268 -18.0098 -19.2852 -21.9506 -21.7692 -21.6385 -23.1384 -25.5822 -25.0588 -24.5953 -8.0476 16.435 14.3409 30.9896 88.2294 151.8668 204.0265 221.5822 240.6987 420.1975 601.9825 713.88 926.4366 818.225 971.8561 1473.9344 1510.2271 2144.9988 2171.6963 2133.6675
222.7747 162.1943 200.2882 185.8688 188.9887 176.5043 150.7968 142.4044 124.5489 103.8733 79.8287 66.8737 41.2339 12.7171 7 10.1096 -0.1549 -2.5472 -3.9795 -6.3942 -8.1873 -9.9345 -12.8307 -16.22 -18.3637 -19 -18.7759 -19.171 -20.129 -20.739 -20.8929 -21.5568 -23.1913 -24.8561 -25.5149 -23.4825 -26.1124 -29.32 -28.0132 -26.7551 -20.6319 6 8.4723 10.5661 17.2106 36.7699 65.4641 229.9749 102.6339 153.5973 650.3115 500.3906 766.3767 1369.1926 887.7192 842.7404 1246.5875 1929.8271 2282.4558 2609.3145
214.8431 183.2999 215.8435 212.9211 198.0779 188.3173 176.4951 162.5867 146.4672 114.4454 89.8103 16.7242 13.4629 -2.2811 -4.584 -5.6195 -4.1994 9.165 -3.9487 -7.2229 -9.1347 -9.1779 -10.2478 -13.9624 -17.7057 -19.17 -20.2274 -22.0869 -24.1381 -23.5467 -22.8855 -24.3005 -27.0448 -27.0367 -27.3693 -28.3605 -31.7263 -32.8938 -30.7662 -28.3642 -27.3781 -20.1324 -10.7507 8.2681 10.8683 13.1802 17.4859 51.9646 98.2384 77.7572 178.5081 456.4429 461.5536 763.0919 879.5601 993.6464 879.6644 1003.7195 2140.1387 2160.0601
181.1651 237.9025 233.4294 220.162 208.4334 186.5564 193.4688 172.8552 136.3723 104.6985 13.9142 3.8955 3.2746 11 3.2401 -6.2807 -7.2697 -2.9037 -3.3093 -6.2024 -9.4215 -9.708 -10.1137 -12.9503 -16.5161 -19.5966 -23.0646 -27.0115 -28.3 -24.9261 -23.667 -26.4538 -27.9006 -28.4838 -30.91 -33.2188 -34.7276 -35.8212 -34.3889 -28.676 -28.2042 -27.776 -18.9556 8.9001 9.6155 7.5787 9.7944 12.397 31.9509 55.6555 338.0144 1027.6875 663.3248 838.4333 647.7034 683.2493 829.6281 830.9495 1084.7605 1768.2727
251.5854 255.2392 244.8891 240.1377 229.7177 200.4649 186.2176 168.9889 141.2457 90.1858 48.8106 25.1002 24.0053 29.3322 17.2872 4.6205 -12.5762 -7.5305 -6.2853 -7.6169 -9.7852 -10.3637 -10.66 -12.5956 -15.5236 -20.6425 -27.0611 -31.3391 -31.532 -28.9812 -28.5518 -30.6601 -30.8603 -31.7046 -36.2302 -37.4539 -37.6453 -39.3923 -38.4801 -28.4819 -23.971 -31.1018 -22.9459 8.8314 8.2151 9.8683 11.6251 13.1947 17.7756 62.0455 585.2121 1205.0736 663.8535 1052.9873 1099.4003 835.3257 676.8128 742.0671 892.3003 1375.8024
276.6956 263.4373 254.1781 250.4739 241.4024 223.9137 195.8979 187.7892 159.3115 129.3236 91.9263 58.6687 46.8034 46.4429 50.7845 22.5825 -14.5618 -16.2131 -13.8152 -12.4092 -12.411 -12.7142 -13.2881 -14.6756 -18.052 -23.9526 -29.6251 -32.5436 -32.4941 -33.098 -34.9086 -36.3586 -37.4087 -38.4084 -39.764 -39.4053 -39.0356 -41.8772 -43.0586 -33.6043 -26.4779 -33.372 -24.5595 9.3487 8.1739 8.3862 9.4846 12.3922 28.1456 57.497 186.5659 898.1329 938.5478 946.7614 1238.6061 908.8598 744.6799 759.2523 966.6725 1185.5256
278.8122 278.8094 266.2074 260.1664 246.8022 243.0937 217.3041 187.4153 187.5013 157.4422 112.6792 81.9518 53.7931 39.8833 74.4742 40.3782 -9.6631 -21.3563 -21.9756 -20.4636 -18.841 -19.0678 -21.0093 -22.4568 -24.4775 -28.0469 -30.4714 -31.5757 -32.7313 -34.8301 -37.4794 -38.1371 -40.4639 -42.8775 -42.3801 -41.5547 -40.4911 -40.9884 -42.9714 -41.7213 -35.5651 -34.9573 -28.6916 -14.3221 -6.2598 10.752 8.087 10.1645 25.3219 78.9139 174.2815 700.2945 921.8102 852.4825 1125.4662 1179.1581 759.2222 732.9391 759.1458 1238.6202
290.9099 276.6833 275.3336 264.9933 252.9345 240.3092 228.9895 197.5227 180.4879 164.3162 129.4229 100.7849 77.071 52.7326 73.8719 51.959 2.8307 -17.2882 -22.202 -24.6848 -24.3032 -25.8593 -27.8204 -28.3614 -29.0897 -30.466 -31.476 -32.188 -33.7092 -36.8754 -39.8491 -39.4848 -39.4432 -42.1386 -42.3079 -41.6767 -42.2356 -41.1799 -40.6228 -40.3269 -38.5639 -36.9012 -33.0944 -22.6467 -17.934 -6.7421 8.6468 9.3904 13.4439 42.8903 454.0515 757.5843 626.1026 904.0649 753.2366 881.191 957.6614 785.5404 809.5165 990.1596
293.5158 286.5297 282.6206 275.9273 262.6432 245.2992 237.1382 209.9428 181.1122 173.2985 158.6762 130.8629 89.1411 72.2329 76.9744 27.5353 18.3583 -8.6731 -17.4422 -23.0053 -24.2412 -26.4803 -27.8858 -28.3523 -29.8361 -31.0286 -32.3091 -32.4797 -32.9641 -36.7068 -40.5698 -40.5527 -39.868 -41.6796 -42.7818 -42.1518 -43.1021 -43.735 -42.9107 -40.6514 -41.2046 -40.871 -36.773 -28.9293 -23.7869 14.7194 9.0789 8.9732 37.9452 25.6934 181.4098 451.3804 417.525 792.6117 708.7405 661.1956 742.5119 859.4862 811.4933 1009.5237
295.2368 296.1273 283.6065 279.2965 266.2133 253.869 246.682 227.906 188.7866 183.8209 183.367 147.62 109.3813 95.647 72.4417 44.5122 10.6695 0.4956 -11.5728 -19.1433 -22.2519 -24.0899 -26.4691 -27.6919 -29.2516 -31.0633 -33.0785 -32.5235 -32.3862 -34.3042 -36.1173 -39.1995 -42.4959 -43.4587 -44.2039 -44.0783 -44.3551 -46.4434 -46.5601 -43.9535 -43.4739 -44.312 -40.32 -32.0294 -24.7694 -12.4491 11.6462 8.1037 51.7108 32.7056 270.8596 191.8203 685.7631 905.3268 589.8066 667.7919 597.9563 692.074 862.8597 1026.5569
301.6368 294.7487 290.4464 283.9241 268.3768 262.3388 256.5328 245.6535 219.2778 197.3293 196.7144 184.6687 146.6048 100.8888 63.7445 52.0465 20.0216 10.9078 -4.1828 -14.0136 -19.5688 -21.6787 -24.6095 -28.9466 -30.988 -32.0552 -34.653 -34.5503 -33.4927 -34.1107 -35.4428 -39.9697 -44.3954 -44.788 -45.588 -46.3649 -46.4879 -45.7175 -47.1366 -45.8089 -45.4879 -47.2563 -44.3123 -37.0104 -29.3481 -23.6238 -13.5277 -10.5805 49.744 76.1409 62.7398 1028.4586 750.3162 764.8048 1131.2386 619.2524 590.7496 748.5156 792.3578 831.3474
301.6725 300.4394 292.4634 286.4046 278.4902 265.3263 259.3054 248.887 230.2774 200.8822 209.4043 201.0019 162.5426 129.4841 85.5201 56.0309 34.7597 11.0758 2.7557 -10.5518 -18.1226 -21.4955 -22.6949 -26.8231 -30.9563 -32.2699 -34.3383 -36.0839 -36.2659 -36.3484 -37.7786 -41.8252 -44.8651 -45.1408 -46.8381 -49.0491 -49.9549 -46.9163 -48.0797 -47.2426 -47.8932 -50.7205 -49.2921 -43.5382 -35.013 -29.2245 -20.1581 -13.0445 106.4306 67.9551 24.6825 83.3702 507.3434 698.2957 940.5065 982.67 547.0424 832.4889 1254.9261 932.5501
306.6057 298.3813 291.7647 287.7161 279.4789 269.5508 263.0014 245.9012 233.8593 209.1498 200.4072 195.6767 175.1472 123.8739 95.5824 71.6609 47.552 24.7716 13.4093 -4.2078 -15.7439 -21.2059 -21.7747 -23.0831 -27.3688 -29.9458 -32.3263 -35.452 -38.2112 -37.1214 -36.5618 -40.5447 -43.8066 -44.46 -47.8325 -51.3361 -52.4361 -50.5817 -50.0801 -47.4923 -49.19 -53.0769 -53.6126 -50.0555 -40.714 -32.3055 -26.2729 -16.7474 132.5447 168.239 29.6803 44.6649 248.1585 252.4461 420.3098 900.5413 501.871 540.1799 781.7237 660.3583
310.0573 313.7708 300.607 292.6938 283.6642 278.8176 265.1215 255.8312 243.5818 223.3737 193.2233 196.9446 172.9078 147.1776 112.1494 88.2658 58.2423 35.6498 19.4736 3.6933 -10.0598 -18.0879 -19.906 -20.2921 -22.4321 -25.5214 -29.7844 -33.2795 -37.0408 -38.5638 -36.489 -38.011 -40.986 -41.7517 -46.1316 -48.3171 -48.0684 -50.3763 -51.9197 -51.1246 -49.1596 -52.9098 -54.8536 -54.1869 -47.2916 -37.2108 -31.839 -24.2221 16.3191 415.8696 41.4227 17.4332 35.2555 67.6608 126.3387 500.2511 587.3788 399.1054 529.8534 509.166
317.6585 316.4292 303.1457 294.9027 288.1327 285.1666 273.9212 257.675 249.1527 235.1674 204.967 193.5761 189.4856 152.2854 128.8718 100.087 57.4592 31.8976 17.8548 6.7569 -5.2346 -14.1126 -16.6636 -16.3788 -17.3964 -21.1008 -26.2464 -30.4876 -35.1698 -40.3614 -37.9423 -36.4124 -40.6074 -41.9229 -44.0003 -46.276 -48.2389 -52.3854 -54.4948 -57.0647 -54.8495 -54.7144 -55.5061 -55.0419 -52.4687 -45.4525 -38.7097 -32.5304 -20.7071 242.9144 210.8767 14.1213 18.496 180.4379 75.9617 42.4203 259.95 627.0565 424.456 450.6322
323.2963 314.3337 308.6843 299.3084 292.2357 289.7202 278.3551 265.867 245.3792 242.0935 224.3785 188.5542 181.285 167.9678 139.2552 95.6398 59.4985 35.3216 15.6916 12.7373 1.2128 -8.4438 -13.1398 -13.3001 -13.3899 -16.9499 -22.3439 -27.5763 -33.7366 -38.9856 -37.2497 -36.6011 -41.4523 -41.8277 -41.9116 -46.5571 -49.6887 -52.5698 -55.9833 -57.9298 -57.842 -56.7429 -56.6061 -57.3659 -57.0502 -53.3476 -46.8849 -40.6842 -29.9394 0.3498 323.6559 37.0789 14.5438 71.3056 543.564 42.7722 172.6037 221.5619 503.2272 458.905
322.9386 314.9233 311.2164 299.1509 287.777 285.9107 273.0515 261.2031 248.2012 238.3922 236.2589 207.943 175.3719 170.3744 137.4652 99.8826 66.7055 44.7316 35.9461 18.438 5.426 -2.7798 -8.8335 -9.9685 -10.7437 -14.6015 -19.725 -24.5699 -30.5488 -33.9399 -33.6482 -36.3582 -38.8443 -39.3307 -39.6433 -43.5906 -44.6607 -47.9912 -53.4637 -56.0706 -57.455 -58.1836 -56.5485 -59.3947 -61.4191 -58.5956 -51.297 -45.7182 -35.2205 -20.5452 15.8951 140.7886 12.9973 19.6576 241.5179 664.1902 136.1631 300.73 263.9822 274.5796
322.3066 322.3266 314.3961 309.7753 298.7167 291.6299 272.8384 250.9384 231.2888 230.065 226.3983 206.4695 187.373 158.5739 149.604 115.7079 82.692 61.2984 44.371 23.4428 14.8022 1.3603 -5.0046 -6.2113 -6.4176 -9.6607 -14.6258 -19.5531 -26.2536 -30.8782 -30.3307 -32.0874 -32.3167 -35.5158 -39.4226 -42.3305 -43.7358 -46.8958 -50.4311 -55.2087 -55.482 -57.4333 -57.3378 -60.41 -61.6475 -60.6792 -53.9881 -47.5236 -39.3985 -25.3648 9.9182 9.0964 20.14 241.9487 374.0105 172.8717 457.7626 311.2925 707.1725 502.3471
320.996 325.9888 303.9456 298.1526 295.0983 285.5225 277.408 249.3032 242.637 236.4389 233.0849 216.8409 170.821 176.7987 137.4243 120.0402 89.9829 65.8005 39.4171 33.3343 19.7342 2.4902 -0.118 -3.3111 -3.4885 -5.0881 -9.9702 -16.4969 -21.6988 -27.8568 -30.677 -31.3417 -26.6117 -26.8704 -34.0366 -40.8315 -44.3962 -47.9234 -43.7088 -52.1646 -51.6793 -54.5581 -58.9357 -60.2573 -61.6055 -61.0186 -57.7075 -48.5682 -41.8834 -29.9575 -22.0381 9.0642 20.0297 281.0434 221.0681 29.2689 48.9156 475.7703 752.605 400.9592
299.6209 291.1039 304.5183 278.806 288.6586 286.5061 274.0524 266.5049 254.8401 246.5271 230.5762 206.9316 185.5331 188.7076 156.2896 119.6813 82.9454 67.8753 58.3916 41.4561 19.2099 14.6804 4.4226 -0.6916 -3.6943 -4.0194 -7.7972 -14.2418 -19.3577 -24.4266 -30.486 -31.3115 -24.7048 -28.8225 -39.4436 -40.5159 -42.2393 -47.2069 -47.5085 -51.5106 -46.7262 -51.8268 -58.6782 -59.9502 -60.5811 -60.3142 -61.0785 -57.1414 -45.434 -36.1843 -24.6738 -12.059 11.5347 106.1051 234.9723 79.2022 38.4562 15.2023 349.7536 966.5769
283.4003 311.2173 305.6263 283.3539 283.3984 287.8416 273.8036 271.0314 262.2121 257.0904 229.9296 212.6144 204.7381 179.6467 147.4364 126.5683 95.6955 77.6271 62.0412 34.0492 22.769 14.8641 12.4805 1.1649 -3.2975 -4 -6.9255 -11.9133 -16.4117 -19.726 -25.8368 -27.1861 -25.8444 -35.799 -43.8608 -38.4036 -35.6846 -42.6107 -43.9426 -47.6861 -48.3145 -53.4715 -57.8961 -59.8769 -61.3615 -62.1291 -61.2885 -61.5568 -51.541 -39.1464 -29.4958 -19.4171 -8.9404 -1.3078 44.0136 31.8306 28.8822 18.8302 18.2083 486.1592
313.4826 317.43 315.695 281.2767 287.8053 292.1639 278.6284 271.4375 260.8169 259.5669 247.3651 235.5488 230.5967 199.7693 162.5628 141.3343 110.1448 87.16 61.4125 46.3212 38.0107 19.9203 14.7059 4.4902 -3.0192 -4.3925 -6.6892 -9.7144 -12.2933 -14.5479 -20.9168 -27.6205 -30.8019 -33.1632 -29.0614 -31.975 -36.5473 -40.1008 -37.9406 -46.6915 -51.0633 -54.5921 -59.7262 -60.7008 -60.534 -62.9316 -62.4796 -58.2253 -52.9787 -45.378 -36.1602 -24.2165 -17.4003 -12.9051 -6.4251 -2.6713 -3.3638 -12.8908 -30.299 -2.6519
317.6461 306.4419 283.2801 302.8055 303.3533 295.5953 276.1013 271.6803 261.0463 236.9509 221.1541 203.8693 204.7126 188.903 158.4911 147.4503 117.5082 87.1181 63.3539 39.7671 41.8822 16.5888 18.0693 4.875 -1.9006 -4.5317 -6.6611 -8.7137 -9.5261 -9.5446 -12.286 -21.2055 -27.8534 -27.2439 -22.4683 -34.0269 -40.6127 -42.6826 -47.8562 -52.8213 -54.8377 -56.3495 -59.891 -60.2396 -60.0119 -60.699 -62.9872 -55.601 -62.8389 -60.6822 -44.1355 -32.4197 -21.7747 -17.8058 -14.3523 -10.4627 -9.8402 -18.6235 -42.2012 -52.3178
272.5618 280.9221 269.5055 295.7502 296.3968 269.2507 274.658 260.4438 227.8634 201.7695 172.2578 186.2193 188.2731 176.0572 161.697 137.1995 132.0701 103.719 83.6264 55.129 42.9781 23.4703 16.2574 11.1841 13.5788 0.8462 -2.749 -4.2132 -6.1763 -8.2702 -8.197 -12.7202 -19.6787 -25.1559 -35.639 -39.1625 -43.1882 -45.3166 -50.3675 -52.4581 -54.8641 -57.4855 -57.6649 -58.3791 -59.1787 -56.9352 -58.2975 -59.0286 -66.1505 -69.3779 -59.1422 -36.4508 -26.7028 -24.8457 -21.7571 -18.1755 -19.6447 -30.5535 -48.0183 -60.162
313.5867 297.0934 304.5224 302.4969 304.3243 269.4097 235.8405 245.3867 229.4932 224.1733 205.0628 211.0093 191.2641 173.9851 154.1492 145.2626 134.152 102.2216 58.5901 47.1589 45.3055 34.0642 22.9217 15.1744 15.9265 12.5184 11.7541 8.6831 -2.1732 -7.0162 -10.8143 -10.4694 -16.7906 -26.0946 -33.9717 -37.0351 -46.3942 -51.0992 -52.4311 -52.7732 -53.3102 -56.0438 -54.7558 -57.0085 -61.2039 -54.5851 -59.3853 -63.2768 -66.904 -69.0767 -62.9629 -47.9642 -36.2131 -31.3808 -28.8305 -29.9342 -36.455 -45.75 -53.51 -58.7237
