Resources/Map/Lvl0_30x30/Ele_FH.asc
ncols         335
nrows         335
xllcorner     3405000
yllcorner     -10075000
cellsize      10000
nodata_value  -99999.0
[rows 27 to 53 of 335, columns 240 to 299 of 335]
-4919.4619 -4919.168 -4922.4302 -4921.3457 -4916.6025 -4921.1777 -4936.6191 -4953.7593 -4971.3872 -4990.1084 -5001.9141 -5000.1938 -4991.686 -4991.7617 -5006.9307 -5024.8726 -5023.0649 -4998.2236 -4975.3765 -4968.334 -4969.8931 -4976.8535 -4977.3892 -4963.4126 -4947.6846 -4937.1323 -4940.2153 -4951.6416 -4950.9702 -4945.2759 -4945.0605 -4948.1519 -4949.8994 -4945.3818 -4939.6772 -4929.0933 -4903.1641 -4885.7295 -4885.1426 -4890.9937 -4896.502 -4892.7939 -4877.207 -4858.9688 -4849.5254 -4843.5596 -4835.0005 -4825.2129 -4815.0439 -4805.6548 -4794.6914 -4784.2007 -4777.0176 -4771.7759 -4764.4648 -4752.5342 -4741.6431 -4734.2773 -4726.6758 -4716.9629
-4882.1558 -4885.0396 -4887.4199 -4880.5479 -4869.627 -4867.9097 -4875.0132 -4887.3174 -4903.6338 -4923.5132 -4936.561 -4931.4287 -4928.1719 -4948.6899 -4991.2144 -5024.5776 -5026.9292 -5007.2886 -4984.8076 -4969.4868 -4961.8281 -4954.7949 -4943.2178 -4930.667 -4927.8022 -4922.459 -4927.6558 -4940.1919 -4944.0801 -4946.7617 -4957.0576 -4969.8281 -4950.7173 -4920.688 -4906.3394 -4901.6172 -4891.1914 -4877.8403 -4874.4199 -4873.7241 -4867.4058 -4857.7095 -4848.0464 -4837.2412 -4826.8516 -4818.77 -4811.4883 -4806.1719 -4800.4824 -4793.4688 -4784.7817 -4774.708 -4764.9253 -4759.1304 -4754.9487 -4745.6099 -4732.4165 -4719.8901 -4709.4644 -4703.124
-4848.0786 -4839.0034 -4838.4302 -4838.6665 -4828.9824 -4818.3843 -4822.1914 -4840.0303 -4861.4429 -4877.4575 -4886.6919 -4894.1133 -4914.2642 -4949.3413 -4970.335 -4961.7095 -4952.6655 -4967.813 -4993.019 -4996.7964 -4974.1587 -4954.731 -4957.7388 -4970.4336 -4968.1079 -4934.4272 -4914.3906 -4923.1367 -4936.126 -4932.6021 -4928.7764 -4932.7783 -4922.373 -4891.23 -4878.269 -4871.9551 -4863.1226 -4858.4189 -4859.7158 -4868.4253 -4867.2119 -4854.2168 -4851.1313 -4848.9663 -4837.4751 -4827.6035 -4826.2358 -4829.1387 -4823.4341 -4807.4126 -4788.2266 -4771.0967 -4757.7607 -4746.0952 -4735.9717 -4727.2764 -4718.9907 -4709.0757 -4699.5547 -4693.1909
-4811.3066 -4791.0889 -4778.875 -4768.6846 -4751.7148 -4748.6001 -4780.1934 -4835.9673 -4883.3086 -4901.9634 -4903.4312 -4904.5923 -4919.0088 -4938.9849 -4928.8579 -4887.5859 -4880.4824 -4953.061 -5056.3359 -5076.8838 -5000.1084 -4934.3877 -4960.5405 -5006.5625 -4975.8638 -4897.1177 -4877.0996 -4933.4238 -4978.5874 -4943.3477 -4872.54 -4838.4351 -4834.2725 -4870.0972 -4936.8652 -4928.9683 -4862.543 -4829.4111 -4825.5596 -4830.2935 -4839.5786 -4853.4771 -4862.3101 -4855.4805 -4838.4453 -4830.7559 -4838.4727 -4842.9448 -4826.8945 -4799.4253 -4779.1362 -4772.4199 -4771.1987 -4761.9346 -4747.5928 -4737.3979 -4724.8755 -4704.147 -4683.5454 -4671.1782
-4733.8774 -4694.9927 -4667.5518 -4660.2134 -4678.9365 -4725.2134 -4785.314 -4823.02 -4816.9526 -4794.5425 -4784.6777 -4791.5425 -4815.7114 -4849.5898 -4867.5908 -4861.2324 -4865.6567 -4921.0249 -5009.9238 -5038.3022 -4955.0234 -4850.77 -4817.3042 -4838.1714 -4859.9785 -4848.2954 -4828.2349 -4830.7422 -4852.2012 -4855.1719 -4823.1968 -4803.9443 -4831.7026 -4926.0425 -4988.7759 -4951.0483 -4874.5977 -4834.6504 -4822.2788 -4817.6611 -4834.5811 -4854.7417 -4849.3091 -4825.4907 -4806.0454 -4802.167 -4813.8359 -4820.9102 -4804.3359 -4776.5376 -4759.2236 -4754.0557 -4754.4087 -4751.5176 -4746.0117 -4741.5981 -4731.2266 -4709.916 -4689.5806 -4676.3677
-4687.0454 -4636.481 -4626.9282 -4643.3066 -4672.0547 -4698.7949 -4722.9883 -4751.1528 -4766.7368 -4751.478 -4725.3257 -4721.9404 -4749.4512 -4781.5391 -4788.0098 -4772.8579 -4766.501 -4796.0547 -4869.6123 -4947.7407 -4975.3037 -4918.9033 -4817.083 -4754.2515 -4742.5317 -4743.356 -4726.6646 -4712.0532 -4720.0654 -4731.9927 -4733.5698 -4745.4351 -4784.0444 -4834.7861 -4833.9111 -4815.8599 -4820.3716 -4839.771 -4838.271 -4828.2866 -4834.041 -4842.4419 -4839.0107 -4837.415 -4830.769 -4802.1895 -4775.4468 -4774.7617 -4781.7021 -4773.5088 -4753.2998 -4738.708 -4729.1938 -4722.2246 -4721.8276 -4725.6758 -4723.1533 -4705.1089 -4683.3511 -4674.8174
-4624.8232 -4587.1533 -4596.082 -4624.6567 -4653.3003 -4666.1758 -4660.0259 -4664.3042 -4688.1064 -4702.4692 -4693.9155 -4680.7402 -4681.249 -4681.0874 -4669.8818 -4666.6699 -4690.0737 -4744.0776 -4815.8755 -4870.562 -4901.8716 -4898.9595 -4840.4224 -4772.5195 -4726.873 -4693.9683 -4666.9434 -4658.4888 -4669.3232 -4696.8896 -4720.042 -4733.7188 -4750.7256 -4761.7095 -4766.1592 -4766.0825 -4764.8022 -4775.8262 -4804.3843 -4841.0815 -4846.3301 -4821.6943 -4816.3306 -4856.0659 -4888.041 -4865.979 -4808.9844 -4766.9165 -4753.1255 -4750.2988 -4754.2271 -4762.1787 -4748.2734 -4714.7349 -4695.8496 -4704.4146 -4719.9102 -4705.8418 -4668.6533 -4643.7749
-4527.9844 -4503.3462 -4519.4517 -4555.4404 -4588.2256 -4591.2905 -4566.6514 -4548.624 -4572.1816 -4610.8936 -4612.3955 -4581.8794 -4572.0449 -4597.5713 -4628.1104 -4645.7734 -4677.2329 -4736.4521 -4824.7651 -4891.3618 -4902.3555 -4878.7422 -4815.5542 -4738.3564 -4688.1333 -4658.3486 -4636.3677 -4618.4258 -4594.5996 -4606.7056 -4646.1621 -4676.8574 -4692.2134 -4705.0845 -4735.1416 -4778.5938 -4810.2734 -4815.4707 -4817.6626 -4826.8672 -4824.1816 -4813.52 -4818.4683 -4831.7788 -4819.9175 -4785.8579 -4756.8906 -4746.3364 -4745.9897 -4750.6382 -4767.9302 -4788.6553 -4769.6929 -4712.4795 -4671.7705 -4662.6113 -4670.5845 -4683.104 -4690.8486 -4683.8613
-4479.8198 -4441.1387 -4445.9424 -4480.9346 -4507.2803 -4482.7148 -4466.3169 -4487.5239 -4523.4424 -4536.7393 -4515.5586 -4492.1313 -4503.2998 -4548.5908 -4586.5254 -4601.6631 -4619.604 -4639.3608 -4681.832 -4779.7329 -4878.248 -4888.6577 -4789.7412 -4653.3691 -4559.4922 -4516.7729 -4502.6045 -4492.7388 -4471.0996 -4464.3584 -4493.6064 -4541.8101 -4581.3281 -4626.752 -4679.376 -4706.7124 -4702.1001 -4702.7007 -4751.2324 -4827.2637 -4837.6089 -4775.877 -4734.7373 -4750.4385 -4789.231 -4790.7256 -4753.7007 -4728.4751 -4732.5854 -4738.1553 -4727.7871 -4710.1001 -4674.9438 -4625.4399 -4591.7358 -4582.5483 -4584.5566 -4594.3301 -4610.896 -4616.2671
-4435.418 -4382.748 -4402.9629 -4441.3774 -4454.5381 -4434.9604 -4440.5781 -4479.7432 -4492.1631 -4449.7417 -4404.394 -4405.8477 -4445.7866 -4487.0923 -4506.5581 -4528.5361 -4569.4385 -4584.2246 -4574.3701 -4606.6279 -4676.73 -4709.5781 -4679.3159 -4621.1357 -4553.6064 -4491.6294 -4448.6846 -4425.9609 -4417.9951 -4427.3179 -4459.7124 -4510.1265 -4584.3286 -4711.21 -4815.3696 -4795.8477 -4692.5923 -4645.5537 -4701.7979 -4784.605 -4777.3853 -4696.1963 -4657.0444 -4698.7749 -4781.7905 -4820.3442 -4788.4458 -4730.0112 -4690.7065 -4669.271 -4646.6929 -4615.2559 -4588.812 -4572.9292 -4561.6431 -4555.1807 -4553.9795 -4553.2939 -4541.9277 -4521.1123
-4215.7656 -4224.415 -4350.8154 -4438.5049 -4415.6997 -4389.3193 -4404.2808 -4439.6318 -4452.6895 -4431.5942 -4416.8481 -4434.5527 -4454.6641 -4446.6602 -4435.9297 -4477.8774 -4561.3589 -4596.2271 -4562.9307 -4525.2451 -4504.0845 -4496.7407 -4506.2427 -4509.25 -4467.8359 -4402.9624 -4360.5386 -4352.2974 -4369.3599 -4392.1748 -4408.0884 -4429.9517 -4482.4653 -4585.9502 -4698.1323 -4728.4707 -4686.9302 -4642.1382 -4640.353 -4664.1626 -4673.2964 -4667.5854 -4672.623 -4687.9976 -4691.5908 -4667.2817 -4623.1123 -4587.4907 -4572.8545 -4569.0669 -4579.9038 -4593.1421 -4594.2666 -4572.5 -4539.8145 -4524.0591 -4532.8247 -4547.0991 -4520.2544 -4449.2056
-4227.0464 -4209.1738 -4297.6719 -4350.665 -4303.8213 -4261.2632 -4283.3423 -4348.6533 -4413.7583 -4453.354 -4472.2686 -4483.6045 -4472.7319 -4434.7617 -4408.2373 -4447.3325 -4513.6533 -4542.085 -4538.5732 -4530.6675 -4504.6924 -4458.9497 -4424.5542 -4394.8804 -4349.041 -4294.2695 -4265.2222 -4269.6216 -4299.3477 -4338.5293 -4369.0117 -4391.9883 -4425.5718 -4482.9492 -4579.6582 -4655.644 -4659.8003 -4613.7524 -4578.6465 -4579.5073 -4606.2715 -4635.0117 -4645.7505 -4637.2349 -4614.6104 -4583.0044 -4561.0308 -4566.2607 -4580.2563 -4572.7412 -4550.8564 -4539.9131 -4544.5884 -4542.2783 -4510.8379 -4471.0977 -4455.4038 -4455.0244 -4432.2324 -4386.8457
-4206.9644 -4127.3501 -4126.3784 -4159.5771 -4177.2681 -4177.9409 -4204.9185 -4270.5781 -4341.3008 -4392.8945 -4423.5356 -4431.5469 -4408.6064 -4370.2598 -4353.396 -4390.2393 -4448.875 -4513.1123 -4586.52 -4633.2905 -4612.0078 -4523.2915 -4422.8774 -4328.5244 -4262.9409 -4209.8433 -4182.1992 -4198.8003 -4240.6826 -4288.0508 -4327.2275 -4387.96 -4445.9146 -4494.7974 -4535.9453 -4557.5752 -4556.2524 -4543.918 -4533.7144 -4545.9492 -4588.1172 -4623.4097 -4629.7168 -4616.5347 -4596.1855 -4569.6963 -4546.1123 -4535.188 -4522.3687 -4488.2124 -4443.3896 -4431.5952 -4466.7686 -4504.146 -4489.8989 -4427.0874 -4357.3999 -4313.0313 -4296.0171 -4294.6455
-4033.5479 -4055.6775 -4057.9419 -4052.021 -4064.769 -4069.6243 -4084.4797 -4154.4829 -4262.8667 -4362.2588 -4404.6738 -4377.6553 -4327.5581 -4306.9243 -4311.3159 -4327.0669 -4364.2412 -4447.6646 -4548.1567 -4577.8477 -4517.8643 -4435.2651 -4370.4717 -4309.4331 -4224.6509 -4161.9253 -4148.2744 -4180.1543 -4225.6299 -4258.1968 -4288.3574 -4351.8779 -4390.0996 -4431.7188 -4467.1206 -4482.248 -4484.125 -4477.002 -4465.1255 -4470.9468 -4499.8638 -4523.6465 -4529.6636 -4523.4272 -4508.499 -4486.2695 -4467.8813 -4457.9243 -4441.3462 -4423.8428 -4422.0366 -4424.2949 -4407.8608 -4370.0054 -4318.4858 -4254.4038 -4198.4863 -4180.4185 -4208.6436 -4254.5015
-3654.4048 -3811.9446 -3913.4541 -3951.9309 -3965.5737 -3940.4937 -3943.8511 -4035.0503 -4162.144 -4286.4829 -4365.8291 -4362.4902 -4335.5918 -4353.9702 -4404.7158 -4462.4204 -4496.0493 -4498.8174 -4473.8472 -4405.5044 -4312.4487 -4257.8374 -4228.6069 -4221.4575 -4212.9844 -4189.2813 -4155.5776 -4121.6074 -4096.6938 -4103.9038 -4163.3496 -4260.5522 -4337.8394 -4368.8677 -4370.3184 -4376.9214 -4397.3271 -4412.6953 -4400.7437 -4385.2642 -4395.0874 -4406.9648 -4400.8604 -4398.3428 -4412.7661 -4436.002 -4455.4795 -4441.2119 -4381.1001 -4330.7686 -4333.7241 -4339.6489 -4306.9922 -4266.5654 -4249.1221 -4243.5474 -4239.1133 -4232.8413 -4230.8423 -4234.1675
-3219.2246 -3373.5435 -3558.1858 -3736.9246 -3846.2058 -3895.6809 -3968.949 -4065.5315 -4147.1074 -4246.71 -4364.5806 -4407.7173 -4394.3115 -4393.9854 -4426.5137 -4473.1807 -4465.5571 -4376.2261 -4258.2227 -4177.1489 -4132.5015 -4104.8398 -4094.1665 -4102.4834 -4125.7275 -4132.979 -4104.9443 -4058.3291 -4050.5703 -4131.6089 -4279.9126 -4368.7148 -4396.5303 -4398.0029 -4360.3472 -4294.4556 -4270.8271 -4305.3521 -4305.8965 -4259.355 -4228.8433 -4237.6323 -4266.002 -4301.5801 -4326.9126 -4346.0732 -4359.0723 -4336.438 -4263.1816 -4191.6279 -4177.311 -4192.9229 -4200.7773 -4204.9033 -4218.5273 -4238.9326 -4245.9712 -4210.1675 -4152.2861 -4120.4351
-2978.0247 -3077.7864 -3221.6113 -3432.3479 -3668.6509 -3877.9519 -4062.0222 -4156.4136 -4179.4028 -4204.0273 -4269.4033 -4299.8608 -4262.8599 -4166.7529 -4065.7925 -4061.0027 -4152.9966 -4246.3325 -4248.3848 -4178.0938 -4093.8416 -4018.7222 -3974.7283 -3975.771 -3996.8843 -4007.2083 -4013.134 -4040.126 -4137.2256 -4296.8115 -4411.4395 -4376.2163 -4351.4653 -4371.9585 -4344.3979 -4238.9619 -4171.7451 -4213.6982 -4256.1699 -4238.3608 -4212.0698 -4213.4932 -4235.8257 -4274.4009 -4292.9941 -4271.5615 -4218.7646 -4156.4282 -4090.8662 -4047.0732 -4050.876 -4076.8831 -4097.6406 -4115.2725 -4139.5439 -4176.4102 -4203.2344 -4170.9448 -4095.1145 -4037.7617
-2919.7883 -3082.1445 -3284.4092 -3551.0437 -3838.3687 -4037.4761 -4149.6006 -4131.0112 -4090.3384 -4086.5042 -4096.6387 -4035.7009 -3950.4851 -3832.7986 -3684.8928 -3661.4883 -3825.834 -4065.3716 -4181.4155 -4135.8091 -4022.0183 -3910.3662 -3851.0549 -3851.3262 -3873.9861 -3892.4197 -3931.9224 -4022.9661 -4184.1118 -4342.7168 -4413.5146 -4375.5605 -4314.0864 -4296.0981 -4295.791 -4243.1313 -4179.5752 -4161.644 -4162.0454 -4185.6543 -4253.189 -4325.3882 -4349.0894 -4321.2295 -4246.6079 -4137.7319 -4051.4592 -4021.7776 -4009.5386 -4005.7976 -4035.2666 -4077.8672 -4105.9497 -4115.8569 -4116.022 -4134.0513 -4164.5049 -4152.7446 -4092.3157 -4027.2336
-2856.6619 -3129.9297 -3422.4854 -3712.1323 -3962.8181 -4087.8418 -4064.6699 -3985.6504 -3946.7085 -3947.8206 -3904.061 -3738.3325 -3603.708 -3549.8794 -3484.6594 -3479.2673 -3583.5496 -3759.937 -3920.4348 -3984.2451 -3940.7759 -3837.6726 -3779.3191 -3784.5305 -3815.1802 -3833.6335 -3868.6206 -3948.7725 -4089.9136 -4233.5195 -4292.0454 -4245.0303 -4191.7603 -4190.7593 -4202.5889 -4150.502 -4065.5037 -4031.3035 -4048.7559 -4094.1846 -4183.147 -4276.2544 -4292.8784 -4207.7793 -4073.9348 -3962.604 -3931.3965 -3960.823 -3970.4993 -3960.7412 -3990.1929 -4054.176 -4121.7471 -4161.1377 -4162.002 -4152.8662 -4134.7793 -4105.1846 -4072.6953 -4036.4514
-2724.7666 -3080.3838 -3477.947 -3831.0779 -4030.7844 -4061.0576 -3945.5527 -3780.4504 -3680.698 -3682.2485 -3683.2078 -3567.7847 -3450.2612 -3425.6792 -3401.7957 -3405.9656 -3448.1033 -3551.687 -3745.0476 -3891.2527 -3854.3042 -3720.019 -3659.3752 -3693.7024 -3768.6252 -3805.4514 -3827.6748 -3875.4177 -3986.2087 -4113.3369 -4180.7983 -4158.6875 -4128.1274 -4144.8447 -4142.813 -4041.3152 -3916.7075 -3885.5002 -3898.4517 -3903.717 -3945.3108 -4016 -4039.4092 -3981.0593 -3881.2834 -3780.5303 -3733.3713 -3750.4966 -3788.2588 -3854.894 -3959.4873 -4061.4517 -4129.1055 -4169.3418 -4186.2168 -4169.9697 -4111.3218 -4038.3674 -3982.811 -3959.6123
-2813.5344 -3118.1965 -3483.4084 -3815.4238 -3984.9146 -3989.5828 -3922.5002 -3813.1882 -3668.1047 -3548.6833 -3451.9822 -3330.5837 -3223.2737 -3180.2917 -3170.3689 -3187.9216 -3211.5408 -3271.1638 -3442.218 -3584.6553 -3523.7585 -3410.9177 -3378.6958 -3414.7693 -3511.6348 -3599.2114 -3641.9622 -3676.3372 -3772.5176 -3939.4788 -4126.6787 -4215.7534 -4197.6943 -4131.9346 -4038.2659 -3905.6179 -3784.125 -3744.51 -3713.3145 -3689.085 -3724.6702 -3790.948 -3832.0779 -3832.9016 -3779.2949 -3667.9243 -3578.6221 -3595.084 -3701.5559 -3846.3049 -3941.8635 -3971.2549 -3978.8186 -3976.5139 -3945.9368 -3898.8647 -3860.8232 -3836.2095 -3813.3118 -3813.1572
-3074.2864 -3365.3735 -3669.8479 -3876.5845 -3960.9189 -3910.7527 -3825.7212 -3770.6553 -3688.2053 -3546.981 -3358.519 -3212.4807 -3115.8499 -2992.9841 -2879.2092 -2810.2532 -2790.4434 -2823.9153 -2919.2832 -2997.8801 -2997.1353 -3004.897 -3037.969 -3055.5869 -3065.1582 -3109.5962 -3189.3782 -3300.532 -3462.5681 -3685.1182 -3947.3691 -4081.251 -4103.9155 -4058.2014 -3968.9475 -3853.5718 -3738.3264 -3651.6084 -3582.3611 -3579.5007 -3637.8782 -3676.9785 -3689.1699 -3690.9834 -3678.8259 -3647.4023 -3617.8689 -3619.3745 -3659.1938 -3722.9036 -3772.6057 -3800.8555 -3835.332 -3852.207 -3810.7354 -3757.6663 -3760.1804 -3804.3645 -3832.4175 -3842.1987
-3098.3228 -3487.0737 -3797.9426 -3887.7439 -3849.8357 -3720.7988 -3562.5066 -3500.9832 -3534.074 -3503.5737 -3367.7393 -3251.4707 -3142.7007 -2933.4827 -2693.8142 -2511.1965 -2408.8105 -2373.1191 -2368.0259 -2379.4722 -2441.1699 -2564.355 -2693.9316 -2751.2197 -2754.0969 -2797.1956 -2952.405 -3173.4363 -3399.1716 -3610.9927 -3811.8694 -3802.9248 -3752.4495 -3811.5322 -3828.3953 -3752.6924 -3631.0381 -3502.6736 -3405.9958 -3403.4382 -3477.9595 -3482.98 -3426.4287 -3393.416 -3403.4065 -3438.5857 -3483.1763 -3492.8308 -3467.0266 -3481.8748 -3551.5295 -3625.438 -3667.8169 -3665.0916 -3616.4907 -3572.7981 -3590.3945 -3665.2195 -3747.9102 -3811.5208
-2861.2576 -3221.311 -3412.1096 -3369.781 -3258.2588 -3157.5234 -3060.2686 -3067.4104 -3206.8291 -3290.4773 -3360.7332 -3353.7563 -3190.741 -2963.6309 -2764.8701 -2564.6462 -2357.8838 -2198.7024 -2102.4336 -2100.4783 -2206.3191 -2378.4863 -2546.5852 -2610.0825 -2686.8418 -2810.1912 -3032.2131 -3308.0137 -3509.8711 -3634.5742 -3719.9561 -3629.3892 -3506.7559 -3587.582 -3634.5391 -3600.332 -3531.4131 -3428.2046 -3320.7434 -3293.5281 -3322.6873 -3268.5288 -3146.4277 -3077.5742 -3070.5691 -3098.0774 -3158.2402 -3203.9656 -3210.9407 -3253.314 -3345.407 -3437.5493 -3478.0198 -3477.3696 -3461.2041 -3455.2231 -3479.5955 -3551.7856 -3649.1243 -3719.6096
-2448.8601 -2622.7283 -2752.9131 -2812.0864 -2873.5583 -2899.8147 -2828.2957 -2792.4272 -2858.6289 -2825.9612 -2853.7656 -2904.5515 -2791.2405 -2651.2642 -2587.1509 -2510.4268 -2392.2007 -2324.8208 -2311.7502 -2342.1833 -2394.0442 -2478.4451 -2582.0859 -2589.6235 -2664.8091 -2729.5803 -2831.844 -3016.1736 -3143.8394 -3221.5911 -3315.1267 -3396.7168 -3444.5881 -3502.7351 -3501.0549 -3481.7593 -3454.1304 -3383.7708 -3299.8105 -3261.2844 -3238.4763 -3177.8962 -3096.4907 -3020.2112 -2936.6926 -2861.2927 -2836.9333 -2876.6921 -2954.4783 -3041.509 -3147.1252 -3242.3259 -3309.2131 -3373.1755 -3422.1882 -3450.6475 -3476.1882 -3508.073 -3548.1897 -3584.6377
-2037.9651 -2225.4255 -2479.9106 -2756.7417 -2996.2305 -3079.7327 -2960.147 -2739.1399 -2570.1587 -2405.0876 -2256.6836 -2187.1643 -2104.9639 -2030.0967 -2009.4739 -2076.4355 -2124.4294 -2206.3521 -2318.8438 -2406.1643 -2413.1858 -2340.0759 -2305.6299 -2329.7834 -2425.4514 -2471.1914 -2604.415 -2768.7429 -2855.0911 -2905.4219 -2997.2869 -3176.2644 -3348.8374 -3417.4629 -3399.7017 -3317.1206 -3211.2681 -3165.3608 -3194.9546 -3224.3792 -3190.1113 -3145.7488 -3141.0234 -3112.6741 -2988.7673 -2843.5027 -2729.6697 -2674.4585 -2728.0132 -2824.8359 -2958.019 -3067.9753 -3154.2676 -3253.3596 -3335.6689 -3381.1348 -3418.5388 -3454.8308 -3481.002 -3492.6943
-1798.9873 -1993.0913 -2245.73 -2516.1245 -2783.4163 -2962.4944 -2924.0527 -2649.6387 -2374.3938 -2166.8604 -1948.3105 -1775.5701 -1647.1541 -1553.0902 -1487.5321 -1516.8046 -1565.4666 -1645.4924 -1787.7871 -1985.5417 -2097.355 -2100.322 -2180.9111 -2333.1157 -2451.7539 -2503.8892 -2642.2546 -2794.5034 -2914.4067 -3044.6736 -3199.1379 -3323.2971 -3338.8279 -3274.7214 -3229.3186 -3087.5083 -2922.6731 -2895.3904 -2999.4365 -3074.3638 -3010.8394 -2956.1458 -2993.6628 -3044.7681 -2998.4417 -2893.5813 -2777.877 -2662.1321 -2613.0916 -2633.468 -2731.3425 -2854.5054 -2988.8921 -3113.1411 -3197.4585 -3252.6145 -3307.4138 -3373.7588 -3423.9556 -3434.658
