Resources/Map/Lvl0_30x30/Ele_FF.asc
ncols         335
nrows         335
xllcorner     -3295000
yllcorner     -10075000
cellsize      10000
nodata_value  -99999.0
[rows 0 to 26 of 335, columns 244 to 304 of 335]
-4965.5894 -5090.1177 -5173.6602 -5207.3667 -5251.1011 -5327.3086 -5382.1616 -5357.0576 -5304.686 -5268.4014 -5216.3511 -5107.7886 -5065.2729 -5004.042 -4919.6045 -5027.1016 -5164.6597 -5203.4155 -5106.8472 -4973.8862 -5005.3584 -4909.7563 -4914.2661 -5122.1304 -5300.1289 -5338.3325 -5323.8828 -5303.959 -5253.9141 -5215.8135 -5274.585 -5335.0815 -5338.2725 -5240.1499 -5036.3345 -4862.0239 -4839.3252 -4940.8613 -5063.6875 -5132.7856 -5108.812 -5013.1636 -4945.4678 -5005.1772 -5147.3438 -5248.2466 -5304.5249 -5340.1646 -5345.0068 -5361.8994 -5402.1021 -5423.5708 -5389.2715 -5345.7471 -5323.1582 -5284.3208 -5317.8062 -5376.4697 -5377.5483 -5318.8228 -5216.3022
-4559.4331 -4682.353 -4866.2251 -5044.5659 -5206.2871 -5361.5239 -5465.2544 -5469.957 -5419.6348 -5377.6592 -5340.792 -5276.2378 -5225.0498 -5186.3457 -5163.8687 -5165.2388 -5154.9282 -5075.2456 -4927.2373 -4804.5171 -4747.3262 -4787.1323 -4859.3091 -5030.4258 -5177.2686 -5232.541 -5225.3149 -5210.8096 -5171.8286 -5135.9834 -5171.3311 -5236.3452 -5264.2915 -5220.3643 -5128.5576 -5070.791 -5085.2617 -5121.3784 -5141.9097 -5131.9341 -5083.416 -5024.6938 -5011.4595 -5069.1992 -5143.7466 -5145.0029 -5142.0117 -5147.9224 -5110.2397 -5107.7588 -5168.3125 -5224.4785 -5267.9287 -5324.8789 -5339.3696 -5340.1367 -5370.356 -5406.6968 -5400.1011 -5338.6235 -5249.0308
-4189.667 -4256.2104 -4506.167 -4782.6982 -5011.2964 -5202.8413 -5334.6499 -5381.8823 -5405.3374 -5431.2632 -5392.2534 -5304.3394 -5271.252 -5286.478 -5308.6816 -5289.8818 -5235.1611 -5119.4189 -4971.937 -4900.6211 -4935.0249 -5044.3257 -5096.3633 -5199.1006 -5267.8765 -5276.4619 -5239.2969 -5158.292 -5079.5366 -5031.2026 -5036.0537 -5098.1694 -5184.9556 -5250.1099 -5278.9458 -5295.9922 -5300.2915 -5265.7031 -5203.7397 -5143.3384 -5108.3472 -5118.6338 -5159.9897 -5184.9385 -5164.4517 -5107.3682 -5080.7842 -5067.3101 -5029.6299 -5019.8149 -5048.7651 -5058.3501 -5124.2515 -5243.1172 -5278.3687 -5250.3765 -5325.542 -5377.3794 -5364.6763 -5321.5923 -5283.4238
-4202.3027 -4122.9785 -4309.8813 -4592.2939 -4835.6411 -4992.5957 -5065.8599 -5117.3506 -5229.6724 -5328.7739 -5278.4346 -5156.0884 -5163.9136 -5266.9585 -5342.2246 -5344.9038 -5307.5503 -5220.5908 -5114.6118 -5078.7437 -5107.0586 -5136.8179 -5172.0767 -5228.4355 -5248.8657 -5227.8335 -5209.4512 -5196.8228 -5157.1431 -5083.4849 -5016.4751 -5033.3521 -5147.9263 -5279.7661 -5354.9487 -5375.0605 -5353.3638 -5293.2231 -5221.9219 -5180.1064 -5182.0913 -5206.9141 -5220.4946 -5202.998 -5169.0786 -5152.8564 -5160.458 -5157.0332 -5137.4326 -5127.4546 -5114.8008 -5086.2334 -5122.7178 -5189.6143 -5218.2505 -5174.3188 -5234.3823 -5251.7915 -5232.0908 -5242.5229 -5290.7363
-4462.7451 -4235.8438 -4262.207 -4433.7734 -4620.1694 -4742.1284 -4800.5278 -4871.4365 -4995.144 -5059.2266 -4976.2163 -4870.1714 -4938.8853 -5122.8848 -5284.3936 -5346.7012 -5334.7026 -5269.1064 -5197.4785 -5164.9497 -5141.9697 -5102.4224 -5089.7231 -5113.2764 -5123.8555 -5130.1328 -5180.8892 -5240.7021 -5226.7349 -5130.6602 -5005.5776 -4948.168 -5013.6953 -5143.0093 -5248.6265 -5308.6807 -5315.481 -5258.1738 -5172.0415 -5129.979 -5166.0264 -5226.7783 -5247.6812 -5223.5269 -5196.6006 -5211.2676 -5254.7422 -5268.3491 -5246.5845 -5240.6279 -5253.918 -5250.4746 -5248.9033 -5259.2188 -5279.6621 -5258.4131 -5224.0142 -5187.8608 -5176.0444 -5204.6548 -5259.6313
-4775.0811 -4500.5166 -4405.3506 -4453.292 -4576.3677 -4720.1133 -4833.8638 -4906.2559 -4934.312 -4885.3896 -4753.8911 -4611.8555 -4624.4302 -4846.6274 -5165.6069 -5369.8169 -5418.0376 -5365.5034 -5295.2168 -5246.9619 -5205.7603 -5164.835 -5135.1118 -5112.001 -5085.4629 -5094.689 -5156.729 -5194.3564 -5143.2881 -5032.6519 -4911.5547 -4841.2969 -4862.4321 -4948.7822 -5053.4038 -5165.4014 -5257.5063 -5274.5112 -5214.272 -5143.9297 -5134.041 -5178.9775 -5227.7007 -5248.3691 -5245.4067 -5252.5415 -5286.2935 -5310.2437 -5302.8901 -5299.436 -5291.8022 -5257.7583 -5273.8999 -5334.1758 -5370.9741 -5351.6982 -5300.3457 -5254.1143 -5248.3169 -5262.8242 -5272.7808
-5098.3765 -4859.23 -4657.1973 -4565.6235 -4622.9004 -4811.292 -5017.7681 -5123.6904 -5087.8682 -4963.4805 -4809.4082 -4634.0957 -4550.2393 -4703.6025 -5033.7871 -5276.3052 -5362.4248 -5371.3354 -5364.7583 -5330.4136 -5270.0239 -5237.0938 -5245.1606 -5240.7725 -5191.9722 -5154.4238 -5142.8032 -5106.6421 -5045.626 -5001.8169 -4958.5322 -4891.9609 -4823.9902 -4797.9058 -4852.9468 -4980.626 -5124.2559 -5211.5981 -5219.6113 -5172.1714 -5125.5283 -5128.8154 -5185.2969 -5245.7134 -5262.3062 -5248.0674 -5259.3726 -5298.3354 -5315.8584 -5301.8643 -5228.104 -5113.543 -5097.1577 -5173.7817 -5258.8643 -5311.3135 -5321.147 -5315.0894 -5320.8677 -5324.1729 -5311.0034
-5216.9946 -4947.0718 -4633.769 -4462.2544 -4514.0625 -4720.9897 -4937.9326 -5053.9937 -5028.8857 -4925.1323 -4831.9043 -4767.4248 -4752.2847 -4821.8267 -4918.4624 -4942.5728 -4974.4634 -5099.1489 -5253.5142 -5311.9194 -5268.9697 -5218.8525 -5235.4868 -5277.6313 -5276.6157 -5246.187 -5200.3096 -5135.6572 -5093.4741 -5109.0151 -5120.6421 -5048.8413 -4906.3237 -4783.1128 -4769.0991 -4842.8589 -4934.0996 -5000.3438 -5043.5679 -5064.936 -5076.9653 -5113.084 -5184.8223 -5255.189 -5280.627 -5266.5396 -5264.7417 -5290.8032 -5305.7676 -5279.6113 -5191.4189 -5080.1973 -5007.9995 -5021.228 -5100.8823 -5182.7393 -5252.5415 -5291.7632 -5285.375 -5257.4575 -5253.3638
-5194.6958 -4861.5605 -4428.416 -4196.9238 -4286.0366 -4514.46 -4666.0376 -4723.1055 -4757.3281 -4812.9277 -4886.0459 -4969.0332 -5053.1475 -5096.5444 -5024.4277 -4840.7344 -4737.6621 -4826.8999 -5015.7607 -5103.0142 -5050.686 -4982.4946 -5046.6025 -5209.7178 -5318.9941 -5334.6387 -5297.9561 -5251.2012 -5224.6909 -5231.584 -5235.8188 -5181.0781 -5066.7759 -4938.4385 -4851.8032 -4817.6733 -4825.0923 -4866.6182 -4934.04 -5000.1084 -5038.2783 -5067.0449 -5124.4731 -5206.2578 -5269.6133 -5296.8066 -5306.7573 -5315.6772 -5311.5532 -5282.5317 -5240.2715 -5206.8384 -5160.0381 -5107.1382 -5079.2915 -5098.1265 -5157.6206 -5205.3091 -5207.042 -5185.6143 -5204.4521
-5125.022 -4829.0576 -4391.6948 -4138.7993 -4224.978 -4468.1973 -4633.3984 -4713.5884 -4802.0981 -4917.1973 -5008.627 -5068.9043 -5132.2002 -5197.5376 -5212.5098 -5123.9507 -5020.1143 -5005.3125 -5059.9668 -5037.6987 -4908.0078 -4810.1621 -4872.8291 -5038.519 -5153.8022 -5186.4961 -5206.6274 -5260.0132 -5315.9663 -5329.2285 -5289.2817 -5223.0376 -5169.6167 -5125.2588 -5065.645 -5002.8438 -4975.9155 -4999.4531 -5045.5674 -5064.7158 -5025.5186 -4972.2998 -4993.604 -5106.1641 -5238.8223 -5308.6812 -5323.5029 -5318.3599 -5292.5225 -5260.2813 -5250.9976 -5271.7798 -5278.8032 -5232.4351 -5174.7793 -5182.8828 -5225.0405 -5260.2368 -5279.6865 -5274.1035 -5289.1152
-4911.8242 -4676.7939 -4408.9824 -4292.5103 -4397.4761 -4622.063 -4826.7881 -4962.7285 -5037.1309 -5057.0215 -5030.7666 -4992.3135 -4993.1963 -5064.564 -5191.8037 -5288.3994 -5317.002 -5318.3823 -5305.8618 -5238.748 -5113.0649 -4999.4536 -4936.2559 -4886.0796 -4825.1489 -4791.4561 -4855.3892 -5034.6675 -5230.2627 -5326.3887 -5304.189 -5239.5508 -5219.2646 -5248.3086 -5266.418 -5244.0322 -5210.4492 -5196.1436 -5190.5474 -5158.9575 -5083.6685 -5002.1123 -4985.2466 -5064.1768 -5210.8315 -5281.4731 -5263.2739 -5229.0366 -5216.5205 -5238.1943 -5272.4858 -5297.7017 -5303.3867 -5285.543 -5268.6772 -5287.0459 -5309.2632 -5329.2959 -5344.0532 -5347.1821 -5358.4194
-4733.4395 -4485.8291 -4314.3369 -4312.4453 -4457.0723 -4668.731 -4883.7949 -5058.6157 -5148.355 -5139.5967 -5067.2437 -4981.8364 -4938.3936 -4969.0591 -5080.5771 -5234.1421 -5369.1826 -5449.1084 -5440.8887 -5379.1787 -5299.0742 -5218.7388 -5117.9302 -4973.3408 -4817.1016 -4724.6011 -4750.8896 -4895.9585 -5077.4653 -5200.3945 -5228.9692 -5199.5996 -5180.1411 -5215.1006 -5285.8838 -5332.7261 -5336.1133 -5309.8765 -5262.0386 -5191.2988 -5110.8491 -5042.6968 -5029.0776 -5080.3271 -5156.6836 -5172.0479 -5121.6792 -5086.6201 -5141.5732 -5253.3159 -5331.1304 -5344.355 -5325.2256 -5306.2886 -5296.2261 -5290.0112 -5282.8857 -5288.4067 -5304.832 -5327.8994 -5344.1465
-4695.6826 -4435.855 -4241.9927 -4221.1592 -4353.7144 -4560.501 -4792.7632 -5013.2271 -5146.6226 -5159.335 -5105.3647 -5045.0508 -5021.6694 -5025.1011 -5050.729 -5155.3516 -5331.2622 -5482.5146 -5490.5957 -5416.8901 -5339.3345 -5287.25 -5227.1313 -5135.0488 -5024.5879 -4946.4692 -4922.2432 -4941.8975 -4989.667 -5046.8071 -5085.3394 -5084.8247 -5058.0874 -5063.6826 -5142.4053 -5244.0083 -5305.71 -5303.5762 -5240.4146 -5143.3057 -5072.8477 -5039.0044 -5049.2021 -5098.1992 -5139.8721 -5140.4165 -5096.0942 -5074.1758 -5152.3994 -5276.9019 -5349.3604 -5350.1934 -5323.9575 -5303.499 -5278.8599 -5265.1851 -5266.2622 -5280.2739 -5299.5889 -5316.6577 -5321.314
-4737.9995 -4497.6782 -4271.29 -4186.085 -4268.5356 -4447.8516 -4665.749 -4894.1221 -5072.4966 -5146.2339 -5146.2339 -5135.5269 -5146.0327 -5134.7383 -5086.3091 -5102.3218 -5226.6084 -5369.8325 -5426.8105 -5423.5229 -5393.5366 -5351.2964 -5301.6411 -5244.4414 -5183.5674 -5133.7202 -5094.0747 -5052.0005 -5015.022 -4991.915 -4976.8945 -4964.2485 -4956.1167 -4979.2407 -5054.7134 -5145.5718 -5200.9233 -5206.939 -5179.6479 -5151.6899 -5162.0889 -5189.7397 -5202.2979 -5195.4863 -5182.6943 -5178.9941 -5181.1421 -5202.1836 -5260.1787 -5314.4331 -5321.8491 -5295.8389 -5280.1973 -5287.2007 -5276.2114 -5279.8789 -5294.1704 -5306.356 -5309.416 -5302.6753 -5296.7881
-4920.7666 -4737.9331 -4505.8325 -4347.9951 -4339.6621 -4449.4624 -4610.9692 -4796.4805 -4977.4561 -5102.6206 -5163.708 -5191.1387 -5201.5132 -5166.5889 -5086.7104 -5045.5903 -5088.5498 -5178.4463 -5284.5879 -5365.2607 -5388.915 -5355.6411 -5323.4951 -5310.188 -5294.0723 -5266.2412 -5233.8657 -5191.0557 -5136.0464 -5072.3467 -5012.3887 -4978.499 -4980.4795 -5020.4263 -5076.9116 -5114.5879 -5122.8032 -5136.3384 -5179.3638 -5223.2212 -5252.0513 -5277.2095 -5290.1636 -5265.4312 -5211.7627 -5194.7769 -5241.4014 -5300.5 -5314.231 -5276.3467 -5225.2153 -5202.2671 -5229.8008 -5287.458 -5311.0645 -5309.2002 -5289.6021 -5264.8169 -5249.7075 -5248.0718 -5267.0566
-5050.1177 -4965.9463 -4822.3755 -4680.1167 -4615.9644 -4641.0054 -4705.7598 -4787.6699 -4893.6138 -5019.0845 -5135.1851 -5207.1465 -5213.0034 -5161.811 -5077.4912 -5011.248 -4995.8501 -5050.6309 -5181.23 -5264.7554 -5244.9487 -5149.7583 -5117.4053 -5184.8525 -5270.3359 -5305.8696 -5312.2393 -5302.6812 -5271.6499 -5220.7417 -5169.1484 -5131.5576 -5107.2373 -5098.7197 -5101.4233 -5101.5527 -5101.6357 -5146.563 -5227.1875 -5259.5508 -5256.4399 -5262.981 -5275.478 -5271.9858 -5240.2988 -5228.4897 -5263.5313 -5282.8667 -5243.4146 -5194.1006 -5179.4629 -5203.7715 -5252.4497 -5300.915 -5303.0435 -5254.123 -5194.687 -5151.2334 -5139.688 -5166.3374 -5226.9341
-5098.7681 -5116.1621 -5101.2666 -5049.1152 -4989.4629 -4930.9023 -4865.2568 -4814.4365 -4822.0898 -4900.2046 -5000.9448 -5084.6953 -5143.7646 -5175.1201 -5171.0713 -5128.8745 -5080.2461 -5086.8013 -5171.4585 -5200.687 -5117.623 -4989.0112 -4966.9287 -5070.0762 -5197.2305 -5263.5947 -5300.0391 -5333.6421 -5350.2817 -5337.0762 -5307.8228 -5274.7065 -5236.4185 -5196.8135 -5170.5776 -5157.3975 -5144.6538 -5168.9526 -5240.2578 -5271.4194 -5260.0742 -5242.5112 -5226.8667 -5219.9653 -5214.4399 -5223.5127 -5244.4902 -5228.9541 -5187.2524 -5182.8257 -5225.4414 -5276.6528 -5305.0288 -5312.6489 -5286.1616 -5218.6333 -5151.5459 -5103.6152 -5088.8149 -5122.9512 -5202.8281
-5208.6899 -5256.375 -5291.6333 -5291.623 -5252.4775 -5173.6899 -5064.3711 -4959.3042 -4904.9746 -4912.3071 -4953.4502 -5026.4653 -5123.939 -5202.0898 -5239.1079 -5231.8477 -5206.7534 -5196.9736 -5211.1567 -5186.2861 -5107.1157 -5046.0332 -5061.9175 -5118.895 -5160.0259 -5178.2959 -5205.8667 -5253.0757 -5306.9146 -5354.9868 -5388.8057 -5394.3945 -5360.1948 -5299.377 -5253.1523 -5240.7036 -5242.1284 -5245.0786 -5251.1865 -5240.0933 -5212.1704 -5184.0835 -5166.4648 -5164.1396 -5180.5195 -5216.9424 -5244.479 -5226.1421 -5183.8574 -5192.3604 -5256.9814 -5315.4712 -5339.981 -5334.856 -5341.6094 -5310.8711 -5259.5938 -5195.8975 -5143.3306 -5143.0093 -5208.1172
-5307.2251 -5321.4868 -5337.9512 -5340.5366 -5329.3027 -5312.8823 -5279.9922 -5225.0679 -5166.2554 -5117.1851 -5078.4839 -5057.9292 -5053.8486 -5043.0425 -5034.0352 -5063.624 -5126.708 -5189.9258 -5225.0386 -5225.4551 -5199.4312 -5187.5171 -5207.5732 -5226.1733 -5218.1011 -5199.5347 -5191.9072 -5201.5796 -5234.4907 -5298.3765 -5370.5259 -5409.042 -5393.3389 -5344.3633 -5302.373 -5283.6401 -5273.3428 -5257.0254 -5238.4653 -5211.7021 -5176.2026 -5152.9639 -5159.1982 -5189.8159 -5221.3965 -5248.8022 -5269.2578 -5265.2651 -5249.2124 -5264.6108 -5294.8462 -5321.2671 -5338.4126 -5346.7954 -5397.3472 -5401.4409 -5371.4946 -5315.9165 -5253.2466 -5228.3242 -5250.6328
-5151.2178 -5185.7593 -5232.2046 -5263.9404 -5286.3589 -5320.1807 -5344.4126 -5333.3721 -5295.8506 -5255.5776 -5211.0166 -5140.2637 -5034.0225 -4919.792 -4842.8325 -4853.8862 -4936.7798 -5044.6323 -5130.459 -5182.2993 -5199.4995 -5198.9316 -5208.9805 -5228.4429 -5242.0908 -5241.9492 -5236.4058 -5230.98 -5241.27 -5273.0469 -5307.9609 -5321.6699 -5315.6597 -5304.4961 -5288.4707 -5255.6147 -5213.9414 -5191.3271 -5192.1211 -5184.2783 -5161.3198 -5157.4878 -5183.4121 -5214.0361 -5230.0078 -5247.6602 -5276.6772 -5296.5361 -5305.7451 -5313.2881 -5303.7339 -5291.2192 -5297.3867 -5327.8462 -5384.3394 -5388.6187 -5361.9033 -5331.1348 -5312.2915 -5310.0557 -5304.8037
-4992.5864 -5037.9253 -5100.6187 -5156.7017 -5194.7793 -5225.8975 -5249.6455 -5257.978 -5261.3848 -5278.1738 -5298.0601 -5286.3525 -5217.061 -5116.4873 -5025.6118 -4989.4189 -5007.1074 -5057.8081 -5107.4971 -5135.7939 -5138.3818 -5127.4932 -5130.0552 -5150.3579 -5176.9121 -5189.7915 -5189.4429 -5193.1743 -5220.6133 -5256.4233 -5274.1885 -5271.4155 -5261.1187 -5250.9038 -5240.9951 -5205.8608 -5156.8462 -5114.1318 -5112.3081 -5130.1011 -5135.9297 -5153.916 -5169.3179 -5175.1826 -5186.8345 -5226.0669 -5280.6802 -5321.5605 -5341.5942 -5340.4326 -5318.8462 -5287.9834 -5275.335 -5292.3906 -5325.1948 -5346.0518 -5342.5454 -5324.6714 -5313.353 -5313.0889 -5304.9302
-5075.208 -5024.1035 -5002.7827 -5026.3223 -5074.8608 -5128.9238 -5171.9604 -5197.0049 -5221.0747 -5256.5967 -5294.9644 -5317.6489 -5307.5532 -5273.3721 -5234.5757 -5211.7183 -5208.834 -5217.6943 -5227.9517 -5226.7622 -5205.5249 -5172.1948 -5149.665 -5139.4907 -5128.4004 -5104.2148 -5080.0835 -5091.9043 -5142.9194 -5193.7578 -5215.6494 -5214.6621 -5182.814 -5160.5723 -5200.2651 -5215.7432 -5203.7866 -5138.0513 -5056.8291 -5065.21 -5127.6504 -5177.7852 -5188.8521 -5192.5146 -5226.3877 -5283.4966 -5333.1587 -5354.2896 -5345.061 -5320.9102 -5299.4434 -5281.9019 -5272.3901 -5279.3604 -5299.188 -5332.8755 -5342.5713 -5305.3232 -5263.2534 -5250.9844 -5270.9556
-5183.4058 -5110.5776 -5046.8081 -5034.1997 -5060.647 -5125.48 -5180.9385 -5204.4536 -5220.9263 -5252.0796 -5283.2002 -5299.2764 -5298.3369 -5294.5068 -5292.2505 -5291.0269 -5288.8486 -5284.3711 -5282.6318 -5284.3848 -5288.6597 -5294.0928 -5293.5898 -5281.0654 -5254.2524 -5216.8428 -5176.6245 -5157.8853 -5167.8232 -5184.6899 -5189.356 -5186.6548 -5181.915 -5190.6514 -5229.3638 -5250.6851 -5234.2173 -5174.7988 -5115.6187 -5121.8027 -5176.5425 -5220.1084 -5238.6289 -5257.6724 -5291.3696 -5324.5371 -5337.7563 -5333.5146 -5318.479 -5298.1016 -5283.7886 -5284.1313 -5292.7417 -5297.5024 -5305.7329 -5309.5264 -5305.1436 -5283.7051 -5253.9644 -5237.8701 -5268.2646
-5277.4258 -5226.356 -5191.5205 -5170.2529 -5160.168 -5197.041 -5237.0088 -5245.6499 -5240.6548 -5253.3516 -5268.5396 -5263.3638 -5254.2925 -5263.3838 -5277.4502 -5279.459 -5278.3794 -5279.9858 -5282.1182 -5284.8301 -5299.3687 -5325.3179 -5342.3384 -5338.6626 -5319.7793 -5299.7905 -5276.7207 -5252.6123 -5238.4033 -5234.6812 -5218.6089 -5198.98 -5187.311 -5183.75 -5185.1147 -5201.3887 -5199.7783 -5179.1631 -5164.2813 -5176.8525 -5209.2412 -5228.4082 -5230.4692 -5241.9507 -5263.3701 -5284.0239 -5295.9814 -5298.0088 -5289.6758 -5279.7261 -5281.5815 -5295.605 -5305.1733 -5295.5723 -5282.4746 -5271.0156 -5271.8511 -5286.3081 -5283.0469 -5260.748 -5283.2578
-5360.6313 -5335.7739 -5319.876 -5290.1313 -5252.4473 -5239.3818 -5250.9302 -5261.4556 -5262.2515 -5267.0908 -5265.8164 -5239.8472 -5231.7417 -5251.0352 -5263.8154 -5268.0225 -5271.4541 -5280.6035 -5277.1201 -5259.689 -5245.0884 -5250.0713 -5268.8384 -5295.0044 -5321.9551 -5334.7202 -5325.1519 -5297.5415 -5276.0581 -5267.9307 -5257.939 -5251.1943 -5248.2383 -5229.4375 -5196.8105 -5187.2183 -5193.9004 -5203.4966 -5214.4263 -5227.7622 -5234.7222 -5221.7065 -5205.7261 -5207.0801 -5216.2075 -5222.814 -5229.4072 -5238.4395 -5244.2974 -5246.0708 -5250.3369 -5259.4746 -5270.6787 -5274.2256 -5267.0947 -5259.0176 -5265.082 -5287.9878 -5293.7793 -5276.5518 -5284.7471
-5331.6099 -5346.9946 -5348.7153 -5327.5005 -5297.1738 -5281.7437 -5281.8296 -5281.3877 -5272.4517 -5259.7651 -5241.9624 -5213.6636 -5189.5845 -5184.5186 -5200.396 -5225.8169 -5242.1626 -5248.0171 -5241.1138 -5231.1792 -5231.9541 -5236.6738 -5243.8618 -5258.624 -5282.5342 -5298.7407 -5299.7466 -5287.9673 -5280.4399 -5280.8687 -5278.3906 -5270.2407 -5255.8716 -5240.1138 -5236.436 -5250.7227 -5270.397 -5281.2778 -5279.7251 -5272.4526 -5257.8608 -5219.5054 -5183.6006 -5174.9507 -5177.7495 -5180.4404 -5193.1489 -5220.6982 -5243.9751 -5241.1406 -5228.2007 -5224.1187 -5226.3047 -5219.562 -5225.6631 -5234.2988 -5244.8945 -5257.4517 -5266.5703 -5267.21 -5270.5605
-5217.8311 -5246.4731 -5262.1255 -5268.085 -5274.4229 -5291.4663 -5311.4683 -5315.2119 -5293.5845 -5260.9009 -5230.4067 -5202.3354 -5188.7065 -5195.3403 -5216.3389 -5229.6855 -5225.4058 -5211.1064 -5193.8555 -5184.562 -5193.979 -5213.6919 -5229.3442 -5239.5488 -5248.8491 -5257.4297 -5266.2358 -5267.4541 -5268.8638 -5267.5767 -5264.8896 -5260.0103 -5248.6836 -5240.6919 -5248.084 -5267.144 -5284.1958 -5291.749 -5287.8066 -5279.355 -5267.6572 -5239.5176 -5209.5986 -5196.2065 -5194.0679 -5195.4102 -5205.4746 -5229.5923 -5248.5337 -5244.8687 -5236.6226 -5236.7075 -5236.0703 -5229.1294 -5227.541 -5234.4219 -5244.4229 -5251.5073 -5257.1006 -5260.3091 -5265.9683
