Resources/Map/Lvl0_30x30/Ele_BH.asc
ncols         335
nrows         335
xllcorner     3405000
yllcorner     3325000
cellsize      10000
nodata_value  -99999.0
[rows 261 to 289 of 335, columns 64 to 127 of 335]
76.2807 86.1125 239.109 502.2854 461.7605 267.8688 515.8656 469.7003 458.4379 432.1967 459.2006 497.8545 500.5483 487.9401 499.1513 513.8554 516.246 482.1968 476.8672 419.9091 397.7831 325.544 411.8633 503.6726 442.3339 378.281 382.9641 350.7133 323.2973 318.5865 308.2955 331.2264 326.896 336.2278 347.6926 368.561 389.0042 420.1721 461.7759 504.7786 502.7982 482.7388 449.6805 440.7574 433.1435 420.4517 408.151 392.0313 324.9055 306.8491 306.3638 336.7602 357.2432 399.4628 435.6722 442.5134 428.2078 444.5014 477.3927 498.8999 504.2619 508.509 518.6812 495.164
70.4561 76.8307 129.1878 213.2518 156.3855 271.4265 523.4625 431.617 465.852 471.8078 460.2279 532.1812 490.3707 449.7654 482.9905 471.2367 476.7613 503.6028 480.8736 499.8198 329.4979 542.6751 531.0793 489.4507 400.9137 400.5777 357.7822 357.2871 329.6449 295.9642 303.9119 343.4988 357.0458 381.1578 377.7478 390.0273 435.1685 449.7286 479.5229 522.2742 576.175 645.9846 661.6387 647.2894 659.7222 593.7366 499.867 372.9685 345.0803 297.5031 308.3022 368.009 403.9343 439.1297 463.7929 480.6721 489.1461 564.0792 680.345 829.9701 1116.2869 1200.2471 783.1118 633.6829
69.8364 80.9054 107.2108 230.2789 404.594 590.4983 510.8571 426.5031 451.7254 422.5588 496.5067 481.0365 428.4168 405.0278 408.0478 424.1544 425.0008 440.0637 387.613 323.1663 302.6709 345.0212 486.631 428.7413 384.8196 347.7117 326.8684 331.0478 298.9589 287.4898 306.692 339.6313 377.4581 414.4956 429.4279 435.2453 438.7216 466.4339 493.9342 520.6932 566.7419 560.5031 544.3662 507.0885 506.3831 452.7155 398.6043 353.3163 303.0677 283.5626 324.8335 372.4763 408.3457 443.7925 470.4145 512.772 542.7339 550.6849 542.1404 529.1618 475.5459 456.753 437.9622 398.4949
84.1035 137.2049 565.4286 530.6865 382.8787 421.6246 436.1978 399.8051 416.115 404.8984 399.2299 369.6648 366.216 359.6185 359.659 357.3228 374.7704 427.9435 344.3768 302.4542 332.6122 400.9529 459.0657 383.4502 353.7117 313.2024 299.5223 295.1576 270.4907 275.5724 306.9586 316.9078 348.3044 394.5256 403.7566 419.7397 441.8768 443.7431 442.2428 458.3174 542.0252 483.4588 475.6579 435.6826 423.9656 384.1292 342.6055 307.3107 276.6551 275.5554 302.1367 330.3015 364.0137 384.5951 392.0627 397.6611 405.9612 407.037 394.7557 385.3177 376.857 374.289 352.682 328.4838
102.846 542.4809 680.0294 403.073 304.7198 300.8801 332.1811 314.0034 346.3546 412.198 377.8857 329.1208 316.963 317.9648 318.1554 321.9008 333.1392 350.3877 319.2742 302.2242 353.2535 399.6324 436.0874 386.652 336.5054 301.1277 281.2026 265.3127 278.9268 280.9354 274.9882 289.2789 300.1356 316.177 351.6822 367.3515 365.8821 374.398 370.0612 373.9017 375.7441 381.3965 371.7595 364.3083 352.6187 334.4752 315.8646 285.477 259.8771 285.0976 322.9566 329.4538 337.2946 335.0249 342.0767 348.7613 350.9124 342.6398 338.8132 343.6533 341.4466 338.2197 322.5565 303.6729
130.1375 271.1341 290.0757 328.449 306.2936 315.2017 310.401 261.5105 327.2845 394.2523 470.1102 406.2248 327.2953 303.8805 305.3577 317.3053 333.5926 356.4615 356.5245 308.8475 308.5747 319.4685 344.8503 359.5597 336.0421 297.158 262.0055 290.5667 262.2587 272.6468 269.5266 264.0921 264.7365 290.5343 316.0448 315.6103 329.8011 318.8329 336.4985 334.6761 334.5842 334.8387 332.0999 323.8105 317.2034 305.2853 292.2115 276.9379 296.304 257.5036 284.4857 289.0272 289.4639 296.4997 306.9185 318.8902 320.551 307.7526 308.4906 305.7832 307.1288 307.5338 300.7575 303.7766
222.1525 211.6413 446.614 382.4993 331.5719 317.6839 277.1035 245.6028 263.2775 316.9209 453.2707 522.6937 510.4932 410.3123 308.9182 318.966 334.2468 350.4819 353.0458 345.4464 329.606 302.0898 310.4163 304.9967 322.2721 297.3142 263.2593 245.968 250.4323 238.204 234.8772 243.8448 252.5219 251.3629 277.6735 284.3135 293.0474 288.8523 328.8393 325.6061 325.8235 317.8722 306.5867 306.2398 299.9433 299.7885 290.3732 299.6493 288.7252 257.2703 246.6915 290.2507 306.9204 318.4256 318.1588 326.0894 327.4212 301.3385 286.5507 281.6785 292.5803 294.049 298.2952 303.6525
316.2593 250.2652 574.8267 473.9042 389.8318 343.3756 289.2128 238.4127 236.6971 261.7648 358.9668 444.7222 490.2336 335.3432 345.2133 325.4726 318.6625 335.4897 367.1083 344.016 344.1533 329.381 303.2161 302.3141 323.9037 283.6031 273.6469 305.2872 349.0214 360.7745 322.9404 282.2587 234.1317 225.1033 231.6448 240.2832 243.5168 252.2191 296.7811 312.5837 312.7801 328.8089 349.9091 355.7782 331.537 311.3507 318.5641 299.6314 293.0802 276.0809 226.3869 276.3888 310.8827 339.6129 325.0366 316.0972 300.9944 287.0814 274.0855 266.6559 287.6238 287.3355 286.0963 271.0262
296.2942 662.6853 724.0128 545.3638 424.9862 383.9604 323.3941 261.6232 240.7663 272.6104 298.2958 356.1003 377.806 328.5258 403.863 341.8391 339.2244 347.1128 348.7004 352.6013 336.2381 339.6839 308.5891 366.4505 330.6405 305.2898 280.4547 288.3024 328.8324 354.2556 346.6601 324.1138 317.5362 278.0884 268.0833 270.3398 245.8949 218.6562 265.4775 296.6892 333.7026 335.4361 324.5555 347.6617 315.7432 283.2574 264.2364 265.8861 260.7077 234.2319 249.5517 273.355 304.9294 289.0672 283.3849 271.6892 269.5872 257.4359 264.5296 288.5425 250.696 229.4831 230.4828 260.1348
227.1295 761.674 653.2585 526.9818 481.3579 426.3465 376.9673 340.5123 279.4385 258.845 256.1512 262.9021 273.3206 317.867 333.5483 350.287 358.2335 363.5942 366.2071 375.3028 360.5444 362.8394 335.7427 374.6825 322.6308 298.7185 282.2611 306.0798 341.326 333.3719 327.3914 323.2426 319.4325 315.5905 333.5092 335.0678 316.1207 308.7521 273.5895 243.8304 330.5705 336.9797 292.5402 311.1913 275.2254 246.8214 249.3765 248.8757 237.3462 233.9761 251.9483 271.4234 281.7619 247.0077 248.6375 230.6867 236.9362 263.3183 291.124 261.9092 193.8732 192.6787 225.6314 253.187
206.2255 606.5196 540.8998 491.1774 463.6991 425.3657 433.1553 403.7543 320.6482 262.8682 269.3421 279.7039 294.8086 315.8971 336.7593 340.7791 362.1359 376.3661 396.7992 380.9555 377.7832 374.2916 396.0919 355.683 323.0354 303.3216 295.2958 315.3889 341.2898 350.1048 356.0616 388.4917 404.1237 398.4013 422.3358 414.5031 393.5467 331.0132 269.1593 213.2393 240.1623 306.6155 280.2185 277.7154 254.3209 240.5159 230.8513 235.673 215.7019 239.8098 248.3384 263.6483 264.3327 231.6771 213.7622 219.0867 248.5043 275.2595 294.9287 239.0494 201.0015 182.83 221.0568 240.2635
364.6416 382.8544 388.3217 410.3537 383.6074 359.2328 404.3288 354.2877 339.3516 294.7676 307.008 302.1761 308.8129 330.5044 349.5204 368.8782 391.6227 395.8651 403.7437 399.0607 395.7894 383.7398 371.6463 344.8747 329.3972 327.2275 326.6765 331.3387 361.335 369.8397 419.6565 492.4877 516.1163 532.4857 581.7372 644.0416 619.3318 463.7338 372.505 316.2012 210.5293 224.7289 247.3732 261.5778 246.4195 229.1642 220.827 227.1856 221.7778 234.1599 238.1729 252.2785 219.8659 180.9875 233.875 227.4367 260.4489 291.196 291.7448 236.2687 201.0889 192.4804 215.3407 218.0914
182.5326 240.6484 286.8512 347.5491 331.9347 359.7426 397.0705 386.3878 395.9758 370.7715 371.9123 346.3997 348.1852 364.455 385.356 425.8078 449.775 443.9433 426.3753 412.0692 387.0124 369.847 369.9814 383.2234 371.7744 358.3546 378.3482 420.917 441.0333 457.6494 518.6993 637.04 693.3171 721.0648 714.7834 632.5419 543.324 451.6002 384.1983 343.5104 278.4116 228.3111 204.9537 224.3361 240.0669 225.3355 220.3991 205.5952 230.3002 233.8002 224.9864 219.154 192.409 178.4505 198.071 228.7801 265.8881 276.1628 287.0284 248.3814 219.3906 216.0126 224.783 201.3709
187.0997 174.9338 242.3811 295.1464 334.1384 356.9221 426.2704 457.3141 390.6561 410.3534 451.894 407.3123 401.6852 417.4231 426.6621 465.3179 523.4426 466.3117 447.5437 421.0817 420.7841 439.8344 452.9405 428.705 424.5836 399.1606 435.8893 471.9702 497.799 545.6548 615.7241 711.4902 778.5504 693.5964 619.4749 547.1268 471.4142 414.8263 366.8402 330.284 314.2392 261.0582 205.4319 195.1789 206.1487 219.8869 217.0252 218.2118 225.9435 227.7366 214.4138 171.9857 161.4311 166.3297 219.5861 259.3954 241.8654 265.9261 279.5617 282.561 251.3155 241.3115 233.7999 215.3297
188.902 193.3316 296.5501 279.3167 361.8199 429.046 516.5729 516.9602 442.329 462.4634 525.5169 503.0706 484.3759 503.8798 490.6667 535.7261 571.979 528.6919 512.6113 515.0129 501.5797 528.332 514.7794 491.7007 490.2141 456.5074 453.5025 452.1358 472.8388 481.8897 542.1946 580.4484 628.6509 582.8686 500.0536 437.0033 403.0873 368.6773 337.0194 305.8416 317.9529 302.9417 268.2872 194.744 191.3202 192.3283 196.7108 212.9654 215.8354 225.381 208.7891 209.8197 169.449 199.12 200.4756 203.8266 224.5962 253.7561 285.7267 294.0362 301.8563 297.5949 262.8079 248.4102
285.1369 364.5121 289.2305 282.0479 292.631 336.8369 445.8273 554.3099 463.7734 495.3312 528.6711 583.2357 586.8505 608.3824 578.177 578.9272 617.4146 679.1335 681.8956 681.3983 628.0497 574.6249 559.2742 559.2929 594.2999 561.6221 541.7375 502.3235 450.6307 423.7393 442.6204 459.7132 504.3572 482.4343 439.5404 361.597 338.9128 338.9852 306.6393 291.8847 284.2474 271.8317 262.4031 245.8518 200.7579 189.2851 194.8141 203.4926 213.322 211.3101 200.6938 189.823 170.2617 159.5376 163.9294 190.9997 216.7937 240.3887 263.538 265.836 279.4659 293.3732 306.9557 283.1426
395.7588 450.9094 385.1541 345.3905 396.3564 360.7314 385.2585 442.733 487.9102 551.2342 585.7761 646.3356 677.7825 672.5557 753.5406 763.1693 815.0052 824.352 833.9449 776.5948 724.7396 711.9367 668.8831 661.0159 727.3587 828.9521 696.5472 540.4058 474.5963 398.9146 357.5427 354.7531 375.1885 374.3538 350.5689 277.4442 254.9033 265.2737 272.9844 273.8354 261.1888 255.0006 249.6435 241.1908 228.938 187.8373 189.6634 202.9967 203.722 206.3838 204.9836 186.172 158.2475 156.6541 174.2359 208.364 193.3829 206.9426 235.0129 272.6123 275.0018 295.3387 304.5453 292.9469
453.0189 372.4034 370.4192 390.8435 405.8575 436.9982 439.0023 468.1654 514.8918 580.5887 621.621 686.2455 747.8631 797.6887 986.1281 846.5255 966.183 1101.3114 1111.3368 906.0424 935.9221 941.2388 954.7867 948.6457 914.2621 734.5269 596.604 667.5663 457.5874 420.418 404.0854 387.6523 327.212 297.5269 291.4277 285.3966 267.8321 270.3524 255.7449 247.3164 244.071 245.6021 236.8332 239.3426 234.619 222.0798 180.7438 202.6129 208.32 208.4615 208.2915 203.4474 170.8887 153.8628 178.8265 174.3997 201.8124 237.8358 271.3016 297.8328 313.9004 325.6663 329.6099 299.5258
798.5867 431.2836 400.7357 427.2801 457.6936 487.5821 489.6647 532.4373 619.401 687.2845 734.8 804.5085 854.499 887.7556 894.9704 905.9967 967.9514 1126.9097 1059.5205 1146.9895 996.3832 1215.098 1211.0436 1154.8191 1123.1708 912.3049 572.456 497.0992 456.7824 405.3504 388.9984 364.288 329.3834 296.3611 284.6224 274.323 276.5955 269.7224 266.8821 255.6969 253.6565 248.0976 250.0943 242.8666 235.4699 238.9032 213.5654 179.9573 183.3915 197.7482 203.0619 213.5981 202.2872 159.5459 172.1247 182.8684 226.2477 265.1914 298.8334 328.8975 358.4484 354.3563 333.5701 304.7459
571.0402 580.2949 489.7143 474.2251 500.1306 543.896 567.7984 631.6314 651.6772 797.3538 903.213 968.0487 939.4654 845.5685 771.4558 764.0369 828.563 881.4509 942.9576 1079.1121 771.4103 852.3289 910.8438 789.5131 656.1846 642.4006 513.3896 483.1062 481.9825 450.4143 411.1099 387.6089 347.4745 311.9291 304.7298 304.1617 291.7151 291.8305 284.6679 281.8909 280.8948 266.94 256.0089 240.3171 244.834 242.9862 233.483 228.6782 187.9206 178.4581 198.0447 209.6703 193.3949 172.6389 162.1688 199.2001 251.1268 302.6931 321.8268 344.7948 336.928 327.6787 327.8549 303.0642
425.2711 512.7887 506.4596 498.5431 561.0342 642.6847 682.9504 623.9651 784.0865 930.9951 835.8688 818.0798 803.0024 704.8054 670.8057 686.3216 697.4974 721.9935 653.1913 764.0397 847.8218 657.1578 640.2151 528.72 520.0375 489.5135 465.5572 450.3024 446.0842 413.7442 376.1192 351.7423 344.9507 338.5843 337.0552 332.7541 333.6322 342.5008 327.8763 310.1279 296.0275 282.7342 269.0306 246.9581 251.7497 244.6131 234.9599 231.1725 217.9427 175.8921 175.5846 202.9234 202.2389 167.837 174.2329 217.5017 264.676 308.744 291.0114 282.4726 283.2673 295.944 306.8746 312.2016
617.725 499.0602 511.0784 570.0377 648.2822 726.1077 793.2068 719.0897 669.445 687.3495 678.8042 672.3058 653.8253 609.8176 585.6318 604.3002 537.2054 498.8231 451.5589 462.42 520.9579 445.5028 399.121 403.3491 399.6512 403.3834 415.606 391.6453 383.2451 373.5435 366.0799 364.0702 368.5509 367.6041 360.8705 358.3534 369.042 382.1144 370.5735 351.4485 340.9441 327.8088 306.9997 280.8839 271.8225 257.8345 256.6537 238.3954 207.349 195.8898 172.3172 187.8811 187.7647 170.0889 201.6248 252.6595 262.4465 236.4637 233.6901 212.0703 199.7383 214.9619 248.7335 255.9125
934.3655 522.2571 529.2457 626.3839 705.3007 773.1363 801.3429 784.2469 733.4902 739.2812 663.3039 644.8255 593.7778 539.5222 515.4013 499.7728 482.0487 477.9001 488.3058 499.1852 523.8895 372.9743 371.6509 379.4687 414.3864 429.9448 401.0138 389.6198 396.829 387.8277 401.4374 402.9786 418.8221 427.3372 416.3641 395.6824 399.5499 413.6209 387.8453 387.4556 380.6894 362.9799 348.0694 331.1474 297.5 289.0917 268.2088 253.098 246.103 217.11 176.2119 175.9478 205.2812 228.0636 208.0541 192.8542 182.3968 193.7284 172.7649 183.6383 150.5529 150.4064 165.7649 201.8542
764.8682 590.3556 588.6161 868.312 785.8924 817.9485 872.8373 813.5754 757.4108 715.2256 659.4249 619.7209 571.1201 536.8704 550.5184 543.8868 549.4245 579.4163 604.5433 564.1292 409.8246 399.0473 391.0948 403.8672 424.0854 424.561 439.4239 417.3772 427.3828 433.0439 451.0753 472.2552 492.7007 487.1499 482.5711 461.6392 445.4675 422.1331 426.5119 419.1482 408.7783 390.0258 379.4402 355.6155 332.2833 338.0299 318.1661 289.8758 238.893 219.351 208.3858 174.6406 165.5713 180.8902 180.6938 190.9819 199.2658 209.9891 224.3468 256.1443 254.7064 217.2213 163.8885 158.6048
764.0384 826.7139 1150.6078 1291.9923 1003.2184 914.2867 914.3827 870.8184 802.814 765.4506 696.3355 640.2773 626.4652 637.765 625.3572 656.9294 794.668 677.6586 633.0447 519.4104 456.268 429.0661 422.3602 429.1299 438.8395 466.4628 458.2932 461.4094 489.2953 514.1863 510.1973 534.5155 551.0149 529.2443 532.3875 500.8712 477.1045 454.0565 454.04 463.8106 440.6066 406.5611 375.816 362.8045 367.8876 355.5589 350.7667 330.8898 260.7657 266.9015 245.6623 211.7214 206.1565 228.4911 265.9843 281.9128 286.2348 272.3861 253.9209 257.3137 243.346 205.442 198.023 174.6084
1031.8 1313.9911 1604.905 1669.2516 1251.061 1033.0164 1004.415 991.1423 859.376 761.8514 719.2198 734.4037 757.9907 924.3849 793.7964 967.8776 906.5131 701.4402 614.4279 539.5018 495.8686 470.4306 459.7472 460.7943 462.748 495.7583 503.2841 541.3986 567.8776 582.4128 594.2177 589.22 586.5469 578.8387 567.1674 537.5308 501.4598 499.7812 482.7594 457.0128 422.7464 418.4294 401.4656 374.8687 381.3858 363.5723 363.6755 347.0486 329.8972 331.6974 281.5061 246.8822 229.9956 256.1855 281.8425 317.5967 307.5733 293.8882 281.0893 296.3257 262.9572 246.4068 226.0931 195.9225
1859.7023 1874.0314 2058.0901 1523.9939 1257.0664 1171.5269 1452.0568 1172.8401 843.1362 858.2119 845.9788 926.4156 1089.5747 818.8212 806.3091 860.854 797.1475 695.5934 652.5526 593.8069 544.9514 514.1648 494.4037 511.0922 520.1293 567.0924 594.1613 664.7242 646.316 663.5765 652.9495 624.87 612.2623 599.66 586.2258 567.9048 539.6376 539.4993 501.4027 473.9173 462.1769 429.3366 424.0489 407.0818 400.0757 392.1674 363.2792 355.2359 358.5143 368.0744 355.7515 316.4849 293.1797 305.4081 331.1921 343.5352 357.4316 330.6841 318.4984 314.9346 301.3945 273.2748 269.5533 232.2083
2300.3845 2417.0896 1838.5334 1462.6149 1281.3848 1573.0529 1029.9293 887.0151 1047.8715 879.5356 944.5208 1022.7921 1008.7714 963.6162 904.796 834.2131 774.2198 776.5766 672.6634 612.7795 571.2654 552.4026 543.7836 558.3715 620.3185 656.6996 683.1187 691.0217 688.5645 695.713 686.0327 665.9049 632.4228 610.6932 598.3539 589.8758 576.2857 547.4861 515.5184 508.7506 477.6891 444.9732 429.135 437.9731 433.3503 396.4584 399.429 363.9795 400.0036 402.1966 387.2043 376.1346 357.6593 357.8091 360.2911 399.8423 382.5033 370.0185 356.3874 359.3228 334.1117 313.6451 293.854 260.4011
2176.3362 1857.983 1521.1858 1497.4347 1334.2317 935.4468 863.7827 895.5234 906.3005 982.4525 930.6431 947.5148 960.6735 997.8975 992.765 924.8132 831.5333 777.6161 693.5795 678.8123 656.2074 635.1729 629.9174 637.9451 642.0966 667.4326 681.5051 673.4542 678.8701 688.14 692.1251 668.7764 636.8608 637.905 633.512 621.2559 590.489 581.7096 563.7804 536.3704 510.707 480.1714 459.9234 458.0159 449.4462 426.7781 425.146 390.2499 403.8132 431.341 415.2662 408.4029 404.7771 407.4471 402.9297 400.3506 397.8237 395.8609 380.3593 365.4008 352.0011 323.6896 292.9784 276.4956
