Resources/Map/Lvl0_30x30/Ele_CA.asc
ncols         335
nrows         335
xllcorner     -20045000
yllcorner     -25000
cellsize      10000
nodata_value  -99999.0
[rows 125 to 149 of 335, columns 114 to 170 of 335]
-4647.6343 -4407.6016 -3786.5535 -3887.2288 -4460.1421 -4749.792 -4910.4556 -5038.73 -5018.9746 -5041.3633 -4807.0142 -4746.75 -4905.9233 -4939.5435 -4970.1055 -5012.7915 -5067.002 -5044.8745 -5016.8491 -4976.2988 -4948.9199 -4971.7393 -4971.5464 -4927.3394 -4951.6577 -5008.6001 -5072.3745 -5088.5332 -5096.5996 -5141.3945 -5151.8965 -5212.2412 -5282.1328 -5292.1987 -5293.0127 -5489.1362 -5623.6948 -5500.084 -5379.4326 -5255.0225 -5286.8589 -5385.48 -5523.9629 -5606.2861 -5682.4526 -5761.1001 -5731.8306 -5725.3052 -5567.1338 -5475.7388 -5526.9893 -5422.6294 -5355.2124 -5335.1787 -5306.4717 -5352.1426 -5421.6372
-4182.8477 -3865.0686 -3139.2349 -2826.135 -3802.2549 -4837.8022 -5139.6616 -4988.4712 -4773.6284 -5068.7158 -4931.2905 -4838.4043 -4856.1255 -4891.7925 -4935.8286 -4986.5933 -5073.9351 -5103.8418 -5101.4707 -5049.8296 -4972.8506 -4975.8198 -4992.6099 -4930.0566 -4943.6255 -4980.0806 -4981.8438 -5017.4307 -5088.7271 -5150.0293 -5156.0073 -5200.1411 -5280.5942 -5325.3423 -5341.4131 -5433.4287 -5418.7505 -5254.7769 -5185.9033 -5238.7065 -5463.644 -5635.4131 -5686.1226 -5607.0049 -5529.022 -5581.2646 -5597.7246 -5612.8301 -5498.9331 -5444.9204 -5515.897 -5524.6567 -5462.2847 -5450.3267 -5421.8853 -5394.9976 -5398.374
-3858.3157 -3199.2175 -2472.2173 -2151.6865 -3103.4961 -4521.6924 -5106.0576 -4856.4033 -4482.9263 -4890.6201 -5007.7451 -4946.9141 -4874.3901 -4849.6274 -4880.8677 -4947.8076 -5045.3555 -5107.2798 -5092.6802 -5029.7998 -4994.9873 -4980.6841 -4983.8047 -4960.6929 -4984.6187 -5045.1069 -5078.2896 -5066.5166 -5054.1094 -5108.0874 -5166.0327 -5193.0688 -5228.2813 -5257.0166 -5268.7383 -5297.6348 -5319.1602 -5292.4175 -5408.707 -5595.418 -5666.7778 -5589.7114 -5521.3877 -5459.271 -5475.394 -5492.7593 -5522.2432 -5565.6128 -5550.3027 -5544.2559 -5575.9697 -5621.3472 -5608.3477 -5561.6299 -5555.4756 -5513.1079 -5466.9224
-3368.4167 -2888.8657 -3137.6453 -3183.6587 -3046.6636 -3941.7866 -4888.3853 -4848.0942 -3995.4304 -4084.9744 -4636.979 -4877.9893 -4835.4473 -4741.1768 -4881.7344 -4998.5313 -5064.8096 -5109.5815 -5073.2983 -5020.5107 -5011.3203 -5029.605 -5004.4839 -4995.4951 -5002.5605 -5020.355 -5036.9492 -5008.5483 -4990.062 -4975.9663 -5030.5039 -5146.5161 -5252.1162 -5320.0767 -5336.085 -5367.5571 -5381.1143 -5352.5029 -5400.1284 -5471.1792 -5526.3208 -5495.8164 -5492.1245 -5548.4741 -5536.9028 -5493.1743 -5504.8545 -5547.6821 -5557.9038 -5574.3579 -5593.1514 -5632.6582 -5647.9531 -5583.207 -5594.6426 -5591.3784 -5573.8384
-2781.2896 -2858.2844 -4349.7866 -4903.8633 -4262.2896 -3984.6963 -4906.6074 -4773.4199 -3434.1567 -2996.9814 -3935.7253 -4656.835 -4844.7446 -4789.9702 -4982.6895 -5128.8115 -5073.1235 -5061.3081 -5093.0376 -5106.9517 -5096.8291 -5077.7095 -5029.9019 -5012.3735 -5055.8853 -5074.6514 -5028.9453 -4970.5034 -5000.7632 -4961.5576 -5019.6748 -5243.7544 -5422.002 -5471.563 -5425.8481 -5352.4082 -5344.5469 -5406.7188 -5482.3545 -5456.4282 -5495.6719 -5482.4487 -5447.8384 -5487.3281 -5486.2251 -5443.8823 -5463.8169 -5489.9399 -5559.3354 -5577.5562 -5592.2231 -5589.2012 -5589.6641 -5547.5103 -5575.6978 -5613.1982 -5619.3179
-3830.6101 -4081.5247 -5005.0088 -5295.231 -5151.603 -4700.3472 -4986.7402 -4619.709 -3277.449 -2198.9626 -3148.6313 -4363.7935 -4821.2144 -4916.7114 -5047.1865 -5080.6152 -5026.8823 -5006.1489 -5002.5015 -5020.8984 -5113.1182 -5110.8276 -5070.1934 -5040.9434 -5046.0298 -5083.2617 -5077.0283 -5032.8672 -5089.731 -5142.4507 -5210.8501 -5307.6577 -5382.4482 -5418.9766 -5425.9102 -5406.895 -5448.2188 -5574.4814 -5564.6816 -5477.6045 -5480.6045 -5450.8413 -5426.1001 -5429.9253 -5444.0435 -5474.6738 -5480.1792 -5488.7856 -5555.7002 -5506.0562 -5574.9106 -5576.79 -5546.0386 -5557.6924 -5596.7554 -5594.2163 -5612.2266
-4195.7007 -4888.6934 -5210.6128 -5273.9063 -5293.542 -5169.6968 -5038.8193 -4583.5566 -3239.1362 -1867.5468 -2563.9451 -4141.0801 -4809.1641 -5009.2754 -5082.748 -5077.2803 -5053.8535 -5057.3242 -5002.8755 -4968.1602 -5054.7896 -5075.7876 -5095.126 -5108.4673 -5095.4028 -5144.6245 -5207.4878 -5189.2129 -5235.7129 -5307.4194 -5344.0718 -5365.3613 -5375.9028 -5353.0693 -5338.957 -5338.0151 -5374.9858 -5491.1514 -5495.2441 -5422.9751 -5447.2153 -5447.7988 -5456.6206 -5413.3125 -5397.311 -5456.0718 -5470.3682 -5494.3311 -5530.0425 -5552.6851 -5562.5483 -5555.4922 -5526.3452 -5540.2803 -5562.6924 -5584.2974 -5620.9326
-4105.0771 -5019.9829 -5246.1953 -5290.2808 -5284.7998 -5157.3032 -5042.4829 -4702.5654 -3455.0684 -1854.5884 -2212.8308 -3728.2488 -4598.0747 -4982.3569 -5077.5396 -5052.5737 -5018.8472 -5039.0396 -5053.4272 -5047.4194 -5036.3926 -5087.5728 -5194.5078 -5212.0942 -5168.5625 -5182.9502 -5266.585 -5276.0527 -5270.7046 -5280.6914 -5323.1284 -5358.1655 -5340.5166 -5318.2192 -5335.2808 -5305.6675 -5297.4004 -5369.3291 -5386.6924 -5380.2935 -5406.1763 -5407.7666 -5408.2202 -5409.5161 -5398.4819 -5441.1538 -5451.5908 -5482.0308 -5505.0679 -5519.2007 -5485.3271 -5482.605 -5519.6689 -5560.8896 -5523.5239 -5574.2549 -5629.8115
-4838.4517 -5217.2988 -5315.9966 -5299.8301 -5289.9111 -5024.3237 -4877.4419 -4671.5513 -3949.5505 -2432.9985 -2347.8298 -3522.5654 -4434.2622 -4951.6484 -5083.1201 -5038.7534 -4970.6401 -4988.1758 -5029.0137 -5106.5117 -5154.0376 -5207.9902 -5252.6958 -5231.3984 -5146.5747 -5171.0801 -5316.0186 -5368.8203 -5328.4443 -5284.2949 -5317.1401 -5359.3809 -5351.771 -5323.9824 -5278.3276 -5270.8335 -5336.5161 -5428.897 -5443.4971 -5388.6206 -5365.4209 -5377.6064 -5387.4888 -5428.2021 -5426.2954 -5425.5576 -5431.4849 -5442.0688 -5463.167 -5486.6465 -5462.3037 -5477.9634 -5504.6499 -5549.5415 -5546.3618 -5555.9077 -5600.3813
-5253.3999 -5295.1831 -5318.6724 -5325.1885 -5317.292 -4924.1084 -4545.8076 -4840.0103 -4618.8584 -3609.0291 -2745.1921 -2957.3376 -4053.2371 -4887.4966 -5103.8687 -5080.6045 -5035.3691 -5052.8281 -5088.186 -5148.1807 -5202.0776 -5217.6431 -5236.2549 -5262.1348 -5234.4624 -5261.4092 -5353.1484 -5409.3247 -5351.6528 -5274.9775 -5286.603 -5337.1924 -5345.1855 -5318.2642 -5227.0464 -5205.5938 -5323.8164 -5397.9385 -5410.1333 -5408.3569 -5401.6182 -5413.3496 -5416.1748 -5433.8335 -5437.0054 -5420.4111 -5424.7314 -5420.4238 -5433.6484 -5469.4844 -5484.1777 -5471.9717 -5465.9053 -5462.4766 -5493.1177 -5519.5439 -5563.4043
-5304.4688 -5227.7593 -5203.3701 -5322.5527 -5329.6924 -4905.1787 -4332.5757 -5033.064 -5082.5439 -4643.5151 -3395.251 -2420.2729 -3460.6743 -4770.5137 -5101.7827 -5119.54 -5104.9478 -5100.5474 -5125.0571 -5172.561 -5187.8169 -5153.396 -5184.5752 -5277.0249 -5238.9346 -5219.2856 -5270.6885 -5313.8081 -5315.4229 -5288.2803 -5269.6753 -5305.6699 -5348.9043 -5307.8613 -5213.5088 -5212.3188 -5289.3516 -5298.207 -5348.7231 -5413.1587 -5423.6821 -5431.9004 -5438.8823 -5438.8384 -5432.1763 -5439.4053 -5420.5332 -5423.1016 -5408.5298 -5424.4604 -5475.814 -5470.3218 -5451.75 -5450.7031 -5463.0493 -5493.9063 -5515.8027
-5291.7305 -5098.4819 -5016.2842 -5281.1982 -5170.5269 -4324.5308 -3781.0649 -5064.4355 -5171.084 -5034.2114 -4017.5852 -2688.6086 -3296.0154 -4581.4561 -5019.1563 -5112.3154 -5127.9673 -5129.1392 -5130.8213 -5147.1099 -5156.8701 -5152.1665 -5183.1802 -5237.5332 -5195.0552 -5187.4175 -5251.0991 -5296.8765 -5308.7778 -5299.6216 -5268.5562 -5276.73 -5367.7275 -5364.0581 -5232.8013 -5217.127 -5311.1396 -5338.5273 -5392.1646 -5416.6846 -5422.4121 -5415.292 -5424.5029 -5430.1743 -5424.1221 -5463.3784 -5433.9092 -5427.9434 -5393.1475 -5376.2056 -5408.5078 -5444.52 -5435.6567 -5465.6738 -5485.6157 -5472.7305 -5466.8042
-5265.7671 -5149.2456 -5044.3716 -5235.3579 -5010.3853 -3773.7871 -3344.7578 -5074.6719 -5172.3662 -5146.5093 -4642.0518 -3294.9075 -2887.6267 -3884.5798 -4786.1953 -5066.9395 -5111.5688 -5144.1655 -5151.0107 -5157.7622 -5182.7925 -5194.8765 -5222.707 -5242.4873 -5223.0132 -5232.3159 -5250.6147 -5268.2808 -5261.9224 -5228.292 -5240.4248 -5299.7764 -5390.9561 -5408.3213 -5274.2041 -5228.9199 -5297.9302 -5331.6509 -5373.9795 -5399.4717 -5410.0283 -5404.0791 -5408.2666 -5414.6431 -5401.7773 -5398.5332 -5396.1187 -5429.2739 -5421.0034 -5426.3101 -5430.1001 -5486.6367 -5516.4692 -5475.6714 -5495.8696 -5475.4771 -5466.2178
-5237.6582 -5210.27 -5196.7588 -5224.436 -5064.4209 -4344.9014 -4173.9658 -5133.5908 -5155.3145 -5144.5205 -4772.6519 -3494.2061 -2319.0354 -3272.552 -4642.2051 -4907.2227 -4934.6211 -5084.3252 -5160.0986 -5160.8027 -5217.6914 -5261.7905 -5295.126 -5281.5464 -5253.0513 -5279.8247 -5281.6143 -5275.939 -5230.4946 -5135.856 -5149.5718 -5289.0259 -5403.7612 -5449.3667 -5352.2441 -5291.436 -5310.4023 -5309.5415 -5344.6855 -5388.0977 -5417.8306 -5445.4951 -5450.2612 -5401.667 -5396.9614 -5395.1616 -5410.7456 -5432.5698 -5443.7769 -5495.1353 -5436.7334 -5497.6416 -5549.5537 -5459.5366 -5455.8315 -5469.7544 -5435.7104
-5239.9033 -5154.9492 -5113.6699 -5155.4014 -5179.4214 -5083.1445 -5114.1318 -5144.127 -5136.9468 -5112.7456 -4803.3701 -3686.8909 -2432.6995 -2610.1675 -3869.3206 -4142.4136 -4132.2764 -4678.9077 -5110.2578 -5198.814 -5252.021 -5302.7192 -5345.4497 -5313.9893 -5292.3882 -5318.103 -5311.5581 -5305.2988 -5282.3198 -5179.9873 -5138.311 -5261.8291 -5348.0786 -5399.918 -5420.2539 -5390.7505 -5364.4214 -5324.5542 -5300.438 -5290.2246 -5362.7905 -5428.3213 -5450.0527 -5389.4272 -5375.8931 -5409.2168 -5452.8892 -5424.7568 -5428.6118 -5493.3901 -5402.3208 -5434.5044 -5505.9673 -5464.8691 -5404.5054 -5457.4683 -5449.2749
-5016.2085 -4866.9819 -4836.606 -4954.2095 -5098.2036 -5152.6836 -5169.9951 -5123.6567 -5131.3584 -5125.0654 -4959.2715 -4288.4473 -3190.5073 -2125.6648 -2357.0964 -2491.4946 -2883.1157 -4046.4111 -4906.3862 -5179.0718 -5124.25 -5079.4766 -5326.6245 -5358.9829 -5342.7017 -5328.1167 -5307.4233 -5315.0181 -5321.7861 -5270.3262 -5213.8789 -5230.0088 -5242.8423 -5285.231 -5372.5791 -5384.5752 -5326.9697 -5237.3535 -5155.791 -5151.8491 -5299.3013 -5374.3779 -5386.8428 -5379.9351 -5349.5669 -5391.8735 -5453.6011 -5427.6699 -5438.5029 -5461.2798 -5387.3159 -5420.1572 -5465.0693 -5419.562 -5354.543 -5437.25 -5472.1333
-4426.0415 -4065.2651 -4320.3872 -4664.8799 -4966.3374 -5086.0654 -5130.7866 -5090.3691 -5116.4165 -5117.7051 -5066.3716 -4801.6465 -4008.9468 -2450.8564 -1686.2633 -1664.7356 -2239.7019 -3429.9871 -4404.6577 -4919.5645 -4851.353 -4667.5313 -5187.9385 -5368.354 -5348.1958 -5321.8223 -5312.0576 -5310.3076 -5332.0313 -5325.5366 -5256.0503 -5223.7266 -5204.5186 -5254.4624 -5351.9746 -5349.7554 -5318.4985 -5293.1484 -5237.689 -5269.5981 -5341.2012 -5376.9507 -5391.1909 -5398.3325 -5363.5107 -5389.4507 -5429.3149 -5424.6055 -5437.2695 -5401.02 -5303.437 -5379.1196 -5449.3936 -5404.2085 -5393.75 -5456.3086 -5482.3164
-3611.4312 -3002.9688 -3788.8401 -4420.4282 -4762.6187 -4974.2793 -5066.4951 -5071.8467 -5115.5757 -5110.1392 -5096.4961 -5019.3555 -4646.9092 -3283.6741 -2049.0422 -1879.3933 -2189.3074 -2984.7561 -3859.7471 -4560.8599 -4689.3887 -4579.8657 -4992.5171 -5331.9409 -5358.1123 -5335.6147 -5333.7158 -5302.9863 -5290.9639 -5354.6226 -5372.7407 -5337.811 -5320.6616 -5323.3076 -5342.2813 -5321.6914 -5317.6626 -5349.7393 -5330.1025 -5336.231 -5329.8257 -5354.0176 -5377.6069 -5373.4692 -5359.8945 -5385.8105 -5407.3491 -5411.0659 -5410.145 -5381.2041 -5256.71 -5306.3613 -5454.5234 -5420.5171 -5443.2534 -5515.5269 -5500.3584
-3259.3274 -2395.2434 -3240.8894 -3908.8494 -4197.2871 -4642.7695 -4897.7397 -5033.1768 -5112.832 -5113.2944 -5093.3188 -5051.4561 -4911.4658 -4136.9595 -3263.6155 -2922.9038 -2795.7686 -2973.6726 -3248.2715 -4086.1809 -4529.835 -4803.3975 -5047.1416 -5209.5327 -5309.6079 -5341.0605 -5323.2588 -5287.7666 -5271.0391 -5355.8735 -5393.0703 -5361.0327 -5355.854 -5330.7827 -5284.5225 -5265.5254 -5288.5342 -5315.2505 -5304.0371 -5304.9961 -5321.8535 -5357.5806 -5375.0947 -5365.2183 -5353.311 -5366.2207 -5396.6294 -5393.5776 -5351.6079 -5358.7158 -5298.5693 -5320.2578 -5509.6558 -5451.7026 -5473.5635 -5573.7988 -5508.7305
-3566.4944 -2351.0283 -2414.3821 -2397.6567 -2796.1741 -3911.9624 -4626.3813 -4978.1348 -5114.7524 -5122.3047 -5098.5615 -5058.7603 -4981.8403 -4785.3936 -4583.2163 -4142.6978 -3462.7419 -2774.1077 -2429.6118 -3499.4629 -4422.6406 -4920.5337 -5181.7476 -5154.4409 -5215.6372 -5287.1655 -5277.6567 -5264.0757 -5300.2632 -5386.0581 -5343.3306 -5272.8335 -5287.5806 -5297.2637 -5267.6265 -5250.686 -5261.8843 -5287.813 -5291.2012 -5291.3735 -5340.2881 -5388.3784 -5391.9463 -5369.3442 -5359.1519 -5342.3228 -5373.2656 -5372.9282 -5289.8936 -5340.7056 -5376.3589 -5385.5361 -5529.9214 -5535.0342 -5553.7671 -5590.7314 -5568.9409
-3953.3982 -2394.051 -1369.0786 -661.7578 -1051.5585 -2689.1511 -4303.2212 -4976.6123 -5130.2671 -5124.1011 -5099.1577 -5060.4263 -5003.4268 -4993.3315 -4928.8418 -4497.0967 -3534.4895 -2611.2419 -2359.9036 -3405.1392 -4480.6719 -5016.2451 -5292.0303 -5272.0425 -5202.3296 -5173.3608 -5177.6392 -5227.708 -5313.3662 -5350.6816 -5242.4517 -5208.0137 -5274.0654 -5301.7246 -5301.394 -5285.5039 -5287.2026 -5311.1431 -5314.147 -5316.3755 -5352.0581 -5385.9653 -5376.9126 -5359.3843 -5379.0928 -5341.625 -5346.312 -5334.2949 -5256.6768 -5325.1279 -5431.0342 -5476.3296 -5525.4966 -5562.2002 -5589.9839 -5576.4673 -5615.2642
-4224.0513 -2837.5063 -1273.9113 -791.6786 -1116.9596 -2152.884 -3937.5486 -4956.4561 -5126.5161 -5111.0181 -5077.8774 -5052.1743 -5042.2295 -5001.2969 -4917.4097 -4457.2021 -3129.8928 -2288.7026 -2761.0083 -3786.6409 -4604.1387 -5163.9888 -5353.3062 -5361.6719 -5259.3604 -5100.5396 -5045.7754 -5163.2188 -5282.4023 -5282.6963 -5244.7271 -5249.9966 -5260.3662 -5266.7109 -5278.8335 -5274.1812 -5306.2339 -5324.9917 -5317.1392 -5329.9766 -5365.6631 -5400.3984 -5373.6665 -5358.1963 -5377.4048 -5359.1626 -5367.3062 -5365.9502 -5314.52 -5332.1299 -5395.479 -5455.2139 -5440.7109 -5512.2139 -5554.4165 -5518.001 -5579.8877
-4517.0313 -3724.1479 -2470.418 -2463.4377 -2924.0471 -3318.4663 -4131.1333 -4969.6631 -5103.8579 -5072.644 -5062.0981 -5055.2192 -5075.2251 -5048.6631 -4979.6221 -4525.1328 -3131.3223 -2316.4641 -2984.2419 -3958.459 -4612.7471 -5159.5669 -5341.4087 -5358.5786 -5324.0542 -5142.1016 -4900.1201 -5008.2441 -5220.9473 -5215.6655 -5220.0693 -5235.2422 -5232.7368 -5241.6216 -5276.4409 -5277.6738 -5284.0244 -5299.9092 -5306.2236 -5303.9873 -5322.8916 -5366.8525 -5363.6943 -5371.5068 -5356.7402 -5350.4502 -5370.0151 -5371.0737 -5337.3115 -5325.3389 -5401.271 -5408.7944 -5259.8979 -5411.0288 -5377.3013 -4966.9653 -5239.4102
-4751.4863 -4369.0615 -3348.1819 -3282.9902 -3931.1824 -4365.9634 -4689.1069 -5023.0054 -5073.1274 -5036.9033 -5071.1592 -5082.5933 -5106.8584 -5129.9058 -5092.7886 -4843.2617 -4082.6157 -3301.9778 -3001.9065 -3269.5325 -4034.6755 -4845.4136 -5269.2935 -5374.2158 -5381.9199 -5280.2451 -4927.6543 -4849.1812 -5146.1475 -5221.04 -5218.873 -5225.5693 -5249.3154 -5278.5698 -5319.5044 -5321.0908 -5293.1055 -5303.4053 -5313.9038 -5300.3047 -5296.9326 -5318.772 -5347.2754 -5375.2236 -5344.1826 -5354.9268 -5362.7944 -5334.4067 -5313.8574 -5315.9292 -5450.1035 -5460.4424 -5296.9067 -5373.8794 -5277.1519 -4490.5952 -4720.1274
-4912.4902 -4585.1113 -3450.7356 -3108.3953 -4112.0347 -4643.9727 -4909.2666 -5049.6992 -5063.9976 -5057.647 -5071.2407 -5053.0439 -5036.6479 -5137.0884 -5145.9595 -5077.3164 -4848.4458 -4276.3813 -3281.3586 -2605.9265 -3071.4897 -4169.1191 -5035.3521 -5341.5073 -5375.6104 -5390.729 -5183.9531 -4986.647 -5180.4688 -5303.751 -5290.3955 -5266.4814 -5272.0615 -5350.8389 -5406.5845 -5371.6411 -5331.6816 -5356.6611 -5367.4453 -5337.3813 -5329.7017 -5333.9375 -5338.9214 -5351.6797 -5329.1963 -5368.0591 -5357.5947 -5313.9893 -5304.103 -5296.833 -5415.3511 -5460.6279 -5431.0864 -5414.3892 -5342.1182 -4856.415 -4771.8984
