Resources/Map/Lvl0_30x30/Ele_AG.asc
ncols         335
nrows         335
xllcorner     55000
yllcorner     6675000
cellsize      10000
nodata_value  -99999.0
[rows 0 to 25 of 335, columns 118 to 176 of 335]
-99999.0 -99999.0 -99999.0 -99999.0 -99999.0 -99999.0 -99999.0 -99999.0 -99999.0 -99999.0 -99999.0 -99999.0 -99999.0 -99999.0 -99999.0 -99999.0 -99999.0 -99999.0 -99999.0 -99999.0 -99999.0 -99999.0 -99999.0 -99999.0 -99999.0 -99999.0 -99999.0 -99999.0 -99999.0 -99999.0 -99999.0 -99999.0 -99999.0 -99999.0 -99999.0 -99999.0 -99999.0 -99999.0 -99999.0 -99999.0 -99999.0 -99999.0 -99999.0 -99999.0 -99999.0 -99999.0 -99999.0 -99999.0 -99999.0 -99999.0 -99999.0 -99999.0 -99999.0 -99999.0 -99999.0 -99999.0 -99999.0 -99999.0 -99999.0
-99999.0 -99999.0 -99999.0 -99999.0 -99999.0 -99999.0 -99999.0 -99999.0 -99999.0 -99999.0 -99999.0 -99999.0 -99999.0 -99999.0 -99999.0 -99999.0 -99999.0 -99999.0 -99999.0 -99999.0 -99999.0 -99999.0 -99999.0 -99999.0 -99999.0 -99999.0 -99999.0 -99999.0 -99999.0 -99999.0 -99999.0 -99999.0 -99999.0 -99999.0 -99999.0 -99999.0 -99999.0 -99999.0 -99999.0 -99999.0 -99999.0 -99999.0 -99999.0 -99999.0 -99999.0 -99999.0 -99999.0 -99999.0 -99999.0 -99999.0 -99999.0 -99999.0 -99999.0 -99999.0 -99999.0 -99999.0 -99999.0 -99999.0 -99999.0
-99999.0 -99999.0 -99999.0 -99999.0 -99999.0 -99999.0 -99999.0 -99999.0 -99999.0 -99999.0 -99999.0 -99999.0 -99999.0 -99999.0 -99999.0 -99999.0 -99999.0 -99999.0 -99999.0 -99999.0 -99999.0 -99999.0 -99999.0 -99999.0 -99999.0 -99999.0 -99999.0 -99999.0 -99999.0 -99999.0 -99999.0 -99999.0 -99999.0 -99999.0 -99999.0 -99999.0 -99999.0 -99999.0 -99999.0 -99999.0 -99999.0 -99999.0 -99999.0 -99999.0 -99999.0 -99999.0 -99999.0 -99999.0 -99999.0 -99999.0 -99999.0 -99999.0 -99999.0 -99999.0 -99999.0 -99999.0 -99999.0 -99999.0 -99999.0
-99999.0 -99999.0 -99999.0 -99999.0 -99999.0 -99999.0 -99999.0 -99999.0 -99999.0 -99999.0 -99999.0 -99999.0 -99999.0 -99999.0 -99999.0 -99999.0 -99999.0 -99999.0 -99999.0 -99999.0 -99999.0 -99999.0 -99999.0 -99999.0 -99999.0 -99999.0 -99999.0 -99999.0 -99999.0 -99999.0 -99999.0 -99999.0 -99999.0 -99999.0 -99999.0 -99999.0 -99999.0 -99999.0 -99999.0 -99999.0 -99999.0 -99999.0 -99999.0 -99999.0 -99999.0 -99999.0 -99999.0 -99999.0 -99999.0 -99999.0 -99999.0 -99999.0 -99999.0 -99999.0 -99999.0 -99999.0 -99999.0 -99999.0 -99999.0
-4160.4458 -4160.4458 -4160.5996 -4161.1343 -4161.4458 -4161.4458 -4161.4458 -4161.4458 -4161.4458 -4161.4458 -4161.6973 -4162.0015 -4162.2222 -4162.4458 -4162.4458 -4162.7588 -4163.0015 -4163.0015 -4163.0015 -4163.291 -4163.8198 -4164.0015 -4164.0015 -4164.0015 -4164.0015 -4164.0015 -4164.3594 -4164.9058 -4165.0015 -4165.0015 -4165.0015 -4165.0015 -4165.5225 -4165.5571 -4165.5571 -4165.5591 -4166.0015 -4166.0015 -4166.0405 -4166.5571 -4166.5571 -4166.5571 -4166.5571 -4166.6372 -4167.1138 -4167.5571 -4167.5571 -4167.5571 -4167.7183 -4168.1128 -4168.1128 -4168.1128 -4168.1128 -4168.1128 -4168.1128 -4168.3105 -4168.5571 -4168.8286 -4169.1128
-4159.3779 -4159.3779 -4159.4946 -4159.8003 -4159.6147 -4159.2227 -4159.2227 -4159.2227 -4159.2227 -4159.2227 -4159.4136 -4159.3701 -4159.0669 -4159.0669 -4159.0669 -4159.3047 -4159.8271 -4160.0669 -4160.0669 -4160.0669 -4159.9624 -4159.9116 -4159.9116 -4159.9116 -4159.9116 -4159.9116 -4159.9116 -4160.2607 -4160.3335 -4160.3335 -4160.3335 -4160.3335 -4160.7295 -4160.2017 -4160.1782 -4160.1782 -4160.1782 -4160.1782 -4160.248 -4161.1782 -4161.1782 -4161.1782 -4161.1782 -4161.1782 -4161.2637 -4161.6006 -4161.458 -4161.0225 -4161.145 -4161.4448 -4161.4448 -4161.4448 -4161.4448 -4161.4448 -4161.4448 -4161.4448 -4161.4448 -4161.6514 -4161.8672
-4155.4004 -4155.4004 -4155.4004 -4155.4004 -4155.272 -4155 -4155 -4155 -4155 -4155 -4155 -4154.8101 -4154.5996 -4154.5996 -4154.5996 -4154.5996 -4154.834 -4155 -4155.3774 -4155.5996 -4155.3306 -4155.1997 -4155.1997 -4155.1997 -4155.1997 -4155.1997 -4155.1997 -4155.1997 -4155.1997 -4155.7222 -4155.7993 -4155.7993 -4155.7993 -4155.4155 -4155.3989 -4155.3989 -4155.4146 -4155.999 -4156.0269 -4156.3989 -4156.3989 -4156.3989 -4156.3989 -4156.5073 -4156.999 -4156.999 -4157.0479 -4157.1987 -4157.1987 -4157.3857 -4157.7983 -4157.7983 -4157.7983 -4157.7983 -4158.0518 -4158.3979 -4158.6777 -4158.998 -4158.998
-4177.3857 -4177.3857 -4177.3857 -4177.3857 -4177.3857 -4177.3857 -4177.3857 -4177.3857 -4177.3857 -4177.3857 -4177.3857 -4177.3857 -4177.3857 -4177.3857 -4177.7222 -4178.0078 -4178.0078 -4178.0078 -4178.2456 -4178.3857 -4178.3857 -4178.3857 -4178.8315 -4179.0078 -4179.0078 -4179.0078 -4179.0078 -4179.0078 -4179.0078 -4179.3374 -4179.3857 -4179.9551 -4180.0078 -4180.0078 -4180.0078 -4180.0078 -4180.0332 -4181.0078 -4181.0078 -4181.0078 -4181.0078 -4181.0078 -4181.0078 -4181.0757 -4181.5112 -4182.0078 -4182.1006 -4182.3857 -4182.5664 -4183.1255 -4183.3857 -4183.6074 -4184.0078 -4184.0078 -4184.4302 -4185.0078 -4185.1841 -4185.3857 -4185.3857
-4212.2476 -4212.2476 -4212.2476 -4212.2476 -4212.2476 -4212.2476 -4212.2476 -4212.2476 -4212.2476 -4212.2476 -4212.2476 -4212.2476 -4212.2476 -4212.2476 -4212.4399 -4212.6035 -4212.6035 -4212.6035 -4212.6035 -4212.6035 -4212.6035 -4212.6035 -4212.8589 -4212.96 -4212.96 -4212.96 -4212.96 -4212.96 -4212.96 -4212.96 -4212.96 -4213.2856 -4213.3159 -4213.3159 -4213.3159 -4213.96 -4213.9688 -4214.3159 -4214.3159 -4214.3159 -4214.3159 -4214.3159 -4214.3159 -4214.3159 -4214.3877 -4214.6719 -4214.6719 -4214.6719 -4214.7754 -4215.0283 -4215.2432 -4215.7988 -4216.0283 -4216.0283 -4216.1787 -4216.3843 -4216.3843 -4216.3843 -4216.3843
-4237.3179 -4237.3179 -4237.3179 -4237.3179 -4237.3179 -4237.3179 -4237.3179 -4237.3179 -4237.3179 -4237.3179 -4237.3179 -4237.3179 -4237.3179 -4237.3179 -4237.3179 -4237.3179 -4237.3179 -4237.3179 -4237.3179 -4237.3179 -4237.3179 -4237.3179 -4237.7954 -4237.9839 -4237.9839 -4237.9839 -4237.9839 -4237.9839 -4237.9839 -4237.9839 -4237.9839 -4237.9839 -4237.9839 -4237.9839 -4237.9839 -4238.3179 -4238.3179 -4238.3179 -4238.3179 -4238.3179 -4238.3179 -4238.3179 -4238.3179 -4238.3179 -4238.3179 -4238.3179 -4238.3179 -4238.3179 -4238.3179 -4238.3179 -4238.4297 -4238.6519 -4238.6519 -4238.6519 -4238.6519 -4238.6519 -4238.6519 -4238.6519 -4238.6519
-4257.0708 -4257.0708 -4257.0708 -4257.0708 -4257.0708 -4257.0708 -4257.0708 -4257.0708 -4257.0708 -4257.0708 -4257.0708 -4256.7441 -4256.3828 -4256.3828 -4256.3828 -4256.3828 -4256.3828 -4256.3828 -4256.3828 -4256.3828 -4256.3828 -4256.3828 -4256.6064 -4256.6948 -4256.6948 -4256.6948 -4256.6948 -4256.6948 -4256.6948 -4256.6948 -4256.6948 -4256.6948 -4256.6948 -4256.6948 -4256.6948 -4256.6948 -4256.6948 -4256.6948 -4256.6948 -4256.6948 -4256.6948 -4256.6948 -4256.6948 -4256.6948 -4256.6948 -4256.6948 -4256.6948 -4256.6948 -4256.6948 -4256.6948 -4256.6948 -4256.6948 -4256.6948 -4256.6948 -4256.4043 -4256.0068 -4256.0068 -4256.0068 -4256.0068
-4271.5195 -4271.5195 -4271.5195 -4271.5195 -4271.5195 -4271.5195 -4271.5195 -4271.5195 -4271.5195 -4271.5195 -4271.5195 -4271.3818 -4271.2295 -4271.2295 -4271.2295 -4271.2295 -4271.2295 -4271.2295 -4271.2295 -4271.2295 -4271.2295 -4271.2295 -4271.2295 -4271.2295 -4270.689 -4270.5195 -4270.5195 -4270.5195 -4270.5195 -4270.5195 -4270.5195 -4270.5195 -4270.5195 -4270.5195 -4270.5195 -4270.5195 -4270.5195 -4270.5195 -4270.5195 -4270.5195 -4270.5195 -4270.5195 -4270.5195 -4270.5195 -4270.5195 -4270.5195 -4270.5195 -4270.5195 -4270.5195 -4270.5195 -4270.5195 -4270.5195 -4270.5195 -4270.5195 -4270.397 -4270.2295 -4270.2295 -4270.2295 -4270.2295
-4282.3198 -4282.3198 -4282.3198 -4282.3198 -4282.3198 -4282.3198 -4282.3198 -4282.3198 -4282.3198 -4282.3198 -4282.3198 -4282.3198 -4282.3198 -4282.3198 -4282.3198 -4282.3198 -4282.3198 -4282.3198 -4282.3198 -4282.3198 -4282.3198 -4282.3198 -4282.3198 -4282.3198 -4282.1162 -4282.0522 -4282.0522 -4282.0522 -4282.0522 -4282.0522 -4282.0522 -4282.0522 -4282.0522 -4282.0522 -4282.0522 -4282.0522 -4282.0522 -4282.0522 -4282.0522 -4282.0522 -4282.0522 -4282.0522 -4282.0522 -4282.0522 -4282.0522 -4282.0522 -4282.0522 -4282.0522 -4282.0522 -4282.0522 -4281.8071 -4281.3198 -4281.3198 -4281.3198 -4281.3198 -4281.3198 -4281.3198 -4281.3198 -4281.3198
-4289.5244 -4289.5244 -4289.5244 -4289.5244 -4289.5244 -4289.5244 -4289.5244 -4289.5244 -4289.5244 -4289.5244 -4289.5244 -4289.5244 -4289.5244 -4289.5244 -4289.5244 -4289.5244 -4289.5244 -4289.5244 -4289.5244 -4289.5244 -4289.5244 -4289.5244 -4289.5244 -4289.5244 -4289.5244 -4289.5244 -4289.5244 -4289.5244 -4289.5244 -4289.5244 -4289.5244 -4289.5244 -4289.5244 -4289.5244 -4289.5244 -4289.5244 -4289.5244 -4289.5244 -4289.5244 -4289.5244 -4289.5244 -4289.5244 -4289.5244 -4289.5244 -4289.5244 -4289.5244 -4289.5244 -4289.5244 -4289.5244 -4289.5244 -4289.4419 -4289.2783 -4289.2783 -4289.2783 -4289.2783 -4289.2783 -4289.2783 -4289.2783 -4289.2783
-4294.1045 -4294.1045 -4294.3188 -4294.8804 -4294.8804 -4294.8804 -4294.8804 -4294.8804 -4294.8804 -4294.8804 -4294.8804 -4295.249 -4295.6563 -4295.6563 -4295.6563 -4295.6563 -4295.6563 -4295.6563 -4295.6563 -4295.6563 -4295.6563 -4295.6563 -4295.6563 -4295.6563 -4295.6563 -4295.6563 -4295.6563 -4295.6563 -4295.6563 -4295.6563 -4295.6563 -4295.6563 -4295.6563 -4295.6563 -4295.6563 -4295.6563 -4295.6563 -4295.6563 -4295.6563 -4295.6563 -4295.5679 -4294.8804 -4294.8804 -4294.8804 -4294.8804 -4294.8804 -4294.8804 -4294.8804 -4294.8804 -4294.8804 -4294.8804 -4294.8804 -4294.8804 -4294.8804 -4294.8804 -4294.8804 -4294.8804 -4294.8804 -4294.4844
-4295.7983 -4295.7983 -4295.854 -4296.2383 -4296.7983 -4296.7983 -4297.0894 -4297.5962 -4297.5962 -4297.5962 -4297.9575 -4298.4902 -4298.5962 -4298.5962 -4298.5962 -4298.5962 -4298.5962 -4298.5962 -4298.5962 -4298.5962 -4298.5962 -4299.1509 -4298.8218 -4298.5962 -4298.5962 -4298.5962 -4298.5962 -4298.5962 -4298.5962 -4298.5962 -4298.5962 -4298.5962 -4298.5962 -4298.5962 -4298.5962 -4298.5933 -4297.7983 -4297.7983 -4297.7983 -4297.7983 -4297.7749 -4297.4878 -4296.7983 -4296.7983 -4296.7983 -4296.7983 -4296.7983 -4296.7983 -4296.7983 -4296.7983 -4296.7983 -4296.5137 -4296 -4296 -4296 -4296 -4296 -4296 -4295.897
-4294.5503 -4295.1797 -4295.4067 -4296.0537 -4296.1797 -4296.4609 -4297.0654 -4297.4971 -4298 -4298 -4298.0815 -4298.5693 -4299 -4299 -4299 -4299 -4299 -4299.498 -4299.8203 -4299.8203 -4299.8203 -4299.9453 -4299.8711 -4299.8203 -4299.8203 -4299.1777 -4299 -4299 -4299 -4298.2852 -4298.1797 -4297.4287 -4296.5908 -4295.7524 -4294.9141 -4294.0752 -4293.0581 -4292.2197 -4291.3813 -4290.6187 -4290.5254 -4289.7739 -4289.4893 -4288.7983 -4288.7983 -4288.7983 -4288.7983 -4288.7983 -4288.7983 -4288.7983 -4289.0728 -4289.5547 -4289.439 -4289.439 -4289.439 -4289.8032 -4290.2588 -4290.2588 -4290.2588
-4292.3525 -4292.688 -4293.3594 -4293.7251 -4294.3154 -4294.6582 -4295.3154 -4295.7021 -4296.3154 -4296.6782 -4297.1577 -4297.6328 -4298.1577 -4298.5947 -4299 -4299 -4299.4927 -4299.938 -4300.5298 -4300.8423 -4301.4092 -4301.6846 -4301.6846 -4302.3071 -4302.5264 -4302.4028 -4302.3687 -4302.3687 -4303.084 -4302.3394 -4302.9634 -4302.1377 -4301.9053 -4301.7437 -4301.5825 -4301.418 -4300.418 -4300.2563 -4300.0361 -4299.1836 -4299.8345 -4298.9482 -4298.9233 -4298.7905 -4298.7905 -4298.7905 -4298.7905 -4298.7905 -4298.7905 -4298.5273 -4298.2827 -4298.6484 -4298.106 -4298.106 -4297.7505 -4297.334 -4297.4219 -4297.4219 -4297.4219
-4290.2715 -4290.3062 -4290.6465 -4291.312 -4291.4072 -4291.75 -4292.4072 -4292.7939 -4293.4072 -4293.8384 -4294.4072 -4294.8823 -4295.4072 -4295.478 -4296.0107 -4296.4072 -4296.9922 -4297.4072 -4297.4927 -4298.106 -4298.4985 -4299.144 -4299.4072 -4299.5078 -4300.2012 -4300.4072 -4300.4072 -4301.1226 -4301.3867 -4301.2891 -4302.165 -4302.1475 -4302.1357 -4302.9653 -4303 -4303.0029 -4303.7285 -4303.7285 -4303.7188 -4303.605 -4303.7129 -4303.71 -4304.457 -4304.457 -4304.457 -4304.457 -4304.457 -4304.457 -4304.457 -4304.1445 -4303.5024 -4303.5444 -4303.457 -4303.457 -4303.3994 -4303.3213 -4303.3213 -4302.8989 -4302.457
-4292.6587 -4292.6587 -4292.9355 -4293.6587 -4293.6587 -4293.6978 -4293.7725 -4293.8164 -4294.2485 -4294.8213 -4294.8862 -4294.9404 -4295 -4295.46 -4295.9478 -4296 -4296.0664 -4296.1138 -4296.6714 -4297.0742 -4297.1138 -4297.1929 -4297.2275 -4297.8828 -4298.2002 -4298.2275 -4298.2275 -4298.3218 -4299.0942 -4299.2275 -4299.3291 -4299.3413 -4299.3413 -4300.3008 -4300.3413 -4300.3418 -4300.4551 -4300.4976 -4301.3413 -4301.3413 -4301.3413 -4301.3569 -4301.5952 -4302.3413 -4302.3413 -4302.3413 -4302.3413 -4302.3413 -4302.3413 -4302.3057 -4302.5239 -4303.1138 -4303.1138 -4303.1138 -4303.1138 -4303.1138 -4303.1138 -4303.0581 -4303.4526
-4295.7251 -4295.7251 -4296.0015 -4296.7251 -4296.7251 -4296.7251 -4296.7251 -4296.7251 -4297.1338 -4297.7251 -4297.7251 -4297.7251 -4297.7251 -4297.7725 -4297.8164 -4297.8164 -4297.8164 -4297.8164 -4297.8745 -4297.9082 -4298.5195 -4298.8164 -4298.8164 -4298.8843 -4298.2168 -4298.7114 -4298.9082 -4298.9082 -4298.9863 -4299 -4299 -4299 -4299 -4299.0879 -4299.0918 -4299.0952 -4300 -4300.0044 -4300.0283 -4299.1836 -4299.2871 -4300.0918 -4300.1064 -4300.1836 -4300.1836 -4300.1836 -4300.1836 -4300.1836 -4300.1836 -4300.1836 -4300.2139 -4300.2749 -4300.2749 -4300.6387 -4300.7998 -4300.2749 -4300.2749 -4300.2749 -4300.7856
-4297.8608 -4297.8608 -4297.8799 -4297.9302 -4298.2285 -4298.8608 -4298.8608 -4298.8608 -4298.8892 -4298.9302 -4298.9302 -4298.9302 -4298.9302 -4298.9302 -4298.9302 -4298.9302 -4299.4746 -4299.8608 -4299.8608 -4299.8608 -4299.9077 -4299.9302 -4299.9302 -4299.9302 -4299.8774 -4299.915 -4299.9302 -4299.9302 -4299.9302 -4299.9302 -4299.9302 -4299.9302 -4299.9302 -4299.9302 -4299.9302 -4299.9307 -4299.9761 -4299.0698 -4299.0649 -4299 -4299.0078 -4299.0698 -4299.0698 -4299.0698 -4299.0698 -4299.0698 -4299.0698 -4299.0698 -4298.7998 -4298.1392 -4298.1392 -4298.1392 -4298.1392 -4298.1675 -4298.1797 -4298.1392 -4298.1392 -4298.1392 -4298.1748
-4298 -4298 -4298 -4298.2842 -4298.9678 -4299 -4299 -4299 -4299 -4299 -4299 -4299 -4299 -4299 -4299.5151 -4299.9521 -4299.9805 -4300 -4300 -4300 -4300 -4300 -4300 -4300 -4300 -4300 -4300 -4300 -4300 -4300 -4300 -4300.8721 -4300.9521 -4300.9521 -4300.9521 -4300.9521 -4300.9512 -4300.9048 -4300.9048 -4300.9048 -4300.9048 -4300.9048 -4300.9048 -4300.9048 -4300.9048 -4300.9048 -4301.1392 -4301.8569 -4301.8433 -4301.8096 -4301.8096 -4301.8096 -4301.8096 -4301.8096 -4301.8096 -4301.8096 -4301.8096 -4301.8096 -4301.8096
-4298 -4298 -4298 -4298.2988 -4299 -4299 -4299 -4299 -4299 -4299 -4299 -4299 -4299 -4299 -4299.0137 -4299.5742 -4300 -4300 -4300 -4300 -4300 -4300 -4300 -4300 -4300 -4300 -4300 -4300 -4300 -4300 -4300 -4300.0234 -4300.0254 -4300.9609 -4301 -4301 -4301 -4301 -4301 -4301 -4301 -4301 -4301 -4301 -4301 -4301 -4301.0063 -4301.0254 -4301.0254 -4301.0254 -4301.0254 -4301.0254 -4301.0254 -4301.0254 -4301.0254 -4301.0254 -4300.5713 -4300.0513 -4299.5537
-4299.9927 -4299.9927 -4299.9927 -4299.9941 -4299.9966 -4299.9966 -4299.9966 -4299.9966 -4299.9966 -4300.4258 -4300.9927 -4300.9927 -4300.9927 -4300.9927 -4301.5317 -4301.9912 -4301.9927 -4302.5977 -4302.9893 -4302.9893 -4302.9893 -4302.9893 -4302.9893 -4302.9893 -4302.9893 -4302.9893 -4303.792 -4303.9858 -4303.9858 -4303.9858 -4303.9858 -4303.9858 -4304.9199 -4304.9854 -4304.9858 -4304.9858 -4304.9858 -4304.9858 -4304.9858 -4304.9858 -4304.9858 -4304.9858 -4305.1431 -4305.8027 -4304.9858 -4304.9858 -4304.9858 -4304.9858 -4304.9858 -4304.6748 -4303.9893 -4303.6343 -4302.2388 -4300.6011 -4299.1616 -4296.2393 -4292.1641 -4288.0884 -4282.9956
-4296.8892 -4297.1436 -4297.8892 -4297.8945 -4298.2285 -4298.9077 -4298.9146 -4299.313 -4299.9263 -4299.9341 -4300.3892 -4300.9351 -4300.9536 -4301.4819 -4301.9629 -4301.9736 -4302.5557 -4302.9741 -4302.9814 -4303.6328 -4304.6548 -4304.9814 -4305.6987 -4305.9951 -4306.7471 -4307.7651 -4307.9966 -4308.812 -4309.8311 -4309.9976 -4310.877 -4311.897 -4311.9814 -4312.9414 -4312.9995 -4313.9854 -4314.9814 -4315.0293 -4316.0503 -4316.9648 -4317.0933 -4317.9629 -4317.9658 -4317.9814 -4317.9814 -4317.9814 -4317.7397 -4316.7368 -4315.7334 -4314.7305 -4313.3931 -4311.3809 -4308.6367 -4304.6055 -4300.167 -4295.1431 -4289.1924 -4281.6719 -4272.6255
