Resources/Map/Lvl0_30x30/Ele_DC.asc
ncols         335
nrows         335
xllcorner     -13345000
yllcorner     -3375000
cellsize      10000
nodata_value  -99999.0
[rows 200 to 224 of 335, columns 0 to 56 of 335]
-3660.8704 -3640.73 -3655.4412 -3679.4026 -3602.759 -3560.6018 -3593.3022 -3586.353 -3630.5513 -3639.1909 -3615.5361 -3642.5571 -3618.2043 -3537.3447 -3498.8452 -3476.7517 -3485.4753 -3492.9495 -3452.728 -3428.9744 -3436.0383 -3474.312 -3470.0269 -3427.8958 -3418.7104 -3380.4272 -3395.21 -3406.4385 -3301.6873 -3287.3894 -3363.1951 -3325.1169 -3285.7146 -3308.3582 -3388.5989 -3371.1814 -3309.1719 -3270.2253 -3300.3926 -3385.4492 -3282.0305 -3159.1008 -3129.0371 -3244.3735 -3262.3611 -3242.05 -3206.8557 -3161.3372 -3187.791 -3012.7778 -3010.8936 -3160.335 -3124.6431 -2981.377 -2964.7065 -3045.842 -3146.4263
-3679.1135 -3663.5347 -3656.7942 -3701.0168 -3625.0449 -3602.1138 -3612.0466 -3629.9436 -3656.7324 -3672.2859 -3638.6533 -3624.3376 -3590.6196 -3570.885 -3575.4377 -3559.8516 -3522.4211 -3531.7937 -3469.6223 -3432.0273 -3513.3762 -3563.1804 -3512.2156 -3470.6082 -3449.3274 -3414.5815 -3426.8162 -3407.1687 -3308.0571 -3260.0125 -3308.7727 -3322.167 -3295.3552 -3352.3313 -3373.8521 -3324.5598 -3330.5425 -3291.4746 -3277.6223 -3363.4258 -3304.7581 -3271.762 -3290.5757 -3209.9255 -3164.3755 -3241.4031 -3210.0444 -3100.2073 -3173.4785 -3253.0825 -3269.0203 -3179.1687 -3126.0635 -3017.7856 -2954.7686 -2999.1028 -2921.7813
-3690.9849 -3675.3052 -3615.5254 -3633.9607 -3646.0317 -3602.8777 -3560.4155 -3601.7834 -3633.3975 -3657.3535 -3651.5657 -3612.9099 -3569.5222 -3571.7397 -3618.6746 -3611.605 -3557.4768 -3561.2839 -3567.7456 -3532.1311 -3563.5525 -3580.8823 -3516.7678 -3480.5642 -3448.9063 -3442.093 -3453.6899 -3392.9949 -3353.2874 -3313.7756 -3307.7695 -3305.8503 -3313.9465 -3360.1626 -3417.155 -3396.5581 -3379.5398 -3334.8474 -3305.9968 -3318.6724 -3327.4783 -3283.6973 -3290.0991 -3252.0657 -3190.0325 -3207.8711 -3237.9351 -2989.5542 -3054.0508 -3164.2302 -3155.4087 -3197.05 -3252.366 -3255.2163 -3227.4919 -3206.3247 -3181.7668
-3636.6726 -3620.4856 -3581.8171 -3579.6382 -3678.8884 -3685.9871 -3619.8352 -3587.7871 -3628.6013 -3625.0334 -3622.2483 -3599.7722 -3545.0969 -3532.3198 -3572.5977 -3603.1233 -3559.0354 -3550.4292 -3610.9517 -3595.2131 -3588.8494 -3578.9307 -3505.3689 -3460.0974 -3425.6514 -3468.4321 -3476.7017 -3421.9258 -3431.6042 -3401.9324 -3327.1401 -3295.9854 -3303.125 -3371.0344 -3381.9023 -3392.4114 -3381.7029 -3335.9673 -3374.1394 -3374.1938 -3389.7781 -3251.2466 -3275.6548 -3306.6499 -3275.5449 -3239.9136 -3276.7366 -3201.2239 -3202.0349 -3097.9385 -2998.5359 -3053.5886 -3113.1655 -3154.8171 -3177.2102 -3201.189 -3203.9819
-3569.3191 -3572.9536 -3594.9622 -3577.075 -3604.5193 -3612.5559 -3586.0657 -3553.9448 -3555.97 -3545.3918 -3568.0193 -3520.1362 -3422.219 -3449.5979 -3512.3372 -3554.218 -3578.2783 -3565.0527 -3558.8477 -3568.9475 -3573.7529 -3511.4072 -3454.3826 -3420.6785 -3424.7561 -3414.1069 -3325.0322 -3254.7285 -3359.3843 -3376.9785 -3324.5552 -3316.1267 -3336.8931 -3368.6594 -3325.3108 -3340.478 -3393.1548 -3344.3999 -3313.6987 -3305.8154 -3349.7502 -3140.8259 -3246.272 -3335.2788 -3291.2034 -3282.1316 -3286.759 -3239.8118 -3173.2156 -3148.9771 -3198.3884 -3216.4053 -3121.6367 -3101.1089 -3076.2607 -3037.5381 -2973.8765
-3614.3486 -3582.1934 -3572.6204 -3553.8655 -3553.8245 -3619.5994 -3611.5481 -3600.2566 -3552.23 -3482.5381 -3504.0991 -3485.3506 -3411.7646 -3451.3354 -3456.6238 -3440.5935 -3466.7446 -3477.624 -3471.7371 -3478.8152 -3485.8027 -3446.0024 -3431.8892 -3418.3674 -3425.8176 -3446.1306 -3316.9922 -3182.522 -3168.6404 -3043.4424 -2983.2058 -3108.5454 -3363.0952 -3361.3223 -3350.1099 -3356.7534 -3411.7971 -3396.5315 -3322.7173 -3255.5022 -3364.5789 -3342.9072 -3360.6245 -3377.0134 -3325.5693 -3327.082 -3317.3401 -3267.6887 -3186.7549 -3156.2219 -3201.1204 -3229.6089 -3205.1091 -3188.7925 -3171.6665 -3216.3601 -3195.6692
-3648.3447 -3603.0295 -3582.209 -3563.7502 -3544.2253 -3635.1606 -3597.4004 -3613.438 -3565.3416 -3489.6228 -3508.5469 -3492.9417 -3439.8909 -3455.3086 -3415.647 -3440.1206 -3440.8127 -3422.3643 -3405.9561 -3423.5093 -3442.5752 -3400.1104 -3404.2732 -3403.0996 -3445.0918 -3525.9121 -3483.6765 -3424.1226 -3456.8171 -3364.7993 -3252.9009 -3292.9612 -3419.2856 -3371.9236 -3361.3201 -3310.3843 -3301.2588 -3389.0081 -3310.4036 -3261.7524 -3335.4663 -3334.0271 -3338.9636 -3229.1636 -3195.2656 -3256.9941 -3306.4656 -3316.594 -3253.593 -3232.7646 -3235.874 -3223.5615 -3213.6763 -3193.7786 -3186.3286 -3245.5847 -3273.844
-3664.0845 -3582.469 -3584.5371 -3603.3657 -3544.5332 -3536.2842 -3520.1143 -3572.6887 -3562.4365 -3551.8247 -3565.4146 -3520.1731 -3485.134 -3474.636 -3451.2048 -3513.8044 -3494.7766 -3459.4285 -3489.5527 -3504.6809 -3442.4075 -3347.8904 -3362.0508 -3372.1013 -3444.5417 -3495.0105 -3432.4312 -3410.293 -3453.3547 -3436.0525 -3449.1357 -3495.3755 -3480.3962 -3425.3899 -3393.4319 -3350.2324 -3387.2322 -3392.3735 -3345.0374 -3303.0002 -3314.9531 -3365.1033 -3312.042 -2936.0427 -2806.321 -2699.4019 -2863.9795 -3194.885 -3174.459 -3177.999 -3197.0898 -3138.4558 -3052.0706 -3075.2454 -3166.2034 -3196.8977 -3230.2751
-3681.5852 -3598.8281 -3564.5967 -3607.624 -3550.3052 -3500.7666 -3514.562 -3553.1721 -3551.6433 -3527.6277 -3493.7219 -3470.8054 -3453.646 -3460.0066 -3459.4368 -3484.5537 -3445.8779 -3425.8784 -3483.2617 -3527.064 -3494.0447 -3387.5039 -3361.5674 -3391.917 -3458.7859 -3480.7991 -3437.8135 -3402.627 -3427.5576 -3439.2766 -3446.2085 -3482.2544 -3483.3005 -3438.9563 -3388.3242 -3347.0688 -3389.8611 -3458.2085 -3426.5093 -3340.5549 -3326.2231 -3355.0889 -3360.6436 -3353.1106 -3256.3699 -2890.1963 -2684.5046 -2974.2737 -2974.8083 -2927.3804 -3093.4353 -3231.2222 -3224.9092 -3157.708 -3168.8918 -3191.2002 -3201.5491
-3617.0002 -3564.947 -3558.6018 -3639.9197 -3558.3938 -3534.1987 -3543.9651 -3546.3687 -3541.2117 -3486.1663 -3458.335 -3486.0994 -3472.7893 -3497.0088 -3484.6621 -3478.8284 -3455.2427 -3454.9517 -3506.4048 -3513.9441 -3479.7625 -3468.6226 -3485.0051 -3482.5239 -3467.6016 -3444.6919 -3425.4385 -3402.0308 -3409.4375 -3432.6694 -3437.8542 -3481.2207 -3471.7893 -3434.9153 -3357.5183 -3295.8325 -3364.4004 -3540.6572 -3537.3687 -3360.9556 -3313.012 -3347.9265 -3362.1079 -3370.3135 -3412.6162 -3422.989 -3363.7124 -3359.9624 -3347.6658 -3198.4802 -3155.78 -3145.1814 -3250.5732 -3253.01 -3215.2917 -3250.4036 -3275.8303
-3641.2756 -3529.71 -3599.5898 -3704.2734 -3607.0183 -3612.0974 -3579.6392 -3511.5552 -3515.011 -3504.4546 -3479.8298 -3497.8721 -3511.0596 -3502.9849 -3451.0559 -3485.3896 -3494.7192 -3477.5281 -3518.2507 -3502.4697 -3433.2778 -3455.5242 -3509.9136 -3505.093 -3496.6606 -3452.0847 -3442.1265 -3456.6736 -3438.959 -3425.5688 -3416.3169 -3466.3379 -3415.6023 -3359.3701 -3313.7952 -3312.9348 -3386.7554 -3400.7397 -3373.2795 -3423.6633 -3332.9583 -3369.4265 -3318.3679 -3322.7881 -3357.8423 -3391.5144 -3360.3645 -3344.2898 -3307.8535 -3238.5293 -3185.7795 -3137.376 -3186.8882 -3246.3647 -3262.6567 -3289.563 -3298.6226
-3651.0396 -3528.8557 -3598.3496 -3636.8213 -3563.967 -3568.4834 -3574.8162 -3530.1182 -3509.9565 -3498.3916 -3501.9343 -3492.8604 -3511.6865 -3481.5024 -3454.637 -3478.3074 -3492.9978 -3509.9985 -3534.2637 -3527.0444 -3473.1831 -3448.543 -3505.9268 -3564.6052 -3538.0762 -3475.4458 -3477.9973 -3490.6846 -3434.1492 -3439.0383 -3412.1958 -3427.7498 -3396.5225 -3310.7212 -3277.999 -3314.3545 -3385.0417 -3339.9172 -3382.8896 -3457.6592 -3381.1519 -3393.4709 -3298.9714 -3332.1379 -3325.9543 -3317.2632 -3248.9695 -3268.7429 -3272.4819 -3199.8083 -3183.6067 -3237.7092 -3260.5259 -3266.1746 -3240.2222 -3253.3923 -3285.0208
-3632.4424 -3524.4451 -3573.0962 -3554.5193 -3539.6287 -3530.769 -3587.2019 -3590.9221 -3571.8354 -3500.7915 -3487.2961 -3474.2693 -3513.2625 -3519.1023 -3504.5659 -3515.5283 -3542.4644 -3548.6436 -3548.3223 -3551.074 -3506.4919 -3449.3843 -3498.5098 -3564.156 -3481.8713 -3419.8152 -3455.2092 -3490.7056 -3477.5007 -3496.9653 -3456.7874 -3423.4597 -3410.9717 -3344.7778 -3302.6638 -3337.5823 -3329.7312 -3322.1104 -3362.7539 -3392.8516 -3424.1252 -3414.9844 -3320.8855 -3371.9495 -3332.3655 -3270.6299 -3238.4331 -3242.47 -3271.324 -3229.9495 -3213.3777 -3270.9126 -3279.4919 -3265.3018 -3237.3899 -3210.8682 -3258.24
-3607.958 -3539.8997 -3589.4749 -3611.6738 -3585.105 -3538.7275 -3567.7866 -3574.2764 -3598.2976 -3535.5396 -3493.1697 -3494.6519 -3566.9395 -3597.6228 -3606.0483 -3612.2419 -3632.71 -3623.1392 -3578.8486 -3559.9128 -3535.2939 -3513.7329 -3561.1548 -3564.8477 -3464.0066 -3433.8079 -3466.9395 -3529.5737 -3489.8911 -3493.4851 -3477.9622 -3441.3362 -3384.8333 -3366.7449 -3372.2412 -3392.4814 -3320.749 -3319.4353 -3346.0586 -3378.9966 -3408.1689 -3376.2004 -3346.6597 -3368.7793 -3327.2791 -3268.8833 -3291.0234 -3276.0437 -3292.3965 -3277.3176 -3225.377 -3248.1792 -3298.6912 -3275.8325 -3309.4626 -3302.2402 -3267.9939
-3578.05 -3553.083 -3587.3582 -3611.9539 -3593.2944 -3546.6802 -3529.3472 -3541.7434 -3559.7087 -3530.7981 -3512.6321 -3550.0959 -3610.3047 -3646.2214 -3687.5605 -3671.8274 -3655.4529 -3640.9138 -3569.5205 -3540.0918 -3552.9236 -3572.4238 -3611.6543 -3555.4465 -3451.54 -3447.5908 -3459.6543 -3440.6177 -3393.6899 -3470.6938 -3481.4368 -3452.594 -3405.1357 -3437.1594 -3441.3135 -3425.6941 -3390.5325 -3347.6528 -3399.8459 -3473.9456 -3366.1946 -3339.5032 -3362.7788 -3360.6604 -3338.9028 -3288.4143 -3278.1304 -3294.6118 -3308.5286 -3332.1956 -3281.1226 -3281.5564 -3316.6511 -3291.8889 -3339.9263 -3345.1736 -3265.1389
-3585.8679 -3552.9834 -3519.2458 -3550.4741 -3562.4058 -3538.0696 -3530.1658 -3554.4294 -3535.2114 -3508.6724 -3517.6379 -3556.8562 -3595.3416 -3623.3994 -3658.4978 -3624.0046 -3600.3416 -3619.3135 -3578.1262 -3535.4468 -3522.5583 -3546.8525 -3586.2551 -3510.0212 -3412.708 -3422.4902 -3415.562 -3345.3279 -3366.3459 -3430.1519 -3427.6636 -3391.5002 -3376.8613 -3419.5562 -3450.4731 -3371.8403 -3353.7595 -3371.6626 -3484.8745 -3534.5737 -3388.929 -3410.6206 -3386.542 -3379.532 -3329.8008 -3294.8318 -3273.9458 -3288.5242 -3333.2385 -3345.4402 -3313.0076 -3310.0723 -3300.8589 -3299.3301 -3329.1252 -3319.1299 -3237.4836
-3635.8079 -3623.126 -3549.53 -3561.936 -3563.3484 -3535.1729 -3527.6208 -3579.5969 -3578.2244 -3544.939 -3528.0818 -3544.645 -3592.1423 -3611.3818 -3606.4731 -3584.4373 -3576.0076 -3580.5667 -3566.0723 -3559.3816 -3548.0349 -3559.3472 -3561.9463 -3477.6509 -3400.1409 -3432.5808 -3449.0542 -3414.9668 -3423.9077 -3399.2498 -3393.5703 -3342.2358 -3356.1648 -3401.8533 -3447.5044 -3324.0371 -3311.6985 -3408.1492 -3530.1106 -3498.1343 -3395.1489 -3442.9417 -3390.2935 -3435.9875 -3382.5359 -3341.3535 -3305.7061 -3322.0273 -3347.2266 -3308.321 -3270.7827 -3287.1465 -3311.5085 -3336.2478 -3317.3098 -3270.3821 -3202.1182
-3621.24 -3652.2651 -3598.218 -3581.4016 -3569.9028 -3550.0503 -3586.6113 -3624.6204 -3683.1345 -3641.7617 -3563.8821 -3589.5352 -3648.1865 -3632.4231 -3600.0383 -3617.3101 -3616.637 -3585.8621 -3568.3179 -3594.6226 -3607.8613 -3590.9841 -3556.2834 -3493.041 -3451.9993 -3505.9993 -3536.6206 -3522.8115 -3479.7019 -3390.8601 -3385.353 -3352.4968 -3379.3137 -3451.7051 -3453.0742 -3309.6985 -3322.9109 -3490.7952 -3519.5488 -3424.8247 -3424.5964 -3470.4885 -3439.2058 -3486.3892 -3442.02 -3384.0601 -3337.55 -3371.6614 -3371.6196 -3298.6213 -3279.4521 -3304.583 -3356.2446 -3370.4656 -3306.2671 -3260.9675 -3261.3567
-3561.3787 -3580.304 -3549.489 -3532.842 -3507.7007 -3531.8804 -3591.1428 -3635.3921 -3733.2251 -3676.791 -3615.2043 -3671.8342 -3711.824 -3672.2659 -3618.8618 -3659.3064 -3664.5122 -3595.0327 -3592.8645 -3634.1431 -3627.0173 -3607.8174 -3578.7966 -3544.8284 -3551.0039 -3602.5383 -3590.1611 -3577.5535 -3539.543 -3431.8816 -3438.1052 -3415.4199 -3398.6716 -3446.8931 -3440.9307 -3362.0862 -3398.1284 -3565.8582 -3503.0854 -3373.2673 -3484.7068 -3508.2305 -3461.3669 -3456.6865 -3480.7378 -3410.3567 -3328.6077 -3374.1389 -3392.3511 -3340.0054 -3323.0972 -3329.1831 -3364.0872 -3384.0706 -3305.5642 -3302.6174 -3316.3557
-3520.8623 -3488.7344 -3468.9426 -3463.658 -3435.8496 -3509.7234 -3552.2466 -3586.2942 -3664.4131 -3663.9653 -3681.908 -3729.8057 -3726.6655 -3690.6194 -3638.0906 -3649.0286 -3639.2915 -3564.4646 -3575.582 -3607.1272 -3588.3074 -3596.7874 -3604.3833 -3617.7795 -3648.6028 -3673.4673 -3620.6936 -3607.1323 -3587.5381 -3465.1016 -3450.1895 -3424.7124 -3372.5625 -3375.7678 -3406.2996 -3415.3743 -3448.7842 -3524.8811 -3453.4641 -3348.6418 -3469.4255 -3506.1785 -3443.1023 -3392.3164 -3492.0583 -3405.4739 -3311.416 -3368.615 -3339.7219 -3314.9192 -3321.718 -3325.2981 -3326.3215 -3342.7698 -3289.5918 -3321.6213 -3316.2126
-3499.6753 -3482.0315 -3513.2295 -3556.3582 -3497.6584 -3522.1909 -3570.9053 -3584.6602 -3633.4927 -3698.9338 -3738.6746 -3744.1025 -3692.5532 -3646.9956 -3613.1553 -3596.0884 -3593.239 -3585.7527 -3573.0916 -3552.416 -3544.4297 -3568.2893 -3613.3057 -3645.4414 -3649.6689 -3663.3416 -3642.1589 -3627.1624 -3603.1389 -3492.6892 -3469.0425 -3430.0107 -3370.6519 -3362.2546 -3383.2593 -3389.8 -3421.8542 -3441.0334 -3347.0906 -3316.6321 -3438.1453 -3427.9377 -3396.5486 -3372.2903 -3476.3896 -3384.0813 -3346.4646 -3370.3066 -3314.3247 -3329.9907 -3329.3345 -3321.7131 -3266.1067 -3271.8992 -3240.0247 -3234.0457 -3228.7256
-3399.0725 -3452.3379 -3539.0608 -3639.5229 -3539.4824 -3505.1118 -3562.5156 -3610.8909 -3630.6218 -3662.7717 -3701.7375 -3698.7422 -3632.074 -3586.2314 -3566.571 -3553.2175 -3582.541 -3627.7268 -3582.3755 -3535.4043 -3539.0645 -3527.3958 -3569.0286 -3615.4758 -3600.7717 -3597.5044 -3578.019 -3558.3586 -3535.3286 -3495.0464 -3497.2615 -3461.9412 -3408.292 -3365.3345 -3400.4587 -3398.458 -3387.2739 -3343.6104 -3266.7893 -3252.2903 -3369.9536 -3328.8716 -3290.8154 -3350.9475 -3404.0857 -3341.0193 -3371.322 -3378.0842 -3359.8855 -3412.9048 -3362.6663 -3286.9878 -3234.7102 -3236.4341 -3230.0059 -3170.3745 -3170.0359
-3408.7256 -3439.7996 -3460.7483 -3510.1182 -3456.9612 -3383.3428 -3363.5496 -3518.1458 -3567.8638 -3563.8953 -3578.4053 -3575.0615 -3570.0349 -3549.1846 -3512.8486 -3512.4646 -3546.5234 -3554.6147 -3495.7405 -3502.9229 -3535.3337 -3488.6252 -3501.7056 -3538.8799 -3532.7361 -3513.9373 -3428.0835 -3412.7566 -3457.7937 -3449.166 -3373.1428 -3354.5769 -3355.5234 -3338.1709 -3385.4956 -3359.3779 -3330.7883 -3246.2117 -3302.9341 -3236.1145 -3327.063 -3297.9448 -3241.5085 -3304.4099 -3251.9351 -3274.1179 -3382.9185 -3387.1609 -3381.9509 -3425.5986 -3400.4104 -3283.7795 -3217.0879 -3257.6848 -3261.8838 -3198.9502 -3211.9951
-3509.7456 -3429.873 -3436.5466 -3408.3489 -3348.9534 -3287.1653 -3241.6123 -3398.7324 -3477.5854 -3475.2205 -3482.1431 -3483.8503 -3498.2522 -3498.5876 -3462.01 -3457.0742 -3492.9504 -3473.7793 -3416.6326 -3440.4641 -3455.8113 -3385.1064 -3410.7241 -3434.0913 -3448.5562 -3454.4104 -3320.5056 -3306.6169 -3417.177 -3373.6907 -3240.658 -3236.6753 -3293.6726 -3322.8618 -3322.6455 -3326.1958 -3301.771 -3227.4644 -3337.3716 -3241.3945 -3314.0259 -3225.4099 -3257.3254 -3278.7891 -3131.3933 -3256.75 -3397.4712 -3367.9946 -3382.7346 -3380.4617 -3405.2632 -3335.0042 -3235.9739 -3298.0503 -3305.8899 -3239.7334 -3231.0684
-3624.8713 -3469.405 -3521.8142 -3502.4761 -3390.8718 -3365.6345 -3346.5293 -3398.9414 -3474.1646 -3481.4802 -3470.064 -3474.0286 -3463.2759 -3493.8308 -3482.0801 -3431.8345 -3393.7439 -3326.5642 -3362.7407 -3434.207 -3418.4133 -3350.5593 -3388.6108 -3391.0181 -3385.6597 -3415.1479 -3304.3484 -3286.9067 -3366.74 -3320.074 -3213.8955 -3148.1125 -3269.0596 -3319.0112 -3271.8254 -3314.7222 -3287.9192 -3239.3179 -3270.7175 -3200.3804 -3253.2339 -3190.4141 -3316.6963 -3277.0093 -3113.2854 -3312.0532 -3422.3308 -3339.0769 -3364.0447 -3317.1382 -3351.0198 -3294.6323 -3280.7871 -3322.1477 -3289.2007 -3247.9341 -3213.8328
