Resources/Map/Lvl0_30x30/Ele_CL.asc
ncols         335
nrows         335
xllcorner     16805000
yllcorner     -25000
cellsize      10000
nodata_value  -99999.0
[rows 200 to 224 of 335, columns 0 to 56 of 335]
-5968.5894 -5996.5991 -5999.4199 -5951.9131 -5905.8672 -5908.0132 -5845.0566 -5866.1221 -5901.8418 -5924.2334 -5946.3403 -5963.9888 -5957.5176 -5980.9707 -6042.1416 -6162.3335 -6127.4697 -6015.3037 -6002.0112 -5952.6914 -5926.23 -5921.7012 -5906.147 -5921.4165 -5963.3691 -5964.377 -5966.1802 -5959.7354 -5952.0078 -5941.4673 -5932.939 -5949.3628 -5961.687 -5934.063 -5909.0596 -5901.7803 -5905.1011 -5904.5376 -5872.1865 -5852.5791 -5896.627 -5896.9458 -5896.1587 -5894.4102 -5893.4175 -5918.0996 -5932.5132 -5893.7046 -5872.1499 -5889.6094 -5935.208 -6013.6436 -6040.1348 -6078.4888 -6127.9556 -6150.5864 -6194.5107
-5948.9385 -5952.4043 -5951.3979 -5931.4888 -5911.3184 -5912.2485 -5871.0605 -5859.4863 -5894.3828 -5924.604 -5928.0273 -5935.8364 -5870.8008 -5865.1685 -5921.9595 -6094.1909 -6086.2515 -5979.167 -6103.9961 -5974.0928 -5907.2207 -5900.7607 -5892.2729 -5900.8149 -5926.7085 -5929.6587 -5943.9722 -5946.7563 -5941.396 -5933.1348 -5924.4336 -5946.5513 -5953.4868 -5919.0332 -5904.0923 -5893.0464 -5885.6641 -5890.6113 -5896.1855 -5891.5625 -5876.584 -5869.9087 -5871.1763 -5875.2549 -5879.7749 -5910.5767 -5926.564 -5887.1982 -5864.1343 -5870.0469 -5926.2773 -5976.8887 -5976.1929 -5908.1528 -5857.8091 -5993.5762 -6137.5522
-5951.2646 -5954.6563 -5930.5303 -5902.5142 -5909.2095 -5907.2954 -5898.3574 -5891.3306 -5900.0386 -5913.2031 -5916.2393 -5948.7329 -5882.8999 -5867.3174 -5899.4331 -5947.959 -6069.6157 -6217.2354 -6035.9004 -5975.1299 -5856.6865 -5871.8594 -5876.3828 -5876.4756 -5887.3882 -5906.0552 -5920.0571 -5931.6597 -5936.5713 -5929.1143 -5917.269 -5939.0176 -5945.8604 -5902.5664 -5893.0298 -5883.0054 -5875.4478 -5874.9907 -5879.2192 -5884.6821 -5873.5254 -5858.8765 -5849.1094 -5848.1416 -5850.186 -5887.3267 -5910.6895 -5876.7993 -5856.5806 -5832.731 -5879.1411 -5934.4141 -5911.0327 -5715.0596 -5519.9209 -5771.2373 -6024.915
-5907.688 -5912.8857 -5915.4531 -5911.4229 -5916.8784 -5894.3931 -5876.6094 -5888.9302 -5897.6147 -5891.7031 -5895.7681 -5911.0352 -5894.1836 -5889.6152 -5891.9629 -5910.0767 -5995.5586 -6141.1616 -5996.7886 -5959.1348 -5880.7339 -5862.7539 -5872.3555 -5869.8242 -5860.2456 -5884.1392 -5896.8066 -5916.8423 -5924.8154 -5917.4897 -5907.4346 -5916.6274 -5919.8188 -5888.333 -5882.6523 -5874.0933 -5869.3369 -5866.0376 -5863.8052 -5871.0674 -5875.6484 -5865.2886 -5844.1836 -5837.439 -5824.4956 -5838.835 -5852.6724 -5822.104 -5813.6587 -5822.7954 -5845.1318 -5866.4917 -5864.731 -5752.2524 -5550.8931 -5676.2847 -5887.9155
-5851.374 -5886.4106 -5904.8115 -5901.8384 -5902.002 -5898.5176 -5883.5874 -5883.2749 -5887.811 -5876.5464 -5881.0137 -5886.0864 -5888.4912 -5885.5254 -5883.0444 -5883.6958 -5900.7856 -5925.916 -5910.7319 -5928.2593 -5902.0991 -5912.2544 -5879.29 -5869.3042 -5851.168 -5860.377 -5874.6978 -5903.0815 -5900.2866 -5884.5859 -5890.5737 -5887.2803 -5890.1299 -5887.8423 -5880.4678 -5869.7539 -5863.5479 -5859.9854 -5853.396 -5856.4966 -5863.2588 -5857.6543 -5841.4863 -5834.999 -5831.2124 -5825.5078 -5805.6919 -5780.0752 -5786.9717 -5838.5054 -5852.521 -5828.9038 -5820.1699 -5811.3594 -5701.4468 -5675.5898 -5814.9863
-5818.0103 -5894.0664 -5908.9883 -5886.4355 -5880.501 -5894.0269 -5882.5615 -5866.7886 -5876.9863 -5877.9839 -5877.645 -5878.5962 -5876.9502 -5872.7852 -5885.8164 -5871.8892 -5866.6064 -5865.3442 -5867.6104 -5890.6172 -5930.7764 -5928.5327 -5884.4473 -5864.2173 -5853.2114 -5846.1929 -5849.4775 -5881.7344 -5889.8633 -5869.5483 -5874.1284 -5866.3486 -5875.5967 -5883.7554 -5870.1128 -5858.2925 -5854.5122 -5851.4717 -5844.8706 -5842.1133 -5844.6914 -5850.0059 -5843.7964 -5832.7119 -5827.7456 -5812.207 -5775.7939 -5747.2139 -5739.4692 -5784.8135 -5817.5552 -5819.5898 -5810.3008 -5814.7803 -5794.1797 -5715.2964 -5775.0234
-5870.4702 -5922.6182 -5901.1445 -5885.0923 -5877.8271 -5880.5713 -5875.0957 -5868.2285 -5870.9731 -5868.7559 -5882.9604 -5887.187 -5867.0039 -5861.4487 -5866.8926 -5861.9287 -5858.6577 -5856.2549 -5856.4927 -5858.0425 -5883.5186 -5900.1782 -5885.085 -5852.1182 -5849.3184 -5833.6899 -5818.0161 -5840.0601 -5873.9531 -5864.873 -5853.0972 -5847.4805 -5860.3086 -5864.9995 -5851.6914 -5844.9668 -5841.4565 -5834.6567 -5823.854 -5816.2358 -5820.9966 -5833.1064 -5833.0088 -5824.0674 -5814.9556 -5785.9053 -5740.4907 -5707.0186 -5659.6333 -5705.7852 -5791.0811 -5755.9453 -5702.6753 -5746.0972 -5832.4448 -5810.9971 -5830.624
-5916.689 -5933.0303 -5877.5098 -5869.2632 -5881.9165 -5867.1519 -5843.105 -5855.8511 -5879.833 -5881.4136 -5870.2148 -5866.4292 -5861.6733 -5842.8442 -5831.436 -5842.1733 -5844.9839 -5851.0801 -5846.4102 -5841.6646 -5836.9492 -5831.9756 -5877.0479 -5839.8501 -5830.9824 -5820.5103 -5791.6167 -5796.4614 -5825.6826 -5832.8472 -5824.8384 -5826.7847 -5843.0034 -5843.0322 -5827.8916 -5825.3149 -5824.0449 -5815.3442 -5803.8218 -5794.3696 -5800.7144 -5815.1484 -5826.5273 -5818.3066 -5787.54 -5764.9326 -5728.9873 -5695.5337 -5648.2871 -5693.1206 -5742.0029 -5575.9946 -5476.084 -5596.5967 -5777.4551 -5845.2344 -5868.7974
-5893.3169 -5887.9263 -5877.4443 -5880.0942 -5899.5317 -5879.104 -5839.9692 -5844.8706 -5861.0381 -5872.9683 -5847.7446 -5834.376 -5847.063 -5832.082 -5812.5396 -5824.0649 -5832.3115 -5842.0352 -5821.7407 -5816.3457 -5815.1641 -5807.166 -5833.8994 -5871.2603 -5832.6411 -5776.7476 -5758.6021 -5761.7183 -5777.9487 -5793.0166 -5798.9209 -5803.478 -5816.667 -5817.5498 -5805.3481 -5800.0571 -5798.8599 -5791.9253 -5786.4678 -5786.4927 -5791.0283 -5794.915 -5799.6685 -5792.415 -5766.9629 -5757.5498 -5732.8223 -5683.2964 -5626.9307 -5637.1372 -5649.3481 -5521.5469 -5485.1299 -5575.1079 -5683.8862 -5799.5063 -5861.7607
-5870.0767 -5877.7949 -5915.0854 -5905.0796 -5881.1289 -5865.5078 -5823.353 -5812.8042 -5822.708 -5830.4331 -5817.604 -5807.5835 -5816.9409 -5820.8677 -5804.1255 -5807.0713 -5820.3364 -5816.3823 -5787.5503 -5792.3188 -5786.9883 -5775.8271 -5806.0088 -6030.7593 -5888.7446 -5739.8179 -5733.8486 -5742.3442 -5745.7031 -5764.8853 -5781.0156 -5786.3306 -5802.6753 -5808.4512 -5791.6821 -5782.334 -5777.8149 -5774.4048 -5770.5078 -5771.8794 -5774.0483 -5775.3979 -5772.1294 -5763.1465 -5755.9766 -5748.6943 -5736.9521 -5688.5352 -5617.9175 -5638.7749 -5692.0234 -5661.2632 -5650.3413 -5633.769 -5584.8208 -5749.8853 -5888.7144
-5903.0093 -5860.4351 -5846.8809 -5847.7153 -5836.4321 -5833.6108 -5814.3706 -5811.8462 -5818.4951 -5800.0234 -5796.0493 -5802.2661 -5802.3115 -5804.0991 -5797.0229 -5796.3203 -5802.1465 -5786.6924 -5758.5435 -5762.98 -5754.6606 -5740.8301 -5750.1943 -5837.2617 -5821.7017 -5754.1602 -5767.0371 -5776.8638 -5746.0815 -5758.3159 -5765.187 -5770.3418 -5777.3589 -5780.3242 -5771.2891 -5766.7676 -5768.9512 -5765.8359 -5750.3433 -5751.7095 -5771.2764 -5777.7607 -5762.1826 -5746.5601 -5738.5225 -5726.3369 -5722.0005 -5713.3921 -5685.5747 -5714.4731 -5743.8066 -5747.6953 -5777.9331 -5718.1104 -5557.7852 -5695.6958 -5862.0127
-5878.7705 -5816.7705 -5767.4971 -5804.7222 -5837.8486 -5830.9771 -5806.394 -5801.6646 -5801.4756 -5773.6553 -5766.8638 -5779.5898 -5785.3145 -5783.1802 -5781.1597 -5771.6763 -5766.9219 -5756.3706 -5732.4692 -5729.1206 -5726.2607 -5717.501 -5718.6689 -5745.5083 -5781.6821 -5773.7427 -5758.5391 -5759.6226 -5733.1973 -5750.0596 -5754.0718 -5769.0078 -5770.2236 -5758.5615 -5747.1064 -5744.3115 -5751.8774 -5753.3945 -5735.3223 -5739.1606 -5767.6631 -5774.0444 -5754.605 -5735.4038 -5723.1201 -5706.8862 -5695.5586 -5702.2671 -5713.187 -5730.9629 -5736.6328 -5751.1528 -5784.3872 -5760.7524 -5652.1431 -5703.3408 -5807.1123
-5812.2783 -5798.937 -5783.5132 -5789.1089 -5808.8398 -5811.8237 -5777.2959 -5773.4116 -5791.8691 -5767.6875 -5750.0337 -5754.6313 -5757.562 -5757.4902 -5758.8779 -5746.2944 -5737.5249 -5734.1694 -5714.7964 -5699.3867 -5691.5195 -5687.0283 -5692.0161 -5711.7856 -5750.7764 -5760.896 -5759.4971 -5740.3398 -5713.5479 -5720.2612 -5734.0986 -5757.7314 -5767.7632 -5750.8091 -5737.5166 -5730.2183 -5733.4312 -5732.6265 -5714.9385 -5715.085 -5732.0425 -5736.625 -5734.3374 -5719.751 -5705.1382 -5692.3228 -5671.2529 -5665.3682 -5693.1851 -5720.9585 -5737.0601 -5714.8364 -5649.4761 -5701.4517 -5723.7114 -5736.4702 -5799.0405
-5783.5776 -5815.1802 -5807.603 -5758.9268 -5757.8867 -5774.6694 -5793.3423 -5789.8945 -5804.9941 -5785.1572 -5736.0698 -5727.1719 -5732.6357 -5731.4229 -5728.7144 -5723.3042 -5720.3813 -5718.29 -5700.2134 -5682.7842 -5666.9849 -5666.4531 -5672.811 -5690.752 -5716.9312 -5724.3218 -5740.1289 -5753.373 -5727.7158 -5708.6875 -5711.8735 -5722.8525 -5727.9492 -5727.9922 -5722.8013 -5715.2334 -5713.4873 -5717.4219 -5714.5874 -5710.0083 -5709.9106 -5712.0107 -5710.0557 -5698.7202 -5686.2681 -5671.4395 -5650.2842 -5619.8428 -5643.9907 -5694.5498 -5729.2617 -5699.0088 -5631.8486 -5700.0449 -5732.4116 -5724.6821 -5744.0703
-5838.4341 -5821.3018 -5794.6729 -5760.4019 -5755.0923 -5752.8403 -5772.5083 -5736.98 -5724.0493 -5726.8188 -5701.4702 -5694.4956 -5701.1133 -5702.5078 -5695.0933 -5686.9536 -5684.167 -5690.8071 -5684.2593 -5672.9175 -5651.1616 -5656.5063 -5662.8335 -5676.7783 -5698.0562 -5701.7778 -5720.4307 -5739.7861 -5742.1934 -5724.2051 -5695.2437 -5698.3433 -5701.5522 -5701.5327 -5704.6196 -5696.4766 -5691.7998 -5694.9814 -5696.8584 -5692.1724 -5690.5405 -5690.5396 -5679.1411 -5672.3438 -5664.9019 -5642.1328 -5629.625 -5611.3672 -5602.5044 -5563.7783 -5517.5952 -5571.9775 -5640.4189 -5694.1523 -5685.0288 -5679.2402 -5693.7578
-5842.3535 -5812.5928 -5775.8062 -5732.6382 -5716.1963 -5713.2271 -5715.7891 -5669.0049 -5653.8374 -5640.3521 -5656.2588 -5673.5962 -5669.687 -5666.4424 -5655.1553 -5638.6382 -5643.3945 -5650.6494 -5658.311 -5662.1704 -5650.209 -5653.1426 -5663.1377 -5669.4565 -5675.3345 -5685.1709 -5703.02 -5716.8984 -5730.0898 -5725.2749 -5708.2876 -5689.1001 -5675.5693 -5668.6958 -5677.0142 -5679.8125 -5677.4023 -5670.6631 -5668.4912 -5662.6851 -5653.8643 -5642.6816 -5633.2168 -5647.9771 -5644.2427 -5614.4175 -5596.4619 -5579.8564 -5555.8188 -5261.6523 -4861.0781 -5231.1934 -5601.1313 -5645.4653 -5616.2104 -5629.874 -5698.6421
-5812.3516 -5812.9937 -5748.1538 -5698.0405 -5682.6782 -5675.3262 -5667.3208 -5629.895 -5635.2666 -5612.8555 -5622.1201 -5635.3965 -5630.083 -5627.5073 -5622.1777 -5610.7607 -5616.3882 -5621.8296 -5626.9663 -5642.5469 -5647.9351 -5649.0605 -5654.0269 -5652.103 -5652.4072 -5669.7173 -5686.4102 -5696.314 -5695.8667 -5693.8999 -5714.2734 -5688.3408 -5657.9434 -5644.9326 -5645.439 -5650.4512 -5654.8608 -5654.4946 -5653.9824 -5650.0952 -5644.9507 -5630.5054 -5623.5581 -5638.4458 -5628.7524 -5603.4795 -5576.8198 -5555.8472 -5496.3164 -5147.0513 -4943.4917 -5332.6709 -5597.3955 -5634.1885 -5640.4272 -5637.3945 -5669.6401
-5748.7295 -5746.4746 -5728.6943 -5723.5786 -5689.0796 -5644.6255 -5607.0093 -5569.2944 -5563.2485 -5558.0967 -5574.6255 -5588.5498 -5581.8535 -5587.7798 -5593.9009 -5579.9253 -5580.4243 -5595.3696 -5614.5356 -5622.4482 -5626.7324 -5625.793 -5626.9165 -5635.8887 -5638.749 -5652.168 -5666.9912 -5675.231 -5665.9385 -5673.8252 -5707.1963 -5703.6602 -5660.4985 -5631.6191 -5625.3936 -5628.3115 -5632.1021 -5633.1138 -5635.6304 -5639.938 -5640.0195 -5628.4263 -5628.9746 -5630.5615 -5602.5459 -5584.126 -5547.4902 -5514.3477 -5504.7085 -5416.96 -5411.5522 -5515.9028 -5551.4063 -5592.6196 -5633.6821 -5634.6465 -5638.2114
-5718.4639 -5686.9507 -5656.2065 -5651.269 -5643.6016 -5605.9893 -5555.0825 -5521.7251 -5504.8008 -5520.2393 -5539.6831 -5563.8179 -5559.7783 -5548.7764 -5566.2759 -5561.8242 -5560.8721 -5572.5229 -5590.9531 -5600.7656 -5611.0181 -5609.8521 -5602.0596 -5619.6377 -5624.8672 -5634.3042 -5645.813 -5655.0352 -5648.6909 -5654.5156 -5673.6763 -5687.3706 -5671.5615 -5635.3257 -5611.5479 -5608.6211 -5613.4951 -5613.6426 -5614.5596 -5618.8223 -5617.7393 -5611.8843 -5614.0396 -5615.0835 -5594.2861 -5572.7837 -5535.2046 -5492.2817 -5512.7085 -5504.4321 -5497.8359 -5512.3789 -5464.6377 -5515.5547 -5575.2734 -5516.0664 -5546.5972
-5682.3604 -5652.2769 -5619.6831 -5587.249 -5565.0244 -5556.2793 -5528.2593 -5503.4336 -5498.8672 -5497.5005 -5482.3398 -5490.0327 -5507.9321 -5516.3242 -5528.6157 -5547.1274 -5556.4438 -5560.9751 -5565.6304 -5574.9707 -5587.416 -5606.7432 -5590.2715 -5602.0605 -5602.3403 -5613.229 -5628.4453 -5629.1475 -5625.7749 -5627.6138 -5634 -5641.9976 -5648.085 -5644.9863 -5619.481 -5593.0229 -5580.4165 -5577.124 -5582.7026 -5584.3643 -5588.9624 -5592.5488 -5587.9233 -5584.5815 -5567.8301 -5540.0952 -5512.6597 -5489.3037 -5508.5957 -5491.1196 -5450.937 -5475.1465 -5444.2808 -5429.4658 -5504.8853 -5467.9878 -5534.6777
-5620.0117 -5583.0566 -5555.4272 -5541.269 -5523.5474 -5496.5981 -5463.3516 -5449.1001 -5457.5962 -5458.1235 -5454.8516 -5436.729 -5432.7827 -5478.2642 -5488.2686 -5502.916 -5540.1592 -5549.1616 -5547.353 -5545.0723 -5562.3203 -5602.4961 -5587.4019 -5583.7744 -5577.4141 -5588.7329 -5597.2412 -5592.5781 -5600.6616 -5600.8672 -5605.0815 -5614.9321 -5617.1421 -5618.5562 -5614.8877 -5595.0903 -5566.2573 -5554.1069 -5551.4834 -5546.0518 -5559.106 -5567.626 -5565.3799 -5565.5239 -5543.606 -5513.9614 -5489.1831 -5468.9644 -5478.5347 -5479.604 -5441.3472 -5436.1128 -5445.7095 -5430.0693 -5492.0786 -5477.2246 -5518.9448
-5609.7119 -5552.4595 -5500.3325 -5481.2915 -5468.1797 -5451.0698 -5422.7578 -5391.8203 -5381.2983 -5380.5947 -5396.4541 -5401.8027 -5396.7944 -5445.438 -5455.2485 -5451.876 -5518.397 -5543.0718 -5541.0679 -5509.8398 -5531.0635 -5582.1753 -5567.0991 -5550.1025 -5547.3115 -5559.7134 -5573.918 -5579.8149 -5571.0435 -5571.6553 -5583.8403 -5605.8115 -5620.7539 -5603.7075 -5595.7202 -5598.9048 -5575.0239 -5551.2842 -5536.1221 -5530.1216 -5539.0933 -5533.2417 -5521.9248 -5527.9824 -5518.8647 -5494.0039 -5469.0908 -5447.8315 -5432.4927 -5446.7183 -5455.0029 -5393.4961 -5422.4912 -5446.1948 -5455.0552 -5420.1641 -5442.1958
-5590.603 -5534.9023 -5486.5146 -5445.7646 -5419.0703 -5402.0244 -5369.4634 -5340.0405 -5333.2793 -5321.3984 -5318.6343 -5334.0259 -5357.2109 -5397.3281 -5417.1919 -5387.2075 -5430.2021 -5530.335 -5562.7231 -5495.1069 -5494.4102 -5540.9697 -5539.2588 -5539.9146 -5520.6606 -5524.9458 -5553.0244 -5560.0566 -5552.6353 -5572.0659 -5619.8936 -5639.3892 -5611.6523 -5574.8003 -5574.5435 -5585.3018 -5586.3867 -5561.1958 -5538.5454 -5548.3853 -5557.6938 -5539.2139 -5524.4165 -5513.7783 -5503.6323 -5481.0586 -5452.3188 -5426.7788 -5399.9438 -5392.9585 -5421.2285 -5380.1655 -5407.1577 -5424.9092 -5419.0259 -5406.4888 -5376.9932
-5501.9063 -5385.9854 -5417.8955 -5410.5103 -5391.312 -5370.3213 -5317.8779 -5276.0088 -5268.9287 -5262.5767 -5266.3057 -5259.9561 -5264.377 -5291.7349 -5326.9727 -5361.1016 -5397.167 -5502.3027 -5532.8662 -5458.3213 -5444.4243 -5473.7334 -5486.1567 -5509.5947 -5488.2817 -5495.1123 -5526.667 -5537.916 -5573.9067 -5588.0835 -5641.5527 -5675.2124 -5613.9448 -5592.8984 -5570.8608 -5562.8115 -5573.0469 -5572.5005 -5543.7114 -5539.3745 -5545.772 -5530.7588 -5521.7241 -5501.3174 -5476.4072 -5451.9419 -5430.5757 -5410.8179 -5388.4072 -5376.0527 -5401.9214 -5381.957 -5355.7334 -5372.9927 -5387.1436 -5390.3984 -5396.6719
-5253.4482 -5067.127 -5293.9878 -5371.9736 -5337.4448 -5314.7314 -5264.1992 -5209.6807 -5200.3071 -5187.2529 -5196.0195 -5185.9092 -5198.8882 -5210.2754 -5247.9497 -5304.8945 -5352.8359 -5416.2705 -5420.5229 -5387.9604 -5372.2061 -5399.4927 -5444.2544 -5453.9756 -5436.9014 -5466.9268 -5493.8159 -5508.6157 -5546.5313 -5577.2813 -5665.5649 -5684.6992 -5621.6182 -5628.5122 -5552.687 -5533.0508 -5546.0317 -5570.0674 -5547.5786 -5507.2402 -5497.0693 -5496.0122 -5488.8037 -5473.873 -5445.0825 -5404.1865 -5368.2954 -5374.3325 -5377.7153 -5368.5215 -5376.0352 -5368.374 -5326 -5339.5078 -5348.2446 -5365.2222 -5372.1841
