Resources/Map/Lvl0_30x30/Ele_AC.asc
ncols         335
nrows         335
xllcorner     -13345000
yllcorner     6675000
cellsize      10000
nodata_value  -99999.0
[rows 224 to 251 of 335, columns 244 to 304 of 335]
17.739 -3.6044 -12.0846 -18.0694 -15.0789 -7.8204 -3.4518 -4.8694 -13.7843 -27.5487 -37.8097 -40.807 -42.6696 -44.4397 -43.2144 -38.4051 -32.5609 -26.3137 -19.8021 -9.4858 0.9723 9.9023 16.3235 16.8779 19.1201 41.6973 63.2414 66.795 80.9055 127.6492 133.0279 116.1836 103.565 135.0144 138.1638 119.6404 143.8233 158.1482 148.5881 154.6591 129.9388 123.1815 105.1136 141.7447 127.476 43.7542 81.5934 91.5755 61.507 36.7613 82.4673 61.9261 36.8003 50.4302 31.3552 20 85.6089 113.2988 92.1644 148.7573 104.637
42.295 59.1612 24.185 12.47 5.8375 -0.7254 -3.3703 -5.7494 -12.7772 -26.1597 -37.5134 -42.0673 -42.5382 -40.6066 -37.1032 -34.2129 -32.8723 -32.4475 -27.3823 -19.217 -10.8736 -1.0595 3.5197 6.9216 6.4218 5.6747 17.7456 36.2127 38.618 66.7868 77.3719 77.2511 78.6658 80.3443 59.7938 114.1596 150.5917 180.9221 136.5493 75.6508 108.4347 144.0002 41.711 38.1892 49.9374 24.7423 32.6122 29 51.5337 72.718 36.4687 36.17 39.2292 31.2977 57.442 28.2437 59.9494 81.3373 85.1249 34.0231 60.8149
37.1523 24.8545 24.9552 16.7316 8.3515 12.9351 10.2295 -3.5344 -8.7702 -21.3703 -29.7211 -27.6494 -23.4329 -21.1958 -21.7047 -26.1083 -31.4419 -34.4083 -31.6448 -26.2151 -20.0312 -12.8483 -7.5182 -3.8342 -1.9049 -2.7833 1.1524 11.0009 12.302 35.2175 40.7576 53.1862 81.1437 50.0671 29.8865 114.8903 54.8371 79.8357 90.3893 153.2855 116.1769 57.0702 39.5785 74.1233 61.4204 50.887 36.823 33.9734 29.606 40.3871 59.3402 88.8322 59.4339 43.6467 30.3017 32.3836 16.5358 73.771 28.3 13.697 48.6272
52.4077 41.406 31.1002 20.9955 22.3167 36.4329 9.4285 13.7185 18.5038 11.793 -9.247 -9.042 -3.7124 -3.3848 -5.8059 -9.8565 -13.4216 -14.1279 -16.8789 -12.7617 -9.8155 -9.2635 -5.8339 -1.3581 10.6434 0.2824 4 1.6183 1.4445 1.9932 4.2269 9.3433 16.2039 12.4814 33.9419 43.0253 13.3272 13.5584 62.7706 193.9528 232.3889 144.4536 70.6146 60.9351 45.5359 41.8672 47.5902 33.3445 50.2651 22.5027 14.3627 11.3194 14.1531 27.6237 55.425 120.7274 102.2208 90.1986 94.0382 136.6531 126.0611
46.3808 44.0744 41.2473 41.6866 29.4886 10.2353 17.7284 17.3367 31.2882 28.2349 17.9401 11.3893 8.1551 4.7457 2.769 5.6633 11.763 16.6614 13.7105 14.1677 11.5563 -1.7596 0.83 17.9908 4.4397 2.857 14.9139 22.3172 14.8518 -1.3749 -7.9848 -10.8806 -10.0666 -7.371 -2.1926 -0.342 -7.1263 -7.6382 4.2666 14.5583 84.0199 177.2059 185.4264 203.2838 98.9877 24.676 12.6979 17.0176 21.4672 9.4126 40.7547 77.4388 85.3294 56.5444 43 43 43 62.461 112.2259 104.1207 108.9038
12.4051 12.6745 5.9238 13.3706 8.5744 24.9864 26.9908 24.413 54.561 47.092 41.6219 45.5645 28.6833 12.8538 18.447 25.7031 25.8754 17.5178 21.5187 23.7273 15.994 -0.1053 2.3391 21.6688 3.8848 0.8929 18.4942 21.457 20.2559 -2.0347 -9.5912 -13.164 -13.9096 -13.4125 -12.7973 -12.0274 -11.6124 -9.9214 -7.4131 -1.3867 14.9367 5.9559 12.1309 22.035 35.394 16.3735 6.9084 2.9953 0.9482 8.0595 15.1443 18.7458 47.2793 68.329 72.0356 59.5286 50.5392 68.5478 84.9 111.9547 143.0386
41.0133 38.3597 39.9688 42.5025 39.8999 37.6412 45.9963 48.8771 45.0827 48.249 57.9171 55.3186 36.8827 20.128 24.0747 43.1023 64.7604 16.6861 14.4114 19.8867 3.8542 -4.2698 -2.2991 3.4999 -0.0663 0.5946 8.4161 5.4569 -0.7384 -7.6126 -10.8094 -12.6282 -13.5639 -14 -13.7699 -12.8649 -12.0629 -10.4077 -8.3636 -5.797 -1.2647 7.3837 17.4741 21.8315 12.0416 15.9883 13.2131 12 0.3625 4.4046 14.1411 14.4334 12.0403 5 5 5 6.7483 24.043 58.1907 87.6002 88.6917
26.1018 36.5156 29.2456 39.7726 37.8907 50.5336 55.8218 54.9445 50.228 48.06 64.891 48.2585 53.4653 43.1289 30.1781 36.9393 44.0765 29.6041 36.9854 27.2935 0.233 -1.9432 -3.819 -4.2268 -3.7845 -3.3961 -4.9519 -5.9652 -8.2999 -10.1199 -11.0628 -11.6062 -12.5245 -13.0005 -13.2122 -12.3307 -11.7259 -10.5729 -9.0988 -6.9444 -1.7333 10 10.0096 19.394 12.251 10.3828 7.792 8.6243 13.3647 11.4666 8.9204 10.2444 8.7909 5 5 9.6941 44.6969 108.9884 64.7736 64.325 107.8139
28.726 51.3097 40.91 56.4248 59.4779 64.5057 54.9427 59.6318 70.8554 72.3924 64.4903 58.6511 66.2903 60.3388 70.107 43.9998 26.3438 27.5005 15.5452 12.7585 3.7805 17.6152 3.4125 -4.7391 -7.1652 -7.7661 -8.5798 -8.6117 -9.0978 -10.0504 -10.4202 -10.4891 -10.9482 -11.5076 -11.7437 -11.4202 -11.1461 -10.2957 -9.4973 -7.5968 -3.5797 10.6181 12.4863 9.9895 10.0784 11.5485 8.6707 23.105 37.977 32.3116 21.4375 12.3014 5.1537 5 7.5998 17.2212 26.3459 77.5217 96.8498 97.2394 147.3654
37.021 51.0404 46.6682 48.9555 55.942 58.9514 62.3853 56.5407 58.1393 67.2817 70.1061 73.3844 73.1324 62.2378 51.1264 47.1087 49.7802 33.3747 13.9445 9.059 4.984 15.7509 9.0901 -3.852 -7.4137 -9 -9 -9 -9.039 -9.3982 -9.3982 -9.3982 -9.4722 -9.7963 -9.7963 -9.7963 -9.6872 -9.0417 -7.7496 -6.1158 -3.421 2.0709 7.4799 9.6464 11.5398 17.9349 12.2066 16.2882 23.7997 30.4475 37.5249 22.6978 17.1021 6.0612 25.8202 141.487 137.92 114.2984 81 81.2895 81
38.2486 43.4891 51.6954 55.2915 53.7213 53.1871 60.5054 63.6533 58.7332 47.7868 44.4795 45.7965 38.8799 45.7509 42.9977 33.9736 40.0025 26.8105 31.1281 23.5016 20.123 12.0939 9.9018 1.7782 -5.1478 -7.168 -8.3761 -8.3288 -7.5691 -6.0302 -7.2169 -7.7523 -7.5202 -6.5045 -6.5045 -6.5045 -6.3335 -4.9188 -2.1162 -0.1163 7.2935 7.2571 9.1123 8.6995 8.7996 2.1339 7.9974 7.0149 11.8085 13.3565 23.3221 10.747 14.115 15.361 42.3521 141.3454 157.4209 143.1035 136.8438 133.7763 124.3291
30.2294 38.9548 56.7634 72.1535 67.1558 73.7682 70.0506 64.7097 55.2278 40.2835 37.4293 36.3962 47.9755 53.6317 40.8661 47.6485 41.2688 38.7013 30.6065 29.7722 29.0263 23.5049 26.6586 9.7867 8.8737 4.1481 -1.4367 0.8644 7.0473 8.4047 1.3382 -5.2741 -6.2224 -5.5115 -4.8514 -4.5169 -4.5488 -1.0216 6.5965 12.2911 11.3785 21.3479 18.13 10.6383 3.9776 0.2029 -0.8998 -0.3054 10.4999 25.7243 20.973 36.3821 41.3805 38.6074 52.1222 48.3836 51.4258 66.1973 99.1126 140.2544 158.761
38.7366 49.4643 77.221 78.4204 90.5512 89.8692 68.4931 51.4479 38.3186 39.697 39.4595 43.8036 47.3859 45.3863 37.449 42.8012 54.9092 51.7397 51.7426 50.7341 36.6152 22.2938 12.1277 9.6237 21.0336 15.4453 13.768 13.2715 12.5155 17.9781 3 -6.2222 -7.3359 -7.1279 -6.1058 -4.9144 -2.9327 1.1742 9.4084 11.6035 13.7069 9.5099 15.3549 10.4929 1.0761 -2.9323 -4.502 -2.5999 7.2334 17.7625 27.4253 26.0599 36.2439 45.095 46.0524 28.8404 43.8617 56.6098 133.2505 81.127 126.5812
15.0816 21.3506 21.5613 33.6929 55.3051 68.129 43.4099 44.0324 37.3867 27.965 33.6624 42.3924 33.0613 55.5163 60.7219 66.3044 51.2059 50.8593 59.7201 51.8147 33.3537 13.7414 11.6128 14.1043 7.8442 3.0419 0.7796 12.0666 4.1863 -2.1513 -6.0338 -7.7408 -8 -7.9355 -7.4599 -6.2816 -4.6258 -2.899 -0.6033 2.2726 3.4135 2.3438 1.3284 -0.6633 -3.8388 -5.5093 -4.1408 2.4809 10.851 17.0337 13.0624 14.7233 13.2059 11.8972 11.3995 8.7935 10.6745 9.956 15.0157 15.1833 39.0603
3.194 5.6206 7.8322 8.3588 18.6448 22.2564 18.3735 26.6124 18.7082 14.1356 17.8253 26.9763 41.1889 57.3311 67.1536 62.0331 57.0266 50.5081 36.7811 25.7907 22.0037 11.7816 8.1258 24.2969 -2.3027 -5.424 -5.3311 -3.8374 -5.6728 -6.7465 -7.1419 -8 -8 -8 -7.9337 -7.6394 -7.3451 -7.136 -7.136 -6.7958 -5.8781 -5.1504 -4.4227 -4.1234 -4.7384 -5.6244 -4.2317 6.6063 8.1556 14.9445 9.644 9.0883 8.7907 6.8108 14.348 18.1981 17.9354 34.964 35.5037 89.3618 97.2284
2.4596 8.5016 7.1114 6.0143 10.1965 14.0175 12.4377 12.0099 14.3398 10.4978 4.2357 19.1593 22.2632 30.0977 35.0543 45.9143 38.8603 28.9531 13.7725 7.9549 5.9368 -0.8409 -4.233 -1.8398 -3.998 -3.7745 -3.1427 -4.6634 -6.2659 -6.3539 -7.0377 -7.3863 -8 -8 -8 -8.1851 -8.7341 -8.7341 -8.7341 -8.6436 -8.1058 -7.3659 -6.4975 -5.1537 -4.5232 -4.0448 -1.2255 3.2286 9.9528 10.3965 10.9254 10.9291 10.0465 10.816 10.8081 21.2617 28.8692 23.5947 37.2348 73.686 120.2013
6.3112 3.8311 3.8972 13.2163 2.6046 12.7716 12.4669 10.912 6.577 1.0137 -3.317 -5.2706 -5.0337 -2.5889 0.62 5.3302 8.9316 7.7738 2.3515 -2.1394 -4.6063 -5.9312 -5.5054 -3.5125 -3.2415 -3.0163 -3.5791 -4.8504 -6 -6.1199 -7 -7.164 -8 -8 -8.1739 -8.8176 -9 -9 -9 -9 -8.6377 -7.1283 -3.3829 2.4204 10.4532 10.0406 10.8478 25.6659 11.8509 12.722 11.7506 12.3066 16.2495 18.7548 19.2009 26.8734 30.5338 55.5136 62.091 58.1057 71.213
9.7754 6.9882 11.5927 9.3394 18.1745 8.8285 8.3409 8.8442 10.7053 8.5158 2.6526 -2.6331 -6.0145 -7.0924 -7.661 -6.4267 -4.6306 -4.5242 -4.5562 -6.3553 -7.4778 -6.822 -4.3097 -3.7836 -5.3344 -5.3661 -6.3463 -6.5731 -6.7781 -6.8047 -7.1104 -7.8145 -8.1447 -8.7781 -8.8292 -9 -9 -9 -9 -8.7353 -7.2958 -3.3165 13.6439 14.3179 12.2217 16.3665 17.2694 16.1159 16.1083 14.4535 15.8847 16.768 17.155 17.5701 26.5318 57.1357 43.6692 73.3548 97.1749 118.1243 135.6483
14.0109 12.632 16.1853 11.604 24.5558 8.0746 11.9516 20.6991 16.6775 9.1918 13.0566 6.8836 2.7657 1.3932 -0.2508 1.9605 10.6446 1.6326 -0.7051 -4.2378 -4.0463 -0.7905 -1.5651 -5.551 -7.6081 -8.4068 -8.6003 -8.5397 -7.8002 -7.8961 -8.6287 -8.8002 -8.8373 -9 -9.1841 -9.8002 -9.8002 -9.5632 -8.4908 -5.9705 -0.6628 5.8769 8.5911 21.1189 32.9716 26.488 31.2838 29.3431 21.4865 44.3195 51.2929 53.9544 46.2937 60.6848 79.7632 85.232 95.7378 143.0407 159.9174 167.9042 184.7675
36.4506 24.3989 18.0778 13.3508 12.698 19.9467 22.343 16.5292 15.2938 13.8671 18.8917 21.4045 13.8604 11.6815 11 6.1723 2.9443 7.1527 7.5516 20.206 11.5671 2.524 -3.2848 -7.5929 -8.8239 -9 -9 -8.9865 -8.8222 -8.7449 -8.1778 -8.1778 -8.3307 -9 -9.0409 -8.7633 -7.0826 -4.6188 0.8675 8.9762 11.1978 13.321 22.4325 25.889 31.7755 31.7828 42.9515 44.0697 59.1767 48.4854 55.975 64.4537 85.4939 104.8445 113.2433 99.697 100.8396 141.8914 125.5617 124.6967 175.4266
41.8352 29.5772 17.7299 13.0935 17.0531 28.2928 29.3039 21.2855 30.3608 31.7818 39.756 19.1747 13.7174 8.3643 4.7221 2.7858 4.1886 8.0952 13.8388 10.5936 9.1016 11.8914 -5.3952 -8.8053 -9.8442 -9.8174 -8.8184 -5.1751 0.6169 3.2773 0.8017 2.8366 1.7877 -0.2403 -2.6346 -3.0048 6 9.0157 18.0386 17.5215 20.3696 46.0847 37.0046 46.3786 48.4526 94.8866 60.3058 73.8326 88.0647 77.8344 72.1664 89.6985 70.9506 93.9195 110.8641 113.5433 133.1533 92.87 39.5282 25.377 71.17
15.9403 9.0503 11.2669 11.6452 9.4351 20.9724 28.7386 43.0069 48.1421 34.7168 39.1739 26.9249 14.7989 14.9743 11.593 15.7745 11.7804 9.0982 15.242 9.6439 10.7668 -2.3644 -6.7356 -8.9737 -10 -9.9408 -7.8255 -1.6078 3.4593 8.5933 11.4809 17.6122 18.73 11.0099 10.2102 12.8478 12.7999 22.0819 39.8717 37.2527 35.5056 48.6949 56.3342 52.8659 72.3917 101.8506 93.8346 100.4551 103.0181 116.2211 91.6829 157.3516 162.5874 148.8333 49.0494 48.8589 48.6581 131.9364 54.0199 152.358 160.2591
23 4.7646 0.3492 -0.7312 -0.1839 6.4541 12.2726 18.6555 9.2813 22.4622 18.3404 19.6456 18.4212 13.0719 29.7954 33.9471 21.1836 17.7109 24.7668 15.2454 1.234 -3.7741 -4.3236 -7.1878 -7.3265 -6.3833 -4.0764 4.1841 11.2549 14.1124 19.1334 14.6666 16.327 13.3759 12.1871 20.9355 35.5056 45.9439 44.0466 68.9536 59.8152 66.2187 77.3913 130.7433 96.2189 104.8677 131.7842 97.2125 93.7675 56.6195 108.6557 204.1813 201.2208 234.4519 252.4659 210.7032 257.1063 294.0213 291.0843 293.6953 305.1083
1.2704 0.7593 -1.0045 -1.5876 -2 -1.4701 -0.4987 -0.6296 1.9991 13.8578 19.8323 28.5868 35.1864 20.8652 50.507 59.8757 34.289 36.4611 13.2821 10.515 1.2902 7.4782 -3.8436 -5.1648 -5.1696 -4.0581 0.1646 9.8821 44.7021 40.2843 45.5218 40.2319 38.7416 40.7082 49.3096 94.7974 80.9994 102.9972 104.0215 109.841 111.2105 94.8645 121.2443 83.8726 113.7474 175.3405 173.6586 128.4217 68.685 204.0272 187.172 272.7183 217.1033 207.9219 225.4278 278.3359 223.8988 194.7535 194.3705 200.6186 195.0282
5.8021 0.9602 -1.0465 -1.9694 -1.4695 0.0345 3.9448 0.8854 0.6552 5.3723 34.5832 33.2459 26.5169 32.1414 42.8722 45.6384 36.441 26.4235 18.3288 11.2466 0.9717 -3.4515 -5.789 -5.9315 -4.0127 6.264 9.7151 17.4221 42.7013 74.959 85.6774 95.0819 103.7635 98.7953 96.847 103.4508 94.8711 108.5787 118.0595 131.8034 149.2675 109.9442 108.8832 95.3737 74.6978 112.2713 122.4757 129.2742 223.563 196.4091 246.7704 281.7193 279.9569 236.6362 242.2076 271.2853 228.016 237.6411 264.9126 275.4181 265.5003
11.9654 15.0178 14.0278 9.0917 3.341 11.1178 8.1813 5.0667 16.816 21.062 10.6102 15.5782 20.2348 12.294 22.4225 10.9564 10.3788 10.3603 7.8572 10.4605 1.147 -2.82 -4.0553 -3.1485 -4.961 -5.5963 -4.0724 3.9192 19.6955 39.1823 77.4987 140.6604 131.6838 115.1749 103.0643 120.4089 113.9482 118.0689 128.9138 161.0977 162.0519 129.9871 81.8902 178.6206 144.2618 153.4037 138.6068 164.435 192.7974 241.894 247.922 251.2715 253.8415 237.0925 253.4678 304.9922 319.3093 309.7436 309.5593 296.5558 310.15
25.4319 25.3046 30.2571 16.2619 12.2456 14.4862 16.4923 28.7288 20.3788 13.5969 14.9329 21.2903 15.2852 13.1409 11.2345 11.1401 9.0105 6.8677 0.8937 -0.8006 -0.9492 -2.8845 -4.9085 -4.9532 -5.9767 -6.0612 -8.0267 -9.0246 3.3133 44.039 95.3581 107.1619 156.0992 146.6851 144.8362 142.1102 163.4417 155.0134 143.5473 170.2739 46.7426 30.8457 101.1712 111.6817 125.9621 125.3398 167.7012 173.8544 192.8016 200.0427 186.5513 202.1413 254.0972 237.8431 281.2847 298.7793 297.5157 296.3436 262.4674 303.6185 322.1629
37.0379 18.6294 34.9535 55.5048 42.0888 45.3398 45.558 31.0253 14.6163 17.5355 16.6938 25.3596 14.7615 17.5879 14.3981 8.6918 10.3854 8.1919 5.4828 2.2965 1.9954 -0.8339 -4.8626 -5.9862 -5.9709 -2.973 -2.1704 -4.7795 2.4035 27.4362 99.5978 99.2986 131.438 146.5382 116.9754 162.939 170.8961 172.0716 123.2546 62.639 129.3229 69.8852 175.4631 187.8766 36.1595 212.606 226.0425 201.2443 153.7925 156.7753 158.3192 173.9195 182.5143 199.2901 216.6683 246.9686 288.3157 317.9955 299.8255 310.5701 374.1704
