Resources/Map/Lvl0_30x30/Ele_CK.asc
ncols         335
nrows         335
xllcorner     13455000
yllcorner     -25000
cellsize      10000
nodata_value  -99999.0
[rows 78 to 103 of 335, columns 58 to 115 of 335]
-5152.2671 -5543.5308 -5979.9131 -6073.2974 -5999.6313 -5887.0483 -5744.8667 -5779.6606 -5851.9355 -5821.1563 -5795.0483 -5758.2148 -5697.5127 -5619.6787 -5415.2891 -5471.3105 -5553.3364 -5480.0615 -5447.5317 -5434.1318 -5243.2437 -5139.1855 -4942.7861 -4632.6851 -4525.3975 -4417.5181 -4448.5928 -4494.0913 -4172.1353 -4464.0703 -5002.4878 -5250.2314 -5325.6064 -5491.7583 -5527.3135 -5483.9883 -5488.1582 -5403.8325 -5313.2539 -5287.9741 -5203.9136 -5191.9321 -5241.6323 -5164.2393 -5134.2212 -5494.5063 -5748.5459 -5782.6689 -5841.6797 -5831.1709 -5848.9565 -5778.1362 -5745.0654 -5712.5366 -5579.6787 -5675.3462 -5784.8345 -5824.605
-4471.5654 -5299.1704 -6038.2646 -6077.3794 -6043.2612 -6002.0796 -5797.3916 -5719.4736 -5804.6099 -5834.1538 -5810.8618 -5796.9023 -5887.6543 -5839.332 -5643.3545 -5554.7979 -5555.2734 -5506.6445 -5540.6914 -5418.7305 -5121.5298 -5102.7061 -5036.8428 -4701.1802 -4457.3779 -4214.9941 -4276.9189 -4379.5493 -4099.6445 -4092.5137 -4302.3726 -4520.4941 -4541.6045 -5089.4868 -5518.4155 -5541.9321 -5467.6035 -5511.8896 -5437.8882 -5489.0186 -5453.9546 -5212.5508 -5194.7666 -5237.4346 -5200.9844 -5347.2246 -5573.5483 -5722.9351 -5808.0962 -5786.7139 -5800.3623 -5789.2163 -5779.9663 -5779.7471 -5747.8687 -5774.4409 -5799.2153 -5833.3594
-4948.3262 -5665.9751 -6367.3438 -6326.5068 -6119.0972 -6084.3247 -5973.1836 -5897.9414 -5874.1719 -5851.5371 -5821.5962 -5770.0405 -5768.166 -5712.4268 -5687.7856 -5690.3223 -5664.4941 -5598.147 -5696.8457 -5500.1577 -5006.6797 -4817.5645 -4851.9834 -4679.3481 -4505.2749 -4095.0916 -3799.1924 -4198.0708 -4253.4131 -4204.1426 -4170.5171 -4186.6064 -4183.7729 -4763.9292 -5409.4214 -5675.8608 -5635.9766 -5715.0195 -5678.1216 -5639.3472 -5563.4219 -5288.9868 -5149.624 -5281.4341 -5390.3472 -5449.4316 -5609.0181 -5754.3105 -5794.1611 -5752.6221 -5806.584 -5891.0391 -5769.8828 -5753.3545 -5824.9507 -5815.0288 -5793.6226 -5812.7246
-5858.5557 -6132.9731 -6325.9727 -6277.3384 -6179.27 -6120.4746 -6046.1606 -5994.6118 -5970.395 -6026.4336 -5961.7822 -5827.8813 -5629.4111 -5549.4468 -5691.835 -5725.6865 -5612.7964 -5555.0698 -5579.9634 -5448.791 -5139.6499 -4918.2422 -4849.8252 -4685.5874 -4589.8877 -4274.6211 -3678.6736 -4043.6602 -4377.8516 -4062.0427 -4257.7236 -4801.4819 -4966.9829 -5107.6948 -5412.6206 -5610.6035 -5572.6792 -5617.4585 -5785.207 -5780.562 -5546.2666 -5251.4819 -5132.5444 -5305.6592 -5533.647 -5631.062 -5721.9468 -5761.5215 -5778.3418 -5777.9106 -5778.3408 -5871.7451 -5876.0854 -5856.21 -5861.061 -5845.5806 -5819.937 -5800.1138
-6102.54 -6157.7212 -6028.5879 -5944.0894 -5912.4185 -5906.7256 -6021.084 -6055.3643 -5765.855 -5751.8389 -5767.8916 -5780.9648 -5461.4971 -5261.7778 -5603.2974 -5762.1484 -5682.561 -5588.1196 -5497.2861 -5377 -5251.978 -5163.9653 -5024.6001 -4821.1836 -4642.9136 -4523.3633 -4152.8716 -4489.9292 -4715.0884 -4573.6626 -4962.626 -5355.6484 -5348.7676 -5281.291 -5307.7051 -5369.2061 -5245.4224 -5260.79 -5809.9165 -5832.0981 -5450.2422 -5185.478 -5158.4106 -5324.0039 -5531.1147 -5644.1807 -5719.1499 -5734.8013 -5748.8496 -5811.1362 -5777.3228 -5780.4194 -5843.9917 -5854.0469 -5850.7695 -5883.2104 -5844.5845 -5788.9888
-5943.0649 -5903.3154 -5772.7554 -5747.8384 -5845.4087 -5886.4927 -5888.3096 -5864.9507 -5592.7759 -5488.8867 -5575.9219 -5687.1855 -5625.3979 -5528.6694 -5714.4775 -5778.5645 -5716.6323 -5635.4722 -5577.6992 -5441.7881 -5311.2725 -5236.7988 -5043.1206 -4754.8335 -4484.6284 -4492.3818 -4504.2847 -4465.8696 -3945.2651 -4226.5986 -4872.0762 -5171.2847 -5152.186 -5257.728 -5324.0317 -5306.6045 -5176.9346 -5324.1167 -6141.9531 -6175.0391 -5675.7876 -5432.0205 -5285.9395 -5356.647 -5558.8853 -5651.6128 -5713.8521 -5785.791 -5792.2778 -5797.3096 -5783.9019 -5765.3745 -5795.7617 -5809.4771 -5812.8071 -5872.3359 -5812.6948 -5759.2192
-5979.2329 -5798.603 -5724.9849 -5702.9404 -5724.2817 -5860.5718 -5792.9785 -5596.6279 -5428.958 -5440.6582 -5564.2139 -5770.6943 -6146.8809 -5933.9463 -5816.5591 -5856.2402 -5749.3145 -5659.752 -5558.5293 -5455.5674 -5373.5518 -5261.6777 -5001.8022 -4812.6812 -4628.8535 -4397.2129 -4516.6997 -4559.106 -4085.7898 -4095.7502 -4680.5957 -5098.3926 -5058.0034 -5218.9834 -5547.9272 -5676.2285 -5604.437 -5652.2686 -6085.8232 -6117.8647 -5693.6719 -5515.4307 -5436.1147 -5477.4478 -5616.0342 -5677.395 -5736.8359 -5815.083 -5784.2632 -5692.7749 -5795.9575 -5872.8496 -5816.835 -5832.5767 -5860.291 -5861.187 -5827.998 -5754.0449
-5818.3535 -5782.5117 -5798.1758 -5783.6743 -5719.7285 -5770.2231 -5949.7441 -5827.8613 -5479.917 -5409.0049 -5495.2407 -5585.3198 -5815.5298 -5710.644 -5604.376 -5908.7017 -5814.6313 -5681.0225 -5557.9634 -5432.8496 -5378.2256 -5251.8066 -4913.6958 -4820.7197 -4874.2725 -4611.2124 -4403.9849 -4494.6118 -4783.9238 -4716.1963 -4884.2295 -5027.5688 -5081.2524 -5096.7871 -5255.0527 -5536.4585 -5699.3633 -5717.916 -5891.6953 -5886.0405 -5558.603 -5559.0293 -5644.4258 -5622.8491 -5685.2397 -5714.5352 -5770.6719 -5867.8013 -5814.5508 -5651.7266 -5764.2549 -5922.4868 -5877.0728 -5878.2676 -5911.771 -5895.604 -5865.1602 -5846.8911
-5531.6001 -5560.5859 -5653.1406 -5665.7285 -5633.1069 -5555.4634 -5493.8442 -5650.6162 -5543.9688 -5519.1953 -5492.4937 -5408.7749 -5372.0601 -5413.9829 -5408.2686 -5583.8979 -5581.9492 -5468.7686 -5533.4565 -5447.1265 -5234.4111 -5087.5225 -4857.1895 -4760.4424 -4846.8936 -4740.5908 -4590.2612 -4302.584 -4547.2896 -4881.3691 -5016.4741 -5122.5225 -5162.6772 -5001.229 -4879.7915 -4968.2539 -5237.145 -5652.5386 -5812.168 -5832.895 -5620.2734 -5597.1387 -5679.9756 -5696.3052 -5726.9946 -5731.1836 -5745.6025 -5789.2422 -5829.061 -5783.0728 -5713.7886 -5733.3716 -5804.6128 -5848.9551 -5903.7153 -5940.2871 -5901.6724 -5894.644
-5498.1274 -5561.478 -5650.9824 -5452.5615 -4947.6367 -5000.123 -5397.1089 -5557.1289 -5569.6826 -5641.6792 -5699.8433 -5569.7437 -5410.1689 -5385.7314 -5332.5591 -5508.0977 -5531.0991 -5258.1855 -5270.0947 -5261.6226 -5019.9536 -4900.3447 -4882.5913 -4763.5132 -4779.6099 -4696.6704 -4732.1543 -4643.8901 -4628.8057 -4734.2617 -4953.9727 -5185.9858 -5338.2266 -5194.1196 -5001.8848 -5027.2949 -5209.1143 -5516.0601 -5651.5146 -5729.1436 -5877.0762 -5766.6567 -5637.0869 -5692.5059 -5770.8584 -5748.1846 -5742.5781 -5804.6338 -5911.8628 -6006.8667 -5936.54 -5805.9609 -5801.98 -5812.5112 -5850.5605 -5890.8828 -5880.9199 -5871.3003
-5591.8989 -5581.4385 -5537.8564 -5477.374 -4965.1938 -4556.4912 -4924.6611 -5425.7021 -5694.9106 -5680.915 -5550.8608 -5477.771 -5410.6309 -5347.3262 -5249.3745 -5469.3296 -5482.1675 -5169.3926 -5068.4883 -5140.2935 -4905.6489 -4751.2827 -4835.1533 -4781.5313 -4825.2886 -4811.7637 -4824.6875 -4858.1885 -4846.1421 -4808.0981 -4968.2339 -5149.2827 -5337.5835 -5330.9751 -5166.5225 -5120.4277 -5141.8091 -5375.0225 -5536.3188 -5685.3413 -5827.4497 -5738.1572 -5612.231 -5680.1226 -5761.2949 -5747.2988 -5749.5654 -5798.1787 -5860.0322 -5936.5449 -5912.3359 -5924.3916 -5966.1035 -5858.416 -5779.0396 -5796.543 -5783.9326 -5754.3145
-5505.5684 -5448.9761 -5438.5239 -5493.3105 -5511.9478 -5178.4854 -4722.6865 -4744.7329 -5374.6812 -5669.9932 -5506.3213 -5307.8794 -5254.6519 -5250.1016 -5127.1997 -5282.8584 -5235.4189 -5071.1943 -4993.0391 -4983.0088 -4836.9741 -4786.4077 -4816.793 -4835.2817 -4879.6875 -4936.7402 -4962.9097 -4990.0293 -4948.8491 -4897.5757 -5007.8662 -5126.0186 -5296.7422 -5279.0273 -5118.979 -5045.1553 -5101.3364 -5330.3369 -5494.8706 -5667.0762 -5685.52 -5619.8682 -5620.2466 -5694.8594 -5761.1768 -5752.272 -5739.6445 -5756.4243 -5802.3042 -5766.2969 -5575.0137 -5660.6582 -5929.8735 -6008.3286 -5969.2148 -5988.1895 -5876.6533 -5666.3169
-5519.9155 -5436.3799 -5474.6357 -5497.6572 -5544.5112 -5572.0645 -5412.5288 -5088.7739 -5167.0801 -5511.4292 -5542.7666 -5267.1094 -5205.1841 -5247.5669 -5168.019 -5157.1523 -4950.5464 -4877.876 -4887.8574 -4947.3467 -4962.0259 -4875.0449 -4798.498 -4843.103 -4924.1006 -4985.9404 -5016.874 -5129.0815 -5203.2817 -5201.1245 -5155.4063 -5128.7129 -5000.2324 -4890.8091 -4977.0732 -5146.3315 -5295.7642 -5398.9102 -5442.3125 -5527.2295 -5562 -5622.3643 -5635.0938 -5718.8086 -5803.4136 -5809.0664 -5775.6807 -5714.3242 -5752.1953 -5762.6982 -5540.8784 -5537.207 -5819.3745 -5937.5664 -5940.2212 -5992.0381 -6019.0298 -5802.8184
-5581.2944 -5485.7139 -5478.9756 -5475.0576 -5487.2114 -5519.2163 -5578.0713 -5600.9897 -5504.6743 -5470.04 -5448.522 -5348.0825 -5365.0996 -5221.3691 -5127.4272 -5086.4966 -4715.7764 -4644.5596 -4774.9097 -4833.0161 -4725.5933 -4490.0879 -4689.9556 -4863.3804 -4953.6216 -5020.5254 -4933.5776 -5059.7109 -5256.5928 -5279.7573 -5237.9082 -5089.1748 -4760.0962 -4648.4277 -4969.897 -5273.8389 -5356.1909 -5357.4497 -5355.7944 -5479.4927 -5587.5015 -5663.9287 -5613.6899 -5689.4155 -5810.647 -5853.7412 -5828.4385 -5724.7485 -5706.9844 -5788.8291 -5802.2417 -5709.8604 -5758.7104 -5862.9585 -5875.0811 -5883.854 -5952.0513 -5907.2764
-5530.6729 -5518.5186 -5520.0117 -5536.7012 -5499.4556 -5454.3223 -5511.1157 -5643.9009 -5616.2178 -5513.2896 -5465.8081 -5509.6011 -5635.3047 -5378.6421 -5110.4141 -5114.0674 -4899.5503 -4788.0381 -4844.0366 -4679.145 -4141.6313 -3570.0898 -4260.8242 -4779.4512 -4723.9629 -4216.1553 -3803.4199 -4217.3506 -4915.6934 -5117.3413 -5236.7622 -5316.6465 -5341.8867 -5399.6895 -5366.5278 -5339.0581 -5381.4937 -5391.0356 -5459.2798 -5643.5605 -5767.5034 -5755.248 -5609.2104 -5659.4702 -5810.2456 -5864.7104 -5826.9683 -5773.4067 -5766.5615 -5761.0757 -5798.793 -5859.7349 -5829.4038 -5817.7856 -5846.2417 -5878.8667 -5942.7861 -5939.9106
-5538.4365 -5613.6338 -5636.1831 -5618.8047 -5549.0483 -5507.5776 -5505.2397 -5562.8262 -5586.3232 -5558.9473 -5465.8359 -5493.2974 -5661.1455 -5497.9058 -5075.9741 -5046.1245 -4994.4971 -4847.1289 -4841.4697 -4687.1079 -4139.8999 -3422.3989 -3922.0815 -4614.5396 -4482.4292 -3222.9517 -2585.7412 -3116.3435 -4148.2461 -4905.5898 -5279.9976 -5415.144 -5535.7622 -5548.9541 -5478.3589 -5415.1406 -5518.9409 -5528.8682 -5628.6548 -5796.1045 -5902.0444 -5845.8516 -5636.2285 -5643.9126 -5771.6191 -5832.2578 -5792.9165 -5781.8833 -5788.2944 -5758.1948 -5763.8091 -5802.0757 -5841.4155 -5895.8135 -5878.2046 -5853.1675 -5900.7383 -5904.0669
-5613.2505 -5606.9033 -5683.873 -5653.1235 -5572.0264 -5570.0337 -5541.6465 -5528.6128 -5571.7271 -5590.8281 -5447.209 -5379.4106 -5496.6357 -5533.3569 -5185.8413 -4873.1895 -4797.4336 -4711.2827 -4759.6099 -4737.4756 -4593.8804 -4275.6836 -4281.5703 -4579.9395 -4606.7412 -3945.2695 -3660.0496 -3782.1653 -4166.8545 -4917.0508 -5289.4507 -5346.6807 -5375.9414 -5430.6978 -5480.8071 -5427.5117 -5529.2524 -5579.4292 -5646.1431 -5786.2422 -5909.6831 -5854.3706 -5641.7153 -5649.3115 -5732.0981 -5796.2285 -5810.4736 -5789.4067 -5758.0703 -5750.7031 -5761.2754 -5769.0981 -5798.7505 -5879.8296 -5882.1401 -5771.7749 -5762.7422 -5822.3516
-5562.915 -5584.9375 -5686.2378 -5644.4131 -5553.3931 -5546.1045 -5516.9688 -5460.7964 -5484.9165 -5570.7446 -5579.8447 -5471.6133 -5424.8931 -5477.0151 -5330.0537 -4686.2524 -4617.9678 -4655.5474 -4592.77 -4610.188 -4479.5674 -4343.9297 -4436.9023 -4652.1436 -4732.9976 -4683.0547 -4700.2432 -4789.0474 -4847.7246 -5097.5381 -5175.769 -5262.7974 -5296.5557 -5306.873 -5377.7344 -5307.6333 -5397.2393 -5483.6772 -5600.2339 -5757.3149 -5859.6777 -5762.0537 -5621.9209 -5667.916 -5716.3271 -5753.2744 -5800.0239 -5796.813 -5760.5459 -5757.7422 -5773.9717 -5778.6465 -5787.1636 -5812.6094 -5832.0864 -5821.7622 -5843.4487 -5872.2007
-5454.749 -5521.0825 -5598.2368 -5574.5781 -5493.4253 -5478.0249 -5437.6997 -5386.2119 -5399.5034 -5484.2915 -5586.9507 -5597.3247 -5457.9771 -5395.8677 -5332.0332 -4742.8765 -4491.252 -4445.0176 -4260.8354 -4500.8594 -4374.2661 -4484.2476 -4662.2632 -4768.8242 -4828.7588 -4851.9897 -4892.7109 -5009.7422 -5019.7974 -5120.9595 -5176.7349 -5248.7168 -5372.8394 -5381.4385 -5349.2656 -5301.1289 -5270.5542 -5380.8223 -5617.4429 -5738.0669 -5759.0708 -5671.6084 -5618.7896 -5641.7202 -5667.9307 -5698.4194 -5771.4111 -5787.9761 -5755.1455 -5742.3696 -5769.917 -5788.9497 -5790.2202 -5798.8223 -5814.3394 -5828.9995 -5870.8589 -5939.9268
-5583.9453 -5507.6392 -5521.3672 -5499.8608 -5455.6831 -5382.2632 -5343.9448 -5449.085 -5455.3911 -5382.8672 -5465.9033 -5592.9492 -5508.9414 -5365.2485 -5343.5244 -5005.9761 -4700.5278 -4531.0664 -4331.8364 -4523.6631 -4328.4443 -4455.9019 -4728.8438 -4794.0225 -4875.0435 -5005.0679 -5074.1719 -5109.2134 -5064.0439 -5102.1841 -5233.5352 -5285.0151 -5353.6606 -5510.7715 -5424.8188 -5345.1924 -5246.8999 -5307.1602 -5628.5884 -5818.9639 -5837.7051 -5718.8691 -5632.7383 -5626.6958 -5641.4097 -5673.3457 -5749.9048 -5791.7715 -5781.1235 -5729.625 -5724.7246 -5777.9771 -5805.335 -5793.4917 -5801.019 -5834.3003 -5894.2661 -5933.3633
-5750.2695 -5745.3921 -5652.3564 -5528.3931 -5575.144 -5451.5684 -5286.9072 -5454.5864 -5449.3726 -5229.5698 -5231.6357 -5397.8154 -5411.397 -5246.5942 -5279.4321 -5259.9624 -5082.7134 -4846.042 -4613.9409 -4637.7388 -4402.1709 -4269.0269 -4479.3398 -4648.106 -4937.1812 -5179.314 -5260.4937 -5267.4404 -5232.8345 -5220.4927 -5227.5537 -5344.4624 -5419.2905 -5379.3491 -5290.3643 -5158.5713 -5185.1226 -5252.6934 -5547.9575 -5877.3149 -5925.1563 -5794.6304 -5673.8579 -5648.5376 -5682.2319 -5697.6572 -5720.02 -5761.9863 -5790.3247 -5774.1846 -5761.2095 -5778.8623 -5786.7114 -5793.6709 -5833.4971 -5845.1064 -5897.5093 -5912.502
-5503.1196 -5713.9976 -5805.2915 -5562.5913 -5586.9297 -5558.5996 -5370.1323 -5472.2656 -5488.0674 -5295.334 -5159.6191 -5214.3291 -5224.3774 -5052.8149 -5074.0112 -5324.8613 -5371.1196 -5080.394 -4882.6953 -4910.1831 -4705.4219 -4371.9048 -4141.5278 -4314.0454 -4854.3564 -5193.6758 -5249.1836 -5332.6035 -5445.6113 -5432.8013 -5288.729 -5329.7319 -5588.8638 -5527.5142 -5347.3467 -5180.2466 -5196.6191 -5399.4751 -5601.5708 -5843.6719 -5902.1885 -5818.6812 -5709.1772 -5659.0474 -5677.2935 -5699.6211 -5683.0386 -5700.5229 -5745.5005 -5756.6577 -5779.1724 -5793.6875 -5798.1001 -5806.6724 -5873.0889 -5896.3179 -5900.3716 -5904.3013
-5410.7563 -5446.9189 -5674.1782 -5491.4219 -5361.1758 -5436.6089 -5476.6133 -5602.4258 -5629.7876 -5515.6948 -5308.0386 -5257.8262 -5224.0552 -5126.1299 -5080.4937 -5245.7334 -5305.3872 -4624.6108 -4490.0889 -5016.0923 -4975.6367 -4784.9536 -4428.8301 -4323.2285 -4630.3799 -4944.9775 -4994.9395 -5161.3735 -5448.9761 -5527.2495 -5470.8604 -5417.3091 -5566.8657 -5588.8745 -5424.6235 -5278.9287 -5406.1333 -5730.8652 -5717.4775 -5752.6685 -5842.04 -5829.4448 -5734.2769 -5673.0342 -5644.0581 -5592.8989 -5599.3662 -5700.916 -5790.8223 -5783.8223 -5802.2222 -5846.6318 -5850.0278 -5823.043 -5855.2837 -5927.5708 -5948.0874 -5925.9775
-5575.5542 -5426.8115 -5394.979 -5286.4199 -5232.5923 -5415.6733 -5572.6455 -5617.4189 -5626.6221 -5576.9575 -5427.2227 -5304.5474 -5258.3262 -5380.7471 -5451.7969 -5457.1646 -5281.2031 -4113.9336 -3824.6418 -4897.2349 -5187.9106 -5107.7861 -4931.6577 -4743.7319 -4778.104 -4901.9385 -4820.9897 -4918.3384 -5150.252 -5455.415 -5643.4448 -5630.5332 -5613.9741 -5489.9849 -5220.9722 -5278.249 -5596.7842 -5962.9248 -5767.4087 -5566.3413 -5719.9233 -5859.0767 -5815.4067 -5737.7056 -5685.8794 -5587.0986 -5595.0313 -5746.728 -5831.5806 -5860.1655 -5906.1104 -5936.5015 -5939.7212 -5905.8286 -5871.7437 -5957.3442 -6011.7295 -5996.3462
-5658.6846 -5545.6484 -5394.0703 -5376.8745 -5435.749 -5604.3833 -5758.6714 -5713.5474 -5629.4863 -5532.9199 -5467.1968 -5334.1543 -5238.7871 -5415.5669 -5606.9536 -5629.8613 -5485.1855 -4770.1411 -4522.5952 -5210.8545 -5401.0996 -5209.2881 -5092.7412 -5022.103 -5139.4048 -5218.3403 -5027.0562 -5028.4595 -5086.9072 -5441.0259 -5719.9844 -5837.166 -5807.3584 -5612.4507 -5288.2495 -5355.3682 -5728.1763 -6195.1367 -6011.9165 -5571.2651 -5683.6528 -5905.0596 -5881.8408 -5809.3848 -5780.8594 -5733.5254 -5676.0742 -5730.5737 -5806.5771 -5873.8496 -5919.0713 -5919.1875 -5909.7446 -5907.9102 -5895.3042 -5961.2471 -5992.5112 -6030.9238
-5579.4604 -5571.4653 -5573.6411 -5676.1514 -5705.0337 -5718.2119 -5853.3384 -5832.147 -5649.2026 -5511.145 -5502.9346 -5447.75 -5360.4048 -5400.4653 -5581.2969 -5667.2041 -5662.8555 -5574.4189 -5511.1543 -5631.6357 -5603.9561 -5381.4863 -5270.1592 -5246.3452 -5382.0757 -5467.2437 -5351.2769 -5396.481 -5406.3501 -5516.1143 -5617.9053 -5776.0005 -5785.5757 -5682.8179 -5445.0347 -5311.3599 -5604.1392 -6176.6763 -6083.0063 -5665.5942 -5717.1455 -5915.4771 -5920.229 -5897.7324 -5881.5742 -5839.436 -5755.7129 -5732.6934 -5809.5586 -5887.9102 -5865.2969 -5826.3086 -5832.7891 -5855.0293 -5880.1572 -5869.5518 -5853.792 -5931.5264
