Resources/Map/Lvl0_30x30/Ele_CD.asc
ncols         335
nrows         335
xllcorner     -9995000
yllcorner     -25000
cellsize      10000
nodata_value  -99999.0
[rows 208 to 233 of 335, columns 118 to 176 of 335]
-3563.3005 -3536.7883 -3505.0544 -3523.8101 -3524.9871 -3545.6355 -3555.2024 -3514.0706 -3523.3079 -3527.3467 -3511.3879 -3509.8999 -3533.5222 -3479.5679 -3354.5876 -3253.6575 -3219.1462 -3196.0574 -3234.5405 -3372.3271 -3425.166 -3387.3374 -3343.303 -3294.3308 -3237.2512 -3196.0632 -3156.0557 -3098.6069 -3042.7976 -2980.6887 -2938.3726 -2881.415 -2812.4597 -2690.2314 -2549.0103 -2420.1841 -2249.0171 -2054.9561 -1800.2959 -1458.4388 -1207.9971 -956.5936 -762.0536 -616.4944 -513.5292 -531.2829 -371.2964 -167.0913 -92.5519 -85.0066 -116.5265 -198.163 -200.1983 -154.1228 -62.5116 419.4882 972.4252 1934.5712 566.6904
-3555.6338 -3537.75 -3519.9214 -3532.1284 -3525.7427 -3517.4629 -3489.2842 -3494.8855 -3519.8103 -3538.3494 -3506.0149 -3491.8257 -3493.3284 -3452.1057 -3372.3943 -3324.2937 -3233.4746 -3147.8896 -3201.0271 -3323.5793 -3385.9719 -3374.7517 -3331.3794 -3280.751 -3226.8489 -3177.4045 -3127.3223 -3098.8257 -3046.7578 -2959.6062 -2881.1379 -2773.1709 -2687.4729 -2606.0015 -2498.1306 -2381.05 -2183.1487 -1924.1318 -1600.2515 -1224.2725 -825.6835 -448.6646 -195.5509 -148.8631 -126.7916 -140.1283 -61.6241 -5.3715 18.9622 4.2655 -9.2038 -24.4633 -32.5195 -30.9904 -1.0189 148.1952 741.1627 1292.748 1485.3701
-3544.9424 -3538.979 -3532.0808 -3540.1155 -3527.3293 -3512.8958 -3497.4539 -3496.9773 -3496.2712 -3498.0632 -3482.6868 -3463.2065 -3448.8704 -3432.3076 -3377.8418 -3333.532 -3280.593 -3238.3347 -3219.1533 -3277.3992 -3361.2988 -3369.1104 -3332.3198 -3279.6616 -3226.2341 -3178.4172 -3126.1665 -3082.8098 -3035.3813 -2963.6064 -2890.8174 -2794.2488 -2677.1575 -2554.8572 -2414.8159 -2269.2141 -2089.4722 -1763.6644 -1434.3031 -1022.4009 -453.0524 -111.6118 -51.373 -43.8197 -35.941 -22.4064 76.4946 57.848 49.8996 9.1913 9.0154 5 7.9722 7 6.0741 70.7451 540.1787 1282.8209 2189.3687
-3540.9348 -3535.7991 -3532.0188 -3541.8977 -3528.8979 -3516.9209 -3504.3335 -3495.2192 -3486.2236 -3477.7747 -3475.4309 -3470.8618 -3441.1238 -3404.7166 -3324.1655 -3269.1748 -3282.1978 -3233.7556 -3100.1616 -3140.7839 -3314.769 -3353.0559 -3315.3535 -3270.7129 -3222.9133 -3175.752 -3111.5911 -3070.324 -3018.2932 -2942.0098 -2877.3726 -2819.2607 -2740.0208 -2597.667 -2408.6589 -2111.8945 -1933.2107 -1666.236 -1298.184 -827.4255 -250.6448 -39.0144 -27.1255 -25.1276 -4.6231 28.2027 98.9646 109.41 61.2689 12.485 10.5292 -0.6018 -0.3429 -0.8037 6.0562 18.2446 495.6168 1697.2494 3117.0627
-3538.9958 -3536.3501 -3530.2151 -3514.603 -3484.8298 -3476.3906 -3476.4238 -3467.4241 -3468.5901 -3466.0789 -3462.2024 -3461.9746 -3428.0176 -3383.2485 -3286.625 -3228.4578 -3218.9324 -3153.5823 -3059.8059 -3104.0569 -3277.7808 -3330.3821 -3300.2341 -3263.5046 -3216.2827 -3169.2458 -3094.6003 -3033.7578 -2965.5735 -2902.4668 -2842.6375 -2775.1353 -2684.1023 -2551.9604 -2371.3376 -2125.9124 -1891.5544 -1696.1833 -1357.2041 -790.9419 -194.6393 -33.5464 -21.2139 5.5901 40.5127 104.4929 144.7483 111.0239 53.0968 7.7928 11.0752 9.9955 7.5389 1.7988 8.8087 13.8476 89.3825 1188.0762 1852.3865
-3523.7266 -3473.4814 -3416.6555 -3364.8999 -3299.6292 -3265.3877 -3248.8123 -3239.925 -3283.0994 -3366.8818 -3419.6948 -3430.5227 -3416.699 -3396.5906 -3300.3472 -3195.8623 -3223.7271 -3210.0315 -3153.2893 -3202.3938 -3290.2925 -3314.0984 -3290.405 -3246.4763 -3203.4495 -3155.6326 -3090.374 -3027.0342 -2958.21 -2895.8643 -2811.936 -2701.5173 -2602.9766 -2505.6292 -2354.8064 -2171.8901 -1869.2164 -1603.3092 -1429.0311 -1123.5413 -229.7779 -24.5429 23.3809 17.9497 42.9384 91.6572 52.367 81.9529 39.882 8.7217 7.2382 7.1541 12.1861 8.8806 16.8932 28.3644 171.4203 910.7275 1618.4288
-3349.5085 -3300.0801 -3249.7988 -3205.5706 -3174.6086 -3128.0481 -3098.7395 -3088.4775 -3093.0361 -3139.8496 -3256.053 -3372.4919 -3407.9355 -3394.1213 -3354.188 -3311.9688 -3315.1431 -3225.1626 -3095.3774 -3174.5515 -3285.4661 -3292.7354 -3276.7292 -3229.8823 -3205.3027 -3160.7656 -3082.043 -3041.5898 -2964.8669 -2890.3169 -2805.2266 -2709.6653 -2603.1611 -2489.761 -2317.9116 -2034.8179 -1721.213 -1406.9718 -975.874 -765.3642 -154.7325 18.2074 49.5587 85.3954 71.1287 41.8055 55.9555 102.2705 33.039 4.8391 8.6531 11.2728 8.7306 12.2895 25.0775 35.404 125.4343 823.5424 1174.808
-3174.6633 -3141.8542 -3101.062 -3098.0747 -3099.9114 -3072.8123 -3003.6685 -2972.3491 -2944.5669 -2982.6614 -3082.9187 -3205.6924 -3339.6338 -3361.6216 -3368.8372 -3359.6055 -3340.689 -3243.5945 -3092.3223 -3114.6245 -3181.7993 -3240.8169 -3252.2004 -3182.1165 -3190.5476 -3139.3958 -3044.7617 -3020.7771 -2942.5288 -2838.54 -2762.0298 -2676.5859 -2463.1504 -2212.3965 -1978.8654 -1670.454 -1266.6338 -840.155 -376.1661 -189.3135 -117.5849 16.6445 62.7053 193.1693 188.2833 28.3405 74.8535 67.3562 16.3207 10.0367 9.0743 9.5701 14.3746 24.3811 43.8235 58.3174 90.1134 503.4771 970.4381
-2974.626 -2848.4338 -2853.9814 -2846.5129 -2846.4868 -2828.1321 -2793.6211 -2820.21 -2831.5923 -2858.9929 -2942.6436 -3037.8479 -3094.3022 -3164.0229 -3247.6687 -3289.3162 -3320.5266 -3254.3721 -3080.5615 -2990.5811 -2942.0742 -3049.8142 -3169.1614 -3179.8389 -3200.3689 -3124.2725 -3033.5696 -2978.6599 -2946.7764 -2883.7209 -2767.9985 -2451.7112 -1960.7516 -1614.2158 -1501.3232 -1241.8315 -863.5155 -424.3633 -171.7962 -67.8505 13.7721 11.677 44.3384 153.7356 72.9685 10.1689 11.0794 9.8313 10.101 9.9145 9.7047 29.0645 43.5857 57.4061 63.7363 75.7693 106.4478 355.9799 974.8282
-2631.4751 -2522.9336 -2511.0579 -2471.595 -2481.3464 -2450.2498 -2494.9741 -2534.7627 -2551.6389 -2535.1482 -2571.6868 -2697.614 -2805.5093 -2850.8745 -2879.6504 -2997.0762 -3164.2002 -3263.7488 -3218.8623 -3078.7161 -2977.5906 -3043.7437 -3162.5535 -3190.4998 -3164.7561 -3119.2578 -3069.8662 -3010.0239 -2950.0703 -2840.1509 -2493.4063 -1963.4717 -1575.0144 -1510.5826 -1420.4075 -1116.8722 -503.7671 -207.5694 -122.9908 -35.36 4.926 118.912 114.129 102.3889 17.0701 12.4121 9.0243 10.9403 12.2139 24.7176 22.9522 31.2578 54.0639 83.2525 99.9409 131.8614 120.1068 233.6599 645.1486
-2450.4036 -2394.5801 -2296.5806 -2180.2722 -2139.4438 -2037.5734 -2091.6777 -2128.3875 -2176.0632 -2091.4126 -2014.9559 -2122.7813 -2308.9031 -2360.4063 -2453.2114 -2699.4658 -2931.1414 -3131.0437 -3232.739 -3115.6375 -2940.4287 -3020.6875 -3161.842 -3176.8933 -3157.0801 -3128.9326 -3107.9932 -3005.6414 -2853.0637 -2520.8298 -1842.2451 -1625.7164 -1586.9801 -1358.4236 -1268.1318 -791.8506 -289.0216 -101.2853 -44.3987 -4.9508 12.9381 42.2412 42.6059 26.6613 11.4485 39.8054 30.2758 8.4736 19.9746 32.7263 27.0085 42.5964 67.9691 92.7359 170.0585 142.3292 94.516 139.1609 391.1805
-2060.3894 -1993.7109 -1890.7875 -1888.5479 -1864.5627 -1781.5784 -1696.3099 -1658.9387 -1774.3481 -1881.6483 -1799.4697 -1714.2606 -1785.2914 -1949.9579 -2153.7097 -2321.208 -2595.5967 -2949.9158 -3161.3931 -3155.2446 -3003.1477 -3063.8965 -3150.1013 -3132.1721 -3135.2119 -3136.4216 -3094.1519 -2977.2314 -2719.7886 -2256.0879 -1586.765 -1234.5483 -1065.9464 -733.4415 -493.3242 -232.1917 -126.4098 -45.0752 -12.445 -0.8342 9.9134 22.1498 55.8404 11.6434 37.8677 124.0663 64.6668 37.1867 52.5014 9.8802 38.793 60.316 91.2674 126.528 150.9108 137.6285 89.4395 101.3459 253.9592
-2067.502 -2004.8092 -1890.8055 -1904.6919 -1901.3158 -1897.965 -1763.2235 -1636.6892 -1574.0942 -1625.4307 -1694.9388 -1641.0685 -1631.6155 -1711.05 -1880.3789 -1978.5198 -2149.9116 -2583.334 -2986.7063 -3182.5303 -3184.8352 -3177.6616 -3152.0195 -3123.2527 -3118.8337 -3107.8926 -3053.5308 -2905.8669 -2545.4722 -1833.1841 -1263.5886 -1011.9172 -824.1067 -496.9404 -240.7852 -145.3183 -91.556 -44.6579 -18.6215 -5.5662 14.2234 8.1612 9.2549 9.427 94.3755 133.1682 124.2217 22.457 10.5905 29.5101 74.2972 101.1076 103.8743 130.3331 154.364 114.1227 83.0183 82.9381 107.1171
-2023.213 -2102.2734 -2060.623 -2009.6171 -1986.6552 -1963.6213 -1911.6493 -1829.9725 -1632.4767 -1447.2109 -1434.8672 -1442.9628 -1492.8491 -1563.3302 -1673.4229 -1669.7004 -1726.7094 -2207.6929 -2740.783 -3048.2471 -3184.377 -3181.312 -3151.7556 -3121.3484 -3088.8601 -3055.2207 -2946.9751 -2700.6023 -2282.8472 -1597.2173 -1131.7429 -940.8018 -723.3784 -383.9468 -173.1097 -130.4204 -82.0326 -34.115 -15.549 -3.8916 28.1916 30.5228 12.3783 29.0573 184.3041 208.1005 274.1995 92.7109 16.9635 34.423 127.6584 88.3608 121.5464 128.4246 174.1456 125.8172 84.0863 61.8244 70.2134
-1676.3184 -1925.4381 -1917.1791 -1878.4509 -1891.8406 -1885.0485 -1845.769 -1855.5303 -1816.0553 -1616.599 -1390.2052 -1241.1367 -1220.6664 -1182.5533 -1193.3007 -1280.5239 -1373.6238 -1831.4775 -2430.6941 -2808.2886 -3067.8521 -3137.5696 -3111.4429 -3074.4854 -3040.6003 -3013.2371 -2888.2507 -2505.8435 -1954.9854 -1323.4283 -1013.8846 -819.2841 -527.4392 -198.2124 -102.5656 -88.9324 -42.0368 -17.5091 -8.8127 3.5575 58.6691 51.7259 39.1254 70.03 360.9752 333.5445 197.8844 56.9666 27.55 105.5376 126.964 86.5693 127.3974 138.8218 168.0009 147.0151 111.2173 72.3423 51.2098
-1175.9873 -1553.4453 -1545.3367 -1469.9475 -1500.9343 -1540.611 -1478.1318 -1626.1833 -1795.9049 -1812.972 -1697.2924 -1535.1594 -1354.0449 -1181.3452 -1115.028 -1111.3002 -1174.593 -1528.9419 -2082.4114 -2501.5667 -2868.0923 -3077.0969 -3052.6074 -3018.7217 -2997.5217 -2965.8184 -2867.9597 -2391.4668 -1709.6422 -1146.458 -908.5547 -684.0039 -320.9553 -118.4555 -79.1928 -52.9481 -22.5875 -6.111 -2.8615 11.5991 55.7988 63.5106 141.1551 224.3883 339.8697 235.6055 160.1473 47.3852 12.3822 32.6233 98.5464 86.2822 125.0557 99.1521 113.0184 130.7111 126.2711 92.2976 53.3368
-393.7962 -682.6833 -749.2624 -681.7272 -678.816 -759.4146 -807.6317 -1099.5028 -1447.7562 -1711.9767 -1786.1383 -1766.2938 -1709.0582 -1565.3489 -1369.5271 -1176.351 -1102.0454 -1314.4662 -1738.2579 -2193.1245 -2623.8762 -2942.2114 -3005.606 -2984.0115 -2957.5449 -2906.6941 -2818.1907 -2278.6848 -1551.3358 -1044.5941 -787.561 -520.86 -193.062 -83.7128 -63.6209 -38.7601 -15.3499 -4.1004 -1.4746 13.7412 20.3291 53.6727 110.6475 349.4429 259.8068 171.2572 122.0723 82.1749 15.8597 9.8708 36.1979 91.663 84.6674 76.7831 79.2412 88.7604 112.1795 82.1096 52.437
-15.1248 -57.0366 -71.7235 -64.6059 -54.4915 -93.0026 -213.9097 -422.5362 -712.3181 -1158.5116 -1491.7664 -1577.6794 -1691.6055 -1733.3126 -1666.5679 -1461.5337 -1237.6655 -1225.8469 -1506.8673 -2009.9432 -2415.3123 -2676.3848 -2857.0349 -2871.9236 -2869.8215 -2825.9143 -2706.6602 -2158.1943 -1474.7128 -980.9304 -667.335 -351.736 -124.7871 -67.0497 -44.4333 -25.7823 -11.9783 -4.6317 -3.4263 -3.0205 14.574 36.8054 222.8709 383.4852 335.4556 208.9082 119.9694 66.6191 14.524 11.9104 29.5978 41.0327 55.1593 72.3058 60.3339 70.8267 89.5532 92.0027 66.9083
66.5261 7.1071 -3.9631 -3.7703 2.3638 3.5049 -31.5294 -90.4543 -193.3516 -445.4939 -760.6331 -947.5259 -1253.3982 -1517.6051 -1643.3009 -1651.2585 -1542.3051 -1373.5043 -1366.8456 -1757.0947 -2243.3486 -2474.6384 -2662.5586 -2737.6421 -2724.7256 -2706.5088 -2549.6877 -1951.4722 -1340.7911 -851.0415 -478.0957 -201.1667 -78.0517 -44.306 -26.5667 -15.2993 -7.4049 -3.4844 -4.0776 -2.2621 18.8048 46.5211 260.5274 228.49 220.384 174.209 114.9631 38.4936 13.5317 24.814 43.5421 32.1873 50.7529 50.1973 51.8537 65.8867 75.6121 95.3809 62.9361
75.1928 46.0381 74.8389 25.4989 82.2865 221.6744 23.0604 4 2.7032 -49.0976 -137.9121 -293.3346 -562.1677 -887.4216 -1241.3784 -1531.7821 -1627.0054 -1521.109 -1363.8019 -1501.9751 -1879.8042 -2162.5991 -2421.7456 -2558.8411 -2560.3232 -2522.3699 -2387.9629 -1778.7964 -1189.0033 -779.1434 -352.9858 -106.1509 -43.6559 -20.1292 -10.1246 -4.8189 10.8744 9 8 10.3974 22.0443 94.8311 94.0724 197.1752 186.2658 155.6137 103.6555 48.1112 20.8065 13.0855 19.2595 25.235 25.133 44.0148 48.7198 64.3904 73.9126 84.2451 68.541
308.881 197.0395 290.7717 418.6503 443.4654 309.7675 320.7405 270.6071 102.2241 38.2048 1 -27.6378 -124.5464 -302.5007 -628.4581 -1109.4253 -1465.1313 -1549.9644 -1457.6866 -1439.0052 -1595.5779 -1800.9375 -2075.9573 -2301.5942 -2351.8862 -2294.4702 -2152.8533 -1633.2701 -1074.1471 -663.7057 -263.0908 -75.5122 -28.9333 -5.9823 10.3913 10.4321 14.2405 24.3856 66.7923 30.6527 48.5366 87.8588 172.2097 164.0047 157.0104 141.1351 109.5045 69.8004 18.2422 7.6748 14.5797 16.9954 25.908 23.9143 40.1247 40.6155 57.8109 68.6606 56.2941
290.1937 147.2543 194.1362 204.5992 203.9033 141.0255 288.6989 266.9677 384.7984 282.4155 168.3328 93.3745 35 -65.0319 -249.2616 -627.6989 -1059.5996 -1395.829 -1494.0718 -1438.8074 -1442.4775 -1476.1744 -1706.5906 -2029.7212 -2127.3401 -2023.4515 -1792.157 -1380.0468 -912.8365 -492.7429 -158.0347 -50.1762 -22.4398 3.1791 51.0007 29.0915 14.8462 33.7874 25.7962 35.246 72.5755 136.1724 162.6246 151.1691 119.5469 114.3027 75.2248 54.344 37.6999 12.3189 10.2587 15.5249 17.5999 20.0107 20.9222 29.5563 35.2032 43.8704 52.3122
28.0754 33.5473 29.709 70.4305 53.7825 93.6929 106.0773 92.1439 133.2485 238.2361 236.5677 503.6788 348.4513 60.0105 -42.7546 -233.934 -643.1013 -1178.2474 -1434.3417 -1406.7542 -1373.2335 -1326.1442 -1448.1563 -1709.2205 -1836.5742 -1722.3468 -1365.3857 -1011.4205 -671.2827 -312.5923 -93.6948 -35.8049 -14.6553 27.7003 106.9279 74.6139 27.4877 11.3424 9.2745 16.0152 60.3929 91.0234 129.6541 99.786 93.1899 73.7289 62.6823 40.2295 26.6579 15.6485 14.5291 12.6062 16.0659 19.891 18.99 20.928 14.6711 18.2137 39.8669
17.6029 44.1966 165.2182 236.886 128.2922 130.4961 61.6442 50.9962 132.5561 175.0777 186.0746 293.5031 468.7954 379.935 38.3387 -28.8034 -298.7957 -783.5502 -1033.676 -1107.106 -1194.5372 -1203.9949 -1236.9771 -1310.6885 -1376.616 -1274.7666 -919.0585 -608.4067 -356.2539 -136.1588 -47.0235 -19.8999 1.3594 50.3652 67.9874 69.2647 23.1722 11.7612 9.0327 16.4297 41.9339 86.8457 83.6274 74.403 75.0155 57.41 43.1004 25.1096 15.0115 10.9417 13.8275 12.6344 11.0268 12.5295 20.307 17.6844 15.8588 28.1704 25.1522
-1.015 10.7725 64.0468 134.5498 260.5874 405.9178 262.7586 91.8553 102.8359 104.4638 112.6589 155.2546 149.525 253.1041 298.9718 34.6528 -75.4287 -247.3557 -360.1302 -556.4199 -766.6167 -820.8187 -808.7743 -758.7251 -744.9693 -637.7368 -407.1728 -219.1372 -118.9701 -54.2606 -22.2165 2.8044 42.6183 69.5348 66.8961 81.0318 28.8861 13.0348 12.1328 11.1459 20.9796 72.5277 72.7357 46.198 64.2597 38.6832 24.2541 15.3316 12.1126 10.5624 13.883 13.643 16.671 15.3968 18.0951 16.6195 18.407 47.0642 31.6443
-19.1842 -10.79 4.7992 83.4711 199.5551 185.0364 343.2915 628.1577 217.6136 120.3431 133.0445 107.0227 115.3125 168.2403 222.2136 340.2912 14.0234 -42.6515 -86.1041 -185.062 -309.0556 -353.5327 -305.882 -215.5234 -197.5917 -159.4525 -94.3364 -61.8382 -45.2633 -23.8061 1.0591 31.137 53.2856 132.716 118.2574 68.8775 22.7628 14.6159 13.458 12.6263 33.5796 80.2523 62.348 35.5063 39.1412 14.822 15.0164 12.8616 15.5944 16.0007 11.092 15 12.1719 19.0599 17.4956 16.9955 23.937 42.9235 21.0092
