Resources/Map/Lvl0_30x30/Ele_EF.asc
ncols         335
nrows         335
xllcorner     -3295000
yllcorner     -6725000
cellsize      10000
nodata_value  -99999.0
[rows 250 to 274 of 335, columns 57 to 113 of 335]
-3186.083 -3201.4607 -3004.4077 -2760.8584 -2840.1777 -3485.553 -4191.3965 -4499.4302 -4415.0181 -4143.5703 -3941.0747 -3977.0625 -4082.627 -4155.7158 -4187.9253 -4204.0269 -4156.1763 -4049.6465 -4160.541 -4418.1958 -4531.0732 -4577.5249 -4593.5806 -4524.7485 -4499.8652 -4534.4766 -4573.8394 -4600.2188 -4601.7871 -4579.2466 -4606.3286 -4669.105 -4684.8198 -4679.0767 -4712.8657 -4725.2744 -4656.2524 -4501.6226 -4350.313 -4358.5737 -4449.4258 -4500.2295 -4558.585 -4632.106 -4629.5098 -4553.2446 -4507.6406 -4493.5186 -4444.5459 -4334.7842 -4238.3833 -4235.2549 -4291.103 -4315.5459 -4274.4937 -4255.5576 -4266.6289
-3279.2375 -3316.5098 -3256.5662 -3263.8281 -3543.5869 -4034.457 -4381.6621 -4501.5103 -4430.2256 -4142.6055 -3891.825 -3914.2036 -4014.9871 -4073.7617 -4078.3884 -4072.7051 -3985.6777 -3703.7583 -3847.6611 -4371.5737 -4544.3213 -4544.5103 -4513.979 -4497.7261 -4497.8784 -4470.2207 -4487.9199 -4568.6265 -4591.8564 -4547.02 -4521.0962 -4519.5386 -4514.3906 -4553.9614 -4644.3481 -4720.7646 -4687.6548 -4516.8701 -4355.8418 -4348.0146 -4387.1992 -4385.6816 -4446.4302 -4581.0659 -4632.6191 -4550.5308 -4455.9766 -4433.4702 -4419.2041 -4344.6006 -4253.7344 -4255.6646 -4339.1323 -4363.8857 -4280.3306 -4236.4395 -4245.2148
-3453.6489 -3581.2981 -3732.6323 -3984.2351 -4280.1841 -4454.6382 -4483.8647 -4495.9648 -4384.7578 -4047.0327 -3773.0061 -3784.8027 -3889.4146 -3976.1824 -4051.9583 -4137.2617 -4154.3438 -3939.325 -3992.8645 -4378.6201 -4451.667 -4418.146 -4416.4961 -4434.1958 -4407.4888 -4373.3677 -4432.8071 -4548.9609 -4583.3086 -4551.6743 -4523.9214 -4465.8311 -4413.8101 -4448.0044 -4535.9502 -4633.3242 -4663.3716 -4615.8203 -4559.7402 -4491.5488 -4383.4375 -4280.563 -4310.9941 -4476.6621 -4597.0938 -4572.2407 -4488.7192 -4445.0127 -4402.8604 -4329.772 -4250.6982 -4245.5283 -4332.6709 -4363.812 -4266.9443 -4212.6167 -4224.9287
-3721.7754 -3896.3975 -4111.3789 -4381.7861 -4548.645 -4502.9282 -4413.6768 -4430.3726 -4352.6294 -4086.0391 -3818.9304 -3737.4719 -3766.6272 -3868.2781 -4056.7729 -4231.4302 -4330.981 -4322.0747 -4297.0488 -4356.6431 -4359.0049 -4349.4434 -4376.6416 -4396.542 -4377.6221 -4398.5615 -4466.7832 -4521.2183 -4502.793 -4462.8853 -4485.144 -4448.2012 -4400.7285 -4446.7773 -4520.8022 -4574.6309 -4586.7856 -4605.5322 -4628.3965 -4561.7539 -4425.3179 -4319.1982 -4324.8276 -4446 -4568.6348 -4560.7554 -4458.8335 -4390.8301 -4348.668 -4297.2046 -4246.2305 -4238.375 -4294.9116 -4320.2344 -4261.8286 -4219.8784 -4238.6465
-4039.5569 -4204.167 -4302.3198 -4427.3804 -4491.0513 -4419.4224 -4344.002 -4377.0298 -4381.9165 -4252.4028 -4048.2881 -3916.6528 -3867.374 -3912.5217 -4047.1807 -4199.3931 -4314.5015 -4348.6367 -4277.9829 -4247.5317 -4306.519 -4349.9277 -4349.291 -4359.1294 -4407.2388 -4464.6655 -4487.1577 -4491.4829 -4439.7554 -4364.2578 -4405.1465 -4408.5767 -4379.3101 -4443.0151 -4526.8027 -4544.0527 -4516.9219 -4532.3169 -4571.6616 -4541.7861 -4450.248 -4353.2368 -4321.9092 -4432.9155 -4570.0098 -4540.0464 -4391.082 -4296.7886 -4261.8901 -4235.8535 -4202.1694 -4224.2769 -4305.0913 -4336.2485 -4296.8008 -4248.1465 -4258.2026
-4327.437 -4363.2397 -4307.894 -4291.356 -4334.4287 -4370.5625 -4367.395 -4395.0552 -4401.4883 -4355.936 -4277.9155 -4186.6572 -4092.0298 -4061.1465 -4099.3164 -4168.5601 -4248.4961 -4290.0049 -4217.9736 -4131.3042 -4190.1675 -4298.5044 -4306.7417 -4264.0894 -4273.0449 -4342.7788 -4434.0469 -4469.8599 -4404.1411 -4337.0381 -4407.2217 -4431.417 -4394.5483 -4405.3027 -4463.8169 -4502.4824 -4511.374 -4524.4771 -4528.8652 -4486.2817 -4404.8047 -4305.9956 -4277.6274 -4424.3042 -4584.4927 -4551.4805 -4385.0361 -4257.5107 -4211.0054 -4203.9346 -4186.7646 -4231.2563 -4329.4858 -4361.394 -4303.0654 -4225.7148 -4240.2817
-4466.8887 -4300.1694 -4163.9233 -4152.2407 -4263.6841 -4379.2681 -4363.6558 -4327.1211 -4345.2705 -4397.1226 -4429.79 -4350.2363 -4220.1426 -4166.6318 -4184.8965 -4172.6182 -4118.5396 -4117.3896 -4111.5322 -4053.6353 -4111.4067 -4250.3789 -4265.2832 -4170.4336 -4164.9771 -4298.3076 -4435.4585 -4427.502 -4330.6318 -4314.8828 -4395.8887 -4396.4751 -4368.4375 -4360.2456 -4398.3501 -4484.1704 -4526.1704 -4500.0503 -4454.4263 -4391.9902 -4301.7451 -4213.2495 -4229.5981 -4412.3403 -4564.4116 -4529.1025 -4376.2661 -4232.4038 -4182.2344 -4222.2568 -4237.9795 -4252.4326 -4321.8438 -4363.1221 -4316.2329 -4239.7729 -4242.0508
-4448.8784 -4237.9868 -4152.9351 -4204.3071 -4312.2969 -4386.938 -4279.3452 -3997.0098 -3938.4482 -4236.3901 -4474.6313 -4371.8218 -4125.917 -4066.8542 -4162.5752 -4182.4746 -4038.5481 -3986.1313 -4029.2524 -4035.4697 -4117.7065 -4238.2402 -4192.7046 -4127.7153 -4241.9053 -4412.7939 -4475.8647 -4381.1089 -4288.6226 -4331.1504 -4399.3911 -4372.5381 -4361.5098 -4391.6963 -4438.9238 -4500.8564 -4496.1079 -4416.5737 -4360.5166 -4325.0122 -4240.9985 -4166.9263 -4218.2866 -4385.1587 -4485.7231 -4436.4194 -4322.5298 -4239.4233 -4212.6943 -4211.2607 -4168.561 -4177.5254 -4267.7822 -4298.0859 -4262.9434 -4243.5903 -4230.498
-4442.9038 -4298.4473 -4291.355 -4326.5112 -4338.3203 -4336.4985 -4180.3545 -3812.229 -3761.6716 -4125.1631 -4425.1982 -4434.0127 -4252.6665 -4199.1309 -4323.3784 -4306.2822 -4049.6533 -3914.6956 -3995.3494 -4095.3225 -4167.4756 -4172.3394 -3817.8428 -3772.0559 -4162.9268 -4409.3828 -4449.8643 -4384.9937 -4333.1333 -4371.1978 -4437.9634 -4430.8008 -4396.9775 -4407.0327 -4475.665 -4521.3579 -4475.2368 -4357.8101 -4261.6665 -4240.4619 -4263.5083 -4309.1924 -4363.1313 -4408.8652 -4413.8325 -4359.377 -4282.0483 -4252.2686 -4254.8491 -4210.6494 -4120.8638 -4138.2061 -4216.8989 -4204.5933 -4189.3408 -4215.1147 -4188.582
-4547.5869 -4470.9526 -4465.8672 -4427.6445 -4368.7192 -4319.7915 -4160.228 -3907.4048 -3908.1877 -4059.0381 -4193.4883 -4369.3296 -4433.127 -4420.3062 -4487.5059 -4442.6685 -4156.0161 -3916.9241 -3998.6587 -4198.123 -4286.2012 -4200.084 -3869.9075 -3871.8682 -4249.187 -4369.5913 -4339.2646 -4337.7778 -4353.7368 -4393.2705 -4485.9497 -4512.4336 -4443.1079 -4397.3799 -4464.6514 -4516.9839 -4455.4463 -4322.2715 -4208.624 -4201.5044 -4309.0635 -4427.7485 -4464.2744 -4426.7476 -4348.2563 -4283.3745 -4270.0073 -4284.5098 -4301.1104 -4292.8276 -4231.917 -4192.5308 -4221.6289 -4253.0854 -4264.603 -4239.4019 -4178.1572
-4631.8965 -4583.1411 -4538.1699 -4485.2788 -4440.1602 -4374.1465 -4240.0732 -4050.4497 -3944.2393 -3901.6965 -3907.3811 -4128.1382 -4306.2969 -4310.7568 -4382.1533 -4470.2539 -4354.3516 -4116.9873 -4082.6687 -4218.1743 -4334.3511 -4350.1523 -4316.0996 -4371.9292 -4470.7095 -4381.3936 -4193.9453 -4140.6182 -4221.2085 -4317.6777 -4434.3247 -4475.229 -4460.4478 -4452.0327 -4480.1514 -4503.5283 -4458.1372 -4351.3613 -4248.4897 -4237.2954 -4309.2373 -4364.4185 -4375.8374 -4343.2822 -4233.1465 -4160.7388 -4223.0215 -4297.6318 -4332.1704 -4364.8096 -4340.0151 -4263.9087 -4276.3555 -4339.04 -4325.2979 -4244.6963 -4196.6152
-4615.6836 -4567.0825 -4515.2827 -4501.3364 -4477.6831 -4326.0723 -4000.0522 -3564.5564 -3244.6216 -3206.2781 -3330.1531 -3686.4482 -4021.9138 -4121.2573 -4237.626 -4432.3306 -4512.2202 -4406.0161 -4310.2114 -4336.1875 -4440.4751 -4487.6226 -4491.752 -4524.1055 -4577.124 -4461.5415 -4069.978 -3804.1082 -3876.1514 -3930.4199 -3865.0144 -3970.9827 -4284.9814 -4485.8174 -4523.8115 -4513.2378 -4482.4644 -4418.5171 -4359.1909 -4366.7476 -4391.8228 -4372.3428 -4348.0518 -4326.7876 -4249.3296 -4199.2603 -4257.6343 -4313.6895 -4348.354 -4408.103 -4416.9316 -4369.5205 -4381.8823 -4375.334 -4279.5366 -4164.1826 -4163.812
-4621.8979 -4610.7202 -4588.519 -4563.6353 -4411.5991 -3891.4614 -3026.4363 -2169.6221 -1771.0363 -1797.2177 -2074.866 -2787.4565 -3568.8113 -3989.3262 -4162.2847 -4311.6079 -4469.5234 -4600.9819 -4645.1733 -4571.5381 -4421.7671 -4128.0181 -3825.4475 -3864.2974 -4290.6426 -4592.7886 -4462.4272 -4242.604 -4271.3037 -4223.4419 -4022.4124 -4093.593 -4371.6108 -4518.2437 -4523.854 -4498.042 -4474.8057 -4450.9912 -4438.9565 -4457.2974 -4459.6196 -4439.8003 -4438.9507 -4446.8369 -4410.5078 -4363.5947 -4349.8521 -4349.9785 -4396.5532 -4462.6743 -4466.1162 -4459.9385 -4500.1196 -4501.7534 -4405.8486 -4271.5513 -4242.8462
-4657.3364 -4646.002 -4623.2822 -4580.606 -4385.8013 -3822.4028 -2996.585 -2294.6941 -2024.6176 -2025.4349 -2133.0969 -2674.0464 -3409.5042 -3852.3247 -3976.3638 -4092.6543 -4340.9683 -4690.9854 -4919.8945 -4756.6865 -4136.6787 -3154.4751 -2362.9348 -2389.499 -3231.8716 -4097.8433 -4471.0425 -4471.4492 -4537.249 -4615.5654 -4603.8481 -4634.3174 -4638.3921 -4536.7114 -4430.8823 -4400.3936 -4424.3145 -4441.3828 -4451.1108 -4470.7842 -4491.8687 -4504.6807 -4499.0244 -4479.4468 -4447.0874 -4425.894 -4393.938 -4366.3359 -4424.7598 -4479.666 -4442.5928 -4473.835 -4566.2051 -4618.1538 -4616.8164 -4543.7939 -4479.291
-4688.0952 -4653.3843 -4630.7671 -4637.7969 -4603.7339 -4407.0508 -4089.1104 -3836.3984 -3756.2871 -3736.9385 -3646.8396 -3665.1436 -3716.1367 -3542.4885 -3311.8042 -3453.2742 -4007.8811 -4636.1069 -5017.4858 -4919.9805 -4275.7817 -3304.0562 -2470.4448 -2187.24 -2632.4521 -3320.7993 -3752.3706 -3859.5586 -4030.4531 -4340.7021 -4571.5376 -4674.6035 -4661.3457 -4525.0068 -4364.5874 -4314.6084 -4396.4072 -4459.6416 -4452.5703 -4420.6284 -4379.9067 -4423.3726 -4489.8477 -4509.7446 -4492.1846 -4472.3086 -4435.1284 -4388.5771 -4415.0737 -4461.0117 -4454.46 -4500.5625 -4580.5347 -4648.4849 -4724.9111 -4722.9424 -4657.4775
-4639.5381 -4652.0864 -4640.1074 -4634.9146 -4651.1284 -4629.4707 -4534.106 -4461.6104 -4480.2515 -4482.8999 -4388.8784 -4228.6543 -3882.3813 -3237.5898 -2696.2197 -2805.3369 -3516.5647 -4285.1367 -4735.5356 -4801.4897 -4561.9771 -4343.2725 -4153.1152 -3859.0085 -3714.3206 -3837.9834 -4029.2476 -4105.1953 -4142.4473 -4198.5298 -4269.0093 -4389.876 -4506.2983 -4517.1758 -4293.3833 -4052.6306 -4075.1648 -4309.9971 -4375.2007 -4157.9902 -3895.0432 -3888.2002 -4070.1401 -4245.5752 -4352.3667 -4359.9302 -4286.6519 -4177.9722 -4039.4868 -3919.6399 -3894.0725 -4021.9561 -4280.6362 -4565.8452 -4768.0146 -4809.3193 -4735.2949
-4622.0142 -4666.6079 -4649.5493 -4592.8657 -4543.2012 -4516.1855 -4490.2319 -4497.7119 -4534.3169 -4526.9082 -4484.4438 -4377.4399 -4071.3252 -3537.6946 -3114.6313 -3125.8782 -3503.478 -4008.6943 -4399.5488 -4503.4429 -4374.6421 -4497.7275 -4927.4951 -5141.0205 -4920.9746 -4708.981 -4626.938 -4508.8545 -4397.1514 -4309.8237 -4214.7046 -4265.2539 -4423.2354 -4499.105 -4185.9063 -3595.5603 -3375.2505 -3736.3081 -4009.8413 -3689.5005 -3092.1587 -2778.2434 -2847.0522 -3085.3425 -3315.3479 -3398.5471 -3309.1108 -3230.4175 -3003.9211 -2610.917 -2506.1052 -2941.5642 -3679.3054 -4350.001 -4724.4082 -4819.3843 -4735.0981
-4596.8804 -4574.4829 -4522.6284 -4454.4951 -4375.1895 -4335.083 -4341.8911 -4366.2549 -4409.3198 -4442.6328 -4440.2617 -4363.5903 -4200.5693 -3957.8047 -3744.5693 -3665.8413 -3747.4661 -4017.7964 -4312.7422 -4384.0127 -4138.9639 -4084.2043 -4696.4673 -5301.5132 -5320.4092 -5255.6245 -5208.3071 -4930.5557 -4599.6147 -4431.0435 -4316.3364 -4330.3022 -4444.9697 -4482.9517 -4243.3926 -3765.728 -3517.1194 -3761.8711 -4028.2212 -3811.9521 -3213.3418 -2650.4819 -2362.8613 -2342.7363 -2507.3862 -2733.6228 -2906.2024 -3110.521 -3171.0056 -2895.812 -2825.3479 -3315.0745 -3962.2571 -4422.3521 -4667.2441 -4747.2744 -4701.5454
-4580.4448 -4515.1782 -4405.9009 -4284.5962 -4171.9316 -4119.7119 -4145.3979 -4189.7231 -4297.1372 -4446.083 -4517.5479 -4444.1675 -4279.0566 -4033.4839 -3808.8215 -3723.8787 -3766.9382 -3937.291 -4123.3389 -4209.1865 -4145.3564 -3862.7561 -4247.3286 -4915.5996 -5259.9795 -5404.4702 -5419.4512 -5329.959 -5115.0435 -4787.4854 -4509.9082 -4435.7378 -4492.4321 -4524.0522 -4537.6416 -4528.897 -4514.2896 -4589.6089 -4696.8579 -4681.2734 -4467.0713 -4169.0396 -3958.0525 -3843.6382 -3830.5906 -3964.6448 -4125.2344 -4195.4116 -4148.7192 -4026.4675 -4028.1047 -4221.6182 -4436.6123 -4590.563 -4706.2314 -4781.7466 -4803.4297
-4485.563 -4499.4844 -4480.4126 -4417.5405 -4364.1816 -4342.4419 -4342.353 -4365.3882 -4418.7949 -4512.1919 -4559.938 -4434.9648 -4150.4546 -3780.7859 -3635.0911 -3736.3137 -3891.2576 -4011.2798 -4003.4724 -3902.9358 -3788.2029 -3581.0381 -3803.8621 -4532.3247 -5032.7876 -5116.7031 -5102.3369 -5335.3599 -5514.625 -5287.4556 -4858.2031 -4645.8062 -4633.8604 -4706.1743 -4843.062 -4934.6528 -4912.7676 -4903.2358 -4962.2339 -5031.7734 -5040.0205 -5008.9409 -4992.98 -4934.4126 -4804.4707 -4715.9717 -4689.8984 -4638.5039 -4564.6001 -4520.7344 -4513.5513 -4565.7119 -4644.0381 -4711.0044 -4802.1006 -4897.3457 -4918.3052
-4318.354 -4366.9268 -4410.3472 -4400.9395 -4368.1606 -4345.8677 -4341.6157 -4369.7573 -4407.5977 -4421.7739 -4384.6152 -4280.269 -4117.1958 -3833.136 -3841.855 -4070.437 -4249.4683 -4212.2231 -3942.2405 -3581.9336 -3249.509 -3090.8789 -3451.7461 -4293.2466 -4799.5713 -4700.3867 -4446.1675 -4736.9136 -5287.1846 -5414.9253 -5059.4507 -4757.8511 -4659.8838 -4770.9326 -4917.1299 -4877.231 -4700.79 -4647.5933 -4733.4805 -4818.6328 -4858.9375 -4878.6567 -4880.0347 -4824.1851 -4718.2583 -4672.9307 -4714.7754 -4713.2666 -4637.3218 -4612.457 -4659.7998 -4726.2363 -4760.4072 -4767.6074 -4828.1455 -4922.168 -4935.4209
-4252.3579 -4249.2349 -4256.3828 -4258.5601 -4249.0869 -4206.7202 -4161.1216 -4176.1924 -4224.3008 -4255.1187 -4255.0981 -4231.0986 -4189.5664 -4150.127 -4169.271 -4198.856 -4165.2051 -4033.3115 -3801.3975 -3563.5266 -3346.1199 -3203.7444 -3416.6741 -3963.606 -4275.6147 -4184.8237 -4008.6814 -4270.1514 -4888.9858 -5322.4893 -5155.8452 -4636.0244 -4188.8687 -4207.1177 -4414.9663 -4462.7168 -4381.8286 -4379.1074 -4469.2852 -4553.7451 -4625.7549 -4667.105 -4613.7939 -4493.7153 -4413.4888 -4445.0991 -4541.5166 -4533.1162 -4408.8076 -4399.6875 -4497.6255 -4615.4824 -4695.9404 -4660.5894 -4592.2808 -4588.2949 -4587.6323
-4149.436 -4108.3413 -4089.9116 -4096.0137 -4096.9492 -4091.8474 -4080.6985 -4063.7366 -4070.2534 -4124.2617 -4173.9326 -4204.7471 -4229.1226 -4233.0894 -4181.3955 -4007.1848 -3770.9856 -3648.0149 -3629.314 -3637.3472 -3593.481 -3464.8628 -3410.7039 -3487.6018 -3555.582 -3589.8657 -3668.7168 -3850.5203 -4236.8921 -4776.2998 -4941.1689 -4487.1929 -3900.0464 -3789.8403 -3976.3938 -4167.8613 -4280.4165 -4316.5444 -4372.0303 -4479.9146 -4588.9756 -4638.3457 -4625.2461 -4595.0864 -4595.1099 -4581.8389 -4544.396 -4515.314 -4422.0913 -4372.584 -4415.645 -4521.4663 -4571.8359 -4464.5767 -4319.4063 -4223.7197 -4155.9458
-4054.6868 -4017.6367 -3988.0188 -3978.3594 -3981.8103 -4008.1907 -4018.1069 -3999.728 -4043.0881 -4105.8896 -4133.9844 -4164.5791 -4186.5195 -4145.6704 -4068.0859 -3959.511 -3770.8345 -3613.7256 -3587.3215 -3633.2334 -3631.9714 -3501.8782 -3343.052 -3215.0508 -3108.8611 -3078.5955 -3100.9832 -2986.9307 -2988.9666 -3615.0784 -4374.0762 -4626.9746 -4457.4531 -4267.3789 -4226.3608 -4260.8447 -4285.2554 -4259.3237 -4348.9512 -4535.0449 -4697.2974 -4766.1616 -4842.041 -4931.6943 -4960.3779 -4942.1997 -4900.8818 -4860.3979 -4767.9531 -4671.1235 -4634.9775 -4615.3247 -4557.54 -4452.186 -4335.1025 -4219.7734 -4165.5732
-4051.9375 -4021.1489 -3971.8469 -3940.8708 -3943.6958 -3980.1274 -4024.8506 -4072.8728 -4140.7271 -4152.8481 -4101.313 -4022.6116 -3968.9729 -3949.1169 -3960.5745 -4011.668 -3995.6514 -3869.3323 -3732.3147 -3655.9421 -3701.6619 -3669.6895 -3610.7915 -3565.8174 -3465.2817 -3325.4441 -3251.9514 -2923.4338 -2353.0554 -2917.8547 -3841.0959 -4605.7036 -4895.9805 -4849.9556 -4761.8413 -4634.8076 -4525.625 -4433.6626 -4444.3281 -4579.6802 -4712.7261 -4789.5029 -4849.5356 -4836.8965 -4748.0732 -4682.54 -4656.4082 -4690.7222 -4779.9688 -4867.6035 -4922.1685 -4909.8633 -4879.1816 -4845.4849 -4790.646 -4773.9966 -4804.1436
