Resources/Map/Lvl0_30x30/Ele_BD.asc
ncols         335
nrows         335
xllcorner     -9995000
yllcorner     3325000
cellsize      10000
nodata_value  -99999.0
[rows 232 to 260 of 335, columns 264 to 329 of 335]
-4587.2739 -4640.4956 -4656.6577 -4670.9731 -4685.5474 -4713.4404 -4743.0547 -4777.0996 -4815.3594 -4851.0083 -4864.4868 -4861.0801 -4878.8037 -4922.2085 -4950.1235 -4932.333 -4926.1152 -4937.4155 -4939.4468 -4953.3237 -4897.4219 -4734.6714 -4670.8071 -4746.73 -4859.3394 -4905.5488 -4959.314 -4975.668 -4979.0039 -4977.0269 -4980.7363 -5033.8135 -5045.853 -5018.9072 -4994.6963 -4964.4697 -4998.9956 -5026.5483 -5020.0718 -5033.6777 -5058.2842 -5055.3452 -5045.2285 -5056.7568 -5047.4458 -5059.5137 -5076.0513 -5069.4351 -5068.1953 -5062.3438 -5053.0591 -4992.9868 -4714.6519 -3900.7542 -2795.0217 -2102.3796 -2376.1309 -3380.5906 -4199.7607 -4661.9722 -4819.5703 -4882.9844 -4953.4736 -4995.8408 -5054.3091 -4987.4238
-4614.8662 -4662.1699 -4684.1826 -4703.8833 -4726.1577 -4758.6665 -4779.0713 -4684.415 -4654.4497 -4796.1655 -4797.4302 -4786.2734 -4869.02 -4859.2456 -4850.5215 -4906.2949 -4899.5991 -4905.8979 -4955.6533 -4939.2944 -4682.3794 -4265.1206 -3991.6985 -4035.4658 -3754.969 -4076.4697 -4645.1641 -4942.5854 -5000.7988 -5006.3662 -5015.1074 -5016.2622 -5019.4639 -5020.6685 -5011.2866 -5023.8022 -5056.7969 -5046.1616 -5048.1367 -5042.3076 -5061.2583 -5099.8809 -5140.4702 -5113.2515 -5057.0176 -5042.2588 -5033.2344 -5053.8667 -5048.9082 -4900.8418 -4731.0444 -4820.082 -4948.249 -4508.8164 -3410.9802 -2088.3601 -1498.2162 -2311.7068 -3777.717 -4392.1226 -3858.8293 -3013.4373 -2879.1633 -3672.5481 -4655.9839 -5025.1235
-4620.8906 -4650.2324 -4691.3877 -4723.8398 -4748.7437 -4795.6323 -4825.5015 -4654.75 -4548.1963 -4755.6162 -4866.3828 -4907.0186 -4983.7202 -4951.8906 -4905.0488 -4927.5083 -4913.3501 -4927.4155 -4972.6284 -4751.2544 -4107.3184 -3215.0464 -2569.0254 -2496.9321 -2555.7461 -2768.3098 -3939.2556 -4773.1226 -5053.5522 -5049.6089 -5036.1064 -4992.8081 -4988.2412 -4984.8936 -5017.3003 -5028.3848 -5039.6074 -5021.2256 -5060.3716 -5070.8262 -5059.5781 -5108.604 -5126.1299 -5103.5151 -5119.5635 -5108.0771 -5035.458 -5036.0298 -5064.5732 -4994.7104 -4868.7441 -4829.3892 -4957.9561 -4911.7261 -4544.7598 -4128.791 -3680.8684 -3454.8152 -3876.5442 -4149.3232 -3371.78 -2064.3638 -1759.7148 -2880.1597 -4347.8242 -5030.5811
-4605.6382 -4629.978 -4661.9478 -4692.2188 -4717.0435 -4750.0239 -4787.791 -4808.2446 -4829.3198 -4864.0488 -4889.4443 -4930.8022 -4997.5137 -4995.0723 -4961.082 -4951.4868 -4951.2778 -4969.8882 -4992.8032 -4756.4092 -4015.071 -2962.9785 -2426.1934 -2668.4692 -3251.3687 -3880.1257 -4288.2622 -4825 -5082.6055 -5097.1138 -5137.6807 -5023.9287 -4860.3809 -4798.7944 -4977.6045 -5071.4351 -5060.6704 -5059.4751 -5056.125 -5054.3389 -5052.1846 -5103.9692 -5111.8823 -5102.6504 -5134.7686 -5116.8369 -5076.7881 -5083.0835 -5111.1567 -5130.3809 -5101.9644 -5016.001 -5013.9072 -5034.083 -4989.0264 -4972.022 -4939.4346 -4728.2803 -4591.1973 -4603.6221 -4224.6577 -3903.6951 -3684.3406 -4083.3325 -4846.5547 -5153.9106
-4615.4482 -4626.5215 -4643.9282 -4669.4565 -4691.1724 -4709.3906 -4738.9824 -4762.4385 -4794.1958 -4829.7153 -4842.1138 -4876.8413 -4943.793 -4977.9531 -4972.2734 -4965.731 -4973.8579 -4990.2427 -5019.2988 -4900.1382 -4485.5562 -4162.0273 -4055.3716 -4093.2573 -4479.3452 -4833.9185 -5002.645 -5049.2266 -5113.8262 -5059.3804 -4853.2339 -4646.2461 -4569.4141 -4643.7153 -4907.0034 -5044.0532 -5052.8188 -5058.7354 -5056.1396 -5054.0371 -5056.1846 -5077.9648 -5079.8179 -5078.6831 -5084.1357 -5083.9375 -5087.4839 -5100.6997 -5110.0215 -5114.3477 -5113.3159 -5098.1387 -5095.5049 -5105.9473 -5100.2349 -5084.6162 -5151.4517 -5172.2681 -5095.9326 -5057.3511 -5008.7661 -5041.7036 -5027.4976 -5013.1211 -5202.438 -5292.4233
-4630.6528 -4640.4351 -4650.0806 -4669.3232 -4695.7134 -4719.4624 -4744.8208 -4773.4844 -4811.6313 -4850.7759 -4877.0112 -4906.6929 -4944.3164 -4958.3188 -4963.8052 -4977.9829 -4992.1274 -4996.7168 -4996.1558 -4993.0122 -4952.1323 -4785.002 -4599.8062 -4876.5884 -5115.4956 -5192.022 -5397.2651 -5334.3887 -5402.292 -4939.7676 -3756.7463 -3036.5989 -3567.3008 -4062.8755 -4612.0161 -4943.3032 -5043.4248 -5072.6826 -5066.6543 -5083.3071 -5078.9888 -5078.0288 -5059.7754 -5008.042 -5015.707 -5056.0977 -5076.2427 -5079.2358 -5083.8198 -5099.4707 -5103.1128 -5098.542 -5102.1187 -5117.2012 -5122.7715 -5116.688 -5136.8501 -5162.8481 -5157.459 -5137.5864 -5121.5786 -5122.8027 -5128.9175 -5139.6646 -5180.1411 -5200.6436
-4654.7017 -4667.6567 -4665.7554 -4672.2915 -4704.3184 -4731.0747 -4757.686 -4788.0586 -4814.3774 -4842.9189 -4879.7124 -4917.1094 -4948.8452 -4883.042 -4882.2446 -4959.3076 -4988.7485 -4995.5864 -4995.1836 -4980.0225 -4989.832 -4971.4355 -4923.8853 -5032.6641 -5053.8784 -5027.2642 -5078.0352 -5019.0713 -4725.9204 -4133.1177 -2987.8672 -1751.1897 -2441.6118 -3446.427 -4232.4702 -4638.3306 -4809.0728 -4992.7144 -5065.251 -5081.6831 -5076.7256 -4968.7114 -4659.4121 -4314.9678 -4439.9429 -4856.0117 -5089.8335 -5151.5801 -5150.1011 -5122.77 -5112.27 -5107.3843 -5122.6455 -5158.8149 -5154.8325 -5126.252 -5186.5952 -5274.5425 -5231.1382 -5113.9912 -5013.0146 -4955.6021 -4913.6733 -4991.0396 -5130.8057 -5188.522
-4688.4585 -4705.2251 -4712.2085 -4708.9795 -4730.6582 -4756.3511 -4783.3403 -4815.4937 -4841.8618 -4866.5923 -4888.46 -4912.5308 -4939.0137 -4909.1836 -4928.6479 -4984.3369 -5010.4111 -5022.7173 -5005.1899 -4961.2144 -4976.3789 -4995.8984 -4978.6411 -4997.6064 -5016.855 -5009.9878 -5017.8159 -4970.1079 -4639.2163 -4258.8647 -3690.2891 -2841.9309 -2997.1267 -3648.4692 -3940.0149 -4156.5596 -4282.4897 -4790.7554 -5018.374 -4937.8877 -4960.5469 -4681.7949 -3953.6724 -3336.2349 -3693.6577 -4603.8633 -5114.4629 -5238.7012 -5228.8813 -5143.6538 -5109.7979 -5107.2148 -5102.7866 -5108.7998 -5117.3062 -5112.9761 -5156.2676 -5120.8174 -4755.2832 -4632.0273 -4771.3428 -4666.6772 -4453.9126 -4561.1602 -4936.7129 -5206.0483
-4711.5005 -4725.5913 -4732.7461 -4742.9663 -4761.709 -4764.6289 -4789.2261 -4821.7612 -4846.9927 -4877.394 -4901.0391 -4918.3311 -4942.3613 -4970.0459 -4988.5552 -5005.2368 -5039.5688 -5042.0332 -5015.5142 -4995.228 -4982.7666 -4954.5142 -4925.7222 -4955.1206 -5013.4897 -4975.8721 -4965.8813 -5006.4043 -4890.0532 -4715.0068 -4588.7422 -4488.8477 -4287.8618 -3817.7881 -3434.6982 -3833.2578 -4358.8218 -4809.833 -4457.6045 -3969.9885 -4208.1807 -4292.4063 -4094.7256 -3914.8022 -4251.6045 -4862.0122 -5178.9072 -5254.8398 -5221.0962 -5131.7075 -5109.9346 -5098.4209 -5072.3618 -5069.4849 -5046.0713 -4957.5596 -4946.5225 -4706.1211 -3763.2078 -3508.8713 -3883.1011 -3824.8721 -3579.1592 -3834.3254 -4520.3589 -5043.5601
-4733.7378 -4745.7124 -4736.7207 -4751.3086 -4782.3013 -4792.4263 -4810.6885 -4835.4883 -4865.0034 -4895.0425 -4908.6074 -4922.7632 -4945.7334 -4969.5522 -4982.4595 -4991.3745 -5017.876 -5021.061 -5008.2197 -4996.104 -4952.5156 -4927.1255 -4951.6084 -4979.2847 -5015.8691 -4959.4702 -4967.9214 -5030.0898 -5036.9219 -4971.3032 -4893.2261 -4925.1948 -4640.7827 -4014.7183 -3513.6387 -3773.5588 -4556.709 -4641.7534 -3564.7104 -2385.6228 -2472.0359 -3389.989 -4220.7939 -4652.4111 -4879.4419 -5059.0874 -5173.1846 -5248.6885 -5181.5342 -5078.8867 -5093.6475 -5096.1709 -5050.0615 -4982.5454 -4653.355 -4190.231 -4370.647 -4542.8667 -4180.1758 -3773.1826 -3183.9358 -2544.9321 -2680.7322 -3608.7444 -4481.1064 -4960.147
-4750.7305 -4778.5449 -4783.0986 -4793.291 -4808.8032 -4839.4194 -4871.1006 -4878.2725 -4880.4136 -4897.2246 -4913.3013 -4932.2432 -4951.8262 -4968.5522 -4994.1563 -5009.4507 -5007.291 -5003.8018 -5007.6436 -5012.3799 -4993.5679 -4981.4438 -4976.0405 -4987.9106 -5030.6626 -5043.5015 -5047.5586 -5043.6763 -5089.5581 -5098.7715 -5054.9189 -5031.1567 -4933.9302 -4766.3535 -4515.8628 -4445.8359 -4643.145 -4628.8535 -3971.0342 -2933.3008 -2452.3977 -2771.345 -3409.9915 -3940.6714 -4571.457 -4992.5562 -5148.0796 -5203.1523 -5135.751 -5072.5967 -5101.9351 -5107.4082 -5023.4644 -4723.5977 -3870.6677 -3156.9246 -3502.2507 -3965.29 -4042.0737 -4067.875 -3662.9304 -2971.5962 -3194.4727 -4046.5823 -4491.3252 -4730.8213
-4792.772 -4809.2964 -4822.0708 -4827.1733 -4839.6255 -4874.3008 -4915.9224 -4914.9326 -4898.9736 -4912.4443 -4927.2188 -4947.2212 -4966.8989 -4991.1143 -5035.5601 -5050.2646 -5032.9346 -5024.5151 -5020.7642 -5030.022 -5011.019 -5007.8237 -5019.1787 -5023.4595 -5077.019 -5140.7837 -5074.5659 -5051.1753 -5088.0249 -5069.564 -5104.917 -5117.79 -5075.9263 -5089.6187 -5050.4746 -4911.9888 -4716.6748 -4779.2729 -4748.4678 -4435.8579 -4000.6365 -3265.0781 -2483.1687 -2513.2136 -3733.6936 -4724.6235 -5083.1284 -5148.9648 -5102.2212 -5086.4834 -5103.356 -5121.728 -5068.4951 -4728.064 -3956.8911 -3436.9727 -3268.0835 -3066.6731 -3227.3555 -3942.0247 -4368.1211 -4338.5176 -4349.9453 -4559.4014 -4486.7446 -4325.0098
-4847.165 -4845.9565 -4853.7441 -4857.1836 -4864.7104 -4882.9746 -4906.7676 -4917.9009 -4921.3521 -4936.4634 -4948.0938 -4960.8657 -4969.7793 -4985.7554 -5007.7368 -5016.6777 -5039.7061 -5060.1558 -5030.1143 -5017.5347 -5018.3213 -5020.7935 -5027.6016 -5029.0132 -5082.8608 -5127.7432 -5036.875 -5036.624 -5005.1631 -4979.4233 -5072.0347 -5119.291 -5062.2983 -5059.5044 -5071.8647 -5035.4556 -4962.356 -5007.8706 -5050.0923 -5002.4697 -4893.4795 -4236.9399 -3079.2781 -2723.8171 -3677.4187 -4554.2651 -4996.979 -5122.6235 -5094.1992 -5093.6709 -5100.084 -5117.8672 -5114.1899 -4949.019 -4582.2939 -4310.6421 -4034.4148 -3668.5774 -3792.0911 -4456.751 -4854.498 -4915.5835 -4931.9971 -4995.1187 -5025.2065 -4983.082
-4880.1113 -4879.8281 -4883.3857 -4884.9219 -4890.3022 -4903.1191 -4922.3574 -4936.7813 -4945.1836 -4948.3569 -4955.7681 -4970.1548 -4978.8916 -4985.6143 -4989.0957 -4999.9663 -5029.8389 -5045.3623 -5035.5308 -5024.0298 -5017.9512 -5018.0977 -5026.5898 -5024.2871 -5034.9077 -5056.3066 -5035.8301 -5041.2588 -5013.1841 -5028.6333 -5053.1816 -5033.7754 -5023.9468 -5050.3081 -5068.939 -5085.8374 -5093.0981 -5104.2827 -5140.8916 -5089.2881 -5040.834 -4785.9619 -4283.2676 -4139.8081 -4433.7529 -4727.521 -4994.1631 -5099.8022 -5097.1191 -5098.2573 -5099.4697 -5098.5679 -5092.2808 -5000.6738 -4788.2422 -4694.6772 -4742.6416 -4786.0146 -4912.2671 -5092.2378 -5136.8203 -5117.9268 -5120.7119 -5145.5459 -5160.8438 -5076.6699
-4909.2593 -4907.4531 -4904.8296 -4901.4849 -4905.2451 -4921.6987 -4939.3906 -4947.1816 -4953.9141 -4956.9785 -4964.5239 -4978.7227 -4988.6514 -4994.2256 -4996.3252 -4998.9487 -5005.8608 -5016.0537 -5036.4668 -5037.4346 -5024.707 -5018.1602 -5024.8511 -5027.856 -5032.9409 -5036.5518 -5036.5259 -5042.3369 -5045.4893 -5039.4854 -5032.1973 -5041.0703 -5041.0566 -5050.5845 -5057.457 -5064.5854 -5070.687 -5083.8945 -5095.9741 -5080.7485 -5081.0322 -4997.0171 -4792.1187 -4725.3237 -4813.0361 -4941.4751 -5055.7085 -5098.0952 -5107.5854 -5100.7212 -5098.5957 -5102.5142 -5100.3916 -5072.4429 -5030.4351 -5062.1406 -5121.1694 -5136.4883 -5136.9546 -5161.5693 -5168.9316 -5153.8945 -5147.3892 -5147.271 -5137.3198 -4979.5371
-4925.6201 -4925.4214 -4920.7954 -4913.7363 -4913.7627 -4926.77 -4943.5664 -4953.0107 -4958.105 -4965.9033 -4977.3652 -4987.3945 -4994.3252 -4997.3525 -4997.6338 -5002.4756 -5007.2856 -5012.8491 -5020.9072 -5026.6382 -5026.5713 -5025.8047 -5021.4468 -5028.7354 -5030.9512 -5039.3755 -5040.5859 -5045.3799 -5053.5151 -5034.0537 -5022.2637 -5065.9922 -5051.9131 -5051.0107 -5061.7842 -5067.0117 -5060.604 -5063.6572 -5065.208 -5071.2363 -5084.9482 -5060.1201 -5015.082 -5005.1313 -4989.2671 -5000.5259 -5046.9229 -5090.8647 -5112.873 -5112.3506 -5101.4526 -5099.9243 -5083.4536 -5049.1567 -5054.106 -5100.3848 -5114.5249 -5089.7529 -5086.7715 -5117.6641 -5142.3906 -5151.6445 -5120.0591 -5126.5947 -5143.4717 -4939.3081
-4941.5654 -4944.3008 -4938.0366 -4928.1553 -4923.1528 -4928.689 -4940.9395 -4952.1519 -4961.3149 -4971.3232 -4980.1685 -4987.772 -4994.9805 -5000.2705 -5006.0098 -5013.3687 -5017.9263 -5021.7563 -5024.1045 -5025.0703 -5022.6895 -5025.2163 -5002.9668 -5021.9072 -5026.2754 -5043.5483 -5049.2202 -5051.2422 -5056.8472 -5042.2373 -5034.6221 -5062.8999 -5063.1499 -5070.1035 -5068.2935 -5076.2065 -5072.0771 -5078.3213 -5077.4727 -5085.9253 -5088.5693 -5078.5269 -5078.6411 -5094.4126 -5077.7695 -5063.6704 -5073.4604 -5084.5396 -5085.8813 -5095.1538 -5097.8496 -5079.7969 -5026.0107 -4961.9048 -4973.7832 -5067.5449 -5105.5415 -5059.6689 -5035.812 -5089.356 -5135.4175 -5150.312 -5095.645 -5085.252 -5136.3311 -5055.1865
-4964.9219 -4963.8618 -4957.5947 -4948.2998 -4939.0049 -4936.5903 -4946.4951 -4958.5977 -4969.2935 -4979.3584 -4985.7642 -4991.6694 -4998.9819 -5006.9287 -5013.8071 -5018.5308 -5023.2778 -5028.6196 -5030.5723 -5021.2964 -5017.4272 -5024.4702 -5016.4624 -5017.1523 -5014.6543 -5037.9497 -5043.1997 -5048.1348 -5053.5425 -5066.5786 -5070.0249 -5052.231 -5078.1382 -5086.8022 -5069.9468 -5065.0269 -5081.9629 -5080.022 -5084.5313 -5091.1572 -5093.0137 -5080.167 -5078.9238 -5089.5112 -5087.9277 -5089.8379 -5091.6626 -5077.0498 -5075.2192 -5089.3838 -5088.2617 -5035.1265 -4967.3271 -4970.4805 -5022.6138 -5097.0708 -5116.0522 -5065.3188 -5020.5415 -5071.2861 -5126.5127 -5145.6655 -5129.7368 -5129.9683 -5141.8462 -5064.1973
-4981.1602 -4977.6558 -4971.7095 -4970.8594 -4960.6934 -4948.7319 -4953.2461 -4962.9678 -4972.4912 -4981.1943 -4986.6118 -4992.248 -5001.0332 -5010.3867 -5014.8145 -5017.9155 -5024.9688 -5029.5059 -5031.4854 -5026.5352 -5020.4453 -5021.042 -5024.1704 -5009.4502 -5013.0591 -5039.7583 -5045.8096 -5048.9556 -5050.2212 -5061.0977 -5083.3779 -5060.3584 -5122.584 -5116.3379 -5067.0054 -5067.6733 -5060.9849 -5050.5684 -5060.9561 -5076.1406 -5097.5166 -5100.749 -5091.4023 -5077.6084 -5071.8823 -5078.0732 -5083.7583 -5076.8281 -5091.4302 -5102.0122 -5093.5308 -5048.7598 -5014.4473 -5058.7837 -5102.689 -5127.2593 -5124.353 -5099.9233 -5092.3887 -5095.8706 -5110.6167 -5131.7085 -5116.5728 -5105.0913 -5100.3774 -5025.0796
-4993.5527 -4988.2837 -4980.3052 -4982.9038 -4978.335 -4965.2002 -4961.897 -4963.7915 -4971.8247 -4981.7061 -4988.7798 -4994.3057 -5001.0029 -5008.5244 -5012.0728 -5019.4819 -5029.9912 -5027.8286 -5025.6963 -5027.7974 -5026.0391 -5026.061 -5025.4277 -5012.8716 -5016.8574 -5031.3442 -5037.3296 -5044.2358 -5054.8628 -5045.3472 -5053.5439 -5066.79 -5137.978 -5133.7227 -5068.9312 -5079.2334 -5063.0488 -5045.2046 -5046.627 -5064.7197 -5099.7153 -5123.6147 -5122.9194 -5083.5728 -5062.5552 -5073.4688 -5089.479 -5076.687 -5085.1587 -5090.8267 -5091.5864 -5083.7432 -5085.2974 -5098.8989 -5102.311 -5107.6968 -5108.5181 -5085.6948 -5064.9458 -5071.0537 -5088.1138 -5098.6797 -5113.6763 -5019.3037 -4732.5918 -4525.7881
-5001.4282 -4997.728 -4992.4355 -4988.0225 -4977.8228 -4964.3433 -4959.9971 -4958.7661 -4964.0391 -4975.5815 -4985.4536 -4991.1401 -4994.3652 -4998.1694 -5003.647 -5014.0786 -5021.6255 -5016.2329 -5011.7061 -5018.8047 -5023.9829 -5027.0527 -5030.4668 -5029.1211 -5022.9712 -5028.1348 -5034.4556 -5038.0659 -5049.437 -5045.3335 -5039.9893 -5050.4673 -5061.1841 -5064.1113 -5056.7407 -5059.3384 -5055.9863 -5048.1465 -5045.8433 -5057.2227 -5081.4795 -5077.958 -5088.0366 -5066.9634 -5059.167 -5080.8696 -5089.8833 -5079.6704 -5088.3101 -5088.938 -5088.9883 -5081.6074 -5085.9097 -5094.3511 -5090.167 -5084.8657 -5072.7773 -5052.8555 -5051.9272 -5071.3843 -5080.7207 -5090.2124 -5118.2471 -4784.0903 -3824.9316 -3260.981
-5008.4165 -5005.6343 -5001.9263 -4987.4731 -4964.4414 -4950.2026 -4950.5356 -4951.0356 -4954.2109 -4961.981 -4968.0498 -4972.2275 -4974.5557 -4977.186 -4980.5669 -4985.1987 -4988.7661 -4990.1475 -4989.8174 -4989.3848 -4994.731 -4997.5879 -5009.8154 -5022.1294 -5019.0151 -5019.6689 -5022.9614 -5028.9971 -5032.8599 -5027.5601 -5024.1279 -5042.1406 -5042.5327 -5045.4878 -5049.5327 -5048.394 -5049.3247 -5044.0415 -5043.186 -5048.9277 -5066.3921 -5034.1016 -5030.7788 -5035.1548 -5041.6274 -5060.0854 -5066.0098 -5071.959 -5080.1118 -5082.4795 -5080.085 -5073.3701 -5069.3374 -5066.6323 -5057.5259 -5041.269 -5038.3179 -5051.3252 -5082.4316 -5107.8071 -5114.6772 -5128.1772 -5123.2407 -4666.8491 -3448.4485 -2813.5061
-5013.5176 -5014.4072 -5010.9272 -4992.5415 -4969.7104 -4958.7129 -4955.834 -4949.1685 -4952.1621 -4958.064 -4955.0791 -4951.2959 -4949.3252 -4947.4785 -4946.2212 -4946.8184 -4950.8081 -4955.1548 -4954.6533 -4951.1997 -4955.5229 -4954.8887 -4964.8037 -4976.377 -4975.8276 -4979.3062 -4988.9746 -4998.6152 -4991.7842 -4977.5142 -4984.6294 -5021.2583 -5031.0508 -5036.7646 -5036.2368 -5039.457 -5041.644 -5041.627 -5040.9155 -5043.0903 -5058.6689 -5031.1411 -5020.6484 -5027.8091 -5033.4204 -5040.8862 -5051.2339 -5070.6787 -5084.3306 -5075.0151 -5076.9717 -5075.2627 -5075.3066 -5080.0894 -5059.3979 -5029.7925 -5059.7329 -5106.5596 -5142.834 -5173.1113 -5182.1753 -5186.8901 -5158.8955 -4715.0195 -3840.6311 -3756.9724
-5016.2163 -5017.2544 -5012.2183 -4994.9067 -4980.0898 -4973.2896 -4961.7515 -4948.5513 -4952.3853 -4958.5923 -4955.6167 -4949.7827 -4942.1353 -4933.8843 -4928.897 -4926.3354 -4926.5469 -4928.7266 -4926.4155 -4924.3726 -4926.77 -4926.3232 -4925.1934 -4926.2935 -4927.6621 -4931.9092 -4939.3354 -4944.4126 -4949.106 -4950.6475 -4955.4531 -4987.3271 -5007.1709 -5015.4082 -5010.7461 -5016.4326 -5026.5498 -5035.5962 -5038.4917 -5039.0234 -5048.9824 -5031.752 -5030.7876 -5031.9277 -5020.2188 -5007.1714 -5017.9697 -5045.4497 -5061.8438 -5044.3452 -5061.6963 -5082.75 -5090.2441 -5115.5859 -5114.416 -5097.0327 -5138.4272 -5157.0684 -5166.6104 -5213.4683 -5225.7446 -5225.0771 -5194.793 -4771.2861 -4159.7446 -4435.625
-5014.5234 -5001.2593 -4982.9214 -4969.8809 -4965.9136 -4968.1084 -4963.6411 -4960.0493 -4958.2656 -4953.0625 -4952.9404 -4948.48 -4933.8628 -4927.9634 -4926.6318 -4919.7813 -4914.2549 -4918.1172 -4916.3076 -4912.0146 -4907.4307 -4904.7236 -4894.0576 -4892.1104 -4896.8677 -4898.2227 -4896.9409 -4897.6821 -4914.8447 -4922.5737 -4919.6045 -4932.3096 -4944.7461 -4954.1089 -4968.8311 -4984.9609 -4999.3774 -5011.1074 -5027.0254 -5042.8408 -5044.1729 -5020.5552 -5029.7827 -5031.3369 -5006.1504 -4979.0161 -4973.3198 -4979.0654 -4987.3828 -4972.4067 -4991.4492 -5031.0596 -5034.7349 -5050.2495 -5058.2729 -5041.4004 -5068.4004 -5116.7725 -5151.6592 -5207.3979 -5218.6421 -5207.3218 -5177.8154 -4983.3735 -4709.3154 -4824.2129
-5005.1958 -4970.7847 -4937.1694 -4933.2695 -4944.3008 -4955.3613 -4963.3154 -4967.5679 -4959.4482 -4951.8174 -4952.645 -4943.3315 -4923.1006 -4923.9487 -4928.9844 -4920.0649 -4909.5479 -4908.6802 -4909.1338 -4908.2422 -4904.793 -4898.3267 -4884.0566 -4878.9624 -4886.5469 -4892.5352 -4894.1572 -4895.686 -4909.6074 -4906.9507 -4903.3774 -4911.5293 -4915.73 -4920.1367 -4922.7568 -4936.7871 -4949.6079 -4960.9063 -4986.9658 -5022.4468 -5030.103 -4992.4922 -4986.1631 -4990.1143 -4977.1445 -4957.9561 -4940.2759 -4929.5259 -4941.1338 -4943.0063 -4960.4355 -4975.8511 -4941.0103 -4906.4258 -4910.5151 -4880.7656 -4889.4888 -5019.4766 -5124.1929 -5192.7676 -5193.5308 -5154.4937 -5130.1392 -5136.4331 -5130.438 -5082.2378
-4985.0503 -4938.5537 -4905.6392 -4912.5044 -4935.1294 -4951.0195 -4963.312 -4963.043 -4954.7339 -4955.5835 -4953.9243 -4940.6401 -4926.7305 -4925.8257 -4926.9976 -4916.2598 -4903.854 -4903.3472 -4910.6104 -4923.3203 -4934.2627 -4921.8789 -4901.0151 -4896.0981 -4909.0229 -4921.1079 -4922.6572 -4929.6069 -4941.8682 -4938.2754 -4940.7104 -4945.2842 -4953.5117 -4956.1567 -4938.8228 -4929.7603 -4922.7729 -4921.4888 -4919.5894 -4955.0601 -4977.9556 -4937.8359 -4925.9688 -4915.9595 -4913.103 -4922.9365 -4914.3975 -4922.0845 -4962.5742 -4995.4307 -4993.0752 -4977.5215 -4931.6221 -4875.5938 -4876.7329 -4854.1465 -4836.8765 -4888.6436 -4946.8657 -5038.71 -5093.2681 -5087.9971 -5080.2212 -5105.958 -5144.2271 -5098.4272
-4946.4824 -4905.439 -4886.6221 -4905.5122 -4932.2524 -4948.5112 -4957.3335 -4956.0093 -4951.6592 -4952.8906 -4949.0903 -4939.1475 -4934.0957 -4924.5557 -4915.8325 -4909.5522 -4900.0728 -4908.7363 -4940.1294 -4955.2139 -4955.1235 -4936.6748 -4921.0859 -4928.3755 -4942.9204 -4953.251 -4953.7148 -4961.4746 -4971.874 -4982.9883 -4986.6074 -4983.4087 -4991.2236 -5000.8677 -4994.4814 -4973.3496 -4963.4766 -4963.1465 -4938.5166 -4923.7197 -4928.3989 -4911.5933 -4919.6929 -4896.6094 -4882.2305 -4903.6006 -4880.2031 -4887.4048 -4960.0977 -5005.9077 -4965.7202 -4957.5928 -4965.0044 -4948.1528 -4948.5771 -4916.3198 -4868.1353 -4831.7246 -4832.7744 -4928.3037 -5023.002 -5039.5488 -5044.814 -5060.5693 -5065.5947 -5057.1152
-4914.312 -4881.1772 -4871.1445 -4899.3154 -4928.0723 -4943.0366 -4946.3003 -4945.9463 -4944.4702 -4946.249 -4947.8838 -4945.165 -4945.3516 -4933.189 -4917.2334 -4916.5176 -4912.1191 -4918.4458 -4946.0527 -4954.7183 -4952.6963 -4943.6865 -4943.4272 -4965.5483 -4978.1563 -4988.1367 -4984.6401 -4980.8721 -4993.6074 -5026.3877 -5026.6372 -5010.4253 -5008.0811 -5005.6206 -5010.0498 -5007.7119 -5016.2183 -5030.5835 -5016.8071 -4968.2139 -4929.3335 -4925.771 -4955.3159 -4938.4063 -4921.0645 -4916.2373 -4845.4775 -4834.2261 -4913.4414 -4945.7954 -4902.1431 -4911.8452 -4928.6797 -4939.8965 -4966.0273 -4930.7993 -4887.4526 -4877.813 -4893.793 -4964.7808 -5031.7632 -5014.0449 -5019.1147 -5042.3662 -5031.5435 -5049.7915
