Resources/Map/Lvl0_30x30/Ele_CI.asc
ncols         335
nrows         335
xllcorner     6755000
yllcorner     -25000
cellsize      10000
nodata_value  -99999.0
[rows 234 to 259 of 335, columns 58 to 115 of 335]
-4542.8691 -4550.6201 -4512.271 -4526.29 -4548.3398 -4509.3857 -4522.7959 -4583.8623 -4584.2056 -4523.248 -4581.9907 -4581.6313 -4508.02 -4480.5215 -4497.9639 -4527.8906 -4476.0513 -4456.4697 -4498.7417 -4482.7896 -4453.5771 -4508.4365 -4487.9858 -4479.5078 -4538.5845 -4558.5767 -4547.9106 -4573.1084 -4584.8223 -4592.6235 -4607.9917 -4588.896 -4566.7017 -4582.624 -4573.3779 -4584.314 -4562.3809 -4568.9814 -4597.0796 -4591.4697 -4638.0229 -4659.501 -4667.2368 -4623.1924 -4583.5635 -4614.4165 -4554.6479 -4392.3335 -4255.5645 -4125.9883 -4159.0093 -4205.2627 -4179.7041 -4024.5803 -3909.3596 -4144.5508 -4095.7166 -3983.8699
-4593.8359 -4609.2344 -4577.8755 -4551.0576 -4563.4004 -4526.2925 -4531.5479 -4600.0723 -4596.4814 -4552.8667 -4595.0562 -4585.8882 -4523.0303 -4495.0757 -4486.751 -4501.0698 -4481.8486 -4478.3999 -4483.5244 -4484.3027 -4466.353 -4496.3716 -4494.8442 -4490.4277 -4536.4917 -4532.5693 -4516.4634 -4556.3291 -4589.4395 -4582.1719 -4629.0889 -4623.4663 -4566.3027 -4570.8579 -4572.8159 -4580.6157 -4583.1978 -4597.0747 -4591.1089 -4564.0024 -4601.1953 -4632.6865 -4642.126 -4587.1875 -4532.812 -4580.373 -4511.5015 -4341.4365 -4229.2603 -4100.0854 -4148.8511 -4201.3101 -4212.4678 -4153.9912 -3994.9597 -4157.7935 -4153.7212 -3993.6714
-4559.8579 -4592.8623 -4607.4277 -4529.2012 -4533.4956 -4558.3184 -4564.3828 -4608.436 -4611.4248 -4594.0059 -4607.5171 -4596.0342 -4539.9023 -4508.8936 -4481.2153 -4480.5454 -4486.0654 -4506.0962 -4483.5562 -4494.0483 -4492.5435 -4528.6704 -4535.6597 -4522.7974 -4547.9463 -4519.293 -4519.6577 -4550.1138 -4585.8604 -4592.5112 -4617.3833 -4612.353 -4576.6587 -4560.2285 -4553.4194 -4582.4219 -4604.5903 -4602.2222 -4567.3687 -4552.519 -4592.603 -4606.9038 -4605.6294 -4578.7915 -4552.3042 -4561.8506 -4469.4551 -4310.332 -4178.8452 -4124.1655 -4203.3291 -4195.2285 -4187.1372 -4186.2095 -4098.8994 -4137.7383 -4073.8079 -3931.5454
-4546.748 -4553.2632 -4589.3066 -4532.5127 -4528.3184 -4594.1538 -4601.8193 -4608.3999 -4625.0269 -4639.5151 -4627.6885 -4609.5132 -4535.3896 -4504.54 -4498.4365 -4493.4507 -4517.5796 -4532.1665 -4514.7446 -4523.3525 -4538.7451 -4569.3755 -4530.2998 -4518.7886 -4556.9419 -4517.8696 -4550.769 -4552.5488 -4552.8657 -4591.1919 -4593.2241 -4600.6641 -4600.4087 -4556.2192 -4551.9531 -4580.2534 -4574.3755 -4572.3198 -4547.7197 -4558.8242 -4605.7134 -4603.7451 -4595.9785 -4513.2305 -4515.0215 -4546.064 -4443.1128 -4299.5347 -4101.7012 -4093.4456 -4211.9741 -4138.7251 -4093.2859 -4147.3047 -4154.7212 -4168.4209 -4033.8481 -3911.0632
-4609.2881 -4598.1655 -4618.8433 -4615.9365 -4609.6841 -4638.6724 -4620.3848 -4590.4175 -4611.292 -4626.6284 -4598.5098 -4593.1279 -4547.5679 -4498.3589 -4526.7026 -4535.2285 -4543.9697 -4524.6582 -4540.1196 -4551.4824 -4548.5317 -4540.5298 -4504.6572 -4520.2949 -4563.5874 -4504.2974 -4522.3638 -4530.7451 -4543.0747 -4581.4624 -4554.5835 -4595.0073 -4643.5923 -4585.7051 -4575.9756 -4568.4282 -4543.4463 -4561.5864 -4561.7925 -4578.2969 -4597.6826 -4592.1924 -4594.8062 -4448.833 -4427.3872 -4492.6318 -4431.189 -4338.0869 -4155.0928 -4107.0044 -4145.7808 -4005.9397 -3970.3462 -4092.8591 -4164.8491 -4183.8418 -4017.9102 -3944.6799
-4622.9775 -4641.873 -4652.8003 -4657.166 -4673.6099 -4666.4302 -4604.1963 -4570.9819 -4571.3452 -4570.3408 -4582.9014 -4577.1826 -4562.9385 -4529.2588 -4552.0444 -4535.0908 -4538.856 -4534.4712 -4565.353 -4570.1846 -4501.4229 -4490.3208 -4546.293 -4538.5278 -4543.417 -4504.7549 -4507.0591 -4550.4614 -4583.8965 -4597.3521 -4554.4766 -4572.8501 -4631.7002 -4590.3047 -4565.583 -4551.1729 -4534.0396 -4540.9165 -4546.561 -4562.6958 -4567.52 -4566.208 -4545.2256 -4438.813 -4442.2603 -4468.1714 -4406.7534 -4372.6743 -4247.9199 -4171.3291 -4124.8384 -3989.4065 -3982.4478 -4061.3699 -4124.0229 -4193.4824 -4021.0657 -3990.8364
-4570.6289 -4646.5913 -4674.8271 -4656.5796 -4678.2349 -4658.4956 -4556.7261 -4557.3071 -4574.9434 -4578.459 -4625.8809 -4586.5586 -4539.8223 -4536.5781 -4553.9355 -4522.7725 -4534.7622 -4580.814 -4575.147 -4582.0742 -4507.9551 -4519.4795 -4599.8418 -4553.2202 -4532.0156 -4524.9629 -4536.7578 -4595.8853 -4631.7139 -4625.0747 -4613.8325 -4588.5469 -4591.8486 -4567.9478 -4540.0527 -4531.2676 -4517.9756 -4514.9019 -4537.3325 -4550.6616 -4542.897 -4543.2852 -4502.9399 -4431.8989 -4438.1494 -4388.2964 -4333.5688 -4362.3677 -4250.0889 -4170.3398 -4102.7866 -4051.4751 -4035.8828 -4064.115 -4130.6997 -4266.561 -4102.9551 -4023.5845
-4533.5029 -4642.3809 -4704.7007 -4689.123 -4680.7339 -4634.9521 -4557.4873 -4586.27 -4621.9438 -4595.8516 -4625.0938 -4605.3682 -4545.4868 -4514.1167 -4549.5298 -4573.9243 -4544.0723 -4591.9526 -4598.1216 -4595.7124 -4534.6147 -4599.8257 -4628.0728 -4552.4692 -4540.0679 -4561.7617 -4545.8428 -4594.2563 -4641.9155 -4612.8545 -4624.2227 -4590.1812 -4570.4438 -4576.7065 -4545.6807 -4525.082 -4524.5552 -4510.3237 -4522.5923 -4534.5615 -4532.3569 -4533.7085 -4463.8677 -4377.6782 -4386.3643 -4309.4365 -4264.5767 -4341.2935 -4235.082 -4107.3804 -4008.0938 -4026.3694 -4047.5222 -4098.6377 -4170.5068 -4312.9409 -4182.9531 -4075.3486
-4537.0767 -4609.3091 -4697.8262 -4719.5967 -4679.9688 -4634.0835 -4637.9692 -4642.106 -4627.4326 -4567.1138 -4578.0767 -4584.6602 -4572.7275 -4536.1777 -4572.2168 -4629.5811 -4559.2964 -4556.7822 -4622.5469 -4592.0762 -4532.5928 -4608.1118 -4612.6387 -4559.9146 -4541.938 -4584.9224 -4587.3428 -4604.4609 -4632.6602 -4600.8784 -4603.8091 -4574.9707 -4561.6289 -4565.2061 -4516.8672 -4508.3975 -4526.731 -4506.3672 -4484.3169 -4490.479 -4511.4194 -4509.8779 -4409.7427 -4297.0933 -4346.0122 -4340.3203 -4276.4922 -4308.6494 -4206.772 -4061.439 -3942.8323 -3966.8853 -4002.9729 -4082.8328 -4075.4568 -4214.8589 -4259.1719 -4135.4116
-4583.5806 -4602.083 -4659.1323 -4684.0273 -4644.6641 -4646.4546 -4670.1191 -4647.2866 -4613.7217 -4591.792 -4620.9263 -4588.2373 -4596.0005 -4583.9668 -4584.2959 -4607.7588 -4592.6338 -4583.647 -4637.7124 -4594.5859 -4545.9004 -4618.9458 -4615.2139 -4584.375 -4544.8164 -4570.5234 -4616.4761 -4608.9106 -4621.8555 -4622.2813 -4611.167 -4582.3442 -4562.8677 -4524.6611 -4483.6475 -4509.4092 -4505.2402 -4504.2559 -4489.769 -4468.5576 -4486.9902 -4515.7632 -4401.3989 -4257.1743 -4328.605 -4363.5088 -4279.874 -4246.0996 -4170.2583 -4067.9231 -3976.9634 -3973.5259 -3920.5913 -4039.751 -4059.1936 -4184.8677 -4288.6147 -4133.646
-4596.6396 -4599.0122 -4620.2373 -4653.8906 -4647.4536 -4656.2471 -4650.8218 -4628.6567 -4619.7808 -4627.4492 -4654.0288 -4616.6548 -4610.6274 -4605.6699 -4604.7319 -4612.9092 -4635.0234 -4632.8223 -4651.7451 -4648.2178 -4608.2554 -4660.1348 -4655.7983 -4624.1792 -4597.1812 -4602.8232 -4589.3691 -4608.2271 -4643.5884 -4640.9463 -4630.4043 -4600.1987 -4564.8008 -4499.4897 -4486.2861 -4540.1108 -4502.6978 -4492.4258 -4509.6851 -4475.9697 -4432.772 -4479.6792 -4379.771 -4215.6963 -4309.0957 -4341.583 -4257.2271 -4203.896 -4153.4248 -4056.8203 -3976.4395 -3971.6533 -3914.4519 -4034.8811 -4145.3545 -4262.71 -4279.3296 -4125.2891
-4586.2417 -4468.4277 -4513.9043 -4672.7383 -4712.2124 -4712.9692 -4688.2886 -4637.7617 -4638.7124 -4632.3047 -4620.8481 -4639.1353 -4622.7476 -4597.9883 -4593.5908 -4623.1694 -4622.2075 -4642.458 -4636.1538 -4625.2808 -4628.3823 -4654.3062 -4665.8232 -4656.0391 -4649.4155 -4607.8696 -4538.7651 -4640.6172 -4677.7075 -4604.1938 -4588.877 -4581.3423 -4561.3135 -4498.1172 -4491.5439 -4560.2832 -4518.8901 -4489.5371 -4500.6436 -4459.4526 -4390.3936 -4420.4653 -4341.3193 -4180.021 -4272.6528 -4295.2397 -4220.5098 -4172.0723 -4110.6904 -4012.8428 -3950.7126 -4007.2004 -3983.9644 -4062.5 -4202.4282 -4293.9639 -4229.4038 -4141.7598
-4592.9331 -4313.8101 -4374.0815 -4654.0981 -4710.354 -4729.0278 -4746.7793 -4713.4829 -4707.4565 -4696.2451 -4657.5786 -4668.2461 -4626.2222 -4604.4697 -4590.6216 -4602.4189 -4617.6338 -4624.2715 -4579.8477 -4531.666 -4586.5752 -4599.7188 -4640.1748 -4630.7148 -4618.9585 -4569.9902 -4536.7622 -4672.9033 -4689.7153 -4549.0171 -4539.002 -4554.3794 -4531.5073 -4501.4966 -4504.3418 -4551.1104 -4523.8252 -4484.208 -4456.5288 -4424.6836 -4387.8809 -4401.2061 -4362.0674 -4253.3242 -4248.4961 -4216.9053 -4200.3994 -4161.3799 -4074.418 -4034.262 -4008.8926 -4051.0891 -3941.3679 -4035.0823 -4195.7397 -4236.001 -4155.374 -4170.0186
-4652.7988 -4363.9136 -4345.981 -4602.0957 -4649.0918 -4659.5112 -4708.8643 -4717.7056 -4736.3398 -4749.1885 -4705.5317 -4689.4219 -4632.3994 -4636.9619 -4627.5142 -4624.5049 -4657.0093 -4630.7095 -4612.564 -4578.8721 -4638.4424 -4627.9424 -4644.3003 -4647.0093 -4653.1455 -4599.4297 -4578.3647 -4658.6377 -4669.2749 -4581.4702 -4531.9668 -4477.0591 -4444.2788 -4467.3975 -4468.8936 -4496.6372 -4532.292 -4515.9941 -4447.3774 -4385.9019 -4334.8042 -4347.3911 -4394.3721 -4422.1089 -4301.312 -4136.5479 -4136.9819 -4122.8076 -4079.5234 -4090.4399 -4068.0715 -4025.1616 -3907.7021 -4031.2427 -4164.7437 -4174.8237 -4177.2842 -4198.5898
-4697.3916 -4509.0645 -4425.7373 -4630.4771 -4711.7202 -4658.2734 -4619.4995 -4654.5176 -4719.0073 -4745.3613 -4699.0264 -4673.2358 -4661.2148 -4655.0967 -4617.584 -4619.3721 -4592.2358 -4584.2124 -4631.7715 -4594.6211 -4648.3071 -4640.125 -4645.9575 -4717.0776 -4724.5171 -4645.834 -4649.7178 -4715.6621 -4679.1606 -4604.1499 -4527.1743 -4449.3613 -4458.9448 -4539.5342 -4570.0073 -4594.3364 -4646.1128 -4629.1611 -4541.1323 -4424.2739 -4334.2617 -4317.459 -4424.1113 -4525.3325 -4272.5503 -4028.5156 -4058.6013 -4108.2261 -4149.4917 -4156.2856 -4042.0942 -3987.4839 -3999.5361 -4075.1458 -4132.8076 -4164.834 -4163.3877 -4143.6821
-4657.7148 -4596.2495 -4584.4644 -4700.269 -4779.3823 -4725.6289 -4639.1719 -4673.9346 -4718.7114 -4736.0376 -4687.5879 -4630.0547 -4657.2695 -4685.3901 -4644.0952 -4632.2295 -4566.5513 -4578.1914 -4652.3481 -4617.5332 -4612.8818 -4599.3535 -4634.6074 -4719.9048 -4677.0737 -4612.5918 -4646.165 -4719.3936 -4654.7002 -4574.9771 -4499.396 -4430.5249 -4510.5518 -4597.0708 -4625.0205 -4653.8955 -4669.8145 -4592.1074 -4441.3042 -4302.4414 -4252.5527 -4270.4116 -4472.8184 -4537.377 -4141.0713 -3905.2668 -3977.8838 -4103.3936 -4180.5693 -4149.0498 -3957.0759 -3922.5605 -4019.4536 -4089.4192 -4117.5728 -4213.2603 -4177.7969 -4139.4971
-4609.5781 -4629.832 -4636.4614 -4607.7095 -4664.1426 -4717.0889 -4709.1523 -4708.2451 -4675.3584 -4639.0112 -4593.7378 -4529.0718 -4570.9497 -4686.7363 -4679.6753 -4687.9829 -4604.3218 -4565.3076 -4667.207 -4704.2568 -4556.5713 -4538.7256 -4681.7314 -4737.1748 -4665.9585 -4613.083 -4631.2817 -4721.3232 -4682.7817 -4564.2764 -4473.5278 -4451.3804 -4549.8872 -4551.9429 -4444.7842 -4396.1201 -4424.3633 -4386.0024 -4240.5166 -4202.2183 -4226.0371 -4276.1636 -4545.1372 -4522.9678 -4054.8069 -3801.0571 -3835.6147 -4038.353 -4146.8535 -4097.9321 -4000.4224 -3995.8254 -4045.1536 -4089.5613 -4090.0632 -4162.5396 -4147.9258 -4143.8984
-4574.2271 -4663.3667 -4668.5112 -4640.6719 -4657.5698 -4659.4365 -4536.064 -4452.5752 -4334.7715 -4260.2397 -4324.3403 -4483.1558 -4568.7534 -4642.7144 -4687.0371 -4741.1338 -4644.2363 -4578.541 -4692.7578 -4702.9077 -4396.6689 -4339.3423 -4626.2456 -4745.7041 -4671.0366 -4617.3154 -4654.3936 -4785.4004 -4763.7461 -4637.0103 -4628.9756 -4669.9561 -4664.8125 -4547.5088 -4356.0894 -4269.2803 -4332.5474 -4394.8955 -4355.6895 -4334.4263 -4311.4653 -4367.02 -4614.8506 -4464.5488 -3973.7581 -3697.1511 -3737.9436 -4024.939 -4159.8164 -4074.9573 -4050.1189 -4087.9758 -4105.1963 -4102.0278 -4085.2949 -4108.4063 -4137.7554 -4144.2368
-4643.2393 -4677.0059 -4685.1885 -4686.5752 -4693.9028 -4662.1377 -4490.2905 -4275.0239 -4167.2549 -4104.978 -4260.3306 -4502.0928 -4566.5615 -4548.147 -4479.728 -4388.3223 -4412.3081 -4552.208 -4717.959 -4692.9492 -4396.7139 -4361.5264 -4535.79 -4569.2798 -4429.2158 -4354.189 -4474.9248 -4679.7646 -4708.1587 -4669.499 -4756.5972 -4784.3628 -4666.979 -4514.9302 -4381.0352 -4328.9927 -4351.1968 -4399.3276 -4456.2944 -4463.5864 -4353.4448 -4368.0059 -4542.6611 -4346.9917 -3927.2839 -3621.5283 -3681.2102 -4026.9932 -4181.8345 -4175.5991 -4166.6099 -4086.8169 -4020.5334 -4073.8513 -4091.6941 -4107.6958 -4152.7656 -4156.7915
-4682.2231 -4620.7163 -4649.9922 -4693.5288 -4706.8447 -4702.2954 -4617.6392 -4380.0767 -4213.564 -4049.3914 -4141.6455 -4308.5786 -4410.2661 -4415.9312 -4187.875 -4042.9905 -4083.8733 -4333.0879 -4540.7808 -4610.7417 -4568.2769 -4580.9629 -4543.8745 -4522.3916 -4333.8921 -4196.0879 -4289.1846 -4467.3511 -4527.1011 -4628.1455 -4833.4521 -4806.1245 -4590.584 -4406.7744 -4365.501 -4390.0142 -4380.5 -4380.374 -4490.2397 -4564.3032 -4382.6797 -4326.9683 -4474.8574 -4338.1709 -3918.7009 -3555.9397 -3662.0808 -4059.9102 -4193.5796 -4206.6733 -4213.8203 -3970.4751 -3779.3098 -4004.4668 -4093.3396 -4107.043 -4141.4863 -4119.1787
-4714.855 -4673.0884 -4660.5151 -4663.7471 -4694.0337 -4706.7563 -4666.6899 -4527.7612 -4297.8564 -3987.1914 -3747.3289 -3692.55 -3993.936 -4247.8789 -4070.6111 -4064.928 -4009.866 -4013.2268 -4077.5139 -4165.2417 -4386.8857 -4513.3081 -4501.5405 -4545.0361 -4493.5527 -4450.2119 -4525.252 -4541.2407 -4567.375 -4716.2764 -4821.939 -4684.6802 -4467.207 -4385.7612 -4412.9014 -4400.3008 -4316.8784 -4262.2012 -4473.6572 -4694.3701 -4434.8799 -4237.9087 -4446.6099 -4390.3198 -4031.2622 -3721.1111 -3734.8831 -4007.6201 -4118.2148 -4064.8333 -4074.1401 -4027.1775 -3887.5908 -4035.3538 -4102.9912 -4093.2139 -4108.5942 -4088.7332
-4494.5229 -4650.3184 -4662.3491 -4597.2788 -4599.3613 -4597.6133 -4618.9644 -4531.9937 -4167.874 -3825.3037 -3615.7444 -3521.3391 -3882.5203 -4263.0791 -4275.3384 -4291.1055 -4262.7656 -4234.5811 -4063.5327 -3888.8589 -4035.0684 -4188.0396 -4194.0259 -4316.3936 -4447.3994 -4484.8628 -4624.6069 -4672.394 -4732.0391 -4856.4556 -4788.4395 -4506.501 -4267.644 -4288.2295 -4321.4502 -4244.2642 -4109.938 -3992.1455 -4345.6245 -4718.96 -4461.1851 -4251.2881 -4476.4478 -4389.8628 -4185.9419 -4026.3018 -3906.6733 -4027.6157 -4166.939 -4074.4348 -3934.1826 -4061.895 -4086.8901 -4088.2957 -4104.9653 -4075.135 -4073.9326 -4065.7712
-4446.5889 -4569.5986 -4703.1138 -4701.6992 -4563.8623 -4106.0142 -3854.2056 -4184.4321 -3961.8704 -3511.5508 -3620.6721 -3729.8552 -4006.5168 -4481.9707 -4683.4092 -4684.2749 -4736.7002 -4764.3599 -4485.4614 -4122.3843 -4088.1067 -4118.7773 -3852.6411 -3886.3035 -4290.479 -4483.8564 -4510.8042 -4475.0488 -4449.897 -4628.6523 -4701.8599 -4517.0166 -4456.394 -4547.0146 -4557.8589 -4406.4785 -4170.4106 -4126.9868 -4529.5005 -4790.3188 -4544.8198 -4417.293 -4559.1543 -4472.0117 -4406.3335 -4277.3979 -3974.0669 -4005.0281 -4136.7354 -4131.1211 -4014.2625 -4053.3694 -4064.353 -4082.2634 -4084.5266 -4068.3083 -4047.3481 -4035.6799
-4565.2466 -4405.6196 -4515.7495 -4631.0161 -4385.8545 -3567.8 -2862.9436 -3555.5439 -4128.0239 -3999.8975 -4118.23 -4122.9531 -4009.0952 -4247.3203 -4509.355 -4671.2959 -4798.3926 -4908.3179 -4847.5454 -4376.4429 -4038.8262 -4048.3389 -3954.2241 -3906.2974 -4247.1523 -4553.6914 -4478.7432 -4279.9067 -4124.8105 -4236.0122 -4406.3149 -4415.8188 -4595.5679 -4789.1797 -4823.3867 -4650.7988 -4439.5347 -4535.3892 -4742.209 -4610.3994 -4332.1729 -4470.1392 -4692.0542 -4595.1147 -4583.8857 -4401.1865 -3895.5378 -3877.5352 -4021.8708 -4081.6333 -4071.8398 -4055.9392 -4040.0317 -4080.4565 -4070.4312 -4057.4578 -4022.9829 -4031.0405
-4420.1514 -4075.6145 -4240.6963 -4389.2788 -4175.1152 -3863.8645 -3241.8171 -3620.4756 -4534.144 -4735.1309 -4716.0225 -4567.6094 -4350.4004 -4279.5972 -4314.0215 -4524.6216 -4531.9199 -4510.6997 -4731.7847 -4591.0459 -3991.4414 -3636.5151 -4006.7695 -4431.5352 -4582.646 -4695.0894 -4628.3994 -4386.6499 -4179.9097 -4135.3994 -4180.6733 -4205.1978 -4389.709 -4544.0244 -4581.6846 -4402.5503 -4376.6885 -4741.8496 -4837.2798 -4420.0469 -4039.4946 -4355.1235 -4676.1426 -4629.1284 -4580.25 -4398.1421 -3965.9148 -3811.8684 -3956.8137 -4056.9004 -4006.7522 -3971.0049 -3991.9011 -4064.512 -4066.7124 -4058.584 -4015.7407 -3970.874
-4525.7847 -4020.5557 -3926.2129 -3995.8884 -4032.3645 -4478.3008 -4516.813 -4594.2983 -4798.2349 -4629.8335 -4524.8452 -4362.6743 -4205.5581 -4098.2554 -4014.0933 -4440.8164 -4657.0283 -4322.2456 -3978.4438 -4212.6836 -4155.3042 -3579.2136 -3764.2356 -4366.6089 -4615.4907 -4936.082 -4960.1895 -4696.2886 -4449.5229 -4331.7715 -4354.626 -4418.6934 -4475.4834 -4437.7539 -4304.4692 -4138.335 -4259.0313 -4666.019 -4798.7407 -4580.5376 -4194.3438 -4093.7185 -4215.8506 -4422.1099 -4474.2178 -4309.834 -3922.1848 -3754.3145 -3850.825 -3989.5933 -3966.8613 -3911.6626 -3992.8064 -4073.929 -4062.0889 -4054.7209 -4034.5759 -3976.5237
