Resources/Map/Lvl0_30x30/Ele_FF.asc
ncols         335
nrows         335
xllcorner     -3295000
yllcorner     -10075000
cellsize      10000
nodata_value  -99999.0
[rows 135 to 161 of 335, columns 61 to 121 of 335]
-3768.7578 -3745.1821 -3763.9607 -3833.8596 -3920.1663 -3987.3586 -4026.7893 -4011.5686 -3964.5081 -3930.6294 -3905.9343 -3859.0173 -3835.5469 -3843.314 -3836.3137 -3843.1384 -3825.2178 -3773.3987 -3780.3406 -3813.6431 -3831.3423 -3826.3325 -3793.363 -3771.9353 -3777.9397 -3765.0361 -3720.9614 -3683.9646 -3668.823 -3660.8533 -3638.762 -3683.6765 -3778.4146 -3809.1677 -3788.8508 -3744.1606 -3673.7239 -3576.1753 -3479.0881 -3374.123 -3269.4612 -3195.5046 -3177.7063 -3213.551 -3238.5566 -3212.8118 -3165.1082 -3141.0002 -3117.9348 -3090.7185 -3056.0085 -3018.864 -3006.062 -2958.6299 -2808.9758 -2640.0544 -2491.4246 -2396.7498 -2359.3047 -2280.2871 -2223.5652
-3781.1426 -3683.3853 -3592.022 -3569.7632 -3635.7156 -3745.5708 -3852.2461 -3884.5588 -3863.2788 -3847.8127 -3827.4399 -3782.7041 -3751.9983 -3754.095 -3771.8066 -3800.6089 -3808.644 -3800.2559 -3791.0576 -3757.5 -3721.3235 -3703.7349 -3681.76 -3654.2581 -3624.4026 -3568.6255 -3527.4985 -3526.4661 -3550.4446 -3558.4729 -3529.3755 -3541.658 -3575.8125 -3575.6902 -3591.0322 -3627.0227 -3656.8513 -3626.8271 -3543.6567 -3439.4319 -3328.436 -3204.8767 -3072.406 -2963.3594 -2885.8679 -2869.3242 -2898.1531 -2893.8679 -2834.6997 -2761.0674 -2690.0728 -2614.7117 -2583.2375 -2606.0823 -2549.2861 -2521.2397 -2476.2324 -2413.9155 -2354.7659 -2253.3567 -2121.5085
-3726.6953 -3519.3347 -3293.6843 -3190.8718 -3284.0957 -3493.8606 -3706.0171 -3819.1785 -3818.7935 -3771.4924 -3698.6484 -3613.925 -3561.9302 -3561.2058 -3592.4133 -3654.2847 -3706.5327 -3717.9805 -3713.0261 -3669.7415 -3623.1323 -3622.3279 -3629.2451 -3615.5303 -3564.8699 -3481.2842 -3405.3035 -3330.7915 -3288.1191 -3313.5166 -3371.5503 -3403.7244 -3341.1494 -3237.1802 -3166.0125 -3176.8027 -3250.0103 -3311.0793 -3316.8589 -3285.4539 -3226.2793 -3151.5627 -3080.2041 -2987.3259 -2859.1768 -2740.1816 -2661.5913 -2588.969 -2504.6948 -2369.9197 -2187.5811 -1994.2844 -1859.7159 -1887.8577 -1923.3652 -1980.2932 -2039.4741 -2112.9285 -2189.7566 -2193.9941 -2127.3298
-3541.1792 -3388.1338 -3246.4724 -3226.5896 -3360.2227 -3554.6487 -3701.2043 -3762.8713 -3763.5527 -3710.832 -3627.4287 -3539.9456 -3458.0894 -3436.2581 -3476.8882 -3542.1255 -3590.7041 -3585.0637 -3564.6807 -3543.8215 -3504.5532 -3476.8433 -3453.4348 -3464.8149 -3505.063 -3486.6836 -3436.825 -3334.8237 -3179.604 -3030.8181 -2981.2192 -2987.9639 -2946.0422 -2860.9846 -2772.5149 -2756.9055 -2820.0659 -2891.011 -2926.6533 -2919.8364 -2881.4841 -2848.0613 -2844.052 -2801.7009 -2691.8372 -2557.4333 -2423.8423 -2219.6311 -1942.0297 -1593.9749 -1234.5325 -979.79 -928.2986 -1009.7861 -1093.9673 -1176.4766 -1267.2185 -1393.881 -1517.7943 -1613.7352 -1697.9951
-3512.418 -3528.5906 -3547.9675 -3570.5684 -3579.6575 -3582.0842 -3589.5898 -3630.5994 -3673.1726 -3662.8479 -3598.5137 -3502.4219 -3382.6838 -3314.824 -3354.0801 -3423.3977 -3448.4976 -3415.0864 -3330.6926 -3328.8257 -3361.7 -3377.2664 -3350.3726 -3298.3188 -3298.3066 -3291.9663 -3258.9915 -3198.7537 -3084.6174 -2915.9912 -2756.2437 -2634.8401 -2603.0869 -2609.8335 -2604.2886 -2602.0657 -2607.8079 -2541.6504 -2478.4146 -2465.1914 -2488.6394 -2499.3452 -2447.0632 -2326.7776 -2123.1602 -1862.7874 -1604.7966 -1320.671 -1024.7765 -752.7517 -639.0358 -635.0638 -643.5314 -677.6912 -723.5996 -772.197 -817.4176 -861.7261 -908.319 -969.473 -1046.9491
-3621.6846 -3639.0613 -3618.1814 -3551.4194 -3461.6042 -3390.8525 -3393.0635 -3496.0881 -3589.6738 -3591.9199 -3490.8137 -3330.0359 -3173.0054 -3069.8601 -3090.4802 -3147.9407 -3207.0854 -3278.7754 -3238.6455 -3167.3018 -3114.1799 -3112.4224 -3138.9055 -3092.012 -3048.98 -2990.5205 -2942.8037 -2866.2527 -2761.1514 -2686.8633 -2637.189 -2534.8457 -2441.7883 -2372.4341 -2318.7888 -2307.4011 -2323.4087 -2240.5723 -2167.5232 -2126.6978 -2073.3223 -1969.3314 -1760.8302 -1475.8804 -1151.2002 -864.4712 -687.3674 -602.1323 -594.043 -600.8521 -621.022 -634.0467 -637.3737 -638.3893 -640.509 -649.5424 -659.8073 -671.329 -686.2808 -704.1112 -727.4362
-3513.5762 -3514.5413 -3485.0562 -3430.3633 -3401.3972 -3365.9636 -3352.6748 -3405.1797 -3427.8491 -3356.9324 -3222.0803 -3101.5583 -3018.4785 -2893.1548 -2838.3262 -2789.2061 -2798.7617 -2970.6021 -3088.4873 -3048.9714 -2884.7019 -2762.9912 -2775.6106 -2699.5964 -2670.9165 -2629.1677 -2548.1499 -2468.6167 -2335.0513 -2278.5439 -2311.5601 -2302.4194 -2245.843 -2168.8821 -2066.1445 -1985.2589 -1930.3381 -1876.6008 -1829.3086 -1711.8678 -1495.3159 -1194.8712 -875.183 -640.9002 -512.912 -469.3055 -475.8872 -511.5469 -563.6135 -586.6475 -592.9268 -596.0112 -599.1495 -600.3849 -598.6421 -598.9244 -596.7523 -594.7086 -598.0751 -605.2899 -621.0579
-3205.0918 -3187.8564 -3180.3259 -3175.2903 -3250.6033 -3297.2256 -3273.5161 -3222.5649 -3125.5432 -2993.6584 -2901.835 -2921.991 -2975.5427 -2926.7476 -2853.1755 -2717.5125 -2632.5276 -2649.406 -2702.2625 -2744.3948 -2737.6287 -2605.3428 -2507.6113 -2390.4214 -2340.99 -2284.6035 -2146.8701 -2077.4814 -2005.382 -1961.5515 -1940.8501 -1861.1082 -1797.5288 -1741.8396 -1669.2147 -1555.266 -1373.3734 -1182.4749 -1037.8673 -894.6966 -719.485 -550.6358 -438.826 -405.5746 -428.8929 -467.766 -495.7852 -511.769 -522.8967 -532.8513 -538.4905 -539.9803 -542.996 -546.7964 -551.8362 -555.9331 -557.4027 -558.0723 -560.4109 -560.7396 -562.5502
-2829.5942 -2800.165 -2825.0815 -2851.9407 -2896.1453 -2923.4302 -2935.4163 -2973.7043 -2937.4873 -2799.9363 -2666.1396 -2603.446 -2593.3608 -2637.998 -2682.9114 -2669.0442 -2696.9241 -2662.5142 -2593.3911 -2471.6362 -2451.6323 -2352.5984 -2196.7751 -2122.22 -2075.502 -2007.8339 -1884.9456 -1783.7416 -1686.5841 -1529.6663 -1345.89 -1168.3829 -1067.1614 -964.3348 -875.1281 -778.5575 -645.6777 -501.7838 -422.3589 -389.2877 -372.0653 -372.66 -376.2228 -382.4809 -404.2691 -424.113 -434.3472 -444.4468 -455.0657 -466.8616 -478.9191 -490.1298 -501.0096 -510.3002 -516.1124 -518.7634 -523.0068 -529.119 -534.1147 -535.5475 -535.9059
-2660.9224 -2583.0618 -2600.2646 -2609.6572 -2533.9597 -2442.2385 -2433.9797 -2560.2388 -2653.4355 -2619.1914 -2521.9734 -2406.6035 -2252.6252 -2194.5947 -2269.8975 -2309.1292 -2396.3164 -2486.2817 -2498.8044 -2373.9038 -2224.6489 -2073.2283 -1915.9537 -1822.532 -1731.4055 -1578.2074 -1409.7618 -1256.486 -1067.5674 -849.5027 -643.1066 -504.7754 -451.7406 -402.7866 -357.9633 -318.1744 -294.7435 -281.4146 -294.0076 -314.4106 -318.0431 -320.9251 -322.4772 -325.4295 -332.0853 -339.1802 -345.9841 -354.1337 -363.2116 -374.8626 -389.4495 -404.4572 -421.1351 -438.4958 -449.5772 -457.0851 -466.1791 -476.1658 -484.9519 -490.0052 -493.2415
-2811.2236 -2733.0754 -2699.7405 -2637.5735 -2499.5515 -2347.2957 -2252.6768 -2238.4172 -2221.335 -2178.103 -2180.4666 -2166.7378 -2072.094 -1949.9176 -1910.5812 -1810.8784 -1762.677 -1819.4784 -1882.5602 -1859.3254 -1772.0597 -1635.772 -1525.3088 -1400.8979 -1234.4448 -1032.8695 -854.132 -680.3219 -496.4053 -387.1588 -339.3979 -311.8193 -293.0881 -275.1669 -257.4545 -241.9816 -237.6114 -239.6435 -254.2352 -271.9774 -278.2242 -280.0785 -280.8599 -281.9121 -283.143 -284.4395 -286.8639 -290.5181 -293.9022 -297.5733 -303.2797 -311.2347 -321.248 -331.0096 -336.2342 -342.606 -355.0465 -373.0916 -389.8422 -399.982 -397.601
-2602.8726 -2578.3188 -2542.5869 -2482.3879 -2394.5034 -2302.7622 -2193.9619 -2037.3226 -1866.6195 -1710.6294 -1661.8787 -1629.6851 -1561.5924 -1453.5571 -1353.9581 -1237.8784 -1184.8691 -1213.6577 -1202.6206 -1168.7598 -1101.275 -974.704 -885.0983 -800.882 -689.897 -558.6555 -438.1366 -327.6799 -247.2059 -230.2927 -237.1732 -243.4536 -243.1315 -235.955 -225.5747 -217.2427 -213.9567 -212.831 -221.5773 -240.696 -252.6151 -257.0442 -259.6611 -261.7758 -263.3265 -264.6919 -266.2183 -268.7264 -271.2111 -272.605 -273.2549 -274.7335 -276.6363 -277.8822 -277.3898 -277.9396 -282.8612 -292.7279 -302.1267 -307.852 -300.1435
-2205.7227 -2074.6462 -1963.5531 -1850.6781 -1773.7833 -1727.7362 -1658.4496 -1544.4677 -1426.0833 -1302.7744 -1215.7688 -1164.5936 -1103.205 -1025.526 -943.5774 -879.8583 -828.0506 -786.6788 -701.5072 -628.3242 -554.3716 -489.2858 -428.0682 -383.8498 -344.0601 -306.0004 -275.9845 -246.215 -232.5122 -248.0848 -267.5981 -270.2658 -258.6974 -241.7534 -221.8512 -213.1554 -233.1336 -246.7357 -248.9185 -255.6757 -260.1104 -262.6806 -264.5527 -266.4815 -268.4739 -269.8659 -270.5029 -271.4442 -272.7626 -273.8997 -274.2256 -274.2256 -274.2256 -274.9879 -275.2256 -275.2256 -275.9605 -277.2445 -278.2177 -277.8331 -269.0157
-1972.0784 -1764.079 -1594.2522 -1438.662 -1341.1656 -1286.8472 -1239.6979 -1180.8871 -1101.1509 -985.4336 -883.2148 -830.754 -801.3364 -741.6181 -665.5526 -618.201 -556.1408 -464.5291 -369.1667 -318.8094 -311.1816 -321.0884 -302.3828 -255.3899 -214.6521 -205.0489 -234.3529 -266.5701 -292.1479 -313.9156 -317.9439 -300.2101 -276.5961 -255.7994 -241.0471 -257.0571 -297.3737 -301.5797 -290.8984 -284.7498 -282.2153 -281.5423 -281.1706 -281.0107 -280.7625 -280.2871 -279.6961 -278.8394 -278.4695 -277.9742 -277.7347 -277.3194 -277.1565 -277.0372 -276.5465 -276.888 -277 -276.5082 -275.9173 -275.4662 -269.4364
-1620.9633 -1479.2158 -1344.5675 -1226.3685 -1153.0524 -1103.6553 -1054.1423 -970.8049 -861.3678 -748.1044 -649.8983 -582.7401 -537.079 -478.5027 -420.637 -389.2823 -354.7979 -299.1145 -253.9908 -248.7433 -275.252 -292.1784 -272.5606 -237.2515 -214.9253 -207.7472 -232.9922 -265.6489 -290.4166 -307.3603 -311.7565 -299.6407 -276.6515 -253.8396 -257.7997 -304.5272 -321.4043 -307.0529 -295.2632 -290.4012 -288.5336 -287.302 -286.5919 -286.1832 -284.8721 -283.414 -282.7568 -282.3481 -282.5915 -281.8565 -280.9826 -280.0821 -279.8003 -279.4954 -278.6161 -278.7228 -278.8003 -278.4602 -277.5279 -276.3268 -273.0841
-1080.2661 -991.2827 -904.6711 -825.8259 -761.4574 -702.194 -644.2679 -575.8672 -506.7029 -442.4542 -391.6149 -351.7705 -321.6487 -297.0719 -278.1176 -270.7389 -265.9618 -258.6057 -247.3437 -238.4356 -247.4498 -249.7527 -250.4155 -257.2658 -264.2799 -268.8631 -280.5623 -296.2267 -309.3638 -315.409 -312.8706 -291.8694 -266.3603 -264.7065 -301.1193 -327.6318 -312.5573 -293.6899 -283.7249 -282.5516 -283.1405 -283.0801 -282.8903 -282.8903 -282.4639 -281.9126 -281.7561 -281.7561 -281.5971 -281.2574 -280.871 -280.4846 -280.3781 -280.3781 -280.0815 -280 -280 -279.4711 -277.963 -274.8545 -272.3327
-568.8121 -529.0789 -459.3059 -390.87 -374.0634 -352.8382 -328.7854 -307.9249 -286.7402 -267.5117 -245.2241 -218.9512 -205.9413 -210.3739 -221.3702 -247.0717 -257.3963 -243.0239 -219.2405 -208.2768 -221.3129 -236.8833 -246.9989 -250.9944 -257.8784 -266.1482 -276.6693 -294.5883 -305.2441 -308.1213 -306.1053 -298.8095 -303.3631 -313.0874 -327.7635 -320.5267 -301.811 -287.312 -280.702 -279.9625 -280.1695 -280.3562 -280.3562 -280.3562 -279.9931 -279.3352 -279.0686 -279.0686 -278.8364 -278.2784 -277.6205 -277.8872 -277.5921 -277.4249 -277.4249 -277.4249 -276.3582 -273.6444 -270.8994 -270.4393 -270.952
-532.6744 -509.2057 -401.032 -299.2261 -294.9657 -289.8641 -275.4774 -264.1779 -251.0547 -244.826 -230.4109 -197.4826 -177.3604 -149.8137 -141.3212 -145.7543 -155.0007 -165.7767 -174.3037 -178.8245 -189.1863 -202.5972 -206.0087 -207.5772 -230.9642 -260.1017 -269.1682 -284.2564 -297.0242 -304.6499 -309.0745 -311.2691 -316.651 -316.3986 -310.9262 -300.4529 -290.0601 -282.8362 -280.5244 -279.8806 -279.0176 -278.6687 -278.6687 -278.6687 -278.1048 -277.4728 -277.3344 -276.915 -276.6687 -276.4433 -276.1016 -275.284 -274.2629 -273.4957 -273.3375 -272.8008 -271.0151 -268.4023 -265.9665 -267.4577 -270.7219
-681.2363 -634.9236 -538.1306 -426.1432 -353.071 -304.3493 -275.6051 -262.9344 -256.9641 -259.7886 -257.2472 -255.1282 -258.0928 -249.9776 -238.4249 -153.3732 -70.8063 -70.0166 -76.7553 -83.4832 -91.9011 -105.5258 -129.8638 -233.2296 -277.9904 -301.8166 -304.1466 -307.0048 -309.371 -308.8331 -307.3323 -305.0045 -302.2765 -299.5936 -297.2972 -294.8956 -289.7237 -283.4913 -279.5002 -277.7957 -277.4763 -277.3125 -276.9551 -276.625 -276.0611 -275.625 -275.207 -273.8744 -273.2501 -272.7867 -271.6054 -270.7387 -269.8224 -269.3244 -268.7109 -268.3106 -266.5933 -265.1339 -266.1916 -269.3938 -272.1558
-753.652 -717.4258 -654.0964 -550.4647 -423.127 -326.4694 -285.1044 -279.481 -285.6503 -295.632 -300.1033 -306.6516 -314.0077 -320.821 -321.8048 -284.4013 -194.5961 -94.6932 -94.3033 -116.7978 -96.6331 -87.1045 -92.9818 -177.1215 -246.9052 -321.6915 -341.531 -339.7824 -333.7545 -323.2385 -311.4968 -300.3022 -292.5858 -289.0105 -289.2034 -290.3722 -289.1146 -285.123 -280.3854 -276.7437 -274.9063 -273.4564 -272.2242 -271.3596 -270.4708 -270.0347 -268.9954 -267.0653 -265.8629 -265.4201 -264.4269 -263.5253 -263.1102 -263.0347 -262.8068 -262.744 -262.8501 -266.2442 -271.9301 -274.9836 -275.7888
-676.1581 -674.6656 -654.1967 -592.5365 -483.8125 -379.0233 -321.2857 -309.9648 -313.3411 -318.4376 -322.1685 -325.5094 -330.7341 -335.5023 -337.674 -338.6349 -316.2557 -254.3256 -262.4121 -286.3976 -266.5609 -251.6565 -241.8662 -230.6266 -211.6021 -208.794 -270.5722 -331.675 -340.8451 -324.954 -307.0272 -290.159 -276.6779 -268.9738 -266.9231 -266.627 -266.1253 -265.6551 -264.8716 -264.0736 -263.0808 -261.0367 -259.1324 -257.7594 -257.1497 -257.4609 -256.9921 -256.156 -255.7818 -255.6883 -255.5011 -255.7515 -256.4231 -256.0556 -255.8818 -257.6505 -262.5378 -271.6739 -281.1391 -285.4087 -285.774
-600.1529 -602.8273 -600.4548 -582.5973 -530.1822 -454.7811 -386.6656 -346.2158 -331.7481 -332.1674 -334.6199 -337.5466 -341.249 -343.3107 -345.1009 -347.3494 -347.5295 -339.644 -343.0753 -349.2567 -346.2837 -344.5547 -342.5636 -334.1234 -317.8116 -277.9547 -210.6488 -253.1373 -321.0822 -307.1743 -289.1654 -273.6326 -260.6354 -251.6872 -246.8319 -243.5011 -239.974 -236.8442 -236.6318 -239.3944 -242.0145 -243.4435 -244.4779 -245.238 -245.8945 -247.2501 -248.2836 -248.9564 -249.726 -249.9879 -249.9879 -250.1653 -250.4178 -250.2936 -253.1879 -259.455 -269.6827 -281.5251 -289.3798 -292.502 -293.4552
-596.1157 -596.776 -597.4242 -594.3031 -581.365 -555.4387 -515.5291 -459.1622 -400.8954 -362.7523 -348.9374 -347.2151 -347.779 -348.0726 -349.2056 -350.4578 -350.7629 -351.7439 -351.998 -352.9928 -352.4661 -352.8691 -352.1846 -349.758 -343.6884 -324.5579 -282.2839 -284.1579 -298.5664 -287.2054 -273.3369 -261.9442 -252.8197 -244.9711 -240.3249 -238.6125 -237.1133 -235.8298 -235.5999 -236.8327 -237.646 -238.6099 -239.8621 -240.5723 -241.2394 -241.9393 -242.7337 -244.244 -245.5527 -246.4229 -247.2148 -248.0068 -251.0931 -255.6434 -263.7089 -277.697 -293.1048 -299.9706 -300.5489 -299.54 -298.21
-609.2068 -609.1769 -610.7076 -610.9544 -609.2322 -606.6539 -598.235 -572.9449 -524.5213 -462.6375 -411.9487 -379.209 -360.1258 -352.8513 -350.9317 -350.9847 -351 -351.969 -352 -349.7584 -345.4585 -340.5613 -335.2465 -327.0718 -316.743 -305.6954 -296.169 -288.145 -279.0854 -270.7232 -263.444 -256.5932 -248.4169 -241.9085 -239.6564 -238.9257 -238.7967 -238.7134 -238.6812 -238.7967 -238.7967 -238.8979 -239.5199 -240 -240.564 -241 -241.1236 -241.4595 -242.7815 -247.8403 -255.1169 -265.514 -284.8005 -306.5579 -326.9243 -344.2088 -349.381 -346.256 -341.1069 -336.5184 -331.3013
-627.5183 -627.9875 -630.1707 -631.7303 -632.4431 -633.3499 -633.118 -629.4541 -617.0227 -592.2093 -554.4578 -504.6966 -449.5582 -407.5692 -387.8228 -374.0842 -359.1484 -350.611 -345.4956 -339.9091 -333.0619 -324.2796 -313.0847 -301.6713 -293.4431 -288.6685 -281.9278 -272.6295 -266.5244 -263.2613 -259.267 -253.0972 -245.0651 -240.8015 -239.9377 -239.8186 -239.8186 -239.8186 -239.8186 -239.8186 -239.8186 -239.8186 -239.9129 -240 -240.1023 -240.6611 -243.9862 -249.5215 -263.621 -290.3044 -317.7759 -343.7697 -367.7667 -388.3591 -404.4169 -410.574 -409.1102 -407.7318 -404.4767 -400.2844 -395.8445
-648.3076 -648.7468 -650.1868 -651.6281 -652.0765 -652.8318 -654.3485 -655.9468 -655.4682 -651.6023 -642.5536 -624.3571 -590.2947 -549.8821 -511.11 -470.8905 -432.5734 -405.431 -383.6882 -362.0275 -335.1954 -311.0374 -296.0027 -289.1265 -284.1735 -277.4801 -269.9451 -264.6176 -262.2337 -260.6189 -257.0419 -251.0549 -243.9137 -240.6784 -240 -240 -240 -240 -240 -240.3814 -241.2403 -242.5176 -246.42 -254.2542 -262.7544 -273.0405 -289.8016 -315.0722 -345.8086 -373.4747 -394.1768 -408.3102 -416.1663 -421.2043 -423.9141 -425.1679 -424.965 -424.8828 -425.1983 -425.4251 -427.1721
-666.0898 -665.796 -665.4213 -664.7307 -664.4847 -664.5818 -664.1962 -662.9509 -662.5867 -662.3683 -661.0475 -658.5402 -652.2182 -641.9607 -627.0411 -603.2177 -574.8256 -549.4136 -518.0273 -467.9022 -402.4598 -351.5083 -323.4052 -302.756 -287.4485 -280.3995 -274.1991 -269.4937 -266.9621 -265.4732 -261.6759 -256.2876 -252.6826 -250.1631 -250.0773 -251.8398 -253.268 -254.5025 -256.6373 -261.2999 -269.3112 -279.6208 -295.7512 -314.5536 -328.4055 -339.7699 -352.1047 -367.9368 -382.9392 -393.144 -402.1988 -408.951 -412.736 -416.3544 -417.916 -419.6036 -420.6785 -421.5598 -422.5612 -422.812 -423.9955
