Resources/Map/Lvl0_30x30/Ele_FI.asc
ncols         335
nrows         335
xllcorner     6755000
yllcorner     -10075000
cellsize      10000
nodata_value  -99999.0
[rows 297 to 323 of 335, columns 120 to 179 of 335]
6.225 3.5517 1.6075 -1.0291 -3.01 -5.7355 -8.4897 -11.353 -14.1146 -17.0103 -19.9061 -22.8019 -25.9518 -29.6992 -33.5049 -37.0516 -40.3405 -44.1891 -47.6451 -51.4766 -55.9252 -59.9295 -63.8473 -67.4002 -71.0162 -74.5398 -78.1852 -81.6793 -85.4637 -88.8723 -92.0553 -95.7742 -99.1949 -102.3034 -105.5011 -108.6023 -111.6684 -114.8771 -117.9672 -121.1833 -124.4198 -127.6562 -130.7317 -133.9624 -137.3571 -139.7419 -142.1266 -144.4987 -146.7131 -148.9475 -151.3086 -153.523 -155.6131 -157.4588 -160.1024 -161.5473 -163.7617 -165.7784 -167.5238 -169.7382
-186.1851 -186.6201 -186.9283 -187.3569 -187.6716 -188.1156 -188.7074 -190.0254 -191.1581 -192.0106 -193.9796 -195.2976 -196.9206 -198.9811 -200.7456 -203.032 -205.281 -207.6211 -209.8978 -212.2229 -214.6413 -216.9814 -219.3215 -221.5823 -224.3438 -227.4723 -230.1026 -232.8941 -236.0554 -239.1711 -242.2372 -244.7893 -247.6591 -250.7252 -253.7913 -256.8574 -259.2105 -262.1344 -265.2006 -268.2667 -270.5443 -273.5437 -275.7837 -278.8207 -281.0302 -283.9208 -285.9649 -288.0089 -290.137 -292.9523 -294.9963 -297.0404 -299.0575 -300.8357 -302.2841 -304.2167 -306.2608 -308.2619 -309.9317 -311.1017
-405.4026 -404.5062 -403.5357 -401.8365 -400.9401 -399.9116 -398.4431 -398.2272 -396.7236 -395.886 -395.209 -394.4383 -393.9725 -393.8969 -393.4753 -393.7266 -393.6332 -393.3523 -393.6037 -393.8551 -393.6844 -393.9221 -394.6092 -394.8605 -395.1819 -396.5963 -397.6146 -398.5014 -399.7748 -401.0482 -402.3216 -403.506 -404.7455 -406.0189 -407.2923 -408.5656 -409.7365 -410.9895 -412.2629 -414.3255 -414.7648 -416.788 -417.9917 -419.261 -421.2884 -422.5297 -422.8286 -424.0431 -426.0131 -427.2717 -428.4194 -429.5671 -430.7148 -431.8369 -432.8873 -434.035 -435.1827 -436.0704 -436.2826 -436.4083
-550.5745 -548.69 -547.6594 -546.5448 -545.4071 -543.5866 -542.1857 -539.7404 -538.6369 -537.4001 -535.4595 -533.773 -532.7819 -531.8301 -530.5296 -529.0258 -528.0674 -526.7142 -525.2697 -524.3511 -523.3837 -522.4634 -521.595 -520.6763 -519.7576 -519.4902 -519.0214 -518.167 -517.3517 -517.1472 -516.6199 -516.455 -515.8881 -515.7628 -515.1563 -515.0707 -515.174 -514.5081 -514.4819 -513.8673 -513.7976 -513.9885 -514.0975 -513.3127 -514.3963 -513.6066 -513.6121 -513.6547 -513.021 -513.1244 -513.2277 -513.3311 -513.2669 -512.6389 -512.5352 -511.9467 -511.8033 -511.2246 -511.2246 -510.9184
-579.6458 -579.4312 -578.4091 -577.2889 -575.4341 -574.343 -573.4526 -572.8818 -571.1183 -570.2972 -569.895 -568.8144 -567.7924 -566.7703 -566.0419 -565.5677 -564.5457 -563.8729 -563.343 -562.321 -561.299 -560.2769 -559.7385 -559.1536 -558.6558 -558.0771 -557.0875 -556.6505 -555.9641 -554.996 -554.6453 -553.9554 -553.6418 -553.6216 -552.8319 -551.8742 -551.7009 -550.8451 -550.7009 -550.6296 -549.7728 -548.8318 -548.7802 -547.7921 -547.8494 -546.8594 -546.8096 -545.9327 -545.769 -544.9387 -544.9387 -544.7874 -544.0032 -543.9387 -543.7083 -542.9387 -542.917 -542.5864 -541.9387 -541.5981
-571.5743 -571.5118 -570.4897 -569.5621 -569.3308 -568.4508 -568.2392 -567.4371 -567.3322 -567.062 -566.0837 -565.3284 -564.9822 -564.2684 -564.2297 -563.8587 -562.8367 -562.2297 -562.2047 -561.7131 -561.1447 -560.6116 -560.1149 -560.0834 -559.5208 -559.0809 -559.0222 -559 -558.3425 -557.961 -557.2813 -556.9584 -556.9426 -556.9426 -556.8972 -556.8385 -556.8277 -555.9719 -555.8277 -555.8277 -555.7748 -555.7161 -555.7128 -555.6561 -555.6453 -554.6554 -554.6523 -554.598 -554.4998 -553.598 -553.598 -553.4337 -552.598 -552.598 -552.3676 -551.598 -551.598 -551.3015 -550.598 -550.2574
-561.3168 -560.3892 -560.2713 -559.3559 -559.2272 -558.3559 -558.3497 -558.1324 -557.3559 -557.3474 -557.0594 -556.3203 -556.0153 -555.3203 -555.3203 -554.9492 -554.3063 -554.2847 -554.2847 -553.8255 -553.2847 -553.2668 -552.7425 -552.2847 -552.2644 -552.2491 -552.2491 -552.2491 -552.2257 -551.5582 -551.2241 -551.2135 -551.2135 -551.2135 -551.2135 -551.2135 -551.2135 -550.3577 -550.2135 -550.2135 -550.2135 -550.2135 -550.2135 -550.2135 -550.2131 -550.1779 -550.1779 -550.1779 -550.0797 -549.1779 -549.1779 -549.0136 -548.1779 -548.1779 -547.9475 -547.1779 -547.1779 -547.1674 -546.8351 -546.1658
-523.5615 -524.5563 -525.5632 -526.4534 -526.4517 -526.5883 -527.426 -527.6154 -528.3985 -528.3985 -528.3949 -528.6638 -529.3668 -529.3572 -529.3572 -529.3522 -529.7312 -530.3298 -530.3298 -530.3235 -530.316 -530.316 -530.3088 -530.3023 -530.3023 -530.3023 -530.3023 -530.3023 -530.3023 -530.293 -530.2886 -530.2886 -530.2886 -530.2886 -530.2886 -530.2886 -530.2886 -530.2768 -530.2748 -530.2748 -530.2748 -530.2748 -530.2748 -530.2748 -530.2748 -530.2748 -530.2748 -530.2748 -530.2734 -530.261 -530.261 -530.0967 -529.261 -529.261 -529.2579 -528.9984 -528.261 -528.261 -528.2567 -528.2473
-462.6761 -463.7679 -465.7198 -466.8476 -468.7548 -469.771 -470.7999 -471.8219 -472.8439 -473.864 -474.8799 -475.9019 -476.924 -477.619 -477.968 -478.9901 -479.619 -480.0341 -480.6226 -481.0826 -482.1003 -482.6231 -482.6271 -483.1745 -484.1965 -484.6271 -485.2356 -485.6242 -486.2793 -486.619 -486.6247 -486.6271 -486.6271 -487.3886 -487.619 -487.6256 -487.6271 -488.476 -488.619 -488.619 -488.619 -488.619 -488.619 -488.619 -488.619 -488.619 -488.6186 -488.6109 -488.6109 -488.6109 -488.6109 -488.6109 -488.6109 -488.6109 -488.6109 -488.3585 -487.6109 -487.6085 -487.6028 -487.2622
-417.839 -419.763 -420.7825 -421.774 -422.6406 -422.9375 -424.773 -425.7397 -426.7376 -427.5208 -427.7738 -428.7653 -429.7567 -430.4309 -430.7799 -431.7909 -432.401 -432.8036 -433.7951 -434.3411 -434.8079 -435.7993 -436.2812 -436.8121 -437.8035 -438.2213 -438.2213 -438.8377 -439.1913 -439.1913 -439.8719 -440.1397 -440.1314 -440.1314 -440.1314 -440.9189 -441.1014 -441.1014 -441.1014 -441.1014 -441.1014 -441.1014 -441.0725 -441.0715 -441.0715 -441.0715 -441.019 -440.1014 -440.1014 -440.1014 -440.1014 -440.0965 -440.0715 -440.0652 -440.0415 -439.7891 -439.0415 -438.7539 -438.062 -437.7111
-410.1533 -410.1629 -411.0518 -411.0518 -411.0518 -411.1869 -411.7844 -410.9899 -411.1538 -411.8964 -411.8964 -411.8817 -411.8446 -411.8446 -412.1575 -412.741 -412.741 -412.7195 -412.6892 -412.6892 -412.6643 -412.6374 -412.6374 -412.6374 -412.6374 -412.6374 -412.6057 -412.5856 -412.5856 -412.5856 -412.5856 -411.8995 -411.6374 -411.6374 -411.6374 -411.6374 -411.6374 -411.6374 -411.6374 -411.6374 -411.6374 -411.5885 -410.6696 -410.6374 -410.6892 -410.6892 -410.6892 -410.6892 -410.6892 -410.6892 -410.6892 -410.5334 -409.741 -409.5434 -408.7928 -408.5534 -407.8446 -407.8446 -407.5425 -406.8964
-410.9741 -410.0898 -410.1589 -410.1667 -410.2325 -410.0929 -409.3189 -409.1851 -408.3958 -408.4535 -408.4535 -408.1914 -407.5496 -407.6008 -407.2774 -406.6744 -406.6744 -406.2899 -405.748 -405.748 -405.3022 -404.8217 -404.8217 -404.8217 -404.8217 -404.8217 -404.2534 -403.8953 -403.8953 -403.9454 -403.969 -403.9157 -403.8953 -403.8953 -403.8953 -403.8953 -403.9567 -403.969 -403.969 -403.969 -403.969 -403.0945 -403.0426 -403.0426 -403.969 -403.969 -403.969 -403.969 -403.969 -403.969 -403.969 -403.969 -403.969 -403.969 -403.969 -403.969 -403.9892 -404.0426 -404.0426 -404.0426
-380.5609 -380.7151 -381.6606 -381.8546 -382.748 -382.7624 -382.9998 -383.5905 -383.1558 -383.939 -383.939 -383.966 -384.3103 -384.939 -384.9723 -385.0345 -385.0345 -385.0741 -385.13 -385.13 -385.1759 -385.2255 -385.2255 -385.2255 -385.1711 -385.13 -385.13 -385.13 -385.13 -385.7446 -386.0345 -385.3109 -385.0345 -385.0345 -385.0345 -385.0345 -385.7887 -385.939 -385.939 -385.8531 -385.8435 -385.8435 -385.7513 -385.6537 -385.6516 -385.557 -385.5518 -385.4543 -385.3661 -385.3546 -385.2706 -385.2549 -385.1573 -385.0796 -385.0576 -384.9841 -385.2062 -385.7648 -385.6672 -385.5696
-325.2857 -326.3004 -327.2125 -328.2095 -328.8932 -329.0439 -329.8729 -329.9706 -330.9672 -331.6585 -331.6585 -331.9082 -332.5412 -332.5412 -332.8493 -333.4239 -333.4239 -333.7903 -334.2552 -334.1892 -334.5575 -334.9545 -334.9545 -334.8903 -334.3346 -333.8851 -333.8372 -333.8372 -333.76 -333.6401 -333.6025 -332.8789 -332.515 -332.4852 -332.3925 -332.2726 -332.1526 -332.0327 -331.9128 -330.9986 -330.7903 -330.6704 -329.5844 -328.6743 -328.419 -327.4216 -327.1403 -326.1093 -325.0656 -324.8254 -323.8257 -323.5415 -322.3995 -321.466 -321.1156 -320.1965 -319.7144 -318.5724 -317.4678 -316.4058
-295.9214 -296.7473 -296.8319 -297.6556 -296.8865 -297.0163 -297.5987 -297.0542 -297.7473 -297.7141 -297.6082 -297.6082 -297.6082 -297.6082 -297.5596 -297.469 -297.469 -297.469 -297.0927 -296.5443 -296.0547 -295.5381 -295.469 -294.9217 -294.3897 -293.8207 -293.3836 -293.3298 -292.6723 -291.6502 -291.2321 -290.467 -289.445 -289.0838 -288.3716 -287.2659 -286.3337 -285.2157 -284.1736 -283.1515 -282.0012 -280.8369 -278.9755 -278.4997 -276.6224 -275.426 -273.3014 -272.2032 -270.2299 -268.8366 -266.9151 -265.6093 -263.5652 -261.7006 -260.3379 -258.2587 -256.1106 -254.0253 -252.1132 -250.5134
-282.4043 -282.5588 -282.6298 -283.3978 -283.3978 -283.3978 -283.4256 -283.5275 -283.3978 -283.1974 -282.5588 -282.5588 -282.5097 -282.3978 -282.0488 -281.3978 -281.3978 -281.3309 -281.2368 -280.7776 -280.1593 -279.6535 -279.2368 -278.6894 -277.7591 -277.3026 -276.7221 -276.2955 -275.6851 -274.7182 -273.6962 -272.6742 -271.6521 -270.5065 -270.1096 -268.5829 -267.9682 -266.3409 -265.1979 -264.0309 -262.0708 -260.1788 -258.9542 -256.2688 -255.0572 -253.1456 -250.3349 -249.0967 -247.1189 -244.3183 -242.2742 -240.2037 -238.0251 -235.981 -233.8627 -231.359 -228.6436 -226.1861 -223.1713 -220.2149
-235.9633 -236.7473 -236.7473 -236.7473 -236.7473 -236.7473 -236.8569 -237.2224 -236.5645 -236.5645 -236.5645 -236.5645 -236.2595 -235.5645 -235.2793 -234.6795 -234.5645 -234.1493 -233.5645 -233.1892 -232.2661 -231.6553 -231.5645 -231.0171 -230.5645 -229.9731 -229.4523 -228.8623 -228.4442 -227.702 -226.68 -225.658 -224.7723 -223.1695 -221.9576 -220.9356 -219.2322 -218.0744 -217.0523 -215.295 -213.4378 -212.352 -210.5406 -209.4908 -207.4669 -206.2376 -204.3804 -202.5716 -201.2824 -199.2603 -197.3771 -195.2288 -192.6547 -190.6488 -188.3729 -185.0712 -182.853 -180.1064 -177.4876 -175.2275
-171.9686 -171.9686 -171.9686 -171.9468 -171.7639 -171.7639 -171.5912 -170.7639 -170.7639 -170.715 -170.5592 -170.5592 -170.2542 -169.5592 -169.5592 -169.1881 -168.5592 -168.1441 -167.5592 -167.4652 -166.9718 -166.0559 -165.5592 -165.0118 -164.5592 -163.9678 -163.0713 -162.7639 -162.1064 -161.0844 -160.2059 -159.245 -158.9686 -158.2009 -157.1789 -156.323 -155.3396 -154.4927 -153.5002 -152.6624 -151.4721 -150.6273 -149.6168 -148.5947 -146.7694 -144.9667 -144.1428 -143.0758 -141.4301 -139.6909 -138.5848 -137.0899 -136.0907 -134.4216 -133.2635 -131.5862 -130.0259 -128.9772 -127.3516 -125.9272
-121.4358 -121.2185 -121.1993 -120.9094 -120.1893 -119.9919 -119.8192 -118.9919 -118.9428 -118.5265 -117.7653 -117.7012 -117.2338 -116.5387 -116.4597 -116.0252 -115.5387 -115.1236 -114.5387 -114.0796 -113.5387 -113.1495 -112.6463 -112.1154 -111.6363 -111.0813 -110.6263 -110.5387 -109.8812 -109.0132 -108.6064 -107.9791 -107.7653 -106.9976 -106.1545 -105.808 -105.1204 -104.798 -104.0863 -103.9919 -102.5658 -102.2311 -101.4713 -100.6808 -99.8904 -99.1247 -99.0706 -98.1247 -98.0488 -97.2583 -96.5779 -96.5779 -96.4337 -95.596 -94.8044 -94.6092 -94.031 -94.031 -94.031 -93.7676
-65.3258 -64.5891 -64.2927 -63.5782 -63.2595 -62.5672 -62.2264 -61.5563 -61.1933 -60.3658 -59.6047 -59.3217 -58.3755 -57.7718 -57.2556 -56.6047 -56.6047 -56.1895 -55.4961 -55.0111 -54.4851 -54.3562 -53.8309 -53.3562 -52.7869 -52.3562 -51.7428 -51.3562 -50.6987 -50.3562 -49.6547 -49.3562 -49.171 -48.3401 -48.1078 -47.4977 -47.3562 -46.5004 -46.3562 -46.3562 -46.3562 -45.4123 -45.3562 -45.1108 -45.1053 -44.8594 -44.8187 -44.1078 -44.1078 -44.1078 -44.0725 -43.8594 -43.8594 -43.7028 -43.0506 -42.8594 -42.9276 -43.1078 -43.1078 -43.1078
-1.7572 -1.6947 -0.7344 -0.3803 0.5478 0.8933 1.5597 1.9781 2.8419 3.2924 4.1241 4.5303 5.2184 5.9211 6.9431 7.6944 7.9706 8.4375 9.3015 9.9884 10.4858 11.1364 11.7882 12.2825 13.1281 13.6751 14.2886 14.8469 15.6029 16.129 16.9172 17.4112 18.03 18.9833 19.4291 19.7053 19.7562 20.612 20.9934 21.0264 21.0264 21.9704 22.2875 23.2847 23.304 24.0264 24.0411 24.2967 24.2967 24.2967 24.439 25.2967 25.347 25.5669 25.7351 26.2967 26.0964 25.5669 25.5669 25.5669
43.6632 44.3046 45.6251 46.9457 48.2663 49.4362 49.9579 51.5201 52.8407 54.0915 55.1898 56.3927 57.5419 59.1515 60.3701 61.609 62.9984 63.8479 64.7544 66.075 66.9143 68.0724 69.2193 70.0652 71.6225 72.7035 73.5556 74.5777 75.5997 76.8203 78.1408 79.25 79.7442 80.5862 81.8389 82.9224 83.3542 84.2586 85.2806 85.6656 85.9641 87.2067 88.2451 89.2671 89.5741 89.8727 90.2095 91.1776 91.5049 92.0668 92.4245 93.0797 93.5102 94.3847 94.6159 94.6897 94.8278 94.6159 94.6159 94.6159
72.431 74.7959 77.1609 79.5258 81.8907 84.1523 86.0531 88.9856 91.2824 93.2376 95.0804 97.6394 100.1914 101.8613 103.8772 105.8457 108.249 109.8767 112.0581 114.2788 116.1439 117.9949 119.6786 121.397 123.2292 125.113 126.9288 128.1936 129.6285 131.5451 133.8095 135.2236 136.4797 138.0637 140.0213 141.5085 142.8514 144.1943 145.5372 146.8801 148.223 150.2135 151.5948 152.6276 153.9635 154.9957 156.3216 157.3436 158.433 160.0737 160.9981 161.4317 162.4538 163.4758 164.2674 164.5199 165.1653 164.9884 165.2093 165.3162
74.397 77.7643 80.544 83.9175 86.9836 90.0497 93.1158 96.1819 99.104 101.7301 105.0518 108.118 110.9815 113.586 116.4202 119.1786 122.1948 124.5821 127.2597 130.0208 132.7277 135.4595 137.8468 140.4179 143.3353 145.81 148.4675 150.6895 153.2713 155.8861 158.7394 160.8442 162.7975 165.6093 167.8857 170.2023 172.5896 174.9769 177.0693 179.1134 181.4671 183.8543 185.9172 187.305 189.6703 191.0676 193.4007 194.766 196.1312 197.5368 199.1975 200.5627 201.9905 203.629 204.8412 205.6953 207.0605 208.4257 209.5793 210.492
24.3901 28.0323 30.5506 34.2047 37.2708 40.3369 43.4648 46.8268 49.8154 52.8402 56.6675 59.7336 62.7997 65.9827 69.2895 72.594 76.0641 79.1302 82.3527 85.4558 88.3285 91.5746 94.8184 98.2361 101.5929 104.2792 107.3022 110.2793 113.215 116.2811 119.3472 122.6721 125.3581 128.2608 130.8197 133.7507 136.8168 139.8829 142.3851 144.7947 147.7965 150.8626 153.3082 155.7178 158.4157 161.1885 163.8737 166.2833 168.6577 170.8221 173.7968 176.0888 178.0204 180.9526 183.2798 185.4142 187.8238 190.1273 192.1714 194.2155
-69.602 -66.9237 -64.2455 -61.5268 -58.5095 -55.8312 -53.0458 -49.7803 -47.0133 -44.8794 -41.44 -38.7617 -35.9677 -32.8228 -29.727 -27.0487 -24.3704 -21.5347 -18.3632 -15.6206 -13.2779 -10.0964 -6.9214 -4.2432 -1.5649 1.3377 4.5517 7.0755 9.5276 12.2058 15.1503 18.3908 21.2406 23.9188 26.8968 29.6548 32.3331 35.3361 37.7359 40.3678 43.396 46.1038 48.7821 51.4603 53.9038 57.1764 59.2746 62.3118 64.9291 67.0478 69.7261 72.2627 74.221 76.8993 79.4346 81.6353 84.3135 86.9203 89.2314 91.2754
-136.1459 -134.512 -132.8781 -131.1804 -128.9601 -127.037 -125.6746 -123.5921 -121.693 -120.6034 -118.2084 -116.5745 -114.6356 -112.3067 -110.6728 -109.0389 -107.5628 -105.7574 -103.5386 -101.9047 -100.2708 -98.1337 -96.003 -94.3691 -92.7353 -90.7473 -88.8688 -86.9799 -85.1997 -83.8385 -81.6317 -79.6994 -78.0655 -76.4316 -74.3249 -72.5652 -70.9313 -68.4415 -67.189 -65.9894 -63.4738 -61.7618 -60.1279 -58.494 -56.2615 -54.6276 -52.9613 -50.7612 -49.1273 -47.4934 -45.8595 -44.1272 -41.9931 -40.3592 -38.8178 -37.4927 -35.8588 -34.0474 -31.9924 -30.3585
