Resources/Map/Lvl0_30x30/Ele_EL.asc
ncols         335
nrows         335
xllcorner     16805000
yllcorner     -6725000
cellsize      10000
nodata_value  -99999.0
[rows 182 to 207 of 335, columns 116 to 173 of 335]
-4632.6772 -4454.105 -4143.5244 -3741.0583 -3572.0037 -3812.9443 -4210.7427 -4488.9136 -4624.7251 -4728.4648 -4741.3164 -4701.543 -4683.2192 -4689.9897 -4706.7036 -4676.9048 -4593.8301 -4503.5503 -4431.6504 -4400.3159 -4391.4507 -4359.6421 -4277.3335 -4240.2949 -4276.7563 -4285.2769 -4251.4434 -4242.0112 -4248.3447 -4307.6191 -4353.2617 -4354.9819 -4362.7944 -4388.229 -4425.2798 -4457.1836 -4490.5513 -4504.3853 -4628.9854 -4802.4238 -5026.292 -4401.563 -3489.7981 -2623.8577 -1952.791 -1270.2683 -845.507 -1020.0273 -1063.5475 -787.4415 -534.4469 -260.3596 -214.5009 -409.6685 -804.1742 -1088.015 -1057.9174 -948.0577
-4401.7754 -4230.1211 -4065.4866 -3952.9438 -4116.877 -4298.1436 -4374.8501 -4414.918 -4561.9644 -4684.3848 -4730.2285 -4722.7041 -4692.0425 -4678.0562 -4657.3525 -4589.1963 -4500.4502 -4424.5313 -4376.0215 -4359.8994 -4359.7285 -4366.1484 -4337.9038 -4254.5859 -4185.3813 -4153.6597 -4111.3169 -4185.4551 -4268.8164 -4345.8037 -4430.9922 -4446.6836 -4422.915 -4432.416 -4452.042 -4495.5972 -4544.1768 -4639.7534 -4817.7983 -5080.3521 -5325.6152 -4480.7617 -3177.1731 -2195.3318 -1714.2058 -1410.6354 -1285.4736 -1211.8683 -1038.4679 -622.8047 -416.6338 -324.8225 -412.8895 -798.4199 -1093.5216 -1153.6215 -1123.4465 -1021.8428
-4269.8452 -4239.0225 -4205.5269 -4061.0513 -4235.2163 -4525.0771 -4557.1665 -4539.7876 -4595.4287 -4613.3184 -4599.9404 -4565.7881 -4513.3066 -4462.769 -4418.1631 -4408.4858 -4368.769 -4255.6431 -4231.3398 -4300.8228 -4351.6372 -4366.9629 -4369.1484 -4319.9927 -4227.5996 -4171.0991 -4202.9663 -4274.1821 -4261.6113 -4311.5864 -4393.8784 -4416.8711 -4433.1646 -4424.2148 -4418.5825 -4550.9316 -4706.561 -4777.6626 -5036.1699 -5416.269 -5464.6523 -4075.0962 -2404.7725 -1697.7012 -1344.4216 -1169.1338 -1270.8789 -1207.3198 -863.3742 -454.0712 -381.4229 -772.3956 -1154.3434 -1438.8689 -1493.3282 -1380.2855 -1319.6962 -1269.1329
-4293.3296 -4466.9727 -4435.5049 -3921.7859 -3809.9773 -4309.9331 -4611.5166 -4607.1792 -4574.4263 -4473.6245 -4395.2778 -4400.5337 -4419.1587 -4429.8828 -4355.2881 -4262.2886 -4222.292 -4192.0317 -4257.9604 -4364.7275 -4410.7891 -4406.8232 -4415.626 -4431.2686 -4391.2178 -4295.0737 -4252.7974 -4269.3857 -4334.6206 -4379.229 -4296.2979 -4325.1426 -4467.8394 -4479.5039 -4481.1895 -4594.4287 -4711.3018 -4834.0928 -5173.1768 -5512.8335 -5387.4795 -3840.2649 -2313.2629 -1677.7079 -1425.9683 -1265.2008 -1096.7438 -892.5862 -635.2703 -573.0059 -823.4261 -1468.2404 -1746.6207 -1817.1283 -1850.0966 -1683.5786 -1503.9259 -1409.13
-4627.7915 -5056.042 -5202.0781 -4752.6704 -4172.3384 -4091.8184 -4334.7007 -4491.0386 -4536.2412 -4476.3516 -4440.9922 -4524.3037 -4560.5151 -4525.2778 -4390.6709 -4222.9424 -4159.3203 -4203.2827 -4316.3657 -4412.8003 -4440.5654 -4453.0518 -4472.2837 -4475.1465 -4453.5684 -4411.3149 -4392.5669 -4453.3232 -4514.6904 -4490.4917 -4387.9014 -4410.1318 -4516.3647 -4502.9517 -4495.397 -4612.3354 -4706.4297 -4893.4795 -5274.5029 -5564.7061 -4947.3589 -3607.0107 -2495.8652 -1886.3447 -1705.1185 -1602.317 -1387.6743 -1151.4606 -1099.2668 -1417.5911 -1669.5156 -1925.2813 -2011.4655 -2050.3196 -2045.7174 -1874.9988 -1689.1288 -1552.1248
-5015.1841 -5490.0654 -5688.7778 -5386.377 -4667.9111 -4171.3721 -4179.5356 -4315.7896 -4458.8999 -4448.7544 -4427.396 -4467.3745 -4440.5747 -4346.8491 -4240.3394 -4203.6416 -4211.2969 -4241.0137 -4341.9932 -4449.1294 -4487.5127 -4518.6494 -4509.1328 -4447.1475 -4434.2441 -4520.3906 -4600.436 -4649.2026 -4692.771 -4705.0244 -4686.3774 -4583.7979 -4547.791 -4488.9507 -4435.5005 -4465.3149 -4681.8945 -5082.4546 -5389.0034 -5087.4189 -3910.1113 -2875.1228 -2028.985 -1855.7407 -2095.2058 -2094.2502 -1828.3516 -1577.7373 -1719.5491 -2011.9302 -2001.8003 -2137.3418 -2227.9766 -2288.969 -2235.0769 -2070.1399 -1897.6232 -1674.3971
-5319.9238 -5619.0244 -5586.9917 -5194.041 -4742.4888 -4542.356 -4546.1392 -4538.0864 -4501.042 -4516.1831 -4560.3057 -4516.7285 -4342.4702 -4196.0679 -4195.1045 -4239.1782 -4249.1973 -4259.4136 -4350.1831 -4464.3188 -4510.8286 -4535.4307 -4518.0806 -4477.2217 -4498.6733 -4609.2646 -4719.1626 -4764.23 -4790.9897 -4827.6318 -4844.7998 -4729.9175 -4480.3677 -4305.5552 -4188.7529 -4215.0186 -4659.3076 -5334.9243 -5305.5034 -4545.8008 -3739.2151 -2724.8552 -1830.8734 -1877.7726 -2545.5894 -2667.6045 -2238.6565 -2221.5742 -2249.3979 -1869.9503 -1716.6588 -2237.6682 -2434.5942 -2418.583 -2366.5747 -2286.2271 -2077.2419 -1657.2538
-5412.4263 -5379.562 -5138.2412 -4854.6719 -4781.4883 -4791.6201 -4720.6553 -4631.0957 -4558.7881 -4541.5425 -4542.4277 -4524.6636 -4374.3687 -4221.543 -4219.144 -4268.4985 -4272.7417 -4307.4585 -4404.0005 -4488.1021 -4493.0356 -4484.3081 -4509.6714 -4504.2686 -4442.5576 -4491.4111 -4630.5005 -4689.6865 -4741.4253 -4853.8467 -4849.6313 -4666.9189 -4374.3193 -4202.4194 -4172.7861 -4498.2271 -5050.1567 -5495.3281 -5075.7515 -4070.9192 -3092.2212 -2446.0605 -1983.9033 -2369.5151 -3098.9846 -3267.1025 -2857.6721 -2781.3379 -2347.2402 -1925.8784 -2161.8286 -2496.3184 -2443.6851 -2356.7986 -2388.4468 -2400.6409 -2242.5342 -1833.6749
-5268.0215 -4958.1548 -4668.8428 -4546.1895 -4580.6401 -4582.3799 -4558.1777 -4572.3452 -4476.8291 -4370.8232 -4231.4473 -4254.6206 -4339.353 -4403.7183 -4349.7197 -4309.4912 -4300.0049 -4308.104 -4373.2188 -4441.9619 -4425.519 -4396.0454 -4420.5068 -4349.335 -4194.8062 -4291.8486 -4513.4053 -4518.0283 -4494.7666 -4584.0366 -4588.7637 -4508.5381 -4430.9844 -4444.5303 -4535.188 -4970.5972 -5526.0254 -5697.333 -5085.9141 -3852.074 -2532.5317 -2257.9463 -2319.2349 -2879.1931 -3337.6055 -3278.3838 -2951.7935 -2665.5171 -2278.2412 -2397.5535 -2666.75 -2565.293 -2340.6672 -2288.9365 -2435.8926 -2420.948 -2167.8838 -1758.4871
-4846.854 -4605.3213 -4419.5205 -4364.3604 -4411.8574 -4440.666 -4452.0605 -4543.1919 -4487.9102 -4357.1714 -4185.1045 -4085.7983 -4138.4751 -4278.0811 -4400.5122 -4472.98 -4492.9297 -4522.0537 -4542.8311 -4461.7085 -4326.7534 -4273.3169 -4328.6255 -4296.8691 -4192.2837 -4356.5688 -4588.3862 -4507.3115 -4294.3057 -4172.7944 -4214.2817 -4360.7241 -4495.8364 -4612.1807 -4759.8174 -5193.9238 -5616.5615 -5330.5981 -4558.9463 -3396.9805 -2433.6667 -2410.1428 -2693.1323 -3305.6094 -3322.3877 -2809.8499 -2503.8652 -2716.6487 -2691.7656 -2772.7839 -2784.0269 -2486.9221 -2283.8704 -2350.5352 -2459.4209 -2219.0596 -1625.21 -1079.1434
-4448.271 -4463.4927 -4468.7295 -4494.9253 -4496.9321 -4480.3789 -4460.353 -4442.6831 -4468.2314 -4487.1191 -4441.7202 -4336.5083 -4250.1201 -4248.1782 -4354.9312 -4460.9341 -4540.1802 -4676.0068 -4706.0884 -4527.9609 -4359.96 -4315.0327 -4340.7759 -4320.9453 -4296.4678 -4453.9233 -4565.9443 -4427.9478 -4185.5146 -3988.3337 -4042.543 -4294.2114 -4473.4785 -4623.939 -4917.7964 -5447.2251 -5511.8823 -4590.7915 -3678.261 -2850.9663 -2322.9563 -2089.522 -2466.2632 -3336.2537 -3265.4246 -2498.2944 -2099.8406 -2581.7358 -2863.6921 -2881.752 -2709.624 -2438.2419 -2359.8416 -2437.696 -2378.0688 -1890.5404 -994.7423 -381.2294
-4303.7808 -4337.0786 -4561.4238 -4724.4614 -4580.9487 -4438.2705 -4394.2358 -4371.4844 -4432.2583 -4501.0205 -4516.2373 -4456.1558 -4425.3477 -4356.9595 -4270.4185 -4264.7676 -4319.2393 -4491.4482 -4675.5342 -4647.4663 -4494.6401 -4381.3037 -4323.8647 -4344.1919 -4455.75 -4533.1763 -4421.5688 -4210.7891 -4052.8875 -3983.1931 -4065.1663 -4285.7627 -4513.624 -4752.2979 -5174.0947 -5495.5942 -5011.2617 -3913.7456 -2866.8699 -2323.5847 -2059.0305 -1765.9863 -2307.8215 -3154.2502 -2865.6038 -2210.5828 -2254.4961 -2572.4233 -2869.4805 -2921.3186 -2734.7986 -2573.2561 -2512.3982 -2424.095 -2209.4504 -1661.1285 -728.3944 -217.5217
-4419.062 -4312.6665 -4514.3833 -4726.8291 -4600.314 -4441.3394 -4386.8574 -4395.9673 -4436.7451 -4470.8857 -4465.9351 -4439.0435 -4467.9663 -4401.0371 -4229.4443 -4116.8193 -4073.8486 -4176.209 -4418.8291 -4505.7988 -4404.603 -4304.1309 -4252.522 -4353.6382 -4567.9888 -4558.6875 -4298.8062 -4060.4106 -3999.126 -4046.7876 -4088.511 -4233.9756 -4571.1006 -4987.48 -5457.1313 -5415.0137 -4734.377 -3806.2292 -2865.6851 -2300.7307 -1881.845 -1724.8741 -2301.7585 -2986.1851 -2365.1855 -2053.8547 -2453.7869 -2675.2151 -2852.8206 -2880.7004 -2823.9084 -2776.1147 -2652.8464 -2377.3843 -1948.8857 -1278.298 -505.3427 -203.5052
-4439.9463 -4328.4888 -4517.8218 -4696.1235 -4617.2505 -4468.6626 -4288.1357 -4272.4429 -4466.4966 -4527.8154 -4538.8682 -4503.2607 -4507.1997 -4455.1509 -4316.6372 -4208.2212 -4152.0444 -4179.4692 -4262.2017 -4237.293 -4168.8481 -4170.1152 -4223.8135 -4352.0571 -4478.9429 -4453.4053 -4319.6221 -4172.355 -4112.0786 -4171.9141 -4214.748 -4377.9878 -4781.502 -5216.2061 -5667.2422 -5443.1938 -4667.4473 -3910.1755 -3087.3975 -2267.0537 -1649.5665 -1478.1365 -1965.2341 -2455.531 -2035.8257 -2140.8972 -2430.2412 -2768.3882 -2874.156 -2861.187 -2899.2966 -2831.6831 -2502.1082 -1985.3973 -1462.6273 -884.6727 -414.4819 -238.217
-4548.1631 -4549.3931 -4643.0015 -4617.291 -4469.0542 -4299.6011 -4053.324 -3933.0208 -4182.8579 -4357.9878 -4548.3501 -4472.4551 -4376.2163 -4376.9448 -4365.2681 -4344.915 -4303.6553 -4273.4028 -4311.749 -4303.248 -4247.8853 -4212.9756 -4235.9419 -4290.8745 -4280.0449 -4258.04 -4273.8833 -4258.6294 -4226.2954 -4326.5171 -4461.3872 -4640.6318 -4938.8481 -5276.4136 -5637.1523 -5354.7969 -4523.854 -3691.7324 -2759.887 -1839.9966 -1378.4132 -1330.8656 -1336.7119 -1641.2413 -1909.5712 -2209.7344 -2514.4932 -2846.3533 -2903.2336 -2864.7458 -2844.5684 -2668.9307 -2165.4719 -1607.5425 -1365.8342 -1091.751 -614.7543 -247.0196
-4669.835 -4721.8447 -4655.0015 -4513.5845 -4373.769 -4274.9985 -4192.1069 -4038.3943 -3988.7493 -4110.585 -4218.1748 -3958.2126 -3686.7866 -3778.8879 -4005.4292 -4126.5039 -4170.4424 -4215.3711 -4318.9634 -4391.3164 -4386.9194 -4297.4731 -4210.1636 -4150.8711 -4052.9109 -3956.2664 -3912.0701 -3948.3547 -4081.3601 -4312.7056 -4583.3901 -4835.2539 -5048.8701 -5341.4248 -5556.9932 -5110.3882 -4195.2222 -3337.646 -2530.5942 -1840.791 -1623.5309 -1485.0139 -1099.0717 -1440.7589 -2057.0762 -2419.676 -2641.0933 -2787.0134 -2902.1685 -2883.0476 -2779.0693 -2632.2261 -2214.9297 -1772.4044 -1519.5055 -1138.1769 -596.3785 -193.0082
-4652.0874 -4619.4487 -4465.4355 -4424.4634 -4511.4277 -4507.0698 -4443.8296 -4416.1484 -4384.7876 -4268.5596 -3883.0518 -3112.2014 -2480.1953 -2741.6074 -3451.511 -3953.8606 -4260.1611 -4402.8716 -4407.9048 -4318.3447 -4189.459 -4034.1104 -3972.3745 -3987.3328 -3939.8308 -3758.9709 -3530.1646 -3486.241 -3785.9609 -4251.7188 -4664.8301 -4988.2925 -5245.6909 -5574.8584 -5679.668 -5045.5581 -4058.5242 -3368.9458 -2975.23 -2525.7991 -2335.3809 -1916.6521 -1385.8585 -1672.723 -2241.3318 -2462.8447 -2565.5996 -2699.6089 -2854.5605 -2914.3992 -2856.3218 -2835.1592 -2602.6921 -2140.665 -1539.9233 -890.3323 -481.3218 -253.6745
-4688.127 -4586.1626 -4359.9521 -4248.2441 -4383.9971 -4465.9478 -4427.8374 -4481.7119 -4510.7573 -4336.2471 -3827.325 -2921.6602 -2250.6758 -2550.127 -3386.3523 -4021.5835 -4419.8438 -4574.2417 -4511.228 -4308.2515 -4064.6755 -3855.0784 -3806.3352 -3894.5894 -3982.2966 -3921.7463 -3699.624 -3594.4385 -3909.7197 -4431.502 -4852.2383 -5153.3574 -5489.084 -5854.2217 -5814.7686 -5056.6333 -4103.3682 -3491.9651 -3116.0464 -2680.355 -2586.2917 -2178.729 -1714.9198 -2021.0333 -2320.0747 -2372.7983 -2550.2866 -2711.7815 -2813.3044 -2929.9431 -2935.5779 -2923.7427 -2638.8213 -2035.4563 -1279.8258 -648.533 -448.8627 -391.3291
-4712.8267 -4668.6987 -4470.8853 -4231.6855 -4182.8286 -4246.9321 -4330.646 -4446.8613 -4465.7471 -4301.2275 -3945.3792 -3312.3218 -2851.4375 -3150.1235 -3848.6145 -4317.4102 -4481.855 -4430.4517 -4288.2871 -4161.0083 -4039.0579 -3910.2075 -3863.3325 -3901.1396 -3983.9937 -4008.6028 -3894.0093 -3795.7302 -4104.3462 -4632.5732 -5038.251 -5288.8525 -5618.7095 -5885.7358 -5713.9058 -4972.9063 -4127.9507 -3537.7864 -2902.0979 -2300.2566 -2221.6182 -1980.8898 -1795.6729 -2213.1392 -2498.8848 -2508.9766 -2609.9578 -2705.9385 -2846.9126 -2996.1035 -2973.1521 -2863.1626 -2484.2214 -1798.4762 -1035.3259 -539.5128 -404.607 -395.4977
-4652.7329 -4739.2749 -4570.8545 -4397.8052 -4366.6548 -4383.416 -4421.3262 -4421.395 -4350.3784 -4208.9873 -3783.6858 -3026.3464 -2660.8328 -3249.8918 -4129.7012 -4548.6084 -4423.7261 -4064.8203 -3809.2058 -3745.0537 -3786.7534 -3874.2673 -3958.5693 -3911.8582 -3799.1594 -3783.4988 -3785.9314 -3837.2244 -4283.7227 -4808.2085 -5133.5557 -5385.4268 -5705.4316 -5756.7681 -5324.5444 -4658.1514 -3988.7634 -3444.9446 -2792.843 -2153.7839 -1821.272 -1720.1273 -1953.1312 -2378.5718 -2583.1084 -2627.2283 -2712.8042 -2766.5881 -2890.647 -2979.3313 -2864.3904 -2603.7983 -2236.948 -1698.9537 -952.0913 -417.9009 -260.7864 -267.506
-4474.4692 -4705.3892 -4685.7778 -4600.7109 -4444.4199 -4289.5503 -4313.8931 -4353.4102 -4321.1895 -4224.6523 -3793.5627 -3070.3757 -2832.6487 -3456.2712 -4215.4937 -4479.3857 -4272.6489 -3938.8962 -3732.3054 -3592.6465 -3563.7144 -3759.8877 -3977.5652 -3990.9404 -3828.835 -3677.1392 -3619.98 -3750.4441 -4369.1138 -4849.2412 -5044.4902 -5303.437 -5607.4741 -5375.8809 -4724.2075 -4161.6816 -3666.5142 -3208.6262 -2601.0557 -1879.5096 -1456.0344 -1674.3479 -2166.6018 -2496.6406 -2629.2732 -2698.7832 -2786.7258 -2844.168 -2863.4653 -2841.5901 -2696.3271 -2288.7595 -1946.2915 -1685.037 -1036.5359 -387.4888 -129.0442 -124.847
-4420.0532 -4636.5576 -4681.3179 -4564.3242 -4283.1885 -4067.3201 -4172.0161 -4350.6221 -4373.3018 -4335.3667 -4163.0811 -3854.697 -3754.5161 -4015.0232 -4315.3452 -4381.0532 -4243.0112 -4061.5542 -3960.2869 -3806.5264 -3687.7654 -3781.9072 -3937.1985 -4075.2488 -4093.5188 -3917.2161 -3760.324 -3878.1125 -4481.4429 -4867.4438 -5020.002 -5324.5542 -5557.1416 -5037.6816 -4202.522 -3647.1802 -3239.4187 -2761.2734 -1929.7305 -1264.6068 -1320.2719 -1816.0571 -2252.8696 -2528.9031 -2686.3875 -2797.5481 -2886.3423 -2901.4602 -2847.6943 -2799.7698 -2644.3655 -2218.5466 -1964.2979 -1868.9689 -1285.7145 -523.0146 -102.7084 -46.8547
-4479.0845 -4455.4458 -4335.5938 -4219.979 -4157.0273 -4123.6108 -4213.8394 -4336.5269 -4335.7422 -4337.4351 -4351.1011 -4277.4585 -4194.2583 -4163.3926 -4140.4141 -4138.5684 -4165.2959 -4172.7993 -4152.9282 -4064.6633 -3953.571 -3859.1443 -3830.9446 -3994.5359 -4222.5752 -4281.7744 -4256.1904 -4414.646 -4738.7637 -4960.5566 -5150.6519 -5524.54 -5504.9478 -4721.6646 -3825.1719 -3075.1594 -2579.4333 -1904.6541 -1009.2156 -909.6226 -1568.0472 -2090.6892 -2380.5142 -2592.2397 -2789.6245 -2938.4058 -2997.6616 -2935.5317 -2855.728 -2832.0476 -2671.3245 -2255.5757 -1951.0547 -1878.1793 -1508.8865 -852.4656 -290.7419 -115.487
-4390.2295 -4253.4761 -4074.5886 -3964.6462 -4031.4507 -4157.6875 -4244.6016 -4279.9448 -4277.7266 -4258.124 -4185.4448 -4094.6968 -4040.5981 -3966.6523 -3805.1433 -3725.4736 -3931.8352 -4161.6157 -4120.5801 -4013.9675 -3980.0989 -3859.4307 -3752.7722 -3895.3167 -4181.3047 -4377.6904 -4468.1299 -4582.9858 -4779.7207 -4991.6558 -5229.4399 -5566.2485 -5180.4404 -4292.7217 -3388.6804 -2547.3191 -1794.8444 -957.91 -723.3489 -1277.9033 -2028.546 -2388.1887 -2587.2085 -2718.8953 -2886.6355 -3049.6416 -3056.8643 -2918.5134 -2838.9814 -2835.2004 -2650.5947 -2120.2358 -1644.5723 -1615.222 -1590.4133 -1162.7861 -558.861 -272.1029
-4305.2891 -4202.6548 -4102.2759 -4030.804 -4112.5698 -4250.6797 -4291.5322 -4260.5107 -4244.7207 -4150.0137 -3972.2432 -3934.0459 -3956.866 -3834.8176 -3603.1992 -3515.3647 -3792.6448 -4075.377 -3963.7344 -3844.5698 -3985.8855 -4002.2324 -3843.4431 -3880.729 -4140.0698 -4336.8618 -4455.3584 -4633.5757 -4898.2466 -5199.9531 -5384.9531 -5255.1396 -4489.7993 -3541.4211 -2713.5974 -2113.0007 -1305.8358 -883.8986 -1334.8944 -2006.2748 -2462.937 -2661.5935 -2849.5911 -2939.1426 -3044.8967 -3139.55 -3078.9172 -2912.9241 -2864.9028 -2896.1125 -2699.5715 -2121.0308 -1557.7936 -1471.4817 -1556.8273 -1240.0316 -701.667 -402.8171
-4361.353 -4312.2422 -4238.1968 -4185.0186 -4208.4775 -4269.0649 -4310.5635 -4284.4004 -4214.5449 -4085.323 -4002.9365 -4128.9683 -4196.064 -3970.2344 -3698.3359 -3662.1768 -3927.3232 -4219.0298 -4164.3032 -3963.489 -4007.8035 -4139.9019 -4065.7253 -4020.6389 -4172.8853 -4284.375 -4438.0244 -4757.6719 -5139.8813 -5461.1528 -5396.6914 -4716.644 -3613.0874 -2549.6438 -2130.5183 -1803.0562 -1479.3137 -1694.6809 -2149.2251 -2531.4385 -2790.7461 -2946.7546 -3099.4949 -3164.8159 -3227.2129 -3246.1287 -3180.9602 -3062.9712 -3007.4807 -3026.5273 -2865.9895 -2439.178 -1948.2286 -1656.3677 -1502.4088 -1164.7914 -703.9667 -413.2691
