Resources/Map/Lvl0_30x30/Ele_AI.asc
ncols         335
nrows         335
xllcorner     6755000
yllcorner     6675000
cellsize      10000
nodata_value  -99999.0
[rows 168 to 195 of 335, columns 128 to 191 of 335]
-24.8305 -24.8305 -24.5696 -23.8305 -23.8305 -23.775 -23.6609 -23.6609 -23.6609 -23.2458 -22.6609 -22.6609 -23.0606 -23.5767 -23.6609 -23.7537 -23.8305 -24.3216 -24.7649 -24.8305 -24.8305 -25.51 -25.8305 -25.9531 -26.6192 -26.9606 -27.6558 -27.9681 -28.6924 -29.6863 -29.9793 -30.7473 -31.5961 -31.821 -32.7965 -32.8305 -33.8305 -33.8626 -34.8305 -34.8434 -35 -35 -34.9518 -34.6331 -34.3366 -33.6609 -33.5086 -33 -32.8186 -32.3391 -32.6576 -33.9626 -35.8334 -37.3847 -38.4067 -39 -39 -39.0802 -39.5805 -40.4293 -40.2915 -39.6403 -39.3926 -38.7168
-23.9585 -23.8084 -23.5975 -23 -22.9416 -22.5441 -21.9331 -21.8084 -21.7331 -21.2017 -20.6169 -20.6169 -20.709 -21.2153 -21.7175 -22.3558 -22.8084 -22.9217 -23.4959 -23.8084 -23.9344 -24.5494 -24.9428 -25.585 -25.9513 -26.6206 -26.8084 -27.6202 -27.8084 -28.6643 -29.5181 -29.7893 -29.985 -30.7631 -31.7744 -31.8084 -32.6188 -32.8405 -33.8084 -33.87 -34.6169 -34.6169 -34.3595 -32.6756 -32 -32 -32.1863 -32.8568 -33.2219 -33.8652 -34.2575 -35.0838 -35.9795 -36.9278 -37.7541 -38.2337 -38.2337 -38.616 -39.0421 -39.0421 -38.5032 -37.0277 -35.7624 -34.9362
-23.8295 -23.2136 -23.2136 -23.1532 -22.7602 -22.1438 -21.7255 -21.1343 -20.6909 -19.7985 -19.1202 -18.9019 -19.2676 -19.8939 -20.5253 -21.4304 -21.908 -22.4651 -22.7864 -22.7864 -23.4439 -23.7864 -24.3381 -24.7274 -25.3728 -25.5728 -25.7415 -26.4248 -26.7509 -27.4594 -27.7603 -28.4941 -29.4947 -29.5728 -30.5388 -30.5728 -30.5829 -31.598 -32.3592 -32.3592 -32.3592 -32.3592 -32.2169 -31.3943 -31.6126 -31.8309 -32 -32.1985 -32.7864 -33.0196 -33.5728 -33.5728 -33.858 -34.4414 -34.5728 -34.4812 -34.3592 -34.3592 -34.2535 -34.1456 -33.8369 -33.1316 -32.9109 -33
-24.2356 -24.2356 -24.2356 -23.9527 -23.2356 -22.9087 -22.2356 -21.8646 -21.143 -20.6827 -19.7985 -18.7764 -18.6035 -19.5033 -20.4015 -20.8933 -21.4352 -21.7644 -21.9089 -22 -22.5026 -22.9245 -23 -23.5531 -23.7644 -23.9453 -24.6036 -24.7644 -25.5982 -25.7644 -26.6422 -26.7644 -27.4691 -27.7512 -28.5027 -28.5287 -28.7721 -29.5287 -29.5415 -29.7644 -29.7644 -29.7644 -29.6891 -29.4 -30.3781 -31.2084 -32.1086 -32.4713 -32.4713 -32.4014 -32.2356 -32.1554 -32 -32.2034 -32.5287 -32.1 -31.5287 -31.5287 -31.1505 -30.8862 -31.4119 -31.8965 -32.583 -33
-25.7172 -25.5154 -25.4481 -24.9748 -24.1791 -23.7573 -23.1677 -22.6289 -21.6069 -21 -20.5628 -19.5408 -19.124 -19.6313 -20 -20.4063 -20.889 -21 -21.4554 -21.7423 -21.9117 -22.5044 -22.7423 -22.7423 -22.9345 -23.5699 -23.7423 -23.7423 -24.5761 -24.7423 -25.394 -25.7165 -25.7423 -26.4431 -26.4846 -26.7392 -27.4872 -27.7423 -27.7965 -28.7423 -28.7676 -29 -29.1423 -30.1643 -31.048 -31.4661 -32.7185 -34.2577 -34.1869 -33.7799 -33.1756 -32.6594 -31.9066 -31.4568 -31 -30.5712 -29.8838 -29.7423 -29.8698 -30.3837 -30.8812 -31.561 -32.4328 -32.8982
-27.5641 -27 -26.7391 -25.7171 -24.6951 -23.9085 -23.4689 -22.6289 -21.6069 -21 -20.4406 -19.3895 -19.3466 -19.8611 -20.1469 -20.2797 -20.6898 -21 -21 -21 -21.4736 -21.7203 -21.7203 -21.7203 -22.2574 -22.4406 -22.6615 -22.7203 -23.3209 -23.4406 -23.4406 -24.0888 -24.4187 -24.4406 -24.4406 -25.4286 -25.4478 -26.1698 -26.4796 -27.1822 -27.5113 -28.1945 -28.5829 -29.5589 -30.3994 -31.649 -32.837 -34.2315 -34.3196 -34 -33.5032 -32.0047 -30.6968 -29.7736 -29.7152 -29.6923 -29.242 -29 -29.4949 -29.8554 -30.1085 -30.8446 -31.3239 -32.3841
-25.3204 -25.793 -25.6109 -24.8972 -24.1836 -23.3713 -22.6983 -22.4392 -21.7255 -21.3017 -20.6913 -19.7667 -19.6035 -19.9549 -20.6685 -21 -21 -21 -20.8149 -20.6983 -20.6983 -20.6983 -20.6983 -20.6983 -20.9233 -21 -21.5514 -21.9432 -22 -21.7418 -21.6983 -21.6983 -22.342 -22.3965 -22.3965 -23.0864 -23.0948 -23.1269 -24.0948 -24.1709 -25.0948 -25.1787 -25.9353 -26.793 -27.1095 -28.6368 -29.3504 -30.1402 -31.2451 -32.1895 -31.5222 -29.5163 -27.8901 -26.8475 -26.8875 -27.8599 -29.0543 -29.6035 -29.949 -29.7849 -29.1391 -28.8307 -29.1053 -30.6639
-20.9694 -22.106 -22.3524 -22.3524 -22.3524 -22.2372 -22 -22 -22 -22 -22 -21.6895 -21.3238 -21.1608 -21 -21 -21 -21 -20.5852 -20.3238 -20.3238 -20.3238 -20.3238 -20.3238 -20.828 -21 -21.2557 -21.8727 -22 -21.1442 -21 -21 -21 -21 -20.6872 -20.6762 -20.6762 -20.6979 -21.37 -21.7277 -22.3524 -22.3524 -22.4487 -23.0287 -23.1547 -23.7723 -24.0287 -24.2811 -25.5777 -27.2207 -27.8825 -28.314 -28.53 -29.2028 -29.7506 -30.5226 -31.7459 -32.2951 -32.2951 -31.9456 -31.08 -30.2396 -29.5652 -28.7074
-20 -20.1562 -20.6542 -20.6542 -20.8651 -21.5597 -22.1207 -22.3458 -22.3458 -22.3458 -22.3458 -22.3458 -22.3458 -21.8426 -21.3458 -21.3458 -21.1489 -21 -21 -21 -21 -21 -21 -21 -21 -21 -21.5166 -21.6542 -21.6542 -21.0943 -21 -21 -21 -21 -20.3681 -20.3458 -20.3458 -20.3458 -20.3812 -21 -21 -21 -21 -21.0568 -21.3458 -21.5542 -22.3458 -22.5983 -23.7999 -25.4905 -27.2913 -29.2176 -30.9082 -32.0956 -32.7151 -33.3084 -33.6033 -34.1261 -34.1372 -33.9625 -33.4236 -32.7686 -31.6523 -29.5659
-20.0798 -20.3679 -20.3679 -20.4719 -21.1213 -22.1203 -22.5885 -23.1365 -23.3679 -23.5206 -23.7357 -23.7357 -23.5587 -23.0497 -22.3492 -22 -21.4306 -21 -21 -21 -21 -21 -21 -21 -21 -21 -21 -21 -21 -21 -21 -21 -21.3391 -21.3679 -21.0125 -21 -21 -21 -21 -21 -21 -21 -21.0523 -21.4717 -22 -22.2084 -23 -23.2525 -24.1735 -24.9287 -26.0349 -27.2371 -28.2591 -29.1396 -29.7857 -30.3184 -30.5286 -30.8275 -30.8479 -30.5286 -30.1879 -29.5418 -28.6813 -27.8818
-20.1323 -20.7032 -21 -21.2829 -22 -22.327 -23 -23.2264 -23.7634 -24.2533 -24.6101 -24.6101 -24.3165 -23.8038 -22.9691 -22.1765 -21.6526 -21.1593 -20.7608 -20.3623 -19.9639 -19.3004 -19.0506 -18.7684 -18.3699 -18.5701 -18.6607 -18.6607 -18.6607 -19.328 -20.4673 -21.3118 -21.9524 -22 -21.4106 -21.3899 -21 -21 -21 -21 -21 -21 -21.0868 -21.6101 -21.6828 -22.1271 -22.6101 -22.7641 -23.2202 -23.5168 -24.2202 -24.428 -25.0516 -25.4404 -25.4404 -25.8692 -26.4404 -26.6248 -26.8303 -26.8303 -26.8303 -27.049 -26.6372 -26.2202
-20 -20.2388 -21 -21.2829 -22 -22.1923 -22.7318 -23 -23.2312 -23.5881 -23.5881 -23.5881 -23.5881 -23.2921 -23 -22.4527 -22 -21.4086 -20.3866 -19.3645 -18.0716 -16.5089 -15.422 -14.7506 -13.8424 -14.0395 -14.1762 -14.5105 -14.9315 -16.3591 -19.2217 -21.0172 -21.5559 -21.9769 -21.6021 -21.5881 -21 -21 -21 -21 -21 -21 -21 -21 -21.1096 -21.5881 -21.5881 -21.5881 -21.5881 -21.7625 -22.0449 -21.7642 -21.7642 -21.9227 -22.1762 -22.4283 -22.7642 -23.2371 -23.7642 -23.9771 -24.1762 -24.506 -24.4214 -24.1762
-20.0941 -20.5692 -21 -21.2829 -22 -22 -22.1976 -22.566 -22.7366 -23 -23 -23 -23 -23 -22.772 -22.2562 -21.7529 -20.718 -18.9862 -17.3529 -15.8005 -14.8795 -13.9039 -13.566 -13.144 -13.3331 -13.434 -14.2457 -15.2678 -16.2898 -18.3056 -19.4659 -20.488 -21.1004 -20.5853 -20.566 -20.5617 -20.1321 -20.1321 -20.1321 -20.1321 -20.1843 -20.566 -20.566 -20.566 -20.566 -20.566 -20.566 -20.566 -20.566 -20.3857 -20 -20 -20.2177 -20.566 -20.566 -20.566 -20.8337 -21.1321 -21.649 -22.1321 -22.1321 -22.1321 -22.1321
-20.1179 -20.6529 -21 -21.1539 -21.6831 -22 -22 -22 -22.3931 -23 -23 -22.7906 -22.544 -22.544 -21.7792 -20.5888 -19.0874 -16.8115 -14.2474 -12.2828 -11.6622 -11.632 -11.9519 -12.088 -12.428 -13.3117 -13.544 -14.3558 -15.3778 -16.3998 -17.0216 -17.9879 -19.0099 -19.088 -19.088 -18.6375 -18.6219 -17.632 -17.632 -17.632 -17.632 -17.7523 -18.632 -18.7069 -19.088 -19.183 -19.6491 -20 -20 -20 -20 -20 -20 -20 -20 -20 -20 -20 -20 -20.2812 -20.544 -20.7998 -21 -21
-19.6256 -20.1247 -20.6467 -21 -21.1592 -21.6783 -22 -22 -22.2052 -22.522 -22.522 -22.2823 -22 -22 -20.9494 -18.1204 -14.5856 -11.5964 -9.9255 -9.1903 -9.3432 -9.8468 -10.3662 -10.8679 -11.3892 -12.2897 -12.522 -12.9457 -13.8777 -14.4907 -14.9856 -15.5137 -16.0471 -16.0879 -15.6261 -15.0941 -14.5998 -13.5945 -13.1318 -13.1318 -13.1788 -13.6726 -14.1318 -14.3747 -15.6989 -16.2963 -17.2082 -17.7305 -18.2191 -18.5659 -18.7182 -19.0439 -19.0439 -19.2278 -19.522 -19.522 -19.522 -19.522 -19.522 -19.522 -19.522 -19.8148 -20.0439 -20.0439
-18.2167 -19.1193 -19.7608 -20.4999 -20.6524 -21.1635 -21.4999 -21.4999 -21.6965 -22 -22 -22 -21.7594 -21.4999 -20.4493 -16.4895 -11.7224 -8.8171 -7.9999 -8.3176 -8.8287 -9.3397 -9.4999 -10.2236 -10.4999 -10.8837 -11.3948 -11.4999 -11.9168 -12.4278 -12.9388 -12.9999 -12.9999 -12.9999 -12.0339 -11.5058 -9.4795 -7.4353 -5.4723 -4.9612 -4.5484 -5.0593 -5.6416 -6.7459 -8.2789 -9.6036 -10.1146 -10.7519 -11.9112 -13.296 -14.3182 -15.1699 -15.4997 -15.8844 -16.4997 -16.4997 -16.4997 -16.4997 -16.7471 -16.9997 -17.2692 -17.4998 -17.7913 -17.9999
-17.2168 -18.1141 -18.875 -20 -20.1457 -20.6486 -21 -21 -21.1879 -21.4779 -21.4779 -21.4779 -21.2479 -20.7372 -19.153 -15.5291 -11.5419 -9.1702 -8.246 -8.3479 -8.8363 -9 -9 -9.7236 -10 -10 -10.3774 -10.9017 -11 -11.409 -11.9362 -12 -12 -11.5071 -10.0075 -7.4202 -3.8424 6.3411 13.7197 11.976 12.8008 1.7356 -0.6581 1 25.372 -2.9116 8.9547 -3.5101 -4.1298 -5.1066 -6.0976 -7.2974 -8.8691 -10.2521 -11.0797 -11.6133 -11.9116 -11.9116 -12.6648 -13.4337 -13.9726 -14.4337 -15.0167 -15.4337
-16.6727 -17.5858 -18.5218 -20 -20 -20.327 -21 -21 -21 -21 -20.7621 -20.4559 -20.4559 -19.6788 -17.6217 -14.8139 -12.0576 -10.4086 -9.7204 -9.5441 -9.5441 -9.5441 -9.5441 -9.874 -10 -10 -10 -10.3701 -10.9096 -11 -11.4002 -11.9455 -12 -11.5697 -9.6121 -6.1296 -2.6232 -1.7207 -1.6219 0.1442 0.5573 -0.4841 -2.0108 -1.4547 -1 -1 -1 -1 -1 -1 -1.1452 -1.9517 -3.8023 -5.9616 -7.5398 -9.1179 -10 -10 -10.7205 -11.4559 -11.7015 -12.217 -12.7216 -12.9117
-15.7734 -17.2388 -18.5218 -20 -20.1727 -20.708 -21 -21 -21 -21 -20.8103 -20.3062 -19.7275 -18.7122 -16.9494 -14.6679 -12.7498 -11.5409 -10.785 -10.5662 -10.1939 -10 -10 -10 -10 -10 -10 -10 -10.3617 -10.4338 -10.4338 -10.8242 -10.8677 -10.8677 -10.0295 -8.7141 -6.8309 -6.8309 -6.8309 -6.7547 -5.7196 -4.5623 -3.3433 -1.8357 -1 -1 -1 -1 -1 -1 -1.1804 -1.9068 -3.0861 -4.5516 -6.017 -7.7252 -9.1229 -9.4338 -9.9287 -10.4338 -10.4338 -10.6772 -10.8677 -10.8677
-14.8454 -16.6506 -17.9335 -19.5782 -20.3049 -21 -21 -21 -21 -21 -21 -20.5408 -19.5188 -18.4967 -17.2584 -15.4935 -14.0188 -12.9968 -11.6139 -11 -10.7292 -10.1885 -9.5873 -9.4118 -8.9732 -8.372 -8.2354 -8.2354 -8.2354 -8.7388 -8.8236 -8.8236 -9.3659 -9.4118 -9.4118 -9.993 -9.5882 -9.5882 -9.5882 -9.512 -8.334 -5.618 -2.6227 -1.3441 -1 -1 -1 -1 -1 -1 -1.1312 -1.7524 -2.7744 -3.7965 -4.8185 -6.0171 -7.2744 -8.1017 -8.9067 -9.4118 -9.4118 -9.7418 -10 -10
-13.2131 -15.3099 -17.5218 -19.2829 -20.1189 -20.5893 -21 -21 -21 -21 -21 -20.821 -20.129 -19.107 -17.7644 -15.5713 -13.4729 -12.1881 -10.927 -10.002 -9.3783 -7.6603 -4.9628 -2.7933 -1.9967 -1.1299 -1.3795 -2.0032 -3.6445 -4.8046 -5.4845 -6.1082 -7.6538 -8.3556 -8.9793 -9.988 -10 -10 -10 -9.9238 -8.7653 -6.276 -3.6884 -2.7305 -2.2205 -2.2205 -2.2205 -2.0664 -1.6102 -1.7912 -2.2205 -2.3532 -2.7516 -3.3847 -4.4067 -5.4288 -6.1757 -6.8626 -7.8846 -8.3898 -8.7186 -9.2186 -9.7455 -10
-12.4336 -14.7165 -17.5218 -19.2829 -20.1928 -20.7525 -21.2207 -21.6323 -21.6323 -21.8948 -22.2646 -22.2646 -22.0876 -21.7118 -20.8107 -18.1733 -14.6704 -11.5513 -9.7543 -8.7322 -7.2945 -4.2671 9.7863 9.1118 8.4283 7.2471 5.6105 8.0246 -0.4488 -2.2236 -3.2456 -4.2676 -6.2116 -7.3117 -8.9445 -9.988 -10.0064 -10.6323 -10.6323 -10.5561 -9.56 -8.6563 -6.8445 -6.3648 -5.4113 -4.8968 -4.7511 -4.1717 -3.8968 -4.0059 -4.2646 -4.2646 -4.2646 -4.6492 -5.4141 -5.7899 -6.285 -6.8061 -7.182 -7.6945 -8.1982 -8.7224 -9.2144 -9.7503
-10.9831 -12.5973 -15.0752 -17.5051 -19.1958 -20.5596 -21.349 -22 -22 -22.4151 -23 -23.3005 -23.6543 -23.9836 -24.127 -22.848 -20.0209 -16.6015 -13.8183 -11.8746 -9.9565 -6.998 -3.0936 7.7074 12.6358 8.4991 8.997 5.9592 3.8684 -1.2958 -2.2236 -3.2456 -3.9831 -5.5987 -7.6234 -9.3259 -10.0101 -11 -11 -10.9238 -10 -9.8382 -8.6543 -8.49 -7.5899 -7.1723 -6.5747 -6.3086 -6.3086 -6.1146 -5.6543 -5.6543 -5.6543 -5.7873 -6 -6.2805 -6.8101 -7 -7 -7.5169 -8 -8.1939 -8.7272 -9.2092
-3.5999 -5.3905 -7.519 -9.8023 -12.0526 -14.461 -16.1743 -17.7675 -19.15 -20.6668 -22.2386 -23.4592 -24 -24.1629 -24.3237 -24.1465 -23.0621 -21.7785 -20.3712 -18.4635 -16.8641 -15.2914 -13.1333 -10.5032 -7.5265 -4.9574 -3.0869 7.8525 -2.1913 -1.195 9.2657 10.4813 1 3.2661 -0.1225 -3.5491 -6.6488 -9.669 -10.3236 -10.299 -9.9336 -9.2847 -9 -8.8357 -8 -7.9326 -7.6764 -7.5056 -7 -6.904 -6.6764 -6.6764 -6.6764 -6.6764 -6.6764 -6.8151 -7 -7 -7 -7.1673 -7.3236 -7.7031 -8.1887 -8.7329
11.4018 9.5579 5.4378 3.91 1.7739 -0.4798 -3.4989 -7.6206 -10.3785 -13.4262 -17.8138 -22.3261 -24.3361 -25.0499 -25.3968 -25.0145 -24.5267 -23.9837 -23.0849 -22.315 -21.4376 -20.4156 -19.182 -17.128 -14.255 -11.1889 -8.9125 -6.8684 -4.745 15.1628 9.3674 12.44 12.6917 9.6875 13.8234 9.9798 0.5397 -4.1883 -6.5837 -7.9581 -8.5736 -8.3016 -8.3016 -8.2521 -8 -8 -8 -7.9239 -7.5067 -7 -7 -7 -7 -7 -7 -6.7006 -6.3016 -6.3016 -6.3016 -6.3016 -6.3016 -6.4708 -6.6032 -7.2083
15.0956 14.7114 13.5228 13.9529 14.9694 9.2884 7.1382 8.5366 -0.4123 -3.7553 -10.2062 -18.4479 -24.0805 -26.2237 -26.342 -25.847 -25.3102 -24.4086 -23.3866 -23 -22.3425 -20.8309 -18.5671 -16.3915 -14.6761 -11.9765 -10.2691 -8.3765 -7.3007 -5.4496 -2.2822 12.4743 16.5084 10.8461 11.8044 6.5882 7.2431 -0.6555 -3.6675 -5.6353 -6.5592 -6.6458 -7.2796 -7.2796 -7.2796 -7.2796 -7.2796 -7.2796 -7.2028 -7 -7 -7 -7 -7 -6.707 -6.1597 -6 -5.6594 -4.9231 -4.5592 -4.5592 -4.9633 -4.8596 -4.7283
19.6557 24.9252 12.96 9.0576 14.1768 6.7479 6.5521 4.181 4.645 -3.1208 -7.3786 -14.9054 -22.0548 -25.392 -26.1223 -26 -25.4306 -23.9695 -22.6441 -21.7857 -20.3694 -17.4045 -14.183 -11.3032 -10.3532 -9.6946 -8.7254 -7.4943 -7.2575 -6.1813 -4.67 10.3517 11.5474 12.6848 15.8549 12.4412 12.7154 9.6908 3.413 -1.477 -3.9185 -5.3778 -6.3632 -7 -7 -7 -7 -7 -7 -7 -7 -7 -7 -6.7144 -6.1528 -5.6817 -4.5882 -3.2998 -1.9104 0.1211 10.6042 10.321 8.7727 8.1561
25.6006 27.062 22.9277 8.397 9.2117 12.0073 9.936 0.662 -3.601 -4.7245 -6.1832 -9.733 -14.5257 -19.2803 -22.2162 -23.3605 -23.1372 -21.9758 -20.8576 -19.3497 -16.8888 -13.7433 -10.6018 -8.6421 -7.6655 -6.8841 -6.5205 -6.2798 -5.5981 -5.2695 -5.0288 -4.3642 7.7342 12.3467 8.1766 9.6368 8.2201 12.1965 1.9768 -1.6993 -3.8858 -5.1203 -6.1423 -7 -7 -7 -7 -7 -7 -7 -6.7565 -6.2355 -6.2355 -5.8508 -4.9246 -4.0423 -2.2248 7.9108 9.0642 12.2408 11.9455 10.9819 9.8271 6.2072
