Resources/Map/Lvl0_30x30/Ele_CF.asc
ncols         335
nrows         335
xllcorner     -3295000
yllcorner     -25000
cellsize      10000
nodata_value  -99999.0
[rows 162 to 188 of 335, columns 0 to 60 of 335]
-5376.96 -5355.2798 -5361.208 -5325.4507 -5317.8174 -5307.4883 -5289.0752 -5271.7681 -5264.8032 -5258.0405 -5232.3926 -5222.8311 -5215.7261 -5177.3271 -5107.2871 -5036.082 -5033.9785 -5042.0728 -5016.6172 -4998.4321 -4985.874 -4983.3672 -4969.4458 -4935.8628 -4926.6294 -4939.6025 -4916.666 -4867.2905 -4923.7349 -4945.3003 -4849.8433 -4595.5957 -4658.1465 -4808.4521 -4640.6685 -4519.3726 -4539.0269 -4669.7715 -4550.9209 -4313.5513 -4262.3755 -4378.5977 -4526.9033 -4605.8608 -4548.0674 -4415.7217 -4118.8003 -3779.4912 -3706.7461 -4035.9666 -4010.2109 -3880.4749 -3937.3232 -3895.4429 -3795.4597 -3737.0042 -3604.5088 -3581.3833 -3565.0024 -3363.3064 -3211.8264
-5423.5654 -5433.4189 -5413.5918 -5335.5664 -5332.3296 -5292.103 -5294.5537 -5329.4277 -5306.9731 -5244.4868 -5217.9316 -5214.7554 -5207.897 -5183.1846 -5164.3066 -5110.7021 -5079.519 -5093.1387 -5053.5112 -5009.4995 -4985.6611 -4980.3184 -4966.6118 -4925.3711 -4950.7412 -4974.375 -4922.4473 -4798.0425 -4747.0977 -4859.5532 -4835.8472 -4652.5693 -4707.522 -4841.6055 -4595.5454 -4392.5635 -4446.8345 -4679.3276 -4596.8008 -4339.0947 -4386.2583 -4428.4902 -4356.5469 -4429.3662 -4509.5425 -4435.4619 -4225.2168 -3979.0166 -3964.832 -4173.7793 -4177.3428 -4082.2468 -4027.7297 -3888.7407 -3638.8635 -3484.0046 -3256.9031 -2805.1108 -2626.3794 -2789.6482 -2887.1458
-5420.0586 -5447.4492 -5409.5552 -5345.2788 -5356.0298 -5310.5781 -5310.5933 -5333.3608 -5292.6904 -5240.9951 -5245.9199 -5238.7344 -5208.6514 -5175.3174 -5178.8599 -5142.6113 -5109.937 -5132.6694 -5100.5728 -5038.4116 -4992.1309 -4954.0391 -4932.1699 -4905.6553 -4946.834 -4998.2979 -4981.4214 -4864.6611 -4776.6821 -4918.0352 -4972.7573 -4773.6064 -4736.2148 -4831.1118 -4737 -4429.3003 -4372.9175 -4630.8096 -4643.1934 -4423.7593 -4372.1914 -4432.7046 -4322.0537 -4329.3779 -4446.0566 -4412.8462 -4317.5605 -4164.4043 -4181.9297 -4268.5376 -4210.3965 -4067.1758 -3833.333 -3400.2161 -2637.3616 -2294.2952 -2117.7346 -1294.8446 -979.4013 -1742.6017 -2478.6821
-5391.9775 -5397.0894 -5399.6592 -5355.7979 -5358.7803 -5331.0806 -5295.4453 -5266.6865 -5245.3564 -5265.9238 -5295.3301 -5270.2246 -5209.2241 -5163.7891 -5171.9033 -5152.7739 -5138.9614 -5157.4961 -5134.749 -5075.8643 -5010.3999 -4949.2373 -4928.6509 -4916.7139 -4918.5054 -4938.1064 -4979.9731 -4928.8213 -4837.0903 -4930.0728 -4995.3237 -4841.3999 -4825.6768 -4843.3325 -4837.4658 -4632.623 -4475.6973 -4577.895 -4688.3955 -4554.5991 -4348.3872 -4445.9551 -4432.708 -4418.3726 -4402.353 -4363.2515 -4404.9282 -4336.7041 -4371.8022 -4366.2861 -4203.5195 -4054.6897 -3642.9932 -2509.4316 -1155.104 -807.2479 -630.0895 596.0652 1149.3458 -844.0162 -2180.5117
-5448.4585 -5381.1919 -5373.2427 -5324.6538 -5302.6201 -5281.6357 -5215.894 -5159.2578 -5208.5786 -5305.4971 -5297.71 -5240.0835 -5182.8257 -5161.0313 -5171.3628 -5160.8403 -5168.667 -5156.6147 -5124.3433 -5083.2686 -5025.3223 -4964.0859 -4933.7202 -4944.7183 -4973.8784 -4947.3867 -4957.3911 -4904.4985 -4799.3638 -4838.3882 -4893.0454 -4891.7886 -4972.1943 -4952.3857 -4916.6152 -4821.5215 -4652.7222 -4635.3267 -4676.6055 -4640.418 -4554.0605 -4589.124 -4557.6768 -4533.7852 -4441.5298 -4388.7622 -4366.2041 -4294.2041 -4318.0269 -4278.1196 -4123.7314 -3994.3074 -3323.2385 -1578.1392 -434.4508 -621.8157 -321.8231 1004.6329 1592.2024 -555.4134 -2179.0444
-5566.7173 -5472.4341 -5414.3965 -5388.0786 -5380.6387 -5332.6543 -5221.085 -5138.5947 -5210.1133 -5326.4082 -5314.1187 -5241.1206 -5172.4424 -5176.1118 -5200.0986 -5180.9639 -5162.6616 -5127.8779 -5099.21 -5068.0854 -5026.4058 -4974.0024 -4966.8618 -5003.4321 -4999.5278 -4974.3799 -5004.9907 -4877.4082 -4815.6509 -4858.8203 -4848.3315 -4884.373 -4938.6377 -4932.3877 -4912.251 -4878.5688 -4745.3218 -4703.0654 -4600.4492 -4607.8779 -4657.208 -4633.2017 -4588.1914 -4534.9985 -4427.043 -4411.9077 -4340.4541 -4260.2295 -4242.3247 -4184.2495 -4016.8684 -3651.7131 -2961.554 -1732.8712 458.8099 -1875.1589 -1906.9238 158.9283 170.539 -1656.856 -2851.0305
-5547.1548 -5505.667 -5448.7393 -5454.1577 -5474.3462 -5419.0156 -5349.1758 -5309.5469 -5349.7534 -5429.958 -5405.105 -5287.1357 -5212.6738 -5210.8975 -5213.8384 -5191.6885 -5184.7852 -5153.022 -5105.5698 -5079.3853 -5052.4155 -4997.7344 -4989.876 -5009.3467 -4954.9741 -4968.2539 -5006.6836 -4882.3296 -4898.355 -4949.2407 -4876.7373 -4942.3789 -4960.5977 -4912.3921 -4915.665 -4872.9609 -4785.2202 -4625.4844 -4568.6162 -4674.2217 -4662.4937 -4587.3081 -4533.3599 -4466.0894 -4382.7847 -4394.0151 -4300.6597 -4236.0972 -4178.6157 -4144.4541 -3939.4182 -3180.8071 -2545.4722 -2739.8809 -2908.76 -3224.9404 -3291.4797 -3038.0281 -2868.0168 -3101.5068 -3476.0728
-5426.5303 -5469.1514 -5443.0059 -5424.3896 -5419.4307 -5370.5688 -5392.6084 -5419.0889 -5445.4648 -5500.9116 -5473.5796 -5367.0786 -5311.2539 -5286.4912 -5247.6436 -5216.4243 -5217.0156 -5193.4673 -5135.2476 -5101.6353 -5071.9922 -5012.207 -4988.0078 -5008.7412 -4989.3169 -5017.7197 -4946.9829 -4853.8188 -4952.1064 -4996.7559 -4856.335 -4969.6602 -4967.3545 -4854.314 -4878.7192 -4866.1074 -4805.0923 -4665.7212 -4612.9839 -4671.4688 -4604.4292 -4567.3091 -4552.7197 -4486.8145 -4422.2539 -4439.5781 -4380.9038 -4331.3374 -4268.6904 -4232.7085 -3999.2415 -3316.5942 -2863.1201 -3206.1824 -3540.9155 -3759.1411 -3887.4133 -3856.6267 -3721.9146 -3747.6418 -3840.7893
-5395.8359 -5417.603 -5397.73 -5379.9434 -5364.4058 -5323.8374 -5364.7944 -5376.2998 -5396.5547 -5441.1758 -5432.5376 -5381.9326 -5374.8477 -5367.7944 -5318.9629 -5270.0488 -5251.4204 -5225.1938 -5162.249 -5126.0967 -5110.7646 -5061.6733 -5023.5991 -5001.2725 -4982.9419 -4961.9087 -4757.7827 -4721.4595 -4932.9619 -4958.8013 -4783.6743 -4876.3662 -4884.8545 -4783.8833 -4792.9233 -4828.3057 -4711.9814 -4677.3584 -4588.5371 -4609.9521 -4608.8862 -4574.5176 -4530.9312 -4504.5825 -4374.1709 -4373.374 -4392.7197 -4384.7251 -4343.9106 -4318.333 -4229.7212 -4066.5137 -3901.1787 -3854.6626 -3951.5039 -4099.8823 -4225.1909 -4198.2065 -4027.552 -4012.4421 -4014.2922
-5435.4775 -5410.2847 -5402.9438 -5427.042 -5417.3369 -5378.4189 -5364.937 -5339.0146 -5329.2168 -5310.6694 -5280.5317 -5268.8247 -5301.5288 -5311.0469 -5292.1606 -5259.9355 -5222.311 -5203.0107 -5225.2026 -5220.2324 -5179.8799 -5126.0474 -5084.9849 -5019.2139 -5000.2139 -4929.5137 -4711.9897 -4712.9521 -4918.7334 -4938.3369 -4837.646 -4818.689 -4843.811 -4801.9863 -4813.9834 -4844.8022 -4744.9858 -4731.8032 -4551.2842 -4631.4849 -4662.0542 -4601.4727 -4478.979 -4419.8892 -4271.7671 -4343.1162 -4407.2163 -4408.6982 -4376.8286 -4337.915 -4282.0527 -4284.5142 -4232.9771 -4114.0298 -4142.061 -4261.6436 -4357.7705 -4337.9272 -4202.3677 -4095.4053 -4050.0859
-5444.8281 -5438.5269 -5486.8213 -5482.0845 -5424.8906 -5405.5322 -5397.1611 -5393.478 -5383.4307 -5300.7393 -5239.5186 -5199.877 -5190.437 -5228.2852 -5254.6753 -5247.6724 -5178.1699 -5101.1704 -5149.958 -5191.7642 -5163.8096 -5129.8853 -5143.6396 -5159.6763 -5170.666 -5066.8721 -4871.2876 -4838.1479 -4989.3853 -5026.605 -5002.1963 -4873.6733 -4835.5552 -4756.8594 -4712.2085 -4746.5435 -4715.6387 -4582.5889 -4482.2637 -4575.1255 -4618.1685 -4619.9678 -4461.0366 -4465.0068 -4292.2617 -4340.0449 -4469.7891 -4469.8979 -4429.0781 -4416.6729 -4369.1016 -4361.2842 -4360.6631 -4252.6196 -4260.0977 -4346.1865 -4401.6987 -4317.98 -4218.7705 -4179.9307 -4123.7964
-5412.6465 -5423.1196 -5425.6167 -5429.6294 -5412.1392 -5392.7744 -5397.9458 -5380.9688 -5312.2495 -5241.0469 -5269.3501 -5269.7827 -5237.4243 -5263.0542 -5271.9443 -5268.2935 -5228.3755 -5151.0752 -5128.9648 -5118.5811 -5063.1074 -5050.7363 -5111.6641 -5126.9248 -5124.4834 -5109.1001 -5066.0469 -5054.1191 -5075.9941 -5050.5225 -5032.022 -4866.8062 -4847.1699 -4894.6836 -4814.9751 -4661.4805 -4548.2271 -4385.1646 -4517.0098 -4587.8301 -4584.6235 -4618.709 -4551.6162 -4577.7793 -4447.2065 -4394.1177 -4470.9717 -4452.8672 -4372.748 -4399.4497 -4436.8174 -4444.0371 -4453.4941 -4364.5796 -4347.6733 -4379.3882 -4387.4639 -4310.7813 -4272.5229 -4286.4224 -4237.6211
-5360.2573 -5344.791 -5316.7603 -5360.6919 -5412.082 -5382.6147 -5398.4282 -5401.4492 -5319.6875 -5261.4697 -5293.8657 -5307.1274 -5308.3213 -5288.2524 -5242.1606 -5273.4175 -5283.2383 -5217.7031 -5158.0884 -5084.6445 -5013.5078 -5031.6748 -5082.8198 -5057.9189 -5010.0435 -5016.5381 -5038.2021 -5053.3706 -5097.7568 -5087.7656 -5065.1611 -4975.0049 -4933.7363 -4938.2095 -4908.835 -4733.0537 -4564.4819 -4445.5225 -4527.5845 -4573.9087 -4549.3486 -4579.9805 -4535.5557 -4560.666 -4466.4121 -4440.2114 -4512.7021 -4456.1245 -4432.7759 -4464.168 -4485.7368 -4514.812 -4487.9683 -4441.0313 -4436.3755 -4398.3115 -4363.2651 -4335.1987 -4351.8154 -4351.6812 -4304.9736
-5267.0313 -5294.4678 -5339.0908 -5395.5229 -5412.4458 -5413.438 -5408.0435 -5410.0273 -5327.3345 -5269.168 -5311.9873 -5316.1089 -5316.5635 -5298.5938 -5241.1909 -5254.5117 -5261.6504 -5210.4902 -5177.4907 -5136.6538 -5096.9644 -5103.3008 -5109.0684 -5103.1055 -5034.0747 -4973.3037 -4948.9546 -4940.373 -4994.853 -5028.1084 -5029.4487 -4988.376 -4957.2632 -4981.0332 -5014.542 -4900.6147 -4762.8989 -4621.5317 -4690.0151 -4686.5972 -4603.9736 -4609.5933 -4561.8809 -4604.6431 -4437.7529 -4352.1963 -4513.5864 -4499.6855 -4433.9609 -4436.0161 -4464.5972 -4508.2666 -4471.7329 -4473.2612 -4492.2207 -4410.6831 -4363.2246 -4364.8022 -4369.5352 -4320.5049 -4288.0352
-5242.5112 -5279.5796 -5385.0688 -5408.2231 -5376.0107 -5456.4526 -5456.895 -5428.9619 -5291.3281 -5189.9028 -5298.3667 -5348.0923 -5345.2388 -5318.1963 -5262.5737 -5251.5293 -5251.6655 -5196.6357 -5158.6177 -5163.3076 -5121.9287 -5082.9868 -5103.7632 -5115.2461 -5054.1133 -5017.3545 -4994.1411 -4989.2441 -4953.7168 -4945.3218 -4947.4404 -4909.3022 -4890.0396 -4922.3911 -4935.9287 -4899.5454 -4889.8091 -4811.3125 -4820.1045 -4795.2734 -4734.3589 -4674.3726 -4607.0522 -4592.5601 -4448.6372 -4368.1738 -4528.1641 -4581.1382 -4471.5415 -4453.2202 -4474.0107 -4499.9478 -4473.1948 -4491.7173 -4488.3047 -4387.3242 -4368.6826 -4391.4829 -4371.6909 -4308.1548 -4282.041
-5472.9556 -5460.4297 -5512.3735 -5497.0952 -5454.8965 -5484.3628 -5482.3843 -5464.6997 -5420.5347 -5335.4063 -5338.3208 -5366.8813 -5358.6519 -5327.0039 -5285.7661 -5261.3838 -5240.9634 -5167.0703 -5156.0293 -5202.3535 -5162.2124 -5094.3433 -5089.127 -5051.3965 -5041.5029 -5075.9448 -5031.9736 -4952.231 -4897.0933 -4896.5352 -4925.3086 -4904.792 -4867.1401 -4817.2153 -4740.8296 -4727.3599 -4823.7285 -4783.0469 -4760.5762 -4785.4956 -4800.6499 -4686.7466 -4660.9678 -4693.5737 -4620.5259 -4571.4072 -4660.3276 -4651.8442 -4500.1128 -4429.5635 -4436.4092 -4478.5483 -4446.688 -4445.6279 -4468.3555 -4397.7891 -4398.9849 -4461.9941 -4466.8584 -4385.6758 -4316.2656
-5842.0801 -5772.6406 -5693.2041 -5617.332 -5578.6636 -5544.2314 -5506.2085 -5472.4639 -5465.48 -5413.3535 -5383.5879 -5388.9331 -5364.3979 -5334.0376 -5295.5552 -5265.9814 -5237.0034 -5161.438 -5149.5679 -5204.7578 -5198.6099 -5177.6313 -5142.4146 -5057.6821 -5038.7085 -5079.8716 -5060.5786 -4965.6924 -4896.4268 -4864.8447 -4870.896 -4905.1538 -4911.8008 -4809.0713 -4650.2412 -4634.3354 -4738.4292 -4685.7446 -4666.189 -4652.5659 -4675.7134 -4632.8994 -4640.5928 -4693.9629 -4729.3848 -4735.0767 -4755.5415 -4722.8857 -4592.6147 -4502.248 -4477.1836 -4510.5923 -4472.7207 -4435.9106 -4447.6953 -4419.124 -4438.7158 -4502.4224 -4495.9004 -4438.854 -4405.769
-5907.0825 -5874.916 -5800.3232 -5722.563 -5674.1914 -5629.7109 -5566.002 -5518.8008 -5502.8389 -5461.4131 -5436.6191 -5408.0317 -5368.7622 -5331.939 -5287.6992 -5284.9785 -5283.0454 -5252.3672 -5185.8018 -5165.6416 -5164.6826 -5213.3398 -5193.0757 -5113.5928 -5031.8496 -5040.0576 -5070.1592 -5057.2837 -5000.1519 -4923.2441 -4892.9824 -4915.563 -4921.3257 -4855.0293 -4746.271 -4778.5186 -4793.2085 -4666.7397 -4659.9116 -4641.0718 -4629.8901 -4705.7002 -4679.9814 -4584.6592 -4699.8818 -4756.7158 -4745.3198 -4682.9429 -4652.1509 -4654.0088 -4611.5288 -4562.8906 -4495.165 -4451.6255 -4435.4063 -4433.4346 -4484.4927 -4504.4438 -4470.2275 -4441.9312 -4457.4985
-5452.814 -5501.9888 -5581.0166 -5638.5376 -5676.8989 -5680.7007 -5609.229 -5539.4229 -5526.771 -5486.1821 -5458.5273 -5431.0938 -5396.7065 -5361.439 -5331.4404 -5323.5781 -5302.5088 -5283.3765 -5208.9829 -5186.7612 -5186.9189 -5201.7671 -5198.7573 -5131.3657 -5080.5796 -5099.6572 -5129.7852 -5084.6948 -4967.2168 -4934.5918 -4915.0605 -4886.5791 -4874.3662 -4836.1431 -4781.811 -4843.5156 -4789.7183 -4687.6162 -4703.1958 -4755.4136 -4733.9155 -4762.0308 -4755.5708 -4658.3008 -4746.2134 -4720.5532 -4653.605 -4611.2031 -4640.624 -4656.334 -4612.0815 -4584.6167 -4549.3652 -4522.0522 -4496.9688 -4491.4678 -4523.0347 -4520.7129 -4488.6855 -4458.4814 -4435.5259
-5245.9009 -5112.3384 -5165.8237 -5330.771 -5558.5635 -5640.4995 -5579.5854 -5482.5439 -5452.6113 -5464.2227 -5498.2764 -5475.1567 -5418.6978 -5399.0747 -5396.7871 -5373.1592 -5330.2534 -5308.6729 -5237.8599 -5202.2114 -5180.0513 -5151.3789 -5191.6895 -5163.7456 -5178.9688 -5212.376 -5217.8389 -5130.9106 -4981.0454 -4950.1499 -4947.2158 -4959.3188 -4935.4331 -4909.5464 -4814.3472 -4847.4888 -4807.4004 -4758.481 -4763.7622 -4777.1074 -4742.5854 -4783.0293 -4812.0425 -4741.5996 -4749.5005 -4720.2373 -4642.6353 -4633.9067 -4676.73 -4673.959 -4618.3535 -4589.0552 -4573.3794 -4548.3516 -4527.2441 -4533.0332 -4548.5298 -4564.3901 -4588.0049 -4563.5269 -4468.5684
-5473.2422 -5309.0039 -5291.6519 -5394.7148 -5565.918 -5628.9604 -5558.3735 -5416.8701 -5352.7939 -5413.7256 -5532.3389 -5482.6782 -5361.2402 -5367.187 -5442.6616 -5456.3599 -5415.9531 -5389.479 -5367.5371 -5342.5146 -5284.7271 -5244.5493 -5256.6611 -5233.9277 -5274.5303 -5245.0786 -5219.1465 -5176.0742 -5076.5161 -5020.4087 -5018.8848 -5051.2178 -4986.8843 -4980.2876 -4908.6377 -4852.5371 -4865.1914 -4877.5415 -4840.0576 -4760.4619 -4752.8389 -4803.7065 -4804.7935 -4767.3188 -4746.4233 -4746.4321 -4700.1094 -4685.7061 -4694.9165 -4665.9873 -4609.8267 -4589.334 -4591.1382 -4567.1807 -4553.5469 -4555.4028 -4563.9565 -4591.437 -4638.0859 -4642.6372 -4563.1299
-5459.8477 -5398.8174 -5426.1421 -5591.2642 -5653.8901 -5703.7637 -5687.2534 -5575.75 -5507.6396 -5484.4883 -5507.5615 -5487.5142 -5417.6045 -5397.0386 -5451.98 -5508.0884 -5489.2651 -5465.8271 -5485.918 -5470.5146 -5391.3901 -5364.9092 -5322.5039 -5260.6997 -5299.2075 -5228.3511 -5237.4663 -5251.4741 -5147.4829 -5070.7393 -5059.4443 -5083.6909 -4969.4893 -4935.5474 -4928.812 -4865.8608 -4890.8203 -4891.5234 -4889.1553 -4799.2734 -4799.6597 -4814.4185 -4792.771 -4811.3164 -4777.6313 -4762.9375 -4746.1973 -4727.0552 -4701.6782 -4660.9644 -4622.5137 -4623.1064 -4630.5 -4610.9785 -4591.4956 -4577.293 -4587.0776 -4585.6646 -4620.3989 -4658.3262 -4616.9702
-5448.9517 -5422.0498 -5384.2573 -5561.9795 -5608.8262 -5682.9995 -5699.0659 -5575.8262 -5495.6313 -5496.2476 -5493.3599 -5487.4258 -5462.6636 -5373.8516 -5344.2539 -5388.2046 -5386.2578 -5413.8828 -5515.1768 -5526.4556 -5427.6865 -5360.5264 -5258.8662 -5210.6563 -5280.2344 -5276.9434 -5269.7739 -5258.6587 -5167.2495 -5052.4404 -5035.167 -5118.7319 -5015.8369 -4971.3882 -4973.0322 -4927.0767 -4919.6812 -4851.3896 -4919.3687 -4869.2051 -4839.7852 -4816.4307 -4807.6299 -4835.731 -4799.6128 -4789.0635 -4777.5854 -4752.249 -4733.3052 -4711.6572 -4678.9375 -4689.1411 -4692.918 -4668.752 -4642.2769 -4630.8979 -4627.0186 -4571.0117 -4587.9487 -4644.4292 -4630.0435
-5506.0142 -5516.7959 -5495.0894 -5592.4458 -5599.041 -5653.8989 -5613.9956 -5393.4043 -5340.7261 -5431.4453 -5447.9268 -5423.103 -5377.7681 -5277.6367 -5231.2622 -5287.1582 -5298.5234 -5296.1328 -5379.5488 -5450.2632 -5418.1357 -5324.9917 -5192.2129 -5176.1035 -5238.4126 -5276.9375 -5206.8066 -5159.7822 -5128.3975 -5021.0166 -5017.6035 -5158.9028 -5093.7495 -5087.918 -5069.5063 -5002.6396 -4981.3535 -4913.6304 -4952.8882 -4926.1138 -4888.9424 -4856.4985 -4853.7222 -4859.7212 -4838.813 -4826.73 -4811.1992 -4786.3682 -4767.3696 -4753.6743 -4737.0977 -4749.1323 -4743.647 -4714.7778 -4700.2871 -4689.7109 -4668.4355 -4622.9937 -4619.3848 -4630.0015 -4623.4053
-5591.064 -5631.1064 -5619.9868 -5610.731 -5614.8711 -5650.4648 -5584.2261 -5418.9092 -5428.4282 -5484.897 -5466.7856 -5408.8755 -5350.1338 -5320.623 -5303.7109 -5335.9795 -5347.3218 -5312.9873 -5309.8682 -5335.7642 -5364.7485 -5321.3579 -5190.8921 -5178.8379 -5220.7246 -5244.1768 -5200.8315 -5179.4702 -5151.8896 -5046.4282 -5041.1597 -5165.8623 -5114.707 -5141.104 -5150.7832 -5087.6548 -5048.8726 -4989.9653 -4971.6919 -4991.5356 -4961.7852 -4919.2109 -4901.2192 -4889.0254 -4874.7734 -4867.4507 -4856.2905 -4835.1636 -4806.1177 -4777.3027 -4763.5254 -4783.0205 -4772.9043 -4746.4692 -4747.4458 -4733.6406 -4706.8159 -4684.813 -4667.5796 -4628.3267 -4611.1406
-5685.2002 -5759.5435 -5713.0371 -5617.0229 -5646.7871 -5693.9004 -5656.9507 -5597.8311 -5610.9937 -5616.4692 -5570.521 -5492.4644 -5427.334 -5441.7563 -5439.7056 -5399.0972 -5400.1753 -5406.7974 -5380.9819 -5353.8384 -5362.5664 -5311.6323 -5186.4473 -5196.3521 -5214.2192 -5239.5161 -5234.3682 -5216.1704 -5220.8911 -5181.5171 -5165.854 -5153.8652 -5143.707 -5203.5112 -5200.2852 -5158.3062 -5108.501 -5062.8379 -5034.8145 -5055.4287 -5028.811 -4990.8037 -4964.2065 -4939.0825 -4910.0557 -4906.9897 -4895.0073 -4868.1196 -4840.2407 -4801.6807 -4785.7339 -4814.2959 -4816.2764 -4791.3926 -4782.9727 -4770.4917 -4742.0498 -4715.5005 -4695.125 -4657.3574 -4637.8862
-5706.938 -5748.3213 -5700.5962 -5634.8262 -5677.3696 -5717.0132 -5673.5488 -5658.5879 -5668.4395 -5654.1074 -5629.0308 -5562.2715 -5490.8672 -5482.8633 -5484.3745 -5447.9233 -5454.1772 -5472.7227 -5439.5366 -5407.3535 -5392.021 -5340.7065 -5238.5938 -5248.3569 -5219.8589 -5229.4775 -5215.936 -5159.9463 -5180.8071 -5196.4443 -5191.8804 -5120.1226 -5138.2202 -5212.6021 -5184.1973 -5197.707 -5159.0776 -5120.3379 -5123.0747 -5111.4673 -5094.9038 -5059.9731 -5023.8872 -4995.4185 -4962.4063 -4948.8242 -4926.0078 -4899.9971 -4876.5781 -4858.6196 -4856.0283 -4856.7109 -4854.665 -4830.314 -4813.3691 -4798.7651 -4773.7319 -4753.9624 -4737.9326 -4711.9253 -4696.7852
