Resources/Map/Lvl0_30x30/Ele_DE.asc
ncols         335
nrows         335
xllcorner     -6645000
yllcorner     -3375000
cellsize      10000
nodata_value  -99999.0
[rows 108 to 134 of 335, columns 244 to 304 of 335]
267.7606 253.5113 244.0411 217.8678 136.5651 110.6507 123.7752 25.7037 23.1372 187.1083 137.595 172.2458 126.3746 155.9321 164.3664 122.0868 117.3 91.752 49.4547 26.052 12.5608 -12.827 -28.599 -138.2742 -424.5182 -825.2703 -1385.979 -2079.1982 -2630.7537 -3081.5532 -3418.3176 -3527.6777 -3627.8845 -3754.7241 -3694.0974 -3393.5142 -3572.8623 -4172.7666 -4140.4893 -4201.998 -4545.502 -4669.873 -4699.7422 -4703.2153 -4709.1299 -4732.4712 -4753.9492 -4777.3633 -4791.7505 -4806.5366 -4818.1289 -4828.939 -4836.5444 -4869.1436 -4884.3042 -4895.3174 -4915.877 -4945.9214 -4961.4912 -4948.6035 -4956.2817
276.7484 213.3902 199.6613 163.9955 146.2262 181.6284 89.5391 185.9185 104.5998 87.233 146.0149 119.9267 70.1515 133.1688 99.2631 92.1221 14.8274 54.9922 33.1962 17.1366 -7.7007 -42.6489 -202.9279 -768.4167 -1548.2275 -1841.2397 -2136.7971 -2593.1267 -2844.6611 -3181.8877 -3422.7593 -3634.9517 -3804.7117 -3983.8303 -4038.2766 -3851.0757 -3657.5125 -4228.3306 -4474.7256 -4551.9624 -4639.6655 -4635.5635 -4642.6074 -4674.9614 -4709.2559 -4739.4648 -4761.7075 -4773.7217 -4802.5581 -4826.2603 -4836.3398 -4855.3262 -4864.7969 -4874.7773 -4897.0249 -4915.6479 -4928.8481 -4930.3892 -4931.9492 -4943.1411 -4956.6089
270.6349 238.4825 210.9272 202.2935 214.2474 197.1826 196.0346 180.5512 66.9351 40.096 19.2109 88.2877 33.7544 85.9343 105.4345 35.6285 64.4098 40.1768 24.5183 -1.7786 -29.4415 -352.2213 -985.2613 -1770.3269 -2476.1619 -2724.4944 -2827.0164 -3059.5894 -3224.9387 -3363.929 -3472.707 -3746.6541 -3924.7666 -4155.5571 -4328.5181 -4282.3599 -4192.9771 -4470.626 -4575.5952 -4583.5996 -4594.2998 -4588.4102 -4599.2822 -4637.6895 -4697.104 -4743.7285 -4771.5234 -4783.291 -4794.4883 -4822.8149 -4839.8062 -4842.7183 -4852.1597 -4866.4902 -4881.2642 -4907.3838 -4929.5659 -4955.2085 -4979.1304 -5006.8252 -5033.4063
288.8546 241.98 245.7269 248.1949 201.7402 232.3489 248.8612 166.1223 143.8549 71.5728 19.5449 39.655 9.7488 58.6781 65.4297 27.0788 35.1649 25.3114 -0.6463 -15.9743 -110.3943 -827.504 -1660.5223 -2296.4929 -2893.4592 -3129.9897 -3079.4058 -3119.7385 -3280.0571 -3434.594 -3612.989 -3858.7146 -4006.2722 -4158.5176 -4337.0552 -4461.2695 -4495.7373 -4531.3389 -4497.9448 -4539.9473 -4575.3062 -4576.6592 -4596.7285 -4636.8354 -4682.0801 -4729.3042 -4769.2363 -4794.8623 -4797.3608 -4796.0063 -4832.3892 -4855.606 -4859.6714 -4867.3286 -4864.0581 -4890.813 -4921.3711 -4945.3711 -4939.7178 -4916.6172 -4983.8843
362.2166 272.8633 216.0064 194.5355 161.0404 206.1665 180.5343 210.2992 170.9276 77.9527 40.4943 91.896 91.6891 21.4917 14.159 8.4314 13.8398 -3.4343 -14.3012 -42.8965 -367.332 -1136.2461 -1847.5243 -2459.7002 -2913.5359 -3048.1433 -3189.7314 -3335.7849 -3484.1582 -3564.1099 -3771.1599 -3924.7793 -4041.5552 -4198.7046 -4273.0635 -4403.4858 -4473.5293 -4444.9331 -4447.1997 -4520.1533 -4554.9067 -4585.8384 -4626.7734 -4646.7153 -4697.2183 -4745.3203 -4771.9194 -4795.397 -4801.1665 -4770.7324 -4792.4917 -4852.5376 -4857.1836 -4829.9404 -4819.6548 -4874.625 -4917.186 -4927.209 -4921.2915 -4892.1782 -4964.6289
257.3959 259.6566 258.2711 230.1704 180.898 167.2421 194.9084 156.7701 129.6904 136.9127 141.6264 124.8589 31.2065 12.313 6.3218 10.4283 -2.8141 -14.366 -31.4923 -205.4536 -837.1999 -1538.7091 -2060.6162 -2496.5969 -2810.6248 -3070.2571 -3297.3623 -3461.4016 -3616.8296 -3729.6118 -3880.5388 -3978.4673 -4058.6204 -4178.811 -4246.6968 -4327.5981 -4388.9443 -4393.998 -4456.8677 -4515.7363 -4558.4897 -4584.9517 -4623.4575 -4657.9478 -4687.9355 -4722.0747 -4760.7944 -4788.23 -4805.5215 -4785.4648 -4776.2744 -4827.5093 -4843.9409 -4818.6938 -4806.3076 -4856.0386 -4919.9053 -4929.0083 -4952.8276 -5018.3271 -5058.8276
208.1319 189.6852 253.3389 238.7295 212.5476 132.0202 165.3485 158.6949 67.213 77.4148 92.1693 103.2001 27.6241 11.5734 9.8964 -1.7419 -11.3018 -26.6869 -134.5974 -591.616 -1303.2152 -1852.8076 -2271.3137 -2620.2883 -2930.6584 -3173.7705 -3314.448 -3489.1025 -3674.3286 -3839.8516 -3927.3677 -4014.7932 -4082.8892 -4187.1001 -4266.0649 -4313.9331 -4359.415 -4389.8999 -4455.4956 -4515.4487 -4554.5698 -4578.6938 -4603.0146 -4642.9141 -4662.9287 -4695.9321 -4734.3066 -4752.7417 -4779.0112 -4777.5698 -4760.98 -4788.8979 -4812.7832 -4815.6123 -4821.7637 -4854.2666 -4910.291 -4941.4102 -5007.8979 -5095.6714 -5065.8916
204.4258 209.6752 163.1341 208.826 205.6267 175.7102 117.4863 83.4154 100.1928 37.4596 65.4799 34.5595 11.7674 3.2813 -2.7721 -14.9591 -34.716 -112.7712 -443.4215 -993.9866 -1565.4332 -2021.7933 -2342.9082 -2696.4177 -3064.4875 -3320.9434 -3460.4058 -3603.4614 -3757.4541 -3897.1174 -3967.3354 -4026.7048 -4101.4326 -4174.7466 -4268.1973 -4241.1001 -4338.3203 -4403.8364 -4446.2939 -4514.4927 -4555.7319 -4560.8965 -4543.8838 -4586.1831 -4648.667 -4667.5547 -4693.1646 -4703.0181 -4716.272 -4728.625 -4720.8149 -4741.4463 -4776.7339 -4792.7251 -4820.1943 -4871.2783 -4988.2871 -5058.5215 -5055.2056 -5037.6035 -5006.8906
136.433 164.388 216.2594 176.3276 177.1168 100.774 75.0364 67.4557 28.8886 30.993 51.8263 22.8214 1.7329 -9.7899 -20.7354 -83.1191 -217.3688 -512.5302 -996.5953 -1469.3536 -1886.7784 -2248.4485 -2513.7434 -2821.4741 -3169.8271 -3391.5291 -3526.4858 -3666.3877 -3806.2791 -3919.1179 -3971.0969 -4010.2275 -4127.2451 -4181.3213 -4210.9917 -4216.3452 -4353.894 -4412.1841 -4453.1045 -4531.8403 -4517.8247 -4275.4775 -4139.0625 -4467.4102 -4624.458 -4642.3408 -4674.8467 -4665.2461 -4659.2964 -4674.439 -4672.147 -4705.147 -4765.5269 -4805.9287 -4867.5283 -4943.8857 -5055.0293 -5070.7183 -4990.8809 -4968.8213 -4977.4541
217.2712 161.4263 173.7962 169.3357 214.2383 97.6948 35.109 17.2164 31.9672 22.0903 9.1361 -6.6866 -13.045 -24.2797 -69.2065 -294.9272 -774.0974 -1194.4358 -1571.7074 -1942.3789 -2264.8579 -2554.2393 -2772.7397 -2986.2419 -3266.6138 -3459.0984 -3617.1238 -3741.3225 -3844.7935 -3917.2305 -3984.7827 -4049.1887 -4162.2998 -4204.3418 -4189.3643 -4267.4224 -4352.7173 -4413.6914 -4455.335 -4516.4829 -4495.7969 -3986.1011 -3673.6775 -4320.7397 -4623.8516 -4653.4644 -4693.2451 -4592.187 -4590.4302 -4653.8999 -4640.6592 -4704.3911 -4777.6509 -4879.8027 -4999.0015 -5031.9575 -5019.8813 -5022.2837 -4982.3076 -4965.1714 -4986.96
182.8231 174.8928 142.0446 96.9447 112.9834 83.0803 28.5567 14.0985 10.2028 -0.0881 -24.9018 -29.6509 -46.0179 -138.3421 -357.7065 -790.0994 -1308.6089 -1608.2701 -1877.9553 -2246.551 -2579.856 -2834.9287 -3026.0366 -3198.4341 -3363.0955 -3523.7705 -3654.5139 -3794.0281 -3906.925 -3944.228 -4010.9519 -4115.1123 -4230.9395 -4271.418 -4304.5166 -4354.6396 -4364.7271 -4421.5386 -4429.7471 -4495.0205 -4668.6421 -4678.2368 -4481.0444 -4587.3633 -4703.4243 -4711.1685 -4699.6245 -4611.7354 -4619.6948 -4671.3984 -4676.4961 -4821.6309 -4928.8745 -4980.4434 -4949.7695 -4900.9741 -4883.854 -4918.5879 -4956.7974 -4972.9307 -5010.958
129.637 114.6581 140.2241 118.9658 69.3875 61.4418 27.4229 15.6834 2.1112 -21.0208 -118.5185 -185.6659 -263.4292 -595.1697 -1082.7218 -1485.5626 -1792.9352 -2006.1509 -2186.0859 -2456.5044 -2740.1733 -2986.9539 -3205.1213 -3380.7969 -3465.3713 -3583.2305 -3677.2007 -3807.8904 -3918.5515 -3930.8767 -4024.4963 -4184.3174 -4270.0005 -4293.5508 -4313.6323 -4336.4946 -4403.667 -4436.187 -4455.6606 -4499.1045 -4628.1167 -4753.1543 -4728.9116 -4764.4365 -4809.5439 -4832.0625 -4862.9243 -4834.2827 -4742.7788 -4700.0757 -4845.8931 -4953.6392 -4966.5967 -4871.5005 -4820.4692 -4830.1406 -4862.0317 -4892.5425 -4920.6382 -4960.6357 -5029.0781
156.5128 103.9982 113.1192 82.565 76.6554 26.036 12.692 14.2337 -5.7214 -30.7213 -267.3293 -637.9114 -855.3276 -1210.1946 -1723.4205 -2010.9617 -2193.7266 -2365.0085 -2493.0339 -2676.2708 -2860.8357 -3053.8274 -3270.8911 -3443.5972 -3546.7319 -3645.2463 -3721.9885 -3816.377 -3874.353 -3906.8811 -4018.7473 -4189.2432 -4275.1104 -4277.4702 -4275.1514 -4334.6626 -4409.3687 -4440.2202 -4500.4604 -4520.979 -4521.4727 -4613.3232 -4732.6304 -4748.4263 -4746.9756 -4802.3472 -4795.8501 -4753.1147 -4606.6792 -4405.1851 -4668.3848 -4859.6069 -4780.4199 -4728.9922 -4799.0938 -4840.1216 -4859.9302 -4895.7974 -4927.7109 -4993.2144 -5060.7476
205.4982 138.9385 87.6705 89.1168 50.5391 43.6348 10.3445 -1.4117 -18.2192 -92.3731 -440.969 -1072.9551 -1467.5369 -1720.9763 -2047.5425 -2280.1494 -2482.0098 -2688.1387 -2783.2905 -2862.353 -3001.7673 -3127.5386 -3299.8369 -3482.4763 -3619.333 -3728.2422 -3782.7832 -3833.8518 -3861.7729 -3934.1116 -4058.6631 -4217.4966 -4281.3628 -4259.1895 -4253.9019 -4362.8853 -4431.2197 -4494.6812 -4534.1777 -4537.8521 -4573.0757 -4632.0059 -4716.4097 -4722.8423 -4623.4082 -4652.2183 -4672.252 -4739.0317 -4781.7915 -4637.8247 -4716.4023 -4788.4136 -4614.2505 -4664.7227 -4796.2637 -4852.4648 -4899.3784 -4953.9873 -4971.2788 -5028.4409 -5068.1626
145.3014 124.8465 97.5195 57.5281 31.1873 16.1042 7.1199 -13.9582 -78.5837 -364.1011 -966.321 -1569.7064 -1802.2427 -2023.2866 -2344.6394 -2559.6763 -2763.4641 -2968.0151 -3024.468 -3036.6572 -3140.6323 -3254.6172 -3360.4775 -3513.6846 -3679.8108 -3814.6206 -3873.106 -3893.968 -3944.9204 -4044.4553 -4133.3911 -4276.4785 -4300.6572 -4297.4717 -4301.1689 -4410.7344 -4498.8276 -4598.9106 -4638.4824 -4630.251 -4665.2891 -4721.4419 -4739.7583 -4635.2207 -4586.6724 -4616.3789 -4681.8491 -4810.9556 -4831.0742 -4747.2998 -4773.917 -4807.0322 -4752.2095 -4761.8359 -4811.4951 -4839.0796 -4916.4629 -4975.188 -4979.1313 -5008.3711 -5032.6406
165.9704 124.6965 91.0592 41.7364 17.1374 12.9768 -8.473 -58.428 -327.9707 -920.0204 -1561.8251 -2003.8567 -2112.6597 -2230.9978 -2534.7322 -2799.6792 -3035.7932 -3217.5518 -3230.4814 -3212.1914 -3276.5637 -3401.063 -3504.2886 -3615.9678 -3741.1477 -3870.4619 -3932.6895 -3962.8027 -4046.0623 -4100.1792 -4191.4287 -4295.9189 -4289.2051 -4332.3237 -4346.5591 -4487.2017 -4565.6509 -4629.3232 -4673.771 -4689.7778 -4710.5205 -4696.5576 -4597.4663 -4579.2979 -4663.8057 -4676.8979 -4751.6123 -4863.5771 -4702.6118 -4507.7373 -4532.998 -4654.4912 -4729.4561 -4776.2114 -4832.3271 -4880.3179 -4899.1577 -4945.3584 -4953.2227 -4933.313 -4931.98
102.64 129.1315 82.9056 33.9221 10.5824 -4.2675 -49.5729 -240.3868 -786.4927 -1519.0797 -1983.9119 -2286.7898 -2459.0264 -2494.7698 -2683.2847 -2952.2593 -3193.1204 -3363.0891 -3369.5601 -3348.4263 -3412.8298 -3509.4631 -3628.0151 -3753.9272 -3827.2358 -3908.209 -3977.9873 -4021.1094 -4080.4888 -4087.1921 -4204.3955 -4293.8608 -4272.8066 -4364.7871 -4394.9844 -4541.4751 -4584.8994 -4603.791 -4651.9624 -4638.7056 -4634.0664 -4538.2402 -4361.6113 -4552.8423 -4729.1704 -4743.3086 -4812.5063 -4861.5166 -4661.8599 -4369.6714 -4155.9492 -4184.1797 -4313.3398 -4339.6035 -4479.0396 -4775.0352 -4804.0205 -4852.3193 -4860.6606 -4726.0605 -4696.7788
121.0118 68.5755 46.0145 20.2649 11 -24.4211 -185.0597 -625.129 -1250.4794 -1849.2509 -2245.6274 -2510.1643 -2697.3296 -2770.6084 -2885.3406 -3070.2576 -3264.1218 -3416.3037 -3461.2129 -3459.6345 -3537.1133 -3608.6836 -3704.0681 -3844.4937 -3916.5847 -3920.2771 -3901.7461 -3996.6162 -4090.4631 -4148.3809 -4247.0674 -4213.6289 -4025.2734 -4203.7329 -4436.0474 -4539.647 -4534.7813 -4562.9937 -4623.4111 -4588.8594 -4585.4053 -4560.7051 -4505.3384 -4613.9995 -4699.8086 -4758.3545 -4815.0581 -4789.2437 -4655.5234 -4502.3765 -4218.8379 -3956.447 -3960.188 -3874.5664 -4085.7034 -4616.0684 -4614.5674 -4628.5791 -4711.4829 -4663.3091 -4719.5166
96.5481 75.8147 24.2482 12.2047 -7.6045 -110.1415 -522.5635 -1150.5316 -1669.0194 -2047.9025 -2364.1555 -2676.0728 -2866.5452 -2994.5293 -3096.2957 -3170.0195 -3291.6597 -3425.8398 -3525.0078 -3565.1011 -3639.0918 -3699.7629 -3770.4336 -3867.3884 -3930.1609 -3896.9209 -3679.8687 -3738.3633 -3976.5269 -4174.0376 -4276.356 -4150.9668 -3793.9443 -3987.8052 -4424.1841 -4525.4644 -4501.3188 -4529.7788 -4586.002 -4569.0757 -4573.3364 -4597.8369 -4633.7944 -4627.4424 -4667.9951 -4759.2231 -4825.2739 -4757.2822 -4666.0615 -4598.7769 -4475.416 -4332.8374 -4288.7881 -4154.3306 -4246.3013 -4375.2056 -4226.7158 -4282.1035 -4533.5229 -4694.4668 -4801.3501
92.489 57.8193 29.2147 6 -23.1572 -271.7591 -994.0234 -1657.4281 -1979.1138 -2206.1401 -2448.8901 -2743.1082 -2984.5801 -3131.5034 -3234.0815 -3296.5613 -3345.5134 -3421.5325 -3549.5222 -3637.3975 -3711.2625 -3754.8975 -3806.6873 -3874.1541 -3917.4473 -3930.9011 -3687.1121 -3560.4092 -3894.2878 -4209.7168 -4293.6006 -4279.6777 -4201.7822 -4232.1289 -4423.1426 -4481.4067 -4480.022 -4494.3809 -4533.0918 -4545.8911 -4556.8667 -4589.0146 -4626.0127 -4631.2388 -4688.7344 -4782.3979 -4866.6978 -4813.2314 -4704.6802 -4621.7603 -4569.0269 -4484.1592 -4244.8501 -4119.5488 -4258.5317 -3938.2563 -3564.6843 -3728.5127 -4085.6919 -4240.4629 -4446.082
57.3521 42.2389 34.233 -7.0061 -56.0206 -455.7295 -1332.8185 -1909.0173 -2130.6624 -2318.1116 -2548.1521 -2778.0046 -3000.0554 -3193.2625 -3363.5012 -3496.3386 -3510.1106 -3469.9507 -3553.2966 -3662.8413 -3754.8767 -3804.5449 -3840.8445 -3893.8379 -3939.8525 -3982.3247 -3951.9072 -3835.4746 -4031.8508 -4280.0601 -4319.2813 -4346.6621 -4413.1309 -4424.0859 -4426.4507 -4235.3896 -4060.1362 -4112.5146 -4185.8872 -4329.7378 -4454.1157 -4566.6216 -4618.5654 -4633.8999 -4684.333 -4761.2188 -4827.0112 -4844.0889 -4805.4902 -4673.6196 -4606.543 -4517.6519 -4161.249 -3962.9912 -4031.8652 -3455.4338 -2941.0771 -3180.864 -3567.1563 -3640.2195 -3948.6113
81.1229 32.4829 4.2336 -31.6362 -189.7979 -766.3904 -1556.8561 -1942.213 -2145.3401 -2341.998 -2562.4294 -2787.1233 -3005.2075 -3219.6641 -3421.2883 -3583.7139 -3659.2622 -3638.1121 -3656.7693 -3715.4656 -3779.5559 -3859.6335 -3907.0964 -3950.7727 -4011.1023 -4070.8716 -4164.1709 -4122.1909 -4115.335 -4310.7607 -4359.5391 -4386.2896 -4426.1982 -4427.835 -4399.3408 -4094.7397 -3702.979 -3821.6191 -3795.5029 -3905.0769 -4053.7285 -4378.0161 -4574.8003 -4509.7705 -4557.1147 -4662.9775 -4758.5083 -4811.8701 -4842.2388 -4740.3911 -4615.084 -4521.8594 -4420.9648 -4375.7813 -4137.2705 -3309.9294 -2636.1533 -2919.1628 -3472.6379 -3534.7666 -3618.3123
71.3155 31.8032 -10.8318 -109.7701 -512.7278 -1205.9038 -1734.3875 -1949.9023 -2113.6553 -2356.167 -2641.4363 -2886.8354 -3074.5339 -3234.6777 -3417.2046 -3579.3481 -3704.7188 -3786.0562 -3787.7124 -3753.0464 -3793.1504 -3904.2109 -3977.636 -4038.1853 -4112.4175 -4173.0332 -4256.542 -4277.3984 -4192.4756 -4295.2808 -4390.1797 -4417.0747 -4431.7822 -4436.5776 -4364.8989 -4216.1069 -4022.7861 -4155.1587 -4040.2295 -3940.5815 -3883.5488 -4202.9907 -4342.6035 -3995.6724 -4181.9595 -4405.1377 -4575.3213 -4672.0791 -4758.1743 -4732.6782 -4614.1694 -4519.8203 -4520.3984 -4593.123 -4393.5981 -3657.9307 -2847.7224 -2964.3997 -3607.1177 -3846.3682 -3728.5349
30.4668 16.3125 -32.6654 -267.7182 -948.9659 -1635.3416 -1952.9489 -2036.8102 -2140.2021 -2419.1892 -2755.678 -3002.2813 -3146.2412 -3259.196 -3400.6211 -3577.8367 -3726.3237 -3824.4238 -3830.334 -3796.1125 -3840.1938 -3943.2139 -4026.9575 -4111.4194 -4188.7275 -4234.0576 -4266.4443 -4272.8301 -4238.0923 -4203.2944 -4368.915 -4459.3604 -4426.9907 -4441.5259 -4234.6577 -3745.0811 -3722.323 -4199.7676 -4357.7998 -4310.6733 -4226.7383 -4295.4297 -4054.1782 -3586.356 -3544.1697 -3638.9548 -4024.1184 -4281.7949 -4718.0503 -4760.771 -4655.0605 -4618.3438 -4596.3306 -4627.4575 -4559.0654 -4122.0337 -3422.6665 -3271.4707 -3768.9805 -4083.9397 -3947.4529
24.7219 -4.6292 -97.5072 -553.3461 -1411.8584 -2014.5493 -2218.2136 -2250.4116 -2367.7783 -2636.0039 -2918.0081 -3121.9407 -3252.0181 -3364.1599 -3451.197 -3587.8621 -3749.3579 -3833.9114 -3853.6501 -3891.6384 -3959.2278 -4004.8103 -4061.6584 -4132.2485 -4199.166 -4249.0439 -4264.25 -4255.5317 -4253.8804 -4171.77 -4284.0181 -4381.1938 -4401.646 -4433.3682 -4223.8354 -3190.6914 -2630.7964 -3561.6611 -4272.9116 -4399.5283 -4350.2271 -4342.5796 -4151.8618 -3786.2751 -3165.9363 -2820.9023 -3518.8623 -4083.4565 -4739.8677 -4810.9873 -4695.792 -4637.6426 -4514.1289 -4492.9238 -4590.4233 -4426.2549 -4045.7986 -3858.4128 -4001.6406 -4038.9592 -3809.8281
10.813 -30.8593 -269.4541 -1039.8438 -1865.1158 -2307.708 -2481.0396 -2593.9177 -2752.9592 -2930.0669 -3080.0786 -3233.9219 -3389.0127 -3516.2354 -3583.7278 -3658.4038 -3787.1436 -3874.7295 -3920.1094 -3962.2126 -4025.4766 -4069.3027 -4114.0283 -4161.0674 -4176.9458 -4225.9307 -4250.542 -4266.999 -4285.9648 -4276.2646 -4233.1606 -4109.9146 -4307.3921 -4426.9771 -4371.1055 -3596.0527 -2648.9536 -3278.1987 -3997.595 -4327.645 -4368.249 -4378.978 -4343.5894 -4034.7307 -3523.1672 -3096.0801 -3786.1165 -4284.1782 -4741.9321 -4820.5635 -4706.2031 -4556.2935 -4203.0688 -4172.9565 -4551.6021 -4577.9741 -4476.584 -4402.3779 -4307.2275 -4118.3882 -3883.313
-18.7645 -138.0006 -654.1464 -1601.6569 -2211.6257 -2479.5608 -2648.0759 -2856.3472 -3043.7141 -3151.7502 -3236.9922 -3349.6917 -3490.366 -3623.6128 -3682.0195 -3730.7537 -3826.3699 -3920.7297 -3984.438 -4013.7166 -4042.2527 -4085.9438 -4138.7393 -4179.5088 -4165.4741 -4206.7192 -4236.9946 -4279.356 -4326.7959 -4336.8594 -4299.2075 -4176.2241 -4308.7642 -4425.0532 -4421.543 -4211.3848 -3760.5537 -3903.9995 -3940.0549 -4095.043 -4386.0542 -4443.5581 -4421.7192 -4266.2764 -4097.2681 -3875.2776 -4227.4946 -4435.0068 -4728.1025 -4805.4155 -4665.4097 -4398.9014 -3846.1099 -3855.0535 -4448.5386 -4594.6016 -4605.3896 -4595.5605 -4551.48 -4457.7852 -4360.7808
