Resources/Map/Lvl0_30x30/Ele_FH.asc
ncols         335
nrows         335
xllcorner     3405000
yllcorner     -10075000
cellsize      10000
nodata_value  -99999.0
[rows 0 to 26 of 335, columns 60 to 119 of 335]
-5307.4844 -5311.0991 -5310.8374 -5305.6709 -5299.6016 -5294.7749 -5289.9233 -5281.9023 -5271.8765 -5262.1182 -5253.4482 -5257.7524 -5275.9185 -5294.7969 -5301.7695 -5297.8687 -5293.9502 -5294.1162 -5294.0605 -5296.4468 -5307.8579 -5320.7314 -5325.188 -5323.1494 -5319.1689 -5316.415 -5312.4346 -5302.752 -5291.5786 -5285.8516 -5284.7573 -5280.6948 -5271.9063 -5261.8628 -5265.0254 -5284.7749 -5302.9189 -5304.0674 -5299.3633 -5292.0049 -5285.8882 -5288.0894 -5292.6587 -5293.981 -5295.3633 -5294.2944 -5288.2969 -5282.8252 -5290.6079 -5293.9805 -5294.543 -5295.3892 -5299.8975 -5308.2656 -5315.6646 -5320.5137 -5321.5811 -5317.6177 -5313.3765 -5310.8716
-5307.168 -5310.9595 -5318.2954 -5319.6074 -5313.8457 -5301.5146 -5284.5259 -5267.8325 -5258.2227 -5255.8223 -5253.7319 -5257.5283 -5270.9834 -5283.2681 -5285.876 -5283.1099 -5283.5161 -5286.5229 -5289.4712 -5295.8389 -5306.501 -5316.6523 -5323.4121 -5325.0015 -5317.2271 -5305.9155 -5296.3584 -5285.8784 -5275.0293 -5268.3228 -5270.2607 -5274.1504 -5276.5264 -5273.1729 -5273.2144 -5285.561 -5301.5947 -5302.394 -5293.4155 -5288.2119 -5289.5977 -5293.6455 -5294.5376 -5289.7427 -5287.0059 -5284.5063 -5279.7563 -5283.7212 -5296.5088 -5299.6875 -5297.0254 -5296.8896 -5304.123 -5312.998 -5316.1943 -5315.7988 -5312.853 -5304.9272 -5299.3203 -5299.7725
-5306.4507 -5306.6318 -5313.8335 -5317.3447 -5313.7856 -5302.9766 -5285.0059 -5265.6606 -5253.8403 -5250.647 -5250.6978 -5254.4482 -5266.8115 -5278.1758 -5281.7544 -5283.8511 -5287.5151 -5289.3701 -5293.3979 -5304.6748 -5317.5132 -5323.0737 -5321.3169 -5316.1929 -5306.4946 -5298.2637 -5293.0454 -5285.2632 -5275.188 -5268.2725 -5273.6499 -5281.502 -5284.4834 -5282.894 -5284.6089 -5294.4482 -5302.1309 -5299.8589 -5294.5083 -5294.1724 -5297.2583 -5297.2432 -5291.3569 -5283.4233 -5280.6689 -5281.9878 -5278.708 -5282.4653 -5292.0229 -5295.6274 -5296.04 -5300.7393 -5310.2241 -5314.7202 -5313.3628 -5311.9624 -5310.9141 -5305.9785 -5299.5308 -5298.061
-5311.8301 -5310.2964 -5310.252 -5305.8506 -5299.2061 -5294.979 -5289.998 -5281.3604 -5271.5239 -5264.2163 -5260.8301 -5258.0928 -5267.8643 -5281.73 -5286.499 -5286.6909 -5286.0942 -5286.0591 -5292.4604 -5308.3584 -5322.5508 -5323.4316 -5310.4404 -5293.4888 -5283.7656 -5285.7822 -5295.5776 -5298.3101 -5290.0835 -5280.6187 -5281.4077 -5284.1782 -5280.353 -5279.0776 -5288.2852 -5301.9512 -5305.4814 -5301.9185 -5301.9624 -5304.5327 -5304.4937 -5299.2373 -5289.4395 -5279.4448 -5275.4414 -5277.7598 -5274.9775 -5278.9956 -5285.4844 -5287.9009 -5291.3193 -5300.4248 -5310.2637 -5312.6699 -5312.5479 -5311.8638 -5309.6528 -5305.9858 -5299.5366 -5295.7568
-5312.1211 -5310.8184 -5307.9912 -5299.3027 -5290.2046 -5289.2324 -5294.9502 -5298.8008 -5296.2622 -5288.3076 -5276.8174 -5261.3867 -5261.3662 -5274.6323 -5281.9375 -5282.748 -5283.7773 -5288.8198 -5298.3936 -5310.8877 -5320.3271 -5319.7383 -5307.3066 -5289.2109 -5280.2676 -5285.894 -5300.7368 -5310.9194 -5307.7798 -5294.7827 -5281.6016 -5273.376 -5272.1919 -5280.6538 -5294.8047 -5304.6289 -5305.0093 -5305.0103 -5310.6714 -5314.4609 -5309.6401 -5297.3193 -5284.1431 -5276.3247 -5276.8037 -5278.2378 -5268.8516 -5266.9028 -5268.3257 -5266.8823 -5280.6782 -5300.1968 -5304.7935 -5301.3218 -5301.5869 -5303.3262 -5301.5405 -5298.6978 -5296.2456 -5295.3462
-5307.9863 -5304.2075 -5301.8911 -5296.1982 -5288.7764 -5288.0728 -5296.1167 -5304.7153 -5306.0015 -5298.2876 -5283.1816 -5262.6313 -5254.1836 -5262.9961 -5269.7632 -5273.3994 -5282.1206 -5296.249 -5309.2983 -5316.2983 -5318.1123 -5315.1514 -5305.707 -5292.7051 -5287.332 -5292.7837 -5303.2144 -5309.2622 -5307.4722 -5297.4341 -5283.3076 -5276.4795 -5283.0591 -5295.6216 -5303.6201 -5304.4053 -5304.5063 -5309.1353 -5316.0479 -5314.0869 -5301.3145 -5285.2466 -5277.8647 -5281.335 -5286.7104 -5278.3604 -5252.6079 -5239.0933 -5240.7324 -5248.0132 -5272.5317 -5293.3374 -5291.4316 -5283.6685 -5285.8423 -5292.4858 -5294.3384 -5293.6396 -5294.7393 -5295.8931
-5304.0776 -5299.7202 -5298.6494 -5294.5889 -5286.3711 -5285.4121 -5297.4219 -5310.2813 -5310.5493 -5298.729 -5283.46 -5265.3706 -5254.8159 -5263.2139 -5269.7554 -5269.9033 -5275.5176 -5289.9106 -5307.0703 -5316.0293 -5313.3325 -5305.8657 -5296.4668 -5286.6929 -5285.603 -5295.8066 -5304.8462 -5302.5161 -5295.2515 -5288.4971 -5281.7324 -5282.2715 -5291.5225 -5300.3262 -5300.6055 -5297.48 -5299.1201 -5305.4878 -5308.9595 -5302.6235 -5290.6572 -5280.7407 -5280.4458 -5287.3604 -5290.0581 -5272.189 -5240.1587 -5237.4771 -5261.8154 -5281.4282 -5290.4336 -5285.5928 -5279.2603 -5278.2764 -5284.2124 -5290.8418 -5293.1162 -5292.7852 -5292.6011 -5291.1045
-5301.1538 -5296.9668 -5296.0083 -5292.5869 -5283.686 -5283.1914 -5298.604 -5313.6689 -5312.3633 -5297.647 -5281.9883 -5266.1636 -5255.4004 -5267.0195 -5278.0801 -5278.4878 -5280.7334 -5291.2202 -5305.624 -5311.4067 -5303.4839 -5293.835 -5289.541 -5286.873 -5288.6348 -5297.4121 -5302.5903 -5295.0898 -5284.0239 -5278.6338 -5277.9971 -5283.5923 -5288.9761 -5288.0166 -5280.2061 -5277.5708 -5287.7715 -5299.957 -5300.5083 -5288.9678 -5280.0938 -5279.479 -5283.4272 -5286.7236 -5285.7646 -5271.7969 -5255.6191 -5266.4912 -5292.8809 -5303.9268 -5297.728 -5283.0249 -5274.5576 -5274.2759 -5277.1079 -5280.1802 -5284.0933 -5287.7905 -5288.394 -5284.5093
-5297.5449 -5293.3652 -5293.627 -5292.7583 -5283.8965 -5281.021 -5294.2266 -5309.2271 -5309.2764 -5296.7412 -5282.8247 -5269.0229 -5253.981 -5256.3784 -5264.3887 -5272.1523 -5286.5376 -5302.0171 -5310.167 -5306.1943 -5293.9355 -5289.0654 -5294.9033 -5299.2446 -5298.7603 -5298.3882 -5294.0723 -5284.3315 -5279.1416 -5283.1694 -5291.9717 -5298.3721 -5294.606 -5279.9331 -5265.334 -5266.9839 -5284.9072 -5296.4302 -5290.7246 -5274.3032 -5264.9102 -5267.6509 -5275.0923 -5279.2734 -5278.3916 -5269.6841 -5263.8271 -5276.6387 -5292.5063 -5295.1855 -5286.5479 -5275.8374 -5269.6816 -5266.3335 -5265.3223 -5268.1069 -5274.667 -5280.8198 -5282.8662 -5280.3862
-5288.478 -5282.6411 -5283.9453 -5287.6631 -5284.1377 -5282.9775 -5290.9648 -5299.2661 -5296.8589 -5285.4624 -5274.7549 -5265.1851 -5249.1274 -5242.2988 -5248.3857 -5264.9341 -5287.7534 -5302.4648 -5305.7754 -5300.4331 -5291.5762 -5292.0054 -5300.2544 -5303.9194 -5296.7578 -5286.4165 -5275.666 -5269.936 -5278.7192 -5299.77 -5315.3345 -5311.3652 -5293.1943 -5273.0547 -5266.1475 -5277.4927 -5292.1416 -5291.2715 -5276.751 -5262.1504 -5255.9985 -5257.4111 -5261.9409 -5265.123 -5265.1353 -5260.251 -5259.8687 -5275.5913 -5287.9028 -5285.2183 -5273.0938 -5260.8306 -5255.7227 -5257.0986 -5259.4033 -5261.9731 -5267.0415 -5271.6323 -5273.6567 -5272.4248
-5277.7173 -5269.8472 -5267.5117 -5274.4937 -5281.6865 -5288.436 -5293.8721 -5292.0322 -5280.416 -5265.0034 -5253.8862 -5246.4995 -5236.5137 -5231.8809 -5241.0381 -5260.5571 -5278.3867 -5284.7188 -5286.6821 -5289.2524 -5289.5464 -5290.3813 -5293.1284 -5293.5679 -5286.9561 -5277.0073 -5268.4331 -5265.7095 -5276.519 -5298.3203 -5311.4438 -5299.4609 -5276.0083 -5262.4971 -5267.8706 -5285.7798 -5294.7871 -5284.6777 -5266.6934 -5255.7388 -5255.0776 -5257.3506 -5256.6304 -5254.5171 -5253.5244 -5251.4854 -5252.7095 -5268.5303 -5279.231 -5274.5459 -5263.894 -5252.6929 -5246.4609 -5249.1475 -5254.4341 -5255.8042 -5255.7729 -5260.0981 -5266.3125 -5266.5273
-5271.1128 -5263.4507 -5258.7832 -5267.7798 -5280.9175 -5289.3281 -5289.2144 -5280.1738 -5264.625 -5248.918 -5238.2031 -5228.8887 -5222.188 -5220.8198 -5231.4033 -5253.6064 -5273.8423 -5280.5161 -5283.9556 -5290.1797 -5291.9102 -5286.4507 -5279.7871 -5277.2983 -5277.2813 -5277.3384 -5275.0791 -5272.0591 -5277.2476 -5291.2383 -5297.4727 -5284.5439 -5266.1943 -5261.7168 -5272.0127 -5284.3569 -5281.9985 -5266.9302 -5251.8198 -5244.8867 -5246.5269 -5251.6821 -5252.7573 -5251.8042 -5252.8345 -5251.4141 -5247.7705 -5256.7925 -5263.1553 -5259.6714 -5257.0356 -5252.2271 -5244.6602 -5242.1187 -5244.854 -5245.6152 -5241.9302 -5243.1313 -5254.3037 -5263.4839
-5263.8594 -5259.5488 -5257.8896 -5266.666 -5279.0142 -5287.1021 -5283.6455 -5268.0229 -5249.2827 -5235.7754 -5223.3687 -5204.5933 -5205.6406 -5218.0288 -5235.5581 -5263.6128 -5288.4873 -5293.3911 -5289.8252 -5288.7314 -5284.8013 -5273.9185 -5262.4321 -5257.7539 -5260.1851 -5267.2334 -5272.4878 -5273.5273 -5277.3848 -5283.3535 -5279.8306 -5266.6167 -5256.5801 -5264.2837 -5277.6792 -5278.7129 -5262.9468 -5247.292 -5238.7046 -5234.0371 -5231.356 -5233.209 -5236.9883 -5239.9229 -5242.9888 -5242.2607 -5236.0625 -5238.0659 -5242.0474 -5242.3726 -5246.1738 -5246.4971 -5240.896 -5236.2603 -5235.4512 -5234.3218 -5232.792 -5235.249 -5240.0664 -5248.7212
-5259.0752 -5259.2773 -5260.8599 -5265.79 -5273.8179 -5279.4482 -5276.2056 -5261.8447 -5241.8545 -5224.2148 -5207.6885 -5191.8423 -5199.6748 -5220.8257 -5246.6987 -5276.5806 -5296.103 -5294.877 -5283.2344 -5275.3784 -5269.4741 -5262.3296 -5255.438 -5249.8247 -5248.8745 -5255.7236 -5266.1587 -5273.4214 -5275.3018 -5270.5732 -5257.4541 -5246.9468 -5248.0488 -5261.6895 -5269.6782 -5262.3491 -5245.9673 -5236.1538 -5230.2471 -5222.5259 -5217.1694 -5218.1909 -5222.0986 -5223.1528 -5223.3892 -5222.6914 -5217.6177 -5216.4907 -5222.7837 -5226.6396 -5228.293 -5227.0654 -5225.1792 -5225.7026 -5227.1768 -5227.3315 -5230.2588 -5237.6733 -5238.6875 -5232.3008
-5252.4727 -5252.4492 -5254.4146 -5258.7788 -5265.1367 -5265.9624 -5259.5806 -5249.3691 -5232.9292 -5212.1733 -5196.3232 -5189.8823 -5199.6323 -5223.2368 -5254.5024 -5284.0107 -5297.104 -5289.8257 -5274.1465 -5262.0513 -5255.1479 -5250.6919 -5248.207 -5244.9771 -5242.1504 -5246.8486 -5260.1777 -5272.856 -5275.5596 -5267.5073 -5251.3438 -5245.002 -5250.2158 -5257.2183 -5253.7612 -5243.8823 -5234.2354 -5226.5947 -5215.7466 -5204.0898 -5199.626 -5202.5103 -5203.6504 -5201.3457 -5200.9771 -5201.7754 -5198.6396 -5198.8799 -5209.0664 -5214.3662 -5211.1646 -5206.2036 -5207.1553 -5212.3882 -5213.8447 -5211.041 -5213.3496 -5223.5435 -5230.6226 -5225.77
-5239.2251 -5235.3359 -5238.7344 -5250.3955 -5263.4111 -5263.4092 -5250.3042 -5234.8906 -5217.6567 -5191.9746 -5176.1792 -5188.1094 -5211.1904 -5234.4165 -5259.3569 -5281.1797 -5287.5752 -5275.4658 -5256.1138 -5241.7954 -5234.1934 -5231.2715 -5232.814 -5237.2222 -5243.5161 -5252.3984 -5263.998 -5266.8159 -5259.5449 -5250.0674 -5243.9434 -5245.0137 -5246.4497 -5241.8027 -5229.9243 -5219.4116 -5212.3447 -5205.2739 -5195.1479 -5188.0664 -5186.6704 -5189.9966 -5191.5962 -5189.3525 -5189.9658 -5192.6538 -5190.7031 -5191.0396 -5199.0283 -5204.9766 -5203.1997 -5198.1152 -5197.9048 -5202.3042 -5203.3765 -5198.8535 -5197.4111 -5204.9536 -5214.6914 -5216.4399
-5227.395 -5231.7378 -5240.5601 -5250.522 -5255.6553 -5250.0566 -5237.7666 -5226.4277 -5212.6343 -5186.0483 -5176.2695 -5201.6763 -5229.1006 -5245.1157 -5257.4971 -5266.8608 -5266.123 -5253.3213 -5234.3462 -5220.0493 -5216.7646 -5218.0864 -5218.8765 -5223.9595 -5238.6104 -5256.6704 -5265.8926 -5255.124 -5233.2759 -5218.4292 -5220.5464 -5229.4414 -5230.4722 -5221.7827 -5205.5415 -5191.8154 -5181.8716 -5177.4414 -5174.6025 -5171.5894 -5169.3086 -5171.6509 -5178.4619 -5184.8257 -5190.188 -5190.7725 -5186.0259 -5184.8369 -5187.9648 -5193.5083 -5194.3877 -5191.5479 -5191.7725 -5196.7485 -5201.0566 -5200.3174 -5195.6929 -5192.6465 -5193.8818 -5195.6313
-5225.3242 -5236.9834 -5243.8433 -5240.9775 -5231.5352 -5224.7993 -5226.937 -5229.8779 -5217.7227 -5185.957 -5174.6484 -5202.7427 -5231.6929 -5243.6714 -5248.3721 -5249.0103 -5242.5649 -5228.6338 -5212.2646 -5203.2227 -5207.6943 -5215.8223 -5217.1997 -5216.5327 -5224.5537 -5239.3682 -5246.1523 -5233.7588 -5212.8013 -5201.1069 -5207.6836 -5219.4292 -5219.5645 -5208.666 -5189.814 -5171.4536 -5159.958 -5159.2964 -5160.3989 -5155.9072 -5151.5376 -5153.6279 -5163.2476 -5174.8516 -5183.0962 -5180.5938 -5173.0527 -5170.7158 -5172.3374 -5175.5771 -5176.6187 -5178.1626 -5180.9863 -5184.0493 -5186.7397 -5188.8232 -5188.6523 -5184.0068 -5178.188 -5176.6152
-5215.6147 -5227.2456 -5232.6089 -5228.5127 -5220.8213 -5216.7593 -5218.2568 -5216.9238 -5204.2627 -5177.7495 -5168.959 -5197.7739 -5225.8887 -5237.5874 -5240.6465 -5235.3857 -5221.1987 -5204.646 -5193.896 -5188.6445 -5191.4194 -5201.0776 -5211.1152 -5212.7925 -5213.5054 -5217.2915 -5221.6338 -5217.4766 -5208.8809 -5204.7388 -5207.4692 -5205.916 -5191.4302 -5173.7334 -5161.4614 -5153.29 -5147.522 -5147.1104 -5147.2783 -5141.041 -5138.2065 -5143.606 -5154.7124 -5165.5098 -5168.8223 -5160.9878 -5150.8823 -5148.5571 -5150.8877 -5154.0659 -5153.7563 -5153.2876 -5154.9434 -5158.1079 -5160.3433 -5161.022 -5162.7886 -5165.3911 -5166.6851 -5166.3623
-5208.7261 -5215.0225 -5217.6895 -5214.7959 -5209.3516 -5200.7402 -5187.9517 -5173.9966 -5163.5601 -5153.5503 -5154.3354 -5180.4063 -5205.5142 -5216.5068 -5219.2378 -5213.583 -5200.2871 -5187.4258 -5181.3926 -5176.8052 -5174.4268 -5181.0464 -5194.0967 -5201.2466 -5202.5688 -5202.1777 -5200.9185 -5196.8125 -5192.4761 -5193.293 -5195.0742 -5187.1602 -5166.3037 -5148.9731 -5143.667 -5141.1323 -5139.0854 -5140.812 -5143.6841 -5140.4063 -5138.3926 -5142.793 -5151.3506 -5153.7739 -5146.5098 -5133.8652 -5123.812 -5121.6553 -5125.5073 -5131.3115 -5132.9111 -5130.7983 -5134.6943 -5144.0825 -5151.5996 -5154.1768 -5154.9307 -5156.0928 -5157.1216 -5154.3442
-5205.5918 -5208.7451 -5209.5479 -5205.7549 -5197.332 -5184.8022 -5169.25 -5154.2979 -5146.6021 -5143.355 -5144.7305 -5167.8882 -5191.6353 -5198.8364 -5197.6904 -5193.8521 -5188.2314 -5181.9785 -5175.7266 -5170.9058 -5169.9717 -5172.019 -5174.3911 -5180.04 -5194.0576 -5204.9155 -5199.7549 -5184.2769 -5173.4043 -5171.8252 -5173.7925 -5166.2935 -5151.2925 -5138.3418 -5131.9604 -5126.8037 -5122.6777 -5121.418 -5124.4087 -5129.1743 -5134.7441 -5135.8418 -5132.4854 -5124.0381 -5113.4604 -5105.915 -5101.9243 -5100.9507 -5105.5742 -5117.2427 -5125.1719 -5125.2803 -5127.3726 -5134.2114 -5140.5811 -5144.0298 -5144.3892 -5141.2739 -5136.9595 -5132.1309
-5203.3652 -5195.1909 -5190.8618 -5188.9209 -5183.0698 -5170.582 -5155.2002 -5144.8184 -5144.252 -5146.5264 -5143.0366 -5167.0576 -5193.5884 -5195.334 -5183.7534 -5171.5112 -5165.3462 -5162.2617 -5158.7393 -5157.1357 -5158.3452 -5158.9038 -5158.7822 -5167.1943 -5183.1182 -5191.8965 -5183.9927 -5169.1694 -5163.5962 -5163.7749 -5158.5645 -5146.4604 -5132.2939 -5116.9077 -5104.6387 -5100.2134 -5102.6401 -5099.813 -5095.7324 -5104.3394 -5121.8716 -5129.397 -5120.0723 -5104.3091 -5093.4902 -5089.5542 -5087.4023 -5082.9438 -5083.7524 -5092.5889 -5101.2573 -5103.3779 -5104.3213 -5108.3037 -5113.1372 -5118.3052 -5120.6445 -5120.2085 -5117.644 -5110.5962
-5199.6543 -5185.7002 -5176.2817 -5173.1431 -5168.9717 -5157.8604 -5146.0664 -5145.0005 -5154.0454 -5155.9463 -5137.373 -5149.021 -5174.6299 -5176.2739 -5164.001 -5151.0361 -5143.9888 -5141.6528 -5141.5352 -5143.4858 -5145.6465 -5148.0718 -5153.9927 -5161.6646 -5162.4287 -5150.8354 -5138.0259 -5136.9263 -5145.0879 -5149.6841 -5141.1616 -5129.6304 -5121.2144 -5112.4258 -5103.3848 -5097.2188 -5096.0498 -5092.2847 -5090.6157 -5101.6045 -5117.3237 -5122.7739 -5110.6406 -5090.9448 -5073.0161 -5066.0752 -5067.1079 -5067.6265 -5069.4814 -5073.0586 -5079.1162 -5084.9863 -5091.439 -5099.231 -5107.2007 -5109.4932 -5104.2568 -5099.6719 -5098.3408 -5094.4019
-5185.6958 -5176.8413 -5169.2158 -5161.5962 -5150.5269 -5137.0142 -5130.894 -5139.0029 -5151.458 -5148.6191 -5121.0195 -5120.9761 -5145.6694 -5153.9238 -5144.7725 -5132.4102 -5125.8848 -5125.6895 -5126.8687 -5128.1206 -5131.3115 -5136.564 -5144.2466 -5150.8652 -5149.8359 -5138.2021 -5129.5659 -5131.6411 -5135.063 -5131.8311 -5117.6978 -5104.896 -5101.3467 -5100.7354 -5093.7969 -5081.5278 -5071.0151 -5070.2573 -5085.3169 -5106.5527 -5115.1484 -5104.5537 -5082.936 -5060.7891 -5043.1777 -5041.8447 -5052.5439 -5065.0957 -5068.96 -5065.4224 -5064.2886 -5065.3394 -5074.9209 -5091.8008 -5106.853 -5109.1899 -5100.9009 -5093.5239 -5090.5688 -5087.2725
-5162.438 -5153.2012 -5145.6123 -5134.2358 -5121.6602 -5115.6045 -5119.1411 -5129.189 -5141.9639 -5146.5327 -5119.6343 -5109.3525 -5127.3042 -5132.2681 -5124.7813 -5116.3359 -5112.8706 -5111.3872 -5105.959 -5104.2354 -5114.1299 -5128.0063 -5134.4976 -5133.769 -5133.2568 -5134.9155 -5139.0415 -5137.3682 -5125.8628 -5108.5601 -5094.9097 -5087.9697 -5088.3711 -5086.1177 -5074.353 -5060.5054 -5058.1753 -5066.084 -5086.3457 -5105.2881 -5107.1108 -5091.2617 -5069.5884 -5050.4106 -5034.4614 -5030.4976 -5035.7344 -5045.2192 -5046.2974 -5043.644 -5050.1929 -5059.0845 -5069.6865 -5080.9819 -5090.1802 -5093.8628 -5092.1489 -5087.3076 -5079.9473 -5072.0708
-5144.1587 -5136.4824 -5127.1338 -5112.1841 -5102.4453 -5106.5762 -5119.3623 -5131.9053 -5141.0308 -5142.8389 -5117.3647 -5093.9595 -5099.5454 -5102.7739 -5096.6113 -5094.1338 -5099.0132 -5101.0425 -5095.1157 -5091.6338 -5103.4604 -5119.6777 -5126.8867 -5124.481 -5118.4736 -5116.4375 -5119.3101 -5117.6484 -5105.856 -5092.8384 -5085.7798 -5084.1504 -5080.4575 -5072.8794 -5064.6875 -5062.3081 -5070.0762 -5082.9097 -5096.0654 -5102.5176 -5097.04 -5082.0957 -5066.1226 -5052.9072 -5041.8057 -5037.9619 -5035.0596 -5030.4619 -5023.5933 -5024.748 -5040.3096 -5057.0869 -5066.7573 -5067.9077 -5067.938 -5069.7578 -5069.98 -5063.3101 -5051.8755 -5045.6855
-5115.2183 -5106.5469 -5098.3804 -5088.9868 -5090.0923 -5105.0059 -5121.4429 -5129.7261 -5131.8765 -5128.5747 -5107.6411 -5084.4775 -5089.6582 -5093.2383 -5081.4727 -5074.6235 -5081.1377 -5090.3208 -5092.186 -5093.2471 -5101.1187 -5110.2095 -5113.064 -5108.3931 -5099.8428 -5093.6382 -5094.0684 -5091.4619 -5079.8223 -5067.5576 -5064.9199 -5066.5928 -5063.272 -5056.2026 -5052.5063 -5058.168 -5073.9839 -5090.1724 -5099.4404 -5096.4014 -5085.3931 -5073.5659 -5064.5537 -5055.0127 -5040.7466 -5035.3496 -5034.3828 -5029.2578 -5016.3716 -5009.5894 -5023.6895 -5043.5542 -5058.5396 -5066.5181 -5070.6196 -5072.9868 -5071.3457 -5061.0601 -5047.7144 -5043.5571
