Resources/Map/Lvl0_30x30/Ele_BA.asc
ncols         335
nrows         335
xllcorner     -20045000
yllcorner     3325000
cellsize      10000
nodata_value  -99999.0
[rows 150 to 174 of 335, columns 0 to 56 of 335]
-99999.0 -5705.4922 -5532.7456 -5496.1006 -5499.1982 -5340.7056 -5243.2188 -5335.291 -5426.7075 -5454.9346 -5500.5298 -5551.6265 -5469.7783 -5414.3315 -5538.2163 -5700.0547 -5815.5552 -5855.3105 -5809.6338 -5702.1211 -5524.3066 -5494.2363 -5640.5508 -5687.3438 -5628.9443 -5583.4517 -5582.8052 -5699.688 -5665.0176 -5512.019 -5581.7383 -5720.4668 -5809.7026 -5750.5654 -5658.6367 -5642.123 -5586.7466 -5494.9443 -5506.4082 -5596.0718 -5690.9316 -5729.1812 -5721.2974 -5712.8477 -5692.4321 -5654.3281 -5629.4072 -5697.0283 -5801.6113 -5777.814 -5738.7876 -5800.4009 -5816.2109 -5820.3369 -5902.9463 -5980.5669 -5947.0757
-99999.0 -5269.3652 -5281.8828 -5399.7437 -5410.4116 -5278.6846 -5267.687 -5401.644 -5538.7813 -5675.9473 -5728.7515 -5610.2607 -5337.1519 -5196.6929 -5331.7202 -5570.1211 -5752.9531 -5817.9614 -5786.8652 -5615.8643 -5403.646 -5494.2363 -5816.8843 -5895.7817 -5741.1016 -5584.1113 -5488.8042 -5606.6401 -5726.7871 -5561.6602 -5544.6895 -5691.7524 -5770.1646 -5720.6431 -5625.1934 -5569.0459 -5550.0039 -5540.8252 -5591.6904 -5637.1807 -5689.2896 -5727.3491 -5674.3008 -5680.3179 -5756.9644 -5745.0747 -5704.0635 -5720.7944 -5760.4727 -5763.4663 -5767.5054 -5815.3145 -5803.2529 -5751.6968 -5782.0723 -5839.1055 -5806.0669
-99999.0 -5533.3647 -5543.3408 -5496.9829 -5399.0435 -5422.0786 -5497.6782 -5518.8223 -5558.1313 -5638.7734 -5615.4814 -5456.4888 -5276.8262 -5288.1523 -5478.7661 -5639.6108 -5642.7813 -5534.2651 -5505.835 -5546.0283 -5573.686 -5745.2837 -5947.7031 -5918.7017 -5829.7598 -5796.896 -5683.3979 -5569.1016 -5569.1992 -5581.6338 -5635.7339 -5690.2896 -5698.2612 -5669.6987 -5561.8242 -5555.7036 -5562.2109 -5594.7012 -5707.5664 -5697.1118 -5709.9487 -5767.9556 -5731.335 -5729.6235 -5837.5728 -5834.689 -5754.2769 -5730.5234 -5743.6709 -5789.9692 -5876.022 -5913.0645 -5834.7222 -5749.9272 -5729.4111 -5710.8462 -5678.144
-99999.0 -5533.8906 -5479.9932 -5464.8716 -5445.8042 -5532.5864 -5547.6543 -5448.665 -5423.6875 -5480.1436 -5495.3887 -5498.7744 -5539.3843 -5619.2124 -5697.0229 -5722.5132 -5700.1582 -5602.8853 -5539.9834 -5608.5088 -5705.9331 -5805.9824 -5855.2998 -5840.7266 -5888.7671 -5994.9243 -5974.7139 -5718.6064 -5530.1714 -5669.4692 -5735.0884 -5653.835 -5704.0522 -5641.9868 -5479.3198 -5589.8218 -5638.0229 -5639.9043 -5768.6484 -5737.2524 -5734.1943 -5867.374 -5892.2051 -5787.8789 -5776.7612 -5761.6426 -5732.6592 -5739.9922 -5749.5591 -5778.0498 -5843.8149 -5857.248 -5796.0405 -5766.5342 -5770.0698 -5773.9565 -5773.8828
-99999.0 -5546.8306 -5469.1357 -5530.1665 -5574.1616 -5591.4316 -5534.8853 -5437.02 -5413.7544 -5482.5015 -5583.2842 -5657.7241 -5634.3486 -5578.9966 -5566.0298 -5595.8296 -5669.5723 -5676.981 -5628.8457 -5579.4658 -5579.1392 -5674.73 -5741.9561 -5776.8809 -5848.0894 -5968.7305 -6095.709 -5962.0708 -5677.4253 -5708.7456 -5732.9624 -5711.1304 -5849.9624 -5679.8853 -5373.6797 -5459.5098 -5582.2393 -5662.1084 -5767.8667 -5737.271 -5762.3564 -5898.8579 -5926.4014 -5801.9741 -5738.5493 -5711.1895 -5727.9956 -5772.3149 -5786.0146 -5797.2119 -5806.7324 -5807.5674 -5823.853 -5827.9814 -5804.1875 -5790.9102 -5798.1597
-99999.0 -5666.0869 -5643.5732 -5669.2578 -5644.2124 -5584.5981 -5538.1123 -5494.1689 -5473.3223 -5493.5059 -5561.2646 -5624.186 -5577.9517 -5508.4995 -5500.5005 -5541.7915 -5609.8022 -5650.0933 -5701.8999 -5691.7651 -5656.5259 -5696.3691 -5728.498 -5757.8159 -5778.2358 -5786.5356 -5841.2358 -5812.9971 -5667.8667 -5658.1812 -5652.7319 -5672.7217 -5805.2729 -5700.6396 -5449.7813 -5431.8887 -5525.1611 -5654.9189 -5695.9692 -5659.9717 -5764.7251 -5840.8887 -5807.4102 -5772.3018 -5768.7886 -5770.7661 -5781.9443 -5800.7754 -5794.6118 -5779.042 -5750.6567 -5738.27 -5752.2212 -5749.0762 -5749.0298 -5758.2021 -5746.6958
-99999.0 -5719.4136 -5756.3828 -5764.0854 -5702.0015 -5588.7061 -5545.1211 -5531.0122 -5475.9341 -5466.7651 -5520.6123 -5580.4873 -5611.4854 -5652.1343 -5682.9814 -5690.3853 -5717.4106 -5757.915 -5819.3877 -5828.5137 -5804.8311 -5771.4722 -5803.4214 -5880.5884 -5848.252 -5795.8423 -5746.4233 -5656.4727 -5597.3882 -5604.083 -5549.4038 -5518.4888 -5676.3276 -5722.7456 -5561.8584 -5495.5361 -5548.7588 -5663.7354 -5677.9341 -5607.9199 -5696.5557 -5730.2129 -5674.1914 -5675.9961 -5686.8389 -5693.2876 -5698.0425 -5731.5615 -5755.0405 -5762.5747 -5772.0615 -5783.8936 -5759.0024 -5717.4229 -5720.6724 -5753.498 -5757.2856
-99999.0 -5724.4258 -5732.3047 -5653.958 -5596.749 -5565.3267 -5557.0425 -5555.251 -5510.3872 -5498.6279 -5578.2803 -5676.6821 -5732.4961 -5777.6187 -5794.7832 -5776.6567 -5799.5869 -5833.6992 -5855.3667 -5846.5591 -5785.8486 -5693.478 -5806.1582 -5964.3628 -5884.5029 -5839.9131 -5802.644 -5662.7378 -5570.8706 -5567.1357 -5548.9692 -5541.3979 -5722.1528 -5826.7563 -5718.1743 -5647.2212 -5631.9302 -5704.9507 -5729.5459 -5647.1836 -5695.9927 -5751.7822 -5678.9385 -5632.9683 -5644.9854 -5654.4326 -5635.0601 -5664.1108 -5723.6294 -5773.7729 -5828.7925 -5860.5557 -5825.6982 -5773.4971 -5760.9229 -5792.1206 -5804.6021
-99999.0 -5659.959 -5609.3569 -5543.0337 -5580.1064 -5632.3281 -5613.561 -5598.3198 -5595.7529 -5553.4878 -5562.6719 -5678.1104 -5798.8096 -5843.875 -5831.0132 -5803.0815 -5791.814 -5772.0762 -5783.4434 -5812.1396 -5774.4468 -5680.4785 -5767.2031 -5914.6953 -5856.7148 -5798.8804 -5765.478 -5717.7705 -5710.5449 -5723.7275 -5739.3594 -5707.9287 -5769.9307 -5816.79 -5743.8623 -5674.4453 -5665.6538 -5769.1611 -5773.0303 -5672.7563 -5679.9429 -5728.8501 -5681.9951 -5636.0571 -5657.8359 -5698.2329 -5724.9717 -5735.3691 -5740.8691 -5759.0161 -5781.8613 -5811.9414 -5832.0703 -5798.4351 -5770.9365 -5808.2095 -5836.856
-99999.0 -5610.1553 -5715.4878 -5712.7539 -5714.8027 -5720.4478 -5673.5303 -5643.8877 -5649.2505 -5618.1421 -5613.6509 -5720.3916 -5854.4624 -5868.2876 -5828.9077 -5814.8672 -5771.1519 -5728.437 -5744.9419 -5762.8467 -5765.5337 -5731.4287 -5729.4136 -5795.3184 -5815.5151 -5781.48 -5692.7227 -5680.7285 -5755.3433 -5780.0605 -5785.5405 -5758.9629 -5729.959 -5725.5566 -5735.2627 -5627.2075 -5624.9961 -5751.2798 -5687.5278 -5641.6553 -5669.1665 -5661.9209 -5642.0854 -5648.1465 -5667.1064 -5726.7368 -5819.438 -5867.4111 -5836.1191 -5760.9233 -5712.8184 -5749.0444 -5800.2368 -5795.9434 -5813.4878 -5847.5166 -5875.6016
-99999.0 -5576.6719 -5874.5952 -5839.9575 -5731.5996 -5725.2852 -5714.0762 -5673.4702 -5639.5825 -5606.1147 -5652.1313 -5761.9614 -5845.4189 -5834.1162 -5807.5781 -5846.3911 -5848.5703 -5814.7432 -5798.519 -5759.9526 -5727.1909 -5724.7568 -5706.6455 -5677.2056 -5682.8242 -5708.2065 -5646.1777 -5582.3584 -5620.3535 -5693.4873 -5747.9341 -5786.6826 -5744.1948 -5689.7773 -5742.3472 -5616.4272 -5577.8804 -5634.0693 -5596.001 -5632.7998 -5680.2314 -5645.4536 -5654.0967 -5706.9429 -5761.7344 -5828.1289 -5872.4932 -5875.2363 -5837.8584 -5771.4492 -5733.832 -5776.855 -5804.3682 -5780.2144 -5809.8481 -5837.2744 -5866.9844
-99999.0 -5725.8374 -5914.2168 -5821.3735 -5738.8613 -5747.2046 -5680.8149 -5601.2681 -5598.8096 -5595.96 -5646.9146 -5750.1235 -5800.7124 -5771.3516 -5760.062 -5847.6519 -5909.2852 -5876.1768 -5816.1094 -5788.7563 -5745.0288 -5715.5376 -5711.1958 -5664.6382 -5629.2295 -5663.2544 -5661.1982 -5567.6099 -5566.0581 -5721.5234 -5810.3633 -5788.6899 -5732.2368 -5693.0703 -5715.1812 -5639.5361 -5599.2969 -5613.5586 -5650.2808 -5701.4844 -5713.6206 -5690.3433 -5708.8618 -5732.1841 -5776.6396 -5801.1152 -5766.5254 -5735.3135 -5743.8252 -5762.3477 -5770.1436 -5825.6821 -5859.4971 -5800.2725 -5784.0078 -5826.8828 -5861.8467
-99999.0 -5832.666 -5824.897 -5728.1563 -5718.7085 -5765.729 -5680.0522 -5572.6416 -5623.9697 -5685.1372 -5692.6479 -5743.3989 -5787.6733 -5736.6323 -5700.7739 -5771.4746 -5854.9727 -5865.9326 -5806.8911 -5782.2085 -5762.8247 -5744.5776 -5752.7114 -5726.6475 -5688.6689 -5691.4282 -5712.7544 -5682.2539 -5701.9312 -5784.8862 -5797.9209 -5745.9385 -5740.0552 -5724.7295 -5673.9561 -5621.4365 -5637.249 -5715.7354 -5838.5537 -5862.8311 -5803.1099 -5762.6411 -5758.8047 -5707.9355 -5674.877 -5705.5166 -5735.2573 -5721.0234 -5720.23 -5792.8193 -5829.7124 -5807.9326 -5818.8438 -5821.0166 -5832.0869 -5851.2314 -5831.1187
-99999.0 -5751.168 -5699.1016 -5670.2192 -5691.5303 -5738.1279 -5692.4004 -5626.1655 -5675.2227 -5731.9517 -5732.9663 -5747.0405 -5757.5649 -5718.7285 -5719.1162 -5764.5283 -5809.8931 -5841.1753 -5817.5718 -5787.8037 -5750.9829 -5745.6782 -5773.0483 -5760.7134 -5763.6577 -5793.3188 -5802.6016 -5770.854 -5772.1338 -5725.7739 -5681.9766 -5715.1733 -5829.4434 -5814.8701 -5660.7725 -5622.9438 -5661.9995 -5731.7983 -5877.9473 -5920.79 -5833.0259 -5743.8008 -5724.3252 -5680.2847 -5676.2266 -5788.4492 -5829.2476 -5752.5801 -5735.8057 -5829.3081 -5887.71 -5828.5498 -5786.0127 -5832.8291 -5876.3306 -5831.5698 -5767.501
-99999.0 -5643.6528 -5637.8887 -5664.5518 -5667.6514 -5666.3613 -5646.6484 -5628.9009 -5647.6206 -5698.0952 -5741.2197 -5744.0854 -5693.6274 -5679.1035 -5748.6685 -5767.6177 -5766.8516 -5799.3345 -5805.5898 -5808.2871 -5778.6689 -5786.647 -5801.5781 -5753.3247 -5777.1992 -5836.1611 -5803.9453 -5711.3467 -5719.5132 -5711.5156 -5602.5029 -5555.0283 -5734.1016 -5808.6133 -5664.1992 -5663.0303 -5694.3096 -5755.3872 -5856.6836 -5884.4639 -5813.9058 -5710.0396 -5687.2798 -5684.998 -5720.8818 -5846.0962 -5845.0044 -5747.394 -5753.0259 -5803.2134 -5836.7354 -5828.624 -5767.1523 -5759.3657 -5773.7251 -5728.2529 -5725.3774
-99999.0 -5587.4648 -5622.8057 -5667.5493 -5637.6206 -5611.8564 -5646.6851 -5644.6025 -5609.9409 -5670.3164 -5733.4185 -5724.0967 -5688.0825 -5680.812 -5710.8091 -5680.9136 -5684.0132 -5735.689 -5755.7881 -5788.1172 -5769.2319 -5775.1567 -5787.3594 -5727.646 -5732.2231 -5781.3584 -5740.6353 -5640.4438 -5679.4043 -5689.9224 -5531.3911 -5441.6934 -5599.5786 -5722.1025 -5701.5151 -5721.5239 -5748.4966 -5841.5947 -5890.6353 -5881.2002 -5813.8735 -5728.7261 -5708.5967 -5711.9575 -5711.4404 -5749.3525 -5743.6528 -5735.9268 -5780.2617 -5787.9087 -5767.4043 -5757.9282 -5730.9824 -5717.4849 -5723.231 -5684.8525 -5719.083
-99999.0 -5569.4629 -5568.8276 -5576.7461 -5539.8511 -5539.481 -5598.7031 -5598.0088 -5584.437 -5659.9985 -5697.4189 -5658.6348 -5656.748 -5655.6943 -5615.8892 -5581.2925 -5628.4175 -5687.3452 -5704.1924 -5736.168 -5703.8872 -5650.0708 -5667.7271 -5691.6978 -5693.4395 -5716.9224 -5704.8135 -5649.0933 -5650.0552 -5619.9233 -5621.4546 -5691.6758 -5710.374 -5756.9165 -5864.7798 -5836.2739 -5762.8691 -5832.3477 -5860.751 -5850.1924 -5817.2358 -5785.3403 -5769.8638 -5770.001 -5774.3062 -5731.3657 -5694.0542 -5745.6948 -5813.9155 -5806.5322 -5765.1475 -5746.4189 -5742.0811 -5735.3232 -5726.1484 -5684.1196 -5718.9063
-99999.0 -5590.5127 -5531.374 -5486.7769 -5484.0894 -5505.1118 -5517.2397 -5507.188 -5538.6987 -5626.4297 -5655.0986 -5599.1519 -5605.6577 -5608.8687 -5548.8994 -5556.7368 -5632.6968 -5682.9414 -5698.6699 -5694.4946 -5637.5161 -5521.6777 -5498.3433 -5600.5205 -5693.6294 -5747.3022 -5746.8457 -5751.876 -5776.8857 -5715.9351 -5733.126 -5874.8311 -5831.0049 -5836.5151 -5972.686 -5864.1382 -5739.1934 -5760.5996 -5763.1172 -5790.2578 -5845.8711 -5822.4849 -5764.3628 -5779.4346 -5821.979 -5750.0146 -5673.2993 -5715.5806 -5813.9312 -5827.8872 -5782.2046 -5762.1499 -5735.9688 -5688.3325 -5664.104 -5678.2573 -5711.7822
-99999.0 -5589.5986 -5496.9883 -5439.2319 -5475.3179 -5506.8472 -5505.0801 -5506.228 -5516.6191 -5566.2676 -5628.1396 -5594.5679 -5601.1885 -5610.7686 -5532.3867 -5506.4097 -5552.1318 -5602.6221 -5647.1816 -5658.375 -5615.3628 -5533.5752 -5531.9087 -5613.2666 -5723.3022 -5790.0269 -5819.1743 -5890.5049 -5933.0986 -5786.9951 -5630.332 -5711.6611 -5740.4307 -5763.8672 -5833.6963 -5780.5464 -5791.0508 -5805.4604 -5746.2363 -5803.8257 -5896.0156 -5810.957 -5712.269 -5772.71 -5810.2007 -5749.9336 -5674.6646 -5675.7881 -5788.7554 -5834.5283 -5814.1421 -5796.2368 -5739.8975 -5685.6499 -5681.4644 -5673.3755 -5632.9097
-99999.0 -5570.5552 -5489.0898 -5453.3462 -5479.8032 -5512.5732 -5520.1504 -5536.1333 -5562.2407 -5591.3574 -5646.6133 -5607.4575 -5574.3232 -5584.2002 -5516.5415 -5456.1621 -5459.0273 -5487.9312 -5566.1606 -5663.8481 -5684.9712 -5680.1509 -5755.7349 -5772.8848 -5743.9888 -5721.8584 -5796.2686 -5959.2881 -6021.5244 -5900.145 -5727.7085 -5644.8301 -5562.9897 -5541.4609 -5581.7188 -5754.9824 -5914.0112 -5860.313 -5754.4199 -5805.5449 -5880.6304 -5788.6621 -5723.8438 -5793.9507 -5793.7124 -5758.0859 -5695.9683 -5682.2358 -5782.2314 -5800.0288 -5801.895 -5847.2285 -5830.8423 -5761.1069 -5682.2085 -5601.1919 -5556.8511
-99999.0 -5538.812 -5485.5835 -5504.7017 -5552.5977 -5593.3354 -5587.6963 -5575.7959 -5613.9951 -5607.981 -5609.7915 -5602.6665 -5569.8799 -5584.936 -5553.3052 -5502.5986 -5489.6479 -5500.9092 -5608.3105 -5740.5049 -5730.1201 -5716.7578 -5814.1611 -5794.2969 -5681.6538 -5600.1152 -5663.3618 -5849.8394 -5963.2461 -5928.9351 -5850.9263 -5757.9482 -5571.1392 -5397.7529 -5329.603 -5710.6401 -6050.3438 -5900.4663 -5691.2827 -5688.5845 -5788.8882 -5775.7764 -5760.873 -5797.5864 -5800.7451 -5827.6484 -5813.9521 -5795.0605 -5764.0591 -5633.6084 -5611.9233 -5733.1538 -5775.6411 -5647.6201 -5493.0068 -5531.0132 -5715.54
-99999.0 -5517.4487 -5485.9775 -5561.6797 -5664.48 -5720.0889 -5680.6841 -5604.939 -5597.6206 -5564.064 -5585.2119 -5668.5771 -5656.1206 -5610.0703 -5550.2427 -5502.3184 -5487.7354 -5544.9004 -5672.4219 -5758.3804 -5671.5928 -5561.6758 -5632.5488 -5713.4546 -5723.1147 -5665.4429 -5593.0122 -5730.1519 -5923.9951 -5839.3423 -5708.5435 -5635.9492 -5376.0083 -5047.4819 -4941.415 -5516.3184 -6011.7876 -5924.2847 -5648.1904 -5667.2417 -5805.8398 -5742.4565 -5686.5181 -5721.6309 -5733.3125 -5770.5327 -5818.7256 -5847.3892 -5724.5859 -5517.1787 -5496.5713 -5645.1553 -5738.5054 -5630.4097 -5464.5313 -5542.4941 -5835.0249
-99999.0 -5550.3853 -5525.0732 -5596.623 -5692.1836 -5744.3677 -5681.124 -5560.6802 -5504.8101 -5504.2319 -5572.4346 -5677.9805 -5716.7544 -5649.9111 -5546.7026 -5512.0137 -5550.0879 -5657.356 -5665.3271 -5618.5361 -5547.106 -5424.7314 -5492.9038 -5691.3984 -5799.6235 -5745.0244 -5552.6602 -5637.2715 -5905.8535 -5826.9902 -5666.3579 -5546.8271 -5151.2734 -4671.5483 -4570.0176 -5195.2817 -5833.2075 -5986.541 -5732.5762 -5745.9199 -5826.4194 -5688.6519 -5626.0024 -5649.4219 -5617.0327 -5680.1963 -5837.1211 -5961.4639 -5906.8501 -5744.5513 -5701.4009 -5721.0708 -5693.8984 -5591.2368 -5502.9434 -5589.9595 -5832.6606
-99999.0 -5581.7524 -5584.4707 -5650.7095 -5673.2759 -5653.749 -5621.8296 -5559.7275 -5501.6191 -5553.7871 -5683.7378 -5753.6724 -5758.3711 -5691 -5574.272 -5580.9272 -5721.606 -5760.6743 -5551.334 -5419.5835 -5398.6455 -5353.7305 -5462.0601 -5656.75 -5756.0972 -5798.9185 -5721.2681 -5752.8257 -5946.0659 -5932.0825 -5816.5981 -5700.5195 -5323.7334 -4817.1641 -4755.2002 -5316.2026 -5809.0308 -5950.7031 -5689.8071 -5647.2383 -5725.9365 -5678.6235 -5687.3594 -5677.9717 -5586.125 -5690.4063 -5917.1001 -6022.4556 -6033.1855 -6004.2676 -5906.8145 -5708.1587 -5495.541 -5376.4629 -5463.7056 -5770.2554 -6027.2319
-99999.0 -5619.6855 -5655.6128 -5716.9409 -5646.6934 -5575.5679 -5662.6782 -5699.7573 -5613.6777 -5648.9346 -5762.312 -5747.9766 -5665.4824 -5664.9775 -5669.5767 -5687.0532 -5768.376 -5694.9595 -5465.5576 -5416.4131 -5407.6973 -5415.6406 -5522.9839 -5630.7598 -5687.7202 -5870.5532 -5947.1641 -5894.4556 -5956.4346 -5964.1201 -5866.5938 -5825.8828 -5567.0454 -5154.728 -5181.562 -5606.0117 -5928.5566 -5877.9453 -5586.6675 -5546.2451 -5712.8203 -5774.2393 -5821.5024 -5830.6147 -5680.625 -5669.3999 -5816.5239 -5874.8765 -5971.3164 -6095.9883 -5955.7393 -5619.9512 -5363.8159 -5294.5005 -5501.0923 -5947.7295 -6157.9409
