Resources/Map/Lvl0_30x30/Ele_CE.asc
ncols         335
nrows         335
xllcorner     -6645000
yllcorner     -25000
cellsize      10000
nodata_value  -99999.0
[rows 25 to 49 of 335, columns 57 to 113 of 335]
-5619.6055 -5731.5762 -5806.2617 -5797.8594 -5658.2295 -5583.7412 -5560.9761 -5491.187 -5513.1572 -5602.1074 -5567.4727 -5405.228 -5333.9639 -5420.7593 -5405.0332 -5368.9507 -5555.9014 -5612.835 -5657.0127 -5799.7158 -5826.9438 -5703.833 -5654.4233 -5699.5264 -5700.0508 -5417.5366 -5239.1934 -5337.106 -5435.5869 -5674.8462 -5899.3496 -5900.4058 -5508.8574 -5083.1001 -4918.3477 -4845.668 -4879.5103 -5111.0166 -5066.3335 -5012.7222 -5143.6494 -5175.3955 -4876.9063 -4744.771 -4648.1108 -4948.8623 -5131.3779 -5170.5205 -4862.9858 -4945.5234 -5169.7241 -5032.2554 -4761.1489 -4552.8384 -4340.0981 -4257.3052 -4558.6401
-5639.019 -5703.5146 -5896.0205 -5800.0581 -5571.7251 -5568.0034 -5549.3926 -5419.8906 -5426.355 -5531.5854 -5699.6167 -5729.8618 -5634.7651 -5675.0039 -5579.5332 -5459.6631 -5614.0713 -5623.2319 -5510.1255 -5518.9844 -5524.9912 -5432.2446 -5387.8174 -5481.396 -5618.9609 -5522.6035 -5526.3647 -5675.1333 -5680.3716 -5590.2671 -5698.564 -5753.2173 -5592.8872 -5318.9683 -5179.6035 -5027.1016 -4975.2891 -5028.8789 -5043.0757 -5065.5083 -5134.6069 -5070.3271 -5009.207 -4857.5688 -4673.1553 -4790.5537 -4905.248 -4988.0361 -4855.9976 -5046.1895 -5078.8218 -4847.9268 -4860.978 -4823.272 -4510.5322 -4343.8374 -4627.915
-5601.1216 -5686.2817 -5550.3477 -5493.4136 -5410.0464 -5578.0591 -5667.4404 -5552.5156 -5566.8799 -5613.2554 -5758.3022 -5763.854 -5690.4282 -5819.9834 -5831.79 -5742.4526 -5666.8677 -5505.7852 -5293.9126 -5227.5601 -5280.4268 -5268.4312 -5210.793 -5293.8511 -5440.8887 -5450.6968 -5561.9189 -5639.3257 -5537.8564 -5313.7979 -5493.9873 -5717.0327 -5818.0098 -5728.9922 -5576.6943 -5408.1743 -5438.2476 -5285.6616 -4956.7114 -4967.6802 -5101.293 -4918.6782 -4966.7129 -4956.1431 -4724.2412 -4697.9419 -4907.9375 -4972.6465 -4921.4048 -5080.1455 -5046.0229 -4793.6958 -4846.7036 -5009.2075 -4826.9814 -4605.8862 -4822.6094
-5717.4902 -5525.2749 -5273.0781 -5397.2837 -5470.0684 -5547.4834 -5529.3149 -5541.439 -5559.8179 -5513.7852 -5545.4834 -5520.6426 -5430.7451 -5551.438 -5600.5737 -5730.8008 -5643.5654 -5394.248 -5278.3716 -5168.5112 -5104.501 -5124.75 -5171.4775 -5340.5425 -5352.4092 -5139.2456 -5075.6934 -5141.5288 -5172.8032 -4987.8232 -5227.4854 -5493.0488 -5640.0254 -5674.3936 -5555.0806 -5598.0234 -5803.1353 -5546.9023 -4942.3906 -5018.8486 -5069.5947 -4805.7754 -4871.8369 -4931.2588 -4848.6069 -4885.8667 -5054.1782 -5143.2905 -4894.4199 -4631.2725 -4740.8159 -4815.3994 -4732.8613 -4862.6772 -4950.9741 -4929.7534 -5046.332
-5733.2632 -5486.7744 -5277.2422 -5248.4961 -5488.4844 -5496.9395 -5335.5342 -5556.1221 -5511.2637 -5303.27 -5308.7759 -5373.0718 -5299.96 -5138.9766 -4966.6953 -5268.749 -5557.146 -5475.9468 -5449.8774 -5392.186 -5309.103 -5396.437 -5402.3589 -5270.0542 -5192.5757 -5060.0068 -5080.6865 -5171.2236 -5117.5479 -4924.7578 -5038.3843 -5089.1226 -5189.0586 -5265.833 -5143.3408 -5225.6523 -5619.9512 -5495.1616 -4987.5234 -5167.3403 -5239.561 -4962.5313 -4913.7119 -4964.1387 -5069.4639 -5191.0747 -5310.6616 -5306.7104 -4926.27 -4570.0698 -4826.9116 -4916.8213 -4700.5908 -4710.9912 -4929.0098 -5121.4312 -5025.5171
-5518.0967 -5761.4941 -5560.1279 -5304.2104 -5441.0527 -5585.0303 -5385.8198 -5466.2681 -5439.272 -5042.5723 -4991.9609 -5070.3384 -5169.3833 -5232.3418 -5133.6987 -5382.2603 -5565.3081 -5531.5503 -5553.3179 -5635.1548 -5639.2783 -5610.5527 -5521.9629 -5347.4956 -5367.2583 -5487 -5610.0679 -5572.4541 -5342.5361 -5068.3521 -4977.0591 -4815.1226 -4868.0044 -5067.7412 -4886.1533 -4747.1152 -5221.1738 -5518.2744 -5190.4951 -5070.4897 -5182.8643 -5139.2646 -5051.2588 -5035.2236 -5046.356 -5169.2886 -5425.6265 -5441.4473 -5216.9668 -4913.4639 -4989.9546 -4992.1099 -4859.3149 -4700.106 -4782.2759 -5021.5098 -4908.1636
-5826.9609 -5990.6289 -5724.4663 -5592.6172 -5790.6475 -5809.1812 -5447.4272 -5345.8086 -5414.5938 -5293.2168 -5385.5864 -5571.8848 -5740.4712 -5918.2817 -5902.5884 -5844.1855 -5775.1929 -5710.2017 -5684.0547 -5657.0239 -5514.3086 -5513.4883 -5573.6021 -5472.8081 -5562.6792 -5702.8271 -5746.9014 -5518.6699 -5464.2002 -5325.1333 -5003.8091 -4698.6738 -4823.4907 -5085.1089 -4955.936 -4818.5811 -5138.1025 -5460.0811 -5276.77 -4811.0391 -4893.0176 -5196.4585 -5088.7046 -4952.626 -4876.8794 -5072.6685 -5255.8809 -5302.2954 -5343.7969 -5050.1211 -4944.6821 -5027.9761 -4921.3589 -4804.312 -4909.1733 -4962.1938 -4943.3193
-5972.3779 -5836.6426 -5548.7373 -5605.0132 -5786.2534 -5565.1597 -5376.0288 -5526.2134 -5721.8638 -5820.9668 -5927.915 -5949.1475 -5933.8857 -5967.2451 -5906.1611 -5788.5322 -5762.2866 -5649.0376 -5367.7612 -5246.748 -5207.5449 -5370.8267 -5516.4707 -5484.6802 -5441.4077 -5548.3657 -5647.4185 -5534.3374 -5496.7715 -5377.8335 -5133.9478 -4984.9272 -5063.2471 -5119.0562 -5019.9502 -4906.2417 -5099.6079 -5404.0024 -5206.8198 -4768.4487 -4860.7949 -5113.668 -5164.7607 -5108.0337 -5011.8149 -5062.7017 -5006.0498 -4968.5854 -5189.8804 -4892.2886 -4758.29 -4845.2773 -4880.1777 -5003.5874 -4999.021 -4859.1001 -4960.4072
-5785.3696 -5462.8428 -5036.0142 -5380.022 -5771.3037 -5559.8223 -5535.3237 -5691.2832 -5864.1362 -5957.7637 -5879.1445 -5668.9438 -5558.5566 -5607.6958 -5648.2549 -5687.1821 -5635.105 -5270.7798 -4835.5391 -4992.9097 -5303.2495 -5463.6138 -5487.8145 -5264.5103 -5168.6743 -5457.6655 -5565.5444 -5440.9121 -5398.7729 -5350.4746 -5191.5454 -5154.2168 -5201.5283 -5177.8022 -5099.1323 -4972.0859 -5103.8394 -5553.8394 -5447.6382 -5025.8096 -4897.8809 -4827.2002 -5015.5024 -5266.5039 -5234.5024 -5079.4961 -4886.9092 -4855.3267 -4961.2773 -4868.2104 -4776.6748 -4654.7822 -4922.8057 -4986.9126 -4804.8574 -4710.6113 -4920.3188
-5235.5938 -5241.9355 -5107.0664 -5406.2002 -5803.3198 -5734.5034 -5626.9063 -5563.0625 -5555.0107 -5412.2021 -5326.1851 -5358.3457 -5337.686 -5237.6763 -5265.3389 -5562.4067 -5622.9238 -5339.3721 -5142.6606 -5390.6523 -5586.6162 -5453.0835 -5360.5679 -5208.9424 -5153.9824 -5420.7324 -5583.2046 -5417.1304 -5359.5103 -5380.9307 -5244.6548 -5354.9521 -5364.5342 -5345.9746 -5087.8892 -5032.7427 -5159.3589 -5662.293 -5669.731 -5247.8926 -4958.5854 -4745.5239 -5011.105 -5292.0894 -5173.7183 -5054.9521 -4883.7866 -4938.3784 -4746.5093 -4969.8604 -4746.1245 -4603.6084 -4929.8071 -4768.457 -4706.562 -4849.8589 -4962.5513
-4949.0562 -5041.7734 -5141.3774 -5346.9863 -5576.2959 -5395.5615 -5327.0713 -5229.1367 -5117.957 -5112.3872 -5221.2754 -5376.7202 -5325.8398 -5175.4312 -5291.2617 -5566.4678 -5594.8931 -5612.7051 -5570.3496 -5549.2197 -5536.9111 -5430.5967 -5361.3276 -5279.166 -5090.6675 -5309.8052 -5596.3721 -5494.9424 -5385.4678 -5318.4604 -5379.0571 -5520.9438 -5392.0596 -5367.5234 -5120.6445 -5045.6274 -5175.0991 -5567.9531 -5493.7505 -5115.4834 -4931.2974 -4817.2114 -5051.9868 -5329.6567 -5291.1299 -4979.8574 -4843.3096 -5026.1021 -5016.3901 -5157.5674 -5144.4028 -4911.1895 -4730.3384 -4647.6323 -4759.9414 -4877.6528 -4869.6958
-5189.4951 -5281.8599 -5430.439 -5528.2568 -5540.2813 -5166.6372 -5009.5166 -4867.4683 -4905.8501 -5299.7124 -5574.9087 -5600.7749 -5433.1406 -5241.2085 -5267.5947 -5396.8491 -5412.5664 -5477.4561 -5482.541 -5424.4878 -5286.1606 -5220.2344 -5197.4028 -5122.4438 -4991.0181 -5117.7119 -5360.3564 -5347.4399 -5260.6738 -5165.2788 -5334.5684 -5465.3618 -5258.4868 -5314.875 -5003.3916 -5058.9897 -5229.9072 -5393.4521 -5414.3242 -5184.7715 -4911.8105 -4793.9404 -4850.5898 -5082.0396 -4945.0659 -4570.5405 -4796.9805 -4832.6294 -4756.2998 -4856.7222 -5089.6133 -4751.5146 -4579.5396 -4731.9238 -4896.5034 -4850.8389 -4735.0718
-5723.064 -5714.6816 -5838.6133 -5880.7998 -5776.0918 -5699.6841 -5683.8701 -5467.4727 -5459.4756 -5753.811 -5801.2051 -5607.5034 -5382.5991 -5188.9604 -5012.8135 -4956.9131 -5028.5044 -4993.0889 -5055.7314 -5105.6694 -4809.1143 -4910.8882 -5203.3535 -5143.6675 -5020.2705 -4970.9897 -4915.5503 -4861.1812 -4888.6924 -4867.8936 -5156.7158 -5365.9526 -5238.9194 -5206.8628 -4856.6138 -5224.3936 -5256.292 -5330.1108 -5299.3105 -4795.1816 -4511.0376 -4757.3325 -4955.7607 -5219.7109 -5033.2246 -4688.0176 -5057.4673 -4939.8975 -4599.3662 -4812.5293 -4962.6006 -4670.7163 -4714.542 -4887.937 -4994.1016 -4884.4194 -4824.8511
-5902.2358 -5778.04 -5746.1094 -5860.0332 -5853.7158 -5811.1357 -5812.1011 -5493.3828 -5151.6738 -5250.3403 -5201.2241 -5055.8379 -5212.8115 -5214.7402 -5129.9395 -5250.2275 -5297.3511 -5174.6533 -5229.9893 -5432.7925 -5458.3896 -5658.6431 -5767.1787 -5617.9941 -5426.0098 -5150.6426 -5001.8643 -5058.4741 -4947.8115 -4931.2993 -5107.4565 -5218.3486 -5096.353 -5194.8213 -5268.9175 -5339.5835 -5323.4473 -5462.3623 -5495.4233 -4884.541 -4765.8931 -4991.8208 -5343.8682 -5375.5298 -5393.0967 -5061.208 -5188.5718 -5076.4375 -5031.9365 -5203.5962 -5186.8359 -5060.9312 -4884.7422 -4818.5737 -4772.7017 -4536.8687 -4491.082
-5460.8228 -5470.9448 -5358.9473 -5345.9653 -5314.0024 -5246.4146 -5346.0176 -5291.583 -5163.6748 -5435.3911 -5505.1797 -5467.8154 -5701.3149 -5637.939 -5593.8745 -5810.6807 -5755.1157 -5576.6226 -5568.9834 -5785.1367 -6011.5356 -6029.5645 -5869.9639 -5858.0273 -5872.687 -5701.4229 -5586.272 -5490.1938 -5224.5259 -5035.6284 -5141.0146 -5384.3252 -5497.5967 -5618.4741 -5628.2207 -5429.5073 -5419.7969 -5131.5503 -5435.3691 -5560.6665 -5256.4204 -5027.9028 -5145.1226 -5078.3916 -5226.1958 -5051.4155 -4889.4346 -4823.5596 -5153.7236 -5091.1162 -4979.8223 -5030.042 -4824.5073 -4663.1807 -4495.4077 -4433.311 -4336.0283
-5221.0625 -5493.4111 -5365.6885 -5233.647 -5219.2598 -5362.3433 -5625.3174 -5729.8232 -5876.9238 -6030.0396 -5912.5166 -5853.2056 -5798.5967 -5464.3052 -5333.2495 -5485 -5448.2446 -5329.6377 -5350.1738 -5414.4346 -5481.2393 -5464.9395 -5401.4292 -5558.1377 -5765.1069 -5664.2871 -5698.5576 -5589.4453 -5577.877 -5275.897 -5202.4507 -5464.9404 -5345.2402 -5465.9922 -5516.626 -5127.8105 -5047.9014 -4986.8633 -5273.356 -5438.4551 -5082.6426 -4936.3364 -5010.6504 -4915.1294 -4904.2578 -4827.1016 -4785.1499 -4718.854 -4875.6836 -4774.2915 -4834.1743 -4869.4399 -4732.2363 -4546.6406 -4499.4604 -4853.7788 -4830.8643
-5914.7295 -6054.4844 -5927.355 -5838.7646 -5689.2153 -5596.2212 -5605.0317 -5510.1646 -5420.0977 -5458.0742 -5468.3672 -5488.0249 -5428.5283 -5216.1611 -5158.4619 -5278.9683 -5281.5112 -5220.5293 -5253.3477 -5233.2002 -5189.3149 -5214.4917 -5173.311 -5269.0811 -5491.9106 -5580.8511 -5544.6548 -5380.8394 -5420.8892 -5414.875 -5368.9512 -5422.8604 -5179.4756 -5258.6958 -5202.1187 -5246.4165 -5222.335 -4983.8311 -4991.8911 -4879.3701 -4969.9585 -4970.8628 -4747.6494 -4758.8267 -4598.4731 -4499.4521 -4682.2412 -4806.9087 -4782.0757 -4624.6582 -4788.2197 -4791.8369 -4573.5767 -4613.9868 -4781.96 -4725.3682 -4632.4209
-5988.6099 -5815.1318 -5593.1689 -5830.9321 -5688.4448 -5364.2461 -5297.0576 -5184.3208 -5064.9907 -5150.8994 -5171.4844 -5204.9438 -5377.1753 -5402.4868 -5357.0464 -5423.3218 -5452.3647 -5376.2568 -5321.5859 -5163.5928 -5114.4678 -5262.0229 -5217.7295 -5187.4185 -5252.2915 -5396.3467 -5454.5771 -5288.1143 -5183.2744 -5290.0015 -5256.0767 -5384.6543 -5480.0962 -5267.1724 -4922.5039 -5228.9932 -5177.6665 -4895.2251 -4987.0879 -4739.8154 -4878.6177 -5003.2417 -4893.3975 -4739.4614 -4444.4536 -4190.3511 -4320.4067 -4609.2632 -4537.9707 -4430.5005 -4723.9565 -4985.9629 -4652.9673 -4412.8594 -4541.7139 -4489.3491 -4379.0679
-5334.1108 -5343.2974 -5374.7466 -5650.0273 -5581.1533 -5409.9204 -5286.9023 -5211.439 -5093.6372 -5240.2524 -5203.1167 -5074.1465 -5329.9629 -5491.7173 -5438.2227 -5526.8755 -5641.1445 -5524.9307 -5418.7998 -5299.9448 -5216.6816 -5273.9204 -5247.5259 -5232.8867 -5198.3892 -5224.916 -5364.8711 -5341.5967 -5125.6426 -5149.9463 -5186.9575 -5285.7334 -5267.0728 -5066.3159 -4830.1611 -5093.293 -5284.7373 -5151.7017 -5231.4326 -5251.4746 -5214.4434 -5106.6499 -5188.4053 -5012.2578 -4875.2676 -4404.5957 -4252.4155 -4595.4233 -4634.354 -4340.2256 -4573.5479 -4982.9629 -4678.5327 -4414.5024 -4581.0264 -4647.7603 -4705.3857
-5369.8291 -5438.605 -5495.7925 -5565.9009 -5530.792 -5542.0034 -5264.8076 -5252.7134 -5249.1206 -5433.4443 -5355.3096 -5121.5591 -5290.0581 -5425.6396 -5366.23 -5484.4678 -5632.6826 -5464.1064 -5297.2749 -5349.6733 -5259.2695 -5030.2651 -4929.168 -5027.2871 -5066.0039 -5113.3379 -5293.5615 -5426.8765 -5277.7285 -5031.0083 -5103.7964 -5058.7119 -4794.3306 -4767.3154 -4806.1719 -4986.958 -5150.4971 -4931.167 -4908.937 -5158.0752 -5317.5122 -5297.0098 -5337.8291 -5355.5605 -5181.043 -5095.1455 -5003.2349 -5142.8052 -5109.9438 -4720.8525 -4783.8911 -5055.4678 -4950.478 -4997.8809 -5041.6934 -4820.5132 -4854.5293
-5622.7798 -5539.6724 -5516.3882 -5470.5815 -5392.8486 -5439.1064 -5287.2524 -5336.5796 -5387.6816 -5636.5645 -5559.5205 -5272.6221 -5212.5234 -5254.8901 -5217.2876 -5240.8535 -5284.5239 -5191.0688 -5108.001 -5217.8071 -5042.3574 -4644.0752 -4521.1265 -4757.4565 -4894.6655 -5000.457 -5117.5332 -5167.9277 -5053.6938 -4856.3657 -5087.0015 -5041.7954 -4581.3213 -4681.7476 -4839.6128 -5070.8784 -5175.1533 -4959.8545 -4801.7529 -5022.7896 -5008.1206 -5024.3311 -5167.9443 -5225.9131 -5185.1152 -5279.5576 -5169.022 -5102.4653 -4895.9507 -4635.479 -4802.4082 -5048.7915 -5037.6006 -5096.9116 -4930.0308 -4526.4355 -4400.7861
-5512.2578 -5605.6421 -5476.2974 -5422.4775 -5403.2007 -5630.7759 -5773.9644 -5616.4321 -5534.0073 -5721.814 -5807.2056 -5631.8916 -5374.2563 -5362.3823 -5382.7529 -5391.3706 -5298.8203 -5132.0332 -5079.1831 -5197.4922 -5112.2412 -4885.3618 -4832.2441 -5008.1865 -4961.8623 -4909.458 -4853.645 -4895.7925 -4778.8848 -4696.7998 -5096.2793 -5349.0654 -5078.6807 -5054.7393 -5034.7925 -5145.2476 -5260.0225 -4942.8896 -4771.3765 -4910.5918 -4775.1079 -4762.1172 -4959.3013 -5014.0176 -5094.9165 -5138.2285 -4962.9907 -4817.603 -4671.1069 -4512.2754 -4708.2681 -4894.5894 -4942.4209 -5120.5356 -4944.9927 -4446.4546 -4146.6675
-5785.5889 -5835.0796 -5705.3477 -5746.7642 -5864.9497 -6000.6499 -6035.0552 -5784.7915 -5520.9727 -5466.792 -5670.0479 -5778.0923 -5478.3779 -5400.3276 -5448.502 -5577.4399 -5563.7832 -5270.624 -5196.6289 -5461.4966 -5580.2388 -5624.8618 -5607.583 -5413.3696 -5197.8149 -4967.3813 -4869.6616 -5078.2515 -5199.3696 -5158.3511 -5329.9785 -5496.71 -5317.2661 -5178.9912 -5097.0469 -5037.6948 -5035.6929 -4636.0571 -4724.9297 -4793.0078 -4492.4526 -4491.2104 -4757.7725 -4756.4561 -4912.2349 -4938.8901 -4697.3838 -4605.356 -4622.0659 -4577.3643 -4717.8701 -4884.9233 -5038.4653 -5176.8833 -5077.0371 -4820.5122 -4512.3779
-5971.0132 -5969.4243 -5835.2998 -5761.25 -5774.2759 -5832.7466 -5812.3916 -5637.9336 -5364.5796 -5122.1162 -5312.27 -5637.8057 -5533.9761 -5378.7129 -5428.9395 -5670.2051 -5699.7319 -5447.8228 -5407.6284 -5549.4658 -5459.9873 -5563.9648 -5504.7505 -5270.3423 -5396.8462 -5268.5981 -5136.6104 -5335.4155 -5549.4824 -5392.4893 -5251.519 -5444.3296 -5363.7666 -5050.0034 -4855.0518 -4955.4546 -5037.4868 -4705.9824 -4977.7524 -4915.9478 -4683.4248 -4586.9243 -4725.958 -4687.1118 -4703.9512 -4640.8413 -4686.5786 -4750.7051 -4651.2246 -4523.2363 -4586.5615 -4899.3477 -4978.7925 -5035.4292 -5067.4526 -5007.3623 -4743.0332
-5694.022 -5693.5635 -5627.1396 -5422.6406 -5392.2681 -5587.1167 -5609.0854 -5554.4248 -5407.5786 -5075.2471 -5094.2593 -5386.2017 -5450.5601 -5429.3252 -5476.6689 -5589.0874 -5623.1191 -5677.189 -5622.5566 -5383.0439 -5267.6919 -5429.6563 -5487.7588 -5330.2324 -5513.5044 -5463.0391 -5262.8174 -5419.2046 -5434.0947 -5120.1284 -5055.8486 -5448.7148 -5513.8906 -5146.5532 -4800.6807 -5016.5391 -5150.5308 -5045.1465 -5245.0063 -5274.6133 -5298.0391 -5043.5479 -5006.0005 -5048.4819 -4911.1836 -4682.8457 -5047.709 -5181.3901 -4874.5439 -4475.4668 -4452.6079 -4728.0513 -4637.2856 -4857.4487 -5025.5166 -4994.9741 -4777.896
