Resources/Map/Lvl0_30x30/Ele_DL.asc
ncols         335
nrows         335
xllcorner     16805000
yllcorner     -3375000
cellsize      10000
nodata_value  -99999.0
[rows 78 to 103 of 335, columns 228 to 284 of 335]
-5167.7339 -5192.7451 -5232.0732 -5294.3208 -5277.9238 -5300.6831 -5352.5024 -5343.3218 -5366.8604 -5397.8994 -5374.0781 -5385.4009 -5378.9326 -5365.2549 -5341.6973 -5359.8765 -5416.249 -5455.2671 -5419.8384 -5399.6543 -5393.4224 -5443.3994 -5456.084 -5405.9019 -5427.3286 -5312.8633 -4913.4985 -4740.085 -5078.6587 -5375.9561 -5387.7666 -5359.7344 -5350.3599 -5330.8921 -5217.1719 -5251.4526 -5246.7036 -5189.9043 -5259.1572 -5313.6548 -5330.4155 -5276.0513 -5348.4678 -5502.2842 -5519.5225 -5523.9946 -5528.7993 -5498.4585 -5447.1602 -5291.1147 -5337.7632 -5322.3657 -5005.5884 -4933.1206 -4805.1738 -4931.3335 -5074.9702
-5257.2207 -5268.5474 -5293.0996 -5321.2568 -5266.3452 -5303.9365 -5365.3613 -5353.4995 -5368.5957 -5389.2803 -5393.6211 -5389.4727 -5371.1665 -5398.0669 -5385.1982 -5370.6074 -5377.9541 -5365.0615 -5380.0615 -5392.2534 -5414.4927 -5517.4834 -5502.3433 -5364.0552 -5407.9404 -5295.3999 -4861.6318 -4720.4243 -5227.1016 -5401.7622 -5385.1167 -5429.374 -5417.228 -5361.376 -5303.1177 -5312.1328 -5276.7974 -5208.3701 -5301.2661 -5370.8018 -5301.2236 -5212.8232 -5304.7183 -5454.9321 -5453.3394 -5471.7051 -5503.1138 -5407.3447 -5259.6909 -5121.335 -5285.918 -5376.7534 -5181.3184 -5054.4966 -5082.4121 -5227.7295 -5200.936
-5338.3809 -5347.0679 -5361.9404 -5356.7778 -5330.8784 -5361.1553 -5384.8027 -5366.147 -5383.6758 -5392.9683 -5397.6528 -5389.4907 -5376.9976 -5406.4312 -5393.9409 -5368.2783 -5304.249 -5312.0967 -5401.1636 -5430.1294 -5522.2319 -5491.5474 -5413.6582 -5225.3477 -5223.6611 -5357.561 -5368.0298 -5362.4805 -5420.8374 -5427.7134 -5387.9199 -5389.4292 -5357.667 -5350.1758 -5348.0732 -5339.603 -5342.6572 -5280.8091 -5360.3677 -5453.1108 -5229.9053 -5029.2207 -5176.6987 -5380.3984 -5375.1958 -5414.6099 -5478.4492 -5403.0293 -5295.082 -5125.5806 -5209.8711 -5304.6138 -5255.9346 -5162.0947 -5236.6221 -5386.3408 -5275.2944
-5357.5811 -5394.5527 -5400.4746 -5392.9756 -5386.3906 -5383.791 -5385.8286 -5372.084 -5375.1782 -5384.4873 -5399.9302 -5398.4189 -5392.8662 -5400.5522 -5390.1172 -5362.0527 -5288.6089 -5333.2114 -5410.2183 -5427.0288 -5454.0801 -5358.3066 -5301.1611 -5170.2373 -5051.8633 -5278.5566 -5442.5498 -5444.6113 -5394.4702 -5468.373 -5442.8716 -5351.3638 -5313.4453 -5305.1753 -5372.5645 -5365.7261 -5381.417 -5338.0786 -5349.3345 -5454.8369 -5275.2036 -5028.3911 -5099.6333 -5250.7783 -5304.1665 -5336.8423 -5362.8828 -5364.6895 -5350.834 -5155.7041 -5094.3525 -5190.3784 -5211.7246 -5074.2314 -5083.8066 -5285.5645 -5309.7573
-5213.2603 -5294.4424 -5362.7905 -5406.3706 -5399.7036 -5390.9766 -5388.4336 -5376.2974 -5369.2744 -5377.7183 -5396.6089 -5394.6123 -5394.0288 -5393.1309 -5385.7158 -5361.1187 -5284.4751 -5285.6357 -5369.0508 -5393.437 -5296.1865 -5318.9233 -5295.9233 -5257.0063 -5160.5088 -5241.7856 -5339.5718 -5415.9058 -5373.7729 -5444.2075 -5425.458 -5320.5635 -5354.7944 -5317.4473 -5415.9976 -5430.022 -5408.1709 -5398.4678 -5362.9395 -5444.4424 -5491.0801 -5382.1108 -5312.9976 -5272.7139 -5316.9941 -5333.5459 -5308.6089 -5303.6631 -5337.2622 -5205.6631 -5068.2837 -5132.7915 -5150.8374 -5006.3057 -5048.5024 -5214.8569 -5299.5132
-5108.5459 -5029.4141 -5110.6763 -5265.2866 -5320.9482 -5387.4302 -5396.4648 -5376.0327 -5381.646 -5390.0635 -5393.1201 -5399.5215 -5391.7539 -5398.2178 -5388.5835 -5372.5464 -5273.8091 -5198.501 -5317.6919 -5368.853 -5149.5303 -5218.8003 -5294.3848 -5333.2959 -5295.5425 -5277.9053 -5263.1855 -5332.4463 -5273.7754 -5308.5928 -5316.4155 -5248.9678 -5284.2363 -5261.1934 -5380.6128 -5395.2656 -5361.0918 -5431.4858 -5427.0054 -5449.6792 -5519.1733 -5480.6997 -5390.356 -5305.2935 -5293.6206 -5316.562 -5358.3594 -5275.5361 -5283.7974 -5263.9795 -5097.999 -5079.8735 -5047.5664 -4965.791 -5132.2754 -5245.5322 -5297.8096
-5248.7627 -5022.8306 -4979.5811 -5100.187 -5179.2104 -5336.1138 -5410.2666 -5396.1543 -5409.6099 -5407.0933 -5398.3003 -5426.1255 -5408.541 -5415.7593 -5398.9912 -5382.4214 -5317.4795 -5252.4927 -5328.1196 -5385.3677 -5227.4697 -5178.0659 -5292.8999 -5344.3657 -5355.1675 -5323.8306 -5259.8022 -5209.334 -5195.4604 -5206.5474 -5191.0728 -5201.9946 -5207.623 -5163.334 -5280.0132 -5328.8057 -5348.6143 -5451.8447 -5477.5605 -5497.1538 -5472.3604 -5422.0996 -5350.7339 -5273.8677 -5275.5474 -5323.4668 -5341.4482 -5194.9849 -5222.3892 -5268.7261 -5093.2534 -5058.8521 -4970.7466 -4921.6167 -5255.4487 -5346.0645 -5226.3594
-5347.9521 -5191.4634 -4983.144 -4841.7646 -4809.3228 -4954.5747 -5185.2109 -5307.1855 -5330.1743 -5280.3999 -5324.4751 -5361.3325 -5395.4937 -5430.0635 -5415.1865 -5401.0576 -5393.9751 -5374.8262 -5373.9873 -5411.2739 -5378.5762 -5277.6289 -5336.9214 -5358.7734 -5386.5542 -5346.7207 -5288.7593 -5251.6274 -5291.1396 -5275.2949 -5190.6714 -5214.5059 -5214.6011 -5126.7588 -5231.1758 -5348.4336 -5418.2061 -5490.5518 -5499.9312 -5539.5684 -5513.6279 -5454.356 -5407.0796 -5355.4819 -5345.168 -5397.0474 -5370.3706 -5224.0454 -5245.6465 -5249.269 -5066.4854 -5105.9604 -5029.9102 -4934.3701 -5338.2529 -5434.7715 -5105.6299
-5381.5986 -5311.9639 -5122.4751 -4812.354 -4564.2715 -4533.4194 -4732.3809 -4992.7642 -4861.4111 -4762.2725 -4982.4224 -4988.9497 -5198.2993 -5254.1357 -5256.2095 -5192.9712 -5306.2163 -5225.5562 -5153.2554 -5308.7832 -5369.6606 -5314.6997 -5369.2656 -5383.3062 -5454.1436 -5408.8813 -5346.8882 -5351.9922 -5349.4316 -5337.6001 -5290.4272 -5253.7217 -5184.187 -5112.604 -5247.8438 -5403.4258 -5429.2617 -5482.0742 -5541.1426 -5575.6216 -5569.0923 -5525.8291 -5488.4219 -5458.0527 -5447.3286 -5478.0571 -5424.5938 -5307.1177 -5280.647 -5182.8315 -4970.5674 -5062.3506 -5094.6812 -5023.5884 -5325.9165 -5442.0137 -5171.9092
-5362.334 -5385.6567 -5384.3491 -5225.5815 -4933.5034 -4815.0957 -4860.0825 -4997.0308 -4542.8564 -4378.7842 -4684.7295 -4723.6143 -5057.5454 -5132.5654 -5099.0737 -4966.1401 -5138.5654 -4860.0249 -4690.3184 -4952.3867 -5020.7832 -5009.6216 -5057.6406 -5117.396 -5239.6528 -5299.6895 -5296.166 -5314.3911 -5364.4453 -5332.7256 -5264.7505 -5137.5596 -5059.9824 -5126.6646 -5315.2515 -5468.2144 -5419.9878 -5445.7803 -5575.8389 -5665.2617 -5676.1704 -5623.4272 -5592.855 -5558.3545 -5530.731 -5528.8823 -5462.5439 -5329.1646 -5250.0225 -5145.1978 -4891.9185 -4865.2935 -5094.8276 -5160.7817 -5207.9932 -5308.5664 -5302.4653
-5372.8701 -5384.251 -5402.6694 -5374.8574 -5272.7402 -5255.5317 -5284.4087 -5278.4307 -4811.8242 -4727.0278 -4991.2544 -5014.5029 -5119.8584 -5249.2651 -5242.3872 -5173.0444 -5300.8379 -5006.874 -4725.6597 -4865.4863 -4864.8018 -4897.2227 -4905.043 -4958.7295 -4950.3838 -5043.105 -5093.6289 -5221.4531 -5377.5107 -5228.0493 -5027.1235 -4907.5044 -4836.3608 -5001.3579 -5245.5752 -5386.0327 -5389.6597 -5269.4697 -5319.4277 -5550.8081 -5683.2207 -5702.0381 -5736.0659 -5698.4951 -5622.2715 -5557.5459 -5485.6416 -5392.5352 -5283.2134 -5171.2061 -4893.5337 -4659.8174 -4981.229 -5220.8511 -5155.8184 -5229.9443 -5340.3691
-5374.9209 -5362.9106 -5365.9873 -5375.2368 -5371.4111 -5387.8428 -5393.1099 -5334.2788 -5126.105 -5189.9277 -5349.814 -5266.7686 -5129.8311 -5304.3174 -5330.6309 -5247.0972 -5432.7095 -5299.939 -5100.3091 -5161.1895 -5076.8149 -5127.8101 -5116.9644 -5098.9883 -4942.0796 -4917.3403 -4883.9585 -4804.8027 -5019.9941 -5141.3447 -5083.7393 -5031.8574 -4906.3145 -4967.7222 -5090.1475 -4981.2202 -4941.6201 -4777.3203 -4696.7295 -4974.0088 -5246.4736 -5438.4419 -5587.1631 -5629.4614 -5588.5166 -5481.7104 -5422.3936 -5465.355 -5415.022 -5268.4385 -5023.7813 -4623.0703 -4696.9165 -4987.6484 -5157.4116 -5324.1382 -5386.3135
-5264.5386 -5234.1646 -5232.4458 -5299.8569 -5355.856 -5406.3477 -5433.814 -5369.8032 -5317.2754 -5356.458 -5368.4624 -5258.5342 -5226.5 -5390.2822 -5425.9316 -5310.7788 -5331.4619 -5188.5181 -5170.6084 -5308.0552 -5208.77 -5204.8481 -5173.9814 -5090.8164 -4923.479 -4920.7471 -4876.7715 -4362.0195 -4510.5796 -4972.2109 -5007.8818 -5186.8198 -5193.9097 -5167.8394 -5135.8208 -4821.0405 -4626.2964 -4648.8008 -4723.6182 -4892.0669 -5045.7471 -5161.9351 -5188.2651 -5233.4043 -5331.9546 -5312.7168 -5313.7744 -5480.7686 -5546.5938 -5442.98 -5330.7461 -4991.0757 -4704.7661 -4693.5117 -4849.563 -5221.1392 -5360.3281
-5188.5903 -5133.978 -5096.4448 -5209.7139 -5329.2012 -5387.9102 -5449.0156 -5423.603 -5390.5908 -5344.249 -5262.9751 -5221.2314 -5313.2798 -5459.0767 -5531.668 -5416.499 -5228.2417 -5119.1982 -5130.3936 -5189.8652 -5216.4268 -5300.7451 -5258.4111 -5223.1641 -5168.4478 -5107.8638 -5098.3257 -4817.3267 -4876.4185 -5063.7622 -4863.2432 -5099.4673 -5184.7705 -5168.3721 -5220.5493 -5054.4893 -4828.313 -4756.2983 -4935.8179 -5172.4937 -5257.6006 -5327.2764 -5258.0342 -5169.3569 -5269.3223 -5268.3809 -5212.1294 -5375.6606 -5476.4316 -5462.5684 -5496.6689 -5418.5942 -5194.5464 -4842.4434 -4527.6895 -5000.8877 -5212.2158
-5188.8286 -5158.729 -5091.917 -5190.5459 -5326.3267 -5354.4277 -5389.9009 -5370.1416 -5345.9653 -5289.8887 -5248.4736 -5315.981 -5382.0381 -5458.7305 -5502.7275 -5426.5439 -5243.7749 -5235.9907 -5325.1855 -5299.9282 -5295.8936 -5329.2383 -5281.3857 -5335.395 -5398.7515 -5308.8779 -5244.9268 -5258.7388 -5228.0454 -5218.8384 -5101.29 -5141.5498 -5055.0098 -4991.0454 -5088.7163 -5130.8813 -5130.5674 -5012.835 -5054.3374 -5087.2173 -5006.3921 -5198.5859 -5355.3047 -5296.7739 -5278.4287 -5256.0493 -5199.6865 -5117.9199 -4991.8452 -5064.4771 -5268.8989 -5364.8467 -5425.3687 -5131.561 -4557.8281 -4905.7705 -5075.2144
-5170.9922 -5168.7012 -5099.3447 -5146.373 -5277.2759 -5331.2529 -5302.2686 -5203.1025 -5261.3403 -5317.1411 -5373.4399 -5425.3306 -5418.873 -5404.3042 -5409.0918 -5422.2603 -5313.77 -5332.3389 -5474.0742 -5433.2065 -5405.2124 -5293.6426 -5245.6582 -5254.2422 -5298.5249 -5297.3247 -5261.2583 -5245.3657 -5085.2339 -5103.311 -5271.5117 -5311.0498 -5192.2607 -5050.7954 -4984.6016 -4931.0918 -4987.3477 -5107.6045 -5218.562 -5062.9907 -4873.4614 -5008.8418 -5222.6255 -5241.4717 -5129.9478 -5134.7114 -5260.4082 -5172.001 -4888.1802 -4779.8486 -4887.5259 -4983.6729 -5211.4019 -5162.938 -4743.939 -4779.8032 -5002.208
-5104.9316 -5088.7681 -5037.1763 -5079.4868 -5205.8765 -5255.6694 -5125.7778 -5006.9575 -5252.9238 -5416.0376 -5457.6489 -5438.6162 -5419.1987 -5385.5474 -5410.4092 -5420.5869 -5276.7324 -5314.5283 -5391.3745 -5389.5356 -5486.5327 -5368.332 -5338.6924 -5314.1978 -5220.5977 -5194.6704 -5281.2441 -5239.2969 -5100.9087 -5095.4033 -5215.0747 -5250.835 -5308.8936 -5245.7563 -5097.0396 -4816.375 -4717.6533 -4999.5146 -5243.8184 -5172.6108 -5033.7568 -5018.2002 -5171.4224 -5242.3472 -5076.1108 -5008.9414 -5168.2988 -5320.7754 -5268.2598 -5010.0898 -4757.1338 -4662.4092 -4913.6328 -5012.4258 -4919.5615 -4809.8589 -5006.5449
-5011.8755 -5017.9644 -5015.353 -5087.98 -5159.895 -5105.5347 -5017.4302 -5079.1396 -5340.3809 -5432.5039 -5414.7026 -5424.5215 -5413.8594 -5369.272 -5429.6934 -5342.0996 -5156.3677 -5193.7632 -5219.3042 -5275.2065 -5502.5107 -5401.0674 -5346.8584 -5381.0635 -5297.6489 -5215.374 -5326.2739 -5324.3042 -5263.4854 -5232.8481 -5076.5137 -5018.8823 -5212.1855 -5264.3521 -5237.4131 -5032.0757 -4917.5615 -5085.2896 -5206.9639 -5206.9082 -5204.0771 -5107.0513 -5106.1387 -5264.5107 -5231.7896 -5025.2935 -4996.0869 -5221.751 -5393.1636 -5272.3066 -4921.4473 -4558.8062 -4771.8672 -4928.3008 -4939.5034 -4753.8374 -4898.2837
-4972.6265 -4991.9541 -5000.8423 -5069.1958 -5065.6143 -5042.4233 -5197.1665 -5318.3867 -5394.0083 -5406.2822 -5403.0137 -5433.0308 -5399.5186 -5310.1309 -5271.3159 -5208.9092 -5114.8062 -5072.3433 -5235.9917 -5260.1426 -5338.9048 -5135.8628 -5100.6519 -5213.3833 -5250.0864 -5287.4912 -5333.7925 -5333.145 -5280.5088 -5296.5024 -5109.4912 -4982.665 -5121.1758 -5189.2866 -5208.7788 -5178.6177 -5231.3867 -5288.7427 -5215.3379 -5152.6704 -5172.1357 -4942.5806 -4832.7651 -5086.3877 -5177.0005 -5125.9302 -5102.769 -5255.103 -5407.7949 -5298.3301 -5076.2153 -4878.6689 -4932.3633 -4922.4468 -4802.8979 -4535.1826 -4716.4878
-4981.1416 -4988.4878 -4996.0117 -5028.0938 -5010.4497 -5126.252 -5318.5093 -5295.6143 -5355.4834 -5420.0435 -5452.1445 -5427.2524 -5365.333 -5183.5313 -4893.9673 -5011.9688 -5160.5562 -5092.7915 -5355.1187 -5430.7373 -5327.0635 -5045.9141 -5024.7861 -5004.8013 -5067.7627 -5308.9478 -5332.2588 -5283.2251 -5191.0918 -5268.6069 -5232.7637 -5177.6489 -5248.9917 -5236.1064 -5091.0122 -5071.3315 -5266.9922 -5375.395 -5306.6577 -5209.1406 -5155.6118 -5026.4951 -5000.7373 -5086.5591 -5082.8086 -5094.9263 -5115.2314 -5268.7383 -5384.6196 -5238.1445 -5108.9873 -5049.0117 -4968.8521 -4972.019 -4840.5615 -4642.8296 -4832.187
-4918.7549 -4977.3008 -5082.1992 -5152.6572 -5181.7236 -5217.1836 -5225.3223 -5165.8394 -5333.1958 -5435.7954 -5415.3667 -5266.562 -5250.7852 -5062.7837 -4706.3081 -5044.9063 -5353.6631 -5386.3613 -5481.501 -5540.8174 -5403.4375 -5253.252 -5328.7974 -5191.3569 -5122.5557 -5329.8945 -5312.7148 -5233.9741 -5187.7529 -5261.9326 -5278.4663 -5279.4668 -5314.3267 -5249.3608 -5105.7417 -5072.8784 -5243.4668 -5360.6587 -5373.063 -5347.5215 -5308.7954 -5242.0503 -5199.7817 -5158.5605 -5151.5176 -5169.9287 -5119.4614 -5163.0088 -5211.5903 -5160.8066 -5115.9922 -5017.0713 -4894.6563 -4977.6753 -5021.6201 -5068.688 -5215.5767
-4903.0615 -5004.417 -5137.1416 -5243.2373 -5257.0684 -5164.1724 -5100.856 -5087.7939 -5316.4707 -5423.1641 -5363.3379 -5266.3525 -5255.1294 -5148.4922 -5028.9106 -5317.3628 -5518.1372 -5571.7183 -5422.9814 -5468.9561 -5440.4409 -5352.627 -5418.1201 -5346.0176 -5304.1602 -5314.6636 -5214.2153 -5165.9297 -5195.3081 -5219.1963 -5217.1768 -5206.0371 -5272.4063 -5301.1094 -5284.0645 -5258.3071 -5316.1548 -5387.1709 -5430.4243 -5431.1582 -5434.543 -5343.4429 -5231.0757 -5166.8545 -5158.6968 -5196.3013 -5164.8472 -5094.9971 -5058.7397 -5144.1377 -5205.2202 -5114.1812 -5017.5142 -5050.6689 -5048.9756 -5085.7891 -5214.5718
-4901.3354 -5047.3057 -5176.2349 -5239.9629 -5249.0654 -5155.5322 -5009.3008 -5018.7651 -5298.5508 -5389.1445 -5344.5313 -5357.8501 -5301.9443 -5355.6606 -5420.5898 -5527.2764 -5555.0986 -5552.2407 -5296.5771 -5377.7949 -5433.4473 -5392.395 -5401.8994 -5364.8618 -5342.5337 -5244.0381 -5146.9395 -5156.1538 -5178.7305 -5141.8623 -5195.6699 -5181.3237 -5233.1514 -5295.2217 -5303.603 -5322.5186 -5374.1377 -5447.46 -5460.7715 -5365.6143 -5405.0605 -5349.8267 -5196.6401 -5177.8657 -5192.6235 -5209.0146 -5204.7588 -5146.4946 -5101.9214 -5197.8501 -5240.709 -5127.4009 -5017.6152 -5001.9521 -4931.5728 -4843.3809 -4895.0928
-4922.9097 -5071.04 -5177.5972 -5180.2207 -5208.2749 -5158.2148 -5020.709 -5156.6538 -5353.1846 -5282.1045 -5240.5303 -5331.3911 -5174.4819 -5275.2075 -5441.6548 -5456.0771 -5401.3223 -5415.605 -5362.4336 -5349.0659 -5368.6851 -5340.1963 -5393.752 -5384.2207 -5338.7529 -5214.0767 -5179.126 -5209.3477 -5204.21 -5166.9487 -5205.4922 -5142.5518 -5201.3081 -5297.4829 -5300.1465 -5332.7207 -5364.9312 -5421.6353 -5406.1528 -5287.2036 -5399.375 -5278.6587 -4957.9873 -5029.8198 -5177.2793 -5201.6846 -5199.6509 -5157.0947 -5132.7329 -5190.1597 -5206.9883 -5145.9858 -5060.6538 -4980.3867 -4874.1841 -4756.897 -4722.7866
-4902.3301 -4998.2319 -5059.4395 -5089.4438 -5171.5669 -5194.0874 -5146.8521 -5308.562 -5295.6548 -5154.8247 -5185.2822 -5364.0249 -5204.271 -5118.6118 -5258.2236 -5318.4082 -5168.6084 -5180.4063 -5319.4639 -5243.8799 -5196.2573 -5242.2813 -5347.4048 -5360.4917 -5297.3247 -5156.2505 -5165.7651 -5201.5449 -5235.5078 -5182.7212 -5130.1875 -5119.457 -5259.6675 -5337.5815 -5333.7378 -5336.8755 -5315.6538 -5404.6997 -5442.0688 -5372.3867 -5430.3101 -5229.1948 -4871 -4907.5479 -5075.6543 -5156.2261 -5174.1812 -5073.4507 -5008.9263 -5088.3218 -5143.4673 -5167.2432 -5163.0889 -5036.126 -4868.5835 -4751.2539 -4788.8945
-4903.7842 -4966.1064 -5004.2227 -5038.9443 -5129.7505 -5235.3735 -5293.1694 -5328.5786 -5226.3052 -5169.625 -5219.4365 -5252.2256 -5143.0864 -5001.1641 -4991.5327 -5072.417 -5096.6978 -5117.624 -5214.293 -5154.5347 -5164.4702 -5256.7393 -5281.5615 -5223.5781 -5118.1055 -5129.7681 -5196.2251 -5177.2817 -5214.4478 -5212.416 -5180.7236 -5221.395 -5295.3711 -5318.583 -5403.1904 -5416.7261 -5304.9937 -5335.3818 -5317.9985 -5289.7852 -5363.4287 -5178.4248 -4939.3457 -4931.8066 -5013.0449 -5111.2124 -5169.7866 -5109.8218 -5063.3623 -5111.6963 -5085.6338 -5017.1289 -4997.1875 -4956.7959 -4907.8848 -4874.2148 -4939.2085
