Resources/Map/Lvl0_30x30/Ele_BF.asc
ncols         335
nrows         335
xllcorner     -3295000
yllcorner     3325000
cellsize      10000
nodata_value  -99999.0
[rows 0 to 24 of 335, columns 174 to 231 of 335]
-1407.3657 -1355.3889 -1276.1462 -1175.486 -1097.4083 -1050.0818 -1004.6245 -984.4947 -972.088 -967.7271 -981.6278 -998.2954 -1014.3218 -1039.9045 -1052.3064 -1059.4556 -1080.7131 -1101.3153 -1117.9476 -1144.5087 -1171.1046 -1163.0629 -1019.3474 -796.1693 -629.2131 -559.3573 -600.0091 -704.8165 -815.2053 -897.4567 -964.0596 -1006.4624 -1027.988 -1057.2148 -1085.5883 -1102.3014 -1110.1604 -1110.2037 -1122.0516 -1146.4158 -1156.2496 -1163.9095 -1162.1593 -1149.3734 -1159.4003 -1173.4189 -1209.0424 -1242.9343 -1272.5089 -1313.5454 -1344.8511 -1365.8563 -1361.9619 -1356.6321 -1360.1555 -1352.9166 -1313.5746 -1276.6895
-1289.7853 -1249.2766 -1217.1421 -1160.2511 -1118.9291 -1090.9011 -1060.9229 -1058.7417 -1082.3204 -1091.5009 -1106.281 -1134.9662 -1151.2953 -1168.0758 -1186.4387 -1201.5297 -1225.8889 -1244.2286 -1244.7327 -1241.3632 -1236.924 -1199.3505 -1069.6096 -908.1537 -814.1898 -794.5741 -838.9617 -919.2089 -991.2362 -1036.0552 -1075.7898 -1102.2302 -1112.3937 -1126.0109 -1140.3508 -1136.7295 -1121.875 -1110.4191 -1098.9663 -1098.8914 -1127.2394 -1160.1222 -1194.8732 -1219.2975 -1225.4806 -1249.2303 -1287.0109 -1312.7573 -1309.3835 -1336.002 -1354.4017 -1364.0007 -1366.5568 -1376.4283 -1386.2263 -1385.3508 -1359.4487 -1327.4323
-1201.4762 -1157.7924 -1139.1343 -1139.1858 -1163.7427 -1168.9032 -1166.7516 -1190.3951 -1212.3827 -1220.1044 -1224.5217 -1226.4597 -1229.449 -1243.0253 -1263.3783 -1276.9193 -1289.4674 -1300.6433 -1287.6659 -1253.0648 -1251.3533 -1245.7432 -1169.8414 -1100.1168 -1071.2645 -1066.3898 -1092.0568 -1140.9762 -1191.2269 -1219.3673 -1241.6531 -1267.5824 -1293.9442 -1313.5204 -1308.1937 -1278.8036 -1256.6753 -1248.2688 -1210.7157 -1183.6705 -1195.8927 -1246.9441 -1283.9332 -1288.7449 -1290.1177 -1323.8545 -1346.7229 -1364.0081 -1371.3873 -1380.8844 -1380.3556 -1370.3197 -1371.5715 -1387.485 -1394.54 -1387.8154 -1367.0874 -1333.2073
-1156.3756 -1144.4318 -1164.2415 -1209.2329 -1245.7264 -1266.6962 -1284.6851 -1296.1995 -1290.2961 -1291.4727 -1293.5735 -1283.2368 -1290.6597 -1304.1346 -1300.0411 -1284.1667 -1285.2051 -1305.9622 -1312.2421 -1300.1576 -1332.5221 -1336.3776 -1245.4543 -1185.5911 -1180.5289 -1191.2769 -1221.4683 -1274.5621 -1342.4905 -1383.6418 -1395.4574 -1421.7797 -1463.0073 -1488.8208 -1480.3666 -1450.3014 -1432.9133 -1416.6794 -1402.4379 -1374.0756 -1335.4052 -1339.4196 -1372.5498 -1353.6777 -1355.7318 -1395.6743 -1427.653 -1442.0319 -1440.2866 -1434.3884 -1429.4932 -1434.3007 -1442.3059 -1428.5096 -1409.3077 -1396.4149 -1378.5917 -1317.7139
-1102.5754 -1149.7292 -1196.5757 -1237.7073 -1256.8994 -1261.2434 -1276.198 -1295.9623 -1305.5099 -1318.9025 -1327.2328 -1331.4264 -1379.8369 -1412.2483 -1398.8855 -1362.5095 -1342.5045 -1342.8439 -1348.1453 -1360.8204 -1412.6431 -1448.6029 -1416.5494 -1388.7368 -1386.4121 -1404.2079 -1441.5902 -1482.6454 -1524.0687 -1548.491 -1557.5201 -1572.1099 -1581.9457 -1582.2909 -1566.3773 -1539.0857 -1528.4806 -1534.2086 -1532.5873 -1477.5853 -1391.1355 -1297.4846 -1262.8245 -1265.9288 -1289.7225 -1348.2985 -1449.386 -1549.1583 -1547.4335 -1497.9764 -1473.1886 -1473.9949 -1474.0239 -1451.4225 -1430.2092 -1411.8757 -1399.1533 -1376.3627
-1006.1482 -1068.1936 -1121.8771 -1166.6718 -1206.7448 -1227.8422 -1254.3174 -1293.1624 -1329.3646 -1356.7122 -1362.4186 -1371.0441 -1434.5613 -1475.731 -1467.9349 -1443.6764 -1423.3344 -1404.8555 -1399.2373 -1419.7704 -1460.9041 -1501.5728 -1509.4325 -1509.214 -1519.3235 -1537.3132 -1569.5289 -1602.8773 -1623.8004 -1645.6975 -1666.7339 -1678.8052 -1675.0613 -1664.0441 -1645.2128 -1601.5116 -1563.2877 -1541.1056 -1441.7469 -1242.8115 -1100.0819 -990.0911 -901.1629 -930.1931 -1002.0835 -1065.2072 -1174.9949 -1372.1791 -1536.5624 -1568.7709 -1533.0291 -1494.7242 -1484.0377 -1472.3701 -1448.1671 -1425.895 -1417.2916 -1413.2139
-1011.3995 -1075.0017 -1105.9628 -1138.8379 -1186.5492 -1224.5967 -1272.2134 -1326.6798 -1368.0272 -1402.5856 -1397.8315 -1390.4314 -1430.1212 -1463.1016 -1472.1492 -1471.8734 -1460.6246 -1440.6571 -1441.3165 -1478.1079 -1525.4094 -1563.9276 -1583.7983 -1605.0316 -1639.5396 -1665.7657 -1691.8674 -1728.2382 -1753.2767 -1770.3163 -1784.5686 -1797.078 -1803.6147 -1787.7078 -1731.9215 -1632.6215 -1488.6426 -1319.2906 -1101.4912 -864.038 -743.2267 -662.8077 -599.3968 -607.3147 -724.3788 -915.5943 -1059.1428 -1168.7037 -1292.1608 -1427.5657 -1526.7476 -1548.1431 -1540.7179 -1533.0703 -1499.8801 -1456.8381 -1440.0898 -1449.7269
-948.7525 -1021.5346 -1062.7124 -1119.5704 -1215.2144 -1308.5656 -1377.3412 -1406.2955 -1406.0743 -1413.5231 -1409.0286 -1408.3082 -1426.98 -1441.355 -1457.6202 -1482.7411 -1488.5657 -1477.0247 -1488.1563 -1519.2755 -1557.2604 -1608.8145 -1655.3009 -1705.5992 -1762.4523 -1810.6323 -1846.066 -1869.3085 -1890.0948 -1894.1473 -1881.4241 -1868.9639 -1860.0437 -1842.7832 -1809.5989 -1706.5869 -1440.1166 -1102.3351 -838.2758 -670.5723 -547.9635 -496.6699 -424.877 -304.2185 -314.5301 -578.0682 -809.7687 -967.8238 -1092.7642 -1222.86 -1372.6914 -1513.6301 -1576.2631 -1584.0587 -1558.3706 -1502.6041 -1472.9714 -1469.5468
-789.8444 -849.9539 -899.8162 -998.5056 -1162.3649 -1298.0079 -1405.8015 -1474.204 -1463.8358 -1439.6539 -1431.2716 -1436.2329 -1441.3621 -1446.7303 -1461.1267 -1489.6393 -1520.0604 -1540.6967 -1554.7291 -1570.2391 -1600.7336 -1656.7949 -1720.7439 -1788.6707 -1852.7006 -1895.0437 -1939.0363 -1977.0365 -1988.609 -1980.493 -1977.8425 -1980.9406 -1959.7594 -1898.5015 -1748.2416 -1510.8118 -1241.116 -978.4802 -761.2398 -606.4463 -535.5239 -527.5607 -457.6028 -410.2525 -462.9055 -666.1999 -867.6179 -1022.2072 -1137.7445 -1245.7321 -1385.1017 -1522.4232 -1589.1675 -1608.1252 -1587.2478 -1547.3145 -1527.9674 -1520.7775
-643.9016 -613.0355 -646.3671 -744.686 -950.937 -1172.6598 -1362.7891 -1499.1582 -1548.2139 -1531.9408 -1500.2883 -1486.2333 -1479.8689 -1477.6781 -1474.301 -1472.8015 -1487.7555 -1530.6573 -1591.2867 -1635.212 -1666.1035 -1701.8766 -1745.849 -1795.1949 -1844.3357 -1884.5527 -1931.8539 -1974.631 -1994.8309 -2012.6633 -2044.6029 -2076.5684 -2065.2417 -1941.7848 -1727.3514 -1507.9058 -1314.5214 -1007.6311 -803.1476 -795.968 -800.0581 -828.7554 -855.1088 -911.8015 -1005.756 -1118.1572 -1222.942 -1309.3888 -1399.7937 -1520.2104 -1658.4967 -1716.3342 -1678.2916 -1644.0944 -1622.2517 -1592.7494 -1574.3287 -1577.9629
-352.0404 -212.1733 -196.4944 -342.0278 -586.3906 -944.2581 -1290.614 -1517.6986 -1621.5024 -1614.882 -1559.1288 -1525.7842 -1520.0515 -1519.5739 -1509.0167 -1494.076 -1498.8082 -1534.698 -1595.1201 -1655.2521 -1702.3383 -1743.3489 -1798.1604 -1846.6455 -1867.9833 -1887.3679 -1914.7382 -1940.0626 -1958.5659 -1971.8019 -1980.6261 -1988.119 -2000.1484 -1996.2229 -1971.37 -1972.5083 -1865.535 -1603.4977 -1684.7534 -1612.8706 -1402.5028 -1229.7316 -1182.391 -1202.0721 -1249.8763 -1327.2368 -1436.7472 -1556.2766 -1704.9159 -1786.9816 -1831.2455 -1823.7849 -1748.1642 -1683.4133 -1668.1569 -1647.4945 -1630.7737 -1617.5374
-330.0609 -226.508 -185.4843 -312.1089 -622.2025 -978.7269 -1265.4237 -1534.0443 -1649.2822 -1622.0039 -1582.3527 -1561.8844 -1546.9086 -1533.2522 -1528.6602 -1538.4491 -1543.6326 -1539.8575 -1556.7715 -1622.448 -1697.1937 -1739.6229 -1783.8943 -1828.7433 -1838.2073 -1838.1024 -1854.0087 -1873.5631 -1888.4634 -1900.0144 -1915.2234 -1927.7196 -1930.5887 -1932.6791 -1921.9313 -1901.0354 -1895.7382 -1882.7693 -1937.1227 -1949.7537 -1843.9645 -1740.8647 -1694.7894 -1683.6514 -1679.8247 -1675.7336 -1697.0397 -1756.9235 -1855.9371 -1818.7373 -1779.3173 -1761.2299 -1728.483 -1707.5795 -1694.9509 -1675.7483 -1641.8877 -1614.6497
-572.7295 -572.8174 -587.6074 -695.0946 -908.9668 -1162.2457 -1392.2502 -1582.6311 -1617.4041 -1582.4926 -1569.101 -1558.0564 -1548.787 -1533.3457 -1509.6432 -1535.5448 -1571.6614 -1586.5841 -1592.2863 -1615.1367 -1661.6742 -1710.0785 -1747.9266 -1782.145 -1799.526 -1809.2253 -1818.2543 -1813.3224 -1808.0791 -1833.6323 -1871.7007 -1887.65 -1887.1644 -1891.3688 -1886.3954 -1877.8882 -1878.4918 -1873.3265 -1885.7909 -1897.6884 -1862.4718 -1836.5557 -1859.9667 -1895.8914 -1897.0325 -1872.559 -1847.5682 -1838.1888 -1842.597 -1807.4907 -1769.4943 -1752.5282 -1732.4446 -1722.6698 -1705.4132 -1671.4973 -1614.9905 -1572.8438
-902.5587 -970.2484 -1052.8435 -1164.2831 -1295.7037 -1445.6123 -1576.2289 -1631.1388 -1616.08 -1591.9277 -1568.9253 -1546.069 -1554.1415 -1568.1694 -1557.5448 -1585.6587 -1621.6295 -1635.1573 -1636.2908 -1628.2043 -1639.451 -1680.5083 -1705.6968 -1720.2648 -1747.4691 -1770.4825 -1778.2273 -1782.4019 -1802.2509 -1836.444 -1853.0313 -1858.9015 -1870.5574 -1872.0768 -1871.3558 -1873.6062 -1866.2715 -1850.8864 -1850.1685 -1859.6715 -1854.6538 -1843.6859 -1836.9381 -1866.4147 -1886.5907 -1857.8877 -1831.3468 -1824.7588 -1821.9155 -1791.5551 -1774.957 -1765.8678 -1724.6967 -1691.608 -1661.1969 -1608.5085 -1536.8656 -1447.5875
-1211.4253 -1268.0944 -1326.9135 -1400.5336 -1461.9398 -1516.0404 -1563.2737 -1576.6267 -1577.3845 -1586.5973 -1579.3779 -1561.3939 -1568.0441 -1585.9604 -1589.3114 -1619.3285 -1650.1639 -1659.6249 -1666.7668 -1664.788 -1665.4139 -1683.4006 -1692.0094 -1699.0688 -1723.1985 -1753.3679 -1767.7546 -1771.2389 -1792.8915 -1818.6926 -1821.9781 -1833.537 -1857.6052 -1865.2217 -1870.8699 -1873.5609 -1848.2057 -1819.2987 -1820.8889 -1850.4224 -1855.3112 -1829.2692 -1805.4368 -1829.1738 -1857.7115 -1845.1968 -1844.3649 -1839.707 -1791.9443 -1693.7476 -1621.1831 -1597.0355 -1535.6237 -1466.8129 -1390.7919 -1300.8695 -1186.8711 -1049.6866
-1292.3513 -1367.4027 -1397.632 -1412.5599 -1413.8955 -1423.0587 -1467.3079 -1517.5443 -1570.1393 -1615.0892 -1619.9023 -1599.6163 -1592.4773 -1595.4229 -1592.2517 -1599.3203 -1616.9917 -1633.1658 -1649.0447 -1679.9177 -1698.7109 -1696.2639 -1697.408 -1696.5189 -1692.3086 -1711.5223 -1741.7777 -1743.295 -1751.0752 -1779.4596 -1792.4161 -1811.2639 -1853.0841 -1870.3678 -1863.2673 -1866.1038 -1862.2987 -1839.9407 -1830.7357 -1864.9481 -1878.2429 -1840.0538 -1794.9237 -1817.0129 -1866.405 -1863.8732 -1855.896 -1781.3905 -1607.7223 -1409.5635 -1267.6245 -1218.3977 -1149.5286 -1039.4275 -896.21 -784.1968 -677.2158 -576.8051
-1189.5325 -1286.6128 -1307.1025 -1300.1371 -1297.1785 -1323.6555 -1377.4884 -1450.4071 -1525.3611 -1575.8434 -1601.0289 -1611.4424 -1614.0856 -1605.2866 -1586.8333 -1581.806 -1593.1678 -1606.6191 -1619.3014 -1661.9404 -1694.7683 -1689.9855 -1699.0385 -1711.6311 -1694.3669 -1686.6919 -1715.4805 -1737.666 -1749.9358 -1765.0397 -1776.4902 -1809.7443 -1854.5643 -1862.7332 -1851.3029 -1848.4067 -1859.7118 -1863.139 -1858.7721 -1870.0336 -1879.7124 -1868.3756 -1851.4164 -1861.0914 -1870.7789 -1837.9767 -1775.9092 -1597.392 -1344.3948 -1135.8992 -989.951 -900.636 -802.3419 -664.9935 -548.3077 -492.5386 -451.9204 -417.1706
-857.8148 -956.4412 -1016.5535 -1096.4425 -1192.0618 -1266.121 -1348.8927 -1418.3136 -1469.8497 -1516.207 -1569.8159 -1616.8169 -1633.7372 -1626.1106 -1614.2496 -1603.1027 -1591.6439 -1596.9927 -1613.5602 -1640.3458 -1668.1329 -1678.0759 -1688.0571 -1702.571 -1716.3145 -1728.8518 -1741.1365 -1757.7416 -1779.1117 -1799.728 -1820.5828 -1855.1072 -1875.4386 -1882.1077 -1887.861 -1896.4823 -1914.0685 -1926.2854 -1933.1962 -1927.4227 -1906.6147 -1908.5267 -1928.4493 -1927.1311 -1902.2802 -1832.356 -1687.0485 -1397.115 -1110.6992 -903.3279 -740.2233 -585.5021 -499.0988 -439.0266 -411.6641 -391.2361 -359.3133 -322.1217
-452.51 -458.2698 -497.0977 -658.7312 -931.8717 -1144.5995 -1268.8646 -1332.9485 -1390.7861 -1466.7643 -1551.7228 -1629.6476 -1661.2983 -1642.1534 -1619.8131 -1616.6523 -1622.6606 -1627.5947 -1629.4611 -1649.6519 -1677.9664 -1688.86 -1695.0605 -1707.828 -1722.3466 -1742.3202 -1761.3087 -1781.2563 -1811.3773 -1843.197 -1871.8776 -1898.036 -1913.4541 -1925.4749 -1927.584 -1938.8636 -1956.0021 -1952.6283 -1950.5106 -1955.334 -1966.1775 -2009.6229 -2024.8712 -2008.5164 -1994.2841 -1911.8182 -1687.3572 -1284.7434 -919.692 -695.2972 -540.902 -394.6611 -351.0182 -324.9362 -314.9398 -315.9528 -292.371 -247.4748
-298.0116 -243.9191 -217.3224 -266.6367 -457.5827 -749.1479 -958.4993 -1120.998 -1268.0624 -1394.0107 -1508.4492 -1615.527 -1670.9241 -1659.5475 -1641.7599 -1641.6635 -1648.0502 -1650.9059 -1656.0736 -1683.7589 -1708.9175 -1727.839 -1761.0811 -1775.3003 -1761.2891 -1766.6726 -1792.2291 -1822.7662 -1858.5039 -1888.7433 -1916.9895 -1935.9849 -1960.0336 -1991.415 -1987.2814 -1965.5316 -1955.5704 -1964.5231 -1980.5787 -1984.9805 -2003.5453 -2022.3419 -2019.9567 -2035.7115 -2048.0056 -1973.4911 -1734.1067 -1240.3934 -772.2887 -581.2783 -458.6683 -360.2702 -315.9114 -272.4814 -250.9921 -246.0729 -219.1453 -183.2258
-251.9828 -201.4322 -220.9743 -252.5576 -290.8658 -382.5891 -507.3946 -693.4373 -957.437 -1223.4133 -1408.313 -1539.1144 -1615.7415 -1645.608 -1665.3306 -1679.4974 -1681.1459 -1684.0671 -1707.5548 -1744.4722 -1771.9368 -1798.5143 -1825.5756 -1837.5297 -1838.0127 -1833.6216 -1834.4937 -1859.4816 -1895.0917 -1920.0841 -1946.7321 -1965.1233 -1974.5511 -2006.5043 -2044.4707 -2045.5045 -2028.3574 -2021.1283 -2013.5596 -2011.1058 -2013.5173 -2009.6908 -2028.4867 -2036.9971 -1978.1443 -1892.4478 -1668.5176 -1117.0398 -656.2072 -500.5349 -396.3446 -327.4427 -280.529 -237.5358 -210.2065 -194.9711 -173.5842 -159.0321
-213.3718 -169.5518 -193.964 -224.7699 -244.3122 -257.744 -229.18 -253.3197 -485.1844 -854.2532 -1164.9475 -1388.0516 -1514.8462 -1602.147 -1671.4312 -1709.5459 -1714.3082 -1716.6884 -1741.8153 -1770.4393 -1801.2402 -1841.4216 -1860.2916 -1866.3807 -1884.9214 -1897.0378 -1899.746 -1913.7208 -1931.5807 -1947.4736 -1969.1028 -1985.1774 -1991.2982 -2019.0448 -2071.7686 -2098.2073 -2080.8132 -2055.2732 -2041.2759 -2055.5093 -2058.4736 -2011.5868 -2031.6443 -2041.7656 -1939.2476 -1778.9977 -1483.0492 -939.9958 -581.9347 -442.8707 -341.62 -280.3571 -244.8018 -211.5116 -186.4743 -176.2908 -165.0298 -157.6894
-188.8267 -144.2044 -152.9818 -187.9877 -222.1277 -226.7999 -194.4376 -167.7142 -234.4216 -442.3737 -788.6091 -1150.3849 -1378.3536 -1514.668 -1600.0531 -1654.7383 -1689.7705 -1723.3057 -1748.8706 -1767.3774 -1794.7834 -1831.9839 -1863.0409 -1879.8633 -1894.6575 -1909.6643 -1925.632 -1946.5381 -1964.442 -1980.097 -1992.5344 -2004.0416 -2026.1667 -2067.8975 -2121.3726 -2149.7332 -2131.0986 -2097.167 -2076.8032 -2111.2126 -2107.571 -2013.2194 -2009.7145 -2009.6721 -1898.6943 -1675.3525 -1306.0363 -836.9108 -535.6147 -383.8813 -290.7514 -249.6442 -217.6949 -190.0804 -171.453 -163.3745 -157.8665 -151.0624
-184.7005 -156.8354 -147.0832 -168.8138 -207.8239 -208.342 -169.2693 -158.0167 -185.6606 -264.9099 -491.3951 -885.9717 -1215.3326 -1408.4839 -1521.8783 -1601.4956 -1672.5139 -1729.889 -1752.1302 -1756.0453 -1764.7937 -1782.0045 -1810.2511 -1838.2745 -1864.6448 -1897.3302 -1941.7892 -1977.1202 -1983.5854 -1989.7384 -2000.9474 -2025.4772 -2056.5176 -2102.2532 -2129.6013 -2146.9819 -2164.5115 -2142.2153 -2104.4038 -2112.3074 -2103.8215 -2034.2682 -1992.8124 -1948.7118 -1807.5887 -1553.9131 -1214.15 -816.5359 -509.7073 -344.6806 -263.5517 -220.3986 -179.3235 -159.8402 -155.8659 -148.0533 -137.4547 -132.3512
-175.6105 -150.4057 -135.2185 -143.0891 -164.7277 -184.8995 -162.347 -153.5615 -185.2814 -235.7191 -373.5564 -730.7456 -1138.3826 -1361.9327 -1487.8845 -1577.6674 -1659.3408 -1724.3671 -1752.6583 -1756.1952 -1753.9037 -1757.8732 -1775.1919 -1799.6321 -1838.7791 -1892.6907 -1949.6172 -1992.4711 -2020.1895 -2018.7076 -1995.3557 -2033.1088 -2064.8904 -2098.8213 -2125.1211 -2159.5713 -2184.7002 -2161.635 -2118.7456 -2079.2605 -2021.0704 -1974.4167 -1943.6189 -1887.9116 -1752.228 -1510.8379 -1209.0192 -825.8783 -508.2737 -333.3276 -247.0788 -187.1875 -158.7411 -160.0514 -155.8554 -148.8009 -142.5142 -139.7547
