Resources/Map/Lvl0_30x30/Ele_BL.asc
ncols         335
nrows         335
xllcorner     16805000
yllcorner     3325000
cellsize      10000
nodata_value  -99999.0
[rows 25 to 49 of 335, columns 0 to 56 of 335]
-211.02 -217.1154 -223.4276 -228.7189 -231.7222 -237.8297 -248.434 -263.7732 -273.8423 -278.625 -284.0325 -292.6261 -297.3496 -296.0204 -297.4811 -301.6515 -309.5516 -322.151 -338.2377 -358.4358 -377.3041 -387.8544 -395.5295 -399.499 -395.9659 -377.0468 -350.4997 -339.8094 -348.2186 -364.0616 -385.328 -393.0647 -388.9763 -378.9167 -369.5942 -368.4741 -367.0594 -364.446 -364.6421 -366.3302 -365.6211 -361.686 -356.6491 -346.6551 -329.4809 -315.0427 -303.7456 -293.1615 -278.5128 -258.5791 -221.8085 -159.4331 -122.1599 -113.0998 -106.5797 -99.3182 -91.0769
-227.3688 -233.8702 -238.9362 -246.4497 -255.0273 -263.7961 -274.2896 -291.6927 -308.2391 -308.8048 -308.6773 -313.6115 -318.7783 -323.6012 -326.333 -333.2853 -349.6619 -366.633 -383.4265 -406.5317 -425.6913 -437.5978 -448.8703 -452.5079 -448.5771 -432.3963 -416.0534 -407.5163 -407.8711 -417.226 -425.7546 -418.8193 -407.0779 -402.0199 -395.7547 -387.6887 -380.3283 -378.4804 -382.8328 -386.6987 -381.0681 -369.0107 -357.927 -341.4004 -319.3129 -300.7805 -286.3751 -272.3316 -251.1013 -229.0614 -193.0708 -143.6781 -117.438 -108.4045 -99.9895 -92.0227 -83.2121
-237.7316 -246.1469 -253.1652 -261.3687 -271.7653 -282.4809 -292.9307 -307.7537 -332.0194 -335.1111 -329.318 -332.7948 -340.7435 -350.3438 -358.4272 -364.1127 -383.7679 -411.2644 -436.6098 -458.0762 -470.902 -483.9712 -500.4583 -500.5896 -491.5114 -475.5428 -466.9051 -467.5368 -465.6855 -469.5484 -477.7853 -470.8687 -456.8098 -456.0243 -455.6433 -439.3123 -416.7413 -405.2196 -402.2934 -397.207 -383.9795 -366.8828 -353.8026 -334.0653 -307.8943 -286.8791 -267.4625 -248.2466 -229.7556 -207.2119 -173.5573 -137.5374 -117.0469 -106.1816 -96.1223 -85.3992 -75.1014
-248.073 -258.3007 -268.8488 -278.1215 -287.1794 -297.0988 -305.7241 -315.5351 -341.4875 -359.6771 -353.5211 -352.3214 -362.0457 -375.4223 -389.1284 -396.596 -411.056 -444.8758 -482.785 -503.2545 -509.367 -513.9056 -522.3488 -520.157 -512.045 -500.5522 -493.3932 -497.8173 -508.0379 -520.6351 -539.5261 -550.1422 -548.7038 -542.4631 -526.9604 -497.5493 -463.3047 -438.9527 -422.1111 -403.6454 -381.2907 -359.4827 -343.1603 -319.5055 -289.5329 -267.0087 -246.0338 -228.3051 -221.5764 -204.3896 -170.9761 -140.8802 -120.3381 -106.8373 -96.2114 -83.3259 -68.5641
-256.0784 -267.4901 -279.9673 -290.0953 -299.0788 -308.2686 -316.7614 -325.295 -344.5115 -374.6545 -376.3342 -372.3466 -382.2846 -395.1808 -408.0112 -419.8922 -433.3795 -465.4983 -502.191 -522.6769 -533.1589 -537.1694 -533.1729 -529.3235 -530.2424 -531.897 -535.1987 -535.3335 -549.5188 -579.7857 -612.1269 -644.8398 -658.2112 -637.3953 -598.4316 -555.9236 -511.5479 -471.7521 -436.5354 -399.0853 -363.2842 -340.5984 -322.9859 -293.7331 -261.7864 -240.2232 -220.3662 -203.3471 -195.5353 -184.1945 -164.2501 -143.8248 -122.0219 -105.4438 -90.9934 -74.017 -57.6469
-261.891 -272.6008 -285.3779 -297.8918 -309.242 -317.9992 -326.9954 -336.0268 -347.1631 -373.7698 -391.2923 -391.8728 -404.5848 -414.3618 -419.451 -431.0064 -452.3947 -485.8955 -515.9105 -531.5422 -543.8599 -561.1958 -558.4561 -564.4003 -582.7081 -596.5619 -607.688 -606.8147 -617.2328 -649.4655 -699.8744 -751.1977 -779.466 -735.2138 -650.5953 -591.0046 -538.1165 -486.8057 -435.5577 -377.1902 -324.6614 -294.3948 -275.7855 -245.2133 -220.064 -208.4802 -192.9418 -181.4102 -174.7706 -167.2941 -155.061 -137.1897 -115.3847 -98.0793 -75.1022 -56.2643 -45.822
-266.8025 -277.9673 -292.0672 -306.8036 -319.8668 -329.9778 -337.6221 -343.856 -351.7758 -373.0087 -403.4882 -415.2043 -427.8401 -434.2884 -435.5619 -445.1954 -469.736 -502.1655 -534.7097 -551.8277 -557.5626 -584.9263 -601.0142 -614.2485 -649.1401 -679.0498 -682.6446 -674.4716 -693.3583 -723.1621 -772.2041 -808.567 -811.416 -768.9902 -685.4011 -609.4018 -536.5546 -460.774 -383.2253 -312.4245 -254.1974 -215.8309 -197.454 -178.8262 -170.8589 -169.7427 -165.1321 -164.9998 -160.2992 -149.0351 -136.6055 -123.6166 -105.1428 -88.0869 -63.4283 -46.8508 -39.9884
-277.4911 -287.2844 -300.2134 -314.9116 -328.9821 -343.3397 -350.1951 -349.4032 -355.8496 -373.1527 -400.1841 -417.7392 -427.8536 -438.8621 -454.2793 -469.2472 -490.5747 -513.6611 -540.4953 -558.6725 -559.7828 -586.0941 -623.7282 -660.1439 -709.5195 -745.6639 -739.7647 -727.3624 -754.4839 -787.1583 -817.1169 -807.2609 -747.038 -696.9249 -655.2148 -577.9525 -482.5519 -386.166 -287.9514 -212.9602 -169.0439 -147.5202 -134.9302 -128.062 -134.9397 -141.1344 -142.6477 -143.3516 -136.9318 -128.6169 -121.164 -105.8098 -81.095 -64.9207 -52.247 -41.5772 -35.3456
-291.5218 -298.1325 -306.5452 -319.856 -337.4643 -356.9399 -363.935 -358.2869 -359.6372 -370.0137 -384.5012 -397.0996 -409.2944 -430.9664 -467.2563 -500.2062 -516.9192 -517.7535 -524.1636 -544.5402 -558.3876 -578.3722 -623.4562 -693.99 -755.6349 -804.5195 -821.8723 -820.3016 -821.2234 -826.9748 -837.852 -805.683 -726.4683 -661.9378 -602.8073 -494.8568 -386.8987 -288.1297 -202.7292 -147.6666 -129.121 -123.5775 -96.4602 -82.2275 -108.0166 -134.505 -134.1936 -124.6131 -119.7885 -117.631 -102.4925 -74.2976 -51.8822 -43.1262 -38.8815 -33.7198 -28.5056
-299.9413 -309.4115 -318.0219 -329.2477 -346.9214 -366.9181 -377.63 -374.2811 -368.6783 -378.0439 -390.4661 -395.0653 -404.7884 -429.7024 -474.0405 -524.6172 -543.1362 -531.5477 -522.869 -542.9538 -564.0445 -588.1907 -631.657 -703.032 -785.7892 -853.0153 -896.0288 -904.7537 -884.7847 -870.2816 -861.3682 -834.4348 -783.0444 -699.8156 -552.7787 -403.3319 -298.853 -220.4176 -166.7704 -140.3928 -128.6355 -116.0241 -85.7494 -72.0599 -97.2505 -123.8347 -121.5981 -109.7106 -107.6147 -101.7076 -73.6787 -48.1664 -37.7441 -33.9639 -30.7202 -25.1351 -17.8717
-279.5782 -297.928 -316.7021 -336.2552 -357.1179 -374.5473 -384.3759 -379.415 -368.9165 -390.858 -427.4546 -437.0042 -443.0001 -460.5833 -497.0536 -540.3638 -547.9258 -541.8173 -539.8817 -542.5435 -539.9771 -560.1248 -613.9316 -686.659 -780.4974 -860.0938 -920.6671 -934.5593 -928.642 -926.7374 -902.9615 -891.3108 -854.0753 -707.0471 -499.1007 -354.0703 -268.6615 -215.9064 -175.7124 -153.842 -136.3755 -122.1736 -108.2095 -94.6425 -97.7581 -103.0639 -93.7294 -83.9859 -82.2205 -73.8674 -51.7906 -36.5796 -29.7873 -26.3447 -23.4585 -17.3754 -11.5596
-257.6215 -275.157 -293.5212 -313.6537 -334.9927 -352.3883 -363.1164 -356.287 -343.319 -369.8041 -431.9307 -479.6078 -502.9722 -507.7374 -523.7978 -540.8494 -537.5607 -542.7573 -544.3593 -524.7317 -502.5173 -510.3292 -562.0748 -638.3434 -732.7988 -822.7258 -892.0985 -914.0441 -932.4686 -957.8345 -937.8103 -928.8412 -864.8297 -665.0483 -455.3083 -324.2502 -250.3229 -216.7009 -178.9377 -156.9787 -141.6281 -123.7647 -103.5436 -91.9134 -92.2019 -78.947 -61.6267 -55.4488 -54.3601 -49.9512 -40.3194 -31.1002 -24.3002 -21.0087 -16.35 -10.0632 16.3381
-273.2178 -289.506 -297.97 -305.5337 -323.6147 -348.5006 -354.1758 -339.6775 -324.1978 -337.9126 -391.6332 -469.9528 -524.1737 -519.7521 -497.246 -493.7936 -509.8422 -521.8134 -523.0369 -505.0933 -486.3232 -495.5766 -546.1688 -616.6447 -699.6536 -784.3498 -857.3119 -902.3268 -937.9525 -969.7418 -959.987 -933.5222 -828.845 -625.1662 -443.7188 -324.5198 -232.2267 -184.7567 -163.068 -156 -146.5264 -120.001 -95.6676 -87.8162 -78.1271 -58.7551 -47.747 -44.7083 -43.208 -40.188 -35.024 -28.5625 -23.1213 -18.8281 -11.0847 9.6571 14.7186
-321.7092 -338.9198 -342.0983 -333.5784 -335.8805 -351.6893 -352.0409 -337.0173 -324.0943 -331.4447 -365.4829 -420.4889 -472.0661 -482.8088 -446.7248 -420.3438 -470.0884 -494.5475 -502.9463 -491.2512 -484.1148 -507.2564 -561.669 -623.4503 -698.3306 -776.2068 -837.4127 -880.0985 -909.8137 -934.1799 -944.6642 -915.1271 -795.0825 -609.6456 -445.2098 -324.7432 -220.0196 -160.3002 -146.0141 -140.8757 -127.9659 -111.9912 -100.1217 -83.728 -62.1121 -49.9259 -46.3322 -43.0502 -40.0143 -36.4515 -31.7192 -26.8579 -22.5606 -16.7868 -6.6117 12.4904 22.2666
-341.1171 -369.0562 -373.5421 -359.0929 -353.5417 -371.4513 -392.7782 -392.829 -383.1481 -380.0693 -389.9788 -403.481 -421.4739 -452.6711 -460.1324 -447.9787 -476.3402 -489.5425 -503.8004 -499.2696 -503.0692 -529.9718 -581.376 -653.0543 -716.2353 -757.0889 -802.7705 -843.2183 -883.0539 -907.1523 -897.8845 -863.3728 -752.7202 -594.0797 -437.4368 -318.2843 -222.7572 -153.2558 -128.8229 -124.0689 -112.3969 -100.9508 -98.2188 -75.0124 -52.471 -49.1749 -47.041 -42.9873 -38.3494 -33.6533 -29.1097 -24.9179 -20.342 -11.8886 2.6427 15.1041 19.4694
-306.2108 -335.9416 -348.79 -342.7974 -341.4323 -359.7736 -402.6056 -445.6351 -454.6625 -428.6864 -403.673 -394.8114 -403.1696 -434.1728 -463.5765 -483.9089 -497.1472 -495.6378 -513.8394 -525.5013 -531.3704 -558.5148 -622.7308 -665.8193 -675.7756 -700.3969 -747.9925 -795.5204 -854.8145 -892.2056 -881.4286 -849.1035 -749.0893 -593.5565 -412.3176 -282.2134 -205.5397 -148.8433 -126.9503 -128.1895 -118.7128 -103.5421 -98.2814 -73.8595 -59.0232 -68.0352 -57.7999 -42.9962 -36.3921 -30.6972 -26.2311 -22.6298 -16.5887 -6.5337 10.3012 15.6641 16.4423
-336.8726 -390.6037 -413.5965 -408.1894 -407.8793 -416.7737 -437.1758 -449.9258 -432.8051 -401.6544 -383.5049 -371.9892 -385.018 -425.8227 -455.8152 -477.5973 -483.7592 -500.7668 -530.4713 -539.722 -556.04 -582.7943 -628.5806 -641.3537 -642.1444 -668.0314 -707.9468 -756.8099 -828.3272 -869.6761 -868.712 -830.7195 -742.663 -595.5518 -409.6933 -263.2449 -175.1237 -133.6351 -125.2319 -128.1871 -125.3266 -119.0429 -107.3304 -87.4017 -76.3106 -76.3723 -59.1455 -41.4484 -34.2942 -27.4473 -23.3819 -20.4959 -12.4347 -0.8888 12.6209 27.0026 37.4123
-333.7686 -385.5069 -422.6367 -434.2912 -442.4634 -466.9998 -509.8919 -528.7421 -494.5132 -441.4167 -409.9719 -378.0051 -367.6853 -407.5604 -435.2431 -458.3957 -483.1765 -519.5365 -560.8598 -566.6636 -574.27 -574.9785 -605.5388 -622.7438 -635.287 -651.0402 -675.1849 -728.3745 -792.2638 -832.285 -827.643 -786.9708 -720.2248 -611.7674 -431.7338 -273.1821 -194.6784 -153.8595 -137.1001 -132.7802 -137.0101 -135.824 -111.7488 -85.0939 -75.9614 -72.9372 -55.8265 -40.6272 -33.335 -25.3888 -21.6611 -19.7429 -8.7641 15.5163 13.0059 23.3117 55.6098
-298.5571 -319.3898 -342.4002 -356.936 -370.268 -409.1275 -478.1844 -524.7758 -494.3297 -436.0183 -399.1134 -380.2778 -382.2557 -405.6335 -424.174 -459.3977 -502.6115 -521.881 -535.9048 -535.7834 -534.1929 -535.3856 -585.2391 -606.2413 -607.2997 -625.7896 -659.5625 -708.9143 -759.0695 -795.6505 -790.9597 -767.97 -718.2784 -625.0504 -482.2713 -347.6281 -250.0225 -182.2932 -160.3351 -147.1333 -141.6111 -134.7268 -113.3559 -91.95 -77.5675 -67.7037 -52.6244 -40.9928 -35.4315 -28.7074 -23.8009 -18.0765 -2.6081 12.5842 14.2224 11.8415 49.4354
-319.1998 -320.3824 -326.3872 -332.2787 -341.1342 -372.2173 -417.3102 -438.0172 -407.9566 -377.848 -373.392 -390.6124 -421.9127 -433.4989 -441.7579 -463.7923 -477.9336 -481.6498 -492.8849 -517.6521 -546.2736 -556.4281 -581.4405 -596.9095 -590.1061 -595.8641 -642.2012 -684.4778 -717.7985 -751.3317 -749.4167 -717.3558 -671.0085 -614.6203 -532.1011 -425.3828 -313.97 -220.5607 -164.7059 -138.4202 -134.3511 -129.2483 -103.2609 -83.8538 -74.2896 -65.5158 -54.2699 -45.2053 -40.0951 -32.7219 -25.2983 -10.579 39.0568 36.3755 30.1881 29.7071 30.324
-383.3607 -374.285 -345.08 -330.9991 -342.2442 -375.0712 -409.6625 -414.2042 -405.024 -406.7359 -406.7831 -422.3557 -442.4833 -448.0408 -472.9707 -491.064 -487.0101 -491.8417 -510.8679 -521.657 -530.822 -560.5082 -566.8123 -571.243 -580.5276 -584.0732 -609.8248 -639.1923 -654.5214 -676.2568 -688.4382 -670.301 -631.9468 -597.7659 -543.1218 -445.3125 -349.5939 -263.9814 -185.1867 -138.9558 -123.9512 -113.8216 -93.0718 -78.6361 -67.4461 -59.9955 -55.0552 -47.6611 -43.8596 -36.0374 -25.0068 -7.8899 10.3229 11.6326 37.3761 47.2512 64.3447
-372.4475 -384.8374 -352.1647 -324.355 -334.2388 -354.3003 -362.8434 -361.7433 -385.3168 -420.221 -428.0073 -427.0047 -424.4111 -416.9076 -419.3206 -447.4004 -477.3228 -476.4997 -464.2617 -455.984 -460.4597 -510.9505 -539.6774 -535.0858 -555.2215 -561.8279 -583.7549 -637.4668 -635.9151 -611.1394 -624.2612 -634.7229 -613.613 -585.4792 -533.9581 -455.1294 -371.6831 -278.1485 -193.5177 -146.638 -122.5248 -96.4023 -80.263 -76.3377 -65.9008 -58.0784 -52.9025 -47.8592 -44.0548 -35.8831 -26.5829 -9.1173 10.2242 11.6449 16.7315 59.7262 87.7474
-324.9797 -360.9518 -376.8092 -360.1792 -348.7825 -352.0929 -354.7493 -344.359 -331.5766 -328.3415 -330.2634 -331.2003 -338.5905 -333.5186 -309.5176 -336.7769 -386.9033 -404.6112 -418.7485 -412.5371 -421.5159 -481.9637 -522.989 -534.1861 -566.9148 -577.7544 -576.6139 -607.8143 -627.9155 -620.1169 -628.6239 -647.5588 -619.7961 -579.9715 -544.5948 -486.0763 -394.1848 -286.1407 -202.5234 -157.3236 -136.1815 -115.3265 -97.5115 -79.7637 -64.5798 -58.7573 -51.5684 -44.5391 -39.5744 -33.5563 -24.8222 -7.8695 10.3334 18.6306 24.3485 48.3915 79.0686
-366.0574 -408.1461 -453.7292 -431.2756 -375.7747 -348.5888 -348.979 -343.9532 -324.5277 -312.467 -314.1359 -303.2502 -283.2098 -264.2992 -251.9045 -281.6926 -328.8279 -363.4702 -394.9822 -413.6674 -434.8811 -470.9284 -489.9674 -518.6859 -576.1177 -583.1388 -540.7731 -538.101 -593.0539 -616.0224 -603.9357 -610.2206 -587.9554 -561.1436 -551.312 -504.4853 -409.4447 -297.132 -210.0771 -167.0935 -147.7897 -133.0145 -117.8189 -87.2234 -61.2097 -55.2973 -49.2236 -41.2473 -34.8271 -29.8606 -21.8378 6.5246 20.3157 19.3471 20.6637 29.3221 50.6419
-435.7182 -435.8459 -444.5522 -415.2743 -364.085 -339.4877 -347.8568 -360.4138 -354.118 -333.586 -307.3738 -270.9525 -243.3293 -239.1159 -245.7765 -258.0754 -307.5786 -375.9015 -390.6909 -409.6097 -474.9101 -501.4624 -475.7068 -475.1566 -516.1221 -530.9895 -489.8747 -483.6376 -533.9716 -558.3608 -527.3435 -509.075 -515.454 -536.6519 -542.1208 -499.9597 -428.1436 -327.9619 -228.3255 -180.0615 -166.8452 -147.7419 -125.2793 -95.3144 -65.8708 -54.4361 -48.0674 -38.4139 -29.5682 -25.0927 -17.2441 17.6953 11.1172 67.5338 73.3635 79.373 52.0234
