Resources/Map/Lvl0_30x30/Ele_DF.asc
ncols         335
nrows         335
xllcorner     -3295000
yllcorner     -3375000
cellsize      10000
nodata_value  -99999.0
[rows 225 to 249 of 335, columns 0 to 56 of 335]
-4625.3613 -3510.4043 -1900.1248 -2004.0845 -3640.4102 -4447.2266 -4200.5952 -2812.7295 -2263.2241 -3904.822 -5304.3936 -5473.5708 -5378.4038 -5271.2964 -5193.7964 -5209.582 -5231.6948 -5238.6836 -5340.9639 -5361.48 -5374.6113 -5400.3223 -5397.9766 -5409.4492 -5424.9063 -5431.6641 -5430.3491 -5321.2212 -5303.0552 -5410.5249 -5329.7227 -5328.6826 -5431.9097 -5479.9893 -5355.9243 -5271.6782 -5297.2388 -5297.7183 -5233.3579 -5443.8105 -5882.3379 -5890.7856 -5826.8545 -5762.0239 -5598.0151 -5516.896 -5500.938 -5392.3486 -5414.2949 -5426.3892 -5323.6592 -5325.0684 -5313.4551 -5398.0977 -5521.3159 -5509.4336 -5526.5947
-4544.0347 -3305.6135 -1420.8055 -984.1261 -2456.6523 -3776.3926 -3988.7612 -2903.4419 -2431.771 -3924.1702 -5245.9199 -5405.0811 -5277.8672 -5189.4204 -5155.5796 -5164.2905 -5230.7646 -5292.1152 -5363.0356 -5424.0981 -5491.9878 -5486.6528 -5393.5996 -5377.1011 -5392.6924 -5400.4766 -5403.4844 -5372.6367 -5406.7427 -5499.4004 -5333.645 -5256.8257 -5433.4199 -5508.2656 -5374.6016 -5181.8511 -5168.7754 -5415.6274 -5452.439 -5579.9087 -5846.6597 -5968.1768 -5992.0127 -5878.7163 -5678.9282 -5538.6919 -5452.9355 -5308.0742 -5232.5732 -5205.4678 -5257.0767 -5392.9912 -5339.748 -5256.563 -5380.0864 -5481.1753 -5384.0361
-4668.9321 -3979.6487 -2810.2134 -1698.4542 -1891.9407 -3289.8252 -4205.5747 -4146.8936 -4072.9092 -4678.4443 -5225.1899 -5238.2651 -5095.7827 -5066.8667 -5109.2715 -5133.2842 -5226.1343 -5317.9258 -5301.5713 -5324.6841 -5438.8628 -5481.436 -5422.8354 -5388.4473 -5349.8809 -5290.4463 -5327.2744 -5334.6543 -5381.2935 -5539.1729 -5446.1538 -5295.6821 -5413.3267 -5450.6177 -5340.9619 -5213.6597 -5269.6865 -5634.334 -5634.7188 -5535.8833 -5594.4204 -5714.5356 -5857.7798 -5827.686 -5692.4233 -5542.3521 -5349.1069 -5241.0898 -5195.3076 -5149.1152 -5226.4292 -5479.1743 -5478.3765 -5242.1504 -5226.1973 -5250.1958 -5060.4316
-4827.4746 -4586.4795 -4077.7261 -3222.0403 -2904.4705 -3792.3179 -4586.8071 -4801.2544 -4861.5278 -5015.3926 -5163.2065 -5113.3892 -4984.6392 -4985.7642 -5060.9395 -5140.6821 -5251.7095 -5283.2578 -5172.8286 -5182.7002 -5313.2207 -5445.2305 -5455.9756 -5411.041 -5375.5273 -5275.2754 -5296.5825 -5353.6479 -5348.6855 -5505.3203 -5512.5269 -5342.29 -5371.5747 -5350.7144 -5295.0015 -5351.9243 -5432.1899 -5568.5498 -5451.2114 -5325.2437 -5396.1484 -5377.6104 -5605.7261 -5661.1895 -5512.4087 -5460.3203 -5362.291 -5351.4312 -5336.9404 -5245.1953 -5248.5142 -5470.3223 -5494.0391 -5266.3765 -5179.293 -5104.9565 -4989.9727
-4926.231 -4848.3032 -4664.1675 -4431.4053 -4325.1387 -4552.3384 -4853.0859 -4983.2314 -5008.5 -5070.7744 -5158.7368 -5138.4058 -5055.5703 -5051.8296 -5107.3354 -5212.2202 -5281.0718 -5231.0542 -5129.2104 -5178.4551 -5283.2358 -5419.3945 -5442.7725 -5387.6704 -5388.4624 -5305.0576 -5277.4473 -5345.8369 -5356.4404 -5459.1235 -5468.2422 -5324.5112 -5402.4238 -5432.6138 -5322.0278 -5409.8164 -5442.4253 -5332.6748 -5207.2749 -5235.2534 -5325.4463 -5163.7275 -5331.2495 -5409.7944 -5316.2646 -5374.5771 -5406.4307 -5455.6597 -5367.8838 -5235.5796 -5239.6377 -5359.9829 -5406.9155 -5302.0249 -5227.1899 -5147.812 -5185.8975
-4953.8906 -4944.7168 -4870.7637 -4862.6646 -4901.54 -4886.8301 -4975.2427 -5079.0913 -5093.8247 -5107.4165 -5156.4131 -5169.9189 -5142.8872 -5149.1514 -5183.8374 -5274.6519 -5301.0596 -5264.394 -5240.9165 -5277.3604 -5289.3491 -5361.6631 -5431.6084 -5389.9219 -5385.209 -5277.7466 -5161.0571 -5160.5557 -5337.0869 -5453.6084 -5399.6221 -5286.1533 -5416.4214 -5517.8472 -5316.9336 -5354.0068 -5420.9248 -5293.6851 -5271.5874 -5428.9023 -5310.5728 -5079.5884 -5200.481 -5265.6064 -5250.5068 -5296.104 -5353.5845 -5441.1909 -5254.0845 -5061.564 -5080.4766 -5180.9399 -5324.4521 -5307.4116 -5250.5327 -5233.4233 -5351.4429
-4983.8696 -4989.4609 -4960.3115 -4970.3711 -5035.0015 -5018.3931 -5019.1313 -5069.9443 -5120.2319 -5144.2192 -5160.2104 -5166.1665 -5158.1938 -5171.7627 -5190.4639 -5240.6084 -5271.3042 -5284.3296 -5312.0776 -5337.001 -5279.792 -5291.4434 -5401.4824 -5385.75 -5364.251 -5278.2837 -5145.3584 -5100.4199 -5327.9824 -5468.9351 -5368.6665 -5284.4854 -5396.9092 -5443.2651 -5276.5342 -5346.939 -5467.5044 -5477.5522 -5549.3315 -5695.4541 -5576.7998 -5404.2612 -5409.4097 -5354.7349 -5275.7236 -5300.3506 -5337.9395 -5448.4043 -5195.416 -4947.8921 -4959.563 -5086.7109 -5267.7622 -5302.813 -5277.9448 -5325.0718 -5429.7598
-5013.6401 -5048.2656 -5022.6343 -5043.0215 -5069.5879 -5073.8657 -5064.7476 -5082.0723 -5131.6558 -5171.2354 -5183.1499 -5179.4854 -5165.9463 -5167.501 -5162.8506 -5180.1069 -5207.5962 -5240.9849 -5267.2109 -5289.5356 -5250.6812 -5249.1772 -5340.3779 -5354.9766 -5374.1846 -5333.5098 -5249.1294 -5206.8716 -5350.043 -5467.4878 -5332.8638 -5292.4043 -5382.71 -5392.8013 -5326.459 -5424.4937 -5426.2603 -5570.5684 -5795.2046 -5818.2056 -5696.8633 -5675.896 -5617.667 -5502.5122 -5374.8145 -5381.1333 -5473.8613 -5457.1079 -5121.8745 -5015.4258 -5022.7642 -5124.0635 -5287.8511 -5346.7915 -5302.856 -5365.062 -5379.5508
-5046.9458 -5114.979 -5126.1406 -5163.1665 -5140.5454 -5147.3076 -5168.77 -5192.8228 -5251.2422 -5290.2148 -5246.1201 -5209.1001 -5179.3311 -5162.3301 -5139.6504 -5148.7144 -5197.6943 -5225.1221 -5211.2251 -5224.2056 -5246.5225 -5251.3979 -5296.7754 -5347.8169 -5358.481 -5328.4751 -5341.2065 -5378.1187 -5425.7168 -5481.7783 -5398.4722 -5389.4941 -5426.3994 -5457.6182 -5505.5308 -5500.2734 -5322.0737 -5510.8047 -5806.77 -5605.9883 -5318.959 -5515.1113 -5627.9688 -5591.8833 -5474.9639 -5456.917 -5587.521 -5476.1875 -5177.0762 -5207.1992 -5260.3105 -5301.4009 -5449.3828 -5420.4551 -5288.5259 -5405.0361 -5448.7158
-5112.6069 -5180.4561 -5203.0195 -5189.1362 -5163.6968 -5200.2446 -5220.5322 -5224.832 -5280.1719 -5324.0181 -5276.1729 -5234.0991 -5203.3423 -5188.8809 -5168.604 -5194.8018 -5238.9497 -5231.4805 -5219.4668 -5230.4194 -5283.0986 -5324.1445 -5330.2319 -5335.7979 -5340.1743 -5350.1772 -5410.189 -5502.9668 -5495.2417 -5504.9868 -5498.1279 -5531.2139 -5574.2944 -5634.6304 -5654.228 -5446.8564 -5294.0093 -5492.5205 -5620.6577 -5351.0352 -5131.7422 -5465.6514 -5582.3052 -5533.979 -5533.0825 -5522.248 -5609.7861 -5468.9365 -5215.0728 -5243.2007 -5355.6777 -5324.6255 -5375.6479 -5398.5146 -5339.2324 -5427.9961 -5475.2153
-5135.0542 -5181.3916 -5202.7842 -5184.4067 -5215.3232 -5235.8892 -5226.353 -5236.2617 -5272.9565 -5255.2583 -5215.2891 -5212.9409 -5219.8467 -5214.4648 -5170.3608 -5189.1777 -5237.9727 -5234.8638 -5228.2305 -5241.458 -5289.998 -5326.7231 -5357.8491 -5341.2681 -5329.6909 -5353.8081 -5409.8716 -5467.1538 -5461.0933 -5477.0562 -5478.3315 -5547.7778 -5587.4526 -5701.5737 -5679.8457 -5291.623 -5284.6313 -5504.0767 -5512.647 -5410.229 -5378.0996 -5590.2837 -5603.396 -5593.3262 -5687.2104 -5592.5483 -5493.6304 -5377.042 -5282.7529 -5272.6323 -5216.353 -5134.8242 -5251.0034 -5337.3154 -5458.4438 -5505.9312 -5389.2378
-5178.6206 -5188.2212 -5238.6572 -5251.1943 -5268.7915 -5248.3491 -5237.6963 -5273.7856 -5261.2661 -5205.8188 -5175.7163 -5178.3091 -5211.9385 -5217.1284 -5175.5479 -5169.5469 -5189.7305 -5195.4678 -5212.9434 -5285.2002 -5337.8237 -5337.7163 -5362.124 -5333.4629 -5281.7676 -5287.3052 -5389.2822 -5441.6724 -5435.7612 -5388.7256 -5328.2627 -5403.2583 -5407.8618 -5520.9829 -5532.479 -5247.4229 -5346.1733 -5509.1797 -5511.791 -5585.9824 -5645.0259 -5592.4058 -5543.7998 -5614.0264 -5660.5366 -5520.9487 -5316.0366 -5271.4727 -5421.1187 -5414.9458 -5230.168 -5107.5518 -5163.7769 -5331.6978 -5485.4199 -5429.085 -5220.5371
-5253.6587 -5222.9395 -5245.1162 -5314.0654 -5318.8511 -5268.0913 -5228.4287 -5278.5498 -5278.9771 -5237.896 -5217.936 -5229.981 -5242.0449 -5227.2861 -5208.3403 -5232.8857 -5231.1338 -5213.3374 -5245.1836 -5299.2441 -5327.2432 -5348.4214 -5394.5493 -5373.6001 -5286.9053 -5272.5771 -5352.1523 -5392.939 -5408.4067 -5346.6563 -5250.1367 -5281.3564 -5278.7993 -5353.8574 -5394.4766 -5391.8115 -5505.4849 -5486.9478 -5444.9663 -5582.5825 -5624.4824 -5518.8296 -5493.998 -5504.563 -5379.1797 -5225.2144 -5143.8623 -5216.4443 -5481.9946 -5469.8828 -5223.3052 -5037.8413 -4982.3525 -5223.146 -5387.3677 -5260.5781 -5016.8042
-5313.2461 -5236.4063 -5212.6592 -5298.0479 -5308.292 -5246.8926 -5179.6816 -5235.5996 -5295.1802 -5285.874 -5246.8696 -5241.4482 -5243.7451 -5229.1538 -5179.1411 -5185.2153 -5191.0229 -5211.752 -5303.4961 -5327.9814 -5335.1826 -5373.5786 -5418.2627 -5398.2598 -5318.5005 -5346.2871 -5333.6455 -5331.6338 -5364.9517 -5373.0815 -5345.4185 -5323.9683 -5294.0815 -5369.5527 -5493.2007 -5560.8799 -5535.73 -5396.3896 -5385.3794 -5469.4033 -5411.6714 -5293.2437 -5205.3799 -5223.0391 -5164.2246 -5019.7188 -5029.8364 -5180.52 -5365.5215 -5367.6787 -5199.9136 -5051.1304 -4983.8374 -5186.2935 -5234.9385 -5087.6533 -5031.0469
-5291.5078 -5245.4136 -5218.4941 -5269.4487 -5287.98 -5258.9717 -5228.2764 -5255.957 -5283.5269 -5296.374 -5278.1768 -5255.6611 -5257.2842 -5248.7598 -5178.1182 -5155.0659 -5168.3535 -5209.8438 -5337.3379 -5325.9888 -5283.8345 -5351.5405 -5400.8716 -5379.8638 -5336.5747 -5409.5605 -5428.1465 -5408.3901 -5374.0029 -5381.1606 -5386.1782 -5334.8135 -5291.9111 -5403.54 -5522.6157 -5488.7007 -5384.6255 -5232.4893 -5264.6816 -5331.2422 -5246.7988 -5194.2593 -5064.9409 -5059.4136 -5189.998 -5208.5 -5289.6172 -5325.0776 -5330.6689 -5312.0493 -5290.6216 -5273.0742 -5208.397 -5264.1958 -5160.0278 -5143.7383 -5345.6152
-5322.0083 -5304.5601 -5232.0425 -5243.9756 -5303.7964 -5293.832 -5255.0181 -5280.4639 -5322.6821 -5310.1694 -5257.749 -5218.7515 -5250.0518 -5287.1069 -5245.1045 -5208.5742 -5219.8584 -5249.0991 -5316.1855 -5299.9204 -5279.7949 -5367.5732 -5414.9346 -5389.374 -5328.3345 -5364.1475 -5395.543 -5426.4233 -5389.0967 -5394.1899 -5396.2539 -5337.0381 -5349.561 -5451.8569 -5523.9609 -5453.9326 -5422.9097 -5354.958 -5373.5049 -5464.7549 -5389.1851 -5416.3521 -5345.7974 -5309.998 -5460.2769 -5487.7334 -5622.0645 -5647.8931 -5601.5898 -5469.293 -5430.7544 -5629.7905 -5745.4404 -5664.7749 -5504.252 -5505.5547 -5733.5225
-5326.4492 -5326.4766 -5256.2266 -5225.7485 -5277.2305 -5295.5039 -5272.2539 -5278.7002 -5316.7778 -5298.0854 -5234.6772 -5228.1675 -5276.2505 -5318.4092 -5286.0054 -5246.8125 -5269.3486 -5290.2251 -5294.2847 -5335.666 -5377.502 -5409.1597 -5456.1899 -5481.6763 -5435.2725 -5448.2661 -5447.4541 -5477.1646 -5494.1074 -5534.5029 -5550.2681 -5581.3052 -5627.5645 -5657.0591 -5705.1079 -5674.3203 -5698.5547 -5705.3521 -5687.1729 -5784.1865 -5732.6304 -5673.8486 -5650.4487 -5639.103 -5665.063 -5643.6406 -5672.8218 -5734.1943 -5724.3867 -5550.3765 -5510.9907 -5714.0928 -5840.271 -5819.1875 -5669.688 -5594.5986 -5716.6094
-5291.5098 -5348.9766 -5302.7847 -5195.7734 -5211.4316 -5284.5103 -5275.8027 -5250.4097 -5310.3086 -5307.9678 -5246.1909 -5249.6641 -5277.4683 -5307.8306 -5301.8198 -5282.0791 -5312.5063 -5344.105 -5352.2036 -5387.6675 -5420.2256 -5427.4321 -5486.7192 -5555.438 -5534.7861 -5590.4297 -5637.3901 -5627.2583 -5552.0073 -5565.0332 -5593.6743 -5667.062 -5712.5596 -5710.9814 -5772.9521 -5715.6577 -5675.2783 -5731.2388 -5722.5908 -5766.0483 -5723.5562 -5635.5635 -5665.8179 -5641.2808 -5578.8784 -5562.7192 -5464.0957 -5516.3638 -5518.2769 -5366.9619 -5314.6685 -5404.8818 -5410.9619 -5521.2246 -5465.9028 -5257.1831 -5285.0986
-5209.3696 -5218.7002 -5320.1006 -5275.0771 -5228.3071 -5293.124 -5286.8359 -5220.6328 -5246.7388 -5245.8096 -5237.9995 -5271.0415 -5306.4858 -5331.9194 -5332.6323 -5343.0635 -5372.9683 -5411.9849 -5474.3252 -5480.3145 -5455.3301 -5484.2388 -5487.7856 -5519.1392 -5530.1021 -5574.0498 -5602.7681 -5593.6958 -5552.7764 -5510.5845 -5477.7876 -5489.0967 -5506.1758 -5465.1323 -5623.8994 -5528.3877 -5363.7935 -5467.3447 -5503.0854 -5480.1479 -5383.0083 -5443.1187 -5512.4917 -5470.6113 -5322.0117 -5353.3789 -5336.6914 -5368.5928 -5403.2061 -5291.0928 -5193.9302 -5291.3843 -5385.5142 -5386.7695 -5304.8662 -5208.7666 -5301.7129
-5203.7632 -5189.8149 -5309.5327 -5335.189 -5299.7632 -5340.6831 -5346.6997 -5279.3237 -5244.1201 -5218.0835 -5261.9385 -5299.2949 -5316.0166 -5342.8774 -5331.6982 -5317.1128 -5358.3589 -5419.6865 -5460.23 -5422.1021 -5430.4209 -5484.938 -5457.1997 -5508.4697 -5590.9463 -5553.1196 -5449.9414 -5413.8516 -5447.3271 -5387.3882 -5378.0317 -5374.3369 -5365.7153 -5354.2588 -5565.4077 -5472.8892 -5267.5024 -5348.8018 -5365.1538 -5414.5913 -5331.5845 -5370.0449 -5376.6704 -5434.7129 -5287.1411 -5306.5967 -5356.5039 -5371.3677 -5410.2061 -5359.8174 -5299.8677 -5459.1128 -5508.8374 -5318.5879 -5248.0356 -5359.2588 -5541.29
-5273.5317 -5246.5825 -5268.0522 -5316.8521 -5355.6724 -5365.5347 -5344.9272 -5318.6807 -5261.4321 -5216.2388 -5264.1216 -5201.3809 -5096.0986 -5184.3535 -5314.7041 -5362.3735 -5381.0718 -5425.5776 -5411.4111 -5366.8647 -5452.3574 -5519.7256 -5526.4448 -5581.979 -5640.9614 -5574.5571 -5449.728 -5448.002 -5486.0845 -5417.4609 -5444.9199 -5500.4448 -5500.1934 -5520.1011 -5627.1411 -5602.0181 -5429.3027 -5478.3188 -5385.1592 -5425.8193 -5393.4355 -5341.4863 -5384.5254 -5493.8545 -5412.6836 -5456.2383 -5379.2065 -5352.9414 -5455.1382 -5394.6309 -5337.813 -5482.7441 -5356.583 -5201.4995 -5468.7549 -5647.9839 -5672.8418
-5315.3975 -5316.0161 -5296.8032 -5287.2412 -5265.2544 -5235.1221 -5242.0752 -5321.3857 -5329.2612 -5332.1899 -5362.2612 -5191.457 -4938.5596 -5013.0039 -5240.8687 -5347.4673 -5380.5615 -5432.1284 -5416.4648 -5418.4419 -5498.0938 -5536.3315 -5556.6631 -5597.5239 -5613.8159 -5580.4663 -5524.7593 -5516.2373 -5585.188 -5590.2646 -5569.6646 -5592.4209 -5579.3579 -5566.2861 -5564.2368 -5591.4541 -5489.6797 -5494.5933 -5460.7949 -5488.25 -5443.3086 -5347.0996 -5458.8652 -5494.9463 -5376.5068 -5369.6895 -5259.2378 -5300.2104 -5438.3721 -5340.6279 -5307.6045 -5352.2129 -5191.645 -5233.5605 -5605.7852 -5683.3896 -5605.7832
-5271.2373 -5327.1348 -5345.7559 -5323.0762 -5269.4829 -5227.855 -5240.4878 -5335.9243 -5383.9688 -5409.2876 -5455.2427 -5425.8916 -5273.4004 -5229.7563 -5344.3262 -5398.7568 -5396.6045 -5422.5425 -5447.6738 -5465.1982 -5537.8569 -5557.5732 -5534.6768 -5583.0815 -5596.3262 -5594.9658 -5568.3018 -5464.9399 -5519.2681 -5572.3193 -5561.6079 -5521.7388 -5515.5298 -5565.0762 -5597.5732 -5555.7324 -5527.6816 -5498.0117 -5431.5796 -5485.6094 -5499.9917 -5446.3442 -5555.5566 -5571.2534 -5401.0537 -5360.4517 -5312.7217 -5304.8457 -5353.6162 -5304.5581 -5289.8086 -5234.7168 -5221.3804 -5385.7666 -5592.1367 -5535.2676 -5480.646
-5288.1592 -5339.8037 -5370.1919 -5356.9824 -5337.4404 -5340.7871 -5363.4775 -5376.0898 -5326.6992 -5339.9458 -5441.2622 -5430.1494 -5372.1133 -5396.4761 -5426.6182 -5433.438 -5435.3809 -5433.5635 -5424.7349 -5449.582 -5549.9072 -5544.9487 -5499.5605 -5592.1099 -5595.0859 -5586.6855 -5584.916 -5467.877 -5508.8994 -5565.9648 -5565.895 -5582.4985 -5552.9116 -5566.9761 -5565.8472 -5541.0239 -5554.7979 -5516.8613 -5460.6855 -5505.0376 -5587.9238 -5491.6563 -5538.4512 -5611.2861 -5404.4814 -5259.0405 -5272.2285 -5365.1211 -5412.6172 -5381.3252 -5424.8389 -5395.3374 -5319.2134 -5422.4629 -5511.228 -5473.8169 -5473.2266
-5292.1187 -5331.9917 -5355.0273 -5350.5713 -5344.8818 -5347.397 -5366.7744 -5315.0981 -5203.314 -5219.4419 -5356.5181 -5345.7007 -5248.1201 -5317.957 -5416.5967 -5441.147 -5450.7949 -5452.2017 -5428.5479 -5434.0356 -5511.5815 -5510.4541 -5469.7417 -5525.3838 -5489.4536 -5496.2935 -5526.1167 -5453.7495 -5506.4741 -5580.6191 -5607.252 -5552.6904 -5501.3623 -5522.9946 -5471.1343 -5492.9053 -5515.9507 -5524.0669 -5486.3931 -5499.1445 -5516.6377 -5449.1167 -5439.0728 -5445.084 -5138.2021 -4924.521 -5055.4092 -5281.644 -5353.7471 -5361.9067 -5413.5342 -5405.5303 -5336.4546 -5347.873 -5403.6123 -5444.2104 -5432.1348
