Resources/Map/Lvl0_30x30/Ele_AJ.asc
ncols         335
nrows         335
xllcorner     10105000
yllcorner     6675000
cellsize      10000
nodata_value  -99999.0
[rows 58 to 86 of 335, columns 130 to 194 of 335]
-4020.948 -4010.4846 -4001.6697 -3993.269 -3984.8687 -3978.7144 -3973.9534 -3971.9617 -3975.5986 -3981.29 -3987.5864 -3993.5103 -3994.6128 -3993.0198 -3988.8308 -3982.2703 -3973.1028 -3959.7412 -3942.8765 -3920.7417 -3893.0884 -3862.9587 -3832.6533 -3808.554 -3791.1799 -3779.0823 -3773.6804 -3768.6833 -3751.021 -3711.144 -3659.8491 -3616.6338 -3587.083 -3572.7732 -3576.3665 -3594.6753 -3624.0369 -3655.5769 -3684.4443 -3709.8123 -3728.2864 -3736.3689 -3726.0244 -3689.0598 -3624.2014 -3549.3481 -3495.8767 -3484.71 -3519.9895 -3581.6248 -3653.0476 -3722.7844 -3772.1482 -3799.2981 -3813.8569 -3817.4075 -3813.9429 -3811.6392 -3819.9141 -3837.0701 -3852.9622 -3863.5889 -3871.2468 -3877.0388 -3880.5308
-4143.5435 -4142.0146 -4139.9985 -4137.624 -4135.25 -4131.2627 -4125.5093 -4118.894 -4112.8457 -4106.5215 -4098.3125 -4089.0955 -4078.5085 -4066.6165 -4054.1682 -4042.7292 -4030.8799 -4018.886 -4008.853 -4001.7153 -3995.1404 -3988.2415 -3980.3193 -3971.7517 -3963.3445 -3952.054 -3937.4133 -3918.8088 -3890.5691 -3855.1958 -3823.9656 -3799.9163 -3782.5569 -3772.2446 -3769.5156 -3773.7925 -3781.5142 -3791.0569 -3801.8088 -3816.5527 -3838.1655 -3860.4263 -3874.2185 -3873.1194 -3854.5054 -3822.9431 -3789.3767 -3763.0637 -3751.5237 -3757.1919 -3773.4744 -3788.2158 -3789.2153 -3778.3125 -3767.8735 -3766.8589 -3776.7126 -3792.6372 -3808.8601 -3825.0667 -3837.6387 -3849.1484 -3857.5896 -3864.7053 -3870.3911
-4071.1426 -4080.655 -4091.8311 -4100.3306 -4108.1719 -4114.4199 -4119.6914 -4125.7822 -4131.9619 -4138.5859 -4141.3613 -4140.4272 -4138.3159 -4134.4507 -4130.4194 -4126.0293 -4120.0483 -4113.4893 -4110.1382 -4111.7261 -4113.519 -4112.6499 -4107.8149 -4101.4243 -4091.8628 -4079.9988 -4066.9534 -4052.8611 -4036.7222 -4020.479 -4006.449 -3993.7881 -3983.7097 -3977.6726 -3974.0391 -3971.6521 -3968.9568 -3965.8921 -3963.1946 -3962.3809 -3964.8052 -3968.679 -3971.4868 -3972.2463 -3970.6436 -3965.905 -3958.6396 -3949.4333 -3940.0369 -3931.6772 -3922.8386 -3912.8867 -3898.3501 -3881.6846 -3866.198 -3854.2659 -3846.6096 -3842.1101 -3838.4468 -3836.4758 -3835.3545 -3836.042 -3837.7473 -3839.2698 -3841.333
-3899.0601 -3912.5901 -3924.8906 -3934.8916 -3944.821 -3952.9238 -3962.1582 -3971.6467 -3981.0374 -3990.5864 -3997.9556 -4004.2507 -4011.0085 -4020.5059 -4031.0413 -4041.4507 -4049.8601 -4057.1946 -4064.3137 -4072.3074 -4079.6104 -4088.1501 -4098.9863 -4111.3579 -4125.5503 -4141.8081 -4158.5342 -4169.4326 -4170.854 -4168.3198 -4163.5225 -4158.2563 -4152.0371 -4146.1138 -4140.3145 -4133.4497 -4125.5161 -4116.27 -4105.9346 -4097.3569 -4090.6672 -4085.3621 -4080.7222 -4074.5588 -4067.3445 -4058.4656 -4049.103 -4040.4602 -4030.894 -4018.7739 -4004.1826 -3987.1174 -3968.196 -3948.2517 -3928.8118 -3909.5254 -3890.4043 -3871.6489 -3855.5295 -3843.2888 -3835.6296 -3830.1973 -3824.4028 -3819.4309 -3814.8616
-3590.8562 -3613.3782 -3636.1033 -3656.0842 -3673.5586 -3690.8484 -3711.2002 -3737.6836 -3773.8259 -3813.4001 -3845.071 -3869.3279 -3891.3105 -3909.8647 -3925.8723 -3940.9036 -3953.9033 -3965.8149 -3976.6846 -3986.6221 -3994.6865 -4001.6567 -4010.4688 -4024.2585 -4050.3157 -4087.2336 -4116.145 -4127.1006 -4128.7412 -4126.314 -4121.5439 -4118.0244 -4116.2461 -4111.7446 -4106.5283 -4103.3354 -4102.4092 -4105.1187 -4111.1787 -4120.1904 -4130.8486 -4142.2266 -4153.2114 -4161.1763 -4166.9761 -4169.4722 -4168.0791 -4163.3779 -4156.1865 -4145.5825 -4133.5825 -4120.4692 -4108.1997 -4096.8218 -4087.8066 -4079.2959 -4072.2478 -4066.9404 -4063.8335 -4064.7178 -4069.9385 -4073.2556 -4072.0857 -4066.5977 -4054.3672
-3621.0415 -3625.9358 -3635.0872 -3646.4709 -3659.2056 -3675.6855 -3695.792 -3724.417 -3758.0452 -3786.854 -3808.6753 -3825.3779 -3837.3103 -3845.6628 -3851.6707 -3857.387 -3862.8091 -3868.1042 -3875.0015 -3882.5801 -3889.7144 -3894.9871 -3900.2471 -3904.26 -3906.8774 -3907.9443 -3901.7249 -3889.1555 -3874.8608 -3857.252 -3833.7019 -3804.1321 -3768.063 -3728.2517 -3697.7168 -3682.9482 -3685.5164 -3704.5977 -3739.4656 -3798.8091 -3871.7207 -3940.0347 -3993.9666 -4030.1792 -4055.2131 -4072.0391 -4082.4131 -4090.0403 -4096.3735 -4100.6855 -4104.313 -4106.5166 -4108.4746 -4110.6167 -4113.1494 -4117.9585 -4124.2007 -4130.8677 -4139.4121 -4147.896 -4157.7397 -4166.3936 -4175.1162 -4181.3145 -4185.3081
-3675.6755 -3681.1726 -3690.9536 -3702.6172 -3715.4521 -3725.7681 -3732.6301 -3738.29 -3742.5916 -3745.0259 -3746.4922 -3748.1868 -3750.9736 -3752.7351 -3754.1489 -3756.4001 -3758.6938 -3761.885 -3765.3652 -3769.8821 -3775.1482 -3779.2683 -3782.4407 -3784.1421 -3782.303 -3774.8933 -3758.5535 -3732.6025 -3704.5229 -3675.5554 -3645.554 -3614.8909 -3576.5291 -3535.1226 -3499.5271 -3481.4573 -3480.6602 -3477.3635 -3483.6572 -3514.5989 -3558.8748 -3603.6655 -3647.1606 -3702.7454 -3768.9421 -3828.5969 -3876.6628 -3913.7449 -3943.3914 -3966.054 -3983.2725 -3995.0479 -4002.6465 -4008.7144 -4013.1348 -4018.2866 -4022.9839 -4027.5713 -4033.1924 -4039.6394 -4049.6528 -4068.418 -4099.1792 -4135.7881 -4163.2246
-3718.9517 -3715.2344 -3714.4353 -3716.6262 -3719.1089 -3718.2708 -3711.8345 -3703.0894 -3693.9329 -3686.1655 -3681.813 -3680.5107 -3680.5891 -3681.5371 -3682.5591 -3683.6787 -3683.9072 -3684.2136 -3684.489 -3683.9292 -3682.593 -3680.8669 -3676.2178 -3668.6155 -3658.0012 -3645.4502 -3633.3044 -3623.3657 -3617.4211 -3612.7163 -3604.6194 -3592.438 -3576.6711 -3556.793 -3532.8462 -3505.2202 -3469.1084 -3431.0762 -3399.1143 -3366.3372 -3342.9065 -3336.3469 -3343.0256 -3371.4253 -3420.5161 -3464.0332 -3484.9265 -3492.1057 -3509.5288 -3556.3159 -3619.1587 -3688.0378 -3754.2769 -3805.4282 -3845.2859 -3876.5652 -3901.6851 -3921.9619 -3941.7773 -3958.303 -3974.9385 -3997.0266 -4016.02 -4028.303 -4037.7734
-3751.4583 -3743.5454 -3735.8491 -3728.3977 -3720.9622 -3713.9634 -3706.0505 -3698.467 -3690.3181 -3682.8892 -3676.7207 -3670.1394 -3663.5347 -3657.0117 -3651.373 -3645.7993 -3640.1479 -3634.4138 -3623.9001 -3609.9661 -3600.8469 -3596.5039 -3586.8884 -3563.5527 -3527.3022 -3483.3433 -3437.408 -3390.5237 -3336.0625 -3276.7183 -3211.9521 -3138.3455 -3060.6438 -2983.5381 -2921.4451 -2881.2344 -2856.0159 -2833.0513 -2787.9963 -2700.5266 -2590.2822 -2508.1431 -2484.0107 -2514.386 -2596.1936 -2719.9814 -2847.2612 -2955.313 -3051.5471 -3137.7356 -3206.8127 -3266.8552 -3322.3887 -3373.5256 -3420.811 -3454.2146 -3482.199 -3526.7676 -3590.6526 -3659.5833 -3728.7808 -3791.0833 -3832.0972 -3852.3098 -3863.1841
-3738.012 -3734.0317 -3729.7144 -3725.3972 -3721.0798 -3716.094 -3711.5574 -3706.5322 -3700.4883 -3693.4946 -3686.3887 -3675.8992 -3664.0295 -3649.4194 -3630.1099 -3603.1196 -3567.3054 -3517.5483 -3451.8223 -3374.4158 -3291.2351 -3200.5618 -3103.6484 -3006.4773 -2910.4563 -2835.2898 -2774.613 -2706.4634 -2625.988 -2544.9426 -2471.4961 -2432.6404 -2435.9287 -2469.0017 -2520.2468 -2579.7334 -2654.9819 -2747.2988 -2839.1118 -2903.771 -2933.5208 -2956.895 -3000.021 -3074.7256 -3186.542 -3310.2737 -3406.979 -3463.1589 -3490.3833 -3503.0388 -3505.4136 -3505.5718 -3504.2192 -3502.2378 -3496.936 -3484.4727 -3470.6074 -3461.1704 -3460.3303 -3470.3701 -3498.5564 -3549.6846 -3602.0916 -3636.543 -3654.2844
-3711.2656 -3710.1514 -3708.3616 -3706.2478 -3704.8406 -3702.9612 -3700.8391 -3697.9282 -3694.7649 -3690.7532 -3685.7268 -3677.0056 -3665.0774 -3644.6379 -3614.9502 -3566.5046 -3500.502 -3438.5442 -3380.1921 -3328.7842 -3288.7751 -3254.4351 -3224.8005 -3196.3269 -3153.7771 -3110.7698 -3077.2979 -3046.6365 -3026.3872 -3023.5979 -3045.6431 -3079.8599 -3125.3535 -3189.7788 -3266.0327 -3338.9167 -3404.1758 -3457.6223 -3497.4443 -3526.6655 -3550.1487 -3565.0398 -3570.7014 -3574.3181 -3581.5298 -3591.2729 -3597.8682 -3601.6306 -3603.0244 -3602.6018 -3600.8411 -3599.4941 -3598.3491 -3597.9712 -3596.8796 -3595.376 -3594.6797 -3593.3774 -3592.2236 -3591.45 -3593.1943 -3595.8911 -3598.6797 -3600.8655 -3602.3152
-3673.8 -3673.4351 -3672.0571 -3670.7136 -3668.9656 -3666.9248 -3664.115 -3661.8391 -3658.9734 -3655.0659 -3650.9675 -3646.8247 -3642.6428 -3638.3567 -3633.9578 -3631.2537 -3627.448 -3625.7527 -3628.127 -3631.563 -3635.2258 -3640.3071 -3649.3235 -3659.2332 -3663.1177 -3663.0522 -3660.0037 -3654.6038 -3649.595 -3647.5061 -3651.741 -3656.3064 -3655.835 -3653.9531 -3653.2419 -3652.2896 -3650.0349 -3646.2681 -3640.1863 -3633.4487 -3627.6912 -3622.8142 -3618.9387 -3615.9216 -3613.5388 -3612.2151 -3611.2473 -3610.262 -3609.2598 -3608.2415 -3607.2104 -3606.9429 -3606.1514 -3605.1389 -3604.1191 -3603.9419 -3603.0737 -3602.9414 -3602.9292 -3601.9851 -3602.8933 -3603.9153 -3602.9431 -3601.9148 -3599.853
-3636.0818 -3635.7283 -3635.0413 -3634.7212 -3633.2561 -3631.9651 -3630.9431 -3629.124 -3627.8909 -3626.0427 -3624.0105 -3622.853 -3620.9512 -3619.8486 -3618.8369 -3617.825 -3617.8088 -3617.8262 -3618.8379 -3619.9106 -3622.0171 -3625.0513 -3627.9512 -3629.9746 -3631.998 -3633.8298 -3635.0552 -3636.6077 -3636.353 -3635.6277 -3634.7219 -3632.3252 -3630.6206 -3627.9453 -3625.5334 -3622.9082 -3620.8892 -3618.876 -3616.3826 -3613.8445 -3611.8262 -3610.3484 -3609.3367 -3608.325 -3608.5259 -3608.2876 -3608.5796 -3609.5981 -3609.9265 -3610.6523 -3610.9297 -3611.6963 -3611.1567 -3610.147 -3609.127 -3608.1135 -3607.1018 -3606.0898 -3605.99 -3606.9331 -3607.9551 -3608.0098 -3606.9851 -3601.823 -3592.2007
-3608.5071 -3608.5613 -3607.9619 -3607.0154 -3605.3279 -3604.0542 -3603.0073 -3601.2065 -3599.2214 -3598.8716 -3598.0361 -3597.0469 -3597.814 -3597.9336 -3597.9663 -3597.9993 -3598.9636 -3599 -3599.0012 -3599.032 -3599.032 -3598.9297 -3598.0642 -3598.0642 -3598.0642 -3598.0642 -3598.0642 -3598.0642 -3598.3157 -3599.032 -3598.7378 -3598.0642 -3597.7273 -3597.0962 -3597.0962 -3597.0962 -3597.5186 -3598.5078 -3599.032 -3599.032 -3599.5396 -3600 -3600 -3600 -3600 -3600.6143 -3600.968 -3601.6248 -3602.614 -3603.6033 -3603.8716 -3604.6138 -3605.603 -3605.8074 -3605.0012 -3604.8396 -3604.8396 -3604.8396 -3604.8691 -3605.7844 -3606.7737 -3608.7183 -3609.7288 -3611.6772 -3612.6663
-3592.2124 -3594.1206 -3596.3118 -3597.834 -3598.3464 -3597.8145 -3596.2385 -3595.1267 -3594.9902 -3595 -3595 -3595 -3595 -3595.8792 -3596.8457 -3597.8125 -3597.8376 -3598.8376 -3598.8772 -3599.8376 -3599.842 -3599.8918 -3599.8918 -3599.8999 -3599.9458 -3599.9458 -3599.9458 -3599.9587 -3600 -3600 -3600 -3600 -3599.9812 -3599.9458 -3599.9458 -3599.9458 -3599.9458 -3599.9458 -3599.9458 -3599.9458 -3599.9458 -3599.9458 -3599.9458 -3599.9458 -3599.9458 -3599.9802 -3600 -3600 -3600 -3600 -3600 -3600 -3600 -3600.0439 -3600.0542 -3600.1003 -3600.1558 -3600.2598 -3601.2913 -3601.532 -3601.7502 -3601.9182 -3602.0295 -3602.135 -3602.0798
-3562.3401 -3568.0647 -3572.7974 -3577.5945 -3582.085 -3585.5183 -3588.0051 -3589.4248 -3590.7273 -3591.1555 -3591.3889 -3591.5549 -3591.7798 -3591.9426 -3592.0984 -3592.3281 -3592.4858 -3593.5654 -3593.7576 -3594.8052 -3595.1033 -3596.0359 -3596.2012 -3596.5503 -3597.4397 -3597.6438 -3597.7217 -3598.0374 -3598.8772 -3598.9551 -3599.033 -3599.0859 -3598.8174 -3598.3145 -3598.3445 -3598.4221 -3598.4668 -3598.4668 -3598.4668 -3598.4668 -3598.4668 -3598.4668 -3598.4668 -3598.4668 -3598.4202 -3598.9768 -3599.3145 -3599.2627 -3599.2383 -3599.1282 -3599.0293 -3598.8931 -3598.7974 -3599.3452 -3599.3499 -3599.9839 -3600.7056 -3602.1782 -3604.5359 -3606.8357 -3609.7209 -3611.4287 -3611.072 -3609.1135 -3603.7112
-3494.4397 -3499.7156 -3504.407 -3509.366 -3515.3076 -3520.1079 -3525.1719 -3528.9668 -3533.8115 -3537.5046 -3540.8718 -3543.4407 -3546.7046 -3549.1423 -3551.4875 -3554.8062 -3557.1777 -3559.4248 -3561.7661 -3564.0725 -3567.1721 -3568.5107 -3570.946 -3573.7715 -3575.4712 -3578.1877 -3579.4316 -3580.946 -3582.8303 -3583.9805 -3585.2034 -3586.1321 -3587.0269 -3588.4033 -3588.9192 -3590.0225 -3590.7661 -3590.8667 -3590.967 -3591.0181 -3591.0181 -3591.0715 -3591.0046 -3590.8618 -3590.209 -3589.6345 -3589.3335 -3588.3538 -3587.5938 -3585.7175 -3583.9436 -3581.5776 -3579.6426 -3576.2964 -3573.2788 -3570.1799 -3566.241 -3561.3606 -3555.2673 -3546.9817 -3534.2834 -3515.9321 -3482.9897 -3430.4116 -3368.7673
-3403.5859 -3410.8748 -3418.438 -3425.3372 -3432.5161 -3439.2537 -3446.5295 -3453.1594 -3459.636 -3466.1367 -3472.5339 -3478.9119 -3485.2898 -3490.8501 -3496.2146 -3502.5442 -3507.9265 -3512.4028 -3517.7239 -3522.2275 -3527.3132 -3530.9341 -3535.9424 -3539.6406 -3544.5508 -3547.8625 -3551.3645 -3555.3662 -3558.4495 -3561.0762 -3564.3018 -3567.5745 -3570.4155 -3572.627 -3574.5718 -3576.6414 -3578.9399 -3580.2078 -3581.4177 -3582.1812 -3582.4868 -3583.2134 -3582.7896 -3581.5627 -3580.6636 -3578.4954 -3575.6311 -3572.0505 -3567.4688 -3561.8816 -3555.9058 -3548.5474 -3540.6448 -3531.385 -3521.7791 -3509.917 -3497.719 -3485.8628 -3471.8416 -3454.4863 -3430.3118 -3389.1311 -3333.6558 -3261.4695 -3181.8679
-3321.3564 -3332.2488 -3342.8542 -3353.2202 -3362.9587 -3372.3408 -3382.3494 -3391.2021 -3400.3718 -3409.7156 -3418.196 -3426.7698 -3435.124 -3443.4458 -3450.9514 -3459.2314 -3466.6992 -3474.1443 -3481.5837 -3488.8394 -3495.3958 -3501.8037 -3508.0996 -3514.5227 -3520.7739 -3526.1748 -3531.5757 -3536.9429 -3542.1985 -3547.2122 -3551.8521 -3556.7815 -3560.7166 -3564.3909 -3568.5686 -3572.3015 -3575.5129 -3578.7246 -3581.5242 -3584.2183 -3586.76 -3588.8818 -3590.5029 -3591.0798 -3591.2253 -3590.1919 -3589.0952 -3587.1033 -3584.3738 -3581.0815 -3576.936 -3572.4438 -3567.3511 -3562.7866 -3558.4036 -3554.1421 -3550.5317 -3549.3384 -3550.1729 -3552.6785 -3556.9639 -3560.5002 -3562.1177 -3562.0642 -3560.4099
-3276.3799 -3286.8025 -3297.261 -3308.1162 -3319.0227 -3329.2998 -3339.3523 -3349.5356 -3359.6213 -3369.812 -3379.311 -3390.3025 -3399.8792 -3409.2454 -3418.6116 -3428.1379 -3437.5085 -3447.0391 -3456.3787 -3465.1001 -3474.3965 -3482.8203 -3490.606 -3499.2368 -3507.4658 -3515.1238 -3522.7463 -3529.9985 -3536.5093 -3543.0991 -3549.5171 -3555.4912 -3560.7693 -3565.9258 -3570.4758 -3574.396 -3578.3164 -3582.1611 -3585.9136 -3589.2461 -3591.6199 -3594.0425 -3596.2788 -3597.5906 -3598.6125 -3599.1042 -3599.6052 -3599.9473 -3599.4146 -3599.1643 -3599.1643 -3598.5234 -3598.3286 -3598.3286 -3598.3286 -3599.043 -3599.1643 -3599.1643 -3599.9341 -3600 -3600 -3600 -3599.1643 -3599.1643 -3599.2087
-3260.2813 -3267.6624 -3275.5232 -3284.0859 -3292.9033 -3301.8611 -3311.0134 -3321.009 -3330.4102 -3340.6064 -3350.8564 -3361.9622 -3372.6353 -3383.2366 -3393.6604 -3405.2261 -3415.854 -3427.2722 -3438.0886 -3449.4829 -3460.2747 -3471.0662 -3481.9619 -3493.3135 -3503.2551 -3514.0469 -3524.6226 -3534.2429 -3543.4861 -3552.8884 -3561.4092 -3568.6184 -3574.9368 -3580.1384 -3583.5708 -3586.3333 -3588.9651 -3591.0674 -3592.8313 -3594.4946 -3595.731 -3597.0073 -3597.7454 -3598.2258 -3599.0574 -3599.8889 -3599.6521 -3599.9248 -3600.0557 -3600 -3600 -3600 -3600 -3600 -3600 -3600 -3600 -3600 -3600 -3600 -3600 -3600 -3600 -3600 -3600
-3234.8621 -3239.4773 -3245.1096 -3251.5598 -3258.0752 -3265.6575 -3274.719 -3284.7615 -3294.6746 -3306.019 -3316.8242 -3328.3557 -3340.9316 -3353.4282 -3365.3506 -3378.7732 -3391.4846 -3404.189 -3417.6653 -3430.6174 -3444.3298 -3458.0642 -3471.9629 -3485.5879 -3498.8403 -3512.7656 -3526.5203 -3539.8247 -3553.2844 -3565.4258 -3576.8413 -3585.8586 -3592.8457 -3596.8667 -3599.0991 -3600.4893 -3601.1624 -3601.1008 -3601.4167 -3601.312 -3601.0991 -3601 -3600.8816 -3600.7915 -3600.7915 -3600.7915 -3600.7915 -3600.7915 -3600.0911 -3599.7915 -3599.7915 -3599.7915 -3599.7915 -3599.7915 -3599.7915 -3599.7915 -3599.7915 -3599.7915 -3599.7915 -3599.7915 -3599.7915 -3599.9973 -3600 -3600 -3600
-3206.1462 -3207.3608 -3209.282 -3212.3508 -3215.9009 -3221.6038 -3230.1985 -3239.8442 -3251.2322 -3263.6731 -3275.7876 -3288.7017 -3302.4509 -3315.3591 -3329.3452 -3343.4182 -3357.4912 -3371.5642 -3385.677 -3400.772 -3415.8669 -3431.0435 -3446.8855 -3462.5322 -3478.6494 -3494.811 -3511.1636 -3527.5164 -3543.6089 -3558.2883 -3570.6511 -3580.926 -3588.1484 -3591.7012 -3594.1807 -3595.5872 -3596.2935 -3596.5044 -3595.9768 -3595.4705 -3594.6841 -3594.4438 -3593.98 -3593.6843 -3593.7788 -3594.0713 -3594.3909 -3594.6265 -3594.3228 -3594.4944 -3594.7937 -3595.2058 -3595.6768 -3596.1479 -3596.427 -3596.8594 -3597.3303 -3597.5942 -3598.042 -3598.2957 -3598.7534 -3599.7566 -3599.7717 -3600.0071 -3600.2305
-3199.2524 -3199.7495 -3200 -3200.53 -3202.0251 -3205.1274 -3209.8584 -3216.553 -3224.9221 -3233.5942 -3243.3479 -3254.1855 -3265.6179 -3276.179 -3288.0698 -3300.5579 -3312.8188 -3325.3301 -3337.8721 -3351.1641 -3364.6987 -3378.2332 -3391.9585 -3406.9092 -3421.2075 -3435.6509 -3450.7134 -3465.7759 -3480.644 -3494.9426 -3508.6331 -3520.3999 -3530.0854 -3537.1089 -3542.0146 -3545.3489 -3548.1367 -3549.9639 -3551.0315 -3551.9331 -3553.2231 -3554.9216 -3556.126 -3557.3857 -3558.8787 -3560.9573 -3563.1921 -3565.2463 -3567.3003 -3569.8948 -3572.156 -3574.7834 -3577.6016 -3580.4197 -3582.615 -3585.5242 -3588.3789 -3590.5249 -3593.5 -3595.395 -3597.6689 -3599.2332 -3599.5142 -3600.5283 -3601.2524
-3199.7256 -3199.543 -3199.4509 -3199.4509 -3199.9814 -3201.2693 -3202.7524 -3205.3921 -3208.8079 -3211.873 -3216.5657 -3222.218 -3229.2864 -3235.8467 -3242.8621 -3251.3286 -3259.1436 -3267.9617 -3277.0598 -3286.2366 -3296.6145 -3306.7637 -3317.1294 -3327.2908 -3337.6917 -3348.0923 -3358.4932 -3368.894 -3379.366 -3390.0474 -3400.2041 -3409.2114 -3418.3142 -3427.1667 -3435.5117 -3443.2271 -3450.3096 -3456.7485 -3463.2251 -3469.4575 -3475.5459 -3481.4976 -3487.6055 -3493.2473 -3498.9019 -3504.3933 -3509.8997 -3515.9436 -3521.9834 -3527.9353 -3533.6826 -3539.7749 -3545.7905 -3551.7424 -3557.6941 -3564.2661 -3570.3232 -3576.5217 -3582.9167 -3588.22 -3592.73 -3596.657 -3598.5437 -3600.0957 -3600.6567
-3199 -3198.5322 -3198.0928 -3198 -3198 -3198 -3198 -3198 -3199.1526 -3199.407 -3200.6216 -3202.0596 -3203.4976 -3204.9355 -3207.7122 -3210.5879 -3213.4639 -3217.3645 -3221.7019 -3226.7268 -3233.3291 -3239.314 -3245.5823 -3251.3264 -3257.6846 -3264.1575 -3271.0574 -3277.7891 -3285.0901 -3293.4629 -3302.0215 -3310.8269 -3320.0833 -3329.4963 -3339.7439 -3349.4253 -3359.0562 -3368.4023 -3377.5225 -3387.0239 -3396.1565 -3404.9387 -3414.1211 -3423.032 -3431.6929 -3440.4753 -3448.6011 -3457.5176 -3466.3184 -3475.012 -3483.0496 -3491.8887 -3500.7661 -3509.3081 -3517.7874 -3526.2666 -3534.7461 -3543.8577 -3551.7603 -3560.1841 -3568.3772 -3574.8718 -3580.1775 -3584.4338 -3587.9773
-3199.3186 -3199.3186 -3198.8503 -3198.6372 -3198.6372 -3198.6372 -3198.6372 -3198.6372 -3198.6372 -3198.6372 -3198.6372 -3198.6372 -3198.6372 -3198.6372 -3198.6372 -3198.6372 -3198.6372 -3199.3186 -3199.3726 -3200.8074 -3202.8967 -3204.9141 -3206.3071 -3207.6523 -3208.7744 -3210.4314 -3213.0701 -3215.3975 -3218.946 -3224.1477 -3230.8364 -3239.1624 -3248.406 -3258.0198 -3268.4104 -3278.7192 -3288.9114 -3299.0442 -3308.7666 -3318.6614 -3328.7231 -3338.7693 -3348.6641 -3358.3447 -3368.0908 -3378.1877 -3387.9607 -3397.731 -3407.3713 -3417.3877 -3427.1006 -3436.6245 -3446.6858 -3456.3538 -3465.8777 -3475.4016 -3484.9253 -3494.7356 -3504.2917 -3513.5151 -3522.6709 -3530.5222 -3539.3306 -3547.4614 -3555.5562
-3200.5596 -3200.6812 -3200.6812 -3200.6812 -3200.6812 -3200.9377 -3201.0217 -3201.0217 -3200.7427 -3200.6812 -3200.6812 -3200.6812 -3200.6812 -3200.6812 -3200.6812 -3200.6812 -3200.342 -3200.3406 -3200.3406 -3200.3406 -3200.312 -3200 -3200 -3199.9011 -3199.3406 -3199.3406 -3199.3406 -3199.5786 -3200.6833 -3202.4993 -3205.6399 -3209.5508 -3214.8535 -3220.7334 -3227.3467 -3234.9458 -3242.9001 -3250.752 -3258.5488 -3266.874 -3275.7219 -3284.7236 -3293.574 -3302.8135 -3311.9338 -3321.4185 -3331.2908 -3340.7156 -3350.6145 -3360.835 -3371.0552 -3381.2756 -3391.4961 -3401.9924 -3412.2773 -3422.7888 -3433.3572 -3444.5186 -3455.1536 -3465.1001 -3476.2676 -3486.5442 -3497.4524 -3508.3794 -3519.644
-3201.4099 -3201.8784 -3202.249 -3202.3625 -3202.6277 -3203.2053 -3203.3625 -3203.6516 -3203.2031 -3203.0879 -3203.0879 -3203.0879 -3203.0879 -3202.7507 -3202.7253 -3202.7253 -3202.0908 -3201.7253 -3201.7253 -3201.7029 -3201.3093 -3200.7253 -3200.679 -3200.3625 -3200.3625 -3200.2922 -3200 -3200.1516 -3200.6375 -3200.8171 -3201.1646 -3201.1199 -3202.2151 -3203.9333 -3205.8784 -3209.1187 -3213.0244 -3217.3035 -3221.7568 -3226.7268 -3232.218 -3238.4363 -3245.3362 -3252.6147 -3260.4939 -3269.0747 -3278.1406 -3287.3389 -3296.9836 -3306.8335 -3316.6831 -3326.533 -3336.6687 -3347.4058 -3357.4448 -3368.1494 -3379.0212 -3389.8931 -3400.7646 -3411.9785 -3423.2209 -3435.0925 -3446.9863 -3458.9226 -3472.1897
