Resources/Map/Lvl0_30x30/Ele_EK.asc
ncols         335
nrows         335
xllcorner     13455000
yllcorner     -6725000
cellsize      10000
nodata_value  -99999.0
[rows 116 to 144 of 335, columns 260 to 324 of 335]
-93.8589 -65.5145 -55.138 -37.7457 -13.2958 38.1055 12.7801 47.346 11.9637 9 -5.1427 -7.3188 -23.4987 -35.8856 -41.5749 -47.8272 -54.9009 -65.3389 -67.0245 -54.5066 -61.8634 -77.2023 -66.8508 -37.2501 -34.2686 -51.6225 -76.446 -108.8865 -111.0621 -76.8451 -46.9966 -36.3653 -28.3192 -21.8879 -20.4166 -20.4623 -17.6135 -10.8034 -10.9651 -12.3873 -8.9625 5.5011 24.9949 -5.9551 -16.1291 -29.4937 -42.0357 -50.0984 -63.1658 -134.8462 -225.508 -780.0353 -1587.3607 -2599.5425 -2906.9829 -3415.689 -4042.4436 -4146.48 -4043.5063 -4026.6494 -4132.0972 -4181.1514 -4132.7388 -4148.7021 -4209.3506
-118.7992 -88.7284 -56.3227 -37.7492 -12.1231 19.2735 43.8522 44.3492 61.762 13.3107 37.8627 57.0807 76.9409 25.6093 103 -40.0339 -47.6679 -54.942 -60.0781 -65.4885 -77.2253 -86.1851 -75.4779 -41.3429 -26.0699 -48.1254 -71.0585 -85.2588 -80.4608 -55.7169 -37.7625 -30.9619 -22.2438 -14.0771 -14.2077 -17.5037 -13.3442 4.8576 28.8953 12 0.8045 36.6572 33.0367 42.7738 -6.3121 -25.7768 -44.9085 -60.6291 -77.0488 -155.4272 -226.6677 -898.5869 -1768.7122 -2739.0398 -2987.2864 -3472.1001 -4126.1938 -4240.3745 -4118.1362 -4047.3123 -4178.2383 -4252.2573 -4189.646 -4163.0903 -4224.0015
-113.0646 -93.9323 -49.9906 -29.4525 14.6681 61.6473 48.2094 28.5576 106.1416 33.8353 183.8107 119.1804 131.8456 186.5544 187.0637 97.9711 81.9056 -40.3306 -49.1059 -57.2308 -63.4531 -69.1335 -68.824 -52.9276 -42.2799 -54.5116 -62.023 -54.8127 -45.1063 -34.4409 -24.2065 -21.3169 -16.755 -4.295 -3.59 -10.8681 -0.3036 43.907 105.2921 74.1339 63.9637 185.0517 75.9044 46.7191 85.5534 -9.2598 -42.5859 -76.0723 -95.7641 -119.5776 -310.7011 -1208.1277 -2183.7529 -3050.4087 -3429.1599 -3848.4792 -4210.8564 -4240.4189 -4142.3564 -4038.1384 -4169.8091 -4264.8672 -4220.5703 -4211.0088 -4257.5034
-103.0581 -128.6988 -47.2095 -27.4922 2 60.7192 77.3575 99.661 45.8144 180.3351 172.0765 204.2847 259.0656 341.7397 267.7127 133.3503 167.3599 77.9528 68.0899 -33.231 -46.49 -49.8256 -51.9223 -49.8365 -48.4276 -51.9044 -48.6802 -34.0347 -16.4472 40.7425 38.1348 111.7622 81.3434 41.9663 24.732 43.3347 46.0658 76.3098 223.7255 189.783 157.9498 90.2617 136.8066 101.5447 39.204 -4.9856 -57.7571 -93.0383 -107.0635 -142.635 -527.8056 -1457.3262 -2467.5378 -3228.3176 -3736.8853 -4078.9016 -4166.2041 -4165.8677 -4165.4419 -4080.1482 -4147.1455 -4232.416 -4167.9624 -4198.918 -4274.1201
-75.376 -171.6672 -89.602 -42.0575 -3.0357 60.4263 133.45 147.8941 208.5933 154.81 246.0749 345.0078 356.4907 301.2297 408.7452 311.3022 320.6001 247.2663 210.0707 183.8128 138.1034 -10.8752 -22.2619 -25.9031 -23.8501 13.9786 6.5112 145.4367 11.2481 7.833 176.1065 191.4045 175.5614 172.7754 72.9718 96.9959 166.9185 168.5143 218.115 192.4002 234.5382 410.8668 294.7379 141.1411 86.2302 -25.6994 -77.4628 -106.4015 -120.2185 -331.3601 -896.0558 -1631.6915 -2385.751 -3035.1812 -3727.8225 -4122.7192 -4079.1995 -3968.7437 -3995.2502 -4033.7344 -4079.6411 -4178.4346 -4128.0234 -4158.7339 -4252.728
-79.7838 -174.7003 -158.2164 -68.2822 -17.3731 81.9353 173.0489 164.0877 217.6215 237.9509 399.647 361.0741 467.7354 440.9269 359.9524 484.9223 417.0859 419.3475 376.3671 350.0499 182.3097 160.0087 178.3105 60.4655 43.5612 72.8258 52.8175 315.604 141.669 92.7771 30.6596 202.1354 94.7166 258.3312 265.9047 460.2192 206.4625 466.3862 301.0709 391.6485 643.1744 487.5035 289.7624 168.8367 131.7312 -30.6315 -81.0021 -109.3467 -147.4908 -513.1887 -1098.661 -1670.5995 -2092.6875 -2659.3972 -3611.3796 -4117.7427 -4101.0308 -3912.3025 -3818.6555 -3835.0525 -3910.9717 -4093.748 -4115.1016 -4149.2046 -4249.6279
-235.0654 -180.6338 -213.4056 -110.0397 -30.6341 47.6334 119.6156 251.3604 258.9813 285.8763 443.1141 506.668 593.6456 596.8787 511.6928 563.7863 592.0798 566.1002 485.0478 324.9923 392.7109 280.3857 282.8569 277.6914 62.0128 131.2325 186.4066 245.6558 360.3035 99.7073 96.1754 17.9621 278.6009 437.7932 400.4262 622.6934 657.0672 844.7416 571.6795 756.8098 726.1979 421.856 321.4457 126.6048 38.6434 -12.2726 -78.0447 -110.2487 -148.722 -496.1766 -931.1241 -1447.8519 -1797.3617 -2242.0193 -3195.8442 -3685.845 -3907.9956 -3990.4695 -3863.9058 -3724.7249 -3779.095 -4016.5356 -4108.1167 -4154.333 -4265.478
-648.1523 -256.9653 -219.5519 -170.2678 -54.9216 -3.1248 72.3177 224.4783 408.4551 325.9739 392.1117 427.4758 418.666 527.4471 443.1544 634.0026 641.0432 639.8104 510.8349 478.3864 449.8575 296.3379 332.7686 192.1106 160.93 193.5073 203.6878 334.6441 282.5089 219.2242 239.9076 135.6726 21.4622 363.9361 513.0129 966.4957 624.3091 883.7859 700.1558 725.9063 372.2932 467.0017 366.3616 134.9186 116.4681 -9.0066 -98.3936 -111.8679 -156.2613 -476.4328 -746.0502 -1206.4664 -1697.1891 -2200.979 -2986.3123 -3355.6011 -3699.4167 -3976.4116 -3868.6355 -3742.5303 -3834.6882 -4023.1189 -4120.3325 -4169.0586 -4274.8154
-1079.6503 -504.4248 -165.2841 -101.9143 -143.4455 -83.7927 64.7562 171.8654 247.5012 248.711 207.9591 276.6724 381.5962 691.2371 632.3661 685.1299 675.8924 697.257 866.4725 908.1881 646.9443 506.5405 457.735 341.5219 509.9612 257.0527 285.0098 255.2899 231.3911 158.1073 133.3369 145.3132 212.7883 69.5961 299.4058 634.3977 447.2833 838.9131 979.9849 438.9302 481.3719 310.4071 260.658 247.2642 93.8576 -31.8017 -121.6873 -109.9642 -192.1 -519.1217 -666.7756 -1072.319 -1686.4408 -2429.3582 -3126.8887 -3410.3032 -3657.6787 -3945.5293 -3894.0098 -3833.1421 -3983.6172 -4060.812 -4098.6846 -4177.9644 -4290.3237
-1297.8301 -664.1153 -159.8012 -53.2147 -139.4651 -136.4978 -15.9527 69.2538 180.2764 193.4675 226.1732 558.4983 529.6116 400.5128 371.3009 495.894 560.3098 659.7543 903.138 901.989 643.4273 609.6931 719.7725 569.0489 287.4963 279.4724 298.3051 272.1831 377.9255 190.9552 158.5701 157.4803 139.808 142.7041 187.199 347.4528 537.0034 1032.7206 1324.6414 789.9385 461.2687 340.1086 261.9606 266.3992 366.774 -3.41 -99.0065 -109.7385 -289.7485 -706.6268 -831.2622 -981.621 -1427.059 -2376.2021 -3008.248 -3190.3311 -3366.5037 -3721.5955 -3830.3828 -3876.3748 -4096.7749 -4161.2021 -4132.3169 -4220.4365 -4320.0918
-1490.9465 -886.421 -341.8695 -122.7782 -112.2896 -82.7052 -92.0791 54.4856 125.3373 194.0906 229.447 507.3136 331.2122 219.4494 423.7435 359.4897 457.234 597.5961 835.2111 967.6074 589.7833 778.3486 564.2032 1027.7651 1126.2393 988.3387 485.0965 700.7461 605.4447 257.4488 186.4807 144.9483 141.7601 174.4787 159.7927 238.2599 429.8201 468.2727 720.9545 473.6611 286.206 599.772 728.9548 679.1139 308.4395 18.0521 -78.8159 -107.6608 -425.1566 -943.5858 -1079.318 -963.1205 -1133.7843 -2381.2629 -2915.6172 -2987.584 -3183.0854 -3630.6003 -3913.1489 -4006.4802 -4099.2109 -4248.1196 -4320.8242 -4370.7144 -4352.6172
-1687.9698 -1022.4058 -533.9438 -190.7684 -132.6063 -89.4154 -144.2904 -30.3984 76.217 141.4417 159.3372 174.8553 164.0648 131.4871 338.2193 242.9088 467.1667 596.5045 930.1005 955.7686 912.7198 795.7595 998.3814 1301.2577 1229.2961 1234.7627 1174.501 1161.1766 1140.1085 382.975 170.7898 163.6834 151.9881 191.4503 185.582 202.1673 271.8281 483.1577 299.1544 385.4524 577.9441 575.6337 381.5504 639.7975 128.0126 -1.0976 -69.2628 -96.78 -468.1654 -1058.5181 -1227.5881 -1139.8684 -1163.6282 -2230.0415 -2881.9041 -3012.5452 -3121.3555 -3510.6799 -3989.0024 -4219.8228 -4189.1963 -4266.7212 -4335.2759 -4358.2964 -4344.791
-1918.1903 -1320.3315 -830.6326 -326.4213 -151.2744 -123.7493 -194.6526 -237.6332 -73.3883 42.416 463.0526 229.4875 203.1064 410.2402 798.1707 585.4084 448.5584 537.1611 678.0661 1049.1893 959.3995 917.2496 1093.058 1187.4619 1173.5757 1152.478 1163.0588 1072.5576 1024 1176.2661 1096.957 225.3942 218.3624 153.0688 144.9613 191.6332 274.662 545.6988 590.1321 353.5543 432.0475 539.8999 326.6786 300.0714 80.0308 -27.3181 -71.6679 -81.5402 -385.3805 -1029.9214 -1363.7078 -1314.5955 -1317.9971 -2123.4785 -2834.0845 -3092.083 -2979.1619 -2990.8572 -3561.9304 -4131.3862 -4210.0845 -4200.4302 -4236.6382 -4285.6802 -4349.1323
-2221.9277 -1706.5194 -1207.7578 -572.6265 -153.8534 -111.5688 -145.1225 -371.4929 -275.1272 -20.0307 205.0538 123.5464 214.6548 226.404 457.8114 786.8913 466.7332 937.4643 651.8583 844.5135 953.1426 1212.4031 1116.6837 1069.7327 995.7714 1105.651 1024.0238 1024.6901 1108.3522 1053.5046 950.6276 671.6309 772.3361 270.7531 278.6328 279.0179 201.1323 418.1139 573.492 607.8777 706.34 378.7751 126.8139 158.6431 26.7007 -5.5916 -70.0961 -96.5994 -278.1393 -999.9148 -1492.6836 -1329.0184 -1421.0626 -2081.1436 -2707.7019 -3145.9583 -3108.3618 -2797.3567 -3158.2319 -3873.5381 -4126.5024 -4174.126 -4270.1763 -4323.5537 -4302.1392
-2488.249 -2075.2322 -1605.7045 -1057.2256 -437.0786 -129.5564 -100.9779 -239.322 -237.6989 -77.8265 10.5586 22.2331 173.3009 209.0239 294.3929 279.5068 389.8798 682.9218 832.7535 893.445 1011.3784 943.1224 1005.1503 976.2168 830.8653 896.9418 1060.139 971.0613 957.5183 984.0493 965.7051 707.7316 845.4792 671.4639 235.8912 297.1777 196.6988 387.7505 579.5352 617.1103 583.879 250.6446 35.5087 72.7251 151.6623 -17.1634 -71.0302 -97.6704 -278.9431 -1105.8643 -1675.7053 -1536.3474 -1666.1051 -2265.8298 -2830.9788 -3287.6755 -3416.8242 -3328.6221 -3606.8945 -4053.0103 -4199.8174 -4201.1372 -4270.1968 -4348.2998 -4300.1855
-2737.8733 -2376.1299 -1921.0702 -1381.0262 -786.3129 -364.1936 -195.089 -265.7973 -304.4436 -104.7658 -24.8322 10.3114 112.1582 156.9214 141.2895 357.7214 415.2578 575.6098 501.4592 690.7517 949.9821 869.4285 811.3704 840.0231 711.5504 739.8404 882.3911 876.5461 960.1561 822.468 812.5594 1004.1796 801.7979 850.9702 257.5078 223.9481 196.2093 340.3403 465.7766 522.8672 491.856 294.4228 37.0491 10.3329 26.0767 34.8153 -73.3958 -104.2073 -386.6682 -1310.9517 -1835.903 -1771.042 -1852.9902 -2284.5212 -2828.3245 -3266.5757 -3467.8108 -3598.907 -3933.3425 -4176.6348 -4230.313 -4230.5122 -4202.0864 -4255.0171 -4305.1919
-2866.1125 -2509.7493 -2066.45 -1521.568 -1001.5861 -609.3575 -280.424 -253.1909 -345.6342 -134.1466 -11.5257 21.8767 98.6193 215.5198 440.6481 279.5152 442.181 417.505 499.9648 472.8469 602.5041 870.5374 750.8287 889.3696 620.2615 741.778 778.928 774.6803 480.336 577.5414 680.9905 737.5071 948.1045 731.7667 579.6039 360.8492 438.5568 376.8289 402.3727 524.0447 579.5665 285.8636 13.8104 -10.7831 2 155.0676 -73.5075 -118.7213 -588.1662 -1562.0007 -2070.8513 -1909.8588 -1712.1051 -2105.238 -2729.1013 -3171.2173 -3432.709 -3696.1895 -4052.051 -4199.6719 -4181.8242 -4170.8652 -4173.0034 -4232.9849 -4290.5952
-2827.3425 -2486.0569 -2096.7739 -1609.1244 -1151.3629 -754.3298 -332.3871 -203.3033 -234.9481 -129.48 -16.652 114.4508 42.6645 33.2395 188.5161 220.7878 359.2798 412.7553 614.764 501.387 696.7714 902.2719 824.912 770.423 575.2264 611.2805 628.1036 587.1302 421.6363 689.0558 508.3167 474.3884 587.4517 401.324 400.9676 456.1761 411.6274 378.0938 382.5341 281.6805 244.4224 71.3416 7.0746 -23.3258 55.1511 22.354 -82.9303 -140.5649 -766.22 -1652.986 -2234.9011 -1978.3552 -1761.0151 -2160.7097 -2837.8694 -3224.9729 -3434.3794 -3672.79 -3929.3191 -4045.052 -4010.8865 -3953.7664 -4005.2043 -4170.7725 -4203.6978
-2864.603 -2489.1301 -2122.2246 -1687.9266 -1242.2947 -878.8018 -442.9514 -172.4332 -173.8921 -171.6171 -32.6466 94.64 168.3199 72.1777 131.3482 232.3236 446.4504 361.8778 382.3901 329.7788 653.3033 502.4268 563.0624 694.1277 644.9983 357.9034 407.1643 235.1805 264.5474 354.4075 347.2755 462.8457 257.944 439.3138 475.8824 486.7629 399.2583 318.8842 311.2625 405.68 259.5378 67.1286 -9.304 -21.6499 -21.8279 -36.6785 -96.405 -193.6469 -1009.889 -1866.0879 -2224.4121 -1917.3816 -1973.2004 -2318.1765 -2843.7993 -3270.8264 -3530.6997 -3595.6233 -3732.645 -3987.8445 -3990.9001 -3901.4236 -3996.417 -4194.7539 -4127.7856
-2774.7434 -2494.9443 -2171.6716 -1775.735 -1400.379 -1014.1158 -560.6099 -117.9561 -82.6428 -78.2382 -26.7569 30.4857 127.9826 77.8333 109.3052 238.5924 436.6676 203.4152 212.2957 265.8945 357.0921 765.668 727.0336 626.358 399.4071 602.2844 241.1428 126.7742 279.3061 215.5447 459.8445 639.0578 272.4568 302.7653 479.7754 453.2917 562.7554 476.9218 344.7117 348.9885 180.1574 38.4139 -15.0128 -30.086 -66.6308 -91.796 -109.179 -343.3768 -1386.553 -2106.1975 -2193.407 -1990.2958 -2330.6272 -2569.74 -2817.2656 -3307.9937 -3613.748 -3540.2712 -3647.5417 -4000.7288 -4061.0166 -3923.4324 -3914.9944 -4065.5156 -4101.2046
-2778.1143 -2571.8933 -2336.1819 -2046.5774 -1625.5786 -1245.3069 -798.8875 -328.3503 -111.2955 -101.3676 -55.7642 39.5261 127.3226 101.3677 66.7182 305.1992 140.4596 357.8886 183.1584 344.4669 344.9272 561.0941 633.8386 525.4169 458.0543 929.3156 723.7429 359.553 123.1495 250.9694 384.6277 217.0703 255.4765 329.9079 376.7845 144.2961 350.8967 345.1462 169.1471 84.2638 191.7128 24.5383 -14.9013 -58.4545 -86.4771 -102.2684 -149.7551 -730.3512 -1760.5273 -2222.3533 -2378.3145 -2279.6797 -2503.2183 -2781.2971 -3145.9937 -3426.9939 -3498.3196 -3579.6965 -3743.418 -3924.6931 -4088.4163 -4109.7642 -3978.8552 -3943.2646 -4080.646
-2903.8411 -2665.0195 -2499.5686 -2277.8303 -1903.1222 -1538.6331 -1056.3094 -468.0666 -142.1664 -108.34 -75.2089 1.8891 86.1752 127.9882 225.2348 311.1314 261.4256 325.1764 134.5573 383.5077 352.8418 334.9904 580.468 679.7515 419.1765 1000.9213 1087.3671 438.076 172.0784 68.6179 231.2246 612.9013 151.6647 74.1787 176.3166 94.0793 266.0367 336.2755 228.1953 292.2433 200.4232 180.7861 57.3587 -5.7746 -85.4801 -112.2769 -323.3197 -1273.4661 -2044.6716 -2317.813 -2514.4548 -2517.4141 -2679.5596 -2853.396 -3084.7405 -3339.2178 -3395.2305 -3611.5256 -3766.0295 -3815.2488 -3962.2935 -4083.9092 -4072.3054 -4052.5342 -4066.9854
-3104.8118 -2856.4951 -2603.9255 -2421.7871 -2169.4531 -1720.0292 -1133.7463 -402.2523 -104.7848 -96.0233 -99.9586 -58.3036 32.3047 136.4594 65.4221 140.594 316.6728 146.3086 228.4061 404.5186 396.3741 330.306 299.0058 483.8871 659.8639 393.2054 318.3095 616.8351 409.8535 395.616 66.3861 58.9118 142.6296 28.6528 256.1779 20.0249 41.9287 88.6128 213.331 241.152 106.1463 37.7978 13.5028 -58.7976 -97.9101 -143.3902 -567.3981 -1577.9026 -2152.0896 -2401.3071 -2659.1729 -2743.364 -2792.1423 -2884.5244 -2876.8088 -3080.6772 -3349.9968 -3585.5762 -3662.4385 -3755.9419 -3820.2832 -3891.9497 -3962.5396 -4030.489 -4068.8342
-3229.8818 -2962.5693 -2778.8496 -2589.4988 -2332.8875 -1861.6002 -1251.2198 -605.3533 -207.6514 -128.1276 -121.0892 -86.1888 -18.7387 44.9999 150.0925 167.9633 226.995 116.3336 217.6068 466.8293 305.636 361.532 416.3579 527.3213 466.0087 542.6188 483.8631 816.1342 844.1139 356.9327 669.1065 418.7524 679.684 355.0543 16.0759 147.9729 20.2678 72.9969 85.2373 100.8168 37.8581 -33.4646 -72.3341 -88.3557 -98.4182 -221.572 -906.6348 -1803.0813 -2212.1477 -2392.8943 -2699.5286 -2795.1189 -2871.3005 -2987.7791 -2938.511 -3021.5339 -3230.9292 -3356.5417 -3328.1343 -3426.3562 -3591.5122 -3685.4695 -3793.3879 -3887.5918 -3947.3572
-3330.2896 -3119.9253 -2902.543 -2688.9141 -2458.2827 -2053.0364 -1542.033 -1062.5375 -496.528 -134.3465 -118.3034 -111.2657 -75.4045 21.847 35.8117 75.341 276.8672 92.8789 111.0018 358.1956 533.2376 308.6014 312.6483 363.9129 790.4257 376.3027 464.7238 730.3192 187.2365 710.0859 590.8544 308.417 302.8978 504.9448 234.7778 52.8972 10 15.2773 32.8112 48.7284 69.4477 242.8965 -69.6221 -94.0334 -113.0237 -390.2763 -1182.6006 -1920.1404 -2349.2627 -2552.2222 -2806.5791 -2894.9377 -2990.0627 -3014.4851 -3026.3513 -3075.1248 -3140.2271 -3226.1658 -3121.5737 -3084.041 -3193.3899 -3439.2583 -3682.8352 -3795.4219 -3743.7173
-3505.7632 -3347.8345 -3115.7876 -2869.7349 -2594.928 -2342.2725 -2060.958 -1736.4004 -1076.6571 -375.9429 -164.5598 -136.2626 -114.9982 -61.1448 9.6416 80.2369 42.7324 103.4453 232.3166 83.3291 327.4969 503.245 363.4985 340.3515 435.7938 554.3619 851.044 284.5557 234.518 263.6517 238.0362 44.7499 356.6623 112.3176 175.7184 33.7189 8.0767 8.8373 75.7336 8 105.2965 21.6866 -62.4317 -102.8063 -174.0306 -731.0002 -1494.4015 -2104.1035 -2628.4475 -2921.5212 -3092.7327 -3101.468 -3125.6206 -3079.5042 -3097.8967 -3143.0806 -3205.8164 -3190.2212 -2987.084 -2869.925 -2933.5229 -3261.0024 -3493.3035 -3490.8682 -3472.8975
-3686.5959 -3541.2471 -3343.8237 -3091.8574 -2871.0818 -2683.6333 -2455.5894 -2150.845 -1710.5403 -1116.3453 -491.9459 -224.6385 -130.474 -124.8692 -104.2492 -21.6965 49.703 117.7619 263.2296 74.7604 288.2029 204.3323 482.0509 241.5937 290.7558 244.4634 429.9798 134.4188 223.4684 350.8649 106.4676 155.0662 306.7882 103.9379 29.024 -2.2795 -18.1966 26.3785 68.5467 227.6019 93.539 166.9115 -77.0237 -113.9008 -399.9731 -1247.3636 -1882.5844 -2452.1863 -2839.7788 -3095.9519 -3226.3984 -3261.3611 -3224.1882 -3156.1079 -3169.1118 -3197.3081 -3201.6396 -3158.3579 -2928.7708 -2794.3806 -2714.384 -2934.6094 -3227.1582 -3274.4597 -3344.2656
-3871.7646 -3698.7515 -3484.7632 -3250.9839 -2996.981 -2739.2793 -2499.3901 -2288.7944 -2101.7585 -1784.2531 -1259.4507 -605.5194 -212.508 -141.9796 -126.528 -45.4769 11.3533 49.7833 44.1281 96.9868 133.6243 192.0029 330.2559 340.2118 510.6151 268.9483 619.855 300.6445 541.2481 326.9781 85.396 73.9695 218.8506 211.1193 38.62 28.552 -32.4449 -37.5265 34.5379 241.0014 9 6 -79.7626 -149.4735 -765.2244 -1768.9307 -2308.1899 -2750.8262 -3054.4275 -3229.6235 -3306.2769 -3346.7507 -3298.552 -3241.4351 -3225.6782 -3288.7222 -3193.0933 -3053.9985 -2912.1482 -2811.4163 -2775.1526 -2922.4871 -3132.9336 -3158.5154 -3197.7722
-4045.5183 -3844.4089 -3596.5281 -3384.7083 -3124.502 -2826.6035 -2610.77 -2423.4175 -2300.6045 -2116.5298 -1782.8838 -1242.1202 -624.0023 -242.5877 -161.0445 -87.3441 -48.1694 4.8277 23.9397 103.3821 109.0863 12.1266 167.6994 211.9278 384.0239 787.2222 855.3231 496.1885 709.4869 211.4438 199.9275 157.4858 90.2823 82.1153 6.8916 -1.2674 -40.6934 -73.3058 -67.8423 -55.3737 -86.3014 -64.0802 -126.5935 -250.9063 -959.9209 -1912.9796 -2547.791 -2953.4099 -3200.9199 -3342.9714 -3394.7373 -3410.707 -3379.9446 -3333.6113 -3304.3699 -3276.5996 -3169.3853 -3069.7048 -2897.3704 -2787.2236 -2818.0183 -2955.5571 -3098.7434 -3051.209 -3032.1277
