Resources/Map/Lvl0_30x30/Ele_AG.asc
ncols         335
nrows         335
xllcorner     55000
yllcorner     6675000
cellsize      10000
nodata_value  -99999.0
[rows 130 to 155 of 335, columns 236 to 294 of 335]
243.907 211.4135 134.2322 120.6378 260.6217 43.2949 -5.3414 -14.2396 -15.6722 -15.024 -15.3285 -14.8925 -12.8079 -8.3423 -13.8218 -19.0005 -21.1033 -23.418 -25.4621 -28.2611 -33.7399 -40.4149 -47.5727 -54.6165 -61.1898 -67.5782 -75.7458 -86.5379 -97.5208 -106.011 -111.4952 -115.9247 -120.1772 -124.2688 -128.3625 -133.0616 -139.4307 -146.592 -151.516 -155.4945 -158.8685 -161.6926 -165.1757 -172.8138 -182.4581 -190.4075 -199.031 -205.5732 -210.815 -217.4438 -229.2313 -247.853 -264.3039 -271.9731 -272.8861 -269.119 -265.1129 -262.5899 -262.4684
161.4387 163.6325 141.1666 103.4768 73.7277 41.3532 9.5721 -2.2314 6.6291 11.2129 5.1366 12.6706 24.4623 52.7106 53.0243 42.7019 39.6791 4.1163 -18.7951 -23.1855 -25.8895 -29.0798 -33.6908 -39.0203 -44.7904 -50.5606 -56.8547 -65.5039 -75.8988 -84.1749 -89.9674 -93.8633 -95.839 -97.5557 -98.8482 -100.1762 -102.7307 -105.7968 -109.1003 -112.7302 -115.2363 -113.9649 -117.9072 -133.5148 -153.8779 -167.6182 -177.9561 -186.821 -195.8586 -210.9203 -231.4096 -255.3481 -276.6184 -288.0019 -291.3557 -291.4485 -292.1962 -293.3081 -294.8745
318.85 315.3702 253.2743 106.2412 260.9334 173.8716 28.0836 31.1382 86.2048 103.3848 46.0133 101.491 83.1756 68.7974 103.1563 158.0954 116.7635 39.1067 -9.5718 -16.8106 -19.418 -21.6463 -24.7239 -28.6805 -32.773 -37.1141 -41.6078 -47.2945 -54.936 -62.1883 -68.4392 -74.3165 -78.159 -80.7066 -83.3542 -87.4529 -91.7352 -95.3266 -98.691 -102.62 -105.7722 -103.865 -108.121 -123.7181 -144.2843 -159.82 -171.349 -184.9419 -203.6787 -227.7597 -246.5522 -256.3211 -263.7942 -269.5645 -271.6847 -271.8396 -272.9472 -277.145 -281.0976
205.4882 363.8887 327.7853 204.352 155.6552 287.374 377.2197 342.5911 216.1059 75.4441 128.8728 102.3043 162.2531 43.7722 136.0647 110.1049 68.5531 27.9718 -4.1114 -12.9106 -16.8591 -19.0749 -20.5854 -21.8154 -23.4068 -25.9643 -29.4361 -34.1222 -40.3596 -47.326 -54.4707 -63.1728 -72.0153 -78.4132 -83.8648 -91.0348 -97.3332 -102.3116 -106.9413 -112.8178 -119.7867 -124.4331 -130.078 -139.8476 -152.9402 -163.1864 -169.381 -179.4327 -195.8165 -208.2626 -213.026 -214.067 -213.1322 -210.321 -206.8743 -204.4467 -207.2098 -211.5905 -214.673
34.9343 221.8236 495.7502 444.5591 360.1361 250.8641 331.3188 324.5141 203.9075 76.6149 152.9639 137.972 96.5376 75.279 34.6436 129.2303 161.0255 100.2458 45.1051 11.7352 -6.195 -13.9965 -16.7449 -17.4614 -18.1005 -19.406 -21.9299 -25.9045 -30.768 -35.9305 -41.3179 -48.9167 -58.1151 -66.9889 -76.5731 -86.1358 -93.5565 -99.7863 -106.6953 -113.0294 -117.094 -120.2646 -128.4115 -141.1783 -150.8705 -153.8854 -154.5776 -155.2046 -157.2625 -160.15 -160.5528 -157.1393 -152.2468 -145.9813 -141.9376 -142.7861 -150.0768 -150.6495 -149.5874
72.2636 330.8033 200.3307 321.3158 375.5988 483.0757 509.567 439.4746 361.8058 259.5544 154.3192 171.3859 263.7567 364.0637 330.3062 307.6574 345.5165 395.4357 277.6123 153.9676 175.2018 132.7646 123.5574 104.5135 105.3843 96.8788 85.5961 54.7429 5 -16.3493 -24.3673 -32.7644 -39.8927 -47.1213 -57.5482 -68.3858 -77.1791 -83.1994 -87.3825 -90.1762 -90.6984 -97.3861 -111.9234 -133.2832 -148.6259 -146.8971 -140.8217 -135.259 -129.9171 -127.3277 -125.3728 -121.5336 -115.0605 -112.5778 -115.3409 -120.3882 -126.2229 -126.1255 -126.5628
333.3295 302.7183 274.3824 108.743 78.5284 121.3849 110.2664 117.2265 76.2321 37.4039 28.2554 39.6009 133.3127 228.2677 410.0764 395.1743 368.123 327.2084 285.9701 271.7213 272.0997 323.9348 200.6522 221.5417 203.744 152.0952 81.9856 39.6912 10.4757 -7.5422 -20.7689 -29.4279 -34.4711 -40.1207 -49.0965 -59.2174 -67.1016 -70.3131 -72.3187 -74.7154 -82.8279 -106.7706 -129.5086 -148.9616 -161.5538 -159.7294 -152.3968 -147.1547 -141.4832 -137.1462 -131.8165 -124.9084 -115.0338 -112.1097 -114.4973 -119.2232 -124.0667 -124.9937 -125.2096
336.9442 455.625 453.6147 469.1097 410.8686 290.7974 189.3244 130.8245 137.8927 188.671 148.1525 24.8453 19.831 15.4278 239.5569 325.5897 459.6454 457.5691 434.2638 379.4691 376.4715 403.566 316.1983 240.9832 151.818 118.5682 71.4142 34.792 6.8027 -13.1938 -29.1108 -38.7638 -45.6416 -53.0556 -62.7357 -74.2442 -83.7397 -90.1513 -98.2905 -107.1929 -119.2 -138.3713 -153.8711 -162.9164 -168.1235 -170.1805 -168.6707 -167.8813 -167.7376 -166.7668 -161.9261 -154.8458 -146.1019 -139.8879 -136.9296 -137.534 -138.4327 -135.8884 -132.7622
389.6634 292.6989 396.3391 488.1411 391.369 253.7274 121.7625 158.4496 113.0881 71.4694 50.5843 48.9728 39.8776 30 295.125 239.4796 175.183 169.061 306.3755 334.0888 331.9148 304.1414 223.0636 123.355 49.0861 1 33.6996 12.0468 -8.7903 -26.2729 -38.5627 -46.6864 -54.3703 -61.9772 -70.85 -82.5608 -95.0305 -106.3129 -119.369 -130.8802 -137.1445 -141.7301 -147.4515 -153.5664 -159.6812 -164.9998 -168.8793 -172.0582 -176.9397 -181.1876 -182.9995 -181.7236 -178.2444 -173.6757 -169.6212 -167.0582 -164.4135 -160.2277 -154.8093
125.7144 111.3872 123.0407 127.2421 110.0969 76.5543 27.4402 -1.6141 -11.3602 -10.5294 -4.2161 7.2816 29.9 27 16.0671 25 269.0749 265.4718 303.6008 356.9286 285.3936 134.7848 131.9203 50.7754 14.0629 -0.6292 -10.979 -20.4975 -30.895 -39.9292 -46.2612 -52.1557 -58.2223 -63.7041 -69.2983 -77.4011 -86.9163 -95.1905 -104.0205 -111.887 -116.9238 -121.8104 -127.3389 -132.1634 -136.7314 -142.9982 -149.6727 -156.4 -165.3899 -174.2289 -181.1409 -186.023 -187.4428 -187.1823 -185.7918 -183.831 -182.2584 -179.6775 -177.0497
-12.4598 -11.5221 -12.6047 -14.9161 -18.2586 -18.7492 -18.1282 -15.9238 -13.6678 -11.6691 -6.3152 13.1642 213.1085 210.5409 330.005 318.2321 74.8759 62.8844 303.0176 1 98.5488 42.0581 -7.8117 -37.187 -43.2711 -44.8416 -45.6173 -46.4183 -47.8557 -49.1637 -51.1238 -54.7174 -58.1095 -61.3775 -65.544 -70.6738 -75.8538 -80.8566 -85.8594 -90.8622 -95.5454 -100.827 -106.8134 -111.8163 -116.0259 -120.3096 -125.1079 -132.3111 -145.0536 -157.6425 -168.7691 -174.5845 -175.9249 -177.293 -179.964 -180.6855 -182.3905 -182.5073 -180.5245
-30.8486 -34.9906 -33.4701 -29.442 -27.1804 -25.6781 -24.2212 -20.7906 -20.1637 -14.5933 60.7143 296.4157 241.9901 333.3763 213.083 113.1032 41.4581 14.1139 1.3 -21.818 -46.1675 -58.4967 -65.9668 -69.3138 -68.1307 -65.3337 -63.8565 -64.3774 -65.1932 -64.2498 -61.7011 -60.0173 -61.2575 -64.4487 -68.5971 -73.2101 -76.0872 -77.4541 -79.376 -82.4977 -86.4089 -90.8102 -95.6557 -99.8333 -102.9667 -105.6527 -107.6715 -111.5397 -123.3924 -134.413 -142.6529 -146.992 -149.1447 -152.0629 -155.5576 -158.8141 -162.8739 -166.3895 -168.3759
-27.0154 -28.6488 -26.0579 -22.2429 -21.6641 -25.7672 -29.0817 -29.7653 -30.5349 -22.8819 208.3698 91.64 47.9089 15.7957 22.8943 -12.4207 -32.1504 -43.5962 -65.3371 -90.1997 -97.3565 -96.0742 -93.7965 -93.1911 -92.4498 -88.9234 -83.6226 -79.1875 -75.4916 -71.9684 -69.4016 -67.4525 -66.782 -67.3592 -69.44 -72.9125 -74.7938 -74.3689 -74.687 -76.6802 -79.4246 -83.1716 -86.3551 -88.4435 -90.9238 -93.9101 -94.7786 -95.0231 -101.6577 -111.4035 -117.6713 -123.0181 -126.969 -130.2626 -133.3648 -138.0894 -143.3175 -147.4414 -152.0507
-22.0103 -19.3426 -15.9422 -13.3851 -12.9255 -16.3665 -19.9779 -21.8413 -23.1012 -22.4182 -2.6618 -4.6098 -25.8595 -37.6502 -51.6567 -71.1775 -84.3241 -88.2729 -93.6354 -100.6959 -105.0755 -104.7251 -100.758 -97.5775 -95.4718 -92.6053 -87.5588 -81.3409 -74.4809 -68.5812 -66.364 -65.8541 -65.592 -66.351 -68.1638 -70.0645 -71.3887 -71.5156 -72.0514 -72.9092 -74.1305 -76.5591 -77.8664 -78.3483 -79.8463 -83.1776 -85.9078 -87.5686 -93.3163 -101.7787 -108.4885 -114.054 -119.0398 -120.5247 -119.224 -120.6403 -124.3163 -129.0916 -134.845
-16.4304 -14.1394 -11.728 -11.3672 -11.6184 -12.5835 -14.5705 -16.2599 -16.4034 -21.7033 -35.8662 -53.932 -62.807 -70.3682 -80.5444 -94.6194 -103.2632 -103.9873 -103.4114 -102.3382 -100.7366 -97.3143 -91.9165 -86.5188 -82.0757 -79.239 -75.8815 -71.6532 -65.9313 -59.7426 -56.4587 -56.9438 -58.7569 -60.4774 -62.0248 -62.4232 -62.1357 -62.0304 -63.1297 -64.5579 -65.2091 -65.3692 -65.3897 -65.3897 -66.706 -69.7994 -73.775 -78.1075 -85.4742 -90.945 -95.7991 -102.1164 -107.007 -108.75 -110.565 -112.8937 -116.974 -121.9456 -125.8306
-16.3228 -13.7123 -10.9909 -12.1571 -18.1282 -23.944 -30.6722 -39.4197 -46.5923 -58.8331 -71.3405 -80.9199 -85.2569 -88.4543 -92.6498 -97.4356 -101.8908 -104.6701 -105.9108 -104.5637 -99.8695 -94.4232 -88.3372 -81.0753 -75.1108 -70.1816 -64.675 -59.7161 -54.6473 -49.8177 -46.5501 -45.8947 -46.7474 -46.877 -47.7013 -49.7937 -51.7435 -52.7904 -54.3637 -55.9492 -57.3075 -57.926 -58.5143 -59.7087 -61.6045 -64.4728 -66.7026 -70.2026 -77.2194 -83.4874 -88.3689 -94.1022 -98.9117 -103.6663 -110.0785 -114.093 -116.4497 -118.1423 -119.5477
-18.936 -17.4617 -20.1968 -27.3077 -40.7658 -55.2114 -66.6869 -75.5391 -83.325 -94.3342 -101.1176 -101.9855 -100.8721 -99.6992 -100.8592 -103.3283 -105.5195 -104.0201 -102.5774 -100.2652 -94.5072 -87.2707 -80.0259 -71.7217 -64.7954 -57.7811 -51.4435 -48.717 -47.19 -43.5616 -39.0721 -37.9131 -38.9445 -39.0845 -40.1095 -43.775 -48.7942 -51.7765 -52.792 -53.2182 -54.7434 -55.5473 -56.3887 -57.1224 -58.3161 -60.4846 -61.1583 -63.2172 -69.1449 -74.9746 -80.14 -85.2501 -91.0304 -97.1556 -102.8733 -106.8887 -109.2894 -111.5991 -115.9338
-33.2177 -35.4069 -45.5612 -55.2631 -77.4451 -99.2986 -111.4091 -118.0165 -121.2953 -123.9431 -124.9785 -125.106 -122.8276 -118.3373 -114.2855 -112.3415 -111.6307 -108.1792 -104.2959 -99.8636 -94.1265 -86.1328 -76.4009 -65.717 -56.2285 -50.0462 -46.6498 -46.1344 -45.9393 -43.1699 -39.1454 -37.4228 -38.6247 -39.4136 -39.7548 -40.8854 -42.5673 -44.5213 -46.1724 -46.1497 -45.8461 -45.2914 -46.399 -49.5689 -52.2819 -54.4078 -55.9556 -56.6821 -60.8429 -65.2629 -69.6507 -75.3906 -82.2016 -90.47 -97.7247 -103.8722 -107.378 -107.1611 -110.4954
-76.1258 -82.6643 -95.212 -108.1786 -126.6885 -143.6712 -153.1148 -154.3107 -152.6652 -151.2122 -150.7949 -147.6652 -142.5626 -136.8489 -132.6945 -131.5998 -130.0722 -126.3561 -122.9507 -118.0479 -108.0688 -94.2845 -79.9207 -68.3362 -58.0518 -51.0358 -48.7809 -48.3024 -47.886 -45.4276 -41.1228 -37.6011 -35.6581 -34.4902 -33.7453 -33.0004 -31.7993 -30.661 -29.7255 -27.2182 -22.9206 -20.8567 -23.2144 -31.3634 -38.7537 -44.1192 -49.1428 -51.7968 -54.3484 -57.6117 -63.6792 -71.2178 -76.9657 -82.443 -86.8887 -91.0271 -94.1647 -94.5808 -97.5913
-123.6602 -132.2321 -142.9624 -155.5203 -168.0614 -178.6912 -184.0978 -184.7684 -180.9658 -174.3793 -169.8016 -165.6197 -160.4007 -156.7196 -154.519 -153.6204 -146.4646 -132.9187 -122.7886 -117.5481 -110.9221 -97.285 -80.678 -70.1149 -61.7008 -55.0276 -50.9333 -48.0367 -45.2848 -41.2538 -37.0167 -34.0856 -31.7869 -29.3468 -26.79 -24.2331 -21.5203 -17.2492 -10.6262 2.0304 -11.6376 -17.2895 -23.7474 -30.3268 -35.7627 -41.0776 -46.4424 -53.1142 -57.7899 -61.6784 -69.2497 -75.2551 -77.4588 -78.4995 -80.7813 -82.3461 -84.5615 -85.6943 -88.0482
-185.9693 -194.043 -204.0058 -212.5504 -217.0975 -213.515 -208.1889 -202.8883 -197.2446 -193.8699 -192.3784 -189.0051 -184.6539 -179.9429 -174.6941 -168.5267 -157.4366 -138.2918 -116.597 -102.1025 -95.8647 -89.2185 -81.244 -72.3403 -64.0151 -57.628 -52.6099 -48.1595 -44.2013 -40.3706 -37.8278 -36.4587 -35.2045 -32.5251 -27.7696 -19.9999 -11.0982 29.9012 -8.3352 -16.8463 -25.3006 -32.3763 -37.6885 -41.5155 -43.6236 -47.4404 -52.4147 -61.4722 -68.5572 -71.514 -74.8712 -76.917 -77.9785 -78.0003 -78.5117 -81.1927 -85.4884 -88.0419 -90.0004
-228.1599 -228.2761 -228.6875 -225.7476 -219.9319 -213.417 -208.3996 -198.9683 -188.7889 -179.5194 -173.0715 -167.493 -160.716 -151.7086 -144.147 -137.1858 -126.0725 -111.7815 -101.819 -95.4604 -90.0432 -85.2284 -80.8799 -76.1537 -71.6909 -66.5215 -60.9213 -56.5787 -53.303 -50.1241 -47.653 -45.8185 -43.5565 -40.5651 -35.6631 -27.4714 -20.9678 -23.679 -31.5506 -40.3623 -49.3588 -54.5346 -57.9185 -60.414 -61.0632 -65.0561 -70.803 -77.6159 -81.9153 -84.8843 -88.4836 -92.7168 -96.2107 -98.6709 -103.5415 -108.1089 -109.73 -107.9032 -105.6863
-207.2569 -200.5071 -194.8857 -188.1095 -180.8052 -171.4982 -163.9559 -154.6377 -142.6021 -131.5287 -125.8334 -119.5648 -111.2843 -100.7592 -94.4199 -89.0032 -83.1247 -78.6052 -76.816 -75.9574 -74.4105 -73.2878 -71.1859 -67.4402 -62.9333 -59.9582 -59.2414 -58.9482 -58.0197 -56.6235 -55.7211 -54.0828 -51.9841 -51.0453 -50.1646 -49.6973 -51.3939 -56.1252 -60.7662 -64.2023 -68.0828 -71.4629 -74.529 -76.1775 -77.7484 -81.5194 -88.7152 -95.8079 -100.104 -102.5142 -107.9701 -117.0289 -126.1348 -132.5968 -137.853 -141.0417 -138.4572 -131.9788 -124.8782
-161.7144 -150.0217 -140.9046 -132.8092 -126.3427 -121.1726 -115.5984 -113.1478 -107.7163 -94.7888 -82.9437 -73.5463 -66.3435 -60.7418 -58.8014 -56.4006 -54.9355 -54.5086 -54.3809 -54.7622 -56.8154 -59.95 -61.1903 -59.445 -57.2688 -56.0002 -56.5692 -58.161 -57.7113 -57.0851 -57.4143 -58.0226 -58.5597 -59.8125 -62.0156 -65.2893 -69.2499 -72.355 -72.9905 -73.6765 -76.1763 -79.86 -83.7836 -87.456 -89.8335 -93.5261 -98.1593 -103.4944 -109.9976 -117.13 -125.7048 -131.8154 -136.9274 -143.1978 -148.2628 -151.1735 -150.8606 -153.1245 -154.6234
-115.281 -109.7453 -104.8864 -100.2131 -98.1913 -96.7212 -95.139 -91.5481 -83.9483 -71.4618 -56.8484 -50.438 -47.7108 -45.4094 -44.6109 -45.3701 -46.8543 -47.7343 -48.2194 -47.6257 -48.6919 -52.3677 -57.2908 -59.7508 -55.943 -52.5025 -54.3322 -59.3482 -63.7914 -66.0165 -66.9652 -67.9872 -69.4723 -71.4522 -73.5771 -75.8471 -78.1752 -79.2074 -78.6352 -78.9973 -81.4475 -85.8836 -90.8517 -95.1481 -98.3225 -100.7659 -103.8228 -111.6376 -119.7487 -127.9097 -133.8021 -136.478 -138.8121 -144.0028 -149.0872 -153.2069 -161.5659 -175.7559 -184.2536
-79.2715 -76.9493 -75.4404 -74.8536 -73.8854 -72.8634 -72.6934 -73.0992 -71.234 -65.167 -55.6821 -54.2965 -55.7769 -56.2439 -55.1302 -53.4637 -51.7124 -49.4904 -48.8563 -48.7661 -48.862 -49.8114 -52.8118 -56.1821 -57.8211 -60.4195 -64.2667 -68.5244 -71.5551 -72.3536 -72.4731 -73.0481 -75.0829 -77.5351 -79.0653 -80.2068 -83.0067 -86.132 -87.5779 -87.3005 -86.6845 -89.5629 -93.7705 -97.887 -101.1729 -105.5984 -110.449 -118.2298 -127.994 -141.1983 -151.1613 -152.8467 -150.5318 -151.9514 -158.9239 -168.4533 -178.5499 -188.0525 -191.7538
