Resources/Map/Lvl0_30x30/Ele_AL.asc
ncols         335
nrows         335
xllcorner     16805000
yllcorner     6675000
cellsize      10000
nodata_value  -99999.0
[rows 0 to 29 of 335, columns 132 to 197 of 335]
-99999.0 -99999.0 -99999.0 -99999.0 -99999.0 -99999.0 -99999.0 -99999.0 -99999.0 -99999.0 -99999.0 -99999.0 -99999.0 -99999.0 -99999.0 -99999.0 -99999.0 -99999.0 -99999.0 -99999.0 -99999.0 -99999.0 -99999.0 -99999.0 -99999.0 -99999.0 -99999.0 -99999.0 -99999.0 -99999.0 -99999.0 -99999.0 -99999.0 -99999.0 -99999.0 -99999.0 -99999.0 -99999.0 -99999.0 -99999.0 -99999.0 -99999.0 -99999.0 -99999.0 -99999.0 -99999.0 -99999.0 -99999.0 -99999.0 -99999.0 -99999.0 -99999.0 -99999.0 -99999.0 -99999.0 -99999.0 -99999.0 -99999.0 -99999.0 -99999.0 -99999.0 -99999.0 -99999.0 -99999.0 -99999.0 -99999.0
-99999.0 -99999.0 -99999.0 -99999.0 -99999.0 -99999.0 -99999.0 -99999.0 -99999.0 -99999.0 -99999.0 -99999.0 -99999.0 -99999.0 -99999.0 -99999.0 -99999.0 -99999.0 -99999.0 -99999.0 -99999.0 -99999.0 -99999.0 -99999.0 -99999.0 -99999.0 -99999.0 -99999.0 -99999.0 -99999.0 -99999.0 -99999.0 -99999.0 -99999.0 -99999.0 -99999.0 -99999.0 -99999.0 -99999.0 -99999.0 -99999.0 -99999.0 -99999.0 -99999.0 -99999.0 -99999.0 -99999.0 -99999.0 -99999.0 -99999.0 -99999.0 -99999.0 -99999.0 -99999.0 -99999.0 -99999.0 -99999.0 -99999.0 -99999.0 -99999.0 -99999.0 -99999.0 -99999.0 -99999.0 -99999.0 -99999.0
-99999.0 -99999.0 -99999.0 -99999.0 -99999.0 -99999.0 -99999.0 -99999.0 -99999.0 -99999.0 -99999.0 -99999.0 -99999.0 -99999.0 -99999.0 -99999.0 -99999.0 -99999.0 -99999.0 -99999.0 -99999.0 -99999.0 -99999.0 -99999.0 -99999.0 -99999.0 -99999.0 -99999.0 -99999.0 -99999.0 -99999.0 -99999.0 -99999.0 -99999.0 -99999.0 -99999.0 -99999.0 -99999.0 -99999.0 -99999.0 -99999.0 -99999.0 -99999.0 -99999.0 -99999.0 -99999.0 -99999.0 -99999.0 -99999.0 -99999.0 -99999.0 -99999.0 -99999.0 -99999.0 -99999.0 -99999.0 -99999.0 -99999.0 -99999.0 -99999.0 -99999.0 -99999.0 -99999.0 -99999.0 -99999.0 -99999.0
-99999.0 -99999.0 -99999.0 -99999.0 -99999.0 -99999.0 -99999.0 -99999.0 -99999.0 -99999.0 -99999.0 -99999.0 -99999.0 -99999.0 -99999.0 -99999.0 -99999.0 -99999.0 -99999.0 -99999.0 -99999.0 -99999.0 -99999.0 -99999.0 -99999.0 -99999.0 -99999.0 -99999.0 -99999.0 -99999.0 -99999.0 -99999.0 -99999.0 -99999.0 -99999.0 -99999.0 -99999.0 -99999.0 -99999.0 -99999.0 -99999.0 -99999.0 -99999.0 -99999.0 -99999.0 -99999.0 -99999.0 -99999.0 -99999.0 -99999.0 -99999.0 -99999.0 -99999.0 -99999.0 -99999.0 -99999.0 -99999.0 -99999.0 -99999.0 -99999.0 -99999.0 -99999.0 -99999.0 -99999.0 -99999.0 -99999.0
-4243.5571 -4243.5571 -4243.2822 -4242.772 -4242.5571 -4242.5571 -4242.2329 -4242.0015 -4242.0015 -4242.0015 -4241.6284 -4241.4458 -4241.0483 -4240.8901 -4240.8901 -4240.8901 -4240.4434 -4239.9678 -4239.8901 -4239.8901 -4239.8901 -4239.8901 -4239.3701 -4239.3345 -4239.3345 -4239.3335 -4238.877 -4238.3345 -4238.3345 -4238.3345 -4238.3345 -4238.3345 -4238.2476 -4237.7788 -4237.7788 -4237.7788 -4237.7788 -4237.5122 -4236.7788 -4236.7788 -4236.7788 -4236.7788 -4236.7788 -4236.7788 -4236.5449 -4236.2227 -4236.2227 -4236.2227 -4236.2227 -4235.9277 -4235.667 -4235.667 -4235.667 -4235.3232 -4235.1113 -4235.1113 -4235.1113 -4234.4043 -4234.1113 -4234.1113 -4234.1113 -4234.1113 -4234.1113 -4233.645 -4233.5557 -4233.5557
-4243.9556 -4243.6826 -4243.1689 -4242.9556 -4242.9556 -4242.6313 -4242.1318 -4241.9556 -4241.9556 -4241.9556 -4241.6724 -4241.5337 -4240.8179 -4240.5337 -4240.5337 -4240.082 -4239.6162 -4239.5337 -4239.5337 -4239.0313 -4238.9556 -4238.9556 -4238.5605 -4238.5337 -4238.5337 -4238.5337 -4238.5234 -4238.0845 -4237.5337 -4237.5337 -4237.5337 -4237.5337 -4237.4678 -4237.0083 -4236.5337 -4236.5337 -4236.5337 -4236.2671 -4235.5337 -4235.5337 -4235.5337 -4235.5337 -4235.3159 -4234.9556 -4234.7783 -4234.5337 -4234.2651 -4233.9556 -4233.9556 -4233.4248 -4232.9556 -4232.9556 -4232.9556 -4232.3369 -4231.9556 -4231.9556 -4231.9556 -4231.2485 -4230.9556 -4230.522 -4230.3779 -4230.3779 -4229.9058 -4229.4458 -4229.3779 -4228.8677
-4238.6011 -4238.6953 -4238.5034 -4238.2007 -4238.5239 -4238.2393 -4237.8003 -4237.8003 -4237.8003 -4237.8003 -4237.8003 -4237.8003 -4237.5142 -4236.958 -4236.8003 -4236.4878 -4236.4004 -4236.4004 -4236.4004 -4235.5308 -4234.8652 -4234.8003 -4235.3618 -4234.8257 -4234.8003 -4234.2007 -4234.1865 -4233.5547 -4232.5601 -4231.9473 -4231.334 -4230.7212 -4230.0142 -4228.8237 -4227.8818 -4227.269 -4226.5093 -4225.3364 -4224.2568 -4223.2173 -4222.604 -4221.7788 -4220.6279 -4219.7651 -4218.8999 -4218.2046 -4217.4614 -4216.313 -4215.7002 -4214.8745 -4214.0737 -4213.1162 -4212.248 -4210.645 -4209.0381 -4207.812 -4206.5859 -4204.6528 -4203.1338 -4201.1567 -4199.6816 -4198.4556 -4196.4126 -4195.0039 -4193.7778 -4192.1982
-4156.2236 -4155.1313 -4154.1802 -4152.7104 -4151.3433 -4149.6851 -4147.6128 -4146.0825 -4144.4214 -4142.9185 -4141.6475 -4139.9453 -4138.0386 -4136.3115 -4134.4692 -4132.5625 -4131.1558 -4129.3711 -4127.9917 -4125.8511 -4124.1123 -4122.8003 -4121.8833 -4120.2744 -4118.9873 -4117.96 -4116.6797 -4115.022 -4113.3647 -4111.707 -4110.1191 -4109.0137 -4107.2969 -4105.3203 -4103.7871 -4102.7651 -4101.499 -4099.7212 -4098.5903 -4097.106 -4095.655 -4094.2786 -4092.377 -4090.7192 -4088.9028 -4087.4685 -4086.1929 -4084.6353 -4083.6133 -4082.5913 -4081.9128 -4080.9517 -4079.7688 -4078.2788 -4076.7261 -4075.3174 -4074.335 -4072.4153 -4070.7136 -4068.554 -4066.8965 -4065.9824 -4064.3923 -4062.9146 -4062.0415 -4061.2686
-3960.2974 -3958.5579 -3957.3481 -3955.625 -3953.7561 -3951.8088 -3949.4009 -3947.5979 -3945.1809 -3943.1821 -3941.3638 -3939.0728 -3936.6648 -3934.9941 -3932.8486 -3930.9438 -3929.48 -3927.2683 -3925.7078 -3924.0122 -3922.5796 -3921.1936 -3920.4102 -3919.6821 -3918.9541 -3918.5835 -3918.4983 -3917.7998 -3917.6863 -3917.0161 -3916.9861 -3917.2324 -3917.1626 -3916.978 -3916.5791 -3917.3882 -3917.7524 -3918.4353 -3919.3875 -3920.0293 -3920.5056 -3921.5332 -3921.7058 -3922.2939 -3922.8821 -3923.6277 -3924.4143 -3925.1758 -3926.1279 -3926.7383 -3927.5852 -3928.6965 -3929.2644 -3929.5583 -3929.8525 -3929.293 -3928.9558 -3927.5417 -3925.7573 -3923.8098 -3921.5435 -3920.0002 -3917.8672 -3915.5291 -3913.4976 -3911.5234
-3343.2463 -3337.2769 -3331.1611 -3324.8662 -3318.5598 -3312.2793 -3306.1519 -3300.2266 -3294.0215 -3287.9863 -3281.9761 -3275.3867 -3268.5786 -3262.0171 -3255.8025 -3249.4155 -3242.949 -3237.3062 -3231.5779 -3226.3711 -3221.2656 -3216.7686 -3212.6563 -3208.5728 -3205.7944 -3202.4067 -3200.0339 -3198.0076 -3196.3298 -3194.9387 -3193.1641 -3190.8726 -3189.0684 -3186.7466 -3184.7053 -3182.4436 -3179.4639 -3176.7439 -3173.832 -3170.3279 -3167.0293 -3163.9421 -3159.896 -3156.2302 -3152.4292 -3149.0286 -3145.6282 -3141.5796 -3137.4954 -3133.5642 -3129.6943 -3126.6765 -3123.7573 -3120.6958 -3117.6345 -3115.0129 -3112.4026 -3109.2078 -3106.2881 -3103.0632 -3099.3999 -3095.9187 -3092.2405 -3087.9351 -3083.5078 -3079.6687
-2548.1638 -2546.3154 -2544.6531 -2542.6387 -2539.9189 -2537.6096 -2535.3599 -2532.3918 -2529.5688 -2526.124 -2522.6279 -2518.2031 -2513.7153 -2508.9314 -2503.1438 -2497.9082 -2491.8228 -2486.52 -2480.6274 -2475.4302 -2469.7717 -2464.9373 -2460.2114 -2455.4854 -2452.0449 -2449.0356 -2445.6746 -2443.3115 -2440.9697 -2438.9595 -2437.1875 -2434.5474 -2432.2432 -2430.3198 -2428.5974 -2426.7021 -2424.9392 -2422.8247 -2421.1399 -2419.0127 -2416.7285 -2414.6687 -2411.8506 -2408.8352 -2405.0383 -2401.0154 -2396.6729 -2391.9778 -2387.2847 -2382.3931 -2377.5205 -2373.3691 -2369.6653 -2366.387 -2362.9453 -2360.5671 -2358.2222 -2356.0266 -2354.2751 -2352.8977 -2352.1538 -2351.0339 -2350.3203 -2349.4858 -2349.1868 -2349.2737
-2356.7822 -2370.1396 -2383.6406 -2396.2605 -2408.2529 -2420.3528 -2431.6758 -2442.3845 -2452.2634 -2461.7808 -2470.5879 -2478.1045 -2485.4043 -2491.5322 -2496.7329 -2501.6799 -2504.418 -2506.8032 -2507.7964 -2508.1257 -2507.4998 -2506.3594 -2504.5095 -2502.5981 -2500.2754 -2497.5137 -2494.4543 -2491.7173 -2489.625 -2486.9453 -2485.1653 -2483.1211 -2481.0115 -2478.7913 -2477.627 -2476.1016 -2475.1318 -2473.6504 -2472.9248 -2472.1091 -2471.4194 -2471.0652 -2470.043 -2469.1882 -2468.175 -2466.5601 -2465.1404 -2463.7502 -2462.3489 -2461.1633 -2459.9775 -2458.9587 -2458.0693 -2457.3596 -2456.5808 -2456.5469 -2456.7773 -2457.6172 -2458.2544 -2458.9014 -2460.4001 -2461.3525 -2462.3152 -2463.3372 -2463.9976 -2465.2175
-2618.4397 -2628.6067 -2638.7739 -2649.4209 -2659.8918 -2669.6348 -2678.6709 -2687.2683 -2695.0701 -2702.0703 -2707.5547 -2712.1521 -2715.6138 -2717.6917 -2718.2969 -2718.8801 -2717.7527 -2716.7339 -2714.1638 -2712.9216 -2710.4287 -2707.4651 -2704.9067 -2703.0896 -2701.0569 -2699.4763 -2697.1584 -2694.8191 -2692.0583 -2689.6987 -2686.9065 -2684.2124 -2681.8979 -2678.3096 -2675.7375 -2673.0049 -2670.6001 -2668.4324 -2665.9141 -2663.8501 -2662.4307 -2660.3506 -2658.856 -2657.6492 -2656.04 -2654.594 -2653.6963 -2652.8179 -2651.5598 -2650.8406 -2650.8406 -2650.4197 -2650.1084 -2650.1084 -2650.5776 -2651.0181 -2651.292 -2651.7554 -2652.1079 -2651.832 -2652.6968 -2653.1975 -2652.8733 -2653.0134 -2652.426 -2652.561
-2680.3811 -2680.1855 -2680.0305 -2680.1226 -2680.1719 -2679.6196 -2679.3635 -2679.3306 -2678.6702 -2677.4556 -2675.8188 -2674.0095 -2671.8484 -2668.2429 -2664.9102 -2661.447 -2657.4663 -2652.9587 -2648.5735 -2644.8755 -2640.1792 -2636.0093 -2632.1514 -2627.8281 -2624.9497 -2620.8713 -2617.2861 -2613.6548 -2609.1665 -2606.1938 -2601.6709 -2597.8672 -2594.2051 -2590.0264 -2585.5698 -2581.5657 -2577.0183 -2572.7974 -2568.5259 -2563.5344 -2559.2664 -2554.7461 -2550.4827 -2545.9795 -2540.8528 -2535.5012 -2530.5559 -2525.7175 -2520.3298 -2515.0642 -2510.0864 -2504.8877 -2498.9385 -2492.3066 -2485.5283 -2478.6807 -2471.2283 -2464.0549 -2456.5693 -2448.678 -2441.1003 -2433.4497 -2424.9258 -2416.4038 -2407.7146 -2399.2034
-2373.7866 -2368.0208 -2363.4614 -2360.1194 -2357.5796 -2356.1777 -2355.6218 -2355.1641 -2354.0791 -2352.0955 -2349.3015 -2344.083 -2336.1785 -2326.0852 -2314.5842 -2302.0117 -2289.1985 -2274.9192 -2260.4807 -2245.4065 -2230.0142 -2216.2156 -2204.0618 -2190.3406 -2177.7048 -2167.0049 -2156.6084 -2147.751 -2138.7581 -2130.9624 -2123.4978 -2116.3411 -2109.9944 -2104.28 -2098.4216 -2092.5249 -2086.0178 -2079.9675 -2073.147 -2065.4978 -2058.0083 -2050.2434 -2041.9606 -2033.2792 -2024.627 -2016.1223 -2006.7966 -1997.5027 -1986.8984 -1975.0952 -1962.4478 -1949.0482 -1934.9518 -1920.2915 -1905.0436 -1888.9854 -1871.9635 -1855.3115 -1839.3772 -1823.6046 -1809.032 -1794.2286 -1779.7004 -1765.2853 -1752.207 -1739.3783
-1626.8199 -1632.3743 -1639.4675 -1647.7192 -1656.6121 -1666.6622 -1677.2662 -1689.3195 -1702.2439 -1714.9576 -1727.9963 -1740.1309 -1751.3044 -1761.4059 -1770.2524 -1778.002 -1785.511 -1792.0277 -1799.6613 -1807.3977 -1815.8151 -1825.4346 -1835.5621 -1846.1023 -1856.0835 -1864.2461 -1871.5109 -1876.7153 -1880.3756 -1884.2466 -1888.3951 -1893.5111 -1900.2552 -1907.1742 -1914.4127 -1922.9181 -1931.5063 -1940.181 -1946.8354 -1952.8463 -1957.4559 -1961.4435 -1964.9958 -1966.9984 -1966.8806 -1965.1605 -1961.9106 -1957.4391 -1951.3988 -1943.7908 -1935.1753 -1926.3704 -1917.9213 -1910.2196 -1902.7103 -1897.1066 -1892.4385 -1889.5378 -1888.1842 -1887.1235 -1886.375 -1885.5665 -1886.8337 -1888.6329 -1892.8419 -1897.5007
-2067.3359 -2075.9851 -2085.3616 -2095.7756 -2107.115 -2119.1023 -2132.0288 -2145.6418 -2159.9944 -2174.1379 -2189.1978 -2204.7712 -2220.8723 -2237.697 -2255.1902 -2273.3521 -2290.3499 -2306.8406 -2322.2107 -2337.3574 -2351.2019 -2364.271 -2376.5032 -2388.8369 -2400.2024 -2411.8064 -2423.2197 -2434.1155 -2445.4609 -2456.8062 -2468.1719 -2479.6392 -2490.9539 -2503.3967 -2514.6914 -2526.5913 -2537.4236 -2548.8899 -2559.9485 -2570.8955 -2581.7991 -2592.5632 -2602.4731 -2611.9277 -2619.1821 -2625.4373 -2631.1135 -2635.9993 -2640.6228 -2644.542 -2648.2847 -2652.4985 -2657.1868 -2661.5552 -2665.6653 -2668.6213 -2670.3906 -2671.6848 -2673.0217 -2675.0273 -2675.9871 -2677.1907 -2679.0212 -2681.6506 -2685.6011 -2689.77
-2888.7854 -2885.4485 -2882.1526 -2879.4639 -2877.3884 -2875.8083 -2874.3928 -2873.5564 -2873.6985 -2874.6794 -2876.1274 -2878.27 -2880.8025 -2884.1206 -2887.8433 -2892.3889 -2898.2749 -2905.8503 -2913.4893 -2922.5381 -2933.0637 -2944.3933 -2955.6494 -2967.6985 -2980.4722 -2993.4312 -3005.5747 -3019.4065 -3033.3352 -3046.6118 -3061.4585 -3076.2839 -3090.8872 -3105.1282 -3119.6765 -3133.405 -3146.2463 -3158.9858 -3170.8462 -3181.5657 -3191.4192 -3201.2532 -3210.1284 -3219.5237 -3228.9434 -3238.7498 -3248.5007 -3258.5627 -3268.6511 -3278.6733 -3289.1091 -3299.6357 -3311.2383 -3322.938 -3334.2349 -3344.6592 -3353.9263 -3361.554 -3367.373 -3371.5522 -3373.7717 -3374.949 -3375.2827 -3374.1628 -3372.1746 -3370.0764
-3568.5222 -3574.4871 -3577.3098 -3577.042 -3575.072 -3571.2957 -3565.3162 -3558.1375 -3550.7402 -3544.0459 -3538.3044 -3533.5593 -3529.1431 -3525.4644 -3522.7263 -3520.3215 -3518.8618 -3518.5881 -3519.27 -3521.842 -3526.5022 -3531.5469 -3536.6064 -3542.624 -3549.6853 -3555.9229 -3562.011 -3568.251 -3571.8926 -3574.6042 -3577.5691 -3580.5339 -3583.208 -3584.4456 -3586.5 -3588.7969 -3592.3674 -3595.9019 -3599.5437 -3603.6357 -3608.4414 -3615.3389 -3623.3337 -3632.8765 -3643.3784 -3654.4822 -3665.9873 -3678.8813 -3692.2649 -3705.6658 -3719.5579 -3732.9534 -3746.1243 -3758.2571 -3768.5305 -3776.3364 -3782.4775 -3786.8674 -3790.4294 -3793.708 -3795.3667 -3795.7324 -3795.054 -3793.9429 -3791.9207 -3788.9746
-3872.8508 -3877.3589 -3881.0156 -3883.3308 -3884.4868 -3885.4661 -3886.5637 -3886.9563 -3886.9319 -3885.8306 -3884.7825 -3883.5493 -3882.6963 -3881.5454 -3880.261 -3879.699 -3878.7295 -3878.4167 -3878.397 -3877.824 -3878.1438 -3877.7991 -3879.0168 -3880.4968 -3881.2268 -3883.5845 -3885.0715 -3886.5837 -3888.6201 -3890.468 -3891.5894 -3893.2795 -3893.637 -3895.1948 -3896.2778 -3897.9431 -3899.2979 -3901.5779 -3904.8162 -3908.5129 -3911.6924 -3915.1477 -3918.7644 -3922.2202 -3925.2422 -3928.3325 -3931.4758 -3934.793 -3937.2727 -3939.3147 -3941.3582 -3943.4297 -3944.7891 -3945.2537 -3945.481 -3945.3953 -3944.502 -3943.1108 -3942.2942 -3940.4058 -3937.8613 -3935.8745 -3933.2458 -3930.4124 -3927.4807 -3924.4304
-3915.9243 -3916.7979 -3917.5769 -3918.2695 -3918.4075 -3919.0623 -3920.1782 -3920.6887 -3921.3521 -3922.2551 -3923.1511 -3923.3862 -3924.6577 -3925.1069 -3925.7031 -3926.6094 -3927.4639 -3929.124 -3929.4409 -3930.9409 -3931.9756 -3932.8201 -3934.6763 -3935.7566 -3937.5789 -3938.709 -3939.7527 -3941.6655 -3942.843 -3944.8789 -3946.7378 -3947.9507 -3949.6941 -3950.9553 -3952.9241 -3954.7461 -3956.0122 -3958.0808 -3959.9832 -3961.5398 -3963.3757 -3964.9072 -3966.7029 -3968.2378 -3969.8999 -3971.0159 -3972.1316 -3973.2473 -3974.2698 -3975.7288 -3976.6243 -3977.1992 -3978.1116 -3978.384 -3978.8726 -3979.105 -3978.9485 -3978.761 -3979.3025 -3978.635 -3978.8298 -3978.1055 -3978.3992 -3978.2839 -3977.2205 -3976.8132
-3924.5652 -3922.2617 -3920.365 -3918.9683 -3917.5681 -3916.6565 -3915.7769 -3914.855 -3913.948 -3913.0684 -3913.4377 -3913.1213 -3912.9358 -3912.2893 -3912.0981 -3912.1692 -3912.2405 -3912.3691 -3912.3936 -3912.5146 -3912.595 -3912.6663 -3913.6731 -3914.6997 -3914.8784 -3915.8813 -3915.9766 -3917.0239 -3917.0999 -3917.3259 -3918.4114 -3919.3181 -3919.5947 -3920.4636 -3920.7922 -3921.8699 -3922.9089 -3923.7544 -3924.145 -3925.1887 -3926.2588 -3927.3057 -3928.3726 -3929.4224 -3930.095 -3930.5781 -3931.6001 -3932.6221 -3933.644 -3934.7031 -3935.7195 -3936.7102 -3937.7322 -3938.7112 -3939.7068 -3940.0657 -3940.7031 -3942.3115 -3942.9075 -3943.5728 -3944.5603 -3944.7317 -3945.5347 -3946.498 -3947.3889 -3948.3301
-3976.9548 -3975.4111 -3973.8369 -3972.2979 -3970.793 -3969.2366 -3967.7966 -3966.198 -3964.2026 -3962.8257 -3961.2283 -3959.2642 -3957.9841 -3956.9758 -3955.99 -3954.2722 -3953.8562 -3953.0698 -3952.0964 -3951.1233 -3950.999 -3950.1289 -3950.0913 -3949.2278 -3949.1897 -3948.2813 -3946.3586 -3945.3442 -3942.489 -3940.5466 -3938.5417 -3935.7917 -3933.7039 -3930.824 -3928.1042 -3925.9946 -3923.1233 -3920.4927 -3918.5598 -3916.6619 -3914.7639 -3913.2034 -3912.2788 -3911.354 -3910.4094 -3909.8787 -3909.4849 -3909.0237 -3909.0723 -3909.1211 -3909.1697 -3909.2185 -3909.2671 -3909.3159 -3909.3645 -3909.3816 -3908.762 -3908.5442 -3908.5723 -3908.6079 -3908.6567 -3908.6675 -3908.7063 -3908.7551 -3908.8037 -3908.8525
-3963.9587 -3962.9246 -3961.4067 -3959.8794 -3958.3196 -3956.2874 -3954.2583 -3952.2249 -3950.1807 -3948.1533 -3946.1182 -3944.0742 -3941.3513 -3939.0562 -3936.2981 -3934.0259 -3931.24 -3929.0356 -3926.1919 -3924.0256 -3922.0305 -3919.125 -3918.8706 -3917.9128 -3916.9158 -3916.8706 -3916.8188 -3916.7903 -3916.6472 -3915.6868 -3915.5225 -3914.582 -3914.5256 -3914.2737 -3913.3994 -3913.125 -3912.2886 -3911.9573 -3911.1902 -3911.1377 -3910.7615 -3910.0676 -3910.0415 -3909.6272 -3909.0149 -3909 -3908.5354 -3908 -3908 -3908 -3907.4614 -3907.0256 -3907.0256 -3907.0256 -3907.0256 -3907.0256 -3907.0081 -3906.311 -3906.0256 -3906.0256 -3906.0256 -3906.0256 -3906.0256 -3906.0256 -3906.0256 -3905.165
-3937.6418 -3936.6199 -3935.5959 -3934.5723 -3934.0854 -3933.519 -3932.4932 -3931.4675 -3930.4419 -3929.4163 -3928.3906 -3927.3647 -3927.0496 -3926.3064 -3925.2778 -3924.2515 -3923.2229 -3922.1965 -3921.1677 -3921.0081 -3920.1123 -3919.0833 -3918.064 -3917.0422 -3916.9966 -3915.998 -3915.0037 -3915.0037 -3914.9355 -3913.9138 -3913.0068 -3912.8699 -3912.0071 -3911.8291 -3911.0071 -3911.0063 -3911.0037 -3910.7373 -3910.0037 -3910.0037 -3909.6711 -3909.0037 -3909.0037 -3909.0022 -3908.5811 -3908.0037 -3908.002 -3908 -3908 -3908 -3907.998 -3907.9963 -3907.9963 -3907.3799 -3907 -3907 -3907 -3906.293 -3906 -3906 -3906 -3905.2078 -3905.0037 -3905.0037 -3905.0037 -3904.1204
-3927.8337 -3927.3608 -3926.3479 -3925.8428 -3925.3047 -3924.291 -3923.8416 -3923.2397 -3922.8408 -3922.1965 -3921.8523 -3921.1589 -3920.1501 -3919.8572 -3919.1069 -3918.8562 -3918.0635 -3917.8708 -3917.0232 -3916.8708 -3915.9956 -3915.8892 -3914.9707 -3914.8899 -3914.8892 -3913.9077 -3913.8657 -3912.8625 -3911.926 -3911.926 -3911.8162 -3910.9421 -3910.7729 -3909.9446 -3909.748 -3908.9631 -3908.9631 -3908.7017 -3907.9763 -3907.9631 -3907.6367 -3906.9814 -3906.9814 -3906.9741 -3906.5503 -3905.9814 -3905.9814 -3905.9727 -3905.9631 -3905.9631 -3905.9631 -3905.9631 -3905.9631 -3905.9517 -3905.9446 -3905.9446 -3905.9446 -3905.9446 -3905.9446 -3905.9446 -3905.9446 -3905.9446 -3905.1426 -3904.9631 -3904.9631 -3904.9631
-3918.3521 -3917.8982 -3917.3726 -3916.856 -3916.3926 -3915.854 -3914.8735 -3914.4734 -3913.8716 -3913.5139 -3913.5139 -3912.8486 -3912.5256 -3911.8064 -3911.5544 -3910.8047 -3910.595 -3910.595 -3909.7817 -3909.6355 -3909.6355 -3909.6355 -3909.6355 -3908.7166 -3908.676 -3908.6743 -3907.7166 -3907.7166 -3907.7166 -3907.7166 -3907.7209 -3907.6284 -3906.7976 -3906.7976 -3906.7976 -3906.7976 -3906.7976 -3906.7976 -3906.5208 -3905.8379 -3905.8379 -3905.8379 -3905.8533 -3905.4961 -3904.9189 -3904.9189 -3904.9189 -3904.4324 -3903.9189 -3903.9189 -3903.9189 -3903.9189 -3903.9189 -3903.3252 -3902.9595 -3902.9595 -3902.9595 -3902.9595 -3902.9595 -3902.9595 -3902.9595 -3902.9595 -3902.9595 -3902.9595 -3902.9595 -3902.9595
-3901.7493 -3901.7493 -3901.2852 -3900.8442 -3900.8743 -3900.8743 -3900.8743 -3900.8743 -3900.9136 -3900.937 -3900.9788 -3900.9995 -3900.3735 -3900.1245 -3900.1245 -3900.1733 -3900.187 -3900.187 -3900.24 -3900.2495 -3900.3054 -3900.312 -3900.3706 -3900.3748 -3900.436 -3900.4373 -3900.4387 -3900.4998 -3900.5039 -3900.5623 -3900.6672 -3901.5081 -3901.5623 -3901.5735 -3901.6248 -3901.6248 -3901.6248 -3901.6414 -3901.6873 -3901.6873 -3901.708 -3901.7498 -3902.1028 -3902.6873 -3902.7136 -3902.7498 -3902.7498 -3902.2937 -3901.8442 -3901.875 -3901.875 -3901.875 -3901.875 -3901.875 -3901.875 -3901.875 -3901.875 -3901.875 -3901.9204 -3901.9375 -3901.9375 -3901.9375 -3901.9375 -3901.9375 -3901.9375 -3901.9375
-3882.3616 -3882.408 -3882.45 -3883.0098 -3883.4927 -3883.54 -3883.5771 -3883.6284 -3884.2891 -3884.6616 -3885.333 -3885.7205 -3886.4011 -3886.6616 -3886.7258 -3887.5278 -3887.7463 -3887.8162 -3888.6785 -3888.8308 -3889.6472 -3889.8235 -3890.7666 -3890.8308 -3891.8108 -3891.8311 -3891.9373 -3892.8308 -3892.8989 -3893.8308 -3893.8403 -3894.0381 -3894.844 -3895.0786 -3895.8308 -3895.8496 -3895.9155 -3896.1816 -3896.9155 -3896.9155 -3897.2478 -3897.9155 -3897.9155 -3897.9492 -3898.385 -3898.9155 -3898.9548 -3899 -3899.4656 -3899.9155 -3899.9155 -3899.9641 -3900 -3900 -3900 -3900 -3900 -3900.0598 -3900.752 -3901 -3901 -3901 -3901 -3901 -3901 -3901
-3877.1086 -3877.5991 -3878.0942 -3879.061 -3879.4924 -3879.9939 -3880.448 -3881.0332 -3881.9463 -3882.2793 -3882.9507 -3883.8987 -3884.249 -3884.2793 -3884.9578 -3885.8708 -3886.0662 -3886.8037 -3887.8071 -3887.9595 -3887.9595 -3888.7759 -3889.7886 -3889.8528 -3890.7283 -3890.7478 -3891.6396 -3891.6396 -3891.7075 -3892.6396 -3892.7397 -3893.5474 -3893.7791 -3894.533 -3894.5544 -3894.8381 -3895.533 -3895.771 -3896.4573 -3896.533 -3896.8301 -3897.4265 -3897.4265 -3897.7825 -3898.3198 -3898.3198 -3898.7844 -3899.3198 -3899.3198 -3899.3198 -3899.3198 -3899.8333 -3900.2131 -3900.2131 -3900.2815 -3900.3198 -3900.3198 -3900.9514 -3901.2131 -3901.2131 -3901.2131 -3901.2131 -3901.2131 -3901.2131 -3901.3049 -3901.3198
