Resources/Map/Lvl0_30x30/Ele_BI.asc
ncols         335
nrows         335
xllcorner     6755000
yllcorner     3325000
cellsize      10000
nodata_value  -99999.0
[rows 56 to 83 of 335, columns 252 to 314 of 335]
251.4246 249.6675 234.7319 270.2134 259.506 229.4094 249.3833 254.3299 229.0206 247.7561 269.6377 279.5087 264.4626 233.965 240.6408 245.0054 217.6223 213.0222 205.1473 178.4529 157.13 157.9554 190.5769 190.8166 202.1084 174.3979 155.0124 153.0782 169.4092 188.5971 241.8083 218.0592 224.5318 196.0811 183.778 170.8961 210.0675 221.8522 218.9068 169.6301 249.7389 133.5905 153.9323 190.0471 160.7967 244.9977 251.3744 273.5582 246.3818 440.9153 501.4521 736.8355 851.1599 844.2032 677.9821 861.3964 636.7871 711.2926 845.5 948.6603 940.0574 883.0244 664.8998
166.1813 257.4064 288.7381 276.9238 241.8115 229.019 210.4633 296.2003 350.6794 330.3835 330.4484 319.0004 285.5973 247.0721 245.4812 237.4483 226.3005 191.961 197.9889 193.0647 205.4197 254.7102 254.7628 252.8024 230.4847 235.8837 230.6269 204.2702 217.4989 191.8079 189.6062 234.0332 230.8401 192.2643 170.0034 185.7503 192.499 221.668 218.7774 201.037 239.1044 134.2445 170.6414 238.6372 323.375 227.1785 230.0537 240.5419 355.396 366.4384 550.1218 651.4726 841.9478 912.9678 870.8544 886.9755 879.7595 648.5017 816.7929 881.0502 1057.9363 886.3223 713.9152
213.4083 234.991 236.5474 205.7442 208.9289 263.571 259.4467 238.8133 318.278 358.9676 345.6679 404.205 374.7851 354.5131 369.2152 405.6276 406.0705 390.7131 408.2612 255.733 200.0636 249.0334 261.3304 238.2553 226.8172 213.4017 176.2517 169.2275 177.7771 166.8913 160.1042 239.4049 256.1826 257.2054 253.5985 219.136 221.2083 257.842 294.2325 319.5021 415.3886 211.926 379.8422 252.8559 289.0882 364.2083 338.251 376.5549 437.1908 406.3171 416.7726 744.5566 579.7966 738.6474 899.6866 895.0712 1126.9518 912.7047 914.0817 1179.8638 838.9218 698.9061 759.1007
142.1797 148.7404 142.1732 150.5493 188.9942 227.2299 158.7749 217.2168 275.7628 252.9413 313.9993 345.8506 414.2359 439.3997 386.5832 378.9146 442.1224 408.5698 443.1788 351.0602 325.8734 256.1052 200.7339 186.3679 219.6041 250.4556 246.2378 201.9726 193.9621 222.2661 191.3918 173.9316 226.2947 224.4545 271.992 271.8466 276.4603 249.8033 279.3557 298.0923 291.1295 258.2834 210.738 291.8354 232.1537 148.0943 212.4947 193.4501 224.4605 276.1509 423.4544 462.3683 794.1529 737.3748 812.3417 741.499 1167.8578 926.5984 1231.4742 1313.8557 1110.1764 954.1826 1117.9943
156.7781 219.5374 221.2897 206.4305 266.7664 301.5978 292.8611 271.7587 226.9933 321.8662 300.9267 340.0132 288.7784 313.1585 335.6042 301.5283 418.4822 423.9243 428.5238 377.9621 292.5393 328.0112 353.0458 301.9648 293.6075 256.3979 259.1188 260.981 269.3201 222.1004 219.7677 211.4567 175.3492 188.1403 265.6922 264.6266 267.0827 237.0458 260.9735 288.2236 252.7126 246.5188 252.0892 289.7003 254.5547 251.2567 169.679 271.7314 349.0664 389.8496 432.861 485.5497 531.4382 866.8538 784.3459 734.2809 768.3272 884.1022 1123.4469 1091.5887 1022.7746 923.076 947.4978
218.5294 229.0788 242.3379 271.3018 288.3461 257.8512 230.3791 224.5415 204.2254 263.598 304.8221 304.6973 326.1781 257.0677 250.9873 279.2283 296.5065 312.2094 341.2869 388.4325 441.9639 438.0772 388.9953 305.167 298.6183 288.3616 217.079 220.9444 216.8012 213.3614 267.5749 219.2814 221.6874 211.1737 203.102 217.3452 259.2164 217.2604 227.0538 244.7968 276.4181 294.3317 234.8465 350.006 281.8462 287.8699 197.0466 321.4163 313.7883 406.3272 476.8227 369.7672 499.7173 686.4538 974.4879 1264.1503 868.8035 1034.1702 1139.1003 954.6384 956.459 1114.9678 807.5157
252.8123 236.9024 275.8449 275.8179 282.3493 232.1633 229.7701 256.4348 260.9957 214.5522 231.0022 253.0445 258.3284 265.6633 286.307 290.767 321.0428 339.1782 336.9618 353.631 393.6214 438.8651 398.8792 360.2045 366.2252 354.312 353.5311 376.1652 262.2484 272.472 264.1008 209.8157 198.5902 224.1485 236.2231 222.3771 223.8481 198.2926 222.6961 283.991 322.5 353.526 359.8367 306.2752 276.472 241.7694 180.2854 223.378 280.6019 344.2514 451.5949 345.6774 484.9748 618.7141 1085.226 1132.8782 1343.2284 1332.1379 1092.9369 1065.408 1116.4719 780.3589 946.4916
279.8817 278.2081 288.9898 270.5348 248.0524 301.4266 299.6024 304.8527 293.6472 280.4605 271.2831 276.826 301.1293 322.8693 305.6095 263.3032 307.9943 281.5469 373.9689 332.2053 338.2711 376.4445 429.0866 374.5286 419.3953 451.9487 382.4821 307.4693 287.7164 314.7483 314.0623 276.6432 259.1193 265.35 261.3569 286.0572 274.3094 305.2943 274.264 298.5346 325.8223 313.5213 360.5511 309.6872 256.5362 245.3252 166.0479 262.0624 231.6224 263.348 417.6476 503.5916 632.2113 891.3763 696.5849 763.1754 1049.3005 1239.1504 982.5859 838.5372 726.9341 852.4279 1048.821
254.529 238.2282 262.6923 240.2873 226.3248 251.5096 246.2486 270.0301 275.0098 255.0458 225.841 258.7097 269.4168 227.5576 221.9543 286.9818 283.0687 236.3081 275.8552 330.4913 369.586 367.6192 376.2635 304.6099 384.8146 432.6544 417.45 410.1222 374.1618 407.8279 335.4761 305.0146 313.86 386.603 322.9959 304.3223 293.46 300.0848 298.3116 273.1925 295.0747 257.7268 314.1588 245.7497 278.4339 291.815 178.6308 210.0426 253.0966 314.7912 432.8998 465.8 516.8973 474.3936 795.4934 965.5281 1094.0287 1083.967 844.759 779.4247 825.9462 1023.1793 1034.7405
226.6488 213.3341 231.4169 223.7445 195.9373 228.8678 261.0208 244.1139 224.5286 240.829 227.6275 226.9028 255.229 239.2139 236.8698 214.6371 226.1291 286.2126 256.3006 260.5865 307.1312 229.3562 326.323 322.6235 366.8819 396.4904 365.716 406.5786 475.4392 490.8448 449.966 415.3226 410.7038 394.0721 419.273 298.132 286.0032 260.1323 244.3652 223.698 223.5442 246.5205 237.5827 251.2112 263.0117 272.8348 185.7867 265.1824 348.9573 350.7541 388.7191 468.0146 398.9094 419.2795 553.6263 685.7266 754.6812 909.7156 815.4192 650.9968 773.3173 928.8473 1229.8641
209.032 198.0214 187.1774 218.0748 232.2415 213.4084 191.4607 180.8853 174.4202 171.1001 165.4161 155.0115 166.408 171.2651 198.4245 175.4834 248.2246 258.9153 217.6852 241.6447 260.0145 252.3414 219.3219 289.1467 319.4557 307.8289 411.1218 495.5702 500.9163 473.1192 506.975 502.8174 471.5781 434.0621 382.1462 421.571 367.9853 309.9655 354.2976 335.1038 340.888 258.9044 219.5992 193.0237 176.3308 197.136 265.7549 347.3913 316.3416 416.3528 363.219 352.335 337.8198 365.8182 389.5493 467.9305 552.6058 466.3679 651.4008 569.4754 720.4286 1247.8533 1105.7798
190.1961 181.3159 186.0437 200.2577 161.348 151.6211 158.5852 174.5315 211.4852 228.1283 225.6151 198.1947 200.4367 166.5994 210.0512 239.7197 252.0617 229.0906 192.3214 236.3279 213.4261 196.3053 218.6488 264.0313 337.7446 376.3907 349.1014 356.2874 406.926 347.7383 441.1506 427.6376 442.9922 437.3265 385.3376 399.4073 419.9607 309.3041 298.2797 289.536 304.9173 280.2823 224.5645 198.8785 197.5102 296.3286 287.6197 306.4314 373.2593 310.6061 371.9875 272.5343 359.9789 368.3319 362.2616 393.2478 622.6267 714.221 913.6016 1029.5535 825.7118 1067.3773 1041.9119
192.9634 165.7479 139.6156 138.977 158.032 177.4587 221.5372 206.7229 205.6642 228.48 264.0547 246.8051 204.2295 175.1588 162.0588 149.3378 165.0978 166.5262 172.2803 171.3575 201.2975 231.9854 309.1692 244.0062 290.8577 275.654 484.1565 271.0695 376.5706 302.8359 317.5025 374.4471 412.4209 403.6989 433.4829 361.2841 416.0277 443.7851 256.9516 278.6867 261.5212 345.78 202.0964 325.8615 280.5957 204.4863 284.1307 349.164 297.8523 248.2461 267.4011 366.1967 366.4407 397.7557 407.5798 329.532 680.0817 626.7158 641.2119 588.4378 921.9733 730.0352 733.1278
142.9812 152.3515 157.3519 187.1297 198.8441 210.0927 207.4525 189.4454 200.0725 209.5512 241.5451 250.0524 243.5336 218.2657 214.7819 207.8667 197.3997 173.4678 162.6804 236.5176 238.1995 257.007 266.9938 217.9086 243.7676 279.8145 271.254 289.1229 346.6411 292.9888 269.0531 341.8933 412.742 390.6198 415.2163 434.4603 387.1926 412.8729 352.3628 360.0141 303.193 303.8665 289.6031 197.7363 265.3966 251.5342 270.2476 267.5014 258.3064 231.8171 294.0227 346.8292 380.8342 378.4254 294.0245 359.0007 451.4518 463.343 532.5217 927.6753 807.9777 762.191 759.1537
166.9395 182.5815 197.4287 197.8211 180.4212 165.8288 174.8385 179.8629 205.4211 238.1825 239.9961 239.6833 274.1487 276.3657 264.3806 233.6054 204.643 212.8217 216.898 165.956 152.1434 226.3741 236.5207 210.5858 196.4597 241.3996 264.7646 239.1765 297.3646 281.4982 270.7506 352.1917 406.9662 364.7521 351.8068 367.0703 350.7209 401.6365 325.4407 345.4787 406.1662 324.5615 370.7552 281.4678 291.4513 313.9059 406.8176 400.188 548.8164 473.4924 308.5879 392.3004 439.0024 301.1299 260.6526 448.02 526.1256 417.4117 459.7751 716.7244 616.2526 876.3003 488.5119
155.1503 152.2978 173.8749 167.9813 159.9783 162.3123 174.8291 164.7276 187.7425 199.1405 231.1357 228.7803 225.3598 229.4998 245.1171 255.3618 257.9543 236.3006 219.7274 222.4605 189.7812 189.0512 162.8181 175.0171 214.5326 237.4205 241.7484 284.3478 247.9615 228.6373 230.7252 275.85 315.9818 358.6834 318.3601 389.1624 400.2564 436.5829 340.9782 344.9519 396.889 381.7336 318.7739 302.0653 368.4497 415.4838 434.2201 515.4875 362.5831 287.099 522.5856 501.8825 492.4081 429.696 439.5644 458.746 503.3779 612.6227 539.5986 501.306 683.5494 987.861 687.0275
120.8127 120.8811 122.0235 139.9479 131.6966 130.221 133.4503 160.949 180.8495 193.2337 204.7734 199.5117 183.944 224.5885 246.7197 264.4059 222.1 254.5075 248.2463 229.8475 215.9124 231.0125 213.0582 185.6239 175.6059 175.8217 185.5487 256.4423 186.4342 239.3734 260.651 316.3899 326.025 308.4922 322.4623 350.7443 398.628 383.8315 332.2812 443.0726 390.3944 320.175 261.5789 217.8664 249.4918 418.1654 409.3094 524.123 455.4358 481.1209 378.6301 470.8353 512.5106 631.1953 599.7214 628.9959 578.712 632.5608 746.4637 855.736 877.6111 1079.5842 707.9974
238.6687 212.5066 243.0866 227.1187 200.1467 145.4897 135.6955 152.0497 164.3816 172.5141 176.1033 183.5272 191.6027 193.4866 225.8545 242.9342 235.8827 230.0152 247.9127 251.7789 229.7525 223.5864 222.6574 206.7756 208.84 249.2003 230.4272 202.5878 223.0989 219.7416 291.2738 324.0935 319.6849 296.1283 356.9875 381.8669 357.9047 366.954 263.4628 312.6497 318.0313 285.381 291.838 304.7066 336.2362 413.1017 496.8061 528.0808 534.7458 593.1206 559.8768 444.5173 515.9256 699.6482 542.4969 584.1642 529.6804 785.6375 897.416 676.4191 1012.7136 897.1685 862.1354
214.9159 204.806 189.1466 196.4431 198.6144 126.5386 133.4405 167.0514 195.3465 205.8499 212.186 233.7703 248.9043 250.4361 241.9117 261.854 275.2505 292.9911 266.4456 273.3631 276.0015 232.4239 221.3947 246.5876 249.9529 261.8231 253.0047 222.4805 190.0911 267.0769 312.568 322.8509 258.0784 296.2527 344.1914 307.5374 293.4787 257.1767 234.3656 282.5364 339.3288 353.4517 282.2101 342.5797 433.443 358.83 374.1991 478.2917 456.0688 464.9859 530.8137 713.7756 438.0427 520.6346 798.8693 679.7255 509.11 595.2025 764.3615 658.3266 756.6108 632.3727 718.4363
205.2836 228.4573 227.1991 190.988 155.5687 130.8316 157.9496 164.1028 178.4047 184.4694 220.8199 225.8935 218.5371 234.5726 234.4679 240.4372 238.8113 290.8986 291.4051 295.0903 282.7218 282.5663 245.9793 272.5688 282.4949 247.8947 218.1878 235.3637 264.3965 246.1373 308.8842 243.819 263.4779 315.6073 346.7545 363.3812 336.7555 272.4238 255.4061 285.265 308.7921 358.1683 392.8559 280.1652 388.9821 466.941 362.0538 398.5062 447.0777 466.8253 515.9816 523.4764 501.7607 576.7861 490.0945 439.3305 511.4977 482.9549 569.2034 579.3091 633.8557 742.2943 864.6776
238.0784 207.3027 205.6198 173.7794 134.9994 141.7837 154.5172 182.2519 185.5208 206.7341 233.5549 258.9336 257.3036 251.266 263.1718 277.7953 254.7915 258.7301 243.2256 276.0231 284.4134 295.3069 277.0396 309.6904 260.2473 262.4496 313.6643 269.3801 304.5134 274.3987 228.4769 266.6018 273.1773 323.3074 349.7334 345.228 321.3647 293.7476 270.4103 300.7646 322.5909 331.2539 328.8196 409.6916 345.8658 414.9438 517.0547 524.2807 527.2244 566.6622 593.0668 661.803 563.1387 554.0561 532.2792 527.9648 531.5517 626.1772 724.6466 768.9258 927.7154 806.9386 1051.9336
191.2052 219.0119 182.5278 133.3183 136.6686 138.3749 156.4953 161.8302 178.5021 195.9642 204.4034 234.6508 245.444 268.9288 256.1136 223.8317 264.8509 303.0829 309.7041 319.9226 323.5939 333.7856 328.9225 328.1213 294.5338 310.9429 296.203 301.2475 347.8768 330.3225 317.3371 306.7608 248.9744 285.4206 314.0249 349.4824 287.7605 316.4044 321.0732 284.0836 303.4004 366.8588 421.0354 352.6613 467.0278 416.7646 423.4719 506.3462 510.6728 617.9708 813.1877 1272.0649 781.87 751.3146 716.6034 590.2993 436.2521 667.1884 537.5157 747.5258 799.506 687.134 989.584
163.9442 174.3133 160.549 134.7045 136.639 140.1279 153.3555 164.55 174.9766 197.1405 205.555 213.4323 231.0586 238.7887 229.8702 228.6471 266.4111 296.2073 313.3233 326.952 322.8757 297.0874 304.7537 311.1926 273.3284 294.2309 326.2258 322.4433 292.3764 328.3924 287.4996 339.7333 374.4643 379.3881 310.9058 276.0351 258.024 307.4317 323.704 387.5005 380.5252 339.5636 372.5736 342.2819 414.189 441.3801 416.3969 449.6951 471.6095 528.9699 600.4399 790.2687 598.2687 772.0077 625.8638 690.4467 520.3657 799.8673 748.8073 648.3328 640.2925 662.8694 727.9463
178.7283 164.9331 141.0437 133.8805 142.6498 146.333 166.4299 175.4313 175.8172 185.6624 200.421 205.5883 221.634 213.7675 218 223.2375 231.1599 233.3369 254.4868 267.4918 270.2889 251.1434 288.1976 261.8351 291.2631 272.4904 323.995 322.6932 285.2679 268.6035 352.6976 304.1874 302.8845 251.8044 268.1888 238.4086 226.7489 245.9839 289.8484 394.9632 378.483 391.7542 388.4336 394.1891 392.9117 451.5863 523.0438 712.7906 596.5756 603.123 586.8033 748.595 603.0084 689.7673 618.6143 554.9667 478.4097 612.3926 576.3507 589.2519 590.9204 608.9517 693.8169
143.9785 212.2429 179.311 136.612 143.7137 150.1412 162.2605 171.5913 179.6779 199.0353 212.5395 220.2701 227.3383 210.0403 214.933 213.9505 214.8592 220.5914 233.1014 228.9892 234.5255 240.3301 254.4487 240.2513 261.9902 256.2921 264.9747 235.0253 269.7596 314.9688 308.976 241.796 256.8202 217.3371 230.2695 272.7722 291.0132 360.3354 367.483 382.4426 381.533 426.3109 409.8195 530.1561 356.5926 489.1487 685.5371 631.9661 489.6688 514.8632 578.5997 646.8723 553.7637 659.8583 641.0243 551.0103 609.9149 669.5536 578.1587 713.9431 784.6104 744.8542 784.8591
185.2304 214.9609 215.4746 176.1302 140.0086 145.2621 151.2505 157.6717 177.1681 197.555 204.1489 213.9971 226.8692 233.2939 226.9303 221.5606 211.9987 211.7781 214.2146 211.0334 216.5869 238.5542 240.7737 250.796 249.7124 236.2854 215.2947 209.8549 228.0919 222.0096 202.0922 233.0355 225.5212 243.3203 281.429 292.5984 358.7059 388.5965 482.7477 474.9327 538.6028 484.799 512.7113 534.9114 556.6765 563.2352 473.0508 539.4247 583.1987 596.543 587.6244 553.6093 540.6261 550.504 640.3307 642.0452 622.7719 739.5623 651.9885 640.507 622.7689 847.2603 779.7763
269.237 232.084 202.0058 172.9604 150.5337 161.2946 164.1796 172.8921 162.0948 164.6604 195.7188 205.8672 213.4042 214.023 212.8986 192.7641 194.4149 193.7406 179.5539 208.9063 206.8927 177.4044 181.8112 204.1495 193.7807 200.5886 198.7767 206.6192 264.3194 252.6884 343.9084 246.9692 238.4616 237.029 262.7192 243.8394 251.0334 306.1646 306.6974 467.713 466.5138 468.2841 527.3781 553.4183 622.7793 560.3108 520.8164 673.467 503.7777 589.4557 750.8784 701.9738 592.3091 546.1602 671.0051 688.6008 759.2571 692.4966 695.7373 743.9341 693.5446 725.8037 874.7386
219.4223 208.1637 221.0566 206.4867 148.2949 153.1074 166.2437 174.5925 174.423 176.7421 175.3918 170.9997 181.4792 186.4733 203.91 181.8186 177.9434 169.8744 168.8817 162.0714 178.948 170.973 172.2881 185.2117 187.6932 196.332 204.952 269.0095 287.9982 368.7273 326.8188 273.0597 296.319 275.0661 254.0765 344.0915 351.8854 299.3532 266.5861 371.5275 345.4114 405.855 540.785 655.0742 727.9855 754.7189 823.4625 741.1853 708.2415 562.5457 582.4302 545.4908 678.0154 812.7413 842.4874 795.2263 1046.9252 863.7767 791.3319 638.0562 671.399 845.1086 997.0973
