Resources/Map/Lvl0_30x30/Ele_DB.asc
ncols         335
nrows         335
xllcorner     -16695000
yllcorner     -3375000
cellsize      10000
nodata_value  -99999.0
[rows 50 to 74 of 335, columns 171 to 227 of 335]
-4631.9131 -4645.6821 -4634.7266 -4618.9307 -4640.8838 -4610.5527 -4641.3174 -4687.3716 -4695.564 -4682.9585 -4666.5117 -4701.5698 -4741.3667 -4673.3252 -4655.6343 -4698.1123 -4768.7729 -4731.2222 -4687.1733 -4640.7705 -4611.7681 -4717.2393 -4810.5132 -4660.9028 -4614.9155 -4543.147 -4608.5142 -4643.064 -4725.2578 -4618.8105 -4474.0293 -4472.6621 -4531.2974 -4637.9253 -4603.0093 -4632.1406 -4820.8477 -4752.4761 -4726.2026 -4772.2759 -4740.4897 -4699.3306 -4696.2847 -4680.4048 -4680.5498 -4634.6338 -4556.876 -4583.9502 -4584.4575 -4577.9316 -4656.9473 -4667.9224 -4636.9893 -4569.3618 -4548.1138 -4538.5259 -4569.1982
-4677.895 -4687.7085 -4652.4971 -4613.8799 -4655.7539 -4610.1738 -4605.0474 -4656.147 -4677.1978 -4686.0469 -4692.4155 -4727.2773 -4802.1992 -4744.6826 -4669.8818 -4710.313 -4769.1226 -4773.1484 -4732.9819 -4626.3545 -4602.5928 -4677.0073 -4804.3657 -4631.332 -4548.792 -4462.5498 -4504.3594 -4610.0396 -4810.2158 -4696.4023 -4495.0161 -4480.0308 -4515.0708 -4576.6948 -4573.5859 -4631.8926 -4784.3633 -4724.2212 -4701.3945 -4745.1582 -4669.3921 -4614.7686 -4655.7651 -4670.7822 -4690.9819 -4682.7231 -4565.4165 -4531.4902 -4538.2588 -4560.6309 -4601.6475 -4581.2031 -4579.4414 -4602.3281 -4578.7075 -4531.4248 -4494.4131
-4705.8379 -4711.8008 -4692.1855 -4629.0703 -4650.394 -4645.1353 -4614.1685 -4641.0444 -4695.6362 -4687.2178 -4659.873 -4710.0786 -4781.8135 -4704.6987 -4676.5356 -4743.4692 -4803.4546 -4811.3501 -4737.3394 -4582.7866 -4591.8623 -4647.8286 -4773.0581 -4617.2939 -4647.8096 -4660.2065 -4618.8408 -4720.6689 -4807.8281 -4633.5723 -4514.2197 -4556.1011 -4577.479 -4596.6602 -4560.2256 -4582.2817 -4642.3516 -4617.248 -4621.3193 -4706.8755 -4637.6436 -4571.5166 -4611.8809 -4746.8281 -4789.0703 -4674.0498 -4555.146 -4562.5029 -4565.3276 -4544.1465 -4561.9517 -4538.1909 -4518.4429 -4557.7905 -4514.0439 -4470.7207 -4448.0317
-4659.8516 -4719.3828 -4720.4653 -4634.6582 -4656.8691 -4713.3096 -4666.4551 -4625.5952 -4680.9312 -4680.2549 -4647.1475 -4655.1777 -4684.9712 -4685.9663 -4706.7524 -4765.7559 -4809.7222 -4783.2207 -4738.8228 -4664.5249 -4643.4092 -4629.0259 -4685.2764 -4645.937 -4702.7354 -4623.4565 -4552.5688 -4643.6299 -4710.6328 -4574.4673 -4559.7529 -4646.041 -4599.3862 -4606.4077 -4535.2583 -4539.394 -4634.1084 -4568.6631 -4494.8613 -4570.6465 -4639.8711 -4630.9604 -4600.4189 -4720.2681 -4748.5542 -4642.7993 -4605.7896 -4654.1367 -4627.8457 -4583.0869 -4596.3501 -4569.5708 -4564.4399 -4580.1587 -4567.8833 -4585.6606 -4554.0464
-4581.8066 -4685.5278 -4686.1416 -4589.478 -4573.0386 -4586.9639 -4523.5112 -4488.1694 -4531.6396 -4569.4263 -4612.9585 -4617.1392 -4630.7788 -4640.1294 -4668.9995 -4731.0332 -4781.1812 -4794.2002 -4770.4766 -4691.9355 -4590.0566 -4618.2529 -4629.2134 -4578.0059 -4708.0879 -4597.4546 -4524.9067 -4539.9355 -4589.4028 -4556.9673 -4601.3398 -4640.6875 -4589.8911 -4603.1943 -4549.189 -4561.0957 -4650.1802 -4568.7363 -4483.2271 -4523.3721 -4628.2666 -4633.6377 -4555.8706 -4624.0293 -4672.4282 -4640.2432 -4671.7051 -4706.2925 -4620.9155 -4583.145 -4586.2803 -4555.7441 -4562.1152 -4587.3594 -4568.2627 -4636.1025 -4647.0347
-4509.3872 -4594.1392 -4599.8765 -4542.3726 -4569.8403 -4553.438 -4504.1729 -4558.3398 -4618.8496 -4632.2837 -4630.1328 -4621.8594 -4673.3354 -4660.1328 -4633.8828 -4698.3433 -4738.5127 -4730.5063 -4774.8755 -4667.2842 -4507.4648 -4586.5044 -4624.2788 -4504.8501 -4681.438 -4651.002 -4525.6812 -4503.269 -4575.4985 -4593.2075 -4702.7827 -4668.3701 -4646.6162 -4581.9658 -4516.2061 -4564.4233 -4569.0952 -4525.146 -4464.8394 -4508.4604 -4617.8169 -4602.4531 -4531.6421 -4514.0581 -4565.3564 -4614.3042 -4667.8799 -4678.8604 -4590.2808 -4573.0454 -4547.8169 -4567.8525 -4570.7007 -4520.5132 -4548.6299 -4633.7627 -4662.0693
-4482.1904 -4568.8379 -4580.252 -4519.7646 -4513.4517 -4530.0747 -4569.6553 -4593.3057 -4609.6328 -4676.4019 -4674.6812 -4625.5181 -4645.5737 -4619.9043 -4572.7402 -4669.7266 -4739.105 -4694.9585 -4722.3667 -4680.1089 -4612.1284 -4636.1401 -4684.9717 -4624.5498 -4707.0435 -4642.124 -4512.5459 -4509.9824 -4640.9985 -4587.7114 -4627.0957 -4610.9253 -4651.21 -4594.6631 -4556.6021 -4650.8687 -4616.2754 -4544.8359 -4512.0225 -4567.4541 -4662.2856 -4593.9541 -4534.1128 -4515.8608 -4511.1436 -4583.9336 -4658.2744 -4652.9756 -4594.2656 -4570.9609 -4522.3867 -4509.8521 -4481.8457 -4404.6851 -4456.9375 -4522.3052 -4571.71
-4549.8516 -4588.7983 -4557.8535 -4494.2563 -4423.4829 -4502.2524 -4598.4038 -4566.707 -4549.1265 -4590.002 -4553.9995 -4486.0479 -4525.3721 -4488.2163 -4493.6953 -4613.6909 -4665.811 -4672.2222 -4699.623 -4668.6602 -4597.6089 -4633.6753 -4686.9976 -4676.7305 -4715.1772 -4548.7505 -4443.7461 -4559.3057 -4730.2676 -4643.6997 -4662.3501 -4665.6655 -4653.2329 -4591.877 -4606.6108 -4658.3716 -4580.7383 -4550.0869 -4586.2188 -4639.7637 -4677.2188 -4648.043 -4573.4111 -4584.8521 -4567.2949 -4567.8149 -4605.7476 -4621.8906 -4593.0659 -4512.7056 -4477.3257 -4470.0215 -4415.2515 -4378.8149 -4376.4692 -4371.1519 -4411.9736
-4552.2764 -4559.1689 -4498.3052 -4486.7559 -4509.4678 -4606.2197 -4622.9136 -4550.6533 -4545.4585 -4513.6553 -4421.4399 -4434.2422 -4614.4902 -4692.8506 -4714.6777 -4766.6929 -4684.3325 -4655.0376 -4718.5332 -4600.7183 -4529.79 -4674.8071 -4701.6616 -4684.6157 -4656.8774 -4485.3979 -4378.8184 -4420.396 -4572.1997 -4585.5317 -4616.8188 -4645.1875 -4684.0259 -4623.2124 -4630.6646 -4682.0132 -4611.2607 -4653.0918 -4670.6172 -4711.9229 -4680.5737 -4705.3677 -4659.5049 -4636.1865 -4588.7163 -4559.6045 -4578.0244 -4590.3291 -4570.0166 -4512.355 -4494.0508 -4504.5776 -4480.8491 -4437.48 -4386.1865 -4344.1943 -4361.5859
-4525.8457 -4523.2231 -4474.0742 -4536.2012 -4602.252 -4585.1914 -4556.1084 -4553.2261 -4597.7769 -4584.2441 -4550.6968 -4613.5254 -4720.6528 -4706.8501 -4589.8105 -4609.4854 -4621.1138 -4676.2466 -4754.8823 -4629.8608 -4656.6499 -4668.3818 -4630.9541 -4749.5376 -4690.8477 -4568.9282 -4523.3154 -4487.5781 -4445.6001 -4513.1938 -4521.5361 -4574.2051 -4686.6064 -4659.1055 -4659.3413 -4712.3394 -4707.625 -4780.7275 -4772.2729 -4814.0503 -4784.167 -4819.7935 -4763.9199 -4705.7432 -4608.0938 -4558.7539 -4585.7095 -4586.5283 -4534.3838 -4505.7144 -4492.9697 -4470.8872 -4470.6211 -4477.2007 -4463.0381 -4467.061 -4393.9614
-4573.1265 -4537.7891 -4455.5083 -4541.584 -4612.0728 -4554.4458 -4521.6694 -4573.7031 -4617.0146 -4625.1421 -4660.085 -4643.0547 -4603.9014 -4583.8188 -4537.2695 -4534.7339 -4578.3379 -4620.8247 -4634.8945 -4611.2471 -4707.7813 -4638.0386 -4642.4419 -4765.0146 -4566.8218 -4465.1318 -4455.2871 -4526.2837 -4479.3252 -4501.0962 -4449.7734 -4520.2803 -4667.0088 -4682.998 -4676.3481 -4717.5464 -4746.4937 -4737.5122 -4730.6133 -4741.4346 -4677.0049 -4736.8809 -4794.9624 -4845.0229 -4743.9727 -4656.7515 -4659.502 -4647.6479 -4584.8032 -4542.2979 -4540.1431 -4500.2007 -4451.4692 -4466.2437 -4458.6538 -4475.3286 -4439.8916
-4598.4478 -4563.9551 -4521.3066 -4621.0088 -4642.0464 -4547.9561 -4533.0903 -4583.9326 -4632.0474 -4643.2373 -4603.1558 -4651.5439 -4709.6963 -4768.9634 -4786.4888 -4670.52 -4628.2988 -4507.2729 -4446.5786 -4557.1333 -4724.6592 -4729.085 -4718.9551 -4709.5171 -4500.8657 -4409.7852 -4269.875 -4295.5679 -4388.3901 -4382.8086 -4397.4116 -4516.1509 -4574.7349 -4658.0342 -4666.9282 -4686.5435 -4686.1558 -4701.6704 -4738.8057 -4750.9526 -4629.5806 -4559.8755 -4720.4126 -4843.6968 -4780.8452 -4768.4146 -4745.8892 -4651.8579 -4588.0376 -4553.354 -4506.2271 -4513.439 -4485.2852 -4403.7598 -4329.3643 -4356.1118 -4411.0674
-4616.5132 -4570.0913 -4544.7661 -4635.1177 -4624.5913 -4556.9907 -4560.8726 -4608.2515 -4659.7749 -4681.4258 -4647.0786 -4705.1797 -4724.4961 -4674.4063 -4611.5049 -4480.8237 -4489.3159 -4483.8677 -4538.4863 -4723.6069 -4795.6904 -4706.2417 -4668.9434 -4659.0151 -4497.5542 -4420.8306 -4377.7783 -4448.6406 -4706.5918 -4645.145 -4614.6865 -4659.9521 -4586.917 -4683.3926 -4793.7925 -4716.9434 -4605.3027 -4669.2808 -4716.9409 -4756.8564 -4673.4185 -4614.5337 -4653.6064 -4687.3433 -4716.3516 -4766.2393 -4740.7695 -4675.313 -4629.2646 -4614.853 -4607.3027 -4647.4551 -4611.0898 -4469.2461 -4415.7827 -4477.8906 -4546.9097
-4639.5054 -4507.168 -4525.1577 -4605.5737 -4571.3208 -4573.5474 -4560.959 -4589.481 -4663.292 -4664.5386 -4620.5884 -4679.5508 -4712.6689 -4662.8838 -4656.7622 -4572.9761 -4546.5776 -4651.4214 -4673.2822 -4751.9961 -4757.9834 -4635.8125 -4558.6733 -4538.0215 -4506.6997 -4480.3599 -4463.1353 -4501.0781 -4702.0605 -4683.6514 -4724.5908 -4741.3545 -4636.249 -4673.0298 -4759.792 -4703.917 -4697.9268 -4744.4629 -4723.439 -4763.769 -4757.5796 -4694.9941 -4645.8184 -4641.0259 -4657.7725 -4701.2798 -4691.2983 -4632.1978 -4629.6431 -4667.2036 -4734.7344 -4785.3149 -4647.5615 -4517.9849 -4505.0166 -4566.1909 -4622.3862
-4773.0229 -4727.9287 -4707.8999 -4748.0156 -4680.1304 -4643.8608 -4620.5781 -4591.5894 -4640.6274 -4639.2251 -4618.2065 -4683.8896 -4645.0435 -4625.1084 -4640.5669 -4666.5103 -4637.4399 -4664.9531 -4649.6831 -4650.7021 -4671.147 -4533.8452 -4480.3467 -4518.7402 -4613.2803 -4557.2319 -4391.957 -4527.3989 -4622.9819 -4471.5698 -4523.6177 -4692.5928 -4690.8979 -4655.6162 -4721.0757 -4652.8413 -4677.8076 -4728.4028 -4752.1646 -4830.7773 -4849.6953 -4753.8662 -4682.8628 -4692.8071 -4700.6938 -4702.0327 -4715.3579 -4703.7891 -4669.7612 -4643.688 -4650.6812 -4676.0889 -4589.3296 -4551.0479 -4575.2505 -4568.6147 -4509.2256
-4772.7856 -4797.3916 -4767.2285 -4809.2061 -4750.8701 -4685.8828 -4663.3291 -4655.2378 -4638.9385 -4605.2266 -4665.2549 -4731.9883 -4632.019 -4566.6611 -4542.564 -4657.7944 -4712.8623 -4617.5742 -4574.7163 -4573.4771 -4537.3242 -4489.8013 -4366.7651 -4431.3613 -4538.1523 -4507.0684 -4385.9263 -4594.3701 -4652.1064 -4576.2251 -4642.6685 -4735.4385 -4751.377 -4724.9653 -4723.5273 -4654.5596 -4649.8936 -4711.3057 -4776.2939 -4834.4961 -4852.1167 -4767.0747 -4731.1616 -4783.854 -4795.9194 -4724.7393 -4728.938 -4732.0283 -4642.0786 -4580.9141 -4587.5137 -4578.189 -4529.498 -4493.9531 -4533.751 -4588.3721 -4547.7607
-4701.4028 -4733.2163 -4699.124 -4731.6982 -4718.6431 -4668.6743 -4628.5576 -4660.0298 -4634.812 -4619.4258 -4656.8691 -4643.2935 -4624.896 -4581.6929 -4551.3799 -4634.4775 -4708.8252 -4687.9502 -4657.0601 -4633.4531 -4548.0503 -4503.6465 -4384.3198 -4450.8911 -4474.9429 -4529.2046 -4548.4893 -4585.6499 -4591.1782 -4755.6929 -4876.5112 -4785.5093 -4677.1118 -4611.7153 -4667.2671 -4681.8159 -4595.1445 -4670.5239 -4765.1768 -4745.9351 -4743.707 -4727.7754 -4725.9556 -4782.1226 -4778.3438 -4710.6445 -4693.2803 -4651.1362 -4635.8965 -4646.9912 -4609.6167 -4526.5337 -4489.7183 -4486.0078 -4552.1235 -4683.5303 -4637.1367
-4601.9526 -4634.8564 -4590.3394 -4640.1646 -4716.1816 -4685.1768 -4612.1079 -4615.4961 -4592.877 -4609.9951 -4612.4258 -4583.7334 -4661.7642 -4612.3794 -4526.9766 -4569.7261 -4645.3364 -4693.3262 -4832.5952 -4930.626 -4770.1714 -4549.981 -4439.8911 -4560.2158 -4539.4746 -4496.9209 -4568.0757 -4547.6177 -4474.7334 -4580.3716 -4780.0254 -4784.5547 -4613.4023 -4439.3618 -4576.606 -4668.8623 -4611.9111 -4613.7974 -4727.8667 -4740.6421 -4715.5151 -4748.1494 -4749.2944 -4811.6304 -4807.5327 -4723.6973 -4687.3179 -4630.4399 -4617.7627 -4669.4458 -4623.6377 -4502.6382 -4493.9321 -4540.5269 -4564.0122 -4593.6089 -4534.5063
-4505.6646 -4500.0581 -4547.7827 -4607.7173 -4643.1133 -4583.5693 -4557.3872 -4566.4175 -4565.6001 -4586.4629 -4622.3149 -4614.626 -4648.5244 -4641.877 -4622.8511 -4612.7256 -4689.123 -4699.167 -4762.2075 -4913.8057 -4874.4829 -4683.4907 -4554.2427 -4562.5474 -4546.7896 -4509.2402 -4543.0527 -4544.0264 -4518.0313 -4544.8052 -4672.2441 -4657.1147 -4519.7188 -4519.9429 -4584.8003 -4545.6519 -4569.4883 -4557.1138 -4636.8462 -4760.1606 -4836.4131 -4830.1553 -4737.8809 -4786.8291 -4811.4082 -4710.5229 -4639.0444 -4628.2505 -4560.2734 -4564.7979 -4578.3452 -4596.1523 -4649.6362 -4631.4233 -4588.4966 -4538.709 -4472.1621
-4486.3784 -4465.5815 -4523.605 -4562.5957 -4576.9028 -4530.7817 -4563.334 -4566.749 -4569.7827 -4569.0029 -4546.1235 -4580.645 -4603.5713 -4590.6772 -4660.1665 -4652.5146 -4655.002 -4612.374 -4645.1895 -4838.9463 -4807.6548 -4631.9189 -4630.915 -4702.2461 -4661.2949 -4624.8975 -4577.5327 -4544.7227 -4576.1626 -4612.4722 -4675.7114 -4710.3706 -4635.9854 -4592.4829 -4635.0864 -4540.208 -4570.4443 -4652.3291 -4690.5566 -4721.6846 -4771.3442 -4748.0176 -4666.9219 -4704.8613 -4765.1738 -4709.2178 -4610.187 -4605.4912 -4595.5269 -4598.0332 -4564.1484 -4598.4678 -4636.5532 -4583.2427 -4593.8579 -4596.7451 -4479.3853
-4516.4287 -4509.041 -4568.0142 -4575.6968 -4560.4214 -4534.521 -4576.3296 -4588.9316 -4550.873 -4535.1304 -4546.9526 -4568.4849 -4571.6841 -4575.1216 -4700.9209 -4724.7529 -4621.9976 -4573.9951 -4627.0874 -4768.9141 -4657.5264 -4567.0005 -4690.3042 -4754.1768 -4704.2256 -4578.9609 -4585.5225 -4604.8853 -4628.7427 -4595.877 -4655.083 -4678.0928 -4568.2046 -4560.7939 -4672.6875 -4663.667 -4566.7969 -4623.1758 -4758.8555 -4720.4829 -4661.9648 -4642.4946 -4606.6431 -4568.4365 -4603.2603 -4637.7124 -4604.5151 -4582.5059 -4581.7988 -4599.7056 -4591.7813 -4611.876 -4646.645 -4597.7856 -4603.6475 -4660.6968 -4586.3325
-4485.876 -4497.4951 -4551.3359 -4554.5645 -4560.8911 -4527.8018 -4519.6714 -4548.2642 -4566.2251 -4600.1548 -4608.2485 -4579.4858 -4579.9995 -4630.3423 -4721.1089 -4779.312 -4766.2915 -4730.7969 -4691.5034 -4660.0376 -4628.2256 -4716.3188 -4775.896 -4735.6636 -4711.7778 -4570.9517 -4664.7178 -4679.5898 -4686.1392 -4612.6973 -4631.8818 -4580.6182 -4552.3325 -4608.6787 -4630.3408 -4638.6211 -4535.9854 -4579.7856 -4739.8818 -4675.4077 -4597.4243 -4622.6323 -4588.5405 -4496.5337 -4506.0654 -4603.3652 -4642.0605 -4629.2744 -4597.9634 -4574.3442 -4560.624 -4588.7935 -4659.8872 -4608.3721 -4510.8589 -4565.9219 -4609.5889
-4490.3481 -4493.8579 -4523.1118 -4529.8975 -4572.2266 -4544.3516 -4508.9297 -4535.353 -4595.7383 -4627.9502 -4563.6187 -4555.2886 -4576.4453 -4589.3887 -4657.9326 -4725.8076 -4791.4404 -4800.0317 -4719.959 -4655.0771 -4695.7891 -4766.6782 -4764.7446 -4728.3125 -4766.0869 -4729.6387 -4730.8633 -4673.9448 -4715.0313 -4685.7168 -4672.0371 -4655.9453 -4709.8599 -4686.2222 -4635.0928 -4623.3467 -4542.103 -4572.1133 -4666.1079 -4644.0508 -4599.0981 -4629.063 -4632.2329 -4537.2651 -4547.7876 -4614.6714 -4599.0664 -4584.1519 -4537.8374 -4538.3633 -4576.373 -4632.3662 -4666.5376 -4581.0889 -4494.3535 -4550.5122 -4610.2651
-4494.5879 -4481.3154 -4516.9321 -4548.9639 -4595.2769 -4577.1182 -4571.8247 -4593.208 -4620.8145 -4627.9009 -4528.7856 -4532.6196 -4599.521 -4581.7568 -4575.4404 -4626.3198 -4703.2554 -4728.7246 -4664.3506 -4658.2134 -4724.6563 -4750.3125 -4820.7866 -4781.1162 -4785.3794 -4761.772 -4685.4272 -4671.1802 -4732.2251 -4718.7222 -4665.0454 -4748.6084 -4790.2417 -4688.1055 -4671.1377 -4673.647 -4616.2646 -4618.7285 -4636.168 -4631.1616 -4610.438 -4645.6011 -4642.0415 -4528.7036 -4524.6392 -4586.8438 -4584.2988 -4551.312 -4494.1748 -4518.8462 -4580.939 -4633.5791 -4624.3516 -4483.686 -4432.9033 -4545.2788 -4570.8379
-4506.4805 -4511.9961 -4552.7632 -4588.3667 -4622.2539 -4602.9233 -4584.144 -4584.999 -4623.5566 -4672.6523 -4548.0586 -4508.5591 -4563.5762 -4566.3193 -4539.5713 -4573.4312 -4648.7534 -4669.7334 -4612.1328 -4621.8154 -4708.3721 -4744.7505 -4815.4097 -4783.5366 -4756.9126 -4778.4561 -4711.2583 -4718.2729 -4716.8359 -4622.3203 -4536.0361 -4745.2417 -4795.0469 -4711.5781 -4712.8555 -4708.7847 -4634.6348 -4629.4268 -4670.8608 -4687.8311 -4641.502 -4634.1929 -4630.5347 -4536.0488 -4490.3491 -4541.2993 -4563.7783 -4516.5669 -4470.6226 -4517.002 -4578.0566 -4596.5562 -4580.3125 -4474.769 -4432.8828 -4518.2495 -4520.6147
