Resources/Map/Lvl0_30x30/Ele_CH.asc
ncols         335
nrows         335
xllcorner     3405000
yllcorner     -25000
cellsize      10000
nodata_value  -99999.0
[rows 162 to 188 of 335, columns 0 to 59 of 335]
608.7814 618.1786 587.7629 556.9095 542.1428 557.2926 528.8036 501.7104 500.254 467.7053 426.3908 406.6167 395.5585 403.0706 421.4084 409.255 437.2213 459.8209 437.182 410.1634 381.0399 367.6483 369.0434 369.4642 376.0244 378.6702 378.691 385.0214 388.2442 394.2758 417.0101 429.2091 427.5503 414.763 421.8445 432.2603 432.5247 441.268 458.6302 455.4005 456.157 459.4619 458.7574 472.8803 488.2065 501.6454 517.4285 529.9732 506.8486 492.6278 495.4961 497.6017 480.5737 468.1156 455.8222 448.4138 447.1581 439.7148 450.4294 457.1278
567.8406 551.8571 540.3724 535.4044 528.3614 526.5497 542.5461 512.7457 484.4927 456.4471 429.8676 418.9517 404.7308 411.429 404.752 418.9234 434.0085 441.2808 417.513 392.9451 375.9752 367.5066 380.328 375.3787 380.0996 377.5884 382.2527 386.5865 383.2574 384.7646 393.3833 409.8881 400.0989 414.7788 418.3478 420.0632 426.3304 436.1772 448.8113 453.5187 447.0534 453.4666 463.6614 475.5367 488.8385 500.8249 526.2198 542.4839 525.1284 508.2935 515.0799 505.0695 490.6221 477.3497 469.2701 454.1562 452.5651 451.7106 445.1109 450.6221
521.3468 536.2729 519.8389 518.8566 497.7091 506.8379 507.2 504.711 486.957 464.3491 466.6752 449.0843 432.3199 444.0528 442.2259 422.691 454.3767 440.0779 412.6057 378.6235 377.6324 371.5096 372.9765 379.6408 380.3227 380.8742 383.0227 385.039 384.3549 381.4523 384.694 393.2365 399.5842 426.7648 410.6957 410.7201 414.1778 428.903 449.0751 439.9221 448.5329 451.5712 462.0842 472.0916 487.6539 499.8136 519.0766 538.1555 531.4754 520.7114 523.8423 512.5176 491.9055 481.136 471.0639 461.6699 468.0844 457.4176 456.9266 442.0793
485.6138 512.8231 485.6766 489.6939 475.2445 502.9702 485.7333 479.4417 469.5302 436.1174 433.1216 446.8068 461.3099 458.9393 446.3544 441.9183 421.7538 413.5369 416.5419 387.9565 377.4362 378.2222 379.1277 383.0574 383.6117 383.2928 383.5079 386.5494 387.8446 386.382 382.9004 389.9828 396.6381 401.5915 403.6318 405.1582 413.4982 421.904 429.143 436.0424 439.4237 446.6623 461.1263 477.9345 490.3346 508.2932 524.9005 542.9347 554.1014 539.621 541.5502 516.7317 501.9573 491.8064 480.6707 475.4582 466.2191 461.9951 467.6172 447.4139
467.3266 473.0631 463.06 463.1208 470.5573 471.3801 470.7092 457.1014 452.9814 433.929 419.0969 425.9936 434.2538 429.1937 423.5507 416.3187 406.9688 391.7207 400.3383 379.8459 370.6351 374.675 376.8055 385.1177 383.688 385.9211 381.8595 387.1665 385.1169 385.7155 385.2825 395.0506 408.6725 421.4198 417.8526 414.86 415.8809 420.8276 424.975 437.0466 442.2146 452.0606 460.0391 468.6229 491.2878 509.4568 531.856 540.4912 559.6996 563.0743 549.3237 534.8455 516.5681 505.4395 505.0534 475.0584 466.2309 468.5264 470.1063 466.1469
473.9781 458.8929 449.6875 442.8655 457.5044 447.759 460.2394 446.5485 438.4078 439.4005 427.846 407.6577 416.3805 412.5872 410.746 402.5732 396.1251 389.2372 370.7952 371.6772 369.4832 376.2102 373.7963 380.0683 383.7521 385.2851 386.0662 382.4616 387.9839 384.5814 387.4801 391.8494 411.4749 434.4153 447.6309 436.1616 421.6845 420.3916 428.7281 439.2156 447.6966 451.5811 461.1825 472.6035 485.9669 499.8335 520.355 540.0459 544.5136 551.656 569.1157 544.7711 526.1266 501.7318 490.345 479.2824 473.679 472.9259 475.7133 475.8329
469.8759 472.138 463.1661 450.5244 438.6603 442.1401 440.8553 431.6714 427.0454 421.1845 425.296 400.6978 394.9739 394.0127 397.3015 397.6294 384.1123 370.9689 371.4023 376.1447 370.9428 373.2975 377.5296 382.9194 384.8661 383.9763 385.2799 392.4036 390.6086 393.6653 389.2028 394.8436 410.6032 425.5347 451.5091 447.3451 431.7599 429.5898 435.5452 447.7278 457.3622 463.2625 459.5924 477.1949 489.1499 502.9922 531.8149 527.8085 528.96 545.5243 563.725 545.0626 528.5411 513.4718 498.1874 487.326 484.0178 479.8018 481.674 486.2126
439.9943 447.9525 442.9472 433.5366 441.6746 431.9856 427.8799 422.3202 416.1632 411.8427 404.2678 398.7525 391.1143 388.5176 387.0627 389.9749 376.9564 377.3615 374.2885 378.1083 377.1532 376.5535 381.7118 383.7646 384.5429 381.5308 385.3109 388.5371 392.3583 392.3664 394.8513 397.9345 423.9832 416.0163 431.6313 436.2964 431.2422 432.5909 443.9672 452.0906 456.1179 454.3585 460.7483 475.9034 484.44 501.869 513.2656 513.6623 526.1226 541.4386 563.8464 547.2972 525.291 516.1345 502.8737 494.1051 490.3313 485.8999 483.4253 497.8694
441.5626 432.8145 424.2941 422.3022 422.3752 430.9272 422.4212 417.795 412.8524 407.3302 417.2122 408.4503 397.1581 389.1693 382.5496 389.9359 373.5828 373.8656 377.7188 382.6224 382.3085 384.2601 383.5135 379.3939 388.0647 390.5526 391.9474 390.8896 391.5583 395.9507 397.4957 394.842 408.1381 404.9667 413.6903 417.0273 419.481 422.8557 436.5308 442.0558 443.9063 444.9742 457.589 471.5322 474.9089 489.9212 501.4673 507.7238 526.8694 543.0283 576.0573 557.0611 540.4492 521.8762 509.5534 503.6366 503.0923 498.5532 488.4409 493.2609
445.5097 441.2795 429.6588 424.9325 422.0081 416.6072 414.8261 415.0053 426.1088 426.8523 412.8978 416.7281 399.968 384.8676 385.5049 388.9075 370.1168 377.8489 380.8585 384.7932 386.9926 389.1612 388.516 380.1268 384.5592 392.2154 394.2773 393.3438 394.342 395.4322 397.2189 400.3875 402.3136 399.0404 401.9355 406.977 413.4043 413.1251 425.6404 431.0459 437.3913 442.3255 454.3958 463.6724 471.3979 487.3317 492.6082 506.914 519.4167 537.171 559.5936 566.6553 541.1978 524.6121 520.4008 515.36 522.7108 512.8641 498.9144 494.5034
450.7875 441.4439 432.7026 426.6929 419.4492 419.6249 411.2995 406.5376 411.8564 420.8047 424.8969 411.6473 396.5839 385.0331 390.1042 389.1406 372.7639 379.7014 380.8344 381.5596 384.4959 383.8552 383.8952 379.0158 381.4144 378.954 386.4514 388.0995 393.3116 395.6086 397.5005 398.1506 401.4525 404.0705 407.2199 413.9809 413.3373 414.6051 422.8396 429.6016 434.9764 443.4841 452.2462 460.1517 474.8419 497.8057 505.5663 503.1908 515.3959 529.9637 554.1181 561.4921 549.3604 538.113 543.1805 537.0619 540.1295 513.7308 486.2833 507.2708
452.5985 443.108 434.3244 423.4 426.6606 421.2054 412.2368 401.1949 396.5202 401.0088 404.9441 397.8184 389.2733 389.6033 398.1643 392.6601 382.2567 371.0649 379.4081 378.4532 376.8793 381.2559 381.2966 378.9439 380.0896 385.6712 390.9828 398.3713 401.3031 401.3315 395.5332 405.6188 405.929 400.7558 402.1292 404.6023 407.0835 413.7684 420.3251 425.3661 432.3643 438.2097 452.8588 460.8933 478.3055 496.0785 513.4698 525.8603 524.9282 537.1136 548.7973 562.293 561.7502 569.8556 566.4493 565.323 535.4202 519.2872 499.8502 505.8915
454.3661 443.0428 429.2705 434.4344 432.9126 421.6635 415.4196 406.5689 403.2703 397.9141 395.9063 384.9209 391.9966 391.6578 403.8806 391.9783 392.8893 377.2086 377.4534 382.3301 384.8443 381.9085 385.6091 387.6487 391.9357 382.5936 394.5655 411.9489 405.0469 402.8476 400.9205 404.975 406.2153 402.5781 401.9977 402.1736 405.9114 409.0566 416.8605 422.1098 430.4186 434.8172 448.6431 462.7011 484.2499 493.0596 504.3898 522.8439 519.2638 520.2719 528.5919 546.7519 573.4685 602.8415 599.2079 583.8062 553.9723 523.4649 508.002 496.1607
451.0885 438.9399 439.1114 442.5398 432.3565 422.6376 415.4756 407.482 405.834 402.9933 408.1405 402.1996 398.214 400.4455 404.1827 392.8176 383.6536 375.0409 376.0985 382.6591 383.1622 383.8258 385.3168 390.8089 387.2768 386.411 404.8171 436.8668 427.9496 412.2048 405.9519 407.7786 403.7238 403.7387 403.7142 409.4764 410.3084 409.708 411.4333 434.0369 442.9117 423.8202 445.4536 461.0094 482.4751 489.1043 488.8059 495.9468 502.5806 509.2883 517.6562 535.399 569.7303 618.4723 623.7697 584.2104 557.2479 544.6904 524.8107 494.5239
453.6323 444.0212 445.4691 444.3179 438.9045 427.0136 421.0026 412.734 405.7029 414.8657 405.4256 409.5887 404.735 407.2306 408.2024 400.421 380.3449 374.4709 374.4501 379.7831 380.8913 385.1397 385.9827 390.4284 390.7053 392.33 405.7999 431.2901 437.9605 429.1199 412.3121 406.8835 406.4474 400.6714 408.212 410.9367 410.8279 411.537 410.7402 406.8996 409.1043 426.3269 437.5302 452.2893 462.6514 465.5461 473.9413 488.938 489.6019 498.0428 514.2275 535.9031 564.7767 614.926 617.3126 578.6351 559.5736 543.9725 536.8018 528.0124
451.3935 449.9802 447.567 445.8515 440.2273 429.9414 421.9593 415.6257 411.5595 419.2552 404.8647 414.9616 409.3354 413.2614 410.4931 397.3016 379.4805 378.7771 377.3009 379.4563 376.3258 382.4873 383.3167 390.7133 382.0356 391.912 412.6481 438.3035 463.6761 438.7913 419.4077 416.535 405.3831 405.5623 407.4156 407.9648 410.8981 411.4441 411.3552 414.8268 413.0408 420.6104 429.5962 439.6904 452.5472 458.5321 468.8135 474.5814 488.4962 505.9204 515.5023 536.2421 574.4404 618.1837 629.5001 582.4208 562.2598 561.4523 551.0439 544.9307
451.9254 452.5505 448.2852 445.9175 439.9961 431.232 422.7075 418.7294 416.6171 418.1736 411.6488 413.7114 410.7798 413.3619 409.35 395.1205 381.3767 381.0171 377.8609 374.9863 380.4142 380.0327 384.1597 388.6862 386.5367 397.5814 412.464 426.0307 441.2882 444.367 427.1648 424.1869 409.5343 405.5927 410.5033 408.0506 408.8026 409.9894 414.3766 416.0813 409.1076 420.7564 424.948 438.946 447.5217 452.5407 462.3484 472.1674 479.5836 491.345 510.2451 529.2733 555.066 597.0574 644.8609 612.7515 582.8048 577.113 574.5776 554.2582
454.7834 458.8171 456.1209 447.4819 439.625 431.236 423.6135 421.0066 420.809 416.8544 413.3102 416.7692 409.398 412.1291 407.0901 394.4503 384.1537 382.7008 377.3641 373.7413 374.2448 374.9711 379.4305 383.0837 385.1587 400.7843 416.2203 427.1436 440.243 448.5523 449.2376 438.8104 414.4467 405.8932 413.7079 412.1565 414.6593 409.6464 416.3603 412.5588 415.0329 418.766 422.605 438.8095 442.4565 451.966 465.801 482.9184 498.1515 494.0067 514.084 538.2558 563.0096 569.6753 604.5998 611.5748 613.6192 600.3289 597.5442 566.5678
466.9116 462.7942 461.7365 449.5014 439.9418 434 427.5907 423.6496 424.337 418.3326 418.8792 417.7047 411.54 409.8248 404.8454 395.5489 383.9143 384.5298 381.3103 375.6075 374.2573 376.2128 372.0322 374.5266 382.7034 397.3408 413.6638 429.1406 445.4373 464.0602 452.6076 431.183 414.3348 409.4636 413.9453 415.856 417.5474 415.2292 412.781 415.6149 416.5162 420.6959 421.1754 428.3314 439.097 452.0397 468.1153 495.2755 520.0403 518.3444 533.2405 556.494 543.8427 547.6601 554.9868 574.5674 621.1342 637.0272 606.3617 588.1009
474.0708 471.687 462.6877 452.2338 442.7798 436.7008 430.705 426.6163 424.2827 423.9697 420.8748 418.9117 411.0672 408.8955 405.7486 395.2285 393.8573 389.7319 383.4872 379.1345 375.7657 373.2656 375.0247 370.9522 389.7857 407.0409 414.7295 424.5538 447.1748 475.5352 448.8579 438.0683 427.2377 416.9076 419.2828 417.3601 417.9977 415.7945 416.3958 417.7406 420.4039 421.1548 421.1852 428.097 429.579 443.2408 464.7021 480.5999 512.5496 548.647 561.1367 534.4549 538.1062 521.7547 533.0243 565.3051 589.9467 649.238 646.5947 630.9795
481.7729 471.9062 463.1975 456.3061 447.4694 438.7794 434.8692 430.226 428.4698 425.201 422.7251 417.8482 415.2237 410.4219 408.2075 395.9325 392.1228 389.834 386.2365 381.6134 375.2675 375.5191 376.089 373.7993 391.1454 417.4829 423.248 429.3053 442.8642 454.615 459.8952 448.3971 433.159 425.5384 422.9591 419.2982 418.0147 418.7074 416.4317 418.2383 421.3353 420.824 424.6062 432.2579 434.5238 447.8572 457.8016 468.3228 504.4199 534.4673 537.657 508.3451 508.4085 505.7882 506.4227 524.6031 559.3482 606.777 661.7295 662.7898
481.34 470.328 460.8759 456.9427 447.331 441.8298 437.9784 433.5914 431.809 427.7595 428.028 422.7022 417.2381 414.0718 413.6198 396.1217 394.756 393.4592 385.1951 383.1854 379.7774 373.3972 373.0145 375.9078 403.8696 409.695 419.5572 433.571 443.424 437.0665 435.6514 435.4714 441.4595 431.7361 419.6581 418.4973 414.3073 420.4513 413.7537 421.2242 424.6991 423.6416 428.8343 431.541 430.775 440.6323 448.1489 461.7025 485.4925 520.4523 534.2353 489.9942 488.257 488.064 494.1971 509.1593 530.2986 563.5771 606.8505 680.0989
485.8565 468.6545 465.0148 461.9953 451.9193 443.8368 438.7407 434.6618 432.2708 428.4924 427.1946 423.9957 417.4722 414.0632 408.1842 400.049 395.1903 393.737 387.7549 384.4028 378.1374 378.451 377.686 377.785 389.5982 403.3799 415.3632 429.6054 425.925 420.7224 422.0462 421.5978 434.9835 440.9187 423.0127 425.3935 424.5998 422.8979 420.9836 417.2435 422.9603 423.3665 431.0042 431.4549 434.9968 437.709 438.5711 455.8708 470.3678 489.6362 501.0385 479.4096 471.696 476.9467 483.224 497.7762 515.6047 537.3561 594.9496 654.5809
493.8721 477.3984 468.7717 463.0269 454.2452 446.2908 441.2869 437.9365 431.7332 428.3737 427.2621 425.6629 417.3486 413.429 413.0063 406.3051 398.361 395.3217 392.3257 389.807 384.3541 376.5761 374.0659 371.2637 400.3107 400.8144 409.4526 417.8735 411.8572 416.5971 415.8343 416.4765 430.3467 429.4487 425.6659 423.2122 426.5402 426.887 425.9587 424.9569 427.6875 422.4485 434.3771 434.3866 436.7169 439.7102 443.8833 448.9094 457.6872 468.3375 464.6855 461.3252 463.3494 469.2949 483.2706 490.25 505.4038 530.5409 566.7414 637.9554
499.5612 480.7989 476.1877 466.4541 459.0248 451.8638 445.8768 441.8541 436.3404 428.7346 425.951 423.3392 416.9328 415.9135 411.5092 410.304 400.8415 397.8343 391.8072 389.331 382.0896 379.365 370.5315 371.6529 378.3888 387.3093 399.9787 382.1167 403.3784 406.8544 406.0754 414.2376 428.4811 427.9806 425.5767 422.8095 427.4899 424.9106 424.8385 428.2582 427.0734 427.8494 436.3247 435.3977 440.2665 442.2209 445.4337 447.2609 449.7734 453.5905 460.5625 457.7839 462.9988 469.7631 472.2344 483.6865 503.085 528.1183 570.8376 651.2171
493.1039 494.7953 478.3575 470.2308 462.1299 453.394 448.5742 443.3723 437.4645 432.1563 425.5101 421.0828 414.7957 413.0615 412.4514 408.0241 399.606 393.175 390.0972 386.7642 387.851 380.8133 375.5326 370.9444 375.7445 382.2545 388.7922 389.8082 397.6435 401.8211 407.9445 422.2968 429.1556 429.1321 428.1709 426.7038 427.6845 428.7047 428.3734 430 425.6584 434.9555 438.4848 437.7856 441.1418 441.435 445.1926 447.9161 451.0189 454.4786 457.1401 461.0185 462.4735 466.9205 481.1106 497.3264 503.634 532.8156 608.1307 735.2151
510.0381 498.8518 489.1528 476.8459 460.1516 451.287 446.1263 440.449 433.96 431.854 425.9915 422.4402 418.9764 416.5551 414.1185 406.5856 403.5744 396.8376 392.6829 390.6087 386.7046 383.0347 376.8222 376.1145 377.9107 378.9102 389.9316 409.3163 409.7813 416.6339 428.6703 442.8027 446.6881 442.6384 440.4827 431.4426 430.437 429.1347 430.7234 429.8034 428.6552 437.0112 436.5615 437.603 440.1263 440.8979 444.8933 449.0804 452.5562 455.3966 457.5583 462.976 467.1083 474.3943 482.8893 492.7458 515.7245 551.3261 603.1462 652.4857
