Resources/Map/Lvl0_30x30/Ele_BE.asc
ncols         335
nrows         335
xllcorner     -6645000
yllcorner     3325000
cellsize      10000
nodata_value  -99999.0
[rows 260 to 285 of 335, columns 116 to 173 of 335]
-5347.0156 -5205.0518 -5242.7656 -5423.5366 -5384.6885 -5233.9531 -5098.833 -5076.8916 -5109.7725 -5092.7754 -5057.2471 -5102.1777 -5264.5181 -5309.2139 -5318.4438 -5333.5796 -5244.8853 -5069.6519 -4967.9624 -5036.7368 -4960.9805 -4868.082 -4872.0332 -4792.0918 -4896.8784 -5150.834 -5230.2241 -5072.8218 -4834.4658 -4909.1211 -5073.3945 -4890.8184 -4686.7041 -4730.8955 -4785.2695 -4868.3765 -4923.6572 -4950.9521 -5059.3638 -5182.0972 -5286.415 -5376.561 -5418.3149 -5317.9976 -5131.5166 -5071.7935 -5164.7832 -5150.6162 -5009.5889 -4966.4292 -4946.73 -4897.4077 -4794.6714 -4667.6934 -4647.4307 -4702.6499 -4895.4214 -5142.0713
-5371.8438 -5165.1572 -5127.9077 -5297.5483 -5230.7002 -5047.5884 -4915.8364 -4928.5474 -5055.7305 -5121.4155 -5082.8848 -5163.2505 -5324.3516 -5241.4136 -5150.21 -5208.373 -5167.0713 -4924.3052 -4832.7329 -4911.0195 -4817.5615 -4843.9316 -4942.3145 -4786.0029 -4816.0962 -5020.3105 -5105.4595 -4835.3833 -4534.6738 -4716.356 -4752.4253 -4403.3066 -4374.1748 -4571.5796 -4587.1514 -4662.1792 -4750.0796 -4747.145 -4852.4658 -4929.416 -4889.9507 -4899.5366 -5025.9019 -4966.7969 -4713.1528 -4762.189 -4959.8926 -4955.6396 -4879.1919 -4809.002 -4703.4683 -4633.8467 -4541.7046 -4596.646 -4710.1567 -4724.8057 -4700.3105 -4846.5815
-5377.3652 -5349.2124 -5299.2876 -5339.4087 -5261.0933 -5062.5835 -4910.0181 -4947.8833 -5099.1733 -5135.5737 -5086.9287 -5237.4248 -5392.5522 -5151.2051 -4930.1626 -5045.7412 -5196.6558 -5046.6338 -4932.5679 -4913.334 -4829.0508 -4940.9541 -5108.0981 -5010.2002 -4923.7256 -4939.2129 -5073.312 -4954.8364 -4740.1382 -4814.6787 -4716.4526 -4453.2778 -4570.8467 -4751.8232 -4722.1812 -4701.0469 -4661.583 -4637.394 -4725.8018 -4733.2588 -4699.8389 -4754.3105 -4916.6509 -4912.0479 -4726.6221 -4751.1157 -4839.1782 -4865.8799 -4861.2939 -4811.6592 -4793.0205 -4804.9429 -4764.9419 -4867.7607 -4958.0181 -4933.4678 -4766.8022 -4750.3325
-5340.7939 -5518.7217 -5545.5996 -5507.1343 -5395.3086 -5161.6416 -4990.6455 -5048.8682 -5151.9204 -5057.3838 -4964.2358 -5159.1963 -5351.2114 -5152.124 -4824.146 -4951.2397 -5278.4648 -5331.6963 -5311.7544 -5263.4209 -5179.7007 -5169.5547 -5190.2949 -5151.7344 -5100.3174 -5078.9878 -5209.7568 -5212.9316 -5018.9883 -4864.0264 -4822.7476 -4799.7124 -4874.3838 -4942.0239 -4970.5723 -4889.6143 -4768.459 -4779.8198 -4879.2056 -4905.7593 -4956.6182 -5017.1792 -5046.981 -5050.4912 -4953.5757 -4884.5752 -4830.4629 -4862.1167 -4888.1831 -4878.1504 -4949.9146 -5012.5996 -4952.5029 -4874.6416 -4820.0015 -4831.3335 -4836.6753 -4881.063
-5210.6157 -5358.3599 -5473.1611 -5498.3882 -5424.3618 -5278.356 -5195.1245 -5235.7847 -5166.5078 -4885.5513 -4738.1045 -4971.4819 -5247.792 -5167.9351 -4985.2056 -5140.5459 -5325.498 -5394.0674 -5446.4375 -5423.4019 -5379.8667 -5315.7769 -5222.8901 -5154.1113 -5134.4033 -5211.0542 -5256.8652 -5218.8413 -5086.1855 -4910.7397 -4890.1563 -4925.8755 -4913.1328 -4916.2983 -4939.562 -4866.5591 -4853.2803 -4908.4375 -4933.2744 -4872.0986 -4864.7725 -4942.7153 -5021.9717 -4948.5791 -4757.7622 -4695.4878 -4627.543 -4586.6104 -4646.2124 -4837.4297 -4941.3706 -4884.002 -4793.0376 -4693.6201 -4595.0767 -4636.7397 -4795.6147 -4919.0264
-5220.9736 -5231.7607 -5293.6841 -5327.5244 -5387.9634 -5435.9463 -5393.668 -5294.4971 -5178.2305 -5013.0005 -4954.5234 -5125.1025 -5312.9028 -5290.272 -5234.9038 -5302.0752 -5320.8428 -5305.9839 -5338.0054 -5297.563 -5133.6719 -5135.7241 -5129.3301 -5032.4707 -5000.9292 -5138.6821 -5146.7637 -5095.9263 -5047.8628 -4967.6357 -4958.6206 -4995.7725 -4969.5181 -4927.1724 -4889.7114 -4850.3076 -4907.3037 -4917.7783 -4848.1118 -4759.4912 -4768.3481 -4921.5195 -5096.5303 -5023.2114 -4831.9243 -4761.1055 -4727.1245 -4753.7778 -4827.4268 -4950.3218 -4944.1006 -4818.7065 -4754.229 -4725.1064 -4708.6621 -4757.9688 -4823.8911 -4889.5854
-5255.2739 -5228.3203 -5208.3379 -5162.5981 -5269.7095 -5363.3521 -5306.9341 -5177.7432 -5165.2358 -5261.5464 -5349.4878 -5395.7568 -5395.7012 -5331.8564 -5283.7144 -5318.0356 -5293.0254 -5232.2578 -5205.6611 -5114.6914 -4835.3247 -4891.0552 -5005.0127 -4981.0796 -4930.3071 -4987.27 -4960.5732 -4939.395 -4888.0117 -4863.9121 -4872.0933 -4887.6206 -4991.5254 -5022.3345 -5030.165 -5067.1611 -5064.2822 -5022.5723 -4994.8833 -4986.7773 -4992.4878 -5078.0029 -5217.9175 -5183.8052 -5017.8315 -4974.7222 -4988.439 -4988.4316 -4995.874 -5021.3047 -4960.6509 -4879.0923 -4844.8853 -4787.8516 -4763.1899 -4789.5107 -4762.1362 -4787.9082
-5188.3301 -5177.4341 -5126.4619 -5083.1416 -5219.2256 -5269.5688 -5190.9131 -5131.4058 -5148.2656 -5266.7437 -5292.9985 -5277.0767 -5286.9443 -5284.7871 -5207.6055 -5132.8491 -4857.0605 -4919.9976 -4981.8535 -4829.3833 -4740.4688 -4881.0908 -5022.8472 -5053.4238 -4973.3892 -4868.8501 -4836.3701 -4901.9727 -4913.9819 -4974.8511 -4797.4419 -4591.1997 -4865.2646 -5015.2852 -4869.8594 -4844.9561 -4996.0356 -5029.3999 -5050.0371 -5059.4751 -5054.1187 -5106.0332 -5161.6538 -5072.3696 -4915.0659 -4879.7979 -4946.79 -4894.3691 -4787.8955 -4800.9917 -4809.4805 -4776.7705 -4741.3843 -4580.9561 -4427.8818 -4483.2368 -4671.2827 -4831.6064
-5168.7437 -5178.5298 -5160.541 -5188.0293 -5264.0166 -5237.0601 -5158.0132 -5103.7192 -5117.5972 -5183.6045 -5165.9521 -5180.2222 -5188.8066 -5169.958 -5044.2402 -4598.8232 -3734.2522 -3846.4985 -4464.7773 -4752.4722 -4890.79 -4985.7798 -5032.0054 -5019.0396 -4969.7305 -4918.5356 -4959.8911 -4979.2427 -4955.0093 -4991.561 -4772.293 -4656.6714 -4914.1099 -4962.0776 -4604.9331 -4490.083 -4770.5654 -4845.7329 -4877.0103 -4952.0356 -4981.3643 -4892.7324 -4816.5762 -4809.2441 -4818.0254 -4827.9937 -4888.8096 -4809.3662 -4644.0068 -4609.8525 -4599.9951 -4607.3135 -4613.7554 -4565.4258 -4523.4463 -4575.6006 -4719.0049 -4806.6763
-5181.2212 -5178.9355 -5208.3403 -5286.6753 -5252.5571 -5144.4746 -5067.2075 -5050.77 -5123.623 -5161.7754 -5190.3413 -5257.0088 -5193.3296 -5069.0127 -4953.6079 -4416.7114 -3432.488 -3320.8303 -4160.8579 -4876.896 -5135.7012 -5137.8921 -5063.5732 -5003.9897 -4964.3149 -4957.1279 -5017.1567 -4911.3428 -4867.6753 -4972.3174 -4898.9893 -4902.083 -4975.8247 -4899.8223 -4607.5303 -4538.854 -4605.7734 -4572.6489 -4628.2417 -4782.2163 -4794.9355 -4681.5083 -4568.7549 -4588.7109 -4731.7222 -4778.8999 -4768.3901 -4704.71 -4681.3633 -4663.7871 -4641.1729 -4698.4336 -4734.1177 -4757.2813 -4776.2988 -4758.292 -4729.7476 -4732.6631
-5220.5029 -5165.3887 -5180.7979 -5243.856 -5149.6206 -5012.4229 -4959.2383 -5000.3281 -5139.5562 -5179.7954 -5203.7749 -5248.6318 -5184.5825 -5112.186 -5014.6587 -4695.1313 -4333.4561 -4327.8281 -4660.3535 -4992.8262 -5118.0161 -5082.167 -5017.8745 -5020.3652 -4990.856 -4974.1748 -5101.9595 -5025.6411 -4978.1968 -5083.5083 -5006.0898 -4901.6304 -4886.5518 -4823.6685 -4656.4517 -4637.2754 -4572.8286 -4575.2686 -4772.3442 -4899.6099 -4811.9644 -4811.8979 -4759.6665 -4636.9009 -4656.709 -4705.9888 -4643.1045 -4611.7275 -4744.939 -4860.3711 -4887.7539 -4873.1758 -4789.8237 -4674.1704 -4627.6855 -4646.9058 -4666.2183 -4723.5356
-5098.6035 -5173.3306 -5253.7695 -5284.7729 -5212.0562 -5092.4858 -5024.3574 -5034.7437 -5131.1338 -5156.1323 -5101.0029 -5013.665 -5014.8955 -5142.897 -5092.8433 -4899.3491 -4875.2959 -4941.8691 -4955.5098 -4980.5205 -4785.9609 -4686.4019 -4889.147 -5008.8511 -4966.4165 -4978.2778 -5147.9824 -5124.7363 -4973.2266 -4963.9209 -4923.312 -4939.5693 -5012.5464 -4953.9409 -4788.9287 -4743.9629 -4734.9736 -4772.688 -4860.1826 -4882.0059 -4838.562 -4913.2886 -4921.8486 -4815.4443 -4749.917 -4776.0859 -4786.2339 -4795.856 -4843.8901 -4841.6055 -4797.4941 -4788.5547 -4658.957 -4409.1157 -4335.4053 -4459.1113 -4583.2012 -4674.2651
-4694.3198 -5018.3345 -5268.105 -5344.624 -5265.8623 -5089.4468 -4993.4985 -4984.0332 -5004.8149 -4969.2612 -4843.6548 -4403.8237 -4143.3345 -4604.8057 -4915.793 -4882.3599 -4893.6753 -4814.7651 -4655.7676 -4442.0928 -3667.7236 -3548.2783 -4498.2251 -4979.5132 -4975.4707 -4960.7808 -5017.2256 -4963.6475 -4770.5654 -4781.3481 -4877.0205 -4972.5562 -4997.8887 -4922.1733 -4805.5303 -4779.0083 -4738.3423 -4720.3672 -4731.7573 -4766.7046 -4833.6777 -4956.6421 -4996.3701 -4866.4268 -4747.1431 -4737.2417 -4729.6694 -4712.8306 -4659.2129 -4567.958 -4502.4609 -4587.5181 -4619.0522 -4466.3311 -4431.0688 -4570.5493 -4719.7905 -4776.0972
-5018.8726 -5202.0527 -5321.3579 -5329.4097 -5146.4849 -4721.8584 -4447.7378 -4574.7544 -4704.3799 -4695.3135 -4629.8428 -3858.6406 -2848.4653 -3389.2869 -4163.939 -4540.3145 -4754.0718 -4606.7949 -4474.6416 -4254.1118 -3308.2417 -3091.6772 -4204.2144 -4918.3228 -5004.3799 -4997.8882 -4991.1528 -4843.6196 -4689.1704 -4800.7256 -4907.2471 -4913.083 -4868.9116 -4833.4536 -4830.4053 -4790.5254 -4730.3516 -4685.4663 -4679.6924 -4723.5527 -4810.4224 -4891.8882 -4885.7593 -4658.6509 -4449.7183 -4395.1602 -4294.3286 -4190.6108 -4180.2114 -4344.4966 -4470.7866 -4541.1699 -4601.5347 -4565.3149 -4582.7603 -4696.4126 -4791.3989 -4675.3125
-5165.6709 -5169.9072 -5149.1289 -5042.9941 -4846.2896 -4287.0981 -3752.3621 -3877.2131 -4184.438 -4416.1436 -4541.6655 -3746.8213 -2338.7029 -2453.5334 -2817.4194 -3027.1653 -3144.5432 -3340.6265 -4159.3271 -4542.8076 -4253.4746 -4176.4365 -4657.688 -4956.9595 -4914.6104 -4871.0405 -4878.2808 -4743.0381 -4684.0918 -4768.5952 -4802.7432 -4815.9595 -4779.4419 -4736.3726 -4792.8022 -4734.1851 -4642.1074 -4576.6191 -4459.9995 -4307.0747 -4332.2119 -4356.5557 -4395.3403 -4426.3555 -4382.0493 -4392.8989 -4366.5547 -4224.2202 -4092.2849 -4249.895 -4506.3394 -4627.3052 -4657.9541 -4665.7031 -4686.9702 -4703.0254 -4613.1763 -4467.1865
-4925.8735 -4568.2656 -4007.49 -3847.1589 -4161.5801 -4231.6289 -3998.8772 -3818.2039 -3799.7366 -4204.1777 -4435.0625 -3525.8118 -2152.408 -2651.9744 -3321.2173 -2882.969 -1978.9891 -2148.1641 -3643.7935 -4517.8071 -4655.7495 -4743.0337 -4928.8828 -4950.4224 -4866.7534 -4862.1074 -4850.3921 -4816.3647 -4801.0439 -4801.2476 -4805.7046 -4827.7192 -4791.0439 -4688.3848 -4496.2095 -4191.103 -3966.9883 -3868.74 -3803.2878 -3515.0962 -3621.781 -3583.0781 -3914.0417 -4469.8853 -4599.5122 -4605.0537 -4607.5337 -4519.6094 -4366.1157 -4362.877 -4497.498 -4613.5112 -4696.5337 -4747.1064 -4696.9658 -4590.2114 -4519.9287 -4478.7622
-4640.125 -3580.7993 -1867.4114 -1677.5834 -3129.2253 -4302.292 -4585.6865 -4479.9146 -4433.0493 -4578.9634 -4524.603 -3587.8596 -2561.2949 -3410.6736 -4410.6855 -4331.8018 -3586.6042 -2911.2227 -3408.8301 -4457.4868 -4809.8633 -4937.1641 -5034.7388 -4992.7227 -4903.2676 -4886.603 -4889.9731 -4767.0381 -4619.0298 -4746.0601 -4772.8511 -4658.2832 -4642.3003 -4415.02 -3736.2734 -3081.2202 -3068.2407 -3558.0088 -3836.5642 -3858.2471 -4035.9976 -4114.5215 -4373.9331 -4627.1235 -4664.1616 -4662.2046 -4638.5708 -4567.5376 -4540.3618 -4570.7896 -4602.2471 -4655.9424 -4680.9819 -4515.5181 -4288.9224 -4233.1895 -4314.6382 -4383.9839
-4298.2031 -2698.9956 -900.7549 -743.1171 -2074.1184 -3515.439 -4183.9731 -4282.7412 -4441.1641 -4665.2847 -4747.6157 -4389.2021 -3898.8699 -4253.4717 -4721.3242 -4880.4102 -4772.7017 -4020.219 -3649.2063 -4420.3179 -4809.9155 -4937.1357 -4949.7261 -4828.4082 -4727.2783 -4715.6025 -4755.5864 -4606.4375 -4357.5352 -4623.769 -4689.604 -4476.7305 -4566.7563 -4488.7402 -3998.4846 -3545.3596 -3755.9031 -4079.8867 -4226.2759 -4310.9053 -4354.5693 -4413.6494 -4516.7178 -4569.9819 -4522.3867 -4442.1455 -4422.9883 -4469.3745 -4562.5366 -4611.2983 -4638.0522 -4567.8027 -4377.9604 -4069.3733 -3934.5579 -4023.4534 -4045.1245 -4039.2322
-4314.001 -3266.0203 -2399.2974 -2296.7683 -2509.9312 -2840.9966 -3272.6931 -3258.8057 -3253.0918 -3971.7295 -4745.3447 -4875.7607 -4769.8848 -4835.6401 -4901.0273 -4932.6108 -4908.3735 -4714.104 -4432.8594 -4530.5352 -4753.1689 -4815.2056 -4646.2417 -4508.71 -4534.7393 -4638.0767 -4687.4111 -4457.1338 -4294.354 -4630.4487 -4774.7085 -4640.3101 -4703.4541 -4678.3926 -4546.8647 -4403.791 -4370.1738 -4271.9438 -4260.6455 -4365.1318 -4402.957 -4323.541 -4239.1563 -4244.71 -4241.8481 -4165.0977 -4223.3027 -4356.1328 -4476.2544 -4518.25 -4448.896 -4279.5977 -4160.2749 -4087.8835 -4074.2849 -4118.1274 -4087.8645 -4030.7744
-4780.125 -4601.5493 -4380.0244 -4266.4092 -4086.4702 -3875.3171 -4086.0325 -4115.5889 -3796.4104 -4092.2673 -4726.5068 -4921.9141 -4947.2935 -4987.2471 -5027.7422 -5036.4819 -4951.2246 -4849.2168 -4762.7427 -4736.6987 -4840.3101 -4827.6904 -4702.0317 -4662.6011 -4789.0347 -4900.667 -4861.6855 -4734.3481 -4688.8232 -4780.6064 -4813.3052 -4682.3574 -4625.2246 -4595.3721 -4536.0693 -4510.7275 -4468.3901 -4383.9326 -4320.0874 -4337.6226 -4316.3975 -4218.5132 -4123.4834 -4141.3242 -4304.1172 -4373.9243 -4385.126 -4405.895 -4368.8833 -4310.5464 -4260.6611 -4302.853 -4343.0928 -4339.3145 -4271.0869 -4221.2974 -4217.3188 -4319.6836
-5181.4214 -5149.1055 -4915.3564 -4732.6167 -4695.3252 -4725.4785 -4853.9624 -4975.8672 -4922.9492 -4861.2471 -4939.5229 -4992.915 -5018.96 -5082.856 -5045.27 -4943.9985 -4833.4839 -4752.1919 -4686.2749 -4718.4771 -4749.165 -4868.9395 -4999.6245 -5094.1416 -5227.3643 -5096.0093 -4840.0889 -4857.6919 -4863.7144 -4692.3389 -4591.5005 -4460.2603 -4485.7134 -4588.5024 -4564.1138 -4500.9971 -4427.3994 -4283.2046 -4132.6528 -4094.2549 -4038.7095 -4076.2458 -4193.147 -4357.7573 -4524.7246 -4482.4072 -4303.4229 -4219.0713 -4265.7153 -4276.5962 -4300.1191 -4249.7495 -4149.1519 -4140.397 -4161.1167 -4215.0767 -4259.501 -4316.9307
-5260.6431 -5181.895 -5044.7622 -4926.1123 -4830.2402 -4886.8281 -4961.063 -4984.3252 -5013.6816 -5020.168 -5018.9854 -4969.5366 -4898.4746 -4912.5068 -4857.3506 -4739.8179 -4557.6768 -4522.5186 -4524.4639 -4551.8809 -4541.8599 -4784.4326 -4896.625 -4895.6909 -4947.1606 -4568.7563 -3853.949 -3980.6392 -4510.3794 -4493.3701 -4098.1987 -3654.1421 -3808.6274 -4242.6152 -4342.6411 -4236.5029 -4149.1987 -4034.2808 -3991.7075 -4106.9907 -4180.209 -4209.8584 -4307.644 -4458.2051 -4481.0205 -4298.2319 -4155.6235 -4241.0259 -4303.6387 -4230.6768 -4211.2461 -4185.4946 -4190.6543 -4217.5503 -4235.8906 -4255.2012 -4161.4399 -4095.3076
-5087.3657 -5115.5806 -5104.3511 -5058.9927 -4958.709 -4952.5376 -4993.793 -4994.0327 -4993.9795 -4971.9648 -4775.4092 -4516.4614 -4588.3076 -4627.1855 -4411.2686 -4347.2563 -4422.5195 -4411.8066 -4478.2178 -4592.7627 -4600.168 -4668.2764 -4501.4141 -4442.6519 -4606.8545 -4401.1196 -3794.979 -3861.0781 -4493.27 -4571.3159 -3986.6907 -3259.8157 -3301.9463 -3932.9675 -4012.4163 -3768.5671 -3767.6604 -3875.3577 -4020.1697 -4163.5283 -4335.7017 -4351.9399 -4329.3418 -4423.3594 -4415.9819 -4343.9043 -4351.9316 -4379.1602 -4244.2876 -4169.7178 -4266.1553 -4422.8066 -4563.9277 -4548.1187 -4402.6299 -4275.353 -4158.251 -4114.4292
-4877.5508 -4974.6499 -5035.5103 -5062.6138 -5045.4688 -4991.6416 -4939.3892 -4889.3896 -4865.603 -4836.2163 -4597.772 -4334.9434 -4454.8008 -4548.6426 -4283.0059 -4216.0815 -4386.4263 -4433.0503 -4563.7002 -4701.5635 -4628.2056 -4477.6807 -4190.0142 -4204.3271 -4539.1055 -4698.5767 -4661.0513 -4710.7295 -4829.0859 -4829.8213 -4591.3926 -4235.3701 -4160.3306 -4330.1909 -4184.916 -4153.8569 -4440.3447 -4571.0962 -4619.1855 -4637.4468 -4673.8535 -4574.603 -4450.8662 -4497.4927 -4466.3408 -4398.0142 -4417.3408 -4351.9707 -4199.4468 -4187.4897 -4265.4995 -4381.9233 -4522.5024 -4576.979 -4545.7393 -4528.9629 -4499.4419 -4413.6602
-4679.3135 -4638.3672 -4773.604 -4925.9399 -4851.2588 -4700.8926 -4631.5708 -4613.8613 -4657.5029 -4739.7432 -4642.3809 -4363.7495 -4292.937 -4533.1851 -4641.481 -4580.7031 -4491.9336 -4469.3501 -4619.0195 -4654.6533 -4585.7798 -4532.7314 -4450.7739 -4659.1792 -4879.4277 -4921.5928 -4949.0088 -4978.2017 -4965.5889 -5005.6802 -5060.1958 -5056.9434 -5050.3218 -4983.0337 -4840.6392 -4885.1304 -4997.9756 -4942.0996 -4984.708 -5063.3926 -5000.7109 -4790.7095 -4628.5044 -4807.335 -4914.5503 -4837.9141 -4786.3198 -4774.7134 -4722.8364 -4703.2178 -4565.8418 -4419.1509 -4401.8042 -4420.4131 -4397.1748 -4475.7388 -4544.5801 -4447.6909
-4800.5957 -4642.1689 -4674.7856 -4807.6108 -4739.8354 -4660.3525 -4644.0815 -4625.5537 -4679.1133 -4773.9746 -4661.6216 -4412.8374 -4327.9517 -4570.0205 -4832.3755 -4872.8203 -4765.5713 -4726.8628 -4887.5142 -4870.5107 -4864.5698 -4985.2783 -5025.6841 -5140.2705 -5199.1118 -5206.1079 -5107.8818 -5014.9023 -5132.2358 -5150.0308 -5055.0723 -4988.3252 -4883.8174 -4819.8003 -4666.2637 -4574.1943 -4657.6782 -4662.2432 -4767.8896 -4894.3408 -4887.1201 -4738.6064 -4606.8076 -4626.5581 -4694.4771 -4612.1265 -4501.8115 -4610.3447 -4820.2656 -4927.6895 -4877.0137 -4797.4448 -4731.8945 -4650.3271 -4564.8027 -4575.2539 -4550.4307 -4389.2339
