Resources/Map/Lvl0_30x30/Ele_CG.asc
ncols         335
nrows         335
xllcorner     55000
yllcorner     -25000
cellsize      10000
nodata_value  -99999.0
[rows 84 to 111 of 335, columns 63 to 125 of 335]
890.929 964.235 976.8474 767.8989 748.9451 720.1359 769.7893 808.8402 780.9785 888.6217 843.0762 774.1564 793.6221 756.2629 738.485 708.118 715.7507 715.8374 738.0162 848.5178 803.0876 751.116 797.9709 829.7793 801.8667 773.1365 762.3078 745.1909 736.3231 733.283 703.2571 704.4686 690.4053 684.469 661.6641 665.7181 663.4396 665.2744 646.6371 656.3276 649.9612 687.636 711.7108 684.1682 661.659 655.8491 632.8959 624.61 639.2188 605.1766 594.4237 599.6305 631.1893 654.2081 583.8303 612.3173 665.0396 667.2179 678.0529 683.7439 756.2557 703.1683 722.4565
841.1035 864.0786 834.801 789.8248 708.4248 699.0873 777.3627 746.278 734.8768 811.9072 788.6794 733.1417 743.2775 709.2618 699.3696 696.9182 704.7646 734.0816 743.6068 829.0255 787.335 721.5831 726.2565 785.1993 794.2043 765.553 747.9863 738.3094 728.5833 716.1842 702.547 694.6275 680.5404 673.1024 696.9135 673.3824 652.5634 645.2255 641.4897 639.4813 630.6006 654.661 693.0198 641.9113 644.2946 645.6337 614.1962 628.0275 609.4573 589.1501 583.6749 609.3929 590.5125 591.2866 574.0524 584.3157 608.921 623.7187 637.5698 644.6439 717.5096 723.4465 711.1267
803.3271 840.2217 831.6854 771.658 721.0738 818.4182 742.5897 698.4441 701.0402 785.7809 755.6539 740.4457 695.4139 693.0294 691.4016 680.9086 681.9944 702.9644 714.285 728.4054 718.2393 694.8445 694.0035 750.7183 812.1777 775.8337 759.2127 759.431 726.4589 718.431 705.4529 695.3197 674.4171 684.5456 729.9132 689.4817 678.7057 633.7087 629.1216 644.8098 632.2406 632.213 697.2197 652.2128 636.9263 630.8005 611.4804 606.8532 610.0931 582.4988 590.4624 578.6136 577.6453 551.9225 577.5629 546.601 586.4147 584.2795 595.88 612.7628 689.2988 744.7083 696.5748
897.3977 791.1988 793.5076 757.2115 880.0442 785.6784 703.604 666.7492 669.5135 698.1612 695.9093 706.7594 674.3682 682.71 656.0367 658.3927 660.2103 691.9323 668.6951 666.0004 693.7867 679.9748 686.0799 718.0917 756.784 770.1374 760.6284 749.7105 723.6348 712.318 692.4199 686.2373 684.8963 691.5519 730.1354 673.6419 656.462 634.406 617.6363 633.4914 617.7366 626.7936 642.1062 650.611 632.9214 618.9169 614.1583 589.6287 606.0212 570.0222 572.0375 570.088 564.874 543.8164 566.5396 531.1966 547.1232 574.7513 567.4718 565.9087 590.2562 698.6783 660.5014
738.6904 764.9119 726.0005 758.0176 755.4346 776.9945 724.9949 653.2682 647.716 652.8692 689.7851 663.3812 668.437 648.7605 646.3121 645.3789 655.291 676.72 654.2197 647.1696 654.2939 664.5013 683.2892 706.9141 717.0052 749.3016 731.0175 736.7165 717.5095 701.5563 741.4044 690.529 690.3097 728.6791 725.266 682.3086 647.595 641.8301 631.577 608.6764 617.7311 614.6639 620.9384 631.5167 599.5558 584.0284 586.1755 585.9346 570.139 593.0038 582.0027 565.1306 549.6697 569.7259 545.0787 536.6093 538.7811 537.743 562.0967 555.8602 548.8342 586.7114 632.9221
701.8813 734.1322 724.9499 766.0908 681.9006 676.8276 697.6288 651.134 631.7488 623.3434 648.1918 648.2154 658.0825 643.5317 619.5151 626.2366 649.1693 651.6592 628.8211 635.6041 640.6534 662.1141 669.7742 675.5719 723.1193 726.2395 692.6285 701.9417 721.225 718.174 703.1973 706.1852 710.7805 747.5807 691.882 689.6434 659.7551 630.8618 625.7822 601.6436 602.5967 611.5871 628.238 600.7552 603.2045 593.5346 583.9832 578.9087 589.7607 590.5811 564.6738 559.8165 547.2313 547.438 559.2095 567.3533 538.3683 536.0009 545.0288 553.435 541.0074 548.1434 620.0782
683.9982 690.968 683.9089 705.9455 643.5757 653.2119 643.263 640.5168 632.5651 610.0647 606.5641 625.4563 651.1909 638.9041 604.8488 620.6574 642.3657 632.0154 616.5682 629.1614 661.0436 658.9037 659.6069 670.4036 706.3222 681.3347 685.0901 684.6094 704.7639 734.6699 711.8615 720.9644 735.8345 772.0646 701.4109 661.7828 669.5768 631.3432 614.4662 602.8873 597.1739 596.3787 591.261 609.5098 577.7793 572.5281 557.295 559.0496 560.585 564.3173 538.5442 559.622 537.8416 541.2347 542.2678 557.2349 551.2359 541.4914 535.5283 529.8494 533.1253 528.7786 552.8286
650.5568 652.2587 644.205 626.671 625.6803 625.1257 630.1291 633.7516 626.8414 607.1658 596.0822 607.5346 612.426 605.9774 603.9578 618.3727 621.9419 604.5244 607.6418 640.0004 650.6602 648.4534 650.9656 664.6046 680.5562 668.1157 680.3466 694.5894 695.2077 728.6006 730.5451 737.3807 766.5696 736.5999 687.7907 660.8837 638.1766 621.2048 627.0432 609.9547 583.9046 588.1741 578.7234 600.0589 574.5568 563.8672 560.2021 545.6481 533.6935 537.4034 535.7352 553.1051 527.0897 536.9813 535.9408 536.9933 546.5746 530.0381 525.1761 521.7021 522.7041 518.6042 535.4906
635.6259 656.7637 630.6757 591.4608 593.3538 597.8824 620.1053 612.389 602.8975 619.2912 584.7669 591.0361 590.8119 593.5787 604.1284 592.9292 596.0705 599.6494 615.1891 661.0378 651.8763 644.7664 649.0764 663.1756 685.7814 699.2039 668.957 678.5965 677.7315 695.955 715.1983 769.7437 733.7454 713.5565 674.6811 659.7732 635.4711 627.8245 631.7215 602.1438 587.2382 575.8369 593.8588 575.3531 578.6581 554.2904 546.1074 533.2891 527.5496 508.5091 528.9175 533.0382 523.714 525.5505 517.4559 521.2809 529.3528 523.7681 516.7657 506.2533 511.354 512.0636 518.2565
617.1746 602.9835 617.5773 586.8024 751.5379 767.2933 632.3774 714.1615 599.9167 592.5842 596.3559 575.9409 579.8933 572.1081 576.254 580.1917 581.12 587.6411 610.1337 630.3892 637.8997 644.6499 654.6539 648.6614 685.0043 693.3234 662.0576 663.071 676.6152 818.1191 775.8615 722.9492 733.2024 699.6962 672.1911 657.3353 672.167 651.0715 631.4543 599.9568 568.956 574.9248 577.8403 563.0321 557.6516 553.3361 551.8069 531.3896 511.7405 503.5714 504.3423 533.1603 522.7328 513.887 526.0394 509.145 515.4222 506.4538 508.1388 510.513 512.1963 508.4953 506.4921
604.2153 590.7242 586.9582 571.7872 726.053 717.8315 672.2828 673.7037 614.2481 604.8032 579.8354 573.0684 571.1072 558.8656 564.5673 599.4574 588.419 606.2015 596.8781 616.2956 629.0624 627.2609 636.7996 640.1362 644.8142 659.0416 663.1752 675.8793 719.127 745.9831 755.1677 719.0284 708.288 724.2449 699.8959 689.4556 672.8399 661.8948 625.52 598.6546 565.2513 568.7715 578.1368 567.3234 556.6666 542.7028 539.882 528.1494 520.8706 512.291 498.1735 496.28 517.445 511.0971 508.009 508.9859 503.187 516.3542 510.4472 495.1466 499.2408 498.6119 504.1172
597.4276 584.415 567.8735 639.4434 690.6309 649.5375 632.5201 625.2057 589.202 580.5659 586.8932 581.9271 576.4355 553.0692 543.5343 587.9524 620.6951 616.9922 641.4694 639.4384 640.4267 653.1797 653.7686 640.223 636.5285 640.4225 646.9881 664.3439 698.6155 718.4749 695.3718 703.2913 697.341 713.3009 705.464 719.9504 682.8763 662.3226 618.2809 588.0917 559.7597 567.9899 565.5026 560.7712 551.6439 541.7116 526.4937 518.7076 515.2611 517.7365 499.9501 492.4753 503.3935 505.3832 503.5409 519.8116 500.2653 505.9524 511.2357 489.4753 498.1311 492.1662 489.9895
573.2045 564.9642 543.09 668.7626 608.5567 595.5808 582.7077 593.8799 580.6309 559.5812 569.9066 595.9541 588.4929 571.8016 533.0737 564.7763 594.4553 595.2101 621.0781 647.9937 661.9849 654.4998 638.1741 652.4759 610.0536 618.5889 648.7444 640.7429 659.3055 671.0966 661.713 664.4828 674.6146 709.9819 741.9949 700.0257 688.71 633.1569 609.8918 579.2831 557.3698 544.9586 546.1589 542.7654 541.2545 545.8262 532.1343 518.9985 499.2389 504.1705 499.9104 493.5611 491.5594 508.7877 503.2859 495.1074 507.2643 506.796 497.8673 489.1628 487.8431 482.5421 485.4843
585.0745 546.1315 623.7169 610.0099 657.0824 571.5206 560.476 562.0526 574.3653 555.5392 574.8447 569.0403 562.9357 591.8406 519.8809 534.5661 555.7986 584.8057 605.6182 611.5406 638.0493 625.3372 618.2898 623.3164 598.9656 618.0833 636.5859 627.6986 640.3549 646.1794 632.5745 651.8918 682.2829 686.2924 732.7959 733.1908 676.8793 629.5942 586.7918 585.9807 554.6285 542.7642 533.6908 523.8628 519.8445 517.8815 504.912 509.4537 509.9012 496.8307 487.5409 501.5557 492.9514 491.0691 488.9836 499.6186 502.4106 506.5248 489.9814 500.7974 498.9389 473.7242 474.4555
544.7684 605.1865 572.5352 567.3948 582.6113 554.1958 524.7765 524.2726 529.0888 539.9448 556.7167 556.4083 550.5432 565.2366 527.7916 511.8277 541.2539 584.5577 585.7899 573.9039 610.9138 603.7385 599.9458 586.5372 607.0258 622.1304 607.84 624.4622 654.3932 617.903 637.3005 654.2222 672.7748 689.4521 721.7485 674.9746 645.0975 610.9239 576.7878 554.623 549.3365 543.6982 530.903 518.6321 506.5965 534.8071 505.1601 489.755 498.8455 486.009 505.7323 486.9079 484.331 491.0009 497.1849 510.4247 497.9179 478.572 477.3521 477.746 496.2881 470.4831 467.3511
507.4728 597.1185 524.5446 537.3524 544.7218 536.1292 518.9199 537.6722 528.1523 528.692 515.1815 521.4258 535.9265 551.9449 514.0579 512.3469 529.2011 557.5845 570.7515 560.6857 586.4523 585.4426 580.8873 589.8839 589.1748 599.9839 609.2562 618.4938 615.7419 613.3089 639.5035 654.8494 689.5523 680.4521 655.5451 634.1286 632.756 598.7111 575.3954 565.2765 551.5243 542.6918 525.991 512.5693 498.9001 498.6253 487.1769 489.9631 485.1979 488.1339 475.2551 476.2 489.682 487.3457 486.1784 497.7799 501.0131 479.4836 468.347 465.463 472.1849 472.3701 463.3232
504.1489 537.4016 525.0083 518.1385 508.2397 496.2268 513.0827 507.06 519.7551 512.6594 500.4435 503.9201 544.4417 520.5506 505.0669 514.6226 522.8483 535.5901 552.8094 566.4509 578.7342 585.2376 589.834 642.4569 617.9749 620.8998 643.9989 649.1926 620.0015 621.7687 633.9878 656.5143 695.4003 679.4036 644.0959 606.8035 614.837 603.4147 601.6028 583.4481 559.4962 550.3464 520.5982 505.2025 491.8832 486.8974 479.893 480.2205 480.4706 477.8354 481.7911 479.1245 481.471 487.3144 485.309 482.1742 469.5764 465.7818 467.228 472.5525 472.1873 465.7662 456.9333
504.0567 511.9855 476.9204 500.8378 490.2653 506.4915 514.3045 501.8756 512.121 515.1203 501.0109 486.4142 514.3692 504.7991 498.7192 515.647 549.6562 548.0997 568.6634 594.0406 590.3249 590.0414 615.8416 628.4949 646.0062 652.333 650.4551 659.6443 685.5167 638.5993 657.1938 680.8364 691.6522 681.5268 643.4848 640.8531 613.2362 600.4881 619.0175 602.373 578.3438 555.0511 517.862 500.9277 488.4448 475.144 469.3363 478.0386 476.2928 489.6358 482.0929 492.3598 471.7477 470.1928 485.9839 466.5996 462.2266 454.7449 455.8561 476.3825 464.2126 469.8777 450.7458
490.6576 485.6797 473.5586 502.3503 497.4491 482.6007 508.212 495.1038 504.338 494.8675 497.5987 489.181 515.129 529.8105 530.1567 532.6035 592.569 593.081 563.4279 565.6108 572.6554 579.114 622.1826 627.9197 649.5804 684.3892 691.2287 725.4307 706.1216 667.1445 668.561 695.9444 676.7871 673.8427 646.7384 650.4698 641.0267 639.3894 623.7138 597.5396 579.3884 559.5735 527.593 497.8538 481.188 475.6047 467.696 477.3975 478.31 486.87 478.1261 472.0369 472.2277 456.0486 467.2609 454.2563 450.3987 446.8998 448.1546 471.7074 477.3882 459.8845 447.0308
486.224 502.7072 468.095 478.4833 504.1942 493.704 498.4188 497.4923 516.4989 519.647 512.7637 496.7807 501.2251 510.3206 514.6031 530.748 571.0958 594.855 571.8065 619.0102 586.8679 593.1509 659.406 686.5953 677.5002 666.6144 695.0725 740.6713 700.3604 719.7149 710.0935 734.6983 719.9809 711.7659 696.7998 682.4523 661.9816 645.0649 619.942 611.9512 596.7991 584.142 541.8596 504.34 484.4721 460.089 452.391 452.544 461.9501 475.6108 463.0711 461.0613 457.0967 457.2075 444.7939 444.0837 443.1118 444.5883 446.3744 472.0815 477.4701 450.1687 460.1522
488.6531 461.006 471.0523 470.2541 466.3706 478.9988 490.9083 499.8654 503.1966 503.7668 493.9623 505.1339 493.0698 520.4024 519.7405 548.0801 582.3193 620.868 614.6531 612.1929 613.8675 658.1258 679.9764 681.5095 719.6909 693.4121 720.2198 765.5938 745.948 765.44 787.9229 765.5453 751.4277 738.1385 714.8346 691.014 671.4267 646.548 631.7991 615.6365 599.423 582.1906 539.2771 485.8823 479.077 451.4727 448.4587 449.5605 456.7712 459.0659 451.884 444.218 447.1916 447.899 445.0906 439.9677 437.0873 440.0631 445.9702 469.2563 440.2455 464.3528 452.6631
481.5894 478.4484 459.712 448.5291 461.2231 494.2921 484.4987 490.7619 477.1314 497.6605 490.1838 488.4517 539.1404 530.9838 534.0743 576.7067 614.7645 610.4882 635.851 633.7624 647.4595 646.1181 656.5736 679.7633 717.2943 697.5038 815.4963 887.0071 801.4991 882.1832 796.1022 786.2237 800.2612 739.3297 731.3556 704.7872 685.9303 657.0674 637.7025 608.0626 598.026 583.4553 540.8728 516.4259 476.4899 464.8094 447.37 438.223 438.6251 441.0086 440.4426 440.0461 440.1399 448.6987 439.6013 433.4186 435.3505 438.4076 442.071 438.0423 449.3957 451.6989 463.9886
482.2305 464.7837 450.0784 450.8383 461.7555 451.7542 452.8773 482.0608 480.4838 494.2287 497.1735 499.9136 518.0253 520.0048 544.489 589.2437 582.4524 588.7205 649.2308 619.268 640.0557 684.8499 673.7969 686.9512 747.3222 736.6049 798.9146 872.4413 907.5672 866.7277 812.3397 838.8089 801.5302 755.8007 736.212 712.9096 688.3687 659.7739 641.5858 625.0647 597.7724 584.7232 553.4274 517.433 489.7592 473.6365 453.6363 437.9065 429.0172 430.4992 439.4917 445.1776 438.4096 440.7978 435.2903 431.9314 430.3735 439.9808 444.6194 442.6941 440.1593 447.5468 438.8786
475.1344 449.4961 453.6238 463.1693 441.3216 448.6263 442.5204 443.5386 477.1664 491.8619 501.9734 526.0615 548.2789 546.485 539.0217 551.7405 551.4554 586.3616 584.8151 662.8307 614.6495 645.4653 687.3374 749.9699 746.3016 766.0358 1153.8477 1303.2361 990.0945 923.3566 873.824 834.2323 797.2014 771.3638 738.3965 707.2038 678.5732 672.0333 650.05 630.4771 599.9222 591.6095 539.7915 502.5532 485.3831 473.0092 462.3051 446.2133 430.0311 429.6409 441.014 439.2692 436.6002 434.3959 434.6947 431.4576 428.1989 430.9869 437.9812 427.6202 428.7012 433.0362 430.3783
452.4561 447.9398 459.4429 461.0657 450.2973 444.76 447.3094 453.5536 472.3185 486.9054 510.6373 530.9044 532.4664 525.159 511.8401 608.2787 580.7482 548.2827 600.732 770.7513 652.2394 671.1231 700.095 825.9244 797.4712 901.207 1106.3938 1222.6257 1051.6023 980.4627 897.8195 849.72 795.5895 758.5729 753.8741 717.8666 694.3698 672.4551 649.2648 632.7761 608.7202 585.3774 522.6192 504.4656 493.9568 475.2405 468.8236 457.4745 447.9151 440.4632 436.7644 432.2778 433.6073 434.0008 428.4168 432.122 430.0038 436.0214 429.5773 421.2598 431.1724 430.3433 438.8113
440.3374 442.3948 451.3086 438.2102 434.4551 453.3765 460.2292 450.1324 464.7021 470.3335 472.2822 481.9125 490.7282 516.564 534.2207 554.7072 579.5363 564.9612 569.3337 655.485 642.075 668.021 724.7124 807.5656 896.9939 944.1984 1395.0612 1179.1581 1071.0872 975.723 901.3271 814.8461 782.4527 746.5914 721.5484 697.1669 674.4316 636.1259 649.428 627.363 609.9399 582.7968 565.5548 530.8545 503.4576 490.0446 470.0729 463.8485 446.3065 444.9129 431.8503 425.1346 434.9324 429.8901 426.1448 428.055 420.6631 422.2972 422.3453 425.0737 424.1881 426.627 435.4014
437.9393 442.4986 429.7863 453.8787 448.7072 454.2147 451.6273 451.2387 482.7861 460.7769 476.7086 464.2724 472.2985 501.1136 499.9254 500.6947 521.842 551.4992 639.5293 703.6176 628.714 656.8194 763.0995 784.5739 804.8388 986.6165 1056.0557 1232.324 1111.145 958.6332 883.5986 828.5905 796.3249 753.5671 739.6127 715.5984 668.0647 661.3111 639.9186 614.3083 594.4277 578.1892 558.9041 539.148 520.2477 512.6388 470.7674 443.4008 457.2874 442.7845 427.9074 431.628 426.3013 423.8109 423.3822 425.6159 424.5078 428.8257 421.2203 438.911 420.5214 424.8599 440.757
430.6462 424.2342 429.587 434.2378 441.7238 438.3509 442.5976 453.7314 475.8922 461.1143 478.6467 487.3694 480.9291 461.9543 486.8198 493.6405 526.77 551.0727 605.8817 634.7561 614.2897 716.321 709.8635 723.4216 754.9061 796.9355 837.3475 1042.7324 1024.7103 960.0802 876.2017 828.8336 792.0884 757.3797 732.6201 691.6949 664.6392 663.1156 641.9225 619.7161 590.4428 574.5394 562.2745 541.2879 516.6359 500.2707 477.4211 475.8459 448.5785 441.3891 426.7064 425.5364 425.1026 425.2127 423.1447 427.8634 421.7886 430.1945 433.6214 436.5717 435.998 449.791 426.0938
