Resources/Map/Lvl0_30x30/Ele_FC.asc
ncols         335
nrows         335
xllcorner     -13345000
yllcorner     -10075000
cellsize      10000
nodata_value  -99999.0
[rows 140 to 167 of 335, columns 186 to 247 of 335]
377.0389 476.261 1046.3591 666.5459 513.5907 440.7738 453.5724 453.608 470.0788 439.9794 430.0231 -144.4953 138.4212 -155.5761 -160.5595 -158.3005 76.4563 118.571 135.2792 170.2416 234.2675 294.3988 374.4764 374.0975 368.0996 388.093 262.3827 179.4421 130.8828 -169.0637 -169.5815 -169.5945 -164.531 55.9273 86.5515 88.5613 139.4558 151.6177 82.999 77.9307 120.9416 148.9567 162.865 150.6799 147.8203 183.0927 227.9527 219.5301 245.1692 282.5187 242.4896 202.7863 133.3947 161.2274 211.9378 179.1361 127.3884 66.3877 -154.1241 -160.7822 -157.1245 -151.9554
327.4714 417.9676 478.0023 655.3475 867.3754 763.4099 1286.4132 1465.934 1233.3138 1690.7766 1481.7686 703.2049 587.7557 525.4578 515.4944 580.4834 556.791 549.5883 627.998 584.0383 669.9446 586.6391 527.7077 503.5907 630.0647 587.0718 499.8903 464.0412 370.6287 302.808 241.6659 233.5167 210.746 297.5541 346.7097 328.3972 362.5626 390.3788 396.6144 360.6104 379.8405 380.0289 405.3165 426.3018 469.8915 506.5446 542.6147 521.5636 553.3976 543.8506 588.3969 597.4142 637.9584 608.0555 520.17 497.9103 382.8965 -132.0362 116.6542 137.1741 94.1074 86.2884
24 108.9839 202.0095 294.572 379.2438 440.8723 507.1324 499.4778 623.72 732.9561 779.5639 783.5803 757.0747 809.6976 726.6492 826.1191 740.9312 684.8118 538.0867 509.4496 592.1989 576.9753 527.8179 521.1895 530.4598 530.3474 524.618 568.8159 514.4426 652.98 834.274 826.9539 627.082 334.2672 284.6841 295.7709 377.5097 418.1268 467.1618 491.6741 515.4833 546.0355 543.5751 583.8333 631.41 404.5196 672.4363 43.7129 457.9126 678.3097 680.0462 491.3629 474.3645 646.903 551.017 467.4882 344.1125 253.2825 121.851 142.0735 175.1829 251.8804
-209.9606 -81.4431 15.8335 57.8055 161.2813 239.5813 335.612 274.3706 219.542 264.5814 234.6974 147.2023 159.5408 -78.8069 -46.2862 136.3611 196.6283 181.2028 129.7026 125.7094 101.65 122.0566 168.0852 210.1366 221.2651 237.5421 254.7161 258.9842 205.3643 125.8849 125.6729 122.4258 148.1564 218.7293 195.9331 231.1407 301.7012 329.8748 372.0721 427.6115 480.0764 522.3924 580.0911 570.2659 516.4406 494.1374 638.3807 217.1279 242.2092 190.5189 276.1626 348.0119 425.6835 523.4586 589.802 566.2985 500.2766 481.26 419.1428 431.338 405.4102 407.7342
-640.6151 -509.0374 -394.4927 -327.2132 -312.089 -339.951 -390.4286 -433.8667 -494.772 -560.1954 -618.645 -637.747 -628.3477 -610.5519 -588.8591 -504.1363 -368.8373 -189.0925 -76.9933 -76.7035 -97.0646 -114.0842 -126.5836 -133.1712 -135.1481 -137.6166 -142.6439 -147.5432 -151.8091 -153.7981 -153.5467 -152.4869 -149.0249 -138.185 -118.1627 -97.1808 -73.267 -45.2012 62.6888 138.6167 246.2043 268.6837 321.8691 397.7138 436.7442 442.2188 506.2595 441.5208 545.7317 198.1802 233.0711 422.7152 390.2644 721.5043 662.3815 589.6989 538.1655 486.7693 503.9832 489.6241 488.7079 488.6881
-731.9576 -703.5364 -653.6482 -604.9409 -587.8897 -607.8148 -656.868 -709.0499 -762.0912 -810.9351 -842.3645 -832.3774 -813.9383 -855.7282 -904.7251 -777.485 -528.0117 -227.1896 -62.1265 -61.3585 -87.0257 -115.2812 -138.029 -151.3252 -160.5427 -169.3017 -176.5222 -181.6811 -185.9769 -190.1261 -192.4726 -194.4457 -195.9233 -196.8863 -191.3097 -178.9861 -162.4451 -143.7846 -114.554 35.2875 49.2743 35.334 71.5416 252.8638 352.5221 418.8826 455.6017 490.7448 531.7377 551.5325 569.832 600.8033 598.2973 629.366 642.17 600.2291 611.95 629.0297 640.0192 628.8434 603.1201 621.8493
-471.0446 -455.4164 -415.7884 -378.9619 -363.6671 -363.8088 -379.7991 -407.4088 -429.1189 -456.4095 -478.9895 -488.7495 -517.4109 -601.4641 -690.942 -656.9883 -530.6268 -240.7701 -42.89 -36.614 -58.093 -82.2986 -103.9903 -123.1216 -143.0752 -164.3925 -185.2395 -198.6458 -207.895 -213.1339 -214.6931 -213.4698 -210.0856 -204.4847 -199.1958 -192.1309 -187.7078 -188.3461 -187.0998 -179.9499 -173.5928 -169.86 72.5187 58.3476 57.2489 57.7481 137.975 215.2446 294.3487 365.8409 418.2647 467.748 520.1191 541.5592 593.369 629.1517 651.7635 686.0067 708.2936 699.3904 739.2587 837.7399
-182.4697 -185.4758 169.0269 253.5097 316.9113 463.1426 437.2475 435.2854 432.5471 443.7725 475.5376 422.8494 388.4016 321.1639 169.0458 -427.4597 -424.0855 -269.808 -115.6125 -87.0616 -95.4729 -105.6717 -115.238 -129.0244 -148.7505 -174.0287 -199.0702 -214.822 -224.3732 -228.8887 -230.7957 -230.7145 -228.5606 -223.4934 -218.0531 -210.9789 -205.3674 -202.8 -203.8142 -204.9875 -209.1951 -220.2827 153.2094 124.2446 138.9581 144.2326 143.6918 162.7589 263.1918 322.0226 374.1599 433.9353 498.3735 535.9692 644.6263 624.67 652.6575 693.1404 732.6527 772.2983 771.7687 780.1149
-170.6375 -132.1497 -72.3358 -63.9534 100.0294 256.8026 395.9863 471.9109 874.1845 1637.3706 871.9136 710.5837 920.8412 533.2985 482.2634 410.9966 363.8631 375.2333 407.1072 431.989 278.3144 105.334 -141.6537 -150.3118 -163.908 81.174 55.4533 45.8432 63.6042 57.1054 181.9169 169.0616 168.3124 117.5178 108.6458 66.0844 111.3524 99.4395 127.2202 164.2808 223.8765 251.6159 263.9965 295.0389 329.2202 356.9484 385.8942 443.5736 478.3031 515.4615 542.9868 570.163 633.6004 671.5335 693.607 718.0165 761.0278 801.5939 800.0818 803.1588 819.7883 942.7634
-268.4048 -139.9068 -106.8043 149.6721 345.3076 380.6315 514.967 531.321 545.5683 540.7004 526.174 543.4822 563.2939 569.3278 577.4475 500.4251 483.7956 479.4787 467.2237 398.1449 455.774 458.421 504.912 483.2758 372.7911 341.9343 268.9036 262.8441 265.9503 303.996 364.8028 362.1865 352.0287 401.6198 356.5734 396.3954 371.4637 378.7285 380.7293 368.198 388.6257 379.7146 385.5188 432.6932 504.2498 538.0505 556.0251 603.978 729.0671 696.473 703.2069 714.1654 770.0271 804.6385 767.6133 898.926 812.6503 856.3621 824.2888 854.1161 883.7358 906.8635
-357.2091 -202.1831 -146.9528 -285.1383 91 168.0476 191.0945 187.1708 -301.3781 101.4386 176.8949 270.8754 259.8828 219.1666 172.8284 99.1557 86.6782 109.4311 131.0529 162.5019 280.1154 373.3798 407.042 422.0671 479.0512 477.8554 154.869 535.2683 623.5667 703.809 639.2319 678.9288 699.6447 803.2439 605.4033 628.1475 616.9275 607.7751 600.3569 587.098 552.7009 572.1237 586.879 580.9352 600.8298 630.9271 663.4941 690.3859 711.9247 758.1869 828.4119 1084.7677 1178.4009 835.9956 1007.3244 1171.8032 1018.3636 900.2371 1755.0638 1363.3016 696.913 776.7244
-408.9838 -277.0994 -168.3365 -183.1125 -205.8574 -202.0779 -198.9512 -208.3867 -207.185 -192.3943 -173.6192 -156.8541 -151.1564 -142.96 -131.6754 -128.8441 -138.1609 -140.5716 71.702 201.0654 285.8044 358.0217 449.2867 503.1715 536.7015 575.3466 626.4691 657.7201 689.6548 723.4838 756.566 777.6584 801.5858 814.3262 826.2099 831.774 785.1884 757.246 760.8976 749.0948 706.1202 680.3231 656.8792 679.49 657.7769 724.8564 726.357 915.5333 1232.3009 1028.6058 1287.6707 1274.4205 1348.0238 1477.5659 1236.7238 1079.912 1658.614 648.7649 1047.7925 1017.2139 1032.1851 1055.7206
-253.3712 -200.9243 -153.0984 -139.3654 -153.8172 -164.4666 -153.3145 -131.3682 -107.2587 -90.9612 -84.6839 -83.2734 -85.6505 -84.6406 -79.8787 -76.885 -83.1611 -98.4054 -161.9329 112.7523 229.4463 307.053 376.4111 439.6499 500.0612 543.749 578.8643 581.0916 602.7538 656.7175 679.5294 693.1636 699.0956 702.9203 729.6385 736.4807 731.8141 712.616 725.6638 746.2524 728.2064 721.7928 722.3113 721.9684 736.5705 762.3362 776.1213 811.0095 806.8612 840.0311 1023.0895 937.6746 1231.5217 1331.0448 1291.614 985.1174 1009.3847 1070.7316 1048.8167 1065.0597 1075.4946 1145.4978
-120.413 -111.885 -108.8375 -119.2647 -161.28 -213.3813 -222.6773 -198.4881 -164.9551 -138.7137 -121.0742 -106.6269 -90.8898 -72.8564 -56.9211 -45.9791 -38.5915 -38.3368 -76.493 -133.2336 105.2698 230.0152 324.5025 374.6897 410.0067 442.2715 473.5436 488.7328 504.1992 525.4415 541.0003 539.058 542.6088 537.8273 596.6254 655.053 612.9162 611.6739 586.4261 589.6256 594.2539 606.6061 649.0194 662.8562 705.4056 735.1852 738.6102 748.8104 768.8704 794.6713 820.6676 838.965 874.0649 896.8812 922.5436 933.201 960.2943 991.3566 945.9147 727.1078 1024.8302 1120.6418
-169.6762 -141.7955 -143.5658 -186.9785 -283.2228 -360.9001 -360.754 -313.9325 -262.2051 -224.6402 -195.8766 -170.5649 -144.6699 -116.826 -90.3727 -67.5278 -47.8474 -31.2555 -36.877 -105.0611 45.7654 99.7885 188.0559 305.9996 333.0762 353.1614 401.266 427.7312 435.6812 436.4649 414.6526 388.9792 386.2765 367.8905 355.2254 381.7655 423.4649 420.426 416.4467 417.3526 471.1815 522.1373 564.1875 597.6766 622.9176 663.2287 685.3114 732.048 799.5861 808.5225 854.7524 870.3735 905.5699 934.5603 955.1597 986.8533 1012.1059 1008.1597 1026.8923 941.2892 1041.1594 1068.724
-333.0391 -315.3495 -284.9934 -293.3838 -362.6734 -430.3153 -430.7282 -373.5881 -302.4665 -246.9993 -213.3557 -196.9118 -183.3917 -161.7423 -134.4814 -104.7673 -74.1117 -45.0887 -71.0933 -166.9259 194.4495 356.0177 379.9853 433.7284 471.9525 524.4786 530.5719 496.5598 402.5775 311.9398 269.8318 228.2742 238.909 251.2324 273.5578 264.023 285.2424 302.1811 336.0309 334.8616 354.3282 396.7788 453.9319 509.3852 576.1699 648.3101 683.7859 714.644 751.9047 775.2296 803.1943 862.2419 890.2266 925.7223 972.9021 983.2329 1009.2645 999.574 1035.1433 1028.7339 1035.3177 1041.3651
-578.1791 -542.1475 -450.9634 -370.0408 -333.3076 -332.6609 -373.1169 -383.6878 -352.7723 -303.4227 -258.0955 -217.3713 -188.6505 -185.6417 -178.6882 -156.6818 -127.8835 -94.944 -124.5674 92.8509 209.7224 266.6387 331.9972 389.0497 405.019 365.6837 269.119 180.5261 85.6452 23.7984 -308.7582 102 75.7818 62.1382 29.7962 112.8176 108.5962 118.9619 140.5585 164.3231 178.5698 208.172 237.1995 294.6691 395.6247 502.506 589.9229 617.5871 666.2175 748.912 807.762 832.3359 848.4677 840.4508 889.3125 903.274 929.4899 922.3167 939.3922 945.0176 954.3182 984.5885
-477.4841 -395.9787 -321.1884 -276.2131 -292.4489 -342.5192 -395.422 -442.8416 -443.049 -393.8629 -320.3735 -257.5278 -204.2933 -183.4096 -183.2943 -184.6641 -189.8098 -194.4777 -209.4943 -235.4901 -248.8893 -248.9605 -243.3339 -244.743 -259.8725 -276.0592 -293.6583 -313.529 -329.0643 -343.5939 -354.2922 -360.5394 -363.2832 -357.7325 -349.6823 76.141 39.4996 60.912 46.5599 60.4463 86.7273 133.5434 201.0513 240.144 384.8709 486.0171 469.7523 473.0659 515.9118 593.7888 619.1501 612.163 616.1335 616.0643 671.3611 700.8298 766.5022 827.5775 860.9896 874.3372 874.9272 903.0556
-338.8795 -363.8152 -366.8189 -288.245 -261.3872 -341.4303 -483.6916 -628.9198 -693.0054 -647.8132 -553.8696 -462.4182 -374.7492 -310.9926 -271.094 -226.3121 -200.1702 -194.0391 -193.5901 -203.4194 -219.2386 -235.2337 -247.6917 -260.407 -275.0742 -286.139 -295.1348 -306.3277 -317.5268 -330.245 -331.9605 -325.2287 -324.9216 -323.4653 -325.5955 74.5164 87.5896 110.0523 117.4098 121.6024 149.984 182.4248 262.074 278.9789 343.0335 372.6347 394.7639 421.0301 416.1271 445.4679 493.0866 530.7865 530.4487 569.5757 584.1749 624.0552 662.5899 674.9686 720.4264 730.9695 776.912 820.8391
-678.0305 -785.0597 -840.558 -750.1537 -636.4402 -663.4813 -824.8816 -911.8528 -909.2329 -899.9745 -769.819 -629.2898 -555.1639 -533.4562 -524.7858 -503.9161 -478.2829 -444.377 -377.589 -297.7567 -201.2587 -163.0623 -166.7836 -173.8879 -186.2948 -198.6857 -207.7132 -215.6707 -222.2246 -225.9966 -222.4934 -220.0939 -225.0686 -233.2084 -242.438 84.1068 103.9925 103.6807 153.4137 201.2095 198.7383 248.311 301.1742 345.1265 382.541 426.07 473.7828 480.337 490.1851 488.5259 518.9781 546.0953 579.9793 597.6675 622.273 621.0188 662.2236 688.9174 707.0804 759.5583 783.6588 844.5604
-1028.416 -1067.1343 -1030.9246 -901.4423 -763.73 -706.272 -772.3781 -873.5102 -916.281 -895.337 -821.0034 -750.6453 -709.594 -669.9684 -646.8643 -637.3447 -630.5957 -620.9626 -597.0704 -541.8907 -358.0559 -198.3721 -146.3866 -139.9139 -143.0565 -149.351 -155.3148 -158.7757 -159.9957 -158.1515 -152.0067 -145.8856 -139.3614 -136.3444 -136.0812 116.9811 237.105 360.0533 448.752 506.3867 549.032 562.3568 558.0136 572.6772 592.7947 562.1804 554.731 637.1145 661.3474 674.4492 723.492 771.5174 783.4141 775.6718 786.0875 803.5153 822.2628 836.5093 853.513 858.7778 863.8704 872.6799
-939.4554 -898.4076 -854.5924 -794.168 -748.2927 -716.2085 -739.2935 -810.9907 -870.5825 -885.0148 -875.9991 -867.1687 -854.351 -831.27 -815.1332 -799.6491 -760.4553 -732.8663 -708.0511 -598.4954 -315.9471 -158.8607 -139.9295 -138.7245 -142.0804 -149.1331 -156.2521 -161.4193 -167.295 -171.6641 -175.9169 -177.9272 -171.5067 -161.3758 42.5482 11.8637 38.1421 79.5475 60.5808 245.628 180.9433 160.4549 160.17 235.9832 269.0078 344.4028 386.7865 430.0046 465.779 540.6353 605.9864 634.7315 727.4321 746.2738 739.4484 725.2164 752.3881 865.4408 804.7902 818.1927 840.0964 852.2056
-593.2729 -598.4329 -617.4317 -647.5593 -699.0708 -749.2523 -763.6116 -789.887 -838.7982 -848.8893 -833.4711 -834.8704 -863.0836 -896.9607 -929.1852 -930.6034 -900.3575 -874.2117 -608.8922 -300.8729 -172.1088 -143.9319 -143.1443 -143.4205 -145.1382 -152.464 -162.8256 -171.9986 -178.014 -184.6545 -191.6719 -196.8333 -201.4568 -203.9736 -208.5609 -222.7174 -240.4409 -259.6562 -280.9149 -299.2895 -316.2222 -324.6598 98.1589 186.9352 231.6484 311.601 363.1705 413.8255 418.3008 429.7569 425.8561 412.8085 474.4651 469.9484 521.4294 559.4235 599.952 635.8246 667.5208 663.7494 680.0958 711.5262
87.7302 61.3179 15.9875 62.4112 -304.1003 -363.4426 -415.2375 -434.6897 -435.0281 -424.736 -419.6579 -432.0712 -457.5135 -497.9613 -533.0383 -527.8741 -512.7884 -423.2775 -275.7312 -206.6951 -196.651 -192.5298 -188.5879 -186.1994 -187.1365 -195.1392 -206.8148 -217.3876 -225.718 -233.7643 -240.2792 -243.9332 -261.26 -309.6673 -352.4414 -401.6808 -447.9413 -477.4841 -499.69 -512.3738 78.2058 73.6852 84.3524 126.3513 163.6632 200.7299 228.4839 251.909 296.4847 324.8705 338.2291 360.1721 381.7527 387.276 411.3506 466.4795 489.2394 538.2668 546.4974 584.8438 566.2229 606.0797
399.562 349.8426 301.0919 264.5381 241.7502 231.746 176.2769 156.4487 133.0126 135.9957 156.3238 118.2333 59.1989 79 4.2465 -428.6236 -419.9654 -402.88 -382.5201 -369.6578 -363.7578 -359.1071 -354.6844 -350.0404 -342.6477 -339.5915 -345.0225 -354.651 -362.4711 -368.1371 -374.1454 -382.5515 -422.7468 -495.991 -565.2455 -623.6426 -679.3936 -723.0453 -747.787 113.1998 132.7832 133.2352 146.2321 170.609 188.7429 196.1267 226.6649 259.9617 262.9734 266.8833 307.6385 378.443 400.8281 413.42 432.9886 468.5689 503.4582 539.9337 565.7991 530.848 577.4313 573.4894
374.5007 336.6055 280.3655 266.7128 247.1088 213.8817 184.5023 154.0945 137.5243 104.1275 96.9694 93.1014 69.6465 60.3103 65.0234 61.0085 -484.0565 -483.6761 -481.1474 -479.2615 -476.7484 -468.5412 -455.0305 -439.5566 -423.6229 -411.475 -404.7308 -400.9035 -397.4122 -397.8026 -402.3555 48.1258 47.1752 53.0624 60.6631 50.1132 69.4754 81.9251 86.926 104.8442 128.5607 134.0349 135.1232 123.7172 182.8704 275.2769 288.6762 292.7228 311.8745 293.8697 354.6677 364.6013 424.5408 476.4832 505.428 564.0108 552.7385 538.6918 562.2244 650.8774 556.2109 615.7653
384.6257 367.9333 331.1441 344.5474 333.0308 338.1647 313.5932 265.6555 253.6711 255.6811 260.3049 238.9854 230.179 189.4155 124.0847 91.5834 83.604 69.7273 63.8243 88.8334 46.7322 50.3842 81.0636 98.8499 63.6396 58.802 62.5124 53.2177 46.2345 53.3826 94.8142 158.7986 88.9551 103.5157 84.082 85.3016 153.1775 175.1151 194.6404 208.4451 204.4444 192.4522 194.5394 240.6451 251.9631 296.6129 372.3103 401.2458 433.4618 469.7997 482.7796 486.2128 444.7067 501.5553 556.5344 591.6118 604.7789 588.7203 587.6605 586.5953 563.205 572.7284
477.6998 464.1631 460.4578 455.6294 469.6825 471.4728 496.1215 503.7934 502.9795 518.3781 509.4872 494.9915 477.3354 472.2775 433.3618 393.4958 321.4352 268.6456 268.628 264.2541 221.238 205.4789 164.1908 158.0703 154.6738 197.7492 232.598 252.1606 281.0853 296.7064 357.962 351.6816 351.7802 321.039 288.2648 310.8713 315.1756 351.5476 349.5042 331.1422 337.4672 351.1564 330.5013 369.9661 430.7588 449.8981 485.6322 525.3552 489.1899 461.7404 465.5907 472.8987 514.9069 482.7751 494.6564 513.5837 568.3237 546.3892 569.541 580.5731 584.8792 596.9725
