Resources/Map/Lvl0_30x30/Ele_AD.asc
ncols         335
nrows         335
xllcorner     -9995000
yllcorner     6675000
cellsize      10000
nodata_value  -99999.0
[rows 81 to 107 of 335, columns 180 to 239 of 335]
505.5323 420.9777 621.0358 631.3073 494.9384 170.1318 236.6012 364.2972 10.0234 297.5962 10.9854 299.34 83.9651 610.0095 564.3201 748.9388 706.3237 877.2939 1153.1056 1083.8619 1165.8776 1145.705 1091.769 1188.3973 1286.7211 1349.5548 1214.6682 1002.2714 847.3804 787.7285 776.0966 692.7304 902.4019 637.4024 761.3365 762.4659 861.5594 832.342 788.3621 896.7785 929.2717 998.1313 933.9261 893.1871 881.0662 765.5187 912.5461 815.3927 690.9202 618.3571 701.0623 770.2742 572.9459 317.9948 288.1622 465.4784 549.507 571.041 610.9457 547.3449
558.7849 685.2617 902.7502 929.85 903.8373 947.0809 1038.1758 908.6041 725.1523 459.4867 78.7674 9 21.5466 820.7034 366.6041 268.7614 334.7209 450.8622 553.4587 716.6776 875.7385 808.9713 925.8555 960.5041 1006.2258 1063.3795 1159.7227 1274.0358 1169.5923 1112.949 1125.1718 1138.5543 1207.0785 1328.0972 1484.0988 1341.033 1418.9215 1327.2275 1437.7565 1241.1 1038.9636 1059.954 1241.3918 984.6726 856.9467 1045.9718 725.9674 686.8424 462.7297 419.8185 216.4604 253.3913 162.8463 33.7017 19.68 186.0459 142.6311 111.4324 10.3605 11.7188
1032.2097 782.6609 553.7906 497.8962 420.4684 305.7956 498.7822 834.319 1150.5941 1113.0696 711.5104 164.8751 162.103 317.6016 946.8641 1145.0525 828.1473 823.064 856.6651 775.725 825.2008 871.382 913.0566 927.546 1099.8473 1161.3113 1263.9105 1273.8779 1315.3602 1349.5227 1418.3365 1377.6771 1374.6443 1219.8949 1148.8003 1088.8728 1055.3909 1003.3698 1060.6465 1098.7799 1194.3406 1023.8318 888.6757 775.3285 817.7054 536.8486 235.1428 84.3376 67.0098 298.2505 639.6282 437.651 175.3694 367.3957 132.7447 48.8406 41.3492 13.9425 361.844 823.061
960.0455 938.0735 909.7314 981.2711 1146.7281 1074.2612 883.5443 693.5977 500.1196 583.0226 527.1246 656.2332 601.0773 623.4795 703.7194 1015.3302 1103.8469 1180.2042 1480.8418 1592.7965 1542.381 1398.8053 1341.449 1221.0028 1190.3771 1276.837 1369.4364 1210.9763 1047.8966 954.5355 814.0873 799.7999 700.0179 667.4205 593.7205 537.0267 433.0674 512.0044 684.5745 670.9185 682.6276 812.9978 626.1987 315.1519 220.1499 107.8778 359.416 669.1677 814.6663 687.3963 578.1051 820.3235 1178.3376 1408.3969 1119.0078 948.1812 848.2478 720.4377 481.4189 58.314
673.3518 623.4755 630.3139 616.2372 738.5176 999.0161 1247.0974 848.7101 800.9342 795.5735 1015.5199 1138.765 1066.1675 1126.3506 1178.0897 1230.7085 1289.1012 1344.4738 1375.09 1367.1688 1414.9071 1389.9191 1379.1963 1439.8728 1475.0254 1363.4729 1300.5453 1267.1746 1203.007 1179.4427 1044.9741 1019.6664 1001.4203 993.87 1001.972 1107.8771 1138.4973 1008.2549 1133.1731 1221.0164 836.4992 393.2962 221.5838 177.0712 264.7603 547.8533 465.3686 789.092 983.2877 1465.5208 1481.2948 1442.4248 1355.0851 1382.6427 1510.6022 1530.8739 1198.8596 925.6526 666.4827 241.783
1330.9705 1472.4244 1612.9451 1462.8037 1301.1917 1518.8683 1631.9573 1719.4795 1572.0338 1340.7671 1120.3759 1097.0426 1340.9391 1309.3931 1338.249 1458.8575 1566.1256 1627.7253 1616.8978 1568.4937 1554.6821 1536.9498 1545.3296 1507.6783 1400.2366 1413.8784 1430.575 1473.132 1728.5502 1574.6559 1470.4119 1299.8379 1150.1267 925.8263 872.1992 858.4727 925.7381 1334.9554 1427.7056 1534.5601 1483.3135 1495.4832 1559.5037 1537.4554 1508.3177 1507.7476 1565.1029 1637.2478 1569.0282 1546.4865 1287.4559 1234.7969 1161.274 1066.3671 983.5864 820.5815 697.8362 542.0624 565.4834 227.5213
1955.0679 2022.1699 2029.6423 1996.9224 1877.7493 1783.0239 1763.8787 1769.7417 1697.6909 1693.7367 1655.0076 1650.8854 1670.85 1623.3069 1573.7271 1635.1741 1510.8563 1508.3921 1532.774 1585.776 1529.9095 1461.8412 1363.9181 1267.0087 1241.6456 1211.1973 1205.1946 1211.9199 1285.0891 1350.8655 1139.5735 1165.2599 1209.406 1314.8387 1473.8256 1416.0885 1402.287 1399.1759 1489.3665 1456.5293 1337.8273 1223.7322 1207.9065 1171.0864 1119.0013 1054.8329 1040.6099 1053.9556 1069.0325 1063.7439 1120.4286 1143.4681 856.2388 857.4348 695.8044 572.0121 678.0795 781.3262 671.5428 763.2403
1659.0907 1671.1808 1742.442 1789.5554 1778.2576 1764.6675 1720.1462 1718.7344 1700.8431 1716.749 1726.2068 1939.6467 1719.6582 1732.7772 1490.3705 1534.6637 1599.3838 1670.5681 1408.7192 1427.2153 1311.2264 1371.2646 1401.6776 1474.683 1164.194 1076.8799 1033.2024 977.0731 988.3413 972.9089 940.4597 910.3605 884.3367 855.755 844.1923 833.6227 800.4968 832.1586 1058.7092 1149.6761 1105.9805 1062.8054 1022.4031 1079.3623 907.4927 927.6213 814.577 718.3536 594.876 536.7322 511.8998 489.9917 457.7314 441.6694 436.1046 412.7601 463.638 481.5907 466.7254 503.0204
1583.4348 1454.4185 1368.6484 1354.5885 1345.4314 1403.0452 1469.2419 1508.511 1502.6477 1552.0728 1563.182 1541.2333 1542.6036 1547.3776 1576.9406 1623.6002 1438.7078 1281.2177 1254.5811 1265.0583 992.4677 795.1611 759.408 689.8975 879.1129 1144.3458 1060.994 974.3147 937.1304 850.6188 868.8661 940.118 1199.5768 1190.4437 1017.8775 759.4111 551.5158 413.0863 382.6687 373.8504 369.5681 377.1616 415.9277 479.7054 586.517 616.3112 526.4977 472.4649 447.1182 401.5325 385.4909 337.8363 303.1452 291.0745 317.9159 296.1896 287.5004 272.5622 279.6315 244.8568
1147.0304 1056.188 1031.0118 1017.5206 992.8151 1081.9351 1110.2648 1069.4214 974.9886 1026.4102 1073.2229 1127.7842 1200.1823 1269.8109 1344.5264 1199.3583 1044.2126 981.9207 1012.6777 735.261 768.7672 972.2324 1230.235 1293.1344 943.3215 723.3128 469.0817 433.604 730.4553 781.4267 866.7677 658.2436 535.0361 528.7781 554.253 559.732 538.0684 541.8222 534.2509 411.0488 357.1588 308.6565 270.9018 241.5501 176.4504 153 153.8389 153 153 153 153 153 153.5645 204.5652 252.5796 318.4448 285.9383 232.1655 282.1835 280.5938
1360.9608 1112.7782 1318.824 1201.2504 906.1667 735.0121 724.9799 685.5445 655.4969 633.3668 640.3749 874.7994 989.8537 1181.7397 1352.3607 1165.3868 973.9407 964.9422 782.6249 678.9194 627.0678 476.1251 673.5106 532.6584 304.3697 193.1766 156.8856 153 153 153 153.7013 153 153 153 153 153 153 153 153 153.3802 165.4937 173.785 191.4915 211.7155 238.1648 260.071 248.042 257.6171 237.4305 215.586 219.3239 173.4773 178.4707 163.2805 162.1477 167.6389 243.8202 299.9676 383.2179 367.041
832.7987 793.5426 984.5695 797.3787 602.796 414.5927 377.4929 401.586 358.2059 323.6805 299.2355 171.2853 153 153 153 153 153 153 153 153 153 153 153 153 153 153 153 153 153.626 186.2003 226.0817 248.7228 262.8305 279.2158 330.269 343.8469 296.845 301.3326 257.1143 200.3339 185.0913 172.621 140.7431 113.9651 108.8389 167.5239 239.8797 277.888 317.141 348.2287 416.4321 442.916 490.1609 492.9897 438.3769 379.8606 364.1379 298.6748 353.824 474.0486
1066.1392 1007.6432 711.6681 425.1653 351.3183 365.3708 181.8988 153 156.9051 153.2471 153 153 153 153.1186 174.1634 197.4785 227.2784 245.0378 282.7081 345.7276 387.9626 408.7224 475.2315 501.681 539.9787 577.858 632.6929 645.6952 562.2087 496.9234 464.966 398.6156 367.7169 341.5154 314.1447 303.2428 294.7569 334.3137 395.1994 409.9781 428.4254 389.7482 432.9473 483.348 522.1382 560.302 594.7228 622.5623 611.6382 598.8235 511.6165 76.134 403.801 118.584 545.8557 688.485 751.1772 684.7868 605.9691 281.8775
338.0934 227.1045 211.973 335.8806 541.9326 619.204 663.6259 661.908 682.0038 710.7145 726.1832 689.6479 659.8231 619.095 609.9399 633.97 622.5939 568.8857 531.0052 563.291 569.4349 607.8945 652.7307 610.4138 516.985 486.7991 517.2619 459.0112 522.0547 518.5365 535.2271 567.4015 554.4767 445.916 543.1522 448.3438 520.8643 364.4334 305.0714 319.3901 286.2241 277.072 258.4073 200.1255 124.3715 372.4205 666.888 742.8137 594.7877 438.1036 208.518 167.7055 385.6716 678.8293 468.1984 431.2046 610.0961 363.1104 377.3857 550.0251
998.1492 888.9657 989.1645 885.132 872.8283 804.5886 742.5723 786.3427 757.5695 794.2377 852.3254 816.2079 736.4001 658.8474 625.3477 597.0651 607.2248 685.1302 734.2985 731.0479 696.1635 635.3403 536.8745 478.7939 609.4769 643.0817 601.5391 575.8224 691.2214 715.6829 643.6553 607.0455 562.9164 667.9833 778.0555 771.1295 700.3612 564.4358 758.8207 708.9105 508.2223 448.226 686.2629 641.8912 715.2888 628.6151 254.8616 92.1406 492.249 668.5729 481.4619 538.8729 623.8042 585.4716 814.356 805.5375 512.3247 346.2446 662.114 836.8602
535.3724 622.0346 646.0125 708.1506 774.684 707.8046 698.6253 742.3538 819.4616 838.0595 833.1245 658.3332 550.6133 678.4924 552.884 621.3579 580.5599 494.3074 519.2922 597.3131 640.3587 646.6454 719.8165 701.8334 783.9423 677.1803 510.8978 415.7134 503.0857 595.0385 769.3783 783.4441 605.2223 381.6328 393.1806 110.9942 103.0029 455.2193 545.5678 516.1367 533.1783 343.4038 200.086 116.0783 138.6918 617.9576 889.6771 925.3882 850.9916 779.3975 667.8936 603.7365 692.7144 944.2542 840.4335 789.8179 698.3987 636.1461 593.0632 636.1163
861.9506 855.8062 770.3709 787.0604 725.3071 734.4091 622.6868 568.3564 586.4781 663.0729 719.9798 765.1114 715.0297 683.6759 715.087 730.2513 597.5321 541.0982 530.9952 449.4078 503.0247 622.5018 706.7827 591.1091 280.0957 151.5033 179.8201 246.561 314.4304 409.6433 520.3888 397.6895 363.7939 654.1692 603.729 635.4899 900.5776 816.8683 842.0884 659.3559 841.0863 995.2359 1020.181 990.2984 776.9235 201.1965 164.9432 527.257 773.0889 719.9924 798.9915 890.6602 983.9974 935.1175 732.9357 313.1848 378.6629 287.7444 318.9957 359.1769
723.2245 685.5467 684.1266 655.733 576.6264 577.6881 569.136 564.0024 581.038 436.6346 343.5681 357.7662 420.374 433.3492 444.2225 397.4066 480.7032 347.3675 342.7542 401.5295 594.871 483.6212 519.2489 561.2332 383.6187 438.5373 549.5134 708.405 879.5342 871.9413 670.1669 701.5983 609.7606 758.8721 114.056 99.5837 429.858 756.5095 1068.5891 1030.6677 999.6133 1020.7751 891.6047 630.7748 386.232 54 177.3419 255.5211 320.3692 71.3241 113.4867 226.9771 595.2758 971.5712 699.0027 477.6546 322.8145 281.2038 634.7893 918.8901
698.2541 649.8107 558.3671 435.2452 528.3572 714.5168 729.7007 846.5208 899.7933 892.9821 850.1209 808.0711 772.2614 660.9698 783.1353 882.2773 953.7836 970.3747 1011.9589 1086.7286 1031.5623 997.5469 681.6601 442.1137 445.9516 884.1425 1079.2495 916.6318 1066.9209 1062.4169 938.7999 981.1203 945.6177 555.1351 652.8691 956.4006 1035.9291 1076.6848 890.4567 538.4514 180.0098 431.2396 376.6882 430.6314 768.3715 616.1319 834.0964 643.9151 456.6198 433.6103 698.1309 763.9269 886.8486 1232.821 1258.0096 1251.7297 1211.3159 1099.5128 954.2854 1197.7266
1079.9189 1105.2505 1156.4341 1191.5697 1192.0029 1175.194 1154.4052 1137.7235 1115.6298 1082.9271 1053.1381 1029.5214 1069.8921 937.5774 923.7701 1095.923 1085.8566 934.8583 985.8946 977.5022 850.4123 604.78 1018.1985 659.0219 501.1448 676.3301 677.8473 823.6779 1242.4944 1318.4097 1242.2944 1213.9058 877.3304 632.864 456.4267 234.8127 44.2319 141.8208 863.7373 1055.2444 591.9398 839.5623 977.186 1017.3549 1283.4194 942.0656 714.7532 923.0056 1202.1134 1251.0964 1147.2817 1085.8933 746.1552 733.1977 383.8627 458.8819 659.5791 733.0394 898.7026 1059.8083
1385.0072 1418.1858 1365.2804 1352.868 1401.13 1359.8687 1354.7019 1359.3496 1399.1239 1312.5322 1260.0367 1244.1556 1342.369 1249.5145 1043.1447 986.6918 1074.3369 1315.8849 1158.4944 1119.6584 1253.9678 1194.1218 1004.5328 950.4273 924.0204 869.5491 1095.0323 1093.9451 885.6692 583.3498 300.368 434.4751 1116.9216 1025.4204 1126.8088 780.9976 961.2192 1178.0543 1218.3436 1305.6581 1318.6676 1311.191 1378.7642 1360.4785 1228.0999 931.2688 703.9962 663.5922 512.1153 708.1011 706.2868 997.1302 665.6393 608.1221 713.8204 871.0174 756.3506 110.8902 153.4598 259.9568
1610.5786 1545.2906 1582.3774 1576.6796 1556.266 1564.9069 1608.2207 1691.332 1677.0732 1687.006 1654.3772 1615.5964 1527.3672 1495.3485 1446.9847 1379.713 1355.8456 1338.5098 1328.0853 1290.6375 1196.6061 1170.4388 1134.7203 1048.9358 1085.5564 1048.2845 749.304 686.1448 862.6962 1013.3274 1046.6548 1265.6827 1279.8905 1163.3668 1195.3434 1213.1757 1148.7621 1092.9697 1186.3287 1131.6018 1125.0781 1148.2634 1136.9771 1032.4968 1003.4444 1272.5336 1061.7681 1001.0557 989.6005 775.5497 663.6601 756.0381 486.5803 474.6293 684.8702 553.7798 632.4249 711.7644 832.7214 341.6486
1742.2068 1778.4431 1756.2056 1811.0547 1808.5891 1804.0957 1818.6505 1751.3698 1703.9406 1691.0724 1664.2539 1659.0354 1711.7192 1614.2487 1662.9996 1540.6031 1572.6482 1466.1156 1271.4282 1190.6512 1184.9734 1024.7672 696.5084 656.8741 671.0496 689.3606 754.4019 1031.6702 1154.113 1279.382 1357.7441 1314.7834 1344.4094 1324.1331 1383.0779 1432.1262 1566.8483 1564.9304 1529.6968 1513.2715 1494.9171 1502.1863 1343.8812 1230.7786 1134.2654 996.3101 922.9385 915.1395 599.8046 720.4581 864.6763 821.3409 808.0624 644.6448 782.2881 679.6235 721.3555 370.4136 352.6292 96.3723
1881.2256 1783.8337 1702.9863 1627.3273 1596.2074 1503.5399 1475.01 1428.0156 1373.5006 1370.9127 1361.4114 1349.8036 1225.7786 1177.5587 1288.7609 1260.2332 1302.6425 1152.6074 1087.2134 745.2301 677.2312 837.7448 1097.0536 1218.0991 1279.7134 1410.431 1315.4431 1165.5227 1088.6951 1194.0585 1387.5955 1487.2502 1504.1304 1455.4592 1375.8993 1515.547 1183.4095 1106.9774 1168.0077 1296.6766 1226.9725 957.3917 1061.2194 854.8998 1020.4138 819.3976 600.2444 863.7365 1202.5898 1172.0151 1043.5315 869.7617 675.3336 310.1586 447.2596 16.5095 -23.7396 -113.7557 -194.0674 -251.5128
1594.2162 1571.7472 1533.0243 1451.316 1403.7375 1375.348 1427.0789 1365.8779 1542.5272 1370.5219 1538.4456 1216.8741 1159.5905 1568.6332 1242.9258 1234.7097 1353.8425 1315.5946 1114.7379 890.0111 915.4188 950.6719 556.5455 520.6135 481.9682 442.1043 373.7756 331.1068 294.195 492.968 936.9423 1168.7883 913.5565 413.0956 812.1744 934.9046 1140.057 1384.2551 1316.5052 1317.1127 1329.5851 1479.1362 1217.038 983.3368 837.0654 797.319 1036.2726 962.134 956.6647 867.4992 822.9971 486.6427 40.9926 -93.9685 -192.5305 -253.9041 -292.293 -322.4277 -347.8458 -364.4926
1605.0183 1574.4843 1500.1487 1477.4862 1492.6915 1251.9077 1171.0371 1371.2461 1470.683 1434.3263 1486.0547 1555.8375 1523.7728 1488.8059 1493.5109 1563.7739 1504.9581 1238.6746 1027.3699 980.7608 1164.7114 1257.5271 1290.0347 1600.535 1566.1333 1315.4196 1346.6071 1082.2035 819.15 858.0223 507.962 567.2917 1025.9799 520.9601 493.5341 472.6144 448.8858 514.3218 766.2343 783.3945 846.0117 839.8933 683.6939 1058.9922 1010.9822 964.8431 979.8902 877.7353 506.2044 43.861 -129.9502 -235.8288 -291.7868 -325.4048 -346.4626 -355.1159 -353.9762 -350.7016 -348.7242 -347.6968
1141.5455 1337.5865 1379.2583 1460.4714 1471.601 1102.5219 877.5592 830.1532 1539.98 1606.5663 1519.6459 1306.7152 1137.2822 1097.1648 1084.2014 1250.6545 1218.4865 1242.5728 1403.8586 1442.951 1286.6587 1194.9451 816.053 433.5135 513.104 1153.1189 1277.0681 1166.9756 1102.5345 887.8331 588.2394 856.1505 750.5829 422.4506 634.7713 351.9406 75.1892 165.5211 199.0092 878.5878 657.6238 789.3052 1170.8151 795.5938 602.3219 562.4421 575.358 32.1306 -132.3359 -243.4679 -301.5927 -329.7896 -343.9736 -354.6634 -363.9534 -367.981 -366.9501 -358.2445 -339.7118 -320.0325
