Resources/Map/Lvl0_30x30/Ele_EJ.asc
ncols         335
nrows         335
xllcorner     10105000
yllcorner     -6725000
cellsize      10000
nodata_value  -99999.0
[rows 0 to 24 of 335, columns 57 to 113 of 335]
-2514.2263 -2583.3208 -2719.6194 -2838.2368 -2853.1533 -2862.0413 -2815.5051 -2569.7375 -2413.6926 -2597.0955 -2965.2534 -3203.7424 -3218.1931 -3256.2056 -3255.8328 -3251.5566 -3255.4883 -3192.2244 -3162.8123 -3216.8713 -3181.7063 -2999.6228 -2812.6167 -2685.2188 -2529.7063 -2483.0024 -2571.5859 -2589.3435 -2567.9995 -2625.0227 -2686.8945 -2672.9998 -2621.9778 -2612.5408 -2475.4988 -2472.1443 -2437.0002 -2371.3867 -2421.0337 -2650.2615 -2975.6328 -3035.9512 -2932.2627 -3200.6982 -3412.6038 -3527.2417 -3538.969 -3502.3652 -3541.3931 -3774.6643 -3891.3789 -3942.0454 -3996.9795 -4040.2539 -4008.729 -3934.99 -3887.6609
-2629.3987 -2691.3342 -2793.4775 -2850.8899 -2871.6982 -2837.2471 -2675.3901 -2434.8608 -2470.9895 -2849.5679 -3096.3413 -3178.9885 -3169.4216 -3166.5388 -3153.5105 -3143.8577 -3139.8782 -3115.4324 -3120.4624 -3135.4353 -3008.811 -2806.2847 -2580.7407 -2310.7207 -2152.4712 -2227.1819 -2425.8889 -2559.7625 -2571.835 -2557.1621 -2595.8574 -2620.1062 -2630.9807 -2580.2839 -2471.3691 -2446.5085 -2309.4185 -2290.3362 -2382.5991 -2570.7922 -2764.5044 -2913.4443 -2983.0857 -3159.0283 -3329.9756 -3458.4939 -3498.4939 -3563.8992 -3643.4653 -3803.417 -3837.3923 -3914.6089 -3985.8672 -3927.3325 -3870.8591 -3860.5159 -3780.7717
-2700.7932 -2705.2737 -2724.6396 -2814.0493 -2849.7756 -2756.6238 -2539.1455 -2429.7461 -2680.2241 -3018.8362 -3096.5977 -3057.4954 -3060.0286 -3070.3794 -3074.5212 -3099.5906 -3101.7703 -3116.8865 -3133.3508 -3130.4143 -3031.2454 -2815.4717 -2506.1541 -2165.0632 -2011.7117 -2134.5769 -2382.3203 -2568.509 -2572.8706 -2455.7119 -2435.175 -2550.2351 -2618.3711 -2554.7017 -2504.7542 -2485.0764 -2402.2886 -2353.1331 -2381.7583 -2494.5979 -2621.3931 -2811.7297 -3065.0447 -3225.769 -3354.6665 -3430.1912 -3519.6431 -3564.7517 -3610.7834 -3714.8801 -3818.7544 -3924.6582 -3939.4714 -3854.2747 -3793.2957 -3771.6941 -3687.918
-2562.5952 -2476.1472 -2618.9436 -2766.4087 -2780.7124 -2689.105 -2602.9658 -2662.9248 -2895.8975 -3011.7607 -3055.3538 -3013.3657 -2954.8577 -2923.2024 -2981.6125 -3074.79 -3043.0862 -3062.4958 -3062.6541 -3025.187 -2944.7798 -2747.0176 -2351.4412 -2032.4193 -1989.1923 -2106.8628 -2248.7205 -2360.0383 -2427.9731 -2434.7175 -2433.9951 -2478.3818 -2517.885 -2489.8928 -2478.9282 -2465.395 -2432.9373 -2329.3218 -2273.0813 -2383.0457 -2545.5823 -2777.6301 -3020.8635 -3166.5508 -3312.03 -3373.1377 -3449.7686 -3483.9316 -3564.5122 -3666.3975 -3727.9666 -3799.1741 -3843.7979 -3842.959 -3818.311 -3802.7388 -3809.0598
-2488.5811 -2393.2231 -2619.5085 -2768.1729 -2752.6794 -2772.2742 -2788.0447 -2786.1738 -2877.6956 -2924.7732 -2936.2886 -2951.9724 -2878.5564 -2822.0928 -2844.3105 -2940.8789 -2979.9407 -2987.585 -2911.583 -2783.5332 -2660.8308 -2513.5913 -2232.1528 -2006.8566 -1985.0358 -2167.6855 -2286.4026 -2275.9226 -2306.8972 -2362.4746 -2361.9424 -2366.6118 -2456.4761 -2484.0059 -2465.6069 -2477.2017 -2450.2805 -2388.6208 -2370.8623 -2406.3926 -2589.8538 -2790.2014 -3026.6985 -3166.0144 -3259.0269 -3290.8943 -3300.3896 -3311.9387 -3444.3369 -3530.3738 -3567.9639 -3684.3921 -3739.4458 -3794.4541 -3806.167 -3809.6287 -3907.646
-2529.0374 -2545.3652 -2680.0823 -2738.9468 -2741.6687 -2796.6052 -2783.2903 -2772.9238 -2783.6707 -2793.8416 -2782.1357 -2842.9363 -2802.552 -2740.2688 -2748.175 -2857.1968 -2916.5156 -2857.0496 -2721.054 -2634.7217 -2555.4519 -2347.8577 -2149.4487 -2046.4036 -2061.9761 -2285.9348 -2397.5071 -2362.4768 -2367.7229 -2376.2705 -2338.5928 -2329.9456 -2376.2585 -2412.093 -2415.0723 -2481.7146 -2484.6621 -2440.5754 -2431.9785 -2425.4683 -2542.0159 -2700.4512 -3002.4714 -3144.4851 -3210.4194 -3210.9519 -3114.4146 -3109.7813 -3327.5947 -3465.5764 -3551.2422 -3602.1702 -3687.8022 -3751.0493 -3758.2581 -3772.4875 -3787.0217
-2518.7891 -2622.0146 -2718.7383 -2735.5684 -2741.0874 -2765.1667 -2721.5593 -2717.72 -2686.9807 -2683.8318 -2658.8748 -2689.2739 -2740.8833 -2729.9424 -2737.7739 -2833.2522 -2840.186 -2718.0422 -2544.8708 -2465.3228 -2423.3701 -2291.4238 -2099.2332 -1985.4036 -2066.7495 -2225.3699 -2298.4707 -2361 -2392.2131 -2388.521 -2369.9041 -2351.5107 -2299.8682 -2307.9336 -2322.834 -2411.9668 -2436.8713 -2447.4983 -2437.2544 -2383.7275 -2325.3474 -2500.3054 -2861.1174 -3077.1262 -3153.7334 -3128.1299 -3004.2151 -2966.001 -3233.1768 -3428.3975 -3513.1868 -3587.3118 -3646.3169 -3660.4324 -3690.3369 -3724.8374 -3586.3494
-2497.2852 -2596.8137 -2651.2461 -2673.8584 -2708.5627 -2731.3918 -2704.5706 -2703.4043 -2656.9934 -2579.4893 -2543.5703 -2590.9995 -2700.1409 -2745.7253 -2751.0286 -2801.6047 -2780.8154 -2675.2158 -2519.1892 -2396.134 -2304.5657 -2236.303 -2089.8726 -1973.0502 -2025.4653 -2151.0447 -2275.647 -2338.2795 -2358.9697 -2366.4551 -2372.929 -2345.8792 -2286.5083 -2324.1377 -2348.5537 -2384.1912 -2374.6755 -2464.1743 -2469.4141 -2374.0833 -2156.8906 -2273.1221 -2541.7385 -2835.6768 -2946.3823 -2979.9031 -2985.6697 -2992.8035 -3174.0974 -3403.428 -3500.3508 -3577.2361 -3582.3181 -3532.2654 -3598.9358 -3605.0493 -3247.3796
-2454.5967 -2550.3579 -2588.5613 -2617.9021 -2637.563 -2677.2219 -2671.9407 -2659.9492 -2599.1475 -2549.9683 -2520.2234 -2555.4026 -2642.0466 -2705.8276 -2727.1333 -2762.5139 -2740.7742 -2626.8118 -2446.8491 -2329.0598 -2248.1609 -2146.6812 -2041.6016 -1971.8778 -1955.3267 -1975.8634 -2079.0791 -2186.0298 -2258.8748 -2291.7769 -2340.1157 -2344.7598 -2325.3843 -2371.7942 -2389.8496 -2393.8547 -2365.562 -2435.5093 -2435.9619 -2377.1565 -2192.3369 -2168.6274 -2386.4932 -2660.8093 -2759.1858 -2821.3059 -2935.9387 -3112.5078 -3327.3682 -3459.3245 -3515.5586 -3564.572 -3571.686 -3564.0522 -3549.7957 -3375.0029 -2837.8643
-2307.1218 -2428.8057 -2495.0337 -2512.7012 -2516.6294 -2546.2725 -2536.1187 -2512.9014 -2474.7107 -2445.7542 -2436.4304 -2524.6279 -2610.1477 -2696.2698 -2732.4282 -2733.7104 -2707.906 -2625.4946 -2503.6553 -2383.1924 -2251.2234 -2091.7542 -1998.5923 -1940.5966 -1907.3964 -1923.2638 -1968.8718 -2046.7998 -2145.3652 -2258.8408 -2357.5459 -2394.5564 -2407.4858 -2410.7229 -2397.3674 -2391.2246 -2390.4883 -2409.8286 -2415.114 -2368.2896 -2245.4417 -2170.7566 -2368.5347 -2553.1611 -2646.396 -2725.4314 -2895.1462 -3190.0598 -3439.0107 -3473.043 -3470.2671 -3508.7925 -3503.7036 -3503.0898 -3413.0459 -3075.3462 -2472.6011
-2169.5693 -2310.8513 -2401.1526 -2405.7568 -2409.2417 -2376.3975 -2326.9409 -2344.3606 -2376.9688 -2407.7832 -2416.0698 -2503.2439 -2586.5066 -2636.98 -2691.5049 -2698.3472 -2674.4668 -2628.6348 -2547.7229 -2455.6072 -2339.7366 -2151.6511 -2036.8866 -1989.5323 -1971.8131 -1939.8988 -1901.6664 -1962.2266 -2098.2791 -2232.0854 -2376.4116 -2467.3242 -2441.6919 -2403.3386 -2369.064 -2352.1367 -2385.9438 -2389.6267 -2417.5408 -2426.4048 -2321.3079 -2234.5571 -2347.5305 -2541.2739 -2670.563 -2814.9077 -2954.9924 -3174.355 -3388.0559 -3416.2266 -3438.1558 -3458.4517 -3438.3894 -3413.5591 -3333.2529 -3071.8403 -2635.3972
-2107.0156 -2219.7339 -2310.7073 -2360.2773 -2395.9182 -2392.7734 -2324.1177 -2341.6858 -2357.7668 -2398.0244 -2462.7068 -2524.3118 -2563.3137 -2591.2205 -2678.9641 -2693.4907 -2675.8223 -2655.1729 -2588.4751 -2487.8281 -2382.8357 -2233.9456 -2125.6077 -2063.8958 -2011.8528 -1961.4893 -1903.0786 -1939.5016 -2090.8479 -2270.4768 -2453.3591 -2545.8606 -2513.6514 -2442.6313 -2379.0823 -2329.6741 -2323.3882 -2312.3882 -2419.1777 -2515.8315 -2455.4634 -2452.1448 -2479.7725 -2609.3835 -2719.7305 -2897.8086 -3004.0708 -3140.1953 -3328.4666 -3395.8533 -3425.1206 -3418.1182 -3439.0933 -3359.197 -3288.0076 -3194.2617 -3055.3262
-2097.9492 -2184.6472 -2274.2307 -2337.9219 -2397.6296 -2427.3425 -2371.5903 -2357.8909 -2338.6821 -2402.1125 -2551.3362 -2622.2554 -2641.4153 -2649.0532 -2702.2097 -2704.0835 -2696.2363 -2684.2249 -2593.7778 -2477.9202 -2395.73 -2300.3843 -2187.99 -2086.467 -2017.2417 -1986.0928 -1947.3425 -1948.1874 -2080.3523 -2319.9197 -2531.1357 -2571.6245 -2568.2156 -2474.4248 -2382.7056 -2365.5054 -2321.344 -2290.2454 -2403.4329 -2533.7415 -2531.6975 -2580.2378 -2620.6975 -2663.0405 -2756.9683 -2858.9409 -2969.5525 -3174.5144 -3308.593 -3387.9985 -3431.1572 -3381.7422 -3371.0723 -3266.1284 -3262.7141 -3198.009 -3125.334
-2030.577 -2108.3228 -2213.166 -2334.2507 -2375.9719 -2418.0247 -2455.3704 -2408.4607 -2357.4734 -2460.6663 -2599.9524 -2662.3291 -2684.4626 -2684.3918 -2715.5232 -2700.6431 -2670.7434 -2631.0342 -2557.3169 -2449.5144 -2348.7036 -2276.8293 -2202.6731 -2106.4763 -2043.2979 -1993.244 -1970.229 -2008.8812 -2135.3354 -2324.7419 -2511.7532 -2591.0969 -2581.1001 -2494.2273 -2434.1714 -2434.8506 -2422.5176 -2393.7205 -2412.0437 -2492.457 -2578.4011 -2638.4673 -2690.1904 -2744.0359 -2777.6108 -2705.6326 -2755.6401 -2970.2087 -3141.9336 -3277.0571 -3346.355 -3333.0867 -3289.0801 -3184.0383 -3169.1299 -3061.8982 -2967.6113
-1923.5974 -2032.1542 -2159.2009 -2274.9539 -2368.4124 -2388.8 -2493.6919 -2496.7534 -2407.418 -2463.6968 -2590.563 -2683.7175 -2713.3232 -2731.1348 -2713.7742 -2647.5945 -2616.395 -2509.3215 -2437.0449 -2376.8098 -2287.9138 -2252.873 -2247.1118 -2168.8059 -2074.3496 -2017.7295 -1998.0933 -2047.172 -2201.0315 -2347.7202 -2475.8428 -2569.7964 -2573.0203 -2492.8928 -2471.0857 -2482.4265 -2474.4001 -2450.1113 -2444.4841 -2477.7659 -2541.0232 -2564.2844 -2641.5554 -2776.3811 -2761.6958 -2658.8259 -2615.6741 -2671.0828 -2876.6426 -3063.052 -3146.637 -3162.7627 -3113.1714 -2983.8699 -2861.4009 -2763.3938 -2675.6248
-1798.8291 -1952.2301 -2066.1572 -2138.1089 -2274.5955 -2281.1206 -2373.5439 -2455.9993 -2410.741 -2426.3799 -2553.5735 -2660.2593 -2633.3076 -2624.5701 -2622.2134 -2548.2639 -2514.686 -2396.3796 -2305.3062 -2271.3025 -2244.1794 -2238.6729 -2242.3945 -2141.8831 -2033.0402 -2008.1372 -1986.7471 -2011.7048 -2172.9204 -2327.8149 -2431.4146 -2465.1909 -2484.6289 -2458.1079 -2465.3359 -2486.0383 -2473.1189 -2475.6685 -2513.8213 -2475.8357 -2467.1111 -2493.7981 -2549.988 -2697.9277 -2742.7991 -2683.4563 -2574.791 -2511.6082 -2596.7253 -2712.4136 -2757.3308 -2802.2805 -2816.0566 -2734.613 -2590.7927 -2407.7998 -2328.6912
-1592.2197 -1698.8456 -1779.4509 -1933.0477 -2049.7256 -2081.8965 -2126.7305 -2164.2271 -2235.4136 -2333.6753 -2465.2905 -2542.4375 -2503.7842 -2452.7827 -2465.7124 -2397.8015 -2329.1169 -2215.1604 -2109.2534 -2100.7183 -2149.7017 -2125.6909 -2072.7905 -1990.8079 -1902.4413 -1897.1089 -1912.9126 -1950.6176 -2052.2532 -2169.2209 -2252.1194 -2267.8879 -2319.4932 -2380.1511 -2428.2349 -2466.5286 -2471.3469 -2498.5471 -2562.0381 -2524.2666 -2470.8469 -2461.8621 -2503.2832 -2596.7139 -2693.5417 -2661.0591 -2606.7361 -2496.5837 -2373.5156 -2364.5012 -2323.4636 -2382.0315 -2503.6326 -2510.0198 -2387.1306 -2167.4395 -2090.801
-1687.4865 -1623.5012 -1442.4819 -1560.2744 -1726.8439 -1807.6115 -1813.8911 -1776.4784 -1880.9487 -2049.6296 -2220.2104 -2304.9038 -2300.7017 -2242.5854 -2230.1504 -2180.8716 -2106.7568 -2008.8754 -1912.3915 -1899.2386 -1982.3804 -1969.292 -1880.9622 -1812.0825 -1740.703 -1720.9814 -1768.3782 -1827.3901 -1877.067 -1979.0587 -2042.9326 -2066.491 -2155.4993 -2250.8752 -2335.3098 -2415.5239 -2431.9387 -2479.9412 -2559.8723 -2559.2466 -2498.8354 -2446.9316 -2452.0354 -2478.834 -2561.064 -2587.5703 -2582.6318 -2502.3704 -2377.3501 -2275.5635 -2124.7615 -2105.6172 -2246.9783 -2330.0369 -2273.6785 -2149.7532 -2047.7533
-2056.4783 -2021.8367 -1631.6185 -1296.1403 -1233.9034 -1394.9716 -1502.5586 -1486.0222 -1539.3346 -1648.1199 -1804.0551 -1868.4539 -1880.0907 -1876.6715 -1859.9813 -1837.3398 -1808.7661 -1760.8483 -1698.8969 -1677.5577 -1738.573 -1749.4163 -1683.2985 -1610.4172 -1578.0039 -1603.6011 -1679.3531 -1739.0231 -1780.679 -1875.9812 -1935.0121 -1979.9952 -2046.0365 -2105.1028 -2171.2634 -2249.8867 -2306.4055 -2374.9768 -2436.7861 -2484.416 -2451.0776 -2407.6873 -2402.012 -2392.374 -2429.6873 -2468.5029 -2465.5464 -2473.8503 -2438.0737 -2323.9924 -2135.3865 -2065.4426 -2162.1248 -2252.981 -2269.3298 -2221.8865 -2136.4617
-2255.0874 -2345.9622 -2278.095 -1867.8839 -1490.4919 -1508.293 -1533.0746 -1454.2588 -1392.7981 -1376.9368 -1403.868 -1423.9967 -1455.458 -1484.9659 -1484.6304 -1478.5225 -1502.5125 -1540.7343 -1528.0042 -1529.9324 -1577.8953 -1594.5806 -1586.7214 -1581.0604 -1597.3536 -1660.6674 -1735.0842 -1798.7168 -1841.5687 -1889.161 -1950.9529 -1982.9381 -1996.8477 -2010.4352 -2008.0616 -2038.1478 -2101.2183 -2150.4055 -2213.8591 -2275.3645 -2293.0063 -2292.8643 -2290.2935 -2272.6038 -2221.2859 -2172.0598 -2172.8464 -2302.3242 -2381.6333 -2372.3291 -2278.8694 -2255.2219 -2300.6743 -2320.8284 -2329.1826 -2308.344 -2273.3999
-2570.0696 -2517.6294 -2685.1719 -2731.5559 -2579.2183 -2509.0247 -2233.657 -1912.9987 -1634.4951 -1481.1654 -1370.0752 -1265.4644 -1215.5718 -1255.4105 -1287.2518 -1330.1967 -1435.74 -1536.9695 -1551.83 -1580.7476 -1673.6674 -1729.4347 -1751.3378 -1779.2523 -1754.2432 -1756.5016 -1810.088 -1884.1038 -1948.468 -1991.6073 -2044.5002 -2068.4834 -2091.386 -2114.0664 -2054.7666 -1990.6471 -1903.1515 -1827.7253 -1829.6428 -1929.5033 -2057.3494 -2100.4099 -2104.835 -2075.2024 -1927.5309 -1808.2462 -1735.5596 -1825.9669 -1991.9365 -2163.5457 -2317.0613 -2408.4001 -2411.3074 -2398.1147 -2407.2271 -2405.1401 -2403.9656
-2744.7649 -2463.853 -2593.4263 -2920.5242 -3039.1475 -3127.9365 -2945.4773 -2602.6702 -2076.8347 -1676.9327 -1486.8036 -1294.5311 -1190.7573 -1218.6277 -1217.0304 -1328.1909 -1577.838 -1740.3538 -1779.542 -1702.3755 -1667.27 -1729.8342 -1736.4193 -1751.8525 -1697.7677 -1615.3584 -1656.6637 -1805.9784 -1908.2018 -2019.085 -2173.0945 -2282.4844 -2414.7466 -2518.4412 -2428.4753 -2278.189 -2043.6202 -1798.3956 -1629.267 -1695.3801 -1872.4464 -1972.6569 -2151.7852 -2252.8691 -2101.021 -1928.1133 -1667.1178 -1471.1279 -1480.5806 -1742.719 -2116.9946 -2273.6116 -2296.2397 -2354.6028 -2355.8069 -2376.7729 -2437.4695
-2963.8013 -2621.6902 -2760.6919 -3262.9414 -3494.0242 -3721.8008 -3672.4968 -3322.7815 -2585.0066 -1966.9486 -1832.6365 -1921.4468 -2058.6055 -1863.9836 -1336.4773 -1289.2755 -1774.699 -2242.2605 -2381.106 -2034.66 -1684.7651 -1664.9833 -1697.4061 -1826.5189 -1733.0421 -1451.8915 -1458.0468 -1632.3677 -1758.027 -1960.5973 -2204.188 -2375.2991 -2629.4187 -2931.9087 -2993.446 -2873.3179 -2665.3435 -2458.9583 -2309.094 -2273.71 -2190.6506 -2100.4114 -2321.9578 -2642.6809 -2788.3196 -2751.8735 -2547.4773 -2281.199 -2161.188 -2333.1995 -2439.8672 -2299.459 -2190.1426 -2236.939 -2201.7869 -2155.2102 -2168.7932
-3275.8489 -3052.2683 -3349.2092 -3972.1069 -4328.9453 -4588.3945 -4568.3052 -4170.8706 -3326.48 -2558.335 -2407.2224 -2733.6804 -3241.6147 -3205.5837 -2465.2991 -2247.3286 -2762.9443 -3402.5627 -3440.6389 -2846.0674 -2420.7041 -2390.1523 -2678.093 -3032.1829 -2769.5796 -2306.7974 -2433.8191 -2719.9214 -2929.4731 -3028.9443 -2988.6812 -2963.6094 -3076.6863 -3364.1995 -3640.623 -3716.6248 -3552.811 -3380.2144 -3346.385 -3263.6494 -3015.1882 -2679.9841 -2525.2031 -2607.5078 -2793.2195 -3094.6919 -3379.5547 -3463.9365 -3418.4395 -3354.4749 -3116.4133 -2892.6213 -2777.0256 -2741.926 -2596.0979 -2306.7122 -2079.4702
-3789.3831 -3677.5664 -3912.0076 -4219.1187 -4410.0947 -4742.2451 -4848.416 -4611.2705 -3936.5103 -3095.5889 -2646.7964 -2632.0505 -3200.6677 -3946.6807 -4048.4604 -4126.9307 -4319.8481 -4671.5898 -4601.0078 -3792.1597 -3094.9685 -3019.4663 -3635.9854 -4083.1055 -3748.26 -3653.8625 -4114.5059 -4462.2529 -4707.2246 -4738.5947 -4509.1216 -4362.4541 -4289.2666 -4247.5005 -4400.9771 -4563.334 -4441.2954 -4234.3218 -4214.3784 -4128.6367 -3935.4043 -3713.1848 -3427.4727 -3169.5686 -2896.4456 -3085.375 -3572.4531 -3778.2571 -3659.2864 -3374.0535 -2961.3108 -3098.7314 -3569.8687 -3859.3875 -3797.9294 -3405.293 -3003.4175
