Resources/Map/Lvl0_30x30/Ele_BB.asc
ncols         335
nrows         335
xllcorner     -16695000
yllcorner     3325000
cellsize      10000
nodata_value  -99999.0
[rows 286 to 311 of 335, columns 0 to 57 of 335]
-5675.8311 -5612.8765 -5692.1304 -5725.668 -5656.1523 -5595.3755 -5617.6128 -5719.2271 -5780.4126 -5664.9858 -5619.832 -5609.1372 -5602.5854 -5644.5605 -5616.1846 -5535.6646 -5453.5859 -5490.0229 -5593.5273 -5569.3271 -5532.1694 -5485.2559 -5440.2129 -5449.3481 -5482.8662 -5498.1401 -5475.146 -5520.2461 -5560.5996 -5458.3511 -5304.1587 -5336.1265 -5531.5229 -5544.71 -5447.1372 -5454.1133 -5462.6953 -5438.6914 -5429.603 -5445.2046 -5513.7485 -5597.4644 -5702.9004 -5867.8472 -5632.4673 -5550.4443 -5502.542 -5587.0811 -5682.0698 -5584.4736 -5446.251 -5390.3643 -5431.8462 -5459.5547 -5442.1787 -5371.0122 -5250.2227 -5212.3789
-5706.6606 -5699.3916 -5727.7578 -5706.999 -5628.6172 -5664.6812 -5641.875 -5704.1899 -5795.1875 -5666.0435 -5573.0786 -5605.7939 -5654.9121 -5641.2808 -5636.4863 -5557.3291 -5418.8179 -5483.0308 -5603.5737 -5589.0181 -5580.3052 -5517.313 -5481.5308 -5540.4932 -5571.8643 -5515.4751 -5433.1704 -5498.4395 -5532.2075 -5442.0972 -5339.7563 -5364.002 -5489.3677 -5531.1606 -5463.1772 -5400.0488 -5441.9849 -5473.5439 -5470.8877 -5468.0459 -5540.1919 -5648.6138 -5626.8501 -5483.6929 -5452.9746 -5554.1611 -5551.7886 -5491.9282 -5496.6499 -5487.5259 -5433.1558 -5410.832 -5394.0322 -5322.2676 -5365.2554 -5372.292 -5319.7656 -5272.9854
-5743.1748 -5814.8193 -5820.0415 -5736.8818 -5619.9326 -5684.2046 -5598.3901 -5694.6758 -5767.0283 -5659.001 -5531.6045 -5544.2012 -5674.1665 -5672.4883 -5672.8496 -5622.2661 -5499.7427 -5551.2002 -5610.2769 -5574.4717 -5625.8442 -5591.0132 -5544.5488 -5591.5225 -5575.9629 -5502.8193 -5411.3052 -5481.0288 -5519.6035 -5520.2012 -5515.5049 -5467.9229 -5411.3955 -5387.5542 -5309.7046 -5267.0771 -5415.9404 -5521.1689 -5527.3726 -5526.6826 -5559.6123 -5575.8789 -5503.4575 -5409.958 -5401.9639 -5478.1309 -5506.7568 -5472.4204 -5424.5347 -5433.5596 -5408.3672 -5384.6909 -5305.8438 -5145.3115 -5250.8301 -5345.6367 -5318.9272 -5323.1914
-5760.3394 -5851.6372 -5806.7842 -5722.6997 -5674.9585 -5729.2158 -5731.6689 -5719.3579 -5693.4419 -5575.7109 -5523.4175 -5538.3145 -5650.7832 -5744.1812 -5709.2759 -5762.7368 -5742.5986 -5659.7085 -5699.1626 -5650.0908 -5587.0498 -5550.4507 -5533.5313 -5563.7134 -5515.8975 -5472.605 -5384.8384 -5424.2749 -5494.2524 -5497.1851 -5484.7573 -5406.8535 -5301.6763 -5330.042 -5399.627 -5391.2134 -5455.2827 -5538.0581 -5456.1504 -5355.2012 -5396.5898 -5469.8643 -5444.4072 -5386.9829 -5353.771 -5315.646 -5332.6748 -5355.6064 -5314.5376 -5363.1309 -5392.9243 -5350.7817 -5357.1875 -5329.9565 -5344.2329 -5368.895 -5327.7788 -5302.6953
-5706.7842 -5771.4468 -5786.3306 -5690.7153 -5552.5049 -5617.9731 -5686.6475 -5708.9746 -5671.0664 -5512.9526 -5541.8618 -5612.1855 -5664.0059 -5765.498 -5721.7827 -5744.396 -5762.9922 -5658.7046 -5690.5439 -5683.0767 -5616.1069 -5558.0317 -5563.0435 -5559.0049 -5489.521 -5509.1313 -5449.333 -5423.1841 -5488.6333 -5491.1523 -5478.8901 -5471.8789 -5384.0986 -5335.1675 -5375.4741 -5385.4282 -5420.5483 -5477.3657 -5260.5854 -5028.8115 -5016.0376 -5204.0815 -5379.2783 -5409.6504 -5406.186 -5476.5396 -5453.5825 -5366.6772 -5328.1885 -5402.2266 -5363.478 -5201.375 -5261.0879 -5412.1597 -5382.4604 -5367.3838 -5377.0811 -5337.0581
-5599.6587 -5642.2256 -5678.6528 -5623.3706 -5449.5156 -5568.4897 -5678.293 -5709.627 -5663.5654 -5581.3311 -5596.6626 -5632.2393 -5685.6689 -5737.5293 -5797.9941 -5775.2012 -5709.0479 -5674.7905 -5679.4702 -5663.2339 -5686.04 -5627.916 -5594.002 -5568.5342 -5518.1094 -5543.146 -5501.4531 -5493.6211 -5538.3496 -5501.1875 -5461.1455 -5447.3896 -5364.2256 -5268.3101 -5255.1309 -5311.4165 -5370.8643 -5442.397 -5470.2534 -5393.8286 -5122.2314 -5034.6753 -5247.7461 -5432.9971 -5434.3071 -5478.4355 -5497.5679 -5453.4492 -5435.5581 -5459.3354 -5389.7461 -5274.7061 -5330.147 -5449.6309 -5460.6353 -5424.561 -5401.7021 -5457.5513
-5537.9648 -5582.7129 -5626.9312 -5648.7354 -5645.5107 -5648.4199 -5667.8403 -5648.9609 -5646.1177 -5671.9907 -5639.6313 -5628.2803 -5682.5161 -5726.7095 -5849.3857 -5816.9263 -5690.9512 -5678.8467 -5629.4658 -5599.437 -5700.8125 -5670.9204 -5588.7842 -5545.5723 -5507.6284 -5546.1343 -5485.8447 -5481.8931 -5540.9009 -5486.3721 -5448.9834 -5458.3477 -5418.2974 -5339.2476 -5317.1001 -5331.9585 -5326.7056 -5403.5073 -5581.2759 -5734.0513 -5644.4043 -5298.231 -5280.311 -5477.0513 -5499.6494 -5510.3076 -5494.9092 -5462.9546 -5477.8931 -5473.5835 -5409.1836 -5419.1211 -5446.1709 -5413.8594 -5462.3418 -5492.4209 -5520.3979 -5594.3672
-5620.2705 -5640.4219 -5607.0093 -5577.1196 -5594.1392 -5641.1079 -5684.3389 -5654.2998 -5645.0806 -5688.833 -5651.417 -5657.5776 -5699.855 -5699.4854 -5738.7065 -5727.0381 -5731.7949 -5673.0498 -5538.4473 -5588.8579 -5690.1558 -5598.1465 -5568.0405 -5596.5737 -5565.999 -5587.0664 -5499.5747 -5469.3506 -5541.0547 -5511.543 -5471.811 -5480.9233 -5497.2695 -5449.54 -5442.8169 -5459.0396 -5431.1245 -5453.3491 -5577.7041 -5720.6992 -5747.5366 -5657.9194 -5586.21 -5559.0244 -5515.0781 -5529.7583 -5567.1157 -5501.1909 -5444.5278 -5466.0513 -5443.3813 -5467.7139 -5491.5322 -5476.4673 -5370.6138 -5294.6621 -5484.4956 -5632.3315
-5635.105 -5665.6519 -5590.0391 -5488.085 -5477.4458 -5625.8877 -5736.8242 -5705.0337 -5673.1538 -5663.4658 -5662.7524 -5727.6357 -5698.6948 -5678.9878 -5670.9131 -5707.2344 -5822.9736 -5695.3677 -5544.1318 -5683.8105 -5688.2397 -5556.0635 -5620.0737 -5622.8589 -5598.8721 -5621.2886 -5537.3281 -5465.8521 -5484.2236 -5479.813 -5464.5532 -5479.5508 -5504.9346 -5423.6216 -5394.5317 -5494.2437 -5554.9209 -5554.5454 -5579.2944 -5625.3262 -5662.1597 -5654.6709 -5639.8008 -5598.8086 -5543.9204 -5535.7397 -5585.7422 -5490.2275 -5374.876 -5456.8047 -5508.6479 -5496.6265 -5526.2959 -5546.2671 -5239.5308 -4901.2266 -5085.9707 -5483.7598
-5556.2729 -5622.0112 -5590.874 -5520.7842 -5435.9497 -5580.1655 -5745.2163 -5772.6636 -5721.3301 -5637.8086 -5731.1914 -5868.3838 -5673.376 -5628.8271 -5685.3442 -5735.2627 -5805.6284 -5702.4902 -5597.4053 -5688.6846 -5653.7432 -5585.5479 -5613.52 -5550.5225 -5606.3867 -5627.0483 -5510.3574 -5444.333 -5454.6426 -5480.5313 -5485.4609 -5477.2598 -5483.3604 -5445.7188 -5422.9336 -5524.043 -5638.7432 -5656.5894 -5627.6924 -5593.5288 -5596.8691 -5589.5039 -5604.0518 -5608.5229 -5583.2021 -5543.1924 -5541.6611 -5490.6499 -5457.2393 -5522.6357 -5539.2852 -5481.9199 -5498.918 -5642.3843 -5493.3218 -5144.0854 -5078.2471 -5373.7778
-5512.6826 -5573.8125 -5583.1353 -5526.291 -5493.75 -5611.2598 -5703.5996 -5691.4531 -5702.7407 -5658.356 -5714.8203 -5871.5962 -5711.6792 -5664.7632 -5711.2583 -5690.6533 -5720.8447 -5773.7583 -5727.542 -5661.6846 -5677.5112 -5655.9243 -5474.5928 -5357.3799 -5563.6079 -5607.5356 -5461.894 -5448.8892 -5484.542 -5524.0322 -5479.3433 -5391.4556 -5449.9341 -5564.3628 -5593.4844 -5637.3218 -5693.7061 -5672.3364 -5630.5405 -5585.6924 -5568.0928 -5566.2202 -5574.877 -5592.3291 -5593.0801 -5570.3989 -5532.6836 -5514.6753 -5505.7554 -5536.7827 -5568.2656 -5505.9409 -5478.541 -5578.4922 -5627.8467 -5566.9502 -5457.5444 -5525.5156
-5503.6851 -5533.8223 -5570.6484 -5586.0708 -5626.457 -5691.5522 -5658.4111 -5600.6987 -5696.9849 -5729.6548 -5706.6748 -5805.1875 -5738.0156 -5739.3154 -5730.6265 -5667.5317 -5687.0005 -5763.5249 -5761.895 -5690.2148 -5753.6445 -5718.5527 -5533.7031 -5461.9082 -5592.5542 -5576.9976 -5504.7852 -5558.9854 -5534.3574 -5524.9629 -5465.5566 -5364.8359 -5486.5186 -5638.1182 -5659.4414 -5661.502 -5677.9521 -5662.9927 -5634.2456 -5596.6226 -5581.998 -5581.1841 -5579.3237 -5579.2979 -5573.0552 -5584.1343 -5573.0181 -5536.5591 -5504.4873 -5524.4214 -5559.728 -5544.6172 -5537.6274 -5502.0737 -5538.1597 -5601.6807 -5534.0332 -5508.144
-5522.1436 -5531.687 -5554.4902 -5614.21 -5667.269 -5667.5933 -5596.5845 -5543.3745 -5650.9092 -5738.3252 -5702.2134 -5698.2231 -5627.0601 -5693.7642 -5723.8911 -5679.584 -5671.1821 -5682.5317 -5743.5103 -5716.2163 -5751.688 -5714.1982 -5645.8677 -5633.1953 -5599.6216 -5477.103 -5517.1729 -5644.1118 -5591.2329 -5564.8052 -5570.0376 -5500.5498 -5564.1582 -5668.4155 -5680.7725 -5649.749 -5633.4438 -5644.8267 -5651.6313 -5625.0083 -5611.5229 -5601.1597 -5587.0322 -5577.0186 -5568.833 -5587.5215 -5579.8013 -5540.9712 -5515.4595 -5506.5825 -5488.6245 -5473.0518 -5483.8374 -5501.4268 -5528.5732 -5503.6543 -5436.3774 -5466.0752
-5553.4805 -5543.3799 -5540.3657 -5605.2847 -5655.2197 -5639.3535 -5589.4404 -5526.522 -5585.8101 -5718.6377 -5647.9502 -5562.6055 -5528.8936 -5592.3516 -5677.6016 -5690.3311 -5636.4468 -5687.6035 -5808.4448 -5742.2983 -5711.7852 -5690.4873 -5631.8833 -5655.3335 -5610.0117 -5456.751 -5498.6772 -5591.8833 -5541.4214 -5543.7324 -5604.0513 -5597.3804 -5606.7822 -5612.3677 -5602.4668 -5605.8677 -5604.2231 -5631.6982 -5659.4746 -5641.8218 -5627.4927 -5609.9863 -5583.5249 -5582.3794 -5591.0371 -5594.6147 -5573.4941 -5549.6899 -5533.6035 -5482.0679 -5460.4102 -5479.606 -5380.5796 -5410.7964 -5484.1636 -5423.8301 -5378.1929 -5488.6572
-5589.9092 -5562.6836 -5505.6279 -5544.9917 -5621.9985 -5628.7939 -5608.5879 -5562.3032 -5588.6797 -5687.7422 -5626.9141 -5586.1968 -5634.9478 -5601.563 -5646.376 -5694.2021 -5578.3711 -5669.9648 -5846.481 -5844.4902 -5766.2817 -5691.6899 -5613.6172 -5664.7031 -5682.7329 -5616.0122 -5600.9209 -5588.2988 -5506.1958 -5522.9067 -5625.229 -5702.9253 -5713.0156 -5616.2773 -5562.1523 -5596.2104 -5590.5161 -5613.0835 -5665.9429 -5654.2485 -5641.6367 -5619.8481 -5586.4297 -5575.2764 -5603.9409 -5635.1313 -5596.7681 -5558.2329 -5538.1987 -5473.4575 -5480.231 -5533.7012 -5355.959 -5395.4492 -5478.5396 -5445.0156 -5406.7803 -5469.9497
-5615.1392 -5597.6255 -5496.1646 -5471.4897 -5550.7642 -5577.2798 -5560.8677 -5528.0244 -5538.5698 -5587.5054 -5610.1836 -5669.0288 -5739.1665 -5620.0669 -5634.0845 -5696.3521 -5567.2583 -5556.293 -5694.8018 -5866.6953 -5772.3521 -5601.2334 -5625.4219 -5708.8174 -5711.4912 -5714.8267 -5685.6958 -5624.6104 -5546.6797 -5541.1821 -5628.6016 -5714.4272 -5730.6318 -5659.6733 -5614.792 -5629.7915 -5606.2935 -5606.0566 -5663.9531 -5672.8379 -5663.2085 -5638.8438 -5588.6914 -5510.7842 -5566.4839 -5696.6299 -5651.7168 -5581.0039 -5549.3428 -5508.1948 -5492.9199 -5480.1499 -5388.5869 -5480.708 -5497.3403 -5469.4849 -5444.7944 -5454.1909
-5578.4565 -5568.3589 -5515.2222 -5471.354 -5530.5713 -5576.2173 -5527.7764 -5510.7983 -5540.8306 -5563.0537 -5608.8848 -5706.6255 -5729.0459 -5644.9507 -5673.3013 -5669.5742 -5612.4111 -5508.2329 -5427.7778 -5683.4126 -5732.8018 -5535.9307 -5646.1924 -5768.6455 -5733.4175 -5732.1509 -5685.1816 -5647.771 -5621.8594 -5588.9868 -5603.3608 -5633.2085 -5663.978 -5715.4985 -5732.4634 -5713.3613 -5667.8682 -5621.9063 -5639.7192 -5660.3926 -5657.8779 -5635.0522 -5583.6494 -5503.2715 -5576.5342 -5715.0259 -5696.6216 -5632.4067 -5577.188 -5547.5391 -5535.915 -5489.5864 -5388.3867 -5453.7305 -5446.0288 -5491.0605 -5518.9683 -5501.9209
-5519.6514 -5526.9678 -5519.0747 -5482.3149 -5556.7808 -5606.8833 -5509.4043 -5523.2388 -5579.6978 -5593.3315 -5656.6563 -5719.2075 -5649.0293 -5648.938 -5693.5264 -5591.7886 -5618.2012 -5593.1353 -5407.3315 -5570.0264 -5748.499 -5637.0654 -5693.8682 -5757.6084 -5735.252 -5741.3457 -5687.6753 -5670.5557 -5661.542 -5625.9829 -5622.3472 -5661.9517 -5699.3271 -5771.7778 -5821.1758 -5768.7021 -5693.4707 -5635.7935 -5630.4849 -5656.5161 -5643.5981 -5617.7012 -5593.0532 -5579.9097 -5606.7959 -5644.0771 -5693.0156 -5678.272 -5597.3091 -5557.8081 -5588.3525 -5557.0737 -5325.9653 -5386.5605 -5412.5181 -5539.8003 -5626.0352 -5597.0483
-5494.2026 -5530.9888 -5482.4971 -5421.5981 -5507.6416 -5580.8335 -5527.5293 -5524.7109 -5572.4106 -5621.6826 -5701.248 -5747.6279 -5673.3623 -5651.7163 -5634.3042 -5539.8525 -5599.3496 -5659.2778 -5609.2163 -5636.0703 -5712.6113 -5625.1328 -5628.0337 -5687.8594 -5746.0156 -5794.6636 -5726.3589 -5676.6348 -5680.9482 -5681.853 -5721.5791 -5774.3813 -5753.1304 -5713.8433 -5742.6265 -5699.3125 -5585.3872 -5571.3135 -5617.9272 -5679.4443 -5668.293 -5631.4946 -5615.8384 -5619.4805 -5560.3101 -5561.6563 -5674.5752 -5635.3555 -5536.9854 -5551.3135 -5612.3374 -5586.7598 -5412.5288 -5470.644 -5476.3843 -5600.9858 -5661.3438 -5616.3472
-5466.1982 -5459.4888 -5421.3462 -5411.5234 -5466.9009 -5550.853 -5596.3232 -5537.48 -5529.9009 -5587.1533 -5664.5132 -5755.416 -5726.1733 -5640.5044 -5576.9771 -5552.6187 -5635.7939 -5637.8013 -5670.9839 -5643.2993 -5620.7056 -5634.3579 -5651.9492 -5664.3335 -5736.125 -5805.3247 -5728.7949 -5646.4717 -5666.6831 -5716.4629 -5796.6367 -5813.7813 -5748.8052 -5687.3882 -5679.2554 -5654.2549 -5574.3672 -5569.3179 -5605.2095 -5659.2324 -5678.7393 -5656.3096 -5633.7974 -5646.4624 -5552.6973 -5535.7944 -5639.4795 -5590.2549 -5515.7075 -5551.6187 -5546.0928 -5571.5513 -5576.0112 -5593.7329 -5583.416 -5625.2822 -5637.7485 -5552.8525
-5458.2012 -5419.7295 -5440.3452 -5471.793 -5453.6997 -5502.2788 -5568.5044 -5523.7881 -5511.2222 -5535.4526 -5626.6055 -5697.2021 -5703.7236 -5594.7744 -5556.3804 -5588.4263 -5647.6401 -5582.9453 -5656.1582 -5643.873 -5516.0728 -5609.7549 -5683.3032 -5644.043 -5615.375 -5641.7397 -5613.8081 -5573.7822 -5629.6899 -5686.8726 -5718.6011 -5706.3091 -5698.9448 -5714.8247 -5701.6084 -5667.4839 -5636.9077 -5647.1582 -5653.2637 -5644.1792 -5668.7642 -5687.2593 -5670.9683 -5668.6738 -5619.7256 -5597.6934 -5611.7593 -5585.833 -5566.9268 -5565.646 -5408.6709 -5468.2593 -5604.7153 -5606.6406 -5553.7676 -5460.0679 -5486.7661 -5527.8901
-5467.9307 -5448.7256 -5449.8989 -5458.6934 -5423.5957 -5447.4307 -5474.8311 -5485.4897 -5513.1426 -5503.5112 -5596.019 -5633.269 -5663.4912 -5533.8115 -5544.9849 -5683.8184 -5646.6743 -5516.3574 -5579.0044 -5664.103 -5485.2793 -5469.0435 -5561.229 -5582.1455 -5509.8843 -5525.1123 -5595.499 -5606.522 -5631.917 -5641.7441 -5603.4746 -5551.4702 -5594.2676 -5659.3975 -5662.0303 -5676.8076 -5692.9336 -5696.1572 -5697.2134 -5676.3457 -5665.0322 -5706.5151 -5717.6807 -5688.894 -5661.3022 -5643.0928 -5631.4536 -5619.5244 -5665.6943 -5658.1084 -5540.0449 -5554.6851 -5613.7725 -5620.9717 -5584.1992 -5437.4551 -5427.123 -5581.7915
-5444.9517 -5449.7373 -5425.3511 -5404.2285 -5421.6382 -5445.3301 -5438.3721 -5455.104 -5466.8604 -5430.4023 -5513.7832 -5599.5796 -5654.4775 -5513.1577 -5461.4077 -5582.7886 -5600.751 -5550.3452 -5524.2788 -5648.2354 -5543.7852 -5434.4194 -5529.0693 -5556.5947 -5510.6836 -5539.4146 -5578.9453 -5571.0259 -5581.3574 -5596.2178 -5580.3828 -5551.1143 -5578.4668 -5601.5815 -5604.0562 -5652.9971 -5692.063 -5687.1523 -5694.8062 -5683.8896 -5654.0288 -5679.4102 -5704.4058 -5677.9595 -5628.0835 -5621.1021 -5639.1055 -5644.9619 -5681.5386 -5647.5483 -5600.0659 -5589.4858 -5589.54 -5616.5723 -5633.7563 -5562.4272 -5556.1787 -5670.2876
-5399.3999 -5448.6416 -5421.0938 -5346.5811 -5386.2295 -5433.3667 -5419.147 -5437.3623 -5393.6064 -5348.373 -5457.9766 -5566.5728 -5601.3027 -5515.3857 -5441.792 -5451.2939 -5553.7007 -5618.415 -5564.8198 -5617.876 -5582.5737 -5492.377 -5567.5586 -5569.6274 -5541.0737 -5541.9609 -5495.1416 -5497.5894 -5532.9888 -5585.4272 -5602.3101 -5598.5269 -5596.1982 -5593.873 -5588.0601 -5605.7114 -5629.6685 -5651.248 -5656.4956 -5603.3882 -5581.6016 -5611.978 -5649.2656 -5646.3203 -5598.4385 -5587.0098 -5595.9351 -5623.1997 -5640.874 -5602.5376 -5573.582 -5543.8926 -5515.6304 -5581.3364 -5619.9536 -5594.1465 -5595.1509 -5690.3862
-5362.7485 -5439.2524 -5438.5815 -5352.7373 -5435.082 -5471.1377 -5417.5796 -5457.5967 -5359.9048 -5331.6304 -5454.5381 -5504.3965 -5474.7734 -5453.3145 -5481.6191 -5456.896 -5542.874 -5578.8047 -5513.7617 -5528.8657 -5571.5781 -5540.6338 -5592.9438 -5596.3276 -5576.3647 -5541.3496 -5501.813 -5528.1445 -5541.5508 -5589.4658 -5618.8892 -5601.2295 -5606.8281 -5616.5054 -5586.6333 -5566.9189 -5575.8398 -5605.3359 -5658.9014 -5640.0225 -5635.6709 -5637.0884 -5644.4507 -5650.9971 -5593.9868 -5544.3145 -5541.9927 -5592.1699 -5623.918 -5576.9077 -5553.1963 -5519.3945 -5504.4946 -5570.3301 -5601.8691 -5581.77 -5552.2905 -5637.4653
-5358.1191 -5399.0332 -5418.6753 -5378.6523 -5469.5806 -5474.9512 -5433.0708 -5503.0483 -5424.4805 -5412.4604 -5476.5386 -5503.6333 -5460.5171 -5457.6479 -5528.8535 -5517.5713 -5646.9526 -5674.2305 -5539.0483 -5542.8374 -5599.9756 -5535.3506 -5592.1519 -5585.7393 -5574.0747 -5572.5005 -5546.166 -5535.8618 -5552.7095 -5561.5098 -5575.3921 -5588.0781 -5636.3276 -5649.3447 -5617.1567 -5589.3579 -5609.6543 -5653.3506 -5679.9893 -5655.7715 -5682.9263 -5670.1719 -5640.6826 -5618.7637 -5539.3223 -5518.5366 -5544.623 -5561.8672 -5595.2368 -5565.083 -5528.8374 -5502.6958 -5478.8228 -5509.8433 -5548.5898 -5560.2505 -5507.5288 -5590.1016
