Resources/Map/Lvl0_30x30/Ele_FA.asc
ncols         335
nrows         335
xllcorner     -20045000
yllcorner     -10075000
cellsize      10000
nodata_value  -99999.0
[rows 0 to 25 of 335, columns 116 to 173 of 335]
-3644.1099 -3670.8264 -3772.2168 -3877.6194 -4033.2073 -4114.7344 -4002.9126 -3975.4734 -4014.6243 -4069.4495 -4094.95 -4121.2275 -4231.27 -4393.9214 -4517.937 -4568.8794 -4607.8525 -4705.4268 -4825.9878 -4898.0317 -4890.998 -4784.7598 -4600.3423 -4402.5 -4231.0059 -4071.6475 -3926.7856 -3828.8655 -3789.8396 -3788.3386 -3763.2688 -3692.032 -3687.4648 -3849.5449 -4131.0283 -4389.7158 -4555.7939 -4664.938 -4705.9414 -4626.3633 -4497.396 -4488.5684 -4612.1216 -4659.5371 -4513.7568 -4293.9097 -4142.2197 -4053.5564 -4005.0728 -3993.1907 -3994.8811 -3963.1318 -3944.5979 -3998.1091 -4030.0881 -3980.3047 -3947.6816 -3976.9761
-3717.1553 -3751.4905 -3797.4531 -3882.3931 -4000.0649 -3970.4265 -3888.481 -3866.3396 -3874.7781 -3884.1714 -3856.0591 -3897.364 -4001.6377 -4087.8984 -4081.9497 -4022.0442 -4001.6892 -4071.72 -4193.8252 -4323.7012 -4468.7139 -4615.248 -4715.4058 -4743.1313 -4731.7373 -4745.6836 -4757.7671 -4675.3291 -4504.9595 -4371.9404 -4282.0913 -4110.8506 -3917.6255 -3853.1033 -3899.9124 -3960.9683 -4025.7878 -4117.5781 -4202.9668 -4230.1377 -4254.8691 -4451.3569 -4826.9399 -5102.3994 -5060.5366 -4784.3521 -4561.04 -4479.2017 -4416.2715 -4275.644 -4100.2617 -3981.2896 -3941.5627 -3961.5374 -3959.999 -3926.7996 -3949.738 -4001.7598
-3838.3118 -3801.6897 -3818.6199 -3855.9915 -3846.1416 -3806.3757 -3784.6741 -3770.4419 -3790.7859 -3798.2786 -3787.8391 -3840.3066 -3903.166 -3919.5249 -3884.1848 -3802.6045 -3704.2961 -3632.5466 -3634.7605 -3726.4143 -3883.9587 -4052.085 -4198.8838 -4297.8013 -4371.3057 -4519.7598 -4731.0093 -4839.7017 -4760.9268 -4585.0132 -4407.4785 -4223.9385 -4085.8623 -4036.0449 -3976.4695 -3833.7075 -3703.2319 -3667.5989 -3691.8718 -3746.0164 -3876.9182 -4140.8789 -4442.9717 -4654.3677 -4756.9126 -4795.2813 -4839.1528 -4882.6528 -4845.4932 -4726.9204 -4567.1885 -4408.4229 -4297.2188 -4241.9961 -4173.8525 -4080.6438 -4026.3655 -3998.3618
-3846.4836 -3799.4719 -3808.062 -3833.4817 -3816.9399 -3787.6677 -3768.5195 -3751.2612 -3729.1746 -3753.6628 -3812.9585 -3825.1572 -3801.2871 -3785.0408 -3799.8577 -3735.6865 -3604.8083 -3493.9309 -3496.6016 -3608.7786 -3727.7886 -3763.6289 -3757.8608 -3760.4705 -3802.4609 -3956.2815 -4253.4912 -4567.1445 -4726.9736 -4664.6128 -4461.0615 -4285.417 -4267.7202 -4371.2983 -4411.8696 -4270.4497 -4059.675 -3900.1272 -3751.814 -3603.8608 -3552.9141 -3633.5442 -3744.8716 -3839.459 -3970.1453 -4134.1147 -4264.4985 -4345.6426 -4439.252 -4591.6675 -4710.8091 -4661.4194 -4562.4019 -4514.8291 -4460.6958 -4368.3169 -4265.311 -4128.6934
-3760.9856 -3755.4312 -3753.7925 -3822.4058 -3881.4089 -3855.1921 -3763.314 -3684.572 -3723.1626 -3818.1929 -3836.9478 -3758.4395 -3685.8877 -3719.8499 -3743.5334 -3665.6619 -3563.7722 -3532.7534 -3597.0261 -3687.1179 -3724.0178 -3680.7773 -3623.7915 -3608.4084 -3639.3833 -3699.6755 -3815.4722 -3997.9792 -4192.354 -4297.5332 -4276.0947 -4239.0063 -4316.6006 -4488.4688 -4627.9185 -4646.7373 -4591.2432 -4524.833 -4399.3828 -4192.7656 -3995.7493 -3891.488 -3865.7422 -3828.3037 -3738.8918 -3627.0088 -3528.6919 -3493.6631 -3627.9822 -3891.6282 -4134.8325 -4237.6094 -4309.4404 -4411.4663 -4486.5845 -4523.4453 -4522.5879 -4415.8765
-3611.9333 -3562.2009 -3575.1633 -3698.0417 -3828.0796 -3800.9229 -3558.3015 -3530.9509 -3773.8081 -3891.5999 -3871.8909 -3762.9683 -3763.1511 -3792.6353 -3675.4788 -3540.9089 -3496.1216 -3582.0776 -3694.26 -3736.7344 -3692.5862 -3614.7722 -3570.1614 -3568.8188 -3580.2009 -3584.3784 -3606.9592 -3681.9634 -3804.9863 -3907.1157 -3935.7075 -3956.1357 -4054.4294 -4189.3691 -4281.2734 -4329.2798 -4345.6694 -4331.4702 -4313.2729 -4308.5435 -4317.314 -4364.2969 -4485.3022 -4562.4854 -4460.3232 -4183.5688 -3844.3511 -3563.897 -3487.5583 -3545.6611 -3619.0327 -3658.8435 -3686.1584 -3741.5928 -3886.2915 -4077.9878 -4235.1328 -4310.353
-3503.425 -3398.6521 -3325.3279 -3443.9172 -3612.2173 -3621.5459 -3487.5203 -3593.6611 -3781.6174 -3824.3096 -3813.7922 -3819.3745 -3877.3857 -3828.7388 -3650.2793 -3534.4819 -3553.4868 -3692.7737 -3763.9451 -3719.1931 -3618.3521 -3558.21 -3554.5659 -3552.4753 -3518.4761 -3504.4243 -3544.3354 -3605.8164 -3640.239 -3636.002 -3638.4294 -3703.7937 -3813.5884 -3886.7507 -3920.1096 -3993.6606 -4070.3601 -4066.1958 -4006.7854 -3969.8386 -3980.7305 -4039.0916 -4175.5596 -4354.4404 -4523.1855 -4627.895 -4577.6738 -4389.8823 -4218.187 -4077.8533 -3901.9404 -3714.3142 -3553.3354 -3468.5735 -3532.9971 -3644.2007 -3717.3201 -3811.5996
-3851.6116 -3731.4656 -3430.4412 -3316.6313 -3319.0605 -3453.7275 -3588.8975 -3629.6052 -3566.8889 -3577.7327 -3695.4192 -3827.9968 -3827.2253 -3722.3411 -3608.0095 -3589.0081 -3676.175 -3777.7473 -3773.8213 -3662.5476 -3566.4502 -3561.25 -3574.1462 -3541.5325 -3492.6177 -3495.0454 -3544.7813 -3569.0098 -3525.5217 -3475.4636 -3507.9822 -3611.2639 -3687.2725 -3700.3264 -3704.4973 -3748.781 -3805.001 -3848.9688 -3891.3789 -3925.7144 -3937.1394 -3906.5378 -3843.9863 -3829.8489 -3973.1267 -4255.1475 -4456.5796 -4516.5171 -4564.022 -4591.8926 -4494.1221 -4272.582 -4074.7532 -3995.6208 -4015.4504 -3953.0869 -3743.9907 -3540.6155
-4172.7764 -3983.2141 -3503.2573 -3399.249 -3425.1501 -3672.0422 -3746.8645 -3517.6531 -3284.894 -3344.8533 -3534.9346 -3684.291 -3684.1157 -3656.5461 -3644.1252 -3698.7646 -3775.2063 -3747.6633 -3655.3721 -3577.9465 -3574.4063 -3582.8135 -3531.1453 -3475.1682 -3472.365 -3493.043 -3488.1113 -3451.8352 -3422.8762 -3466.4946 -3576.8235 -3636.4165 -3595.9072 -3550.9382 -3525.1875 -3449.3604 -3353.084 -3318.3669 -3332.4185 -3328.1121 -3336.7751 -3448.135 -3638.3665 -3802.813 -3941.3433 -4065.6309 -4106.0752 -4088.3152 -4157.7334 -4296.2578 -4382.4336 -4332.7549 -4262.6426 -4310.2725 -4469.1138 -4516.4858 -4337.6333 -4045.9778
-4209.1987 -3993.2422 -3584.3262 -3587.8499 -3659.5972 -3861.6201 -3852.1416 -3580.658 -3281.8198 -3169.8452 -3187.1472 -3309.2151 -3424.7712 -3538.7617 -3601.9158 -3633.4231 -3619.5803 -3539.4695 -3484.2439 -3495.4072 -3525.5801 -3498.79 -3458.3267 -3484.7339 -3531.8853 -3509.4106 -3426.6567 -3365.6167 -3381.5422 -3484.2043 -3581.9641 -3552.6421 -3451.4014 -3422.9004 -3446.7771 -3432.6389 -3418.3521 -3431.2346 -3353.6511 -3104.0483 -2845.2917 -2834.4246 -3020.4841 -3154.011 -3298.2185 -3590.6187 -3827.6077 -3856.7988 -3804.9167 -3833.3838 -3917.698 -3956.6841 -3958.3521 -4007.366 -4141.0796 -4280.3071 -4373.9814 -4436.1831
-4050.2664 -4019.7847 -3896.1592 -3848.6748 -3720.4819 -3700.9158 -3787.6169 -3819.3997 -3585.5945 -3282.0027 -3063.0408 -3048.103 -3157.9751 -3274.7395 -3315.2849 -3299.1653 -3257.9316 -3248.2668 -3291.4756 -3311.3228 -3285.0544 -3288.1401 -3384.2124 -3504.1909 -3517.9524 -3443.5981 -3382.1428 -3361.7893 -3358.0017 -3368.7234 -3358.0093 -3302.7983 -3282.0344 -3347.9971 -3441.5229 -3536.0825 -3656.7139 -3753.7112 -3747.7329 -3607.3967 -3387.1658 -3217.4141 -3073.3857 -2874.6614 -2829.759 -3096.9897 -3316.563 -3274.9976 -3266.8906 -3466.2815 -3687.7319 -3753.1155 -3756.0806 -3735.7859 -3661.1326 -3587.9792 -3642.6543 -3862.9851
-3723.0217 -3735.3784 -3749.9814 -3759.252 -3714.5193 -3712.0803 -3932.605 -4170.1753 -4034.9312 -3847.2195 -3623.1252 -3419.6565 -3300.6602 -3231.0742 -3157.1689 -3084.8853 -3049.5159 -3085.1292 -3126.6226 -3070.3223 -2980.4045 -3018.0176 -3184.6665 -3328.0513 -3359.3621 -3365.8843 -3375.1704 -3327.1426 -3238.0459 -3162.6765 -3115.5088 -3110.314 -3188.7698 -3316.9019 -3407.9373 -3486.5229 -3568.9421 -3573.5566 -3581.5786 -3702.2073 -3779.4307 -3687.6384 -3524.0977 -3409.4961 -3385.573 -3354.3596 -3085.7336 -2618.4392 -2554.3997 -3018.6946 -3569.7568 -3774.5701 -3798.9036 -3735.5486 -3556.3167 -3334.0261 -3260.0806 -3403.4961
-3464.8774 -3427.7192 -3416.0049 -3439.5562 -3508.3916 -3590.8525 -3703.9272 -3865.4487 -3942.7654 -4096.7144 -4037.9104 -3903.3337 -3774.04 -3647.1106 -3504.4736 -3352.814 -3272.9829 -3287.2607 -3260.4797 -3101.8369 -2929.4343 -2908.8496 -3011.4092 -3088.3213 -3121.917 -3194.1211 -3226.1106 -3158.2419 -3102.6084 -3107.4443 -3120.1292 -3130.6079 -3189.4011 -3271.1289 -3302.2483 -3287.7837 -3211.3657 -3050.1377 -3037.5093 -3336.6655 -3642.501 -3677.1826 -3600.5952 -3609.6589 -3661.0559 -3596.9363 -3333.7861 -2952.2209 -2856.5132 -3155.9863 -3546.9988 -3672.636 -3633.8499 -3539.0964 -3438.9561 -3358.9602 -3361.7319 -3440.8762
-3334.6377 -3294.5127 -3252.9199 -3225.946 -3228.7075 -3247.5171 -3265.4983 -3351.2961 -3522.5654 -3709.2058 -3674.4419 -3711.3782 -3847.2629 -3935.5002 -3800.2363 -3649.5637 -3610.7358 -3662.259 -3656.625 -3470.635 -3226.3525 -3111.6272 -3087.0459 -3027.0984 -2983.3787 -3030.7109 -3025.9551 -2926.4602 -2904.8069 -3010.4827 -3116.9897 -3147.2083 -3164.3643 -3199.7502 -3209.3328 -3163.9036 -3035.4185 -2838.1262 -2780.8904 -3017.0632 -3319.7493 -3454.1079 -3474.1714 -3473.7666 -3446.4937 -3391.0564 -3304.6416 -3203.4067 -3216.7402 -3353.2629 -3462.5813 -3423.9719 -3351.6592 -3315.2903 -3329.4951 -3357.4263 -3363.5142 -3326.4927
-3292.7368 -3286.4946 -3242.7856 -3192.5845 -3134.6921 -3026.4158 -2876.0696 -2797.5552 -2897.0117 -3047.2544 -3122.7886 -3235.0728 -3431.741 -3609.8567 -3570.4102 -3543.5151 -3608.2925 -3707.6482 -3800.1931 -3696.2693 -3528.9888 -3467.5476 -3451.6584 -3404.4146 -3377.2097 -3370.3154 -3211.9773 -2927.782 -2776.9102 -2876.6729 -3081.0881 -3177.1511 -3156.7366 -3121.2646 -3088.9192 -3054.8135 -3040.0344 -3014.5881 -2993.8506 -3069.8984 -3210.6318 -3325.3533 -3362.0151 -3309.7244 -3220.8093 -3214.8201 -3237.042 -3190.593 -3125.2078 -3109.6064 -3086.8882 -3027.6572 -3052.5161 -3186.9812 -3315.0913 -3359.3738 -3335.8535 -3267.9639
-3230.6846 -3270.3579 -3243.4639 -3196.3455 -3149.4731 -3062.2183 -2876.7561 -2650.6917 -2566.7603 -2645.0442 -2742.188 -2743.886 -2757.2744 -2871.873 -3002.8364 -3095.4841 -3136.6895 -3148.0979 -3155.4224 -3080.5164 -3077.3464 -3249.1521 -3388.6462 -3506.665 -3585.4138 -3572.6243 -3380.8052 -3119.5452 -3017.5408 -3151.5859 -3351.1008 -3397.4919 -3289.3562 -3145.2808 -3017.0027 -2948.0137 -2995.8303 -3086.1699 -3119.8003 -3124.5232 -3148.7954 -3190.9937 -3194.0183 -3131.8684 -3074.7571 -3138.3223 -3229.9148 -3201.2678 -3056.3057 -2947.8 -2915.0024 -2909.8557 -2972.3193 -3131.6646 -3250.9138 -3269.7827 -3271.5989 -3279.6814
-3134.8052 -3183.3342 -3197.1975 -3164.8906 -3097.395 -3054.1257 -3012.3313 -2909.0068 -2800.6619 -2782.8354 -2799.1936 -2716.6018 -2584.9001 -2550.4878 -2669.2893 -2803.3394 -2809.5901 -2703.7297 -2593.5576 -2518.1865 -2585.916 -2824.2983 -3047.1921 -3210.9355 -3267.9194 -3215.2344 -3061.5508 -2942.8098 -2984.51 -3194.3257 -3405.6895 -3502.9844 -3498.5757 -3423.3511 -3317.751 -3238.4778 -3210.2598 -3192.7778 -3139.6594 -3052.613 -2975.9587 -2958.5925 -2986.8154 -3020.4277 -3047.7031 -3073.8997 -3068.8198 -2991.2378 -2887.8264 -2874.1294 -2964.6157 -3046.5623 -3091.2952 -3137.1841 -3129.0176 -3067.9497 -3059.3767 -3128.509
-3095.209 -3090.5261 -3086.0066 -3068.8408 -3002.5435 -2949.2573 -2961.3101 -2983.2283 -2947.603 -2899.8577 -2906.177 -2915.7166 -2807.3938 -2591.9905 -2454.6208 -2508.9128 -2602.7898 -2604.5635 -2574.2207 -2552.5767 -2571.2078 -2688.2725 -2855.9971 -2992.9219 -3044.0022 -3004.8445 -2902.4006 -2805.509 -2798.5688 -2899.2964 -3066.5396 -3250.3777 -3414.7908 -3542.8848 -3639.3899 -3681.3816 -3614.9622 -3448.6257 -3238.2644 -3038.2002 -2895.4648 -2849.2803 -2902.4124 -3006.4072 -3062.5271 -2993.7991 -2878.3831 -2840.8135 -2902.2136 -2957.187 -2985.0847 -3014.3965 -3036.8042 -2989.804 -2885.4636 -2853.3816 -2933.9688 -3037.8208
-3101.3198 -3043.2095 -2991.8887 -2976.4292 -2929.6956 -2858.4141 -2859.5271 -2916.0063 -2913.073 -2859.8591 -2865.6125 -2919.6194 -2890.5535 -2719.7917 -2500.3735 -2452.51 -2564.9575 -2666.3594 -2709.2925 -2701.6287 -2641.6262 -2629.2717 -2737.1536 -2881.5383 -2959.5784 -3005.3616 -3070.4727 -3092.3621 -3016.2915 -2908.561 -2876.1379 -2884.469 -2930.8826 -3054.1235 -3258.3669 -3496.9089 -3656.9565 -3661.4124 -3519.3149 -3317.2705 -3126.333 -2990.1226 -2966.0657 -3006.0913 -2970.825 -2823.8499 -2733.1541 -2814.9387 -2960.1589 -2995.8601 -2919.9167 -2835.3403 -2823.4905 -2802.7725 -2772.4646 -2823.2732 -2911.8958 -2952.5127
-3061.9854 -2954.4917 -2869.4397 -2876.9897 -2892.2454 -2839.4924 -2837.0303 -2895.1311 -2861.9917 -2770.3101 -2767.4141 -2842.1926 -2879.71 -2834.8892 -2735.2969 -2715.8743 -2771.915 -2790.6475 -2760.3467 -2711.5874 -2648.8691 -2617.7905 -2675.8047 -2784.4463 -2876.3669 -2985.1938 -3137.8481 -3264.8904 -3305.3389 -3253.2119 -3130.7419 -2971.9897 -2838.7178 -2782.7109 -2810.8787 -2895.2109 -3027.6243 -3156.417 -3258.6753 -3348.5374 -3379.3159 -3300.4622 -3186.6255 -3107.1301 -3031.0874 -2931.5107 -2880.3616 -2911.6411 -2947.0557 -2936.0225 -2884.9336 -2805.592 -2744.8652 -2700.3618 -2696.0571 -2755.1965 -2819.9224 -2859.9341
-3021.8633 -2887.0059 -2803.7358 -2810.3398 -2842.4949 -2806.3049 -2797.1946 -2860.9775 -2870.3396 -2813.875 -2805.1497 -2861.5837 -2907.0737 -2889.6257 -2831.2559 -2824.9683 -2848.2375 -2836.2156 -2779.9277 -2709.2219 -2674.1797 -2676.5845 -2681.7837 -2695.2996 -2744.3833 -2825.8542 -2893.5139 -2935.175 -2980.0828 -2966.1162 -2870.6179 -2799.1931 -2786.094 -2698.8423 -2568.0349 -2474.9707 -2455.8977 -2525.0432 -2646.6719 -2781.1392 -2924.8003 -3017.2771 -3070.1699 -3130.7295 -3189.605 -3194.6143 -3116.1028 -2989.9504 -2906.0894 -2877.7275 -2844.3108 -2755.4353 -2682.4824 -2661.8989 -2646.3374 -2593.3423 -2538.5938 -2584.2915
-3042.9514 -2937.6118 -2822.4746 -2766.3623 -2788.0288 -2797.8606 -2808.4375 -2876.6792 -2923.0059 -2895.6362 -2851.5613 -2826.7424 -2827.677 -2845.7417 -2826.447 -2789.8728 -2787.0669 -2806.8271 -2794.1416 -2762.5649 -2774.2793 -2811.7058 -2804.6521 -2756.3757 -2727.9141 -2740.4194 -2778.7498 -2857.5076 -2967.4458 -2968.0371 -2818.2437 -2692.2439 -2648.1765 -2575.8945 -2478.9512 -2402.6106 -2326.2231 -2312.7039 -2384.8232 -2418.0801 -2369.1892 -2298.1931 -2370.6074 -2559.011 -2800.384 -3016.605 -3122.3127 -3084.5669 -2963.5737 -2847.0134 -2726.5144 -2608.8721 -2597.5732 -2684.1926 -2706.2241 -2563.7236 -2344.8135 -2252.5381
-3059.1958 -2959.5735 -2881.7417 -2876.5696 -2895.7612 -2855.7932 -2857.7246 -2924.8689 -2923.7295 -2833.9907 -2765.75 -2745.4397 -2741.1868 -2773.5027 -2788.6155 -2778.5486 -2797.8225 -2843.0374 -2862.0586 -2860.0842 -2863.0188 -2859.5527 -2827.5083 -2790.626 -2753.321 -2703.2485 -2704.0505 -2790.5891 -2910.3818 -2967.3596 -2950.856 -2925.5217 -2885.8291 -2780.9509 -2679.0457 -2673.2847 -2685.4187 -2643.5154 -2576.8027 -2480.7109 -2354.8008 -2226.5171 -2193.8726 -2230.7329 -2291.4297 -2414.4099 -2627.9297 -2896.6008 -3043.7466 -3027.7842 -2924.76 -2798.1985 -2713.5422 -2685.3672 -2652.2202 -2572.1025 -2506.2761 -2492.2437
-3081.6836 -3038.1353 -2996.4846 -2989.469 -2978.793 -2926.4001 -2915.8582 -2941.8044 -2871.4624 -2738.6345 -2705.4861 -2760.4561 -2792.675 -2810.3076 -2826.7683 -2852.781 -2883.9841 -2896.4792 -2867.3662 -2823.0664 -2803.802 -2782.7371 -2762.843 -2783.1912 -2772.0693 -2733.4275 -2746.1836 -2820.0908 -2943.4114 -3045.001 -3042.6431 -2929.4197 -2767.3765 -2635.6057 -2659.1833 -2780.4551 -2798.1646 -2757.2686 -2700.5371 -2601.6951 -2490.9084 -2399.3188 -2372.5742 -2380.7695 -2361.3103 -2296.7007 -2280.0796 -2377.9622 -2518.8787 -2648.72 -2809.8386 -2940.1951 -2934.6514 -2829.5237 -2695.8337 -2557.3174 -2515.2622 -2638.5593
-3011.4741 -2969.3635 -2983.2466 -3031.8342 -3055.5923 -3051.5789 -3022.7151 -2906.3521 -2616.1575 -2405.4783 -2482.6326 -2710.0083 -2841.0015 -2858.4333 -2839.8943 -2857.3948 -2891.7463 -2893.1287 -2848.3425 -2793.1494 -2760.4866 -2759.0686 -2771.5889 -2740.9553 -2651.6836 -2626.781 -2724.0593 -2838.1667 -2904.0042 -2804.2485 -2455.7478 -2027.4087 -1856.4486 -2072.4233 -2461.3933 -2736.4932 -2743.7058 -2792.8191 -2831.1235 -2758.2651 -2677.2803 -2622.4827 -2596.9485 -2571.4685 -2520.1099 -2420.1335 -2328.4509 -2268.6216 -2232.2356 -2314.1619 -2494.6628 -2799.2051 -3162.2905 -3268.8655 -3196.7183 -3005.6152 -2838.5898 -2815.3689
-3082.2385 -3103.635 -3091.3967 -3049.4053 -2980.615 -2964.8777 -2985.2351 -2928.2468 -2742.1726 -2577.2053 -2537.2996 -2575.9041 -2632.6907 -2697.9275 -2743.9761 -2776.7251 -2805.8481 -2816.7646 -2802.7957 -2774.7441 -2745.2112 -2716.6489 -2688.1729 -2687.5249 -2715.0164 -2755.2759 -2840.3582 -2973.7607 -3083.6218 -3005.6931 -2690.4084 -2349.9109 -2291.666 -2512.1914 -2698.5527 -2648.8904 -2558.4414 -2703.1255 -2778.6262 -2729.2224 -2689.1396 -2673.7246 -2637.4131 -2586.4712 -2519.7029 -2406.2981 -2375.0044 -2420.5229 -2413.5955 -2378.5469 -2327.3318 -2297.2317 -2387.021 -2619.4836 -2911.6938 -3099.5657 -3173.8003 -3089.0183
