Resources/Map/Lvl0_30x30/Ele_AF.asc
ncols         335
nrows         335
xllcorner     -3295000
yllcorner     6675000
cellsize      10000
nodata_value  -99999.0
[rows 52 to 77 of 335, columns 177 to 235 of 335]
-1145.9388 -1151.616 -1156.5519 -1164.4723 -1179.7845 -1207.042 -1257.2755 -1332.8409 -1438.9037 -1585.0367 -1767.9641 -1975.8585 -2184.5281 -2381.1528 -2563.6934 -2741.4263 -2917.4856 -3089.6719 -3246.7573 -3381.0862 -3493.8887 -3587.4045 -3663.9478 -3728.3079 -3783.5464 -3828.7012 -3859.4678 -3878.9868 -3891.0552 -3897.3276 -3897.1748 -3891.4275 -3881.082 -3865.0208 -3845.3535 -3822.248 -3794.5825 -3764.3262 -3735.467 -3712.0276 -3695.2891 -3686.5754 -3688.728 -3703.4878 -3726.2927 -3745.9502 -3761.7976 -3778.5977 -3794.7112 -3809.0237 -3823.9194 -3838.9631 -3853.3018 -3866.9868 -3880.3596 -3893.0918 -3905.8452 -3917.3081 -3928.0869
-1220.4924 -1300.722 -1394.4886 -1499.3422 -1624.6804 -1784.5942 -1972.7399 -2174.8567 -2386.094 -2610.7285 -2850.813 -3084.2036 -3286.2102 -3451.6062 -3582.009 -3683.8225 -3767.8 -3833.7903 -3877.2063 -3903.0879 -3915.9463 -3920.406 -3922.115 -3922.9656 -3922.6245 -3918.7878 -3912.3989 -3903.5569 -3891.6836 -3878.2571 -3862.2393 -3844.4722 -3824.2732 -3802.1338 -3778.0295 -3751.5989 -3723.9966 -3695.0886 -3668.6204 -3649.0701 -3634.3835 -3622.884 -3619.2388 -3626.7598 -3644.3801 -3665.7729 -3685.8906 -3704.1865 -3721.2302 -3736.584 -3751.5627 -3765.9783 -3780.083 -3793.6345 -3806.6406 -3819.635 -3832.3762 -3845.1418 -3857.5671
-2163.3857 -2310.5547 -2454.855 -2614.0332 -2775.2454 -2946.325 -3115.0527 -3269.4705 -3404.4395 -3516.9004 -3606.7891 -3673.6528 -3713.8215 -3734.4751 -3746.1135 -3751.9236 -3755.9104 -3762.2092 -3769.2891 -3775.5569 -3782.3108 -3790.5342 -3803.3406 -3822.7859 -3843.2993 -3856.8628 -3862.3064 -3861.875 -3857.7659 -3851.5847 -3842.3054 -3828.7485 -3809.2734 -3786.1956 -3761.1729 -3733.1785 -3704.5603 -3674.6184 -3647.2537 -3628.8076 -3616.2251 -3604.9578 -3600.1357 -3603.6951 -3615.4746 -3633.1902 -3650.0505 -3665.6465 -3681.7759 -3696.885 -3711.9915 -3726.2341 -3740.2207 -3753.7798 -3766.2871 -3778.5696 -3790.4602 -3801.7307 -3812.8545
-3397.8091 -3464.0042 -3509.3281 -3571.2236 -3636.1611 -3690.6914 -3734.9534 -3770.9089 -3799.9661 -3822.792 -3831.4844 -3825.5413 -3809.3735 -3787.8931 -3766.7651 -3750.3286 -3735.8486 -3727.6543 -3735.8188 -3757.3154 -3783.0557 -3808.1328 -3831.5305 -3849.5386 -3862.843 -3870.7405 -3874.3176 -3874.4915 -3871.9766 -3866.7554 -3855.7192 -3832.6702 -3796.5691 -3749.5205 -3698.8892 -3651.4675 -3615.9705 -3592.9343 -3588.6543 -3600.0884 -3626.8564 -3657.8086 -3685.3611 -3708.4272 -3729.1326 -3744.4949 -3757.2825 -3767.2031 -3775.606 -3782.7156 -3789.6555 -3795.4888 -3801.6289 -3807.1738 -3812.384 -3817.2458 -3822.1467 -3826.9531 -3831.2141
-3849.697 -3855.0232 -3854.0732 -3858.291 -3865.5945 -3870.4917 -3873.5718 -3877.2798 -3880.2725 -3880.6411 -3876.3406 -3864.76 -3849.6235 -3837.4646 -3832.5684 -3833.1484 -3833.9773 -3835.8071 -3842.9705 -3854.0308 -3864.6978 -3872.0051 -3876.5398 -3876.9783 -3874.9202 -3871.7178 -3868.6401 -3863.7581 -3856.594 -3839.905 -3810.0833 -3773.5637 -3742.519 -3717.9294 -3702.8601 -3694.7739 -3693.7139 -3698.3718 -3711.6902 -3732.2097 -3760.1624 -3794.2456 -3831.1931 -3860.4719 -3880.7983 -3894.2744 -3902.7173 -3907.772 -3910.0488 -3911.1072 -3911.1057 -3909.8389 -3909.0237 -3907.4827 -3905.9414 -3903.7837 -3900.7332 -3898.1057 -3895.0691
-3837.9414 -3836.0698 -3834.907 -3833.459 -3833.3083 -3833.9683 -3835.6814 -3837.7937 -3840.8369 -3842.6885 -3842.9819 -3841.9414 -3840.4346 -3841.2241 -3846.4456 -3854.4963 -3862.2314 -3868.1687 -3872.1411 -3872.2468 -3867.5068 -3856.1792 -3839.8987 -3822.3171 -3801.1936 -3779.8569 -3768.3154 -3764.2268 -3765.5283 -3768.3171 -3769.5483 -3772.1736 -3780.4666 -3793.8135 -3811.554 -3831.9968 -3855.2493 -3878.0159 -3898.8706 -3915.7893 -3928.1018 -3940.6257 -3952.9524 -3961.9995 -3967.4841 -3970.2842 -3971.769 -3970.2566 -3965.8799 -3956.1819 -3939.8735 -3919.2783 -3897.1846 -3880.6501 -3882.0173 -3896.4268 -3916.2781 -3934.811 -3945.6826
-3841.4346 -3840.1965 -3839.27 -3838.8604 -3838.8604 -3838.9929 -3839.6519 -3840.8289 -3842.4539 -3844.4272 -3846.7312 -3849.3284 -3852.085 -3854.9373 -3858.7568 -3862.9851 -3867.0952 -3870.2825 -3872.1602 -3872.5735 -3870.6621 -3865.699 -3856.4807 -3846.407 -3835.6677 -3822.7615 -3813.8904 -3809.051 -3799.675 -3789.7449 -3781.999 -3776.6067 -3780.3687 -3794.5588 -3812.1975 -3831.0317 -3852.7976 -3877.4329 -3899.9949 -3915.6052 -3924.6921 -3929.9592 -3928.3909 -3922.2776 -3910.5083 -3892.9038 -3866.134 -3832.0002 -3782.9509 -3728.0327 -3688.0496 -3679.0952 -3697.4805 -3743.9124 -3814.0349 -3893.8098 -3952.1101 -3978.6436 -3983.8066
-3878.3677 -3879.8318 -3881.6946 -3882.6455 -3884.2146 -3885.5837 -3886.4338 -3887.6899 -3889.2456 -3890.6165 -3892.376 -3893.425 -3894.3596 -3895.0496 -3894.9773 -3894.905 -3894.0605 -3892.2971 -3889.8711 -3886.5332 -3881.2114 -3874.5549 -3866.0898 -3856.3828 -3847.0864 -3838.4785 -3831.1243 -3824.3806 -3818.5076 -3816.5383 -3819.1323 -3822.3792 -3824.2122 -3829.106 -3833.7925 -3840.7131 -3863.0364 -3882.3228 -3888.0085 -3882.98 -3869.2976 -3851.803 -3837.3467 -3828.0437 -3823.3909 -3822.2253 -3820.7039 -3819.3271 -3811.4495 -3802.2 -3800.3059 -3808.6812 -3824.6045 -3846.9253 -3869.0564 -3885.4646 -3883.2405 -3858.1389 -3812.5977
-3918.9316 -3926.6616 -3934.1812 -3940.0916 -3945.7942 -3950.4106 -3955.0217 -3958.5291 -3961.8606 -3964.5701 -3967.0505 -3969.1072 -3970.9604 -3971.7988 -3972.3909 -3972.6033 -3972.574 -3972.3215 -3971.5618 -3970.5823 -3969.1348 -3966.4468 -3962.3442 -3957.1162 -3952.2031 -3948.4812 -3946.4424 -3944.938 -3946.0586 -3949.6699 -3953.3296 -3957.3611 -3960.4224 -3963.458 -3966.1458 -3967.9077 -3970.5627 -3967.3015 -3953.1387 -3934.6375 -3911.7485 -3888.3933 -3871.3186 -3850.7708 -3833.6609 -3831.3508 -3833.4675 -3836.3672 -3832.7576 -3826.9148 -3821.8789 -3811.9006 -3797.2297 -3788.6567 -3792.5635 -3802.7681 -3804.9729 -3795.7937 -3776.8403
-3928.7771 -3941.5635 -3951.3601 -3959.9978 -3967.6982 -3974.0935 -3980.2075 -3988.4438 -3995.5574 -3999.9998 -4003.5247 -4006.1533 -4007.5598 -4007.043 -4004.8308 -4001.2236 -3996.762 -3990.5989 -3985.7971 -3987.9285 -3993.7358 -3997.8191 -3999.6018 -4000.5601 -4002.1289 -4004.7422 -4009.1226 -4012.8901 -4016.6421 -4020.0457 -4021.0222 -4020.8872 -4019.2456 -4017.334 -4013.9617 -4010.0437 -4004.6111 -3997.1812 -3986.3647 -3973.4253 -3961.5593 -3950.5242 -3939.7554 -3926.2041 -3912.9624 -3902.1785 -3892.0183 -3880.3567 -3867.1082 -3855.876 -3846.2229 -3834.5764 -3823.0999 -3813.7058 -3811.0061 -3815.8865 -3821.7397 -3825.407 -3827.5466
-3840.261 -3840.1121 -3840.3989 -3841.8918 -3843.4102 -3845.3647 -3847.9617 -3853.1533 -3858.4534 -3860.9082 -3860.7495 -3864.0115 -3869.8325 -3871.8853 -3868.9233 -3866.3596 -3867.5237 -3870.9412 -3875.9832 -3884.6604 -3892.7585 -3893.1304 -3882.9817 -3858.4216 -3830.4629 -3817.271 -3821.9819 -3843.7061 -3876.3494 -3907.6921 -3932.209 -3948.1279 -3957.8796 -3962.353 -3962.8042 -3958.9644 -3949.8279 -3936.9055 -3919.3396 -3897.9192 -3877.009 -3863.1736 -3855.0557 -3849.9419 -3846.2488 -3841.4167 -3834.6521 -3824.8047 -3812.6553 -3805.7498 -3810.9219 -3824.3169 -3840.5723 -3857.4211 -3870.0366 -3877.7056 -3879.7195 -3875.9111 -3867.5632
-3801.4109 -3800.2666 -3800.0278 -3800.0278 -3800.0623 -3800.2097 -3800.4795 -3801.1128 -3802.0823 -3802.946 -3802.8118 -3803.2988 -3804.2708 -3805.0249 -3805.0796 -3804.7676 -3805.5608 -3806.7986 -3807.3723 -3807.9229 -3807.231 -3802.9438 -3793.6851 -3778.3823 -3760.6421 -3749.3342 -3751.6602 -3764.3596 -3786.9517 -3811.5198 -3830.8167 -3845.4482 -3854.9224 -3859.7771 -3860.4136 -3855.9521 -3846.1345 -3831.2241 -3811.9473 -3787.6501 -3766.3667 -3760.5762 -3769.5178 -3785.0361 -3804.1724 -3824.3167 -3841.5959 -3855.9724 -3865.1301 -3872.8184 -3881.6477 -3891.269 -3901.5955 -3911.8101 -3918.2017 -3919.0347 -3912.8884 -3900.0378 -3880.1528
-3791.2231 -3793.0652 -3795.415 -3796.5024 -3798.0874 -3798.9846 -3799.6335 -3799.9011 -3800.5513 -3800.6335 -3800.959 -3801.5115 -3801.8757 -3802.4426 -3802.9143 -3803.8115 -3805.2117 -3806.606 -3807.4363 -3808.7083 -3809.1953 -3809.1345 -3808.9722 -3808.2998 -3807.3662 -3806.9905 -3808.126 -3810.3186 -3814.3252 -3818.8662 -3822.0999 -3824.689 -3826.6868 -3827.3833 -3827.4431 -3826.8801 -3825.6794 -3823.8411 -3821.4858 -3820.2737 -3819.5647 -3822.7769 -3830.4287 -3838.2791 -3848.2327 -3858.2295 -3866.9475 -3874.4026 -3880.2524 -3884.8596 -3888.6438 -3892.3342 -3896.0608 -3899.2002 -3900.6802 -3901.5171 -3900.8333 -3897.5015 -3891.8198
-3786.0725 -3789.6626 -3791.9453 -3794.6335 -3796.6536 -3798.3608 -3799.3545 -3800.3047 -3801 -3801 -3801.7046 -3803.2534 -3804.9614 -3807.386 -3809.6843 -3812.5459 -3815.4578 -3818.8416 -3822.1304 -3825.0486 -3827.894 -3831.2666 -3833.9043 -3836.4375 -3839.2991 -3840.8982 -3842.571 -3843.842 -3844.9409 -3846.0654 -3846.3782 -3846.4805 -3846.5828 -3845.8074 -3844.8877 -3843.968 -3843.0483 -3841.2595 -3840.3088 -3838.6917 -3837.9829 -3837.5857 -3839.1458 -3840.0439 -3843.5137 -3846.1575 -3848.6968 -3851.1313 -3853.4617 -3855.6873 -3857.3796 -3857.6865 -3857.7268 -3856.7639 -3854.4141 -3850.5115 -3844.5542 -3836.8247 -3829.2654
-3787.4458 -3791.3479 -3794.3496 -3797.199 -3799.0229 -3800.1045 -3800.866 -3801.5076 -3803.145 -3804.0874 -3805.4294 -3807.8049 -3810.7764 -3814.2112 -3818.5986 -3823.1057 -3827.5779 -3832.5696 -3838.0615 -3843.4297 -3847.8352 -3852.4568 -3857.3879 -3861.7041 -3865.7124 -3868.9646 -3871.9275 -3873.4812 -3875.2107 -3875.7192 -3875.7356 -3875.7356 -3874.9468 -3872.3176 -3869.4111 -3863.9553 -3855.6118 -3843.415 -3827.4404 -3810.3245 -3792.4307 -3777.6814 -3770.8481 -3772.8979 -3785.5984 -3800.0225 -3814.1985 -3820.9502 -3818.2656 -3811.1926 -3802.8208 -3798.4319 -3798.5596 -3802.4556 -3807.2693 -3805.7988 -3797.2661 -3786.9963 -3780.6565
-3777.5027 -3783.5107 -3789.2874 -3794.0664 -3797.8013 -3800.2607 -3801.5337 -3803.4973 -3805.8315 -3809.1125 -3813.0496 -3817.0452 -3821.4678 -3826.0754 -3831.0557 -3836.6497 -3841.7307 -3847.3367 -3853.4421 -3859.5425 -3865.0261 -3869.5347 -3874.2798 -3878.1121 -3881.2354 -3884.3196 -3886.7029 -3887.3132 -3887.4136 -3887.4395 -3885.1414 -3883.0339 -3879.4412 -3873.7693 -3867.8091 -3859.0835 -3848.1165 -3834.9487 -3819.5759 -3803.1389 -3788.6399 -3777.4917 -3773.6433 -3776.2512 -3784.0474 -3784.4294 -3765.8171 -3724.2922 -3677.6504 -3640.0466 -3613.4456 -3597.6257 -3588.9807 -3585.6655 -3583.3982 -3579.6897 -3572.4492 -3565.8789 -3562.7305
-3725.4148 -3729.2393 -3731.2278 -3731.9629 -3730.6455 -3727.2666 -3721.8284 -3714.9868 -3706.8938 -3696.824 -3691.6602 -3698.8589 -3724.2131 -3765.2654 -3804.6428 -3834.1045 -3858.0188 -3876.407 -3890.8264 -3902.22 -3910.5679 -3916.447 -3920.3167 -3922.7725 -3923.5388 -3922.9656 -3922.7568 -3921.3354 -3917.8779 -3914.6917 -3911.647 -3907.804 -3902.074 -3897.6472 -3891.7515 -3886.4155 -3880.1904 -3873.8188 -3868.3303 -3860.8972 -3854.4902 -3848.0928 -3840.071 -3832.1677 -3823.4199 -3813.1177 -3798.9478 -3779.2146 -3752.4563 -3724.2383 -3695.6548 -3668.2456 -3643.8245 -3622.5269 -3604.6631 -3587.1111 -3570.8269 -3555.8022 -3540.8921
-3701.3665 -3695.1819 -3688.52 -3683.478 -3677.7039 -3667.522 -3648.2246 -3611.54 -3539.6323 -3420.5803 -3255.1125 -3089.5073 -2995.7542 -3036.9189 -3188.0342 -3345.7446 -3484.4438 -3606.0017 -3708.2083 -3794.1548 -3862.6641 -3912.8203 -3945.8625 -3964.7129 -3974.1597 -3978.448 -3978.6145 -3975.3774 -3970.5371 -3964.6685 -3957.771 -3951.4795 -3944.5059 -3937.3848 -3930.2456 -3923.1147 -3915.9736 -3908.8318 -3901.7014 -3893.5596 -3886.3545 -3877.2983 -3869.9817 -3860.8911 -3852.4639 -3842.2385 -3831.6492 -3818.7539 -3802.8845 -3784.9299 -3764.9026 -3742.8218 -3719.5906 -3696.7979 -3674.3613 -3653.9495 -3634.3145 -3615.553 -3596.6067
-3337.2705 -3269.2705 -3205.5779 -3146.4673 -3090.3262 -3040.4607 -2998.9695 -2968.7454 -2959.3196 -2981.5107 -3042.2234 -3112.3665 -3171.4866 -3213.272 -3278.3376 -3379.2964 -3486.3159 -3597.8672 -3704.2686 -3801.022 -3883.4248 -3948.6033 -3994.8105 -4023.8225 -4039.8462 -4047.1487 -4047.8494 -4043.7886 -4036.332 -4028.1067 -4018.2642 -4008.8445 -3998.7598 -3988.5173 -3978.2673 -3968.0347 -3958.729 -3948.5535 -3938.3228 -3929.072 -3918.873 -3909.5466 -3898.3701 -3888.1375 -3877.7686 -3866.3738 -3854.0974 -3841.6282 -3827.9128 -3812.5618 -3796.2065 -3775.6824 -3751.8455 -3727.269 -3702.3347 -3677.0815 -3652.8896 -3630.5654 -3611.7993
-3072.9619 -2886.1147 -2695.918 -2510.4595 -2344.0208 -2211.3572 -2117.7563 -2064.8416 -2062.1084 -2116.5095 -2234.6736 -2417.7939 -2649.6462 -2901.8916 -3153.0186 -3379.2705 -3561.6775 -3686.5837 -3775.4763 -3849.8257 -3921.6719 -3988.5435 -4042.303 -4079.833 -4098.3706 -4102.5659 -4097.7485 -4089.0291 -4078.0608 -4065.7104 -4052.2231 -4040.0654 -4027.3772 -4015.3103 -4002.4741 -3991.2705 -3979.314 -3968.2139 -3957.1367 -3945.0579 -3933.9458 -3922.7495 -3910.6899 -3899.353 -3886.3101 -3873.9736 -3860.6216 -3846.3936 -3831.467 -3814.1106 -3796.166 -3774.6721 -3747.3657 -3717.9478 -3686.4639 -3654.7012 -3625.6013 -3599.2463 -3575.8359
-3403.9402 -3305.4971 -3164.2571 -2998.8059 -2845.0366 -2741.1741 -2694.7766 -2679.6663 -2687.9043 -2712.1836 -2748.0393 -2792.2271 -2839.9277 -2885.9551 -2923.5168 -2949.2085 -2961.259 -2960.7646 -2961.0735 -2985.6509 -3092.1328 -3280.4138 -3488.238 -3672.6768 -3793.3401 -3857.4434 -3892.2319 -3914.259 -3928.9646 -3939.1084 -3944.9253 -3947.9956 -3948.8906 -3947.5933 -3945.0435 -3941.343 -3936.5879 -3931.6497 -3925.7175 -3918.7957 -3911.7754 -3903.7651 -3895.7549 -3887.6465 -3878.5005 -3868.4861 -3858.2122 -3846.542 -3832.0159 -3815.3135 -3795.5139 -3769.4646 -3738.0645 -3703.7593 -3667.896 -3631.5571 -3595.1521 -3556.5093 -3509.2183
-3485.6938 -3485.031 -3482.0901 -3473.3818 -3464.8325 -3457.1252 -3451.5493 -3446.3345 -3443.6733 -3445.3208 -3448.4294 -3452.8608 -3456.8118 -3459.4429 -3459.9614 -3456.2935 -3448.2349 -3436.4048 -3426.8149 -3427.0027 -3435.0486 -3454.6331 -3478.2285 -3504.4695 -3542.1526 -3592.3142 -3658.6968 -3729.2012 -3788.0283 -3829.4028 -3856.9617 -3875.269 -3888.1882 -3896.2424 -3901.5466 -3903.312 -3903.3484 -3901.4124 -3898.3804 -3895.6135 -3891.9583 -3887.2373 -3882.5278 -3877.887 -3872.5332 -3866.8953 -3859.3333 -3850.6846 -3840.2239 -3826.1982 -3809.0125 -3786.0542 -3758.2632 -3725.9224 -3689.123 -3649.2158 -3605.5447 -3554.73 -3491.0122
-3394.3076 -3400.8469 -3406.2759 -3415.6643 -3426.959 -3439.7437 -3452.8389 -3467.0806 -3482.4368 -3499.4319 -3518.3213 -3538.717 -3562.4023 -3588.5017 -3616.2175 -3645.6558 -3675.1223 -3700.0745 -3713.7217 -3708.4417 -3660.6841 -3546.01 -3339.1729 -3068.5322 -2923.376 -2951.7178 -3099.3943 -3282.1213 -3450.9578 -3590.4094 -3685.5383 -3745.5537 -3782.3181 -3805.219 -3821.5308 -3828.7778 -3829.3384 -3828.0752 -3825.9399 -3827.9307 -3831.4163 -3832.9006 -3834.2239 -3838.5193 -3845.1167 -3851.5134 -3856.3757 -3858.998 -3858.1921 -3855.627 -3849.6787 -3840.8792 -3828.4722 -3810.7422 -3785.407 -3749.0908 -3701.4702 -3642.3831 -3580.5688
-3343.1023 -3358.2683 -3368.6577 -3376.4043 -3382.564 -3388.502 -3395.748 -3405.4956 -3417.4282 -3430.3069 -3444.0447 -3458.5193 -3471.7485 -3484.5244 -3498.3564 -3515.1697 -3535.6858 -3557.9697 -3577.5515 -3589.8689 -3588.467 -3567.7434 -3528.4668 -3470.7859 -3415.0674 -3387.1416 -3385.2966 -3406.9336 -3435.5129 -3464.7905 -3482.0789 -3490.3523 -3499.5581 -3507.6587 -3515.7214 -3523.4463 -3533.4724 -3539.4443 -3546.2756 -3557.885 -3575.0806 -3590.344 -3602.918 -3625.0117 -3652.6702 -3680.7544 -3710.8469 -3733.8865 -3755.3074 -3775.5708 -3798.0151 -3820.7861 -3841.8389 -3857.1018 -3864.782 -3862.2151 -3849.6475 -3826.1162 -3792.5171
-3248.8406 -3281.6558 -3307.4004 -3324.8174 -3327.561 -3319.9065 -3316.8567 -3319.1648 -3327.3704 -3339.646 -3353.2832 -3364.5371 -3371.8833 -3376.2104 -3378.1094 -3378.8726 -3379.6033 -3379.9531 -3378.6602 -3375.7249 -3371.147 -3365.0139 -3358.8408 -3354.314 -3352.4583 -3351.4817 -3351.1831 -3351.8225 -3351.8225 -3350.0649 -3347.5291 -3344.7847 -3342.0137 -3339.2424 -3338.0149 -3340.0283 -3347.8999 -3357.0544 -3368.9355 -3383.2361 -3399.5977 -3416.2334 -3432.6008 -3447.2615 -3460.9583 -3473.5715 -3487.4204 -3501.6265 -3518.7864 -3540.4355 -3567.6274 -3599.1377 -3634.7515 -3668.584 -3696.187 -3713.8875 -3723.9519 -3730.2607 -3732.1133
-2981.5723 -3061.1616 -3126.0386 -3187.9294 -3233.6816 -3253.908 -3265.8713 -3278.3333 -3295.8772 -3321.8193 -3346.6812 -3358.7415 -3360.0613 -3355.5833 -3347.3877 -3337.2661 -3327.0432 -3317.6885 -3309.4512 -3302.3669 -3296.2815 -3291.6108 -3287.7949 -3285.2493 -3284.5085 -3283.9851 -3283.9036 -3283.949 -3282.7922 -3280.3328 -3275.4343 -3269.2773 -3262.6814 -3256.031 -3249.3806 -3242.1113 -3238.8733 -3240.9766 -3249.4744 -3261.9092 -3276.3 -3292.3005 -3307.4795 -3322.4871 -3336.9414 -3348.2598 -3358.8281 -3369.4456 -3380.8254 -3393.9194 -3406.6042 -3421.0205 -3438.7007 -3458.0037 -3477.3665 -3496.2549 -3514.3572 -3531.2307 -3545.0583
