Resources/Map/Lvl0_30x30/Ele_BK.asc
ncols         335
nrows         335
xllcorner     13455000
yllcorner     3325000
cellsize      10000
nodata_value  -99999.0
[rows 135 to 161 of 335, columns 0 to 60 of 335]
937.3371 1100.8611 961.9382 907.0211 757.8083 908.3027 1035.978 1147.7037 774.5402 647.4343 744.1418 559.2725 585.8779 545.346 658.5972 502.888 495.8971 451.29 349.4686 441.1285 330.1228 255.4398 296.6734 307.1969 275.384 298.7422 235.245 172.9237 197.7312 148.4735 156.5781 160.2565 159.1915 158.048 153.5208 147.3948 151.948 154.0299 150.1316 152.4752 152.1646 154.5736 153.8749 152.1883 159.5502 165.0661 148.6924 164.1482 162.869 179.9301 189.7371 190.6111 222.0487 234.9698 216.1849 220.6879 260.1456 254.4245 266.0838 260.3981 255.0298
1454.2882 1047.5669 929.3684 1027.6555 843.0137 1163.9648 1172.4705 944.577 788.1777 677.1662 691.3801 915.6494 527.4244 468.203 614.2864 509.0232 464.1625 434.375 361.0974 311.41 317.8268 256.1059 293.4664 272.9509 263.6097 274.722 205.6214 167.0957 139.5517 142.0751 155.6837 156.4853 150.1437 149.5005 155.6182 145.7164 147.0911 151.944 146.8398 153.0801 149.0408 153.9704 152.6669 157.1383 161.6164 146.8292 138.2299 162.9442 182.2064 201.7737 207.0186 207.1544 219.1797 243.847 231.7379 257.9123 261.8798 288.3802 255.7637 296.0856 278.7165
1145.188 952.1622 960.4095 858.0729 914.6653 783.7668 847.8252 805.6269 971.3655 702.1829 733.1981 601.3373 519.4061 498.9693 583.5155 452.4079 548.1009 348.5323 374.6181 315.7216 289.6719 229.2806 283.7264 338.1071 301.472 210.9374 185.627 151.2916 151.8216 144.2701 146.2369 145.6323 145.4838 144.6904 147.186 140.733 141.2544 145.4667 147.3445 147.7999 147.7547 153.337 153.198 159.9625 167.7646 150.1165 141.4219 160.0651 163.2295 177.3577 201.7172 211.9207 207.8976 176.5596 182.3907 196.176 197.9463 208.4709 254.4142 248.0491 253.0453
1038.7173 914.1415 920.844 781.8798 750.4997 655.9973 735.2432 746.136 951.938 860.3362 675.1072 670.2316 544.0176 514.7798 421.6402 347.6921 400.9501 361.7274 310.4736 312.9689 313.6768 227.7558 248.9921 294.0017 282.0297 212.3182 168.0281 148.6279 152.1324 151.3322 135.9209 141.1931 147.8261 144.1955 140.468 140.969 145.3353 142.4618 142.5465 147.3699 151.5574 148.3507 148.7806 158.4806 159.1744 135.7645 150.0149 138.9484 174.3069 167.0907 195.1021 192.8049 168.8617 199.7246 221.8898 225.0824 237.4858 253.7455 249.7934 278.3449 254.565
965.7687 958.1428 860.2056 852.4549 638.5226 861.4416 696.5926 911.9205 744.4506 797.3655 734.6509 537.3389 482.8004 491.5882 442.2384 423.5442 457.8397 294.3837 396.1646 395.5117 270.3006 257.2524 214.7354 196.5887 216.4436 216.9123 172.5806 151.657 149.3199 149.7438 143.2549 146.7299 129.8996 139.9016 141.6573 145.518 140.1253 143.4819 143.5632 143.8812 146.1642 146.8556 144.7009 156.8415 153.1225 139.8042 146.0141 144.0182 142.2562 163.7695 166.1968 168.4092 178.5673 203.5219 198.5791 218.3087 235.1221 246.3249 276.769 274.3486 208.6593
1191.9935 1009.754 803.9081 664.468 781.2975 718.8568 638.2498 745.0695 642.3538 811.4949 810.597 551.1605 605.4839 536.5258 534.9189 403.9457 315.1789 308.5779 325.7392 302.1409 382.8557 314.706 250.8752 194.0454 182.5614 186.7344 169.4975 153.4128 143.1821 144.4048 134.4126 141.3326 148.5299 140.8049 148.3282 138.4021 139.2141 142.9568 142.0512 139.9493 142.8364 145.9097 149.3145 152.6442 144.3811 140.0995 147.4432 150.2345 147.3226 153.5957 159.6999 178.5353 183.4182 193.2564 231.8241 225.4842 219.12 256.17 232.9014 224.6267 201.1407
821.1478 835.069 737.3056 902.556 675.7569 739.3236 652.9746 496.5801 664.2524 646.2166 896.6791 472.5044 431.1021 480.7567 450.2431 396.6955 374.0479 300.5425 302.4208 336.5445 355.6451 258.3308 248.0506 220.8855 189.5408 176.354 165.4711 144.1272 147.3305 146.8423 141.9907 138.9905 135.8249 134.042 135.4848 137.1952 139.2467 137.6677 138.2864 139.7209 137.4248 138.4756 146.666 144.7265 134.922 134.9788 136.8793 142.4275 152.0753 156.512 150.2931 181.052 168.4676 197.8588 209.933 208.7815 234.2208 248.1234 209.2469 184.9483 166.661
851.2108 759.12 732.8232 741.5387 680.2121 534.6442 614.108 570.7687 454.4335 573.2715 658.8215 525.65 457.0563 362.7851 328.8485 322.3094 395.5114 304.184 241.3121 276.512 271.397 261.1567 211.5587 190.7256 165.1129 165.6841 140.009 153.0025 141.3997 142.1552 141.4737 136.1864 140.4528 133.2969 136.9839 133.5747 136.2791 136.6933 137.2662 136.2132 139.4337 141.3783 147.438 138.4282 135.5532 140.0856 146.9559 138.0317 149.0824 151.4402 159.3741 158.6224 173.4651 196.945 191.7105 211.7654 240.0495 201.7706 191.8551 193.9079 141.3761
772.0433 873.1564 872.4736 670.3801 771.5042 699.6117 792.0741 569.7614 442.9923 509.9337 440.4133 432.0013 500.1552 562.9824 618.3265 405.3243 313.6374 244.415 267.618 263.5271 208.0094 193.6382 186.0669 170.773 162.4295 148.7077 140.182 134.0628 140.8692 135.0764 136.4946 136.0967 127.0851 135.3957 128.8166 135.8341 135.2414 134.8235 133.5209 136.5128 138.7746 143.7924 151.0917 130.3557 132.0278 139.4853 141.5349 149.0038 145.118 147.6545 152.7558 161.2535 163.985 173.2682 196.3206 224.4551 234.0068 202.6693 198.1652 144.1098 135.1336
889.4224 875.9464 884.9779 777.9589 615.8323 702.4672 534.7873 642.8391 487.2903 418.8342 367.4481 473.825 422.134 512.2539 684.6057 457.925 357.5523 326.515 286.3261 261.7573 231.47 275.1405 208.8614 213.796 198.2642 153.2031 116.2374 137.6259 137.0021 134.5473 135.8609 134.6935 134.7725 133.0806 129.9616 134.071 132.2166 131.4837 132.7035 134.6475 134.8428 140.762 132.8968 125.1181 132.7383 134.0722 139.3719 137.6197 140.5421 144.3319 150.1431 154.7232 160.4146 177.4501 197.2823 211.052 204.9176 201.5147 170.9082 129.4925 136.8015
1085.8521 954.7953 761.3393 774.7587 696.9896 749.1198 854.9415 647.0048 708.2982 594.7533 429.2422 351.1251 378.285 432.9885 446.4131 404.5445 333.0078 321.2311 347.9113 355.1683 328.7091 281.5693 263.9783 234.4796 186.2646 139.5062 116.3887 142.4557 135.9233 130.2228 135.134 138.9867 131.0813 135.1492 134.4861 131.2142 136.908 133.06 133.511 133.1392 138.1094 139.911 133.1769 129.677 126.9097 137.1389 138.888 139.6463 136.7961 143.1897 144.6936 154.5927 162.3903 167.1017 178.3063 200.5182 185.5161 187.0235 152.8349 130.6889 137.609
792.392 872.4367 726.0768 591.4424 693.2668 866.8403 832.8774 644.4882 498.0884 505.944 386.8018 388.138 389.6216 319.7864 343.3059 346.6756 316.3745 266.2152 267.8653 219.6521 215.1556 198.7151 194.9424 209.1764 184.5271 142.9461 145.5866 138.7982 134.352 130.3674 133.9066 133.1744 129.5966 129.5381 134.102 128.0198 128.2492 131.608 131.7976 137.6228 139.4173 143.3467 128.7271 130.5997 135.7977 135.8006 136.179 136 133.0967 144.9321 139.3537 151.8417 170.8 167.9072 170.3272 191.7577 203.7158 179.8653 149.7112 126.4793 130.7993
683.353 619.1342 839.8904 643.277 663.1625 607.4202 791.91 664.7975 484.1038 430.9815 560.6859 452.6541 411.5009 346.4554 299.482 299.4593 298.7558 320.8076 295.6761 256.694 237.8854 239.9344 196.2927 172.8307 153.3858 144.3773 151.5399 138.82 132.7247 131.5942 136.7834 130.44 132.0516 130.056 136.4506 127.1626 128 133.8153 132.8328 132.0963 139.369 138.6567 118.9546 129.7656 138.2754 136.3658 134.241 137.8625 134.7387 132.4334 140.9121 155.1238 170.1358 157.9236 176.4797 206.9549 181.2284 172.6329 185.7358 151.6786 125.1757
714.9164 729.1002 668.345 506.8349 553.8945 706.2947 622.5826 671.2636 546.5151 543.5922 548.0101 542.3567 442.5997 395.0688 384.5668 346.5123 329.8884 346.7841 312.3854 267.7115 296.5324 244.7206 189.6603 156.6523 131.8937 144.0924 139.9835 140.01 135.0605 139.1524 122.7034 124.3964 129.993 139.6142 139.6173 128.6776 124.3179 132.0871 130.6449 134.2339 134.3028 130.4353 127.5378 124.1703 141.6029 140.1491 137.5605 137.5323 132.0449 136.3369 136.2825 156.4337 149.9673 144.7348 192.0974 163.1099 157.0736 176.6859 168.6488 177.6284 127.7378
1056.7632 734.0965 768.5364 682.9863 543.2173 452.9866 657.8306 672.7984 532.428 570.6426 583.4641 488.8767 454.5127 417.6235 351.1751 296.4596 294.3136 271.7449 224.3835 205.7073 192.8931 192.1301 171.9817 160.3809 132.5304 136.6989 140.1575 139.8405 138.0244 129.5325 124.9798 141.4935 127.6109 124.7968 134.415 133.3761 130.3082 129.8548 134.825 144.3548 130.8503 133.4395 126.1314 125.5057 132.8964 137.0017 132.4019 136.9772 136.7939 136.4195 140.6218 147.8257 142.9238 161.993 154.4048 158.6377 151.0417 178.0683 165.5182 184.2319 121.5374
772.2036 785.3569 847.8926 863.1139 709.0886 502.4623 416.2054 407.6635 424.1246 416.2269 402.891 438.3688 444.6209 390.4388 321.1572 310.042 288.2525 331.5121 303.3503 233.9482 197.6142 194.0083 214.9304 154.3682 138.6346 136.1082 137.1407 136.093 138.9403 133.0636 125.1085 127.5221 126.6665 126.9988 125.6112 130.6489 129.4357 132.672 127.9079 135.2499 134.3391 116.4838 127.7407 124.0055 140.5366 137.6537 127.1102 126.5426 135.8515 139.3232 143.3963 143.3477 123.6088 136.9928 141.8062 142.1563 137.8435 151.1268 173.8481 150.4806 130.1147
716.6779 675.9626 535.4363 579.0739 475.6799 493.8046 644.3812 495.5527 408.3393 393.2483 402.1148 357.8907 387.4616 372.5104 349.6581 325.3381 321.8756 262.0203 236.6955 221.1549 254.0528 206.2469 169.6194 131.7081 131.9174 131.5235 132.3632 141.7462 136.5635 126.0402 130.7911 135.7064 126.7472 125.8798 125.5822 137.6792 126.4377 125.7689 129.2372 134.966 124.1341 130.1846 116.5794 125.3924 134.0941 129.7814 129.0612 130.515 128.408 138.6314 149.9217 135.5297 130.3134 127.2794 134.3735 142.0991 136.6315 172.4722 143.8154 147.0939 161.9718
518.3454 485.9745 637.4705 521.686 562.6812 432.114 563.9052 478.2184 567.0573 536.9788 398.2647 406.9702 331.7638 368.2117 372.9677 365.7887 317.2852 305.1766 299.6801 261.6772 215.0346 191.7402 149.715 143.0338 136.6324 131.904 133.2669 136.5483 126.8528 123.2662 124.1645 125.0682 129.6186 126.4129 122.62 130.3103 128.0292 124.2284 127.0401 121.4346 127.2383 129.916 138.1829 125.2637 129.1341 131.1233 125.3402 126.917 133.2087 138.2222 145.3068 144.8448 158.3996 131.4439 123.8805 127.3334 129.3571 152.6509 145.7475 137.6094 144.4902
561.1355 647.2246 709.0598 638.9188 623.0002 465.1074 438.245 394.4621 437.6183 390.0177 333.0699 318.1242 346.3724 298.5215 314.0904 369.7215 320.4691 306.96 246.9689 229.3501 205.685 171.1087 164.9767 149.7296 125.4777 128.5616 132.9077 129.9636 130.743 129.0901 128.5244 125.1206 126.9 127.4299 124.0241 130.9531 126.2351 128.1658 125.6366 125.8309 111.499 122.7652 129.1187 120.1618 122.7889 128.0336 127.802 127.3519 139.3338 142.0573 155.8871 160.2329 144.9298 133.2907 129.6127 122.2785 118.7785 145.5417 174.1384 156.9524 136.7479
590.0056 690.1727 827.4764 689.1046 775.9097 693.4612 491.6675 420.6248 419.02 387.6643 422.6268 348.2477 273.9583 287.6938 332.2439 294.445 300.8028 321.6306 296.5026 233.7934 217.8631 235.3908 193.7637 164.7623 133.6712 128.8903 132.6451 124.714 130.0006 128.2436 124.2209 122.5817 113.6109 123.5757 117.0284 125.1721 124.9002 123.2982 120.1076 111.3491 115.0572 123.4052 116.575 115.7588 117.5697 120.0551 126.3037 131.163 141.1253 158.5136 163.9957 169.4335 172.469 147.7333 143.6474 132.8618 125.5229 116.509 138.3804 143.9914 157.8862
714.8949 740.5191 752.1235 668.8845 713.2803 795.4667 577.025 613.9947 506.3333 441.9706 453.8655 369.5149 338.4033 303.4452 248.5412 304.7337 262.2243 282.0138 275.9066 268.413 234.5508 199.4531 169.6318 134.4592 134.0007 127.4598 128.176 126.2413 123.3281 124.4709 139.9167 123.8786 117.3024 121.4523 120.1481 138.7405 123.4239 125.1338 117.0877 119.5318 114.9434 119.4096 120.3866 115.1337 118.9204 118.4157 129.5192 132.6404 156.9676 159.6188 169.6163 180.3916 189.2674 162.2572 152.5909 126.3279 120.7223 117.9625 122.91 123.1314 118.5089
976.2538 674.1595 570.8945 569.889 687.9293 628.4062 514.0364 457.5868 476.2414 385.096 373.5035 328.8637 336.7109 363.1395 255.0542 226.9543 235.382 230.5176 243.8278 225.8879 215.6285 176.9904 146.2558 133.7308 131.4037 128.3872 129.8326 127.9388 123.4438 124.2686 122.9717 123.2736 115.8655 124.1326 121.0188 129.2861 130.5642 126.6393 115.1147 108.3618 112.3763 123.1036 123.4713 120.555 119.6164 118.8763 128.5121 132.6838 145.4097 150.2723 155.6691 174.3719 184.9198 164.7841 146.543 122.8213 111.2134 120.5194 128.7072 127.4845 128.6846
674.0833 593.0143 542.4123 523.648 580.4902 598.2862 480.301 462.8616 373.6567 367.5872 371.6113 279.2273 267.6798 265.9594 273.6712 266.6911 213.8607 208.9051 218.9341 219.2985 182.9628 158.167 140.8591 137.0124 138.1713 136.3978 126.0323 130.8899 123.5172 122.3942 122.2491 120.6685 127.1788 120.7339 119.0226 122.3501 124.2909 116.698 109.2135 111.6128 119.0792 117.1539 115.1077 117.57 123.8216 114.5117 126.185 133.2316 136.2199 143.5374 161.5493 168.0578 180.036 150.9815 163.5937 166.9687 119.1448 116.331 118.1613 109.3889 109.9841
724.3136 725.7902 718.1647 501.6653 424.9142 467.7561 380.4302 421.7751 382.1665 347.2663 313.8465 314.3213 261.761 250.0644 210.8137 219.7622 198.3408 192.0793 181.4272 180.0629 167.0229 153.5711 143.8101 142.2052 141.2225 136.5833 133.2861 125.3575 119.3434 123.9266 120.485 119.1363 120.1863 119 119.4327 114.7197 123.5218 109.3297 108.201 119.6961 119.4464 116.9838 118.1405 111.8178 119.0229 119.7886 121.1161 132.9337 131.2727 133.4026 130.97 144.4927 156.0809 145.8267 136.4025 123.0276 107.771 108.6645 109.502 114.4686 112.2508
681.4667 573.7824 656.6016 525.6489 509.3422 388.2438 403.3347 346.4324 341.1937 293.8695 272.4509 261.9621 263.4009 256.1894 210.1084 187.703 181.3932 180.8325 173.7178 162.8525 158.1528 156.1172 143.838 139.8681 137.5118 137.4863 133.2417 130.8089 134.5976 133.04 126.5556 122.6571 125.5153 126.5931 123.5524 123.318 122.7502 114.5914 117.2816 124.9066 117.0536 122.3469 117.5829 115.0057 123.2385 121.3756 120.8056 122.1661 118.4594 115.82 115.6185 144.6381 156.5353 143.5062 105.0566 112.5591 109.83 114.0212 114.9832 129.4272 128.6485
453.3779 429.6288 469.2761 547.6283 474.655 512.7853 505.3446 423.8377 331.4554 290.1014 294.7002 291.5466 264.1169 227.2832 218.1115 175.1983 168.9595 165.0504 164.6723 154.1425 149.4729 146.3638 142.1852 137.4524 136.9774 135.4078 128.0347 133.6638 131.1446 131.365 127.622 121.8914 121.9124 122.7399 119.6372 124.0805 114.7669 112.8705 107.2694 108.5902 123.5567 121.0811 116.1942 114.1941 114.0155 116.8384 122.6114 123.4164 118.1263 116.2124 112.9014 115.8882 111.8527 107.0253 107.4655 106.9626 113.6034 117.7395 138.4723 147.7866 169.5727
479.8012 470.9993 453.8219 494.0922 457.6336 375.3263 388.3755 360.6116 362.314 327.3851 268.5246 241.4056 226.2437 215.2151 193.6548 175.3611 156.9069 150.3162 157.8917 152.3017 144.9629 138.9924 139.8813 141.2534 138.9447 136.849 135.8716 134.4885 129.3366 125.1961 128.7607 123.235 124.0137 121.5898 122.1185 117.9154 113.6134 112.6632 115.0672 116.0051 117.6077 119.4139 122.7574 116.9053 119.3937 114.0325 114.758 117.8396 116.4271 115.2393 113.4369 114.0855 107.3752 111.1359 117.5733 152.8843 155.1055 156.2292 159.6777 160.7126 165.5947
