Resources/Map/Lvl0_30x30/Ele_DB.asc
ncols         335
nrows         335
xllcorner     -16695000
yllcorner     -3375000
cellsize      10000
nodata_value  -99999.0
[rows 200 to 224 of 335, columns 228 to 284 of 335]
-4135.7725 -4138.5732 -4238.4131 -4170.1323 -4083.415 -4154.9155 -4120.4268 -4013.8992 -4069.0698 -4125.3037 -4076.6904 -4070.6423 -4106.3833 -4157.5962 -4170.6196 -4136.1196 -4115.5225 -4133.3042 -4065.2446 -4088.7512 -4079.8079 -3951.3979 -3895.8184 -3918.6045 -3938.7556 -3926.0234 -3975.3008 -3991.3569 -4020.3491 -4065.5635 -4080.1108 -4130.7295 -4250.8789 -4254.1606 -4136.543 -3862.0679 -3653.9714 -3741.1699 -3975.0818 -3913.2119 -3688.9172 -3536.6531 -3424.2429 -3437.7937 -3541.5356 -3716.1787 -3782.0698 -3848.9673 -3892.4202 -3855.5608 -3667.1506 -3508.1729 -3385.5354 -3334.2148 -3078.9492 -3372.4502 -3201.5376
-4150.7075 -4110.7134 -4219.7041 -4154.6914 -4063.0886 -4113.5933 -4103.1045 -4051.7893 -4141.4985 -4139.9336 -4074.6772 -4143.3169 -4140.0723 -4111.1865 -4099.8311 -4091.4895 -4043.4258 -4049.178 -4029.575 -4147.2773 -4107.9258 -3954.9937 -3899.8071 -3904.5781 -3932.5894 -3913.6677 -3951.1846 -4030.8823 -4049.0796 -4084.5671 -4087.4761 -4039.1018 -4135.3623 -4261.6855 -4246.5991 -3948.6702 -3472.3408 -3345.9727 -3844.9893 -4225.6997 -4029.0898 -3747.0947 -3655.0918 -3626.9036 -3611.6206 -3640.6951 -3752.1758 -3818.7944 -3840.7048 -3822.9988 -3709.0601 -3655.573 -3739.9221 -3822.439 -3942.5938 -4081.4065 -3996.5542
-4118.1978 -4086.4521 -4272.9829 -4261.7773 -4125.5103 -4125.3989 -4108.1655 -4085.6311 -4114.1763 -4104.5552 -4104.6484 -4098.9556 -4033.5339 -4054.1055 -4055.7483 -4103.8896 -4068.1306 -4042.8887 -4029.1304 -4085.2991 -4065.6082 -3949.3335 -3870.4443 -3899.8508 -3938.062 -3956.5195 -3974.6042 -3996.126 -4027.5691 -4115.4507 -4135.4092 -4098.7134 -4163.2021 -4205.4087 -4236.6572 -4192.1245 -3948.7388 -3632.3015 -3686.0232 -4139.8545 -4283.7886 -4025.1355 -3766.9817 -3716.7961 -3764.9673 -3786.3003 -3733.8367 -3778.7107 -3864.4539 -3789.9219 -3791.5549 -3815.9219 -3731.4688 -3780.8274 -3878.1299 -3948.3965 -3984.385
-4119.2476 -4121.7856 -4279.8594 -4236.1436 -4099.4023 -4085.9451 -4115.1914 -4139.3345 -4141.0864 -4117.3843 -4098.5176 -4056.1228 -3978.6101 -4009.5034 -3992.835 -4071.574 -4086.3035 -4032.2283 -3938.0659 -3916.6868 -4004.7739 -4003.699 -3982.2087 -4017.2207 -3979.5479 -3968.1714 -3984.0796 -4032.9585 -4099.9702 -4146.124 -4159.436 -4110.9707 -4106.9014 -4097.8052 -4108.7095 -4130.5605 -4016.9114 -3782.9944 -3618.1526 -3603.1179 -3899.9436 -4003.7429 -3798.3755 -3713.3491 -3738.7314 -3788.0032 -3788.1472 -3788.1875 -3859.2908 -3851.2964 -3877.0605 -3816.0002 -3710.4675 -3756.835 -3795.7732 -3888.3442 -3905.1721
-4104.2607 -4165.9414 -4224.2632 -4090.6433 -4048.1624 -4044.657 -4070.2666 -4070.2593 -4124.667 -4113.3394 -4080.998 -4067.481 -3955.1497 -3978.656 -3962.5178 -4046.1536 -4055.748 -4005.084 -3943.9561 -3946.3464 -3993.5051 -4031.8547 -4005.2209 -4004.9756 -3999.8972 -3990.4707 -3984.075 -3995.3174 -4064.9314 -4072.7896 -4068.6089 -4071.5498 -4058.5344 -4038.0337 -3940.5972 -3800.0667 -3710.6035 -3612.6694 -3586.2712 -3600.7344 -3717.4573 -3804.7097 -3731.613 -3749.6287 -3763.6467 -3765.9001 -3774.1724 -3720.7151 -3779.2737 -3898.9368 -3859.4246 -3693.3584 -3648.1177 -3744.8079 -3751.3071 -3856.0593 -3680.0994
-4129.6934 -4186.2451 -4210.3838 -4049.6714 -4036.3 -4070.0393 -4049.9976 -4038.2278 -4102.8354 -4078.8357 -4110.9668 -4027.0676 -3915.9697 -3973.9102 -4034.012 -4102.8457 -3998.3928 -3998.9714 -3995.5962 -3950.9304 -3933.8066 -3993.3208 -4005.3296 -3979.4297 -3988.6785 -3985.2732 -3996.0132 -3983.1711 -4035.9014 -4054.6023 -4029.7075 -4024.4495 -4030.5964 -4032.0095 -4077.5784 -4024.7407 -3837.282 -3850.8777 -3854.1118 -3744.7493 -3839.5554 -3884.2061 -3850.6023 -3913.6455 -3935.1511 -3882.6133 -3746.7581 -3597.2529 -3682.1389 -3877.0693 -3873.6477 -3705.9319 -3738.4434 -3832.0093 -3805.6826 -3919.3972 -3754.2456
-4163.7412 -4214.9189 -4221.8477 -4012.0334 -4031.3806 -4083.1389 -4043.2458 -4038.8933 -4052.4822 -4045.7964 -4108.6816 -4056.0334 -3934.8047 -4019.1648 -4090.2654 -4155.4922 -4056.7197 -4055.605 -4070.7759 -4005.7068 -3962.1912 -3992.0735 -4002.49 -3980.0569 -3987.9597 -4006.2786 -4026.5837 -4021.8418 -4016.5823 -4026.2649 -4015.4377 -3969.6829 -4008.7803 -4025.2168 -4150.9346 -4157.918 -3769.1328 -3739.4885 -3936.2581 -3845.9399 -3893.5291 -3898.4131 -3730.1646 -3737.2905 -3901.9094 -3952.2993 -3705.7935 -3509.0059 -3595.6824 -3786.1802 -3892.114 -3802.4409 -3857.363 -3865.749 -3866.1606 -3912.272 -3784.2241
-4190.7393 -4236.0234 -4191.0562 -3998.8433 -4060.0608 -4071.6892 -4051.0706 -4016.4255 -4007.7988 -4076.3652 -4099.3965 -4032.6873 -3963.7253 -4052.2324 -4094.0027 -4097.6133 -4082.084 -4122.459 -4126.1538 -4023.9055 -4048.2795 -4044.6858 -4008.7876 -4016.8059 -4023.0908 -4074.4304 -4064.7332 -4041.3086 -4005.7661 -3958.7551 -3963.9224 -3978.3325 -4048.0283 -4015.8486 -4093.2502 -4228.5352 -3923.5952 -3680.6013 -3783.3147 -3811.4297 -3794.6343 -3731.4753 -3609.675 -3584.8435 -3700.1489 -3889.5032 -3880.3369 -3745.1296 -3724.0645 -3704.2485 -3847.3892 -3960.9243 -3990.2336 -3878.5149 -3800.1179 -3790.8564 -3780.8442
-4217.2559 -4249.4302 -4170.5059 -3986.4685 -4124.6895 -4091.4197 -4086.4189 -4047.3992 -4035.6165 -4050.1582 -4102.6357 -4054.176 -4045.8469 -4118.2788 -4139.5933 -4098.5322 -4114.5449 -4187.1201 -4144.354 -4060.5107 -4152.2651 -4138.0713 -4060.6111 -4026.0928 -4049.928 -4129.5229 -4073.2776 -4047.3096 -4037.449 -4036.9009 -4012.5298 -3997.2637 -4065.6987 -4050.2244 -4068.7153 -4185.5361 -3949.0247 -3486.3687 -3530.7544 -3724.9404 -3712.5164 -3686.5745 -3689.0945 -3708.0591 -3645.2097 -3736.2087 -3979.603 -3954.7134 -3788.3218 -3672.6006 -3707.2922 -3791.8193 -3855.8066 -3748.3235 -3625.3777 -3697.2849 -3785.6787
-4165.249 -4185.896 -4108.7393 -3959.6785 -4064.5007 -4021.2761 -3988.4546 -3920.1228 -3910.3765 -3998.98 -4080.9626 -4088.5178 -4113.5786 -4235.1738 -4165.4473 -4102.6416 -4160.6538 -4261.6089 -4168.1475 -4147.4858 -4209.2695 -4252.7163 -4282.4805 -4118.438 -4163.8594 -4215.3936 -4102.79 -4089.1123 -4142.3047 -4173.5239 -4100.521 -4027.8596 -4098.6094 -4133.145 -4119.3428 -4094.7764 -3979.8083 -3736.8926 -3769.8174 -3908.6094 -3913.739 -3921.8618 -3939.9868 -3964.803 -3823.595 -3765.9048 -4031.7471 -4097.7964 -3919.655 -3756.2832 -3695.9961 -3688.2874 -3662.2756 -3677.7949 -3647.8579 -3640.2429 -3692.95
-4168.4351 -4167.3335 -4072.0156 -4008.2925 -4064.8804 -3971.2007 -3907.1809 -3832.1606 -3845.8027 -3878.6636 -4007.6035 -4020.7407 -4009.8318 -4143.1025 -4055.0273 -3975.7156 -4100.8193 -4205.3301 -4156.0762 -4263.793 -4402.6064 -4525.7808 -4667.2861 -4361.2334 -4361.0894 -4348.9736 -4224.9673 -4311.2695 -4504.5532 -4538.7788 -4332.6997 -4053.6096 -4073.7114 -4169.6284 -4131.9458 -4067.083 -4065.8318 -3914.0784 -3847.7048 -3941.0522 -4031.4729 -4027.2532 -3995.9016 -4056.0415 -3989.356 -3819.0237 -3859.2424 -4081.1658 -4150.4707 -4021.4192 -3814.0369 -3719.2007 -3675.7117 -3720.5928 -3697.2395 -3739.5354 -3730.5476
-4231.0767 -4138.9502 -3998.7441 -4028.3025 -4040.0422 -3902.811 -3889.2324 -3838.0471 -3881.063 -3919.7051 -3982.2378 -3980.988 -3924.272 -4055.6011 -3942.7246 -3875.0842 -4077.0161 -4068.0347 -4064.0361 -4256.5098 -4380.4341 -4302.915 -4290.4414 -4344.4512 -4336.0933 -4244.6743 -4236.6519 -4355.855 -4538.1392 -4649.812 -4408.7393 -4083.2188 -4058.4797 -4155.4282 -4195.2148 -4213.2046 -4155.207 -3973.0298 -3909.9614 -3974.8245 -4155.3242 -4209.1675 -4179.6924 -4273.6636 -4299.8735 -4035.5811 -3826.6389 -3928.166 -4180.8618 -4234.7393 -4012.6853 -3829.1086 -3699.4329 -3817.5313 -3784.4368 -3783.1184 -3881.1172
-4204.5757 -4102.1118 -3965.5535 -4042.8411 -4019.449 -3885.9363 -3908.1084 -3920.7371 -4011.4612 -4028.1858 -3932.7896 -3962.1753 -3896.9111 -3942.0339 -3899.3293 -3918.9797 -4087.9646 -4035.7019 -3981.5242 -4065.7644 -4081.8787 -4047.7146 -4094.9192 -4216.7183 -4245.3296 -4177.9619 -4168.8726 -4220.2192 -4305.9414 -4386.1284 -4281.6519 -4106.6328 -4046.9199 -4090.1658 -4199.7427 -4248.0571 -4108.478 -3978.6584 -3925.9207 -3916.678 -3984.4695 -4070.7202 -4200.8965 -4282.2476 -4262.5737 -4119.1328 -3899.2065 -3863.4141 -4037.6721 -4117.6655 -4140.7202 -4034.7114 -3791.0125 -3936.3079 -3967.845 -3958.5723 -4220.2988
-4182.1167 -4019.7534 -3889.5613 -4024.4304 -3978.5012 -3836.9387 -3805.8137 -3997.0896 -4142.2979 -3962.4739 -3885.073 -4014.3188 -3905.3745 -3844.4666 -3852.5728 -4010.2288 -4071.2029 -4021.2659 -3898.9097 -3813.1763 -3920.9839 -4081.7388 -4091.0872 -4122.2134 -4099.0264 -4100.7183 -4119.9253 -4105.3496 -4141.3247 -4184.5303 -4191.8848 -4136.0806 -4120.2607 -4156.9434 -4179.0386 -4151.8687 -4063.9983 -4042.3621 -3977.5051 -3888.8276 -3883.582 -3995.5278 -4123.8848 -4114.8745 -4082.1602 -4076.8125 -3962.7273 -3865.1187 -3923.324 -3814.1042 -3899.9995 -4039.7756 -3855.9854 -3846.6882 -3901.8503 -3959.8999 -4214.2656
-4130.4009 -3947.8071 -3879.6362 -3946.9177 -3899.0491 -3801.4385 -3735.7175 -3918.1931 -3933.4531 -3747.6492 -3950.5527 -4039.7129 -3792.0059 -3755.7878 -3803.7236 -4036.9114 -3954.6082 -3948.5017 -3772.9197 -3640.1809 -3905.667 -4117.6719 -3955.4014 -3958.687 -4002.7058 -3990.6858 -4039.8142 -4033.6985 -4071.8093 -4099.021 -4112.6099 -4078.1021 -4085.7104 -4092.6294 -4068.3032 -4060.04 -4061.0955 -4074.1614 -4001.5876 -3902.2949 -3897.209 -3985.1763 -4029.4519 -3996.2117 -4068.1008 -4143.6084 -4047.6455 -3860.1514 -3914.0095 -3836.2139 -3718.1343 -3855.6252 -3890.3965 -3828.551 -3813.4028 -3888.7188 -4032.6221
-4035.7627 -3897.937 -3946.8262 -3904.2036 -3824.9661 -3916.9124 -3978.8518 -3932.4497 -3675.4556 -3597.062 -3893.7888 -3912.9265 -3680.5427 -3722.4248 -3859.6626 -3989.1812 -3895.8955 -3899.6709 -3788.2532 -3816.1731 -4025.4812 -3984.134 -3760.3818 -3830.1125 -3983.1899 -3934.4797 -3997.7234 -4019.4055 -4021.2083 -4077.4631 -4095.6824 -4044.2642 -4025.5068 -4001.6602 -4000.45 -4047.6653 -4045.3843 -4051.9265 -4047.53 -3939.293 -3873.3796 -3935.9651 -3968.9421 -3944.7563 -4019.1804 -4113.9468 -4090.8591 -3920.5078 -3941.8564 -3971.261 -3845.9624 -3707.9043 -3768.6252 -3766.4583 -3658.6907 -3675.8833 -3756.02
-3957.5352 -3946.48 -4004.1853 -3970.1375 -3877.1248 -4059.8762 -4141.0596 -3932.8977 -3679.4946 -3661.271 -3814.1648 -3841.9058 -3815.762 -3893.6643 -4002.6101 -3837.3274 -3780.7197 -3783.3359 -3711.3418 -3826.0095 -3912.3416 -3779.0774 -3740.7388 -3800.8518 -3898.373 -3938.5398 -4029.7566 -4062.5225 -4045.4836 -4057.5833 -4039.2849 -4071.9038 -4080.1292 -4003.9287 -3981.3486 -4012.1592 -3954.5212 -4008.0747 -4077.6873 -3935.6377 -3845.7048 -3904.5308 -3918.0681 -3883.4207 -3907.262 -3990.1321 -3995.9553 -3974.0906 -4017.6206 -4008.6365 -4010.5435 -3755.3252 -3628.2002 -3694.4043 -3609.1228 -3458.8186 -3590.2827
-3902.2305 -3986.2673 -4002.8887 -3974.4146 -3929.5703 -4028.3064 -4003.4731 -3796.4751 -3765.991 -3872.7302 -3911.8459 -3996.8601 -4046.385 -3919.2004 -3931.7056 -3764.6196 -3747.4329 -3719.2346 -3623.4932 -3715.6687 -3785.9761 -3807.5706 -3805.4609 -3768.2344 -3786.876 -3900.2161 -4017.7961 -4076.7847 -4119.8262 -4025.3711 -3956.7375 -4010.8313 -4032.3694 -4000.3162 -4011.1997 -3959.5554 -3862.4585 -3994.3975 -4089.7478 -3926.3855 -3818.7505 -3870.5857 -3874.3801 -3861.72 -3892.8467 -3965.0093 -3905.4475 -3912.9045 -3951.7571 -3918.865 -4030.5842 -3925.0928 -3733.8235 -3829.175 -3872.3101 -3681.5122 -3600.365
-3950.3831 -4026.7793 -4015.75 -3939.2546 -3903.9075 -3947.1902 -4051.3845 -4029.2876 -3961.1274 -4054.3596 -3991.5178 -4020.9304 -4032.6846 -3814.8306 -3786.0933 -3784.1511 -3783.6101 -3709.2354 -3629.437 -3758.7502 -3854.9851 -3855.072 -3746.0164 -3691.3523 -3765.2478 -3855.3635 -3923.8918 -4012.3438 -4109.3521 -3998.4453 -3897.2366 -3831.3044 -3859.2043 -3993.1277 -4092.5171 -3980.8469 -3867.3926 -3994.9917 -4069.1846 -3956.7654 -3843.2705 -3902.9812 -3926.2937 -3866.3687 -3849.8171 -3915.1753 -3840.2034 -3843.4944 -3856.7839 -3836.6443 -3996.8792 -4012.5872 -3836.4043 -3816.6489 -3864.4756 -3850.2781 -3587.199
-4021.3315 -4043.6445 -3966.4917 -3967.0366 -3966.8865 -4000.8972 -4125.4272 -4206.7202 -4132.9741 -4189.3926 -4105.4648 -4006.1804 -3947.5491 -3800.0295 -3766.5571 -3836.1445 -3842.1182 -3766.3071 -3680.8699 -3788.178 -3942.1892 -3830.2058 -3703.4724 -3762.0977 -3833.5669 -3788.5642 -3817.5117 -3932.0447 -4023.4038 -3982.6323 -3881.6282 -3798.1902 -3851.8608 -3969.1272 -4022.668 -3937.4424 -3865.543 -3977.0557 -4053.363 -3930.9456 -3842.9861 -3938.8845 -4011.6719 -3910.9927 -3862.3467 -3920.5569 -3838.5244 -3834.5505 -3807.5432 -3795.7385 -3904.0388 -3890.3489 -3777.3511 -3657.5823 -3543.2817 -3812.8018 -3798.1909
-4068.1287 -4072.4038 -3964.5796 -4037.5674 -4028.4648 -4099.8184 -4172.9829 -4141.4194 -4056.8992 -4182.7163 -4163.9131 -3987.8428 -3986.0295 -3896.1826 -3838.5471 -3875.3584 -3917.5706 -3949.8848 -3872.8479 -3833.53 -3889.4219 -3810.2263 -3780.2451 -3911.3442 -3891.8599 -3763.4341 -3829.7505 -3943.5305 -3971.6965 -3981.3704 -3971.4355 -3921.2708 -3947.8904 -3942.9941 -3826.0813 -3781.7522 -3785.7517 -3912.6484 -4078.863 -3942.9827 -3846.2114 -3929.6987 -4031.8718 -3947.5791 -3905.7097 -3945.8286 -3844.6646 -3794.4282 -3797.0764 -3809.4258 -3831.728 -3808.0583 -3838.9094 -3701.9753 -3400.0063 -3712.7258 -4116.0444
-4141.5249 -4154.5078 -4073.7073 -4068.2163 -4035.8098 -4138.8037 -4145.6289 -3956.4624 -3903.6699 -4103.54 -4125.897 -3997.7537 -4079.813 -4106.2842 -4123.4873 -4091.7339 -4076.6399 -4263.6489 -4223.7666 -3983.6565 -3856.2603 -3826.0652 -3865.8481 -3951.6467 -3883.2153 -3794.3828 -3857.2693 -3898.6331 -3891.9424 -3948.1445 -4003.4246 -3910.2788 -3875.8362 -3853.3164 -3688.907 -3682.3049 -3710.9929 -3873.2043 -4154.3574 -4037.1689 -3840.3547 -3862.5957 -3976.4543 -3888.3901 -3815.0569 -3886.0593 -3881.8218 -3801.1045 -3859.7717 -3875.0313 -3840.8765 -3851.7297 -3895.5479 -3825.3225 -3558.6306 -3685.2036 -4214.7358
-4106.9688 -4081.292 -4008.6331 -3966.5627 -4018.8533 -4051.0173 -3992.5154 -3978.3503 -3997.0994 -4022.106 -3991.062 -4047.1655 -3985.4209 -4044.356 -4133.0996 -4206.0288 -4118.3813 -4212.0156 -4201.5791 -4012.0388 -3980.0747 -4006.0364 -4019.7761 -4050.0916 -3953.2356 -3864.7246 -3845.4563 -3772.261 -3731.8579 -3830.4067 -3953.1833 -3956.1982 -3828.0261 -3681.1287 -3594.2686 -3613.8696 -3605.3804 -3798.219 -4127.7129 -4034.3767 -3747.1426 -3724.2397 -3862.2173 -3847.8359 -3777.1506 -3808.1135 -3923.9434 -3888.8911 -3930.9309 -3909.0659 -3849.0464 -3870.8276 -3858.2839 -3908.854 -3740.147 -3776.6675 -4212.3521
-3959.0708 -3838.624 -3790.2717 -3866.4456 -4018.6018 -4021.4104 -4028.4346 -4082.8042 -4055.8315 -3998.2014 -3825.9053 -3923.7947 -3878.2334 -4007.897 -4087.3738 -4253.3823 -4142.293 -4001.9316 -3984.1716 -4027.4126 -4156.106 -4200.4712 -4187.9106 -4130.4277 -3955.4866 -3893.3049 -3952.1614 -3864.1802 -3646.8311 -3698.4141 -3900.625 -3984.782 -3830.4302 -3650.9858 -3623.3889 -3618.1094 -3542.0742 -3658.1345 -3971.0396 -3962.7693 -3655.3643 -3623.7725 -3760.6887 -3795.0635 -3784.6174 -3792.1956 -3886.1702 -3867.7412 -3889.2686 -3846.4958 -3816.5427 -3897.8203 -3922.593 -4006.7856 -3858.4021 -3805.5247 -4080.3145
-3935.9116 -3879.7229 -3921.0251 -4064.6763 -4171.7695 -4185.8184 -4203.2397 -4110.1899 -4126.5908 -4195.4976 -4057.9187 -4106.9136 -4175.1514 -4312.8906 -4311.127 -4354.5459 -4218.0918 -3987.563 -3963.6133 -4060.6365 -4166.5298 -4213.4912 -4186.8032 -4036.6575 -3851.2991 -3860.5403 -4047.3594 -4070.7043 -3785.5581 -3641.8684 -3715.115 -3741.4597 -3721.6711 -3704.8801 -3694.8806 -3675.6528 -3584.6035 -3614.8081 -3872.7593 -3969.0757 -3695.8984 -3631.5835 -3760.979 -3765.127 -3752.4807 -3790.1411 -3871.3491 -3842.5649 -3822.2073 -3787.323 -3821.8521 -3957.8064 -3964.5537 -3975.5327 -3875.2168 -3776.7703 -3867.679
