Resources/Map/Lvl0_30x30/Ele_ED.asc
ncols         335
nrows         335
xllcorner     -9995000
yllcorner     -6725000
cellsize      10000
nodata_value  -99999.0
[rows 52 to 77 of 335, columns 180 to 239 of 335]
-4675.1152 -3945.4006 -3083.2881 -2380.4138 -2175.5879 -2161.4875 -1947.7421 -1610.217 -1252.3579 -895.1212 -627.1779 -313.3958 -188.9094 -175.0875 -120.1201 -29.3138 104.3629 43.6211 109.401 300.9862 87.8216 125.2589 309.7399 114.4224 206.1363 193.9666 228.6092 346.4561 462.4181 885.4327 1147.0193 1355.0364 1555.4934 1723.3999 1914.5214 2507.2373 2932.4006 3032.7717 2990.0833 3959.9011 3621.7085 2700.4297 2167.4451 1744.3387 1672.8438 1492.261 1426.9338 1383.0398 1356.4348 1338.1445 1326.4312 1317.8895 1305.3308 1304.4661 1326.3074 1415.8319 1464.4038 1243.9954 949.697 658.9623
-4006.5286 -3303.844 -2668.3093 -2236.5984 -2089.6462 -1973.8804 -1702.7061 -1320.2617 -903.7709 -527.5726 -321.9938 -200.6978 -160.4033 -131.8352 -72.2436 8.6452 176.9635 156.8704 71.0127 205.2319 360.9513 95.9573 141.9683 177.5801 358.3796 230.7847 291.9979 385.3682 588.759 792.2512 1543.6969 1285.0701 1975.2596 2321.7698 2189.1157 2699.2456 2981.479 2412.679 3266.6284 2685.0837 2688.6714 2688.6243 2300.4631 1719.3832 1674.5752 1513.8765 1439.3103 1383.981 1357.8306 1338.8064 1320.8348 1310.9403 1303.2695 1296.9069 1300.9034 1360.3672 1479.4757 1458.0531 1048.4978 704.3147
-3829.8784 -3223.9834 -2664.0027 -2255.2336 -2052.9333 -1758.5701 -1368.5488 -1071.964 -778.1643 -475.4592 -289.259 -204.4097 -116.9921 -61.4074 14.5122 236.0609 141.18 156.3166 205.3902 346.9042 251.1307 140.0282 252.2134 201.1845 190.3418 251.673 323.9311 617.4938 677.5119 937.7188 1721.8951 1901.8585 2058.6826 2604.3552 2666.5061 2607.8003 2570.8252 2357.0483 2928.1201 2343.5603 2664.0535 2517.0071 2027.264 1675.0729 1519.8262 1452.9084 1407.2892 1375.88 1356.8353 1341.776 1328.1752 1317.7869 1309.3188 1302.2761 1331.0361 1366.2164 1349.4603 1233.793 1032.2114 912.8287
-3619.3347 -2958.6553 -2385.1013 -2107.3503 -2020.509 -1614.3319 -1046.3582 -697.806 -555.1468 -425.0597 -238.2035 -150.647 -63.7998 14.2004 151.8893 346.2237 307.3642 232.8364 232.8678 277.3429 69.5375 234.6354 187.661 134.7262 177.4718 232.1564 407.505 523.5307 1037.7264 1060.521 1224.551 1197.2566 1846.7827 2902.2251 2714.6428 2707.3389 2296.0364 3399.4365 2882.0557 3229.8921 3137.1938 2805.5654 2121.6499 1652.9899 1460.5963 1413.3898 1386.5128 1367.9861 1352.5071 1339.0995 1332.5219 1387.8882 1338.769 1351.0557 1432.382 1482.0682 1413.0304 1358.5221 1187.5428 901.3975
-3193.7725 -2648.2974 -2251.9514 -2068.5659 -2012.224 -1583.7699 -890.688 -374.8845 -206.9817 -186.5209 -130.6702 -70.4047 163.0566 273.9664 199.2845 357.9968 372.8144 202.2856 377.1496 149.6971 76.4174 125.4387 106.3526 134.4152 173.9997 256.5866 461.7396 743.8486 905.3765 1320.1027 1285.0554 2263.1008 2313.7566 2295.8762 2497.7078 2882.1514 2998.4858 2549.5457 2937.6274 3674.8318 2877.3325 2438.1824 2137.1506 1679.1239 1445.5503 1384.9166 1367.146 1355.4412 1345.9818 1335.9668 1333.1818 1431.2498 1502.7817 1480.5 1519.8765 1583.41 1536.1287 1372.7126 1303.2119 1024.001
-2904.3926 -2307.1604 -1963.6201 -1842.618 -1771.3173 -1324.0778 -648.8771 -233.3158 -127.6879 -99.2073 -74.3193 -30.5858 173.0961 429.2277 456.3887 275.9257 273.8585 321.8328 62.8737 56.4947 148.8914 93.3408 129.6705 165.1844 217.4548 252.0916 322.5948 760.8503 1431.0328 1453.2765 2091.575 1978.2153 2383.4998 2740.2844 2579.5872 2899.8821 2591.3901 1833.2954 2825.9316 3078.2029 3353.7156 2281.3264 1968.3662 1623.0415 1438.0946 1372.8789 1356.8768 1344.3352 1335.812 1330.3671 1327.5365 1377.832 1566.8152 1755.5924 1649.1157 1861.8379 1944.761 1804.0725 1736.3898 1138.9227
-2620.9795 -1880.6046 -1634.3446 -1546.1276 -1281.104 -852.8156 -430.1829 -187.0252 -121.5256 -80.5653 -43.3326 121.9646 151.0708 339.1786 413.9723 468.6878 193.163 174.1253 361.6159 72.6665 148.9438 104.2763 147.9346 202.676 271.962 408.0409 498.1817 731.9581 1638.5536 1643.11 2012.441 2884.8594 2333.9199 2228.239 3146.1086 2740.321 2265.1597 2028.6914 2205.5237 2878.5378 2356.6921 2183.9583 2044.616 1653.0789 1559.0013 1378.7971 1357.9034 1346.4725 1330.7939 1326.8549 1328.0592 1393.9067 1507.6798 1630.796 1886.8088 2058.0325 2937.0493 2739.2297 1938.1019 1703.6687
-2281.7529 -1839.5541 -1595.4451 -1272.6008 -809.5254 -464.9852 -264.6188 -162.6804 -109.963 -67.2927 -26.5631 33.3496 116.1327 191.3401 335.384 277.7763 353.5857 147.1845 280.9928 283.6104 128.3369 110.317 157.7268 204.8327 278.5954 476.1356 575.9813 1466.5072 1304.3003 1223.7463 2026.72 2611.396 1639.4906 2381.9255 2314.301 2800.1387 2616.6165 2279.7578 2236.5554 2544.5232 2995.0171 2448.0234 2130.1428 2287.0369 1858.2683 1529.5061 1401.8879 1357.7841 1331.8203 1327.4128 1332.8545 1447.3944 1585.6335 1826.2629 2039.0612 2160.8931 2561.062 2252.1794 1792.9801 1491.8153
-2155.2202 -1779.7529 -1378.5496 -954.3307 -552.0341 -316.5694 -212.0911 -155.0846 -114.803 -78.0846 -35.7452 10 227.5342 466.5385 345.2676 170.3818 186.9127 122.3831 242.2225 104.984 88.5942 123.9416 133.868 163.9047 297.8437 738.348 957.2442 1357.9135 1119.8175 1009.0509 1605.3486 1984.9266 2550.7192 2555.7266 2342.0415 2745.0361 2779.9626 2566.6367 2028.2933 2072.4082 2718.1157 2462.0793 2116.8914 2263.9387 1945.6542 1708.7916 1499.5125 1536.1305 1387.7759 1340.8379 1326 1472.6238 1716.4257 1806.0383 2001.9713 2016.6254 2087.1917 1918.3623 1671.6813 1237.2709
-1934.196 -1485.7845 -1029.6715 -716.224 -463.4833 -304.662 -227.7921 -165.4724 -130.5732 -84.034 -21.269 214.5816 341.3586 360.5296 199.6651 210.7554 126.5017 112.2227 109.9179 107.5764 101.6263 120.6544 149.3107 183.7049 290.6101 605.9912 940.8594 1088.819 1138.4637 1283.2354 1592.9207 1790.349 1486.3052 2340.4402 2066.9248 2261.0183 2751.6792 2299.1384 2264.0422 1844.8505 1685.1676 1930.9542 1582.4421 1915.2374 1964.2538 2140.9819 1848.7777 1716.3326 1522.0476 1343.6726 1360.5359 1476.0861 1848.429 1815.0928 1828.7552 1868.9945 2017.8304 1759.674 1401.583 1203.6609
-1479.4524 -1029.8085 -663.6136 -513.617 -426.6756 -357.7104 -284.4669 -198.501 -147.0267 -55.1296 229.12 517.7064 535.2549 216.6202 156.8818 156.4453 172.5719 110.6597 114.7405 115.8299 121.1725 130.576 171.4162 277.9495 381.9418 697.3299 1321.6332 1581.027 1660.3381 1726.6156 1843.6934 2290.7883 1907.6277 2004.0157 2310.3242 2799.5789 2848.7244 2368.761 2855.2305 1944.6154 1867.4414 2677.6172 1596.827 1588.6382 2258.9536 2608.5295 2043.6019 1759.7742 1590.8741 1361.6843 1356.2594 1472.5522 1637.3462 1763.6908 1881.0861 1906.4701 1762.9202 1663.7887 1488.3242 1137.7111
-997.2447 -632.0138 -348.5698 -331.7888 -382.9958 -396.4169 -332.7073 -226.5184 -146.2549 162.6062 505.461 466.6091 209.9375 161.2325 156.4933 158.1584 118.8647 112.2274 120.8951 124.7482 142.7593 150.5222 164.9539 391.6425 489.4971 981.2571 1482.1067 2300.7417 2124.6465 1222.2804 2443.6924 1989.9984 2122.3123 2490.1094 2242.9661 2781.6343 2417.9009 2613.3042 2378.2773 1894.1593 1976.5909 2673.6162 1888.7358 1418.6469 1909.9938 2526.6484 2297.8591 1990.4774 1571.0336 1423.7097 1451.187 1462.8391 1550.8051 1699.6759 1845.3457 1985.1138 1820.5846 1499.3239 1325.5876 1078.0105
-664.4122 -375.3982 -203.2488 -222.517 -347.5686 -412.5496 -337.3525 -209.2866 -101.4314 240.683 414.6774 416.3464 230.0653 278.2245 155.1811 144.0155 122.368 125.2872 130.2854 145.7834 165.9623 195.4279 227.4079 325.5812 559.6226 823.7164 1253.0618 1539.5524 2119.6741 1842.8094 2003.2645 2255.7488 2318.0532 2425.3525 2357.666 2820.1611 2616.9397 2934.0935 2712.4497 2108.574 2293.3713 2155.3547 1482.0325 1328.2712 1600.123 2217.8799 2108.585 1874.2543 1568.3867 1458.8612 1404.7555 1457.0913 1687.0719 1748.1252 1752.7361 1737.6984 1582.8912 1362.358 1238.6583 1073.178
-513.3447 -229.7384 -146.3685 -158.9394 -244.9309 -289.3667 -233.9703 -145.6199 -37.1875 198.9998 443.867 254.808 236.1724 297.2957 305.1931 156.3277 134.7692 129.3875 136.4216 158.9422 178.0293 223.2506 308.6484 474.247 756.5084 1235.0146 1642.9479 2409.1973 2004.8903 1590.1522 1582.6616 2195.3877 2308.6592 2508.8086 2564.0691 2369.9702 2426.874 2493.0374 3147.7432 2436.5305 2658.3455 1698.98 1463.2312 1296.8037 1359.814 1724.3983 1829.7528 1645.2053 1515.7765 1479.2677 1461.3232 1466.6401 1533.219 1796.4362 1677.4918 1465.2107 1318.2565 1251.3755 1212.5519 1069.0028
-510.4333 -201.7939 -125.3231 -128.1421 -132.4013 -126.3723 -110.462 -94.8472 4.8155 358.3931 330.3762 265.7677 493.7449 136.1266 144.5276 240.8497 124.915 131.7441 147.2717 159.1746 176.274 253.2797 324.0077 462.5652 983.528 1001.0089 1677.875 2121.7983 1824.9847 1603.6469 1953.2505 2045.1943 2522.7295 2392.9697 2967.0125 2376.8411 2051.46 1822.0117 2983.3406 3067.0942 2214.3994 1716.6533 1872.2175 1404.5247 1303.7371 1500.2986 2020.0406 1770.1138 1721.0276 1764.4022 1840.2073 1746.4023 1630.4562 1489.7441 1426.9574 1375.0055 1286.1326 1202.201 1092.0221 1016.7104
-516.3314 -223.6555 -127.0846 -125.6644 -117.6362 -102.7529 -80.8124 -59.9729 95.9271 431.0724 166.8821 182.4307 170.4439 258.7465 132.8723 125.4908 118.7672 133.9276 166.9324 191.2186 225.2389 312.0839 391.6931 607.3142 1457.7706 1406.8673 1219.2522 1813.932 2113.3757 2053.511 1659.0861 2130.9753 2446.9434 2477.4324 2825.7173 2752.5168 2065.6001 2021.1986 2322.6169 2548.5237 2807.7014 2453.5012 2358.5996 1575.8357 1425.3479 1914.1282 2267.0342 2374.6313 2905.0996 3020.3557 2608.1804 2137.2571 1735.146 1503.8948 1360.974 1285.2498 1207.2041 1118.5123 1031.6913 973.2578
-458.0616 -203.2368 -129.4897 -126.5932 -113.4296 -92.1746 -61.16 -16.908 216.0513 222.7572 99.7542 135.502 110.3762 80.7604 89.9216 119.5551 106.076 136.0988 170.7331 216.4249 261.0192 424.9583 675.2568 1190.8441 1141.4471 1633.5096 1794.1665 1621.4307 2032.2915 1905.4669 2051.7744 2048.4111 2257.3569 2109.7048 2442.0264 2721.6084 2314.1877 1758.7852 1651.2075 2625.8079 2918.4531 1968.7373 1765.8328 1387.5013 1257.7013 1651.4238 2162.6777 2303.2444 2760.1167 2408.8967 1918.219 1593.3185 1418.7526 1315.4321 1257.0713 1222.7052 1196.2173 1086.3407 1012.1387 957.6125
-425.2325 -163.9819 -126.4172 -122.8369 -109.5221 -82.1223 -39.1562 139.6317 218.1162 164.0941 175.6289 81.2459 138.6523 244.2184 91.3933 106.6232 101.833 124.5422 161.0012 196.6729 283.6108 565.3872 560.1145 1047.0309 1450.7263 1398.2938 1297.5267 1528.1652 1840.793 2042.5742 2073.792 1814.0701 2355.9182 2531.2563 2773.4387 3107.9629 2817.7649 2455.2627 1951.4958 2189.2227 2456.0024 1862.8566 1531.5647 1257.9117 1207.4753 1672.1837 1906.8694 1916.6521 1877.4175 1628.2125 1452.0209 1317.7214 1238.8159 1198.2946 1202.1683 1150.7395 1078.366 982.7051 941.6567 909.8619
-518.3205 -196.1805 -134.8648 -118.4594 -98.5572 53.7378 1.8583 172.4526 275.408 256.9734 301.9696 115.9513 63.9229 44.2945 52.0787 73.5 102.3559 148.4745 213.0081 264.6094 362.3208 542.5104 783.4146 1154.6959 995.3168 1183.8965 1797.1365 1990.5729 1888.771 2030.9806 1964.7201 1801.6709 2271.5791 1787.6202 2928.8 3774.7959 3019.9248 2694.8064 2302.3333 1325.3462 2010.5243 1766.5516 1347.4894 1073.6027 1676.0537 1811.8138 1974.6808 1787.7314 1715.3546 1486.2056 1345.0109 1289.1898 1174.5682 1126.6559 1110.3551 1064.343 999.4952 959.7362 909.2799 867.2506
-643.2976 -291.0813 -178.0744 -133.2196 -74.9922 6.4509 40.5245 271.951 292.3403 218.9776 204.5209 218.1846 67.0026 61.5957 73.5034 87.8276 127.7747 200.6183 256.0515 332.9103 470.9448 751.9024 1049.5339 1315.2971 1505.4874 1414.0596 1389.5303 1910.8561 1734.0952 2091.0095 1887.1788 1386.0629 1542.1158 2099.6877 2578.0769 2644.5332 2890.1213 2594.7844 2239.1309 1774.8259 1411.0657 1263.882 1063.0707 1227.3743 1459.5087 1586.215 1813.5363 1804.0741 1799.6165 1531.3329 1340.1381 1207.7286 1133.6799 1079.8414 1072.4496 1061.6934 992.8975 954.7973 904.2193 858.1739
-537.4445 -380.3153 -250.4189 -169.8512 -63.118 14.6544 57.5069 113.964 173.8217 225.3747 310.4814 209.7156 96.9345 69.7165 89.09 117.3982 163.9141 223.5003 300.2501 385.7153 556.7363 694.8374 1120.6603 1385.3083 2333.1553 1616.121 1400.1924 1758.4108 1611.8312 2017.2438 1628.0181 1439.5615 1295.964 2187.6338 2773.4751 2397.5129 2724.3938 2598.7776 2336.4202 2107.9543 1556.8683 1087.8595 1022.3741 1286.5717 1712.6006 1545.5392 1514.8899 1663.7231 1598.8584 1378.4493 1259.9891 1178.9438 1109.0017 1101.316 1069.5906 1085.035 1010.712 987.2023 938.5286 861.7495
-318.2926 -307.3448 -197.7328 -131.498 -55.2625 203.8398 186.4711 179.9731 218.8082 252.4663 381.311 173.105 104.3307 120.0975 93.0243 125.7816 169.1341 224.1571 305.8629 403.3247 643.6725 1052.8981 991.7388 1317.6061 1691.7489 2348.1699 2000.3751 1661.6016 2157.7141 1550.0619 1576.1799 1560.3571 1286.5656 2014.1428 2451.7031 2106.3567 2114.2104 2396.8484 2349.4575 2444.9985 1759.9938 1514.5643 976.4139 1845.4855 1392.8459 1501.6117 1140.729 1135.8064 1213.4408 1307.2638 1247.5608 1214.9789 1205.4911 1160.687 1088.2407 1052.1237 993.6538 946.5317 891.1544 852.1776
-122.8096 -127.1262 -109.0687 -75.3224 -32.4165 69.1743 94.1819 86.5075 124.3341 173.0718 230.9107 128.8815 116.0399 132.0031 119.7243 131.9487 186.2054 255.1915 353.8279 510.4311 745.5508 1009.8552 1520.1226 1409.9093 1753.6362 1445.7726 2136.1021 2186.7283 1875.1846 1521.797 1401.5354 1260.4425 1216.4286 1927.1035 2142.1902 1280.9614 1495.2909 1979.8522 2468.4568 2152.187 1817.755 1345.8522 977.0509 1340.6531 1096.6754 1173.0474 970.3843 1023.6297 1045.1857 1038.1152 1180.9531 1411.9083 1619.136 1322.6056 1103.3195 1020.6738 969.2853 924.7635 857.5468 803.7577
-37.2336 -33.2716 -53.5358 -47.108 -10.9412 211.4828 378.3644 64.4361 198.1892 169.4978 194.4054 99.4542 102.8291 123.9072 147.3051 165.9057 192.3957 245.5219 336.0106 476.0945 672.1016 981.7372 1336.715 1687.0369 1366.6646 1749.0575 1713.5591 2159.0771 2272.4727 2258.2449 2081.3738 1250.9584 1380.0875 1733.6328 2343.824 1239.3383 1863.6949 1806.8304 2153.9333 2530.0977 1972.3799 1368.505 1013.9628 862.7809 878.4406 981.3825 835.252 856.3038 810.5795 864.8861 1052.2406 1233.3693 1346.4022 1241.3436 1049.359 959.3577 916.7658 866.6614 814.6571 773.0989
278.727 -7.4696 -23.5708 -26.305 13.3801 456.9375 290.755 129.1097 137.2319 104.6632 117.5389 125.9373 107.8869 120.3676 144.5337 147.9089 202.9711 242.5999 285.3658 456.8828 944.4419 1155.296 1635.6785 1506.3842 1457.9364 1751.5535 1893.2905 1998.9435 2023.6013 1598.7053 1796.6726 1314.7019 1040.5559 1682.4727 1938.8313 1250.3348 1277.8207 1502.8138 2051.8345 2743.2373 2372.7786 1571.0374 1233.525 962.0565 861.0151 799.5546 773.5661 802.2484 746.4053 667.0728 799.2048 872.6974 981.3922 1008.4938 929.7197 904.598 878.0155 826.6766 783.3353 734.3556
227.1623 42.8302 63.8316 36.3288 110.9611 441.9539 387.5515 233.5606 123.1333 100.5799 103.471 100.1216 114.6329 124.6546 144.6485 194.4096 237.2707 275.7454 329.3066 499.0189 622.8965 808.0812 1369.7441 1295.0657 1677.8295 1539.7396 1894.5328 1977.4139 2045.0564 2115.8469 1637.8564 1259.6069 1135.8949 1631.4475 1439.1963 1143.1735 1076.5876 1229.3529 1790.9948 2081.9004 1821.739 1378.0173 1045.1072 959.5444 849.2771 944.8062 1177.6772 1196.7264 1082.4283 805.1389 670.7072 742.6605 766.9796 762.374 767.403 838.7867 900.3431 859.0276 799.8223 745.7472
