Resources/Map/Lvl0_30x30/Ele_FG.asc
ncols         335
nrows         335
xllcorner     55000
yllcorner     -10075000
cellsize      10000
nodata_value  -99999.0
[rows 208 to 233 of 335, columns 180 to 239 of 335]
510.8023 770.9174 976.5704 1388.0813 1746.6863 1929.2946 2284.2852 2875.948 2648.0564 2939.3821 3007.7332 3016.436 3043.4504 3076.2014 3090.6587 3071.7441 3097.2773 3058.7334 3046.1416 3044.0332 3044.8381 3044.5835 3078.9585 3076.6333 3070.5283 3074.7559 3172.269 3242.644 3337.3784 3452.0649 3633.5217 3562.1243 3602.4539 3354.6028 3372.2527 3375.9124 3230.897 3251.3315 3231.4375 3226.8152 3226.0518 3232.4197 3220.7432 3223.8303 3227.3652 3238.1741 3253.166 3237.8281 3214.2227 3116.5891 3193.7617 3613.4124 3206.0063 3254.417 3236.4939 3241.1814 3260.6377 3255.0718 3258.4204 3255.3557
983.3665 1313.1802 1913.4686 2722.6558 2989.6992 2955.4646 3047.7212 3041.615 2976.3914 3101.0288 3109.2473 3067.3652 3060.9326 3034.5349 3046.5955 3022.8835 2987.4072 2962.0139 2957.6521 2957.6831 2953.9727 2953.9727 2953.6831 2971.7966 2970.9727 3004.8608 3110.7732 3117.8091 3128.3926 3205.7617 3182.2297 3185.7275 3189.2583 3190.3809 3183.6809 3220.7549 3227.2473 3214.4346 3225.5442 3221.9297 3221.2527 3223.166 3223.7969 3207.3682 3234.8096 3334.4451 3638.6301 3643.9878 3478.408 3234.6238 3296.6941 3230.2068 3204.0999 3214.2246 3224.4492 3166.2095 3152.7026 3255.0837 3254.2844 3243.2578
1443.8346 1756.3975 2311.2654 2734.7444 2925.4133 2961.0493 2977.9102 3055.376 3067.7126 3015.2896 3013.6138 2997.3052 2984.0007 2958.0081 2957.9797 2953.3311 2925.6497 2954.0879 3061.0269 2988.7856 3014.0308 3074.0449 3018.4055 3024.158 3041.3511 3086.072 3115.3345 3104.4104 3131.709 3136.8047 3155.54 3141.9954 3167.0391 3164.303 3189.4146 3193.4404 3188.7566 3198.1787 3207.5906 3210.7666 3207.8914 3194.8655 3205.8386 3221.3171 3209.7595 3212.9717 3202.0176 3206.2051 3218.2158 3209.3411 3374.5049 3825.3445 3464.4053 3210.4233 3215.4578 3203.9744 3151.4248 2731.7324 3124.9238 3223.1301
1875.8767 2038.7946 2247.4426 2467.2488 2664.3914 2764.7861 2838.0386 2968.9771 3030.0764 3062.4954 3052.198 3007.2041 3005.9766 2974.8113 2972.9868 3011.9912 3016.47 3028.4827 3071.7522 3053.4409 3076.1812 3078.6255 3101.073 3133.9575 3131.2939 3144.1572 3146.324 3152.9512 3157.0405 3166.749 3148.9465 3138.5457 3127.2122 3112.1702 3174.3955 3170.6968 3174.7146 3179.5322 3181.7158 3185.1172 3193.3267 3183.9126 3193.4697 3194.9597 3196.6355 3201.3301 3200.4729 3200.2874 3201.1997 3200.1455 3199.5327 3208.6289 3208.0693 3223.418 3222.6016 3216.2844 3224.9189 3162.7183 2861.0122 2853.0405
2363.7288 2419.6501 2425.8857 2612.1477 2860.3979 2764.5737 2811.9485 2868.4629 2938.5967 3052.3081 3038.4512 3031.6765 3058.8767 3032 3040.2119 3063.814 3082.4209 3100.208 3115.0601 3125.9622 3105.8782 3095.4316 3121.2776 3117.0493 3098.9155 3088.0459 3074.114 3142.8081 3143.0771 3151.2634 3164.4653 3160.353 3147.6875 3173.3997 3154.113 3164.1875 3158.5994 3172.1135 3175.9932 3173.7288 3180.0471 3179.5081 3175.3635 3188.1401 3190.2783 3190.0051 3196.2053 3192.3828 3195.0876 3185.936 3170.6123 3169.0693 3187.9722 3199.8499 3198.6848 3190.553 3208.3704 3222.7876 3215.4558 3199.1509
2736.2209 2773.6062 2749.4255 2813.5454 2964.7759 2999.7117 2930.6201 2990.8831 3024.8848 3033.7544 3048.0017 3064.2556 3056.7532 3074.0178 3071.8252 3095.603 3082.7717 3083.5044 3102.426 3114.1953 3109.8716 3080.1692 3037.531 3033.5994 3089.21 3108.2576 3093.4556 3138.3013 3142.0164 3141.6602 3156.9026 3124.0254 3165.8157 3163.6829 3171.1252 3164.1016 3160.092 3162.8767 3164.6482 3187.3337 3176.4751 3157.2034 3170.0417 3173.5557 3179.9983 3176.5996 3171.3406 3177.3054 3156.334 3172.3203 3194.0618 3195.1975 3195.8843 3190.3037 3191.4426 3196.9307 3202.408 3197.4128 3204.6987 3206.4363
3027.3333 3042.2559 3032.5217 3036.6621 3044.7922 3085.01 3045.4006 3055.8918 3069.1238 3061.6973 3065.1912 3064.145 3057.5208 3059.5244 3094.5681 3084.6555 3091.8333 3092.2454 3092.5757 3089.3159 3098.4746 3106.9839 3069.9604 3051.3765 3088.8083 3104.114 3117.0977 3128.7075 3130.9099 3117.2402 3129.3579 3138.782 3139.0452 3139.0725 3155.3462 3225.2441 3475.4785 3638.8301 3945.9177 3169.5691 3162.8904 3196.6262 3162.6284 3153.8911 3144.0898 3145.5039 3153.3633 3163.7502 3174.2942 3166.1809 3183.3445 3184.9099 3185.1316 3182.6545 3174.2317 3186.0242 3183.0464 3180.9263 3176.5593 3175.4224
3031.7788 3024.1741 3034.8062 3052.5002 3051.6147 3032.0435 3002.5662 3027.53 3035.7839 3049.1653 3053.5642 3072.231 3061.6355 3069.3599 3072.6724 3087.2993 3070.3369 3068.7371 3074.2634 3085.9619 3070.5884 3085.3008 3085.3696 3073.5205 3075.5942 3074.5471 3086.8513 3092.4912 3102.2676 3106.3152 3108.3391 3547.0083 3163.5361 3119.5374 3122.353 3185.7231 3216.647 3138.8794 3164.8333 3147.3799 3138.1941 3136.9624 3139.8633 3139.2297 3137.2439 3150.6941 3145.4812 3126.3984 3141.5149 3143.0183 3156.813 3154.8157 3167.6694 3177.1763 3172.407 3171.0198 3156.7322 3165.8757 3181.9971 3182.0264
3038.9495 3044.6782 3039.5735 3042.0173 3042.6487 3044.4231 3031.1958 3035.6929 3038.8352 3051.3364 3049.6511 3053.7483 3068.7495 3062.6775 3065.0361 3061.3806 3067.5825 3071.9316 3074.1536 3068.6199 3067.4839 3071.697 3058.1145 3067.6228 3067.4944 3073.7405 3068.2031 3079.6824 3083.9675 3087.0601 3089.5417 3093.3579 3105.7112 3092.7859 3103.8601 3113.2903 3123.8777 3133.2288 3126.8958 3121.9409 3127.0647 3133.9185 3135.5916 3133.5857 3148.9441 3128.9302 3128.1287 3126.2175 3133.804 3143.8643 3151.0989 3140.7493 3143.5105 3146.2351 3145.0752 3143.3762 3160.2751 3162.3843 3155.905 3161.1001
3022.3442 3007.9492 3024.7666 3034.3274 3027.7708 3034.51 3040.481 3050.8486 3036.0457 3038.2493 3031.2156 3035.1304 3058.0938 3062.6753 3046.2009 3061.6221 3052.377 3055.7314 3060.0122 3061.2087 3053.2314 3037.8569 3069.5903 3055.6682 3057.9438 3070.5566 3071.0449 3080.4067 3092.0356 3076.4224 3091.3145 3080.4414 3086.7891 3091.304 3086.6516 3099.5339 3096.7874 3102.7358 3101.7258 3109.0264 3114.7959 3116.1445 3111.3684 3113.3464 3113.458 3110.3782 3118.3186 3121.8376 3125.2075 3130.9199 3130.5625 3125.0425 3114.3323 3135.9424 3141.062 3146.4653 3147.824 3150.2078 3154.2725 3147.3328
2994.6067 2997.8247 3002.5984 3008.7612 3017.4722 3015.6152 3023.0474 3019.4143 3025.9973 3032.1619 3037.5591 3038.3962 3030.6458 3036.7146 3038.728 3033.7742 3035.7529 3038.9136 3041.5698 3051.1821 3053.0039 3056.603 3067.2402 3071.8789 3071.0017 3056.3865 3063.0134 3064.5234 3070.1116 3077.532 3077.6553 3077.3074 3084.7451 3082.6533 3093.1714 3101.0923 3095.4175 3089.0176 3088.6082 3085.2498 3099.8757 3096.6519 3097.9985 3104.9937 3105.6943 3126.2126 3120.7939 3122.0181 3123.0022 3125.7646 3103.4216 3101.01 3093.9937 3108.0454 3131.9329 3141.3528 3143.8179 3150.2334 3151.1592 3159.3447
2975.7231 2975.7222 2981.8496 2984.2649 2994.9678 2993.97 3003.6716 3002.9023 3005.8604 3013.9048 3016.7744 3020.2769 3025.488 3025.8943 3017.7048 3023.552 3027.7214 3029.2961 3022.542 3022.9421 3029.6621 3027.4358 3031.9429 3040.7847 3040.3577 3033.3892 3038.1267 3045.1235 3051.698 3058.9775 3056.5798 3057.6299 3065.7295 3062.2666 3069.2207 3069.9536 3072.7019 3080.5686 3080.387 3084.8425 3081.5271 3090.2173 3102.7805 3101.553 3105.1538 3109.9893 3109.2246 3113.3545 3122.6536 3106.2102 3065.7126 3127.3196 3107.5369 3114.0503 3112.561 3137.9851 3141.1003 3145.759 3150.6238 3149.2986
2953.2083 2962.0447 2964.05 2970.6621 2972.6565 2980.0632 2985.0732 2988.9028 2991.6934 2995.717 3006.3108 3010.9453 3015.6321 3014.1216 3016.0615 3034.1636 3021.7144 3024.8242 3028.3889 3024.741 3021.5662 3015.6367 3014.0378 3018.6104 3026.0288 3028.1819 3033.7317 3040.9666 3028.2646 3037.6479 3042.2102 3047.314 3047.6523 3046.3994 3057.3992 3058.6611 3048.1218 3062.4346 3059.3809 3053.4385 3060.5679 3061.7231 3064.1897 3066.7932 3067.1289 3085.7896 3072.9099 3077.6184 3066.4197 3060.3811 3068.4617 3138.209 3096.7944 3090.2727 3108.1731 3115.7915 3120.3674 3124.1985 3138.1633 3130.3828
2947.6494 2948.5393 2950.2153 2950.0686 2954.7817 2955.9102 2959.7683 2967.9487 2978.7739 2980.9412 2986.0088 2993.6111 2996.7644 3000.4958 3008.5344 3013.6785 3010.7087 3012.1211 3016.8264 3011.6067 3010.7195 3017.8284 3027.5903 3025.9607 3026.9893 3021.9817 3027.3887 3024.5664 3027.9993 3031.4329 3032.7129 3032.2844 3031.8853 3031.7588 3034.8481 3040.2979 3041.9336 3051.9324 3048.4851 3050.9465 3047.5535 3048.4387 3053.2969 3055.4995 3050.4233 3050.3914 3055.2361 3076.7356 3065.27 3067.5945 3185.0779 3075.9099 3080.9749 3088.9226 3096.8145 3081.6389 3097.739 3109.012 3099.6616 3101.9434
2917.4248 2923.0488 2924.3433 2926.762 2950.231 2949.6589 2942.457 2941.4148 2936.6111 2944.6458 2945.7534 2961.4434 2964.4893 2975.2773 2982.9353 2983.2473 2983.4028 2992.3911 2998.9875 3012.5903 3011.2256 3028.4658 3003.7358 3014.2156 3015.0298 3022.9656 3000.6287 3037.6699 2892.3687 2939.1814 3025.4238 3027.4175 3047.1311 3154.9141 3036.9487 3011.4553 3027.0698 3025.8782 3026.1802 3029.7893 3026.032 3210.1357 3025.521 3011.5591 3013.2771 3025.5073 3052.324 3056.0317 3058.5532 3063.6724 3074.3933 3088.301 3094.0361 3085.3201 3094.8206 3100.917 3097.0449 3107.0791 3112.0161 3111.7395
2916.2703 2930.0403 2936.6345 2925.104 2942.4844 2935.3438 2935.5483 2937.1785 2945.0686 2956.2808 2959.9404 2965.0378 2971.9678 2966.8262 2969.1184 2976.1563 2973.1182 2980.3523 2984.8569 2984.7849 2953.2539 2862.7522 2989.2217 3006.0471 3000.2358 2937.3296 2985.9648 3006.8154 2962.6497 3014.3225 3000.385 3012.2727 3006.4766 3143.8889 3042.604 2997.3474 3026.5457 3030.9661 3034.8311 3038.5085 3044.4692 3036.6836 3038.1748 3059.1279 3061.1506 3065.1472 3066.4692 3068.0078 3052.4084 3072.6624 3078.4746 3082.7266 3091.4851 3100.6733 3100.3389 3103.9202 3109.665 3107.5361 3108.1716 3110.4233
2897.675 2896.876 2910.6216 2911.7773 2906.7246 2914.436 2911.6079 2915.1221 2918.1704 2933.9199 2932.6628 2936.0071 2931.0735 2928.4045 2928.1582 2928.4016 2942.4509 2949.605 2958.3193 2958.0879 2954.0945 2962.2605 2973.7268 2977.5117 2972.5845 2968.4685 2964.1541 2966.9729 2964.9919 2961.0742 2967.7737 2977.3816 2974.8381 2973.2368 2977.7173 2982.0649 2989.3647 2983.0837 3000.6868 3016.8005 3034.9971 3027.9756 3030.217 3045.197 3047.5635 3055.0991 3056.9575 3054.97 3065.9902 3057.4194 3052.9175 3058.3442 3076.3882 3081.2263 3086.7803 3095.4607 3095.4607 3083.2141 3098.699 3087.656
2862.9397 2871.9961 2881.5457 2889.2527 2894.3533 2899.6123 2904.7163 2908.4348 2913.6108 2900.2395 2905.0562 2898.1956 2894.1367 2901.9561 2900.6152 2896.8293 2898.9387 2900.6497 2924.3279 2935.3562 2941.0002 2942.7427 2947.0029 2938.7664 2941.7554 2956.7275 2943.3208 2944.1182 2943.2832 2935.6655 2944.698 2959.2078 2964.2354 2956.7085 2958.385 2953.7666 2962.7634 2966.3555 2973.1174 2972.5554 2969.0583 2980.6851 2974.7012 2988.9497 3014.4297 3023.5378 3028.7886 3014.0334 3018.2109 3031.8572 3033.0039 3050.2478 3058.3394 3043.8643 3045.1472 3054.8718 3047.7764 3070.1003 3075.0068 3072.0142
2849.3018 2830.1458 2828.2969 2839.4207 2841.8816 2871.1165 2893.5242 2897.6321 2887.033 2889.4187 2883.7969 2887.8101 2888.8545 2891.9751 2886.2852 2885.4919 2896.3308 2888.6826 2890.4912 2902.2473 2899.8127 2910.304 2918.6907 2924.2136 2930.2266 2939.5857 2945.2192 2944.5618 2948.885 2944.8538 2947.1902 2955.0103 2952.1838 2956.8083 2959.2358 2963.1985 2968.2024 2965.6555 2952.7476 2961.0315 2956.8279 2957.0867 2960.9656 2970.7886 2965.4001 2981.0779 2983.6919 2984.7854 2987.2617 2995.3618 2994.0088 2990.9646 2994.895 3002.4202 3022.4822 3025.0869 3020.3333 3015.512 3025.9102 3034.4573
2830.1812 2831.041 2829.0679 2837.1284 2836.4458 2850.1199 2849.48 2849.208 2858.1938 2858.5564 2868.5054 2887.9199 2883.7209 2890.3323 2889.8054 2900.845 2884.5969 2874.7686 2868.2231 2878.5012 2885.5171 2889.0308 2889.7607 2899.4331 2910.9458 2918.5444 2923.2917 2919.1487 2929.9275 2935.9668 2940.072 2940.7595 2946.614 2956.0554 2954.9949 2954.7332 2949.301 2947.772 2953.918 2975.9968 2965.5198 2959.6172 2962.7507 2968.2739 2965.9893 2958.9094 2963.6147 2966.6563 2974.5493 2965.8662 2967.9351 2973.7996 2963.623 2976.9763 2969.6228 2975.7991 2989.2825 2984.0654 2989.6106 3003.604
2811.6157 2833.1077 2828.9614 2840.7917 2840.2871 2848.4263 2856.0549 2849.717 2865.9185 2851.3774 2864.9114 2865.7859 2884.5684 2878.4961 2886.5911 2892.1995 2893.0889 2883.7917 2889.7346 2880.855 2861.4958 2864.7383 2873.6018 2874.2461 2876.0015 2893.6104 2882.8633 2894.5803 2888.0366 2905.9944 2910.188 2916.0215 2923.863 2932.4658 2933.8311 2951.5181 2950.8264 2946.8887 2955.0679 2944.9304 2945.1736 2936.7322 2942.6257 2940.7083 2940.8298 2937.9907 2941.511 2954.21 2959.1047 2963.6899 2953.4465 2954.1218 2969.4045 2968.6748 2959.7932 2960.9629 2970.5769 2973.4697 2978.3171 2981.4453
2787.4646 2796.5608 2811.6714 2798.6238 2802.1472 2805.3699 2804.1477 2810.0935 2813.6543 2818.7961 2829.4026 2845.1621 2846.853 2851.4434 2853.4375 2849.3604 2858.0273 2865.0078 2867.7771 2864.9233 2877.0601 2874.3723 2878.7092 2875.9675 2866.762 2872.1255 2876.9504 2862.3669 2874.9348 2865.0742 2866.041 2869.9402 2871.4541 2877.0554 2875.1326 2888.5071 2904.9443 2914.7361 2918.7512 2920.2571 2919.3953 2934.7336 2923.5103 2929.4851 2934 2929.853 2928.9773 2927.6313 2934.4417 2946.0679 2945.0615 2952.8501 2954.4917 2949.6931 2955.822 2968.1584 2977.4265 2984.2231 2985.3071 2981.3865
2789.457 2784.6855 2783.6851 2784.7434 2792.6172 2784.2502 2789.9858 2789.0361 2785.3513 2801.9961 2817.3271 2822.4629 2815.2292 2805.009 2815.054 2811.7119 2824.9119 2823.8289 2825.1489 2827.9861 2836.5801 2845.219 2857.4023 2863.5471 2869.8308 2872.3379 2876.9548 2875.8237 2872.3494 2868.8254 2868.8284 2870.3081 2874.2048 2871.2581 2871.3882 2870.7163 2865.6826 2881.0493 2885.718 2901.7522 2908.0784 2916.6907 2913.4983 2912.7822 2910.7725 2915.7786 2917.8091 2925.3745 2923.8145 2935.543 2945.0364 2948.7905 2941.8801 2937.6924 2961.1248 2951.3103 2957.5554 2957.2578 2957.1875 2964.9602
2767.522 2779.1831 2781.1387 2772.8071 2771.7637 2783 2781.6921 2778.8528 2786.8792 2778.0991 2777.7893 2780.9382 2787.0559 2785.3291 2772.6475 2788.8872 2791.4492 2809.2466 2805.373 2821.9917 2819.9727 2813.6475 2826.644 2842.8604 2847.3667 2851.0264 2855.27 2858.655 2863.8369 2858.512 2852.1816 2857.1243 2874.2695 2878.8647 2877.3948 2875.3086 2888 2888.311 2885.4011 2883.4292 2884.6514 2898.3384 2900.4126 2894.4236 2905.0239 2908.4744 2908.4736 2910.0972 2922.1833 2936.4299 2931.8289 2921.7407 2916.094 2919.4788 2920.6846 2922.8499 2923.1792 2927.5491 2933.2566 2931.7942
2715.7036 2728.2153 2727.5334 2731.2073 2740.6953 2738.0115 2750.0212 2754.8887 2753.3472 2740.5444 2751.3845 2755.0549 2757.0415 2759.8779 2765.0168 2769.752 2772.446 2765.2615 2774.7595 2776.512 2781.6636 2790.5593 2802.1902 2800.3022 2806.115 2821.8765 2822.0422 2828.3025 2825.0928 2831.9998 2827.7942 2830.0444 2842.3494 2848.0857 2847.6248 2850.1787 2858.7686 2861.3511 2854.7898 2844.229 2856.2231 2859.3738 2869.7852 2874.1211 2876.677 2877.5803 2885.0552 2888.1282 2897.438 2907.8159 2906.2249 2912.1843 2917.6309 2915.5959 2924.5916 2904.6411 2901.4829 2901.5649 2916.8931 2935.1409
2705.3828 2691.2473 2697.0491 2704.3425 2698.6726 2697.7983 2705.1543 2713.3599 2721.6404 2711.0901 2713.5156 2717.1008 2717.2966 2725.6038 2740.093 2726.4768 2733.3735 2747.5544 2758.0364 2758.2344 2762.8979 2754.552 2749.3384 2753.3267 2765.6631 2774.394 2784.2332 2781.4629 2785.4827 2795.041 2806.7029 2804.7039 2805.1995 2818.7219 2821.5549 2833.2559 2836.0698 2833.2095 2834.782 2828.583 2832.4771 2832.8508 2832.5527 2841.4614 2845.5981 2842.4993 2848.269 2856.3145 2865.323 2862.689 2857.9268 2867.6694 2867.5139 2872.394 2875.3223 2876.8916 2884.0417 2882.1797 2878.7209 2882.7927
