Resources/Map/Lvl0_30x30/Ele_EB.asc
ncols         335
nrows         335
xllcorner     -16695000
yllcorner     -6725000
cellsize      10000
nodata_value  -99999.0
[rows 261 to 289 of 335, columns 260 to 324 of 335]
-3762 -3764 -3757 -3571 -3458 -3536 -3651 -3675 -3610 -3647 -3698 -3573 -3430 -3404 -3428 -3529 -3685 -3762 -3639 -3559 -3624 -3572 -3430 -3359 -3302 -3255 -3237 -3327 -3533 -3620 -3396 -3157 -3147 -3334 -3527 -3631 -3587 -3432 -3267 -3139 -3053 -3096 -3102 -3065 -2990 -3070 -3103 -3158 -3255 -3260 -3211 -3252 -3317 -3049 -2755 -2789 -2737 -2791 -2816 -2929 -3171 -3172 -2937 -2984 -3072
-3662 -3697 -3650 -3689 -3707 -3666 -3631 -3621 -3536 -3559 -3584 -3427 -3351 -3445 -3583 -3650 -3654 -3583 -3397 -3300 -3340 -3300 -3217 -3275 -3398 -3456 -3447 -3420 -3403 -3314 -3124 -3037 -3106 -3222 -3336 -3377 -3311 -3207 -3168 -3169 -3153 -3185 -3123 -3052 -2978 -2960 -2945 -2967 -3136 -3166 -3059 -3037 -3042 -2908 -2869 -2907 -2884 -2920 -3070 -3269 -3376 -3348 -3162 -3086 -2874
-3608 -3627 -3592 -3602 -3493 -3355 -3431 -3516 -3566 -3640 -3637 -3547 -3578 -3634 -3618 -3560 -3468 -3355 -3210 -3130 -3136 -3168 -3245 -3333 -3351 -3368 -3362 -3315 -3258 -3147 -3101 -3148 -3149 -3201 -3317 -3332 -3275 -3232 -3248 -3238 -3187 -3137 -3116 -3087 -3064 -3093 -3079 -2997 -2917 -2913 -2763 -2716 -2753 -2717 -2737 -2763 -2795 -2871 -2913 -3111 -3133 -3310 -3309 -3279 -3211
-3526 -3526 -3529 -3480 -3388 -3259 -3306 -3466 -3679 -3814 -3806 -3748 -3677 -3532 -3423 -3378 -3355 -3300 -3231 -3213 -3181 -3197 -3295 -3337 -3303 -3364 -3440 -3387 -3263 -3151 -3215 -3278 -3189 -3202 -3275 -3335 -3352 -3246 -3195 -3177 -3060 -2984 -3010 -3071 -3163 -3234 -3131 -2982 -2992 -3070 -2969 -2867 -2887 -2908 -2872 -2800 -2817 -2868 -2725 -2646 -2508 -2577 -2811 -3017 -3175
-3334 -3400 -3541 -3684 -3713 -3573 -3427 -3534 -3697 -3705 -3597 -3556 -3519 -3381 -3322 -3301 -3212 -3147 -3190 -3246 -3219 -3280 -3351 -3332 -3329 -3420 -3502 -3462 -3390 -3301 -3284 -3317 -3249 -3269 -3281 -3276 -3245 -3187 -3212 -3234 -3152 -3119 -3112 -3099 -3120 -3098 -2984 -2932 -2930 -2899 -2904 -2969 -3009 -3008 -2955 -2951 -3015 -2970 -2883 -2794 -2726 -2672 -2698 -2590 -2574
-3506 -3516 -3616 -3733 -3695 -3563 -3449 -3528 -3597 -3506 -3336 -3296 -3330 -3212 -3117 -3153 -3125 -3124 -3243 -3310 -3303 -3350 -3366 -3322 -3304 -3359 -3428 -3409 -3299 -3194 -3198 -3233 -3203 -3208 -3239 -3270 -3344 -3332 -3279 -3281 -3227 -3151 -3040 -2940 -2879 -2863 -2934 -3033 -2698 -2441 -2508 -2809 -2954 -2929 -2855 -2820 -2676 -2599 -2811 -2936 -2861 -2741 -2671 -2646 -2541
-3610 -3581 -3614 -3697 -3609 -3479 -3425 -3541 -3533 -3412 -3273 -3243 -3303 -3199 -3148 -3332 -3447 -3418 -3356 -3321 -3336 -3338 -3301 -3289 -3296 -3309 -3333 -3264 -3095 -2949 -3015 -3105 -3015 -2985 -3074 -3125 -3210 -3280 -3246 -3169 -2965 -2674 -2482 -2543 -2693 -2824 -2931 -3004 -2895 -2829 -2842 -2911 -2968 -2929 -2904 -2706 -2190 -2059 -2582 -2949 -2916 -2722 -2614 -2578 -2505
-3537 -3534 -3496 -3419 -3430 -3485 -3552 -3571 -3530 -3487 -3418 -3337 -3275 -3169 -3190 -3326 -3395 -3384 -3335 -3324 -3344 -3321 -3258 -3219 -3277 -3325 -3329 -3307 -3253 -3133 -3092 -3101 -3045 -3073 -3095 -2985 -3013 -3185 -3153 -2955 -2824 -2722 -2707 -2858 -2971 -2948 -2900 -2861 -2877 -2892 -2915 -2897 -2864 -2817 -2862 -2842 -2681 -2663 -2742 -2714 -2730 -2731 -2601 -2457 -2454
-3467 -3093 -2628 -2623 -2823 -3058 -3231 -3504 -3646 -3656 -3604 -3504 -3280 -3025 -3047 -3223 -3321 -3310 -3289 -3284 -3275 -3261 -3271 -3290 -3342 -3312 -3208 -3163 -3150 -3165 -3153 -3119 -3110 -3140 -2966 -2683 -2730 -3000 -2991 -2841 -2899 -3049 -3068 -3006 -2957 -2912 -2897 -2902 -2867 -2874 -2876 -2837 -2811 -2782 -2827 -2807 -2706 -2748 -2751 -2612 -2602 -2625 -2539 -2424 -2466
-3254 -2535 -1402 -1928 -1693 -2106 -2771 -3249 -3133 -3447 -3600 -3456 -3315 -3178 -3171 -3291 -3391 -3353 -3313 -3285 -3268 -3319 -3417 -3386 -3283 -3219 -3200 -3171 -3080 -3074 -3126 -3183 -3232 -3231 -3082 -2954 -3048 -3186 -3050 -2878 -2967 -3139 -3083 -2909 -2833 -2825 -2807 -2858 -2885 -2839 -2794 -2810 -2850 -2784 -2752 -2759 -2721 -2697 -2661 -2666 -2711 -2636 -2585 -2430 -2426
-3327 -2810 -2068 -2518 -2738 -3027 -2968 -2491 -2135 -2657 -2913 -3064 -3384 -3457 -3503 -3446 -3372 -3365 -3337 -3363 -3372 -3395 -3456 -3364 -3239 -3243 -3287 -3235 -3161 -3195 -3210 -3177 -3235 -3276 -3219 -3165 -3130 -3138 -3157 -3097 -3037 -3039 -3045 -2988 -2910 -2879 -2885 -2922 -2883 -2867 -2807 -2796 -2828 -2775 -2774 -2817 -2815 -2749 -2680 -2707 -2723 -2626 -2484 -2336 -2376
-3560 -3396 -3340 -3343 -3468 -3405 -3112 -2413 -2158 -2245 -2528 -2979 -3269 -3367 -3427 -3138 -3036 -3010 -3234 -3380 -3430 -3300 -3293 -3322 -3283 -3316 -3309 -3162 -3011 -3020 -2950 -2874 -3081 -3255 -3295 -3285 -3192 -3127 -3176 -3160 -3024 -2973 -2989 -2983 -2944 -2920 -2930 -2913 -2932 -3006 -2946 -2857 -2794 -2723 -2780 -2853 -2822 -2746 -2739 -2762 -2671 -2506 -2336 -2345 -2502
-3947 -3988 -3953 -3617 -3658 -3632 -3481 -3369 -3324 -3103 -3055 -3250 -3356 -3379 -3263 -3042 -2804 -2336 -2881 -3205 -3262 -3057 -3054 -3256 -3282 -3248 -3326 -3218 -2911 -2807 -2833 -2818 -3176 -3326 -3138 -3095 -3186 -3144 -3079 -3069 -3009 -3051 -3110 -3027 -2981 -2973 -2975 -2909 -2925 -2987 -2921 -2844 -2856 -2824 -2789 -2794 -2768 -2717 -2690 -2675 -2531 -2360 -2331 -2463 -2606
-4326 -4633 -4599 -3804 -3693 -3701 -3651 -3635 -3500 -3373 -3337 -3336 -3350 -3359 -3273 -3347 -3358 -3217 -3298 -3249 -3097 -3005 -3109 -3241 -3247 -3175 -3070 -3174 -3111 -3177 -3254 -3240 -3374 -3271 -2879 -2772 -2992 -3038 -3033 -3124 -3089 -3053 -3074 -3021 -2988 -2935 -2937 -2965 -2906 -2958 -2969 -2919 -2909 -2877 -2825 -2780 -2765 -2750 -2743 -2706 -2446 -2326 -2474 -2581 -2646
-2592 -2773 -3366 -4089 -4449 -4461 -4447 -4248 -3861 -3613 -3384 -3472 -3495 -3396 -3231 -3269 -3351 -3282 -3232 -3241 -3175 -3183 -3175 -3095 -3070 -3191 -3176 -3031 -3003 -3073 -3115 -3081 -3006 -2999 -2849 -2845 -2986 -3033 -3063 -3108 -3057 -3006 -3006 -3016 -2986 -2873 -2839 -2899 -2882 -2920 -2964 -2916 -2836 -2827 -2825 -2762 -2739 -2737 -2716 -2614 -2347 -2382 -2584 -2589 -2631
-2398 -2427 -2196 -1713 -1905 -2782 -3784 -4575 -5157 -5210 -4836 -4649 -4417 -3747 -3475 -3513 -3607 -3452 -3338 -3285 -3316 -3350 -3389 -3475 -3474 -3533 -3646 -3594 -3388 -3288 -3284 -3103 -2939 -2878 -2816 -2780 -2795 -2809 -2878 -2942 -2956 -2964 -2964 -2987 -2961 -2865 -2843 -2860 -2859 -2880 -2885 -2870 -2814 -2753 -2714 -2722 -2690 -2648 -2535 -2432 -2307 -2477 -2695 -2644 -2426
-3066 -3350 -3344 -2621 -2320 -2050 -1681 -1605 -2403 -3415 -4197 -4700 -5033 -5013 -5047 -5117 -4907 -4101 -3703 -3623 -3560 -3497 -3434 -3423 -3409 -3383 -3417 -3543 -3792 -4053 -4095 -4151 -4140 -3936 -3661 -3213 -2957 -2785 -2665 -2656 -2690 -2778 -2810 -2835 -2799 -2783 -2819 -2863 -2919 -2929 -2887 -2842 -2794 -2713 -2612 -2628 -2648 -2559 -2351 -2289 -2355 -2431 -2561 -2687 -2603
-3192 -3319 -3368 -3298 -3235 -3169 -2968 -2685 -2473 -2200 -2080 -2153 -2365 -2515 -2935 -3630 -4229 -4798 -5081 -5064 -4794 -4356 -3821 -3428 -3211 -3116 -3075 -3122 -3197 -3244 -3264 -3307 -3499 -3617 -3680 -3835 -3887 -3767 -3534 -3295 -3019 -2888 -2817 -2796 -2754 -2783 -2798 -2855 -2945 -2933 -2873 -2811 -2725 -2666 -2612 -2595 -2568 -2465 -2308 -2327 -2402 -2217 -2123 -2429 -2691
-3147 -3273 -3325 -3380 -3404 -3392 -3328 -3317 -3530 -3622 -3559 -3415 -3183 -2803 -2125 -1823 -2039 -2250 -2349 -3243 -4248 -5104 -5500 -5450 -4817 -4119 -3618 -3299 -3208 -3176 -3203 -3114 -3212 -3233 -3215 -3242 -3194 -3287 -3450 -3616 -3593 -3552 -3500 -3397 -3341 -3116 -3006 -2948 -2845 -2986 -3039 -2921 -2780 -2726 -2671 -2575 -2460 -2349 -2284 -2376 -2536 -2579 -2551 -2599 -2667
-3099 -3132 -3173 -3348 -3364 -3369 -3359 -3341 -3502 -3635 -3670 -3804 -3814 -3521 -3320 -3295 -3313 -2855 -2327 -1861 -1939 -2472 -2791 -3473 -3851 -4496 -5101 -5011 -4558 -4210 -3783 -3759 -3451 -3222 -3153 -3116 -3220 -3216 -3107 -3049 -2988 -3060 -3189 -3247 -3220 -3037 -2813 -2473 -1661 -2232 -2470 -2702 -2708 -2749 -2746 -2642 -2536 -2362 -2352 -2510 -2612 -2729 -2808 -2781 -2736
-3609 -3403 -3289 -3275 -3229 -3299 -3278 -3224 -3280 -3396 -3502 -3613 -3559 -3374 -3338 -3423 -3520 -3573 -3511 -3344 -3233 -3132 -2975 -2991 -2840 -2639 -2928 -3520 -4029 -4331 -4296 -4532 -4402 -3976 -3595 -3293 -3270 -3220 -3189 -3117 -3031 -2971 -3011 -3050 -3023 -2925 -2894 -2709 -2012 -2179 -2256 -2296 -2346 -2542 -2590 -2562 -2454 -2348 -2482 -2619 -2689 -2750 -2805 -2825 -2854
-4326 -4133 -3946 -3850 -3850 -3727 -3419 -3264 -3279 -3378 -3467 -3533 -3412 -3239 -3252 -3241 -3192 -3226 -3319 -3364 -3417 -3521 -3627 -3703 -3708 -3611 -3476 -3318 -3150 -2796 -2508 -2635 -2889 -3038 -3139 -3236 -3352 -3519 -3485 -3460 -3294 -3094 -3003 -3073 -3000 -2915 -2892 -2889 -2740 -2765 -2789 -2775 -2818 -2831 -2778 -2631 -2370 -2419 -2604 -2697 -2743 -2810 -2867 -2919 -2931
-4733 -4534 -4384 -4407 -4383 -4329 -4036 -3800 -3846 -3946 -3931 -3934 -3879 -3608 -3389 -3156 -3030 -3069 -3109 -3083 -3068 -3141 -3300 -3406 -3406 -3459 -3583 -3624 -3522 -3219 -3077 -2885 -2838 -2897 -2822 -2851 -3065 -3299 -3396 -3485 -3506 -3566 -3501 -3397 -3271 -3148 -2911 -2720 -2549 -2504 -2558 -2659 -2706 -2716 -2682 -2498 -2344 -2564 -2717 -2751 -2771 -2879 -2914 -2825 -2826
-4430 -4508 -4572 -4422 -4291 -4185 -4111 -4165 -4265 -4242 -4254 -4347 -4416 -4377 -4139 -3771 -3421 -3205 -3057 -2996 -3034 -3047 -3073 -3099 -3087 -3118 -3211 -3307 -3405 -3440 -3351 -3265 -3222 -3263 -3215 -3160 -3184 -3264 -3388 -3493 -3606 -3706 -3600 -3593 -3654 -3725 -3595 -3341 -2982 -2961 -2830 -2812 -2774 -2846 -2689 -2418 -2395 -2562 -2689 -2770 -2822 -2883 -2915 -2883 -2899
-3946 -4155 -4338 -4263 -4207 -4122 -4106 -4187 -4209 -4136 -4090 -4055 -4161 -4254 -4259 -4226 -3988 -3668 -3486 -3554 -3868 -3842 -3560 -3316 -3185 -3114 -3108 -3223 -3409 -3400 -3308 -3239 -3186 -3230 -3251 -3208 -3231 -3344 -3427 -3467 -3540 -3564 -3487 -3355 -3213 -3231 -3386 -3456 -3305 -3254 -2968 -2848 -2810 -2831 -2630 -2470 -2451 -2506 -2608 -2747 -2822 -2863 -2928 -2962 -2985
-3876 -3899 -3889 -4035 -4016 -3955 -3944 -4038 -4140 -4129 -3986 -3861 -3937 -4099 -4106 -4080 -4064 -3977 -3760 -3848 -4478 -4565 -4431 -4228 -4035 -3775 -3462 -3453 -3609 -3671 -3615 -3486 -3323 -3223 -3125 -3031 -3054 -3161 -3232 -3325 -3439 -3496 -3494 -3365 -3133 -2999 -3139 -3414 -3765 -3975 -3771 -3426 -3377 -3332 -3104 -2933 -2767 -2679 -2733 -2650 -2673 -2726 -2771 -2808 -2825
-4037 -3893 -3706 -3762 -3782 -3810 -3895 -4039 -4101 -4154 -4174 -4136 -4115 -4180 -4147 -4089 -4141 -4230 -4106 -4007 -4082 -4227 -4377 -4411 -4380 -4291 -4116 -4064 -4238 -4483 -4698 -4734 -4539 -4272 -4010 -3743 -3524 -3419 -3389 -3363 -3382 -3531 -3612 -3439 -3322 -3427 -3614 -3758 -4133 -4209 -4257 -4243 -4175 -4108 -4004 -3805 -3657 -3481 -3305 -3160 -3112 -3001 -2859 -2781 -2740
-4240 -3963 -3631 -3725 -3788 -3805 -3869 -3914 -3878 -3903 -4051 -4209 -4214 -4141 -4099 -4101 -4129 -4178 -4224 -4268 -4368 -4424 -4398 -4351 -4271 -4311 -4483 -4616 -4690 -4663 -4746 -4814 -4797 -4897 -5070 -5048 -4693 -4352 -4250 -4142 -3989 -3957 -3776 -3338 -3105 -3218 -3432 -3666 -3835 -3884 -4010 -4122 -4157 -4218 -4306 -4266 -4186 -4119 -4062 -4079 -4063 -3807 -3561 -3520 -3535
-4450 -4269 -4041 -3964 -3943 -3923 -3958 -3944 -3838 -3737 -3711 -3728 -3727 -3809 -3988 -4010 -3827 -3784 -3849 -3943 -4107 -4301 -4380 -4419 -4171 -4016 -3965 -4259 -4571 -4530 -4365 -4332 -4454 -4780 -5093 -5101 -4811 -4684 -4840 -4947 -4913 -4804 -4374 -3758 -3462 -3449 -3478 -3661 -3961 -4077 -4179 -4112 -3986 -4018 -4127 -4099 -4047 -4070 -4188 -4280 -4328 -4296 -4197 -4238 -4318
