Resources/Map/Lvl0_30x30/Ele_AB.asc
ncols         335
nrows         335
xllcorner     -16695000
yllcorner     6675000
cellsize      10000
nodata_value  -99999.0
[rows 240 to 269 of 335, columns 198 to 263 of 335]
136.5535 168.1029 178.5112 210.3259 233.0407 252.7884 276.1848 255.5256 245.5506 218.127 208.7667 214.8433 209.2414 190.2718 208.1803 193.3428 169.3018 127.1631 120.5311 91.741 98.8444 125.07 140.3889 158.8152 169.4771 155.2573 139.8085 150.1033 163.5849 174.8816 183.623 185.008 178.215 163.2654 144.4405 186.072 139.3129 74.2005 159.1738 162.5419 105.6433 170.104 190.8415 197.5744 197.0854 205.51 218.11 205.5774 213.7042 175.5128 176.304 89.3793 143.2701 147.8153 173.1927 182.3211 179.5914 172.2362 165.8682 155.8826 140.8597 139.0619 149.8443 168.0222 167.8 160.2637
257.7867 249.093 297.1937 300.6371 286.326 248.7849 237.799 239.0816 207.9592 174.2746 242.747 217.4151 235.0773 208.5 171.4469 139.3467 146.9608 159.5218 143.0929 116.4861 180.8421 210.2008 213.1439 195.5181 211.6462 184.7817 87.93 74.8942 74.5308 86.2382 94.9588 96.4728 62.33 59.8891 78.0765 75.106 102.4956 92.2795 47.1609 61.171 81.6397 53.1926 46.7647 58.4246 84.7361 98.293 89.0687 86.3045 89.6133 81.0256 95.5621 127.794 123.17 141.1998 182.5669 145.2389 145.6136 164.9856 187.0256 180.309 186.5382 204.0119 235.4901 221.3208 178.5897 183.0923
256.449 233.787 247.4748 250.1566 265.2234 274.7492 253.896 199.5458 254.6084 275.8041 260.126 244.9322 222.6004 249.9302 226.7166 136.1346 191.7022 253.1805 254.1226 214.2246 168.114 234.2606 232.9363 237.9044 130.9782 145.2188 161.8684 202.3655 140.5741 90.3117 83.5945 81.2193 53.9087 70.1951 100.6474 76.7189 108.8181 117.1526 120.8789 128.3576 139.897 138.2441 141.3802 138.1285 133.711 145.201 136.3077 141.4107 130.1121 145.5555 160.6353 176.1971 177.5651 194.408 216.1303 198.9346 204.0367 215.553 221.752 243.1071 252.3908 219.5545 255.6493 266.428 260.8583 263.7883
256.5383 248.301 212.3435 254.2324 269.0929 245.3798 256.3404 159.6857 244.2755 240.3854 181.0696 219.8802 232.8182 247.5091 258.1815 256.0402 263.0465 199.3137 248.1733 304.4834 264.9161 245.8087 274.5703 259.8248 173.7493 217.9888 231.1442 241.7914 192.218 187.9521 130.2375 87.1187 144.5493 162.9296 130.8389 120.2607 101.5508 99.37 98.5014 89.3702 107.1177 148.2747 167.315 150.4346 156.2226 149.8646 168.9781 176.1886 207.6582 263.5715 262.136 263.4853 224.3006 235.3985 219.4632 235.0715 232.8986 285.2134 266.3821 263.5103 259.9188 235.4624 225.1656 264.8843 312.0423 302.8244
255.5046 244.6828 268.3301 275.2776 259.4225 251.2663 134.4596 210.7048 233.001 173.7132 262.4744 206.2088 171.7625 245.864 225.8365 277.8769 236.2413 226.654 253.0561 269.853 265.7207 212.6247 295.3146 243.0393 262.3623 230.2461 252.1977 254.0461 156.1224 138.1531 69.8465 95.094 145.9529 146.7766 171.198 166.5157 138.3176 149.5643 170.5669 127.6447 126.9677 119.1202 127.5347 156.5093 307.4826 326.2956 265.5635 321.3027 252.3103 268.8957 225.157 213.1339 204.5773 220.362 230.5414 250.1261 311.1765 306.3158 275.254 269.6848 267.1584 238.2943 229.9091 243.6284 248.3485 267.7853
219.6152 230.4281 185.7276 206.8384 202.605 171.1891 161.8052 227.8577 255.2483 267.7075 323.1671 299.7269 362.8181 316.834 238.1794 259.0995 270.6102 246.9374 257.5369 269.6946 212.9602 217.264 180.9475 238.3409 240.1847 257.0088 171.5757 87.2148 110.962 127.9653 135.2864 133.4243 130.3282 93.3597 124.4318 135.1649 136.884 168.9989 195.2655 205.0675 216.478 191.8567 166.2236 122.4466 172.6676 164.4277 201.8053 186.7229 174.5931 197.595 198.3684 195.7634 206.6207 222.7517 256.1349 293.1761 305.5676 296.9305 292.8927 288.4855 280.5397 245.2976 231.9508 237.7244 257.0858 235.6276
261.9655 223.1188 205.5999 158.5081 193.2449 219.0634 183.6432 152.7144 228.2064 219.7878 326.0526 325.648 246.9469 247.1799 249.3592 242.1175 225.4162 227.1352 200.862 179.8539 148.5397 88.2084 120.6054 207.4675 205.6732 152.4776 122.3411 119.2927 83.5874 187.1338 241.8792 217.9556 238.5547 161.2891 119.1966 152.9628 132.6073 114.4389 123.2896 186.6319 224.2673 198.3402 196.9449 214.0433 150.3718 177.2174 223.6656 251.9872 243.7186 201.9155 247.8327 240.0778 235.5924 288.7 307.7359 297.542 300.8476 291.5022 279.166 272.6219 262.2926 227.5395 275.9423 264.3454 246.9295 227.1508
180.022 156.1657 162.2603 157.842 169.4726 169.9697 190.2198 159.0986 144.7428 151.7635 202.2574 164.4178 155.1661 152.3682 152.616 168.2276 177.691 208.1952 169.4049 176.0173 203.8621 213.6956 255.6129 299.3678 267.795 204.5931 214.482 153.9202 114.2874 101.0792 112.8554 120.8271 176.9327 187.6674 152.6074 163.8434 166.4656 149.5166 125.0483 146.3703 153.5939 187.3989 189.6866 209.9596 175.7906 194.4681 277.258 293.9488 292.64 274.0306 240.1549 237.8906 250.55 291.7184 295.3351 275.6822 273.6272 272.479 275.3658 259.7405 264.4899 255.0845 250.632 268.4738 265.2182 276.3834
291.7261 219.3022 176.1315 136.5826 134.5925 145.5402 229.6731 266.5658 277.9043 228.877 276.2653 240.0001 235.4953 219.2035 179.1328 171.7333 217.0258 185.715 202.2067 208.208 238.4894 258.1948 256.2784 298.7177 256.9814 212.0489 174.3504 169.7343 138.3556 105.2565 157.2559 120.9556 201.0752 196.1827 188.1306 195.6575 223.3461 186.9471 149.4239 110.4033 123.4445 167.7971 190.4388 216.9347 307.5385 266.869 319.8346 351.4533 338.4284 307.6001 276.6348 285.9895 270.2134 259.6967 300.6397 284.3961 305.3493 302.5544 316.8214 317.6345 272.7789 237.6706 267.2182 279.23 273.1603 272.9674
264.6078 234.7034 241.1422 134.0241 146.5266 204.8141 258.118 219.2816 252.6371 265.698 284.4915 238.3459 226.8507 218.7324 215.8535 229.3578 170.156 245.4514 220.5894 227.7076 219.3226 200.5856 215.312 302.2902 300.8647 203.1202 180.3126 162.6229 160.8904 127.0899 118.6482 143.4682 209.7528 259.6916 247.8397 233.5672 209.3691 206.3772 173.1004 203.3868 196.04 145.6556 135.7785 132.917 163.6936 224.2795 237.9445 279.0625 273.8367 324.677 339.2393 307.8588 312.2452 322.2779 312.5606 324.8997 287.8186 275.0421 300.6711 281.484 312.0718 284.7601 310.0498 269.8002 271.6144 262.76
220.8733 180.2905 149.7662 156.8048 141.1241 133.0714 121.6846 126.5792 109.7555 109.8622 115.6366 120.4908 132.7045 137.3285 153.6401 148.4115 199.653 233.678 271.1195 264.9143 281.5989 311.4148 255.8648 250.7163 267.4737 212.1718 171.006 177.9822 168.2291 129.6704 155.4305 216.231 154.6034 192.9782 228.0118 242.2808 255.8558 237.3882 202.0993 163.5185 182.3422 195.447 156.9885 181.6355 152.442 154.6719 170.0695 221.1049 261.4713 221.0253 229.8654 254.45 248.0015 276.0119 323.7895 270.8117 249 251.3121 258.7897 255.7236 258.2516 254.9804 255.2633 291.4471 320.9015 302.607
90.7453 74.1937 71.6437 69.4216 71.005 70.4954 71.8425 32.7915 29.6022 30.625 46.2862 56.5554 24.3446 54.4199 69.9916 146.3434 174.3831 199.613 232.578 270.0061 306.1434 306.2015 274.5982 305.0851 207.0796 221.0507 168.5798 149.9965 149.3096 174.7626 225.4081 244.7701 183.1727 248.2528 253.3098 261.8436 253.0272 244.601 209.9525 267.9364 278.9171 236.3925 231.1682 210.7051 204.4275 178.6117 200.8106 226.0167 176.9909 202.3558 245.3763 281.005 283.9638 279.8163 290.8156 304.0022 330.0896 262.78 264.2754 268.0068 278.7642 255.2254 258.3071 254 268.1786 320.7358
75.9959 77.0866 66.6392 6.5381 24.2223 53.7688 88.0303 114.989 130.1471 135.4709 138.0962 136.9359 124.3882 100.9963 66.1478 65.6864 92.8334 87.1164 77.7025 100.93 287.0983 223.3904 205.3353 181.988 238.1746 248.8626 195.5658 268.909 188.9796 281.1841 269.8568 227.9715 289.0044 258.5463 306.6657 298.0135 234.4572 197.4613 186.1962 279.482 241.5263 286.1611 257.2419 260.1151 195.5062 262.9192 257.2484 230.4612 225.3015 238.2934 331.6592 295.5028 296.494 302.4925 272.1082 284.3987 319.7044 315.3315 309.4827 291.9829 302.649 287.6713 284.2301 256.0585 266.0197 257.1155
106.2872 125.4768 118.2874 103.113 115.7886 175.3428 266.0209 300.7025 329.922 311.0254 292.9336 276.2361 230.3896 185.6411 189.879 182.0258 102.5258 68.522 64.7678 15.318 41.6609 184.5651 305.726 307.0392 272.7118 294.4258 334.033 312.7276 330.8885 330.9848 309.2942 316.1332 302.184 229.8381 296.382 307.0417 294.612 277.3698 165.1815 153.0753 204.9895 237.0084 275.0179 276.5707 257.5635 259.3047 291.8745 212.9935 287.0251 289.5264 334.8193 253.3696 322.5873 295.8422 297.969 285.9892 307.9614 328.2904 301.7874 328.1534 312.5087 282.4258 302.5062 254 254 255.4864
108.1334 113.0465 164.9246 237.1187 217.5884 218.6375 277.3426 311.161 311.5668 305.7216 278.2047 277.6445 245.1799 242.0186 295.5468 293.14 243.0847 192.8317 112.9094 58.0943 21.2494 20.1244 56.4485 70.1593 219.7435 311.5739 342.6802 332.1909 293.5246 288.6033 331.2333 317.2024 321.2198 287.5593 256.2056 276.5783 280.9818 287.1014 244.8826 151.0184 135.6765 192.4499 246.7626 274.4749 225.2363 244.3849 220.3752 299.2057 288.3017 321.4051 325.3171 311.0063 277.7827 275.4884 301.4967 300.267 286.8077 328.6965 369.6634 358.7602 348.5617 327.5518 300.948 257.769 259.9106 244.6673
142.2631 152.1939 180.2384 203.9137 210.9811 251.2069 322.9566 308.1299 328.4253 291.6972 292.903 334.1994 280.4065 350.8821 334.7486 343.3632 286.8708 213.7274 123.7402 101.9672 74.5784 23.2075 71.3982 77.4306 68.4588 159.9637 219.9544 301.4904 349.0587 256.3629 303.8103 309.158 277.1627 313.7599 285.0253 231.2561 312.5985 310.0232 284.7924 178.9817 123.4986 163.798 233.6372 230.8747 222.6756 171.1086 205.1425 261.2174 241.8419 259.0786 303.8371 303.003 285.5817 279.3858 314.3297 334.1083 336.6466 337.5047 334.6343 344.8877 342.9367 344.4277 381.2501 324.5477 287.7642 242.6821
189.3134 187.7853 188.5191 199.608 206.1191 216.5484 308.3105 346.5085 355.8783 349.8021 362.1662 419.1545 348.4431 383.6237 379.1003 338.1135 210.8175 154.4456 127.5728 99.4236 64.7486 17.1241 74.8168 81.6073 95.2409 142.819 310.3356 301.0746 327.0771 301.7738 180.0019 343.5279 319.3434 340.3275 324.7821 240.7344 264.8147 298.4884 298.1585 291.1805 247.8282 111.7459 135.3722 176.7911 174.0486 144.6894 219.1196 208.9147 189.1012 246.8285 265.205 271.4501 247.5576 240.8853 251.5974 271.1302 314.3302 343.8466 337.6016 277.2505 273.8015 270.5155 285.9185 408.2077 275.3102 257.1508
198.2865 190.7257 188.9431 181.338 184.7957 182.4753 206.7683 273.8283 298.7356 314.2579 293.8398 305.1541 337.1061 326.6947 286.9801 254.6746 195.0457 138.3451 131.9703 130.3606 37.3955 18.0205 18 82.0122 88.8712 294.8433 269.2542 266.8053 319.1538 309.1393 248.976 230.3943 280.4683 304.2333 329.662 278.6328 231.445 231.662 259.014 300.9337 284.722 128.4203 103.2556 168.6846 139.2466 128.2689 136.4897 170.5059 202.8639 231.9251 264.4534 286.1382 260.6207 253.3185 245.1773 248.372 253.1412 237.4906 235.6912 263.0227 269.7661 256.3928 238.966 309.1796 248.5134 246
167.149 180.5632 196.0482 182.2801 173.3167 169.3723 164.6418 172.6571 181.7064 205.0226 244.7586 258.0771 233.3372 195.8806 164.5302 215.2738 248.9235 162.1766 218.7342 244.2514 199.6528 40.7607 18.0412 23.882 124.7742 143.6068 250.0768 261.7137 245.0392 284.9657 240.4331 168.532 263.438 283.1357 266.9237 260.2851 228.0552 209.0566 240.2671 260.4154 171.626 119.266 227.0233 181.3493 118.5221 106.3844 135.9989 173.9683 212.4155 221.1433 211.9423 216.3111 212.6407 220.5786 223.6053 224.9112 227.5169 235.7995 239.6539 246.7473 261.7693 259.7641 259.7197 288.7556 253.5579 246
155.206 157.6556 162.2648 161.6051 154.7769 157.1015 149.8391 144.4354 141.1547 139.6385 137.3656 119.8824 115.9526 157.801 220.602 220.8322 195.5129 220.2649 188.6599 188.5235 147.0334 99.136 62.5842 37.5196 38.731 18.9996 27.0907 52.1676 120.0029 235.7003 254.4374 193.2315 176.3603 208.9223 244.821 251.9492 242.9946 211.7416 132.336 108.9263 106.289 147.6238 219.2256 186.7095 105.298 127.5885 223.7353 214.3081 232.3863 223.8735 216.0862 227.7212 237.7332 246.5953 264.6416 260.9034 253.5934 263.182 263.7748 268.504 263.4544 273.1493 260.7275 243.2634 334.2289 250.8802
147.7004 136.0802 128.8299 130.573 131.1642 136.1851 141.9815 145.337 139.6343 128.1178 121.5684 115.1514 105.9433 104.7911 104.3473 107.7419 114.1475 125.526 160.9173 168.9456 179.671 177.7318 113.4147 60.2244 114.4032 77.5154 71.6541 74.8091 48.8179 27.7387 30.0049 172.9879 126.1291 188.6323 219.8193 204.4449 195.7735 188.6767 78.9843 77.2912 109.601 171.1706 168.6629 122.3463 152.1691 159.2421 189.3957 207.2891 203.0622 198.9659 208.5294 211.42 208.878 209.4208 262.7779 267.0934 224.6034 236.9177 247.0948 262.5409 311.2214 291.27 250.0104 266.664 276.309 311.5831
130.4485 138.3337 133.4726 125.8796 118.3609 116.7855 116.2547 117.7323 120.9967 124.0031 127.3239 125.1697 119.429 111.4659 99.1749 92.6503 71.7308 85.2832 82.8693 101.7589 115.5963 131.7768 141.791 139.1012 145.2708 112.7741 129.2258 175.3338 154.304 90.3465 72.8045 52.9774 21.9782 59.6259 85.1295 181.4252 161.399 91.4588 89.0789 117.4271 163.3814 203.4449 160.2201 136.3498 131.1372 128.3139 152.778 183.778 167.8429 184.6549 185.9481 217.3493 220.0974 173.6433 215.0902 212.6777 210.1917 208.8447 246.0085 196.6494 172.924 252.9317 249.8401 250.0795 277.8426 313.9644
112.1778 108.9732 109.1863 108.2873 108.9991 107.8409 106.5846 106.0672 101.4963 96.8342 95.7343 92.8199 91.0754 91.4509 91.0883 84.3884 63.6177 68.8687 60.4476 63.1375 70.5993 77.8181 84.6563 92.9802 105.7458 118.7971 129.2281 141.5051 151.7449 148.2179 131.1652 123.5059 109.1712 97.0837 91.83 32.3888 62.4525 94.0334 141.7261 184.9477 192.1745 182.127 174.5827 87.7262 62.3491 106.8592 106.2062 108.3639 45.479 37.8749 42.4818 57.218 73.5296 135.3934 187.8585 240.8509 256.0685 275.5279 266.5318 199.1981 221.2953 204.2167 169.1884 161.6453 207.2352 246.0165
128.0665 123.3598 120.6083 116.8521 115.584 109.0804 104.7142 99.1999 96.8993 91.0936 89.5767 87.7572 87.913 89.9425 91.7855 83.014 85.6373 82.8403 78.8476 80.3439 82.0744 78.7454 76.4842 78.6458 88.022 81.8377 79.9408 81.45 91.3363 103.9832 127.741 155.1059 150.733 125.009 116.349 93.9436 28.6729 25.7319 65.3367 90.0316 74.4484 53.2244 59.4858 61.0281 51.7428 55.3382 52.8674 74.9092 84.8957 111.6724 157.6108 133.905 155.199 74.1968 198.7308 231.3326 260.8439 142.6309 94.5772 93.3216 131.1291 231.5099 197.7083 175.8772 113.7222 141.7953
158.0305 159.888 155.8216 151.5824 143.9297 136.3649 126.8849 119.2525 112.3583 106.6392 99.4573 95.7351 94.0692 91.7523 92.2625 87.4158 79.5877 77.8338 73.7828 76.2813 73.3993 73 74.2953 76.8301 77.274 80.8649 81.7636 81.9193 82.6789 79.0586 82.4744 94.118 105.88 114.1668 115.0097 107.2172 80.6558 36.9443 51.0525 33.0077 69.9814 61.6955 58.4806 73.1039 98.2927 141.3872 163.461 214.4787 192.1603 215.1967 232.8188 213.4335 200.2003 76.5133 69.7273 101.5579 154.8526 188.0837 201.6466 199.1843 237.1241 254.2398 229.0242 201.2311 155.9304 183.5516
186.1413 196.158 203.0358 203.4618 204.1367 199.9006 190.5121 175.7056 165.2524 155.0586 140.3126 125.4203 114.4243 108.9114 105.8459 95.5644 84.3228 81.0241 78.7424 75.336 71.0035 72.6767 69.2346 67.8637 69.5555 71.1295 69.4717 68.987 61.8901 61.0567 63.8091 72.2757 79.2876 82.5637 62.5934 54.3586 49.959 78.9425 102.6052 96.894 114.9713 129.8571 138.6215 151.7691 170.9021 198.3801 216.5677 255.7017 256.8111 312.1062 295.0183 171.0951 76.0187 77.9063 119.1783 143.2874 212.269 246.9945 251.5439 246.7318 230.9571 224.2608 224.4909 211.9421 163.0542 222.9383
204.9022 214.0248 219.0122 222.1507 224.3007 228.4121 230.2884 229.291 229.8764 226.6704 219.7076 198.5976 185.5306 168.1077 150.1939 133.461 112.357 95.9729 87.8695 83.7835 78.3033 74.725 71.1084 69.6112 69.9702 66.5226 69.9 70.7663 71.9484 73.1685 77.3335 73.6042 41.7439 66.894 33.9205 67.3506 77.8423 83.2634 91.5228 96.7206 110.0427 127.7258 144.3235 154.0168 161.752 174.6895 194.4148 208.9335 228.7637 189.3501 139.0417 144.4199 66 114.0312 218.1689 287.633 384.0903 335.5333 276.3403 266.6867 249.1004 226.3122 225.1303 231.1913 214.7887 213.4749
209.5449 219.5495 215.9613 216.6195 221.9521 222.6394 226.4982 230.9314 234.8991 233.6089 233.7422 230.275 228.0906 223.234 218.992 209.3261 198.6034 134.7411 130.8905 132.031 118.4208 101.9677 91.5919 87.549 72.1479 71.9796 70.7464 67.2198 48.5931 54.5658 65.4292 46.2336 38.3232 30.2514 30.4617 69.6055 69.8403 83.219 91.9827 103.5243 109.1114 114.4691 115.2976 120.2102 143.4972 175.0897 180.507 165.4465 130.2151 86.088 178.0176 153.2803 119.021 117.0842 186.3169 212.7931 250.243 439.4976 616.0364 391.8891 334.1815 317.7323 254.1065 246.5113 249.8413 275.6792
306.7426 327.2039 173.7651 256.528 237.416 237.0434 242.1675 247.3454 242.1547 239.0223 239.3748 238.1737 231.4983 226.177 223.7129 216.5737 204.728 195.2374 181.9772 126.0668 153.9635 149.2218 143.4693 117.7664 122.3008 102.8974 90.5508 77.7587 71.3773 53.9944 56.9031 68.0065 70.3982 65.8885 24.154 46.6069 67.4315 71.6224 82.1258 90.0595 112.4506 158.138 188.5414 157.5064 290.318 352.9832 383.7877 418.603 417.5573 137.0197 163.4859 148.8976 296.3405 333.3527 291.0717 220.1153 114.4622 187.6183 271.4953 395.1211 360.6351 333.958 517.3147 488.4063 318.5191 364.6003
499.7476 390.6201 444.7576 429.9674 326.6302 341.5723 345.2768 326.4495 317.742 294.333 223.7976 218.8571 234.5422 221.9183 231.9438 231.7018 235.957 197.3991 234.3682 189.2177 167.7663 169.0075 149.5846 141.7312 157.366 149.3156 127.0435 106.3373 87.5854 76.6032 78.3067 64.222 78.3583 80.206 63.9773 26.5035 46.06 120.2585 79.9528 74.5082 64.077 69.2742 169.6916 181.8122 175.7731 140.708 111.9438 116.3279 131.9253 151.9952 237.5555 249.4846 263.8751 235.6992 354.372 357.429 293.4658 142.3286 157.1089 264.1596 284.8205 283.2271 475.0033 450.9529 397.6438 375.7574
