Resources/Map/Lvl0_30x30/Ele_DH.asc
ncols         335
nrows         335
xllcorner     3405000
yllcorner     -3375000
cellsize      10000
nodata_value  -99999.0
[rows 189 to 215 of 335, columns 120 to 179 of 335]
-2756.3535 -2692.0469 -2433.2661 -2255.9448 -2206.7092 -2157.446 -2062.4736 -1998.2791 -1968.8887 -2023.5957 -2055.8708 -2087.8152 -2097.3503 -2036.085 -1882.0342 -1565.2166 -1507.3076 -1507.1013 -1472.0061 -1166.6461 -424.341 -39.0426 -35.5502 -21.4874 -17.9656 -18.8247 -19.0513 -19.1655 -17.9593 -12.9079 11.3126 11.7043 32.1798 27.558 88.0987 92.4971 122.9885 221.5698 347.8278 389.3432 398.4676 313.2875 363.4584 372.0177 375.9406 390.6538 682.2476 623.2988 572.2625 493.6619 487.5489 316.3553 284.4171 402.2791 454.7831 386.9606 131.7794 169.7017 264.166 316.9601
-2720.2068 -2496.7883 -2106.5681 -2110.6208 -2187.4124 -2160.4685 -2048.1951 -1861.7386 -1760.3195 -1869.7189 -1955.545 -2061.8809 -2128.7253 -2094.2998 -2026.6582 -1913.3163 -1810.1423 -1685.3213 -1526.3936 -1218.8147 -490.0544 -44.0577 -35.3666 -23.6077 -19.4882 -19 -18.6297 -17.1965 -15.2768 11.3739 11.069 40.0927 72.5642 40.4451 54.163 64.1952 98.2988 229.5564 256.1642 368.1244 447.0044 340.9135 407.0079 378.317 421.4703 389.9094 678.0992 707.7206 633.7202 486.6242 551.8259 442.4951 223.9337 352.6613 419.8798 151.5112 240.571 207.9531 286.1808 345.1317
-2712.4753 -2474.9412 -1995.8191 -1903.2904 -2076.4526 -2124.0286 -2036.8923 -1784.6613 -1604.9365 -1657.1086 -1830.574 -2016.4371 -2121.7261 -2121.5291 -2076.5308 -1968.0607 -1831.8762 -1728.0806 -1562.2854 -1307.6161 -665.329 -74.5972 -34.6945 -24.9961 -20.6351 -19.3059 -16.7022 -14.0711 -10.6537 15.5068 13.6412 24.5507 82.7493 144.7794 62.5185 229.4825 126.6179 155.1697 333.7346 413.0562 462.6104 416.9203 436.3579 434.3576 434.8991 426.35 463.4371 787.8574 752.4736 668.1716 391.7943 208.7543 217.8479 277.4224 205.2536 279.9311 304.2003 244.3726 392.2516 450.7585
-2701.2808 -2566.4949 -2133.3911 -1893.4897 -2043.4568 -2098.5835 -2009.7996 -1736.2252 -1510.2991 -1495.0913 -1695.2001 -1960.2797 -2099.6521 -2095.4004 -2055.6226 -1979.9615 -1799.9285 -1702.3433 -1597.6487 -1397.4365 -847.4689 -124.7303 -29.6222 -21.5098 -20.1264 -19.1952 -14.68 -10.555 10.5267 15.7136 19.1482 48.1975 84.2869 112.5068 81.2118 174.2959 183.2776 123.0268 245.4386 336.8104 310.0607 391.8792 363.144 421.4343 417.6158 418.883 375.7502 347.8448 347.5456 307.0926 279.9596 238.5462 284.0409 340.5283 339.1108 391.814 372.11 419.3103 584.1729 558.9312
-2690.0835 -2655.3835 -2396.5273 -2092.9763 -2111.3787 -2126.0784 -2015.8369 -1739.5427 -1525.2753 -1453.1372 -1651.2083 -1930.5643 -2088.2036 -2119.8472 -2066.4626 -1975.9232 -1790.4293 -1677.4424 -1618.3167 -1462.1198 -1060.7491 -284.7169 -19.4282 -14.1822 -19.2958 -19.7068 -17.5812 -14.5536 11.8746 11.6639 22.5334 33.5296 43.2272 67.9773 166.3524 101.8939 190.9155 432.8958 217.7842 226.3575 323.4184 365.991 339.9684 350.8731 366.3689 361.8551 324.4847 311.6942 325.5475 418.3181 370.842 416.4071 466.6529 487.4484 471.521 493.1638 498.3463 535.0286 638.493 660.3566
-2665.926 -2694.9419 -2582.9795 -2256.6411 -2143.8606 -2119.8508 -2034.0199 -1821.4392 -1671.8152 -1541.198 -1652.7535 -1878.7813 -2033.6611 -2089.6179 -2062.6797 -1962.6648 -1785.4772 -1687.0287 -1637.416 -1477.142 -1204.7068 -511.0048 -44.5134 -11.9747 -16.8547 -19.2742 -19.5797 -17.9068 -12.3579 7.2095 17.3522 29.1869 31.6859 97.3045 166.2395 117.1355 107.5517 245.0671 355.3264 309.0248 284.3456 292.4435 313.7618 334.2227 368.67 384.7809 317.1387 308.7161 587.1621 591.024 523.0291 633.9026 599.527 608.5516 540.9078 539.1714 604.298 808.2988 806.7208 666.4086
-2663.3848 -2716.1099 -2685.4932 -2348.0391 -2093.8516 -2081.1038 -2036.7522 -1888.9508 -1725.4254 -1669.1317 -1702.0936 -1889.5134 -2047.4208 -2080.3765 -2059.9211 -1956.5909 -1860.4462 -1756.6683 -1674.3177 -1522.1769 -1344.9194 -748.1529 -143.1504 -21.8574 -17.3019 -19.2093 -19.9793 -19.1503 -14.333 39 73.7678 80.905 95.489 122.4273 230.1509 137.0245 157.304 140.8616 200.8522 215.024 253.1243 278.5747 295.6004 302.5512 365.3096 478.1844 534.6343 402.1618 716.7766 732.4269 647.1371 612.0308 719.4222 696.5037 675.4542 741.9799 780.4047 857.3237 788.6441 774.0867
-2624.6516 -2709.3044 -2723.7759 -2356.2146 -1798.4989 -1995.199 -2097.5603 -1982.0833 -1815.5054 -1795.9386 -1752.6018 -1900.5615 -2123.9482 -2132.7815 -2126.3474 -2020.5239 -1916.0919 -1786.4625 -1668.7637 -1543.9573 -1444.2316 -1006.8714 -339.4977 -56.6166 -22.6799 -19.2093 -20 -19.7124 -17.1568 25.5002 21.6345 62.565 48.0856 109.0286 189.7073 321.331 198.1659 162.3159 229.8382 222.7584 217.8876 224.8815 266.3184 276.5124 382.5164 551.0545 578.4516 644.4371 786.8245 797.6053 757.9085 682.4645 711.7394 840.3905 845.8546 806.3478 782.7764 872.8724 909.8764 883.6877
-2577.5964 -2688.3523 -2686.8899 -2057.9336 -901.0069 -1488.2507 -1944.214 -2071.0283 -2034.7839 -1996.7167 -1963.8656 -2058.0305 -2169.1614 -2165.3491 -2219.8005 -2185.7273 -2015.531 -1841.7252 -1698.5485 -1588.0969 -1485.5133 -1209.0938 -553.1474 -100.8102 -24.7939 -19.9641 -20 -19.2628 -15.1753 30.818 21.3954 42.374 67.2579 128.6207 217.2471 324.8608 234.3993 186.4532 177.0151 264.8315 260.8566 245.6602 253.9191 364.5621 513.9868 557.9022 602.5873 795.0565 966.0898 852.3028 723.0218 683.6121 693.0422 921.8286 845.6834 830.6274 808.4727 890.3154 992.8491 1193.2893
-2574.1682 -2610.4792 -2594.02 -2082.6792 -976.3774 -767.1591 -1331.0923 -1952.9727 -2066.6536 -2099.1809 -2107.3191 -2143.3682 -2174.752 -2205.3672 -2324.5286 -2251.4802 -2097.3994 -1935.23 -1794.6753 -1683.0645 -1572.9995 -1330.1769 -665.5897 -107.5261 -24.0825 -20 -20 -18.0024 -10.7268 16.1153 20.0192 24.3493 85.8407 119.558 201.532 301.232 277.1992 201.0163 196.472 244.2861 280.0945 250.9055 268.6284 414.8082 642.6915 637.2053 661.9534 906.8247 890.7341 808.6713 709.9396 689.934 741.7823 817.2033 856.2766 937.8135 927.7889 923.6826 1336.4579 935.7375
-2549.0867 -2478.7354 -2441.9602 -2200.6401 -1378.8114 -725.2016 -1359.6012 -1956.5852 -2098.0425 -2108.8469 -2093.2048 -2104.5669 -2148.4873 -2223.7893 -2350.7695 -2254.1228 -2121.1538 -1955.8604 -1888.6445 -1788.0662 -1641.6583 -1438.2015 -996.2965 -321.3692 -29.5578 -18.7923 -17.5406 -13.9781 -7.1783 -1.4278 10.0655 20.7369 64.715 127.8237 213.5702 395.117 458.1253 495.2196 220.8782 244.0677 289.3615 270.9673 270.1056 476.4653 755.8363 744.1173 944.3463 965.488 901.8954 813.1001 776.2663 716.6552 812.0236 785.927 864.6221 1040.8495 968.5961 1057.834 1335.6837 943.2623
-2392.6479 -2293.3005 -2222.3374 -1983.2426 -1518.7728 -1137.7334 -1603.6921 -1971.9918 -2073.759 -2071.4529 -2091.335 -2068.719 -2098.4263 -2243.135 -2409.5857 -2316.5464 -2095.8479 -1887.6425 -1884.2551 -1847.0924 -1760.744 -1584.5428 -1329.5967 -817.174 -127.5477 -21.8863 -16.5085 -14.1261 -10.2874 -3.9177 9.1494 21.7318 41.1884 98.2593 170.2555 294.8476 570.1176 660.0106 246.6537 276.2769 282.7612 304.4768 286.0728 614.7919 974.41 969.976 1100.4503 968.1631 867.227 839.6115 817.233 742.9671 870.5626 826.2172 879.3979 944.8658 1091.7438 924.917 1330.6505 1044.4274
-2204.9585 -2128.5396 -2100.0649 -1818.9584 -1473.1949 -1429.5487 -1800.5874 -1993.218 -2058.9827 -2086.0017 -2066.5146 -2060.1987 -2102.7478 -2261.8469 -2453.0796 -2384.957 -2106.2229 -1824.1047 -1743.9535 -1748.3914 -1733.5637 -1680.8502 -1521.9165 -1283.5116 -681.9202 -73.7276 -15.2508 -8.6184 -7.3327 -3.8704 45.4371 64.19 38.2522 80.2884 175.0701 246.1337 359.8181 554.3446 352.2678 251.0622 222.953 217.7636 220.7479 435.7914 887.1816 1057.05 1070.0099 935.5881 898.4647 870.8503 881.1182 792.8258 815.3472 880.2817 982.2428 1244.345 989.8633 916.4268 1194.6946 1465.9735
-2129.6226 -2048.25 -1991.9143 -1826.9819 -1749.4905 -1595.9475 -1810.8096 -2002.5352 -2073.6211 -2089.6658 -2056.9536 -2037.1534 -2065.0405 -2255.5732 -2391.74 -2382.6794 -2178.4709 -1843.9059 -1646.2869 -1618.0824 -1645.8452 -1624.0809 -1539.5415 -1441.5765 -1165.5073 -275.7038 -18.7693 -5.8917 -4.7246 -2.8486 19.8211 41.5982 53.9105 124.6549 159.9992 261.5204 189.8684 478.9242 622.9752 287.9586 213.6422 195.7712 172.0922 246.7503 936.8329 1045.6442 920.0533 957.1545 964.6135 936.359 946.8337 867.0748 870.4658 1069.5018 1291.3384 1152.6425 1093.7196 986.5495 1108.9852 1133.011
-2090.9705 -1928.0774 -1557.7704 -1634.0944 -1669.3927 -1240.3785 -1587.1814 -1968.4569 -2101.1619 -2097.0327 -2087.7578 -2061.53 -2048.9851 -2207.9673 -2327.8647 -2302.0107 -2144.7864 -1913.6113 -1678.5537 -1525.8781 -1526.8054 -1519.1906 -1514.2998 -1503.0293 -1356.7155 -734.4675 -60.5926 -9.6726 -4.9133 -3.56 43 21.6334 69.676 61.9712 111.8899 167.3578 109.3257 343.5846 574.611 311.8716 267.776 210.3883 180.3279 334.5 829.6882 978.4722 887.7668 914.7455 945.7886 928.0206 942.0258 938.7859 956.9485 1070.2594 1234.3208 1117.332 993.7178 1085.2933 1058.3777 1337.3767
-2059.1672 -1941.5289 -1707.0641 -1857.7311 -1542.9901 -900.8722 -1394.1512 -1921.3824 -2130.2378 -2138.2844 -2112.0725 -2079.5701 -2071.2114 -2070.9238 -2097.283 -2120.4998 -2059.8711 -1963.2184 -1785.3491 -1554.0231 -1463.9669 -1402.5433 -1419.3772 -1496.0679 -1436.3663 -1118.2094 -373.2538 -47.4659 -8.8353 -6.3989 -6.0279 50.3287 62.095 54.711 47.0049 162.1792 139.4487 266.1377 504.7321 322.1235 245.9202 183.8281 176.2285 288.6416 765.6882 681.6199 870.9655 870.5347 798.2112 862.5896 816.4448 850.7601 845.7903 862.5861 905.7573 1033.1533 1040.2452 1074.5275 1125.4972 1140.7549
-2096.2805 -2036.0056 -2062.1414 -2087.1736 -1689.1182 -874.1024 -1335.2534 -1928.3983 -2136.2651 -2145.5901 -2128.7727 -2081.1265 -2073.2922 -2057.647 -2028.6617 -2043.1266 -2022.9379 -1985.8573 -1892.3907 -1710.8723 -1565.5066 -1422.7451 -1414.0653 -1441.209 -1364.6313 -1257.4963 -906.3317 -281.6924 -41.3964 -19.0103 -17.6174 -1.2643 34.0611 13.0929 18.0446 76.8387 107.2975 238.9722 459.4914 606.7538 277.4422 235.8619 178.9078 235.3917 432.712 598.3256 842.1825 811.5524 744.6335 743.753 770.8624 808.2922 834.6797 907.1267 884.4038 947.4036 1080.0934 1082.5959 1175.5568 1186.2362
-2184.748 -2154.7827 -2114.8398 -2085.7231 -1867.66 -1339.3376 -1625.2814 -2027.3118 -2157.8655 -2173.6873 -2145.3169 -2116.1375 -2105.97 -2074.0715 -2040.5427 -2035.5604 -2056.6353 -2031.5945 -1971.7119 -1869.0801 -1735.5413 -1590.1462 -1508.0818 -1445.5784 -1305.2659 -1220.1696 -1129.0974 -762.1012 -184.51 -45.8594 -29.3189 -17.3588 4.9763 6.0588 16.2709 43.5639 102.596 174.5151 392.0145 499.0797 366.6905 207.1427 167.7865 126.8757 661.7009 841.3025 748.4944 854.5435 989.5535 866.131 806.2816 803.0759 824.1097 855.5281 945.6961 990.9056 980.8947 965.9449 1016.4263 1156.632
-2301.0005 -2255.5383 -2192.3113 -2070.0344 -1859.5376 -1651.1002 -1888.1815 -2138.5798 -2219.8289 -2189.3665 -2125.2766 -2134.012 -2140.0706 -2065.5637 -2046.0179 -2062.6812 -2092.6926 -2115.9045 -2015.8724 -1946.8972 -1870.9928 -1765.6943 -1652.6936 -1551.7362 -1376.7396 -1237.9752 -1122.9895 -849.6086 -385.2562 -99.8739 -35.8574 -22.4198 35.3037 17.4832 15.7228 22.4325 88.2512 102.1186 400.1565 498.832 671.0449 168.7015 127.1283 114.6382 332.9753 775.5161 911.2974 985.0083 974.6011 883.2419 890.4334 853.1083 841.7886 1219.6354 1061.4757 885.0641 947.6832 931.3907 968.4295 1208.235
-2274.8286 -2236.571 -2299.0281 -2087.3501 -1701.583 -1613.6083 -1975.3318 -2211.8137 -2256.1692 -2209.9617 -2113.729 -2133.718 -2156.3296 -2087.844 -2062.7192 -2098.6069 -2130.8298 -2163.76 -2055.4434 -1954.1265 -1872.5315 -1799.7949 -1705.1379 -1601.5548 -1449.6412 -1277.1381 -1082.2755 -853.1316 -488.7748 -121.5855 -33.921 -23.8752 10.6718 29.3157 55.0038 29.8294 58.5855 66.2389 371.1011 498.9337 542.536 143.0355 100.0058 125.7996 274.1306 650.834 688.3882 780.3209 858.9414 922.1402 790.9323 770.559 783.4094 823.4218 820.9567 896.2162 899.7958 922.9138 992.6389 1209.6372
-2210.4553 -2227.9805 -2389.8135 -2173.1885 -1814.934 -1829.4475 -2094.0215 -2267.1836 -2299.6829 -2245.0159 -2130.5928 -2071.8953 -2114.2627 -2099.7969 -2071.897 -2091.4861 -2121.4001 -2140.884 -2056.3022 -1969.6758 -1853.6143 -1743.7083 -1635.5681 -1543.1406 -1430.6461 -1234.6024 -1016.842 -815.5522 -474.8438 -110.4929 -32.0985 -25.8247 10.5488 22.6931 30.708 28.4805 37.1037 93.0399 251.7487 427.9361 535.1199 139.1305 85.3945 123.0285 213.8299 646.3914 988.3726 858.5144 941.2275 945.8402 837.4743 768.6927 748.6488 751.1171 793.972 888.5319 892.1659 1104.1121 1096.9076 1291.0547
-2200.9111 -2222.0613 -2371.9617 -2321.8301 -2169.616 -2129.3889 -2197.0515 -2323.7253 -2353.2361 -2239.6165 -2159.4434 -2068.8096 -2093.3611 -2114.0889 -2107.1306 -2084.5872 -2113.696 -2136.8428 -2061.9758 -2017.6561 -1905.7294 -1767.7314 -1626.9581 -1494.6373 -1406.4187 -1225.5797 -1008.7995 -799.9401 -439.7387 -96.9709 -33.0896 -27.3669 7 11.4198 13.614 25.5885 18.3497 54.5819 106.2031 325.5895 362.4375 74.9191 112.0459 115.8296 186.0948 545.5432 924.3242 1070.3848 1110.9703 951.3992 864.0128 760.8616 698.2277 724.4356 761.2263 847.3077 880.4616 979.3831 1165.1705 1402.6487
-2267.5908 -2254.5005 -2346.8127 -2418.7485 -2386.9968 -2300.647 -2258.967 -2325.1123 -2347.2556 -2245.4265 -2173.3564 -2084.0471 -2110.5559 -2129.0911 -2128.2673 -2110.822 -2120.6372 -2157.2451 -2103.1328 -2025.2933 -1941.6255 -1822.9232 -1702.4507 -1543.5526 -1404.1926 -1220.9706 -1001.5488 -792.6577 -375.1593 -70.4918 -34.2078 -27.7147 -8.192 8.4099 30.3157 56.8885 23.7784 38.5328 61.3512 254.7736 315.5535 443.8957 301.3977 145.3103 139.5317 402.3514 734.0449 1026.983 1129.3635 1123.5724 840.3121 748.9166 654.3256 764.3883 818.7643 831.25 947.1275 962.6563 1021.7582 1402.8647
-2352.5981 -2345.2844 -2364.749 -2419.1006 -2465.9956 -2386.353 -2307.9048 -2294.6929 -2275.8357 -2220.3123 -2163.2432 -2128.2495 -2138.9905 -2158.3364 -2173.2017 -2167.7358 -2121.5715 -2108.1487 -2068.3628 -2026.6095 -1938.0786 -1815.2356 -1713.9119 -1547.6234 -1412.4902 -1233.2814 -968.2433 -711.7016 -328.1163 -67.8257 -34.5877 -25.3842 -10.4153 10.5125 10.8219 48.4648 65.3093 48.1518 87.0108 123.5769 395.2426 468.4546 551.9807 168.4118 116.8072 315.3095 631.4542 698.487 728.9875 769.8236 1012.5892 652.064 658.5794 797.0444 829.5262 889.2143 887.9142 1124.6782 1093.4498 1161.542
-2468.2007 -2405.3838 -2404.2922 -2405.5984 -2514.6714 -2592.439 -2555.8245 -2416.8105 -2366.4236 -2323.9475 -2196.0383 -2144.3071 -2125.9214 -2200.0569 -2210.5066 -2216.4077 -2123.7673 -2080.374 -2058.3433 -2039.7972 -1927.9133 -1784.6112 -1677.4077 -1589.9078 -1481.275 -1276.3237 -968.3631 -702.6807 -396.4563 -116.2134 -37.5615 -21.1366 -11.1757 -5.0816 11.3726 40.8486 80.8374 114.9613 92.0003 106.03 269.0924 424.3884 504.0722 175.4444 87.2457 270.6603 505.3314 463.1431 483.0074 514.4678 771.0223 609.821 714.0623 748.2 764.723 853.8134 865.8235 988.2091 1083.4365 1359.1135
-2714.6858 -2524.3044 -2478.6277 -2433.769 -2491.3965 -2629.3564 -2685.0667 -2463.9612 -2403.5879 -2409.592 -2250.0325 -2155.5996 -2118.3264 -2200.2539 -2149.0369 -2155.189 -2078.2729 -2008.4979 -1991.3391 -1988.8303 -1890.0679 -1712.3917 -1616.278 -1582.6399 -1528.9844 -1354.6328 -1031.662 -773.2679 -464.1079 -134.803 -33.5119 -17.3802 -10.3362 -6.9701 9.0379 25.8489 146.2759 270.2796 48.19 70.0067 69.39 311.7687 433.2486 372.148 71.1472 236.3761 343.014 325.9722 438.6716 491.722 510.289 765.6646 747.9235 754.4504 816.4537 838.0002 934.588 1061.0922 1056.2944 1360.4042
-2974.1863 -2755.6675 -2604.95 -2493.155 -2500.4324 -2644.803 -2737.4192 -2538.4172 -2433.6406 -2429.1052 -2276.3748 -2159.1145 -2160.6296 -2178.145 -2058.7957 -2000.0604 -1963.2253 -1900.6449 -1871.4529 -1903.5326 -1830.8337 -1657.8053 -1565.1411 -1525.7982 -1510.9672 -1364.7269 -1106.9047 -862.7093 -496.0069 -116.4295 -30.0977 -17.3127 -10.0051 -6.6067 11.3673 14.4972 125.945 88.1225 18.2942 91.4416 24.701 258.0564 343.9765 93.3059 56.391 120.0411 406.3201 586.3256 522.9628 661.3834 780.3026 908.1659 905.6171 879.084 829.9202 911.3262 938.7057 1060.2881 1226.3085 1359.6536
