Resources/Map/Lvl0_30x30/Ele_AA.asc
ncols         335
nrows         335
xllcorner     -20045000
yllcorner     6675000
cellsize      10000
nodata_value  -99999.0
[rows 0 to 35 of 335, columns 0 to 80 of 335]
-99999.0 -99999.0 -99999.0 -99999.0 -99999.0 -99999.0 -99999.0 -99999.0 -99999.0 -99999.0 -99999.0 -99999.0 -99999.0 -99999.0 -99999.0 -99999.0 -99999.0 -99999.0 -99999.0 -99999.0 -99999.0 -99999.0 -99999.0 -99999.0 -99999.0 -99999.0 -99999.0 -99999.0 -99999.0 -99999.0 -99999.0 -99999.0 -99999.0 -99999.0 -99999.0 -99999.0 -99999.0 -99999.0 -99999.0 -99999.0 -99999.0 -99999.0 -99999.0 -99999.0 -99999.0 -99999.0 -99999.0 -99999.0 -99999.0 -99999.0 -99999.0 -99999.0 -99999.0 -99999.0 -99999.0 -99999.0 -99999.0 -99999.0 -99999.0 -99999.0 -99999.0 -99999.0 -99999.0 -99999.0 -99999.0 -99999.0 -99999.0 -99999.0 -99999.0 -99999.0 -99999.0 -99999.0 -99999.0 -99999.0 -99999.0 -99999.0 -99999.0 -99999.0 -99999.0 -99999.0 -99999.0
-99999.0 -99999.0 -99999.0 -99999.0 -99999.0 -99999.0 -99999.0 -99999.0 -99999.0 -99999.0 -99999.0 -99999.0 -99999.0 -99999.0 -99999.0 -99999.0 -99999.0 -99999.0 -99999.0 -99999.0 -99999.0 -99999.0 -99999.0 -99999.0 -99999.0 -99999.0 -99999.0 -99999.0 -99999.0 -99999.0 -99999.0 -99999.0 -99999.0 -99999.0 -99999.0 -99999.0 -99999.0 -99999.0 -99999.0 -99999.0 -99999.0 -99999.0 -99999.0 -99999.0 -99999.0 -99999.0 -99999.0 -99999.0 -99999.0 -99999.0 -99999.0 -99999.0 -99999.0 -99999.0 -99999.0 -99999.0 -99999.0 -99999.0 -99999.0 -99999.0 -99999.0 -99999.0 -99999.0 -99999.0 -99999.0 -99999.0 -99999.0 -99999.0 -99999.0 -99999.0 -99999.0 -99999.0 -99999.0 -99999.0 -99999.0 -99999.0 -99999.0 -99999.0 -99999.0 -99999.0 -99999.0
-99999.0 -99999.0 -99999.0 -99999.0 -99999.0 -99999.0 -99999.0 -99999.0 -99999.0 -99999.0 -99999.0 -99999.0 -99999.0 -99999.0 -99999.0 -99999.0 -99999.0 -99999.0 -99999.0 -99999.0 -99999.0 -99999.0 -99999.0 -99999.0 -99999.0 -99999.0 -99999.0 -99999.0 -99999.0 -99999.0 -99999.0 -99999.0 -99999.0 -99999.0 -99999.0 -99999.0 -99999.0 -99999.0 -99999.0 -99999.0 -99999.0 -99999.0 -99999.0 -99999.0 -99999.0 -99999.0 -99999.0 -99999.0 -99999.0 -99999.0 -99999.0 -99999.0 -99999.0 -99999.0 -99999.0 -99999.0 -99999.0 -99999.0 -99999.0 -99999.0 -99999.0 -99999.0 -99999.0 -99999.0 -99999.0 -99999.0 -99999.0 -99999.0 -99999.0 -99999.0 -99999.0 -99999.0 -99999.0 -99999.0 -99999.0 -99999.0 -99999.0 -99999.0 -99999.0 -99999.0 -99999.0
-99999.0 -99999.0 -99999.0 -99999.0 -99999.0 -99999.0 -99999.0 -99999.0 -99999.0 -99999.0 -99999.0 -99999.0 -99999.0 -99999.0 -99999.0 -99999.0 -99999.0 -99999.0 -99999.0 -99999.0 -99999.0 -99999.0 -99999.0 -99999.0 -99999.0 -99999.0 -99999.0 -99999.0 -99999.0 -99999.0 -99999.0 -99999.0 -99999.0 -99999.0 -99999.0 -99999.0 -99999.0 -99999.0 -99999.0 -99999.0 -99999.0 -99999.0 -99999.0 -99999.0 -99999.0 -99999.0 -99999.0 -99999.0 -99999.0 -99999.0 -99999.0 -99999.0 -99999.0 -99999.0 -99999.0 -99999.0 -99999.0 -99999.0 -99999.0 -99999.0 -99999.0 -99999.0 -99999.0 -99999.0 -99999.0 -99999.0 -99999.0 -99999.0 -99999.0 -99999.0 -99999.0 -99999.0 -99999.0 -99999.0 -99999.0 -99999.0 -99999.0 -99999.0 -99999.0 -99999.0 -99999.0
-99999.0 -4195 -4195 -4194 -4194 -4193 -4193 -4193 -4192 -4191 -4191 -4191 -4190 -4190 -4189 -4189 -4188 -4188 -4187 -4187 -4187 -4186 -4186 -4185 -4185 -4185 -4184 -4183 -4183 -4183 -4184 -4183 -4183 -4183 -4183 -4183 -4183 -4183 -4182 -4182 -4182 -4182 -4182 -4182 -4182 -4182 -4182 -4182 -4182 -4181 -4181 -4181 -4181 -4181 -4181 -4181 -4180 -4180 -4180 -4179 -4179 -4179 -4179 -4178 -4178 -4178 -4178 -4178 -4177 -4176 -4176 -4176 -4175 -4175 -4175 -4174 -4174 -4174 -4173 -4173 -4172
-99999.0 -4289 -4286 -4284 -4281 -4278 -4276 -4273 -4269 -4266 -4263 -4261 -4258 -4256 -4253 -4250 -4248 -4245 -4243 -4241 -4238 -4235 -4233 -4229 -4225 -4220 -4216 -4211 -4207 -4203 -4199 -4195 -4190 -4186 -4182 -4178 -4174 -4170 -4165 -4161 -4157 -4153 -4150 -4145 -4141 -4138 -4135 -4134 -4132 -4129 -4127 -4124 -4121 -4114 -4111 -4108 -4105 -4101 -4098 -4095 -4091 -4088 -4085 -4081 -4078 -4075 -4072 -4068 -4066 -4064 -4063 -4063 -4063 -4064 -4066 -4068 -4070 -4073 -4075 -4078 -4080
-99999.0 -3995 -3988 -3980 -3973 -3966 -3958 -3952 -3937 -3930 -3922 -3915 -3909 -3901 -3893 -3887 -3879 -3872 -3865 -3857 -3851 -3847 -3842 -3837 -3832 -3826 -3821 -3815 -3810 -3804 -3798 -3794 -3788 -3782 -3776 -3771 -3765 -3759 -3754 -3748 -3742 -3737 -3733 -3731 -3732 -3735 -3740 -3744 -3748 -3752 -3756 -3760 -3764 -3773 -3778 -3781 -3786 -3790 -3794 -3798 -3803 -3807 -3811 -3814 -3817 -3820 -3824 -3827 -3830 -3834 -3838 -3841 -3844 -3848 -3852 -3855 -3859 -3863 -3866 -3870 -3874
-99999.0 -3751 -3743 -3737 -3729 -3723 -3715 -3709 -3695 -3688 -3681 -3674 -3667 -3660 -3653 -3645 -3639 -3633 -3627 -3623 -3619 -3616 -3613 -3609 -3607 -3603 -3601 -3597 -3595 -3592 -3589 -3586 -3583 -3579 -3577 -3574 -3573 -3572 -3571 -3571 -3571 -3571 -3572 -3572 -3573 -3573 -3573 -3573 -3574 -3574 -3575 -3575 -3574 -3575 -3575 -3575 -3576 -3576 -3576 -3577 -3577 -3578 -3578 -3579 -3579 -3580 -3580 -3580 -3580 -3580 -3580 -3581 -3581 -3581 -3581 -3582 -3583 -3585 -3585 -3587 -3589
-99999.0 -3203 -3203 -3202 -3202 -3202 -3202 -3202 -3202 -3202 -3202 -3202 -3202 -3201 -3201 -3201 -3204 -3207 -3211 -3214 -3218 -3222 -3225 -3229 -3233 -3237 -3241 -3245 -3249 -3252 -3256 -3258 -3259 -3260 -3261 -3262 -3263 -3264 -3266 -3267 -3269 -3270 -3271 -3273 -3274 -3275 -3276 -3277 -3277 -3277 -3277 -3278 -3278 -3277 -3277 -3277 -3277 -3277 -3278 -3278 -3277 -3277 -3276 -3275 -3275 -3274 -3274 -3273 -3271 -3271 -3270 -3270 -3269 -3268 -3267 -3267 -3267 -3268 -3269 -3271 -3272
-99999.0 -2861 -2859 -2858 -2856 -2855 -2853 -2852 -2848 -2847 -2845 -2844 -2843 -2841 -2840 -2842 -2845 -2848 -2851 -2855 -2858 -2861 -2864 -2867 -2870 -2874 -2877 -2880 -2883 -2883 -2882 -2881 -2880 -2878 -2878 -2877 -2876 -2875 -2874 -2873 -2872 -2872 -2871 -2872 -2871 -2871 -2870 -2868 -2868 -2866 -2866 -2865 -2864 -2862 -2861 -2861 -2859 -2858 -2855 -2852 -2849 -2847 -2844 -2841 -2837 -2835 -2832 -2830 -2827 -2826 -2826 -2826 -2828 -2832 -2835 -2838 -2842 -2845 -2850 -2854 -2858
-99999.0 -2435 -2427 -2421 -2413 -2407 -2400 -2393 -2379 -2373 -2366 -2359 -2352 -2344 -2335 -2325 -2316 -2307 -2298 -2289 -2280 -2271 -2262 -2253 -2244 -2235 -2228 -2221 -2214 -2207 -2200 -2193 -2186 -2179 -2172 -2165 -2158 -2151 -2145 -2139 -2132 -2126 -2120 -2115 -2109 -2103 -2098 -2092 -2086 -2081 -2075 -2070 -2063 -2045 -2034 -2024 -2013 -2003 -1993 -1982 -1972 -1961 -1951 -1941 -1934 -1928 -1925 -1922 -1920 -1918 -1916 -1915 -1912 -1911 -1910 -1909 -1909 -1910 -1910 -1912 -1915
-99999.0 -2276 -2268 -2260 -2252 -2244 -2236 -2229 -2213 -2205 -2197 -2189 -2179 -2170 -2161 -2150 -2141 -2131 -2121 -2111 -2101 -2091 -2082 -2071 -2062 -2054 -2046 -2039 -2032 -2024 -2017 -2009 -2002 -1994 -1987 -1980 -1974 -1968 -1963 -1958 -1953 -1947 -1941 -1936 -1930 -1926 -1921 -1916 -1911 -1906 -1901 -1896 -1891 -1881 -1876 -1871 -1866 -1860 -1854 -1847 -1840 -1834 -1827 -1821 -1815 -1809 -1803 -1797 -1791 -1786 -1780 -1773 -1767 -1762 -1757 -1752 -1748 -1743 -1738 -1733 -1728
-99999.0 -1999 -1984 -1969 -1954 -1939 -1925 -1909 -1881 -1866 -1852 -1837 -1825 -1811 -1798 -1786 -1772 -1759 -1745 -1733 -1720 -1709 -1702 -1698 -1693 -1689 -1686 -1682 -1678 -1674 -1670 -1666 -1661 -1653 -1645 -1636 -1627 -1619 -1610 -1600 -1592 -1583 -1575 -1568 -1562 -1558 -1555 -1553 -1549 -1546 -1544 -1541 -1538 -1535 -1536 -1537 -1539 -1540 -1541 -1542 -1543 -1545 -1547 -1548 -1548 -1548 -1545 -1542 -1540 -1537 -1534 -1532 -1529 -1525 -1520 -1515 -1509 -1503 -1495 -1488 -1481
-99999.0 -1335 -1321 -1307 -1294 -1280 -1266 -1253 -1226 -1212 -1201 -1195 -1190 -1184 -1178 -1172 -1166 -1160 -1153 -1149 -1149 -1152 -1156 -1160 -1164 -1168 -1172 -1176 -1181 -1184 -1189 -1197 -1205 -1214 -1223 -1232 -1240 -1249 -1258 -1266 -1278 -1293 -1312 -1330 -1349 -1367 -1386 -1404 -1421 -1438 -1452 -1465 -1478 -1507 -1521 -1534 -1548 -1563 -1578 -1594 -1609 -1625 -1642 -1659 -1676 -1693 -1711 -1728 -1744 -1760 -1774 -1789 -1803 -1816 -1829 -1841 -1854 -1869 -1886 -1904 -1924
-99999.0 -1705 -1695 -1685 -1675 -1665 -1655 -1645 -1625 -1617 -1616 -1616 -1616 -1616 -1615 -1615 -1614 -1614 -1617 -1635 -1661 -1688 -1715 -1742 -1769 -1796 -1823 -1848 -1873 -1902 -1930 -1957 -1985 -2013 -2040 -2068 -2096 -2121 -2142 -2164 -2187 -2211 -2234 -2257 -2280 -2304 -2330 -2354 -2376 -2397 -2416 -2436 -2456 -2495 -2513 -2533 -2553 -2574 -2596 -2619 -2641 -2664 -2686 -2707 -2727 -2749 -2772 -2794 -2815 -2835 -2855 -2876 -2898 -2920 -2941 -2963 -2986 -3011 -3039 -3067 -3096
-99999.0 -2644 -2659 -2675 -2690 -2705 -2720 -2735 -2764 -2774 -2781 -2788 -2793 -2800 -2808 -2814 -2820 -2825 -2831 -2837 -2844 -2852 -2859 -2865 -2872 -2879 -2888 -2898 -2909 -2919 -2929 -2940 -2950 -2960 -2970 -2981 -2994 -3007 -3019 -3032 -3045 -3058 -3072 -3085 -3101 -3119 -3137 -3156 -3175 -3193 -3211 -3231 -3247 -3271 -3280 -3290 -3300 -3310 -3320 -3331 -3344 -3360 -3376 -3393 -3409 -3426 -3442 -3459 -3476 -3494 -3514 -3534 -3555 -3576 -3597 -3617 -3638 -3652 -3664 -3672 -3682
-99999.0 -3570 -3583 -3595 -3608 -3621 -3634 -3646 -3670 -3679 -3688 -3696 -3704 -3712 -3721 -3729 -3737 -3742 -3745 -3748 -3750 -3753 -3756 -3758 -3760 -3763 -3764 -3766 -3767 -3769 -3770 -3771 -3773 -3775 -3777 -3779 -3781 -3783 -3785 -3787 -3789 -3791 -3791 -3792 -3793 -3794 -3795 -3796 -3797 -3798 -3799 -3801 -3803 -3808 -3810 -3812 -3815 -3817 -3819 -3821 -3824 -3827 -3830 -3832 -3834 -3837 -3840 -3842 -3845 -3847 -3850 -3852 -3854 -3853 -3852 -3851 -3848 -3847 -3844 -3841 -3838
-99999.0 -3881 -3881 -3880 -3880 -3880 -3879 -3879 -3879 -3879 -3879 -3879 -3880 -3880 -3880 -3881 -3881 -3883 -3884 -3886 -3887 -3889 -3891 -3892 -3893 -3894 -3895 -3896 -3898 -3899 -3900 -3901 -3902 -3903 -3904 -3905 -3906 -3907 -3908 -3909 -3910 -3911 -3912 -3913 -3914 -3915 -3915 -3916 -3918 -3919 -3919 -3920 -3921 -3923 -3924 -3924 -3925 -3925 -3925 -3926 -3926 -3926 -3925 -3925 -3924 -3923 -3922 -3920 -3919 -3917 -3916 -3913 -3909 -3904 -3900 -3895 -3890 -3885 -3879 -3873 -3866
-99999.0 -3906 -3907 -3907 -3908 -3908 -3909 -3909 -3910 -3911 -3912 -3912 -3913 -3913 -3914 -3914 -3915 -3915 -3916 -3916 -3917 -3917 -3917 -3918 -3918 -3918 -3918 -3918 -3918 -3918 -3918 -3918 -3918 -3918 -3918 -3918 -3919 -3919 -3919 -3920 -3920 -3920 -3921 -3921 -3922 -3923 -3924 -3925 -3927 -3928 -3929 -3930 -3930 -3932 -3933 -3933 -3934 -3934 -3934 -3933 -3933 -3932 -3932 -3932 -3931 -3931 -3930 -3929 -3929 -3928 -3927 -3927 -3927 -3927 -3926 -3927 -3927 -3926 -3926 -3926 -3926
-99999.0 -3907 -3907 -3907 -3907 -3906 -3906 -3906 -3905 -3905 -3904 -3904 -3903 -3903 -3903 -3902 -3902 -3902 -3901 -3901 -3901 -3900 -3899 -3898 -3898 -3897 -3896 -3896 -3895 -3894 -3893 -3891 -3891 -3890 -3889 -3887 -3886 -3885 -3883 -3882 -3881 -3879 -3877 -3874 -3872 -3870 -3868 -3866 -3863 -3860 -3856 -3852 -3849 -3840 -3837 -3832 -3825 -3818 -3811 -3804 -3798 -3791 -3787 -3783 -3779 -3775 -3771 -3768 -3766 -3768 -3772 -3777 -3783 -3787 -3793 -3798 -3805 -3813 -3822 -3830 -3839
-99999.0 -3906 -3906 -3906 -3906 -3906 -3906 -3905 -3905 -3905 -3904 -3904 -3904 -3904 -3903 -3903 -3902 -3902 -3902 -3901 -3901 -3900 -3900 -3900 -3899 -3898 -3898 -3898 -3897 -3896 -3895 -3894 -3894 -3893 -3892 -3892 -3890 -3889 -3888 -3887 -3886 -3884 -3883 -3882 -3881 -3879 -3878 -3877 -3875 -3874 -3872 -3870 -3869 -3866 -3865 -3863 -3862 -3860 -3858 -3857 -3856 -3856 -3855 -3855 -3855 -3854 -3854 -3852 -3853 -3854 -3856 -3858 -3860 -3863 -3866 -3870 -3874 -3878 -3882 -3887 -3892
-99999.0 -3904 -3905 -3904 -3904 -3905 -3905 -3905 -3904 -3904 -3904 -3904 -3903 -3904 -3904 -3903 -3903 -3903 -3903 -3903 -3903 -3903 -3903 -3903 -3903 -3903 -3903 -3904 -3904 -3905 -3905 -3905 -3905 -3906 -3907 -3908 -3908 -3908 -3909 -3909 -3909 -3910 -3911 -3911 -3912 -3912 -3912 -3912 -3912 -3912 -3912 -3912 -3912 -3912 -3912 -3911 -3910 -3908 -3907 -3905 -3904 -3901 -3898 -3894 -3891 -3888 -3884 -3879 -3872 -3865 -3857 -3851 -3844 -3839 -3836 -3837 -3838 -3839 -3841 -3843 -3845
-99999.0 -3854 -3851 -3847 -3844 -3839 -3835 -3832 -3823 -3818 -3814 -3809 -3805 -3801 -3798 -3794 -3791 -3787 -3784 -3780 -3776 -3773 -3769 -3766 -3761 -3756 -3751 -3746 -3740 -3735 -3729 -3722 -3716 -3710 -3703 -3697 -3691 -3684 -3676 -3669 -3662 -3655 -3649 -3639 -3629 -3619 -3608 -3598 -3587 -3573 -3559 -3544 -3530 -3502 -3488 -3475 -3462 -3449 -3436 -3427 -3415 -3403 -3390 -3379 -3369 -3364 -3367 -3370 -3372 -3374 -3375 -3376 -3376 -3376 -3376 -3375 -3373 -3369 -3362 -3357 -3352
-99999.0 -3485 -3474 -3463 -3452 -3440 -3429 -3424 -3418 -3414 -3412 -3408 -3404 -3400 -3396 -3392 -3388 -3383 -3374 -3365 -3355 -3346 -3335 -3326 -3314 -3301 -3289 -3276 -3265 -3261 -3255 -3250 -3244 -3238 -3231 -3228 -3225 -3222 -3219 -3216 -3212 -3214 -3218 -3222 -3225 -3229 -3229 -3226 -3222 -3217 -3212 -3208 -3205 -3202 -3201 -3198 -3194 -3191 -3191 -3195 -3199 -3204 -3210 -3220 -3236 -3255 -3276 -3299 -3326 -3355 -3383 -3412 -3437 -3459 -3475 -3488 -3499 -3508 -3518 -3531 -3544
-99999.0 -3342 -3324 -3305 -3288 -3269 -3254 -3254 -3265 -3270 -3276 -3284 -3296 -3307 -3319 -3329 -3342 -3358 -3374 -3391 -3406 -3422 -3433 -3440 -3448 -3456 -3463 -3471 -3480 -3493 -3507 -3520 -3533 -3548 -3561 -3574 -3589 -3603 -3616 -3625 -3632 -3639 -3647 -3654 -3660 -3669 -3674 -3679 -3684 -3688 -3692 -3694 -3697 -3705 -3709 -3712 -3715 -3717 -3720 -3723 -3727 -3732 -3738 -3745 -3751 -3758 -3765 -3775 -3786 -3797 -3809 -3819 -3824 -3827 -3829 -3830 -3831 -3832 -3835 -3839 -3843
-99999.0 -3871 -3870 -3869 -3868 -3868 -3867 -3866 -3865 -3865 -3864 -3865 -3867 -3870 -3872 -3873 -3877 -3881 -3887 -3892 -3897 -3902 -3903 -3904 -3904 -3905 -3906 -3906 -3906 -3906 -3906 -3906 -3907 -3907 -3908 -3910 -3911 -3912 -3914 -3914 -3915 -3917 -3918 -3918 -3919 -3920 -3921 -3922 -3922 -3923 -3923 -3923 -3923 -3923 -3924 -3924 -3924 -3925 -3925 -3925 -3925 -3926 -3926 -3926 -3926 -3927 -3927 -3927 -3927 -3927 -3927 -3926 -3926 -3926 -3926 -3925 -3924 -3924 -3922 -3922 -3921
-99999.0 -3900 -3901 -3902 -3903 -3903 -3904 -3906 -3908 -3909 -3910 -3911 -3913 -3914 -3915 -3916 -3917 -3918 -3919 -3920 -3921 -3922 -3923 -3924 -3925 -3925 -3926 -3926 -3927 -3927 -3928 -3928 -3928 -3929 -3929 -3929 -3929 -3929 -3930 -3930 -3930 -3930 -3930 -3930 -3931 -3931 -3931 -3931 -3931 -3930 -3930 -3930 -3930 -3930 -3930 -3929 -3929 -3929 -3929 -3928 -3928 -3928 -3927 -3927 -3926 -3926 -3925 -3925 -3924 -3924 -3923 -3922 -3922 -3921 -3921 -3920 -3919 -3918 -3917 -3917 -3915
-99999.0 -3898 -3899 -3899 -3899 -3900 -3900 -3901 -3902 -3902 -3903 -3904 -3905 -3905 -3906 -3907 -3907 -3908 -3908 -3908 -3909 -3909 -3910 -3911 -3911 -3912 -3913 -3913 -3913 -3914 -3914 -3915 -3915 -3915 -3916 -3916 -3916 -3916 -3916 -3917 -3917 -3917 -3917 -3917 -3917 -3917 -3917 -3917 -3917 -3917 -3917 -3917 -3917 -3917 -3916 -3916 -3916 -3916 -3916 -3915 -3915 -3915 -3915 -3914 -3914 -3914 -3913 -3913 -3912 -3912 -3911 -3911 -3910 -3910 -3909 -3909 -3909 -3908 -3908 -3907 -3906
-99999.0 -3896 -3896 -3896 -3897 -3897 -3897 -3897 -3898 -3898 -3898 -3898 -3899 -3899 -3899 -3899 -3899 -3900 -3900 -3900 -3900 -3900 -3901 -3901 -3901 -3900 -3900 -3900 -3900 -3900 -3900 -3901 -3901 -3901 -3901 -3901 -3901 -3901 -3901 -3900 -3900 -3900 -3900 -3900 -3900 -3900 -3900 -3900 -3900 -3899 -3899 -3899 -3899 -3898 -3898 -3898 -3897 -3897 -3897 -3897 -3896 -3896 -3896 -3896 -3896 -3895 -3895 -3895 -3895 -3895 -3894 -3894 -3894 -3894 -3894 -3894 -3894 -3894 -3893 -3893 -3893
-99999.0 -3896 -3896 -3896 -3896 -3896 -3896 -3896 -3896 -3896 -3896 -3896 -3896 -3896 -3896 -3896 -3896 -3896 -3895 -3895 -3894 -3894 -3894 -3894 -3894 -3893 -3892 -3892 -3892 -3891 -3891 -3890 -3890 -3889 -3888 -3888 -3887 -3887 -3887 -3886 -3885 -3885 -3884 -3883 -3882 -3882 -3881 -3881 -3880 -3879 -3879 -3878 -3877 -3876 -3876 -3875 -3874 -3874 -3873 -3873 -3872 -3872 -3871 -3871 -3870 -3870 -3870 -3870 -3869 -3869 -3869 -3868 -3868 -3868 -3868 -3868 -3868 -3868 -3868 -3869 -3869
-99999.0 -3895 -3895 -3895 -3895 -3896 -3896 -3896 -3896 -3896 -3897 -3897 -3897 -3897 -3897 -3896 -3896 -3895 -3895 -3894 -3893 -3893 -3892 -3891 -3890 -3889 -3888 -3888 -3887 -3885 -3884 -3883 -3881 -3880 -3879 -3878 -3876 -3875 -3873 -3872 -3870 -3869 -3868 -3866 -3865 -3863 -3861 -3860 -3858 -3856 -3855 -3854 -3852 -3849 -3848 -3846 -3844 -3843 -3842 -3841 -3839 -3837 -3836 -3835 -3834 -3833 -3832 -3831 -3830 -3829 -3829 -3828 -3827 -3827 -3826 -3826 -3826 -3826 -3826 -3826 -3826
-99999.0 -3894 -3894 -3894 -3894 -3894 -3894 -3894 -3895 -3896 -3896 -3897 -3897 -3897 -3898 -3898 -3899 -3899 -3899 -3899 -3899 -3899 -3898 -3897 -3896 -3895 -3893 -3891 -3889 -3887 -3885 -3883 -3880 -3878 -3876 -3874 -3871 -3868 -3866 -3864 -3861 -3859 -3856 -3853 -3851 -3848 -3845 -3842 -3839 -3836 -3834 -3830 -3827 -3822 -3819 -3816 -3813 -3810 -3808 -3804 -3801 -3799 -3796 -3793 -3790 -3787 -3785 -3781 -3779 -3777 -3774 -3772 -3769 -3766 -3764 -3762 -3760 -3758 -3757 -3754 -3753
-99999.0 -3896 -3896 -3896 -3897 -3897 -3897 -3897 -3898 -3898 -3897 -3898 -3898 -3898 -3897 -3897 -3897 -3897 -3897 -3896 -3896 -3896 -3896 -3895 -3895 -3895 -3894 -3893 -3892 -3890 -3889 -3888 -3886 -3884 -3882 -3880 -3877 -3875 -3872 -3869 -3866 -3863 -3860 -3857 -3853 -3850 -3847 -3843 -3840 -3836 -3832 -3829 -3825 -3817 -3813 -3809 -3805 -3801 -3797 -3792 -3788 -3784 -3779 -3774 -3770 -3765 -3760 -3755 -3751 -3746 -3741 -3735 -3730 -3725 -3719 -3714 -3708 -3702 -3697 -3691 -3685
-99999.0 -3904 -3906 -3909 -3912 -3914 -3915 -3916 -3918 -3918 -3917 -3917 -3917 -3915 -3912 -3910 -3908 -3906 -3904 -3901 -3900 -3899 -3898 -3897 -3897 -3897 -3896 -3896 -3896 -3896 -3895 -3895 -3895 -3895 -3894 -3894 -3893 -3891 -3889 -3888 -3886 -3884 -3882 -3880 -3876 -3873 -3871 -3868 -3865 -3861 -3858 -3854 -3851 -3844 -3841 -3837 -3833 -3829 -3825 -3822 -3818 -3814 -3809 -3805 -3801 -3797 -3793 -3789 -3784 -3780 -3775 -3770 -3766 -3762 -3757 -3753 -3748 -3744 -3739 -3734 -3730
-99999.0 -3895 -3898 -3898 -3900 -3902 -3902 -3903 -3905 -3905 -3906 -3906 -3905 -3905 -3905 -3904 -3904 -3903 -3902 -3901 -3900 -3900 -3899 -3898 -3897 -3897 -3896 -3896 -3895 -3895 -3895 -3895 -3895 -3895 -3895 -3895 -3895 -3895 -3895 -3894 -3894 -3894 -3894 -3894 -3894 -3894 -3895 -3895 -3895 -3895 -3895 -3894 -3891 -3886 -3883 -3880 -3877 -3874 -3871 -3867 -3864 -3862 -3858 -3855 -3853 -3850 -3847 -3846 -3843 -3841 -3839 -3837 -3835 -3833 -3831 -3830 -3828 -3827 -3826 -3825 -3824
-99999.0 -3891 -3891 -3892 -3892 -3892 -3892 -3892 -3893 -3893 -3893 -3893 -3893 -3894 -3894 -3894 -3894 -3894 -3894 -3895 -3895 -3895 -3895 -3895 -3895 -3895 -3896 -3895 -3895 -3896 -3896 -3896 -3895 -3895 -3895 -3895 -3894 -3893 -3893 -3890 -3887 -3883 -3880 -3874 -3869 -3864 -3860 -3858 -3855 -3853 -3854 -3854 -3855 -3857 -3858 -3860 -3860 -3861 -3863 -3863 -3864 -3864 -3865 -3865 -3866 -3866 -3866 -3866 -3867 -3867 -3867 -3867 -3867 -3867 -3867 -3867 -3867 -3867 -3867 -3867 -3867
