Resources/Map/Lvl0_30x30/Ele_AH.asc
ncols         335
nrows         335
xllcorner     3405000
yllcorner     6675000
cellsize      10000
nodata_value  -99999.0
[rows 30 to 59 of 335, columns 204 to 271 of 335]
-3498 -3496 -3495 -3495 -3496 -3497 -3499 -3500 -3500 -3500 -3494 -3476 -3447 -3411 -3377 -3344 -3307 -3278 -3270 -3271 -3268 -3276 -3291 -3312 -3341 -3375 -3418 -3471 -3524 -3577 -3623 -3662 -3697 -3729 -3758 -3779 -3798 -3815 -3833 -3851 -3868 -3886 -3903 -3916 -3928 -3945 -3948 -3948 -3945 -3943 -3942 -3937 -3931 -3927 -3924 -3918 -3912 -3905 -3893 -3879 -3863 -3846 -3829 -3813 -3798 -3782 -3768 -3755
-3390 -3404 -3418 -3434 -3450 -3465 -3479 -3490 -3496 -3498 -3495 -3482 -3455 -3423 -3386 -3339 -3292 -3243 -3197 -3157 -3115 -3071 -3037 -3010 -2990 -2984 -2991 -3006 -3035 -3069 -3109 -3162 -3221 -3277 -3341 -3406 -3469 -3537 -3595 -3640 -3681 -3720 -3753 -3779 -3801 -3840 -3856 -3871 -3879 -3881 -3880 -3874 -3862 -3851 -3836 -3821 -3803 -3783 -3761 -3736 -3708 -3680 -3650 -3619 -3589 -3563 -3539 -3523
-3366 -3377 -3391 -3409 -3428 -3449 -3473 -3501 -3526 -3550 -3574 -3591 -3599 -3600 -3597 -3589 -3581 -3576 -3570 -3566 -3562 -3559 -3553 -3545 -3539 -3533 -3527 -3526 -3527 -3529 -3533 -3539 -3547 -3556 -3566 -3577 -3591 -3607 -3629 -3652 -3680 -3711 -3738 -3757 -3776 -3808 -3823 -3837 -3847 -3855 -3854 -3843 -3827 -3805 -3780 -3753 -3722 -3690 -3655 -3619 -3587 -3560 -3539 -3524 -3515 -3507 -3503 -3500
-3590 -3595 -3599 -3609 -3625 -3644 -3668 -3692 -3715 -3735 -3752 -3758 -3758 -3756 -3746 -3731 -3715 -3699 -3685 -3672 -3662 -3655 -3651 -3648 -3654 -3662 -3676 -3695 -3712 -3725 -3738 -3749 -3759 -3769 -3778 -3787 -3796 -3801 -3798 -3790 -3783 -3779 -3776 -3779 -3786 -3799 -3798 -3790 -3782 -3776 -3766 -3758 -3757 -3751 -3747 -3746 -3743 -3740 -3735 -3731 -3732 -3733 -3732 -3734 -3743 -3759 -3780 -3802
-3727 -3722 -3718 -3714 -3708 -3703 -3700 -3702 -3709 -3720 -3740 -3766 -3790 -3818 -3850 -3887 -3918 -3949 -3984 -4028 -4073 -4111 -4138 -4174 -4210 -4240 -4265 -4274 -4279 -4282 -4286 -4285 -4280 -4267 -4252 -4237 -4220 -4202 -4180 -4170 -4168 -4168 -4162 -4150 -4145 -4143 -4152 -4158 -4157 -4149 -4136 -4118 -4092 -4068 -4049 -4030 -4005 -3979 -3956 -3930 -3907 -3888 -3881 -3871 -3865 -3861 -3858 -3858
-4139 -4169 -4198 -4216 -4227 -4236 -4242 -4259 -4292 -4324 -4357 -4387 -4427 -4478 -4528 -4562 -4583 -4601 -4619 -4637 -4660 -4682 -4700 -4717 -4731 -4739 -4743 -4750 -4761 -4768 -4772 -4780 -4789 -4796 -4795 -4789 -4780 -4772 -4763 -4752 -4739 -4726 -4712 -4703 -4693 -4662 -4636 -4607 -4577 -4545 -4512 -4479 -4452 -4426 -4398 -4368 -4341 -4320 -4298 -4278 -4247 -4206 -4165 -4119 -4071 -4014 -3953 -3891
-4805 -4814 -4821 -4827 -4835 -4842 -4849 -4857 -4863 -4868 -4872 -4870 -4867 -4862 -4853 -4844 -4830 -4818 -4808 -4800 -4794 -4785 -4775 -4764 -4748 -4723 -4693 -4660 -4625 -4591 -4561 -4534 -4518 -4513 -4512 -4508 -4500 -4488 -4477 -4462 -4440 -4415 -4387 -4352 -4313 -4217 -4167 -4121 -4084 -4051 -4021 -3991 -3959 -3927 -3900 -3864 -3824 -3787 -3758 -3736 -3701 -3657 -3607 -3559 -3512 -3465 -3420 -3380
-4750 -4740 -4727 -4705 -4671 -4633 -4589 -4539 -4486 -4432 -4377 -4321 -4266 -4218 -4184 -4167 -4163 -4161 -4153 -4144 -4127 -4100 -4061 -3999 -3947 -3909 -3873 -3853 -3847 -3851 -3852 -3851 -3856 -3867 -3879 -3888 -3896 -3899 -3898 -3892 -3882 -3865 -3838 -3804 -3771 -3694 -3653 -3614 -3583 -3564 -3560 -3562 -3562 -3557 -3544 -3525 -3495 -3464 -3429 -3391 -3351 -3310 -3281 -3269 -3271 -3281 -3287 -3287
-3837 -3813 -3798 -3780 -3759 -3738 -3716 -3697 -3678 -3652 -3629 -3627 -3627 -3619 -3610 -3595 -3578 -3568 -3584 -3613 -3641 -3672 -3707 -3734 -3745 -3736 -3710 -3666 -3608 -3538 -3472 -3421 -3379 -3343 -3307 -3276 -3252 -3233 -3218 -3205 -3198 -3193 -3185 -3176 -3171 -3173 -3179 -3183 -3186 -3194 -3209 -3225 -3240 -3255 -3267 -3279 -3287 -3291 -3291 -3285 -3271 -3243 -3211 -3172 -3135 -3109 -3085 -3069
-3529 -3531 -3532 -3527 -3519 -3507 -3490 -3471 -3456 -3442 -3426 -3412 -3400 -3390 -3382 -3373 -3364 -3359 -3363 -3370 -3381 -3393 -3405 -3416 -3415 -3397 -3363 -3308 -3248 -3190 -3132 -3089 -3062 -3043 -3031 -3020 -3008 -2996 -2989 -2996 -3021 -3056 -3102 -3152 -3211 -3328 -3377 -3407 -3424 -3426 -3419 -3403 -3383 -3364 -3348 -3338 -3332 -3331 -3338 -3344 -3349 -3355 -3363 -3372 -3381 -3387 -3390 -3391
-3340 -3345 -3356 -3369 -3384 -3398 -3412 -3423 -3431 -3434 -3430 -3420 -3403 -3381 -3359 -3346 -3344 -3346 -3352 -3364 -3384 -3406 -3431 -3454 -3476 -3491 -3490 -3474 -3443 -3398 -3353 -3320 -3297 -3277 -3265 -3257 -3254 -3255 -3259 -3271 -3288 -3305 -3330 -3355 -3382 -3439 -3472 -3503 -3532 -3553 -3562 -3562 -3548 -3525 -3506 -3492 -3482 -3474 -3468 -3461 -3454 -3447 -3439 -3427 -3413 -3395 -3374 -3352
-3653 -3629 -3613 -3602 -3588 -3571 -3560 -3557 -3571 -3592 -3618 -3647 -3675 -3692 -3700 -3703 -3698 -3686 -3658 -3621 -3576 -3526 -3481 -3456 -3450 -3468 -3498 -3522 -3537 -3546 -3542 -3529 -3519 -3510 -3501 -3491 -3484 -3479 -3473 -3473 -3475 -3480 -3488 -3501 -3518 -3564 -3596 -3628 -3654 -3674 -3688 -3693 -3694 -3690 -3680 -3665 -3647 -3629 -3611 -3594 -3574 -3558 -3548 -3542 -3537 -3533 -3534 -3538
-3851 -3842 -3823 -3794 -3760 -3721 -3677 -3639 -3610 -3592 -3584 -3574 -3561 -3545 -3526 -3500 -3466 -3431 -3398 -3373 -3356 -3354 -3365 -3383 -3400 -3417 -3435 -3449 -3462 -3475 -3487 -3498 -3506 -3511 -3513 -3512 -3515 -3518 -3525 -3537 -3556 -3575 -3594 -3606 -3614 -3638 -3653 -3669 -3684 -3697 -3709 -3718 -3726 -3732 -3732 -3726 -3716 -3702 -3688 -3674 -3662 -3654 -3650 -3659 -3670 -3681 -3691 -3699
-3806 -3801 -3791 -3777 -3757 -3726 -3687 -3646 -3601 -3551 -3498 -3443 -3388 -3333 -3279 -3236 -3202 -3189 -3192 -3204 -3224 -3251 -3283 -3316 -3351 -3385 -3419 -3449 -3479 -3509 -3536 -3560 -3582 -3605 -3629 -3649 -3660 -3672 -3694 -3712 -3732 -3750 -3769 -3784 -3794 -3810 -3820 -3830 -3840 -3846 -3852 -3855 -3858 -3858 -3858 -3856 -3853 -3850 -3845 -3840 -3834 -3830 -3825 -3821 -3816 -3811 -3807 -3804
-3901 -3905 -3908 -3907 -3900 -3889 -3871 -3843 -3805 -3768 -3733 -3697 -3655 -3606 -3557 -3537 -3536 -3547 -3567 -3595 -3624 -3650 -3675 -3700 -3723 -3744 -3763 -3780 -3793 -3804 -3810 -3817 -3824 -3827 -3828 -3831 -3838 -3847 -3858 -3872 -3889 -3904 -3916 -3927 -3937 -3941 -3940 -3938 -3934 -3929 -3925 -3921 -3916 -3912 -3908 -3904 -3900 -3896 -3892 -3889 -3885 -3882 -3879 -3876 -3873 -3871 -3870 -3868
-3927 -3927 -3923 -3915 -3902 -3880 -3849 -3805 -3748 -3679 -3601 -3542 -3507 -3492 -3493 -3516 -3554 -3598 -3646 -3696 -3742 -3782 -3816 -3843 -3864 -3880 -3893 -3902 -3909 -3915 -3919 -3923 -3927 -3930 -3932 -3935 -3937 -3939 -3941 -3943 -3944 -3946 -3947 -3948 -3947 -3944 -3942 -3939 -3936 -3932 -3929 -3924 -3920 -3916 -3912 -3908 -3904 -3900 -3896 -3893 -3889 -3886 -3883 -3880 -3878 -3876 -3874 -3873
-3895 -3891 -3886 -3878 -3869 -3858 -3845 -3829 -3812 -3796 -3782 -3771 -3767 -3769 -3776 -3790 -3806 -3823 -3838 -3853 -3866 -3879 -3891 -3903 -3915 -3926 -3935 -3941 -3946 -3949 -3950 -3951 -3950 -3949 -3947 -3945 -3943 -3941 -3938 -3935 -3933 -3931 -3928 -3925 -3922 -3917 -3914 -3911 -3908 -3905 -3902 -3899 -3896 -3893 -3890 -3887 -3884 -3881 -3879 -3877 -3874 -3872 -3871 -3870 -3870 -3869 -3869 -3869
-3891 -3890 -3891 -3890 -3889 -3887 -3886 -3883 -3879 -3873 -3867 -3862 -3860 -3858 -3856 -3856 -3856 -3857 -3857 -3858 -3859 -3860 -3861 -3863 -3864 -3865 -3867 -3867 -3869 -3870 -3871 -3873 -3873 -3875 -3876 -3877 -3877 -3878 -3878 -3879 -3879 -3879 -3878 -3878 -3878 -3877 -3876 -3876 -3875 -3874 -3874 -3874 -3873 -3873 -3873 -3873 -3873 -3872 -3872 -3872 -3872 -3871 -3871 -3870 -3870 -3869 -3868 -3868
-3888 -3889 -3888 -3886 -3885 -3882 -3878 -3872 -3865 -3857 -3849 -3842 -3836 -3832 -3830 -3829 -3829 -3829 -3831 -3832 -3835 -3837 -3840 -3842 -3845 -3847 -3850 -3852 -3855 -3857 -3859 -3861 -3863 -3865 -3867 -3868 -3870 -3872 -3873 -3873 -3874 -3875 -3875 -3875 -3875 -3874 -3874 -3874 -3874 -3873 -3872 -3872 -3872 -3871 -3871 -3870 -3869 -3868 -3867 -3866 -3865 -3864 -3862 -3861 -3860 -3859 -3857 -3856
-3887 -3885 -3882 -3877 -3872 -3866 -3860 -3854 -3848 -3843 -3839 -3836 -3834 -3833 -3834 -3834 -3835 -3837 -3839 -3842 -3843 -3846 -3849 -3852 -3855 -3857 -3860 -3863 -3865 -3868 -3869 -3871 -3872 -3874 -3875 -3875 -3875 -3875 -3875 -3875 -3875 -3874 -3873 -3872 -3871 -3869 -3868 -3866 -3866 -3865 -3863 -3862 -3861 -3860 -3859 -3857 -3856 -3855 -3854 -3852 -3851 -3850 -3849 -3848 -3847 -3846 -3844 -3843
-3885 -3882 -3879 -3876 -3872 -3868 -3865 -3861 -3857 -3855 -3852 -3851 -3851 -3852 -3853 -3854 -3857 -3859 -3861 -3863 -3867 -3869 -3871 -3873 -3875 -3876 -3877 -3878 -3879 -3879 -3880 -3879 -3879 -3878 -3876 -3875 -3873 -3871 -3869 -3868 -3866 -3864 -3862 -3860 -3859 -3856 -3855 -3854 -3852 -3850 -3849 -3847 -3845 -3844 -3842 -3841 -3841 -3840 -3839 -3839 -3839 -3839 -3839 -3839 -3839 -3839 -3839 -3838
-3889 -3889 -3888 -3888 -3886 -3885 -3884 -3883 -3882 -3882 -3881 -3880 -3880 -3880 -3879 -3879 -3879 -3879 -3878 -3878 -3878 -3878 -3878 -3879 -3878 -3879 -3879 -3879 -3878 -3877 -3875 -3873 -3870 -3867 -3863 -3859 -3856 -3853 -3851 -3849 -3846 -3844 -3843 -3842 -3842 -3844 -3845 -3846 -3846 -3846 -3846 -3845 -3845 -3844 -3845 -3844 -3845 -3845 -3846 -3847 -3848 -3849 -3851 -3852 -3853 -3854 -3855 -3855
-3897 -3896 -3894 -3893 -3892 -3890 -3887 -3885 -3881 -3877 -3873 -3870 -3867 -3863 -3860 -3858 -3856 -3855 -3855 -3855 -3856 -3858 -3860 -3861 -3865 -3869 -3872 -3875 -3877 -3879 -3879 -3878 -3877 -3876 -3876 -3874 -3874 -3874 -3873 -3872 -3872 -3871 -3870 -3869 -3868 -3866 -3866 -3866 -3865 -3865 -3865 -3865 -3865 -3865 -3864 -3865 -3865 -3865 -3866 -3866 -3867 -3867 -3867 -3867 -3868 -3867 -3867 -3867
-3892 -3891 -3889 -3887 -3884 -3882 -3880 -3878 -3877 -3875 -3874 -3873 -3872 -3871 -3870 -3869 -3869 -3868 -3869 -3869 -3869 -3870 -3870 -3871 -3872 -3873 -3874 -3875 -3875 -3877 -3877 -3878 -3878 -3879 -3879 -3879 -3879 -3879 -3879 -3879 -3879 -3879 -3879 -3878 -3878 -3877 -3876 -3876 -3876 -3875 -3875 -3875 -3874 -3874 -3873 -3873 -3872 -3872 -3872 -3871 -3871 -3870 -3870 -3869 -3869 -3868 -3868 -3867
-3895 -3894 -3893 -3892 -3891 -3891 -3890 -3889 -3889 -3888 -3888 -3887 -3886 -3885 -3885 -3884 -3883 -3883 -3882 -3881 -3881 -3880 -3879 -3879 -3879 -3879 -3879 -3879 -3879 -3879 -3879 -3879 -3879 -3878 -3877 -3877 -3876 -3876 -3876 -3876 -3876 -3876 -3876 -3876 -3876 -3875 -3874 -3874 -3874 -3873 -3873 -3873 -3873 -3872 -3872 -3871 -3871 -3871 -3870 -3870 -3869 -3869 -3868 -3868 -3867 -3867 -3866 -3865
-3894 -3893 -3893 -3891 -3891 -3890 -3889 -3888 -3888 -3887 -3886 -3885 -3884 -3883 -3883 -3882 -3881 -3880 -3880 -3879 -3878 -3878 -3877 -3877 -3876 -3875 -3875 -3875 -3874 -3874 -3874 -3873 -3873 -3872 -3872 -3871 -3871 -3871 -3871 -3872 -3872 -3873 -3873 -3873 -3872 -3871 -3870 -3871 -3871 -3871 -3870 -3867 -3864 -3861 -3859 -3858 -3858 -3858 -3858 -3859 -3859 -3860 -3860 -3860 -3860 -3860 -3859 -3859
-3892 -3892 -3891 -3890 -3889 -3888 -3887 -3886 -3885 -3884 -3883 -3882 -3881 -3880 -3879 -3878 -3877 -3876 -3875 -3874 -3873 -3872 -3871 -3870 -3869 -3868 -3867 -3867 -3866 -3866 -3865 -3864 -3864 -3864 -3864 -3864 -3863 -3864 -3864 -3865 -3865 -3865 -3866 -3867 -3867 -3868 -3869 -3868 -3866 -3861 -3856 -3849 -3843 -3839 -3838 -3840 -3843 -3846 -3848 -3850 -3851 -3852 -3853 -3853 -3852 -3852 -3852 -3851
-3890 -3890 -3888 -3888 -3887 -3886 -3885 -3884 -3883 -3882 -3881 -3880 -3879 -3878 -3877 -3875 -3874 -3873 -3872 -3871 -3870 -3869 -3868 -3867 -3865 -3864 -3863 -3863 -3861 -3860 -3860 -3859 -3858 -3857 -3856 -3856 -3855 -3854 -3853 -3853 -3852 -3852 -3851 -3850 -3849 -3848 -3847 -3847 -3845 -3845 -3844 -3843 -3842 -3842 -3842 -3842 -3842 -3842 -3842 -3842 -3843 -3843 -3843 -3843 -3844 -3844 -3843 -3843
-3887 -3886 -3886 -3885 -3884 -3883 -3882 -3881 -3880 -3880 -3878 -3877 -3877 -3875 -3874 -3874 -3872 -3871 -3871 -3869 -3868 -3867 -3866 -3865 -3864 -3862 -3861 -3861 -3859 -3858 -3857 -3856 -3855 -3854 -3853 -3852 -3851 -3850 -3849 -3848 -3847 -3846 -3846 -3845 -3844 -3842 -3842 -3840 -3840 -3839 -3838 -3838 -3837 -3836 -3836 -3836 -3835 -3835 -3834 -3834 -3833 -3833 -3833 -3832 -3832 -3832 -3831 -3831
-3884 -3883 -3882 -3882 -3881 -3880 -3879 -3879 -3877 -3877 -3876 -3874 -3874 -3873 -3872 -3871 -3870 -3869 -3868 -3867 -3866 -3865 -3864 -3863 -3862 -3861 -3860 -3858 -3858 -3857 -3855 -3854 -3853 -3852 -3851 -3850 -3849 -3848 -3847 -3845 -3845 -3844 -3842 -3842 -3841 -3839 -3838 -3837 -3836 -3835 -3834 -3833 -3832 -3832 -3831 -3830 -3829 -3829 -3827 -3827 -3826 -3826 -3825 -3824 -3823 -3823 -3822 -3822
