Resources/Map/Lvl0_30x30/Ele_AH.asc
ncols         335
nrows         335
xllcorner     3405000
yllcorner     6675000
cellsize      10000
nodata_value  -99999.0
[rows 270 to 299 of 335, columns 204 to 271 of 335]
134.8243 112.7694 96.9416 88.0607 86.315 82.2278 83.9372 82.6806 81.132 80.7742 75.4348 76.995 73.0276 80.482 68.8232 98.1243 111.836 112.8659 109.9367 102.9561 87.1715 91.0461 117.884 63.1179 72.006 93.5199 117.4334 120.1205 89.9409 90.1322 94.572 96.0776 124.4585 101.1447 76.4227 42.0623 11.1174 16.8237 26.6269 37.2007 86.4724 134.3982 140.8536 126.6023 118.9957 119.0887 135.6269 115.6951 103.7931 115.7335 129.9447 138.2442 104.0301 68.3286 72.1549 98.9805 139.6841 107.7297 69.2025 51.0097 33.263 25.7633 22.4911 24.3089 53.5845 77.6148 20.7757 20.2059
127.2545 90.5014 94.8992 70.2714 108.2116 106.433 105.7687 107.237 96.3972 95.705 97.8727 87.2036 75.9325 66.9222 56.915 56.4154 81.0109 93.1147 90.1611 111.8551 114.2369 84.0116 61.9367 68.8054 76.6083 42.314 74.5938 80.8714 61.6987 87.0262 76.6331 85.0856 80.4065 78.5732 17.3204 13.1154 12.3036 26.7102 29.8297 40.132 66.8471 101.1627 88.7198 113.5223 138.9363 144.1287 108.4107 121.7464 101.1888 64.8703 68.2698 131.449 126.0463 89.9469 51.2764 48.9083 47.1145 58.0201 55.3705 48.4233 24.48 19.1219 17.1238 20.7829 19.2857 21.7296 30.7658 32.8912
121.9381 140.5017 125.5619 135.2578 124.2281 122.6786 119.6816 120.0018 120.3986 117.1414 110.284 107.2077 100.8446 93.6208 82.1363 76.6763 62.2049 70.2128 60.6871 71.4183 61.2915 72.0818 63.0373 58.6701 76.4256 82.0163 68.2146 68.2367 67.2909 73.4084 57.7533 54.5619 34.1243 20.973 9.4714 9.8579 17.9203 47.3591 71.5168 46.3479 77.1717 98.9422 89.1818 112.1861 120.6274 135.9274 130.0334 113.6257 113.0358 138.8267 118.7714 78.6759 60.6686 87.7327 84.9445 64.4186 56.1113 34.3502 29.6437 37.4723 33.9868 20.6174 20.8373 17.3036 32.1858 23.7105 32.9212 47.2725
123.8089 133.4199 175.7518 165.5121 151.9281 144.7015 121.6965 160.0107 153.7373 148.2372 161.9633 140.4216 120.1274 102.9359 87.1409 80.5276 71.5388 68.2199 72.5759 72.9297 49.0654 53.1365 36.6278 53.5839 53.5522 53.6555 65.0871 70.5102 64.0669 37.6798 58.6618 59.9814 38.0639 25.8249 12.6928 12.2293 76.7244 111.994 120.7068 125.4326 112.3715 134.132 143.5027 145.0685 107.1153 59.7243 80.3223 94.9754 94.0371 95.6478 76.1245 94.1848 91.4528 24.8368 22.653 56.7052 60.7898 44.4813 47.5319 52.8594 30.6826 22.8404 17.4533 19.7459 25.1789 29.9523 59.285 70.4913
187.4218 167.1214 179.826 179.022 163.2899 141.0895 162.0769 180.9444 212.5376 212.0815 223.9249 243.654 231.1719 171.9223 120.6874 106.5702 94.9479 84.5893 79.076 75.9729 56.1375 87.424 71.7294 69.8765 64.2893 50.2933 55.2003 66.8368 64.104 59.0474 48.1898 54.508 45.1545 30.3576 22.2842 18.1152 14.3125 17.1793 13.1151 16.0612 13.7887 30.7612 61.494 66.4675 98.5689 73.3136 49.9515 28.6565 20.9716 64.2353 90.5335 37.6591 13.5985 25.525 25.2321 15.2823 21.2357 40.2251 57.6609 57.1448 46.8918 50.6974 51.2445 39.3278 57.5584 74.0107 109.577 131.951
192.3413 189.9074 163.0859 145.402 149.0794 135.4917 158.0746 194.1734 207.5146 227.1645 267.2021 282.1609 257.3739 223.5709 169.2923 138.0632 109.9488 98.8413 92.0658 79.2409 63.6476 101.2439 94.3656 84.4228 74.5396 87.4399 61.8874 87.5131 90.8461 80.8481 68.7492 34.3253 31.5124 43.4022 48.3715 46.3842 50.586 48.3401 53.4433 60.465 51.2358 35.4489 23.6897 15.9613 24.9555 70.8444 67.741 79.1943 64.105 71.7418 85.6818 72.1774 70.8885 63.7788 61.3375 49.1835 55.585 65.0897 67.5866 64.17 69.121 70.6778 66.9884 80.867 123.7849 125.7296 114.4755 90.8472
215.8568 212.0258 190.3331 164.809 142.6721 168.9151 185.9136 176.4106 246.0757 242.3099 257.5883 258.8427 252.3643 236.8886 224.8153 208.9586 181.7838 135.8681 120.2641 125.0316 71.9985 106.8093 115.3716 98.974 110.8881 84.1015 93.1923 91.8237 80.1816 91.0259 80.1161 98.3051 54.944 45.9242 97.4812 92.6 83.0822 69.5508 69.8688 64.3617 51.2726 22.818 46.3309 54.6974 32.5664 52.7578 71.2883 38.9293 39.1291 35.748 26.6212 17.7236 44.2281 64.1103 76.3569 74.7721 74.2435 65.6484 61.604 53.6772 47.7365 63.8343 59.7208 62.4239 83.0524 94.3207 133.6956 123.5923
169.8341 162.5993 169.43 189.6069 219.2642 189.7842 205.5199 213.2471 221.7878 237.8007 253.9932 261.3519 253.8747 236.9212 206.4618 184.8442 179.4662 111.8599 137.2504 108.8495 114.4047 125.392 121.8635 146.5189 186.9711 215.4738 143.2692 91.9353 91.8083 103.2235 104.2924 56.6315 50.3511 38.5511 72.2943 93.7059 100.5846 92.067 80.5835 64.1299 73.8603 46.691 57.7046 66.6402 69.8239 75.4513 68.6001 61.4231 55.2184 59.8148 40.9164 56.9135 60.0788 20.0178 16.6419 26.1689 47.7567 62.9961 60.8572 69.4879 68.129 112.5618 122.7061 128.3397 128.0493 130.277 130.8937 131.6891
182.3417 177.3737 162.4753 186.5654 196.4606 221.3602 227.9549 194.9191 220.9113 227.4191 208.1618 239.0465 252.7666 228.445 214.3012 213.0262 217.4547 227.637 194.3089 200.5511 154.2455 104.4424 131.0936 170.6158 184.1857 144.6965 165.4669 184.8307 177.5407 160.1809 104.8784 114.5627 97.8539 52.3089 51.241 103.1297 102.5424 77.9437 94.5485 85.1301 75.4433 74.3018 74.2635 69.0558 81.8477 92.6717 96.4979 109.9186 78.7409 70.4573 67.0873 51.0415 55.6504 63.1245 53.1529 21.9458 62.9264 58.4868 69.5619 90.2235 113.0861 110.0948 134.2353 140.3088 125.8972 120.907 121.2808 104.3093
222.2783 206.4188 185.1703 168.0549 165.454 168.5261 168.5891 180.0426 193.9649 210.7129 202.3078 210.1138 236.2591 230.808 216.5356 230.0325 222.6707 193.8289 188.2373 144.739 125.1464 128.9898 139.491 183.4101 199.7991 215.0927 188.5224 142.1404 156.3428 165.1417 156.0723 127.9316 50.7897 68.4627 127.3329 104.3246 85.3638 101.0424 98.9735 90.3797 81.8242 87.5177 93.5487 93.9129 96.03 95.0018 86.8557 109.4626 88.7912 80.7455 70.9001 70.0698 73.2764 47.202 16.3042 19.8925 60.0504 71.0186 93.9297 109.4229 98.3185 130.3036 92.6208 121.6499 149.9802 127.9479 140.1817 121.9778
204.7814 206.3566 164.0784 142.316 170.6211 194.6525 194.9214 171.799 210.4855 245.9818 246.112 213.8831 232.7119 232.4028 215.1925 214.0138 208.8606 209.2299 193.8325 177.1142 171.0574 166.6229 200.0471 198.9096 195.8652 175.5462 103.6423 154.8002 114.095 180.3962 166.6732 166.5602 180.5901 130.6505 124.4766 142.926 96.5888 111.169 142.1172 150.3197 130.7482 134.3209 133.6345 90.5855 108.5932 117.0305 120.2083 107.5903 96.9634 89.4259 72.3254 68.1315 44.2383 27.8937 57.8399 55.5424 31.9655 49.3486 72.9772 64.6273 101.0335 119.3869 118.2935 116.7159 142.7462 133.8679 123.6565 103.605
216.2991 197.9495 173.4561 157.5119 173.4804 188.9954 214.3998 259.928 239.8686 269.9346 256.3979 305.3026 366.4213 282.1361 244.5591 227.1121 248.5744 195.9677 195.08 234.9625 190.8659 178.2582 145.5402 124.1542 200.1561 142.7081 196.5658 185.729 172.9668 135.2359 151.3682 179.55 180.0988 182.2553 175.7738 150.9241 124.1346 108.1842 163.7229 164.2741 173.5865 193.898 175.0943 153.5314 155.7286 149.4748 161.1503 139.0698 111.7685 92.9749 48.4598 39.8367 45.1243 63.5167 80.212 56.7265 49.5263 67.3833 93.6853 118.7146 129.0329 133.1517 139.0279 148.9449 136.0148 128.3063 136.371 138.8205
149.1014 126.1225 117.5634 105.6558 127.2288 171.9892 224.7682 235.0141 220.9619 227.1898 235.0783 270.6181 336.7972 376.1158 401.317 297.7014 256.679 235.2677 196.7447 201.8282 209.4334 184.6288 244.3739 234.503 215.183 221.0289 196.0127 210.2111 162.5372 136.2285 225.0048 219.8818 200.0146 204.8886 199.6318 172.6003 166.4044 163.2345 163.6382 142.4252 139.975 121.2003 160.4952 181.3467 121.3145 96.0806 79.8714 107.1383 101.5022 47.5286 106.165 84.2367 100.2654 94.4617 81.065 30.1091 94.2699 75.6686 90.9533 132.6353 78.522 93.6826 91.9874 106.7652 127.9769 126.2472 117.6948 116.5579
99.1443 96.4483 120.0755 149.8577 157.7884 172.669 218.6171 222.9843 240.1637 254.7852 287.3374 274.1664 275.0596 259.6015 287.9781 376.4564 334.5897 236.5355 206.5062 201.2725 225.3391 208.3119 216.6065 230.5834 212.1521 252.4499 216.0788 213.2621 181.0102 187.7645 176.5107 250.5483 292.8944 266.2688 230.4631 205.2666 193.7578 172.3603 179.7999 163.4368 177.2066 133.1147 129.7505 154.0262 120.1098 104.1868 94.3205 82.217 50.5257 30.3716 106.3786 87.0867 112.0555 108.5986 109.1873 97.1627 44.4426 56.8965 73.2348 71.4369 79.7891 105.5188 139.2558 154.1846 126.7782 142.4521 130.7549 108.3944
92.6934 119.5133 180.4442 179.8577 187.3173 179.4674 197.2347 209.0761 230.2346 250.6267 306.6642 303.0728 286.8963 255.6356 301.5821 314.9397 346.6154 378.9424 323.9804 265.6304 238.6327 247.8986 235.5238 229.7275 202.7326 194.7231 224.7311 211.0966 166.8153 182.4929 156.1175 191.921 243.6535 283.6034 277.0302 214.1441 205.7869 186.3841 193.1556 179.3736 162.7923 176.3999 142.3433 121.8016 120.8427 150.2506 97.8736 88.4621 86.8585 30.9864 39.7394 84.8761 98.9656 125.383 119.6218 100.3287 61.0519 85.7591 95.4111 112.2423 122.4334 128.0041 134.411 129.1748 137.8528 139.9672 141.7443 138.2747
118.4087 99.6962 98.2579 105.9429 154.6178 142.717 210.9957 200.6628 186.2814 193.6156 220.4344 203.3303 230.1283 220.032 248.6464 306.9873 368.6698 422.1296 384.302 374.0708 356.3034 332.7936 276.4793 281.6279 258.2263 232.9533 207.5625 176.4133 172.9577 170.6737 163.9321 174.5338 205.8653 214.266 296.9211 269.8125 236.3342 215.2592 217.5301 195.2973 193.8678 191.5721 170.1986 128.4942 92.835 149.8933 109.6971 95.4238 80.5952 70.8048 35.9394 40.4566 70.6264 90.0073 117.9685 110.4263 93.0587 54.8866 59.2096 100.1886 127.1387 130.2746 121.4146 119.6743 122.9718 144.2201 135.5887 146.5586
88.662 112.3289 104.706 115.746 127.3956 132.6711 173.8862 200.4859 153.4221 157.9927 186.2203 179.8993 159.2323 174.2868 212.6635 255.3271 281.6414 380.39 361.6211 355.9235 288.5263 336.7413 392.4064 231.164 235.4713 204.2572 199.4256 192.3149 164.9763 151.8495 149.4619 179.7565 220.9746 307.4349 314.2331 314.6042 262.5284 242.1693 204.5402 222.0502 175.2973 157.1578 159.7241 165.7157 94.0941 101.6088 116.2693 75.7644 92.2038 76.8488 91.4888 45.2843 59.2253 51.1016 120.0474 167.7377 156.4747 113.6954 90.3628 75.8254 92.6641 91.14 118.46 108.1911 89.8525 104.8834 111.311 133.4959
90.6503 140.657 146.2311 164.9828 182.0447 191.8636 179.5944 149.3333 166.3744 169.8213 202.0345 203.0009 192.0749 165.0473 175.1027 205.1861 204.474 255.9246 247.6029 207.0921 268.9363 372.111 304.1474 226.5016 182.0797 185.8315 175.0903 182.3031 169.124 147.7068 140.4043 152.4705 202.1143 226.0473 327.2299 299.713 290.5132 217.0217 199.0827 213.3431 169.1694 177.301 157.4716 103.7399 102.4625 117.7213 149.5347 105.6118 78.7042 82.7946 75.9353 44.0037 88.1084 96.4209 131.2827 153.5588 148.7854 151.7441 105.0123 106.6247 95.7695 92.0631 114.987 115.3441 128.1915 152.6897 144.5992 138.8039
159.9569 183.1794 169.5708 155.3396 161.0146 173.8727 181.0808 182.7618 183.8143 191.2209 185.2164 219.1641 201.3281 197.2263 192.6362 180.7982 188.4524 182.6529 174.2238 189.7947 219.9283 203.9499 200.2339 193.8841 197.6775 188.6172 186.7802 166.7856 151.4032 133.0212 129.8904 139.5489 156.0014 179.853 243.4269 316.3895 303.8347 250.9992 207.903 206.2766 217.4121 199.366 145.7575 165.0687 150.4477 162.9158 131.1993 99.999 90.4837 70.5648 52.3717 68.2537 118.7549 122.0551 143.0854 153.5945 125.3358 137.9477 131.7154 126.1769 110.5322 117.4603 138.2917 136.0041 135.099 165.3333 184.5516 155.4756
141.3376 152.1101 155.3926 167.2946 123.9607 151.6635 145.627 158.1492 161.1603 158.1941 160.4909 168.0298 204.8376 201.8072 192.5168 176.0658 169.1487 192.4751 217.1933 174.2108 184.7771 180.8011 190.1554 183.4844 185.9419 183.9763 167.5808 176.4236 127.9903 136.5433 138.815 136.3979 141.3716 161.7393 183.9877 222.7759 289.873 281.1993 198.7565 220.1861 219.8287 199.4786 203.4333 209.9295 202.3115 156.7713 132.9153 138.0986 128.0621 76.3566 69.937 49.0683 97.3664 78.2245 119.514 131.3281 123.797 125.8049 105.6492 107.7742 124.8327 105.7548 111.8467 119.1121 135.8008 143.6719 152.6149 170.8593
167.2684 166.1879 157.9286 128.8352 141.6416 166.9692 176.3689 190.2971 171.6576 179.2704 166.9086 177.2381 182.8491 189.8823 197.4206 190.1266 187.0801 196.7737 183.8481 184.3074 193.3516 171.3705 163.5271 140.8818 170.3862 154.3735 136.7 135.5324 123.6155 134.9149 146.4175 145.5892 149.8356 152.171 166.3309 184.9164 263.9967 289.5252 235.5974 216.4058 211.5987 204.6863 216.97 196.4871 172.8633 150.8883 142.1193 135.9585 143.7823 124.5141 136.9208 85.2333 74.2388 45.3051 97.288 116.0338 135.4609 116.5478 100.2139 120.0511 129.8666 124.9869 117.139 126.7212 123.5416 155.2567 169.8167 167.9742
160.1398 153.4592 148.3319 139.3393 151.031 188.5923 196.051 202.314 190.7247 196.1576 186.2377 178.6873 184.264 158.7668 155.07 154.4097 180.3653 211.9639 235.198 209.9085 178.448 170.548 186.5282 169.3091 158.9247 136.139 136.748 132.489 137.5672 139.0394 132.9668 135.1188 145.2675 153.138 156.977 169.8944 202.7018 272.8329 219.4896 220.8378 229.0212 203.956 187.7529 171.513 171.4099 161.9409 136.8655 133.8889 112.2354 122.2632 136.4074 114.6157 131.3337 97.4914 72.8049 133.0314 135.8704 137.8159 106.33 117.7397 153.0741 144.4541 136.4726 126.845 133.4997 151.4358 186.1931 185.3927
169.2919 166.8501 174.262 147.2822 131.4525 160.7019 183.3155 172.3678 183.5312 192.9243 178.8255 187.5706 160.1929 153.3348 156.6001 131.318 137.4215 146.674 153.9328 188.3635 199.7201 176.0581 188.8003 208.5709 177.711 147.7161 122.3393 148.3472 117.7105 151.5014 136.7651 137.1826 152.3627 118.5904 132.8948 123.8633 154.7768 190.4381 193.2549 193.1138 186.3216 184.9663 214.4019 215.3048 190.2253 199.1764 188.4178 153.1556 140.8623 132.5696 113.2517 96.4758 96.6251 61.8066 100.5999 99.464 109.4306 139.5408 101.3354 121.0086 127.5377 152.0706 145.3344 140.7 135.9794 162.3902 200.3857 202.3655
150.1832 154.1851 159.4586 155.6949 136.6296 159.1341 184.7263 176.7971 178.0494 191.7997 190.718 171.3583 181.4026 164.3395 150.4626 138.9459 133.4741 124.3309 131.0686 138.2731 169.6875 164.4369 189.7561 208.2841 200.3052 145.2704 151.9328 151.9056 153.0428 142.8081 147.3894 116.3637 125.0769 125.2289 121.9919 131.6816 136.0754 164.2591 204.1714 180.4268 169.0103 153.0083 160.9218 161.6211 167.2962 184.4125 176.8088 134.9115 115.9134 129.3238 130.6364 103.2054 117.9165 85.5365 92.7219 103.5733 106.6405 125.3443 134.345 108.3507 135.6677 118.5283 132.3763 139.4788 144.9997 149.8214 195.9241 194.6913
174.4005 164.8318 173.1491 156.3803 158.6433 132.2392 148.1744 198.6126 151.3689 175.6603 140.2583 176.9083 186.1881 184.2608 165.7035 165.7751 164.4209 161.157 127.7606 136.1492 141.6275 171.2547 215.0725 209.5036 186.8232 146.4931 122.4647 129.0931 142.5228 129.2004 139.4343 129.207 126.1833 134.8017 135.7673 140.6324 138.2396 146.1546 166.2113 167.2439 147.9394 157.1557 167.1492 192.5385 180.7361 174.3609 162.0335 143.3445 137.8982 129.6299 115.2364 122.1411 81.3127 122.3608 110.2711 73.4339 93.4242 87.9573 98.0242 113.3982 136.9908 128.1583 132.7925 138.2622 131.7131 139.3293 159.5182 189.2796
145.5508 130.6849 118.3625 165.5369 173.8316 130.7776 103.1264 113.7548 132.5641 105.4488 117.2835 169.5505 147.4351 163.6289 165.9701 176.444 174.4674 170.7387 135.5965 140.8008 154.6712 143.2411 164.3827 189.1008 200.853 153.9039 134.0377 125.6962 114.6739 136.2355 131.6005 125.55 127.0384 125.2082 134.4893 153.9955 132.628 147.8488 152.0314 170.1625 181.0778 153.088 140.707 155.1913 169.3553 171.1314 182.2964 170.686 154.4521 111.5211 117.7972 135.4683 119.7103 132.2558 136.0892 132.3188 119.3437 77.3393 112.5865 122.7515 126.3165 121.9296 120.0094 112.8336 128.7298 132.9198 144.9335 151.5313
111.284 104.4292 105.9226 112.8714 102.7413 106.1788 115.881 140.5798 113.7082 157.746 162.9005 156.346 139.7663 107.8328 109.6011 108.6457 128.9826 126.1099 119.0199 127.2221 139.7706 121.0603 138.1827 189.0165 193.6304 179.5751 133.913 129.3214 117.6553 132.0983 125.7462 113.2955 127.6552 124.8364 130.8449 141.9823 136.1662 132.2408 143.7602 164.7917 199.6159 171.7267 137.3149 145.5203 159.7099 178.4406 160.8303 153.2926 175.9531 149.1769 122.2536 147.5848 145.7319 129.5202 129.2221 132.3337 105.9145 108.3844 92.4495 93.4623 111.6295 107.6254 108.5569 119.5659 117.3912 121.6445 124.0537 123.7483
135.9464 153.5135 104.9999 109.1621 94.6009 116.9923 106.0378 148.2129 146.0362 155.2292 139.0215 118.5135 121.2541 131.1304 153.087 153.176 138.3434 128.6299 126.9906 147.5878 129.2995 121.3045 126.2894 140.1251 147.6764 141.3218 131.7094 120.4456 127.1737 125.4371 124.2011 130.1424 115.3333 132.3854 125.3974 151.4774 148.2736 172.7279 151.3333 154.2396 159.1181 182.7531 173.1482 151.5599 158.8538 161.8889 178.8944 179.1391 168.4486 186.5795 164.7094 160.9557 134.431 144.5699 135.3081 114.4306 106.7841 117.0663 115.9115 128.3504 114.2352 102.1272 93.6035 115.7887 114.7601 111.0819 107.5746 120.673
185.3329 188.3122 137.5576 113.0002 110.8929 118.445 125.1113 139.5567 138.1712 168.8644 162.899 155.5247 147.4445 143.082 138.3168 148.5525 179.9643 162.5424 132.8464 144.2666 133.9798 111.0312 135.593 130.5053 125.8653 126.3208 125.3747 123.9141 126.8317 123.6388 109.9278 123.628 121.4668 120.7882 122.0407 143.5978 145.6252 151.6363 140.0174 158.8517 170.087 180.2969 201.0535 177.5087 164.3876 153.9585 151.3091 162.7923 177.3181 168.4019 179.2859 176.8883 173.2287 187.5455 138.0804 117.6051 111.7126 118.8711 120.7631 128.3448 118.0404 111.0014 98.8743 100.1865 104.6557 109.162 120.2238 115.3751
163.9671 159.5269 118.9631 115.0455 137.7881 132.4961 131.4378 111.7091 135.787 140.2811 133.7771 137.422 127.6054 143.7446 149.1395 134.1541 134.935 139.4388 164.6095 137.9234 124.209 102.784 126.2554 124.0711 126.1174 125.7447 139.8148 130.9563 127.6773 120.5391 136.7776 116.4607 120.9907 122.7026 148.218 137.2473 132.6756 164.6743 156.9801 174.3943 180.7671 179.1102 164.1013 190.6057 157.7858 164.5026 162.651 174.0144 157.362 138.7056 153.6862 150.3927 149.4307 119.51 137.3532 125.974 119.6268 124.0287 118.0545 123.9874 127.1944 100.0346 127.1697 121.4656 110.9332 120.3033 128.2302 138.6177
