Resources/Map/Lvl0_30x30/Ele_DD.asc
ncols         335
nrows         335
xllcorner     -9995000
yllcorner     -3375000
cellsize      10000
nodata_value  -99999.0
[rows 162 to 188 of 335, columns 236 to 294 of 335]
1417.1451 1496.7115 1457.006 1436.6755 1948.3617 1295.5746 887.3163 932.1463 751.2861 737.2574 273.8387 457.0182 351.0335 285.0023 355.0831 347.4797 239.2282 217.9784 197.4477 188.1197 190.7617 193.4864 188.3436 180.7216 172.2482 165.4764 173.3895 170.4599 167.0317 170.4274 163.1271 160.8546 170.3743 160.3726 157.4374 153.9297 155.3098 146.3152 146.7072 154.4568 150.7753 158.0729 159.7257 161.1952 171.4902 167.4392 164.9922 171.8423 180.7497 188.3909 185.5618 182.3004 184.8694 170.7332 183.2976 185.1849 183.8519 185.62 196.3499
1445.74 1423.0182 1535.2263 1077.6852 1894.9016 2023.4608 922.5958 430.1935 1014.3123 787.733 847.1216 370.2675 302.6957 329.0677 391.3627 289.5508 250.6134 222.5658 202.5993 193.2401 199.1933 187.885 177.5858 179.1691 170.9196 176.2744 177.3402 174.8992 173.0937 176.1264 172.1726 171.7425 159.2457 164.4124 164.4814 163.5217 155.7891 147.1472 149.9626 153.9345 153.6859 153.2602 164.4917 167.2605 163.723 164.051 169.7582 169.6343 169.0605 182.1419 184.2197 185.8516 187.8632 191.7445 184.2264 183.9295 195.3972 196.4741 245.2652
1314.5665 1483.3274 1109.8147 1182.5974 931.4316 1674.0964 1346.5396 603.1631 395.0745 391.0631 1156.6759 727.7451 292.6285 314.5987 464.6102 594.2399 272.5773 228.6862 213.0222 199.8244 207.6918 206.0209 191.5166 194.5656 188.8095 183.5157 176.5365 178.1459 165.1633 177.4247 163.1919 172.0933 162.7452 160.2446 160.1416 148.6195 147.36 151.66 151.4124 156.952 151.5633 158.7379 167.3008 162.8012 165.5281 159.0076 181.3237 179.3862 173.92 176.9495 184.2532 186.0249 178.9892 191.0161 190.6942 189.2726 212.3283 225.4317 227.1956
1305.7993 1130.5596 1084.7557 840.3062 1320.2567 1451.7972 1764.3612 1258.9497 594.1724 383.7358 742.5441 1186.6278 588.2189 381.2563 426.7461 610.7488 353.7205 244.5121 219.8522 219.9422 222.7129 217.2656 198.5697 195.3361 191.9348 187.5751 168.293 176.3072 176.97 164.9771 165.7911 169.307 171.0011 167.0047 156.0064 151.3557 150.254 149.715 146.5004 154.5438 148.0874 149.8337 158.2144 161.4103 160.3633 161.3863 167.4183 176.2006 184.3434 181.7218 174.9268 186.3422 185.3532 190.3943 192.8302 191.0874 196.4536 185.4043 201.9701
1561.9584 1361.6975 1132.3987 894.4272 818.6191 1401.4192 1803.1678 1194.3439 968.879 807.4499 560.5821 515.506 1135.069 881.6951 575.3184 479.7837 691.6792 304.0771 235.4892 284.6674 283.7126 241.8034 225.4929 211.285 192.1252 197.9047 192.4758 178.1204 180.3454 179.9796 169.3125 168.0349 163.9616 160.4725 159.2102 152.4471 156.1246 154.809 146.5393 151.9117 154.8589 147.8976 149.2502 162.1704 167.3533 171.2034 169.0408 172.3915 181.3355 181.7557 181.536 184.7872 179.9353 186.7728 191.8986 186.946 195.9275 191.8606 193.2697
2007.9055 1294.3428 1054.0999 867.3238 782.0959 914.2889 1427.625 1188.5763 1237.8986 533.4153 634.2792 666.6581 435.9503 980.5729 618.0665 719.3526 645.4639 404.4395 279.7281 280.9348 321.8703 284.9773 248.5978 225.4105 212.8353 206.9826 196.2135 192.8137 180.9609 172.6714 180.7563 172.8541 164.2758 159.7363 159.184 156.8861 159.0096 156.2309 150.8534 155.8081 157.5273 151.3295 156.7758 160.1379 162.3342 169.5766 169.9736 175.1136 178.4203 180.6096 185.5594 179.2582 182.4004 187.311 189.7021 196.4149 196.9482 194.047 193.819
1567.9176 1714.9025 1529.7427 1019.9344 769.2377 644.2339 937.1718 904.8231 1358.7429 711.0574 368.8979 513.5716 764.2148 463.0696 1041.8754 957.8336 732.4748 654.1174 439.9666 263.4572 274.6075 332.9626 356.1377 249.5116 232.7256 214.3819 220.4326 205.123 196.7115 173.9615 182.4024 171.5276 167.8107 170.2787 164.6005 159.2334 165.4191 154.555 151.97 157.6116 153.0699 160.2243 155.2799 163.9613 162.6206 176.922 169.8138 170.5267 166.7101 174.7759 182.3954 181.956 183.7323 182.381 184.5181 192.8703 196.7661 197.4814 192.9609
2641.2554 2186.0764 1341.2325 1121.5903 1016.3229 839.5051 896.9461 929.9696 623.4708 729.8419 862.4321 483.8997 547.0618 818.6575 580.7382 944.097 1039.0388 854.0048 557.0715 339.5077 304.2488 287.236 335.7709 286.4737 253.3644 242.5782 227.0983 204.6288 202.1263 181.2086 180.0905 173.4348 174.4054 169.0733 165.2679 162.2873 162.3596 158.1914 155.8231 151.4203 147.106 159.9085 165.0672 166.7336 165.689 174.4954 179.9501 172.9824 172.5103 173.6074 179.809 179.7678 182.9182 184.3451 179.3244 182.5742 194.195 199.4992 199.0273
3477.8491 2033.854 2414.5142 2040.1807 1420.1145 1129.413 734.3453 881.9893 637.7562 1051.9551 1250.9419 1025.0018 553.7346 475.5144 625.5831 761.9384 897.0011 1385.816 939.2677 663.1829 399.4216 279.4848 325.1215 395.5221 295.5466 262.7668 236.761 214.9084 206.6749 188.7959 186.8838 177.2039 170.0517 164.7938 165.3071 163.6657 174.3946 160.882 159.2714 150.9837 151.3202 162.1978 165.421 166.9384 177.8297 185.9452 179.8771 177.494 176.0453 172.3808 174.5426 174.9236 189.7548 181.0331 189.2585 193.978 199.3441 201.0037 196.4001
3826.6509 3689.8723 2779.2327 1592.9474 1287.7032 1345.621 1203.2869 777.6637 897.3218 830.3063 1095.233 1436.1437 891.5279 922.2577 617.1132 481.7457 944.4099 1174.1045 1282.2098 967.8174 400.4513 373.0714 308.0939 347.2228 442.9006 276.0808 250.2811 225.1961 208.6063 199.9591 193.3087 180.2152 171.3398 174.0663 165.949 165.1394 171.1519 177.4372 169.0597 153.1898 155.4023 165.0294 172.8773 168.222 174.1887 191.1333 191.2889 178.8385 183.6632 180.0885 189.4022 178.0524 191.2973 190.8194 190.0933 196.3552 200.6303 198.4434 201.4198
4407.8818 4095.1248 2554.325 2876.2495 1892.0406 1046.8385 1089.844 1586.3236 978.9404 953.4327 1210.6235 1324.6628 1361.1602 1574.4036 1375.6327 994.5325 490.4268 1050.5784 1139.301 1173.6354 793.2863 470.2831 369.7414 332.8138 378.474 413.1044 257.4471 231.5914 197.0627 204.9744 201.0902 179.7737 178.6169 174.474 166.859 179.1128 165.0781 164.0218 163.6978 155.8973 155.8761 158.9572 172.6444 165.8271 187.7653 191.5561 177.4094 195.1238 193.4254 182.564 174.4925 174.0481 184.0001 177.3208 193.2289 202.5845 204.4007 199.2273 200.2168
5450.3623 4055.9404 4434.3833 4396.0474 2603.5496 1550.0409 1302.3408 1813.0264 1416.4148 1249.3585 680.0874 1128.8442 1212.4357 1323.0203 890.1499 1038.5348 968.1808 578.7033 660.7202 1352.8235 914.9765 1048.5486 419.0122 381.7198 284.7249 343.2778 273.2491 234.4638 208.7335 214.0532 187.8553 181.8138 175.6066 172.2376 177.6916 169.3846 166.8684 164.2378 162.2933 156.4777 152.1393 165.6958 171.1975 172.8963 189.4814 195.6904 198.795 190.1606 191.1146 193.1171 185.8083 186.3272 182.0111 193.4355 196.0669 199.9767 198.1533 204.1283 201.4387
5107.7295 4950.3643 4808.4648 3760.7832 3608.396 2340.7629 2120.2109 1570.5055 1608.1184 1560.5485 1442.6799 814.3595 1623.7157 1686.5769 1146.9841 1275.0848 1595.5481 1319.3193 839.1822 774.9574 1241.7141 1105.9791 582.0599 462.3932 320.7115 331.2053 295.9087 239.1749 223.1336 199.1942 201.1741 199.206 182.0331 180.8913 182.315 170.4665 169.1603 169.3792 161.7148 164.5281 160.4285 172.4224 173.6831 170.3461 191.7034 177.8383 183.7135 173.4418 179.8114 191.0871 186.5186 185.3692 184.4855 186.6119 194.6364 199.5585 200.4158 203.8029 209.2096
4550.7271 5108.8374 5255.3506 4428.9644 3555.2056 2544.697 2431.0134 1400.8275 1660.934 1821.8042 1550.3877 1469.0013 1207.0001 1855.8453 1813.9017 885.6384 1315.6602 1595.3121 989.2021 1009.3639 939.2584 1196.6873 925.6017 686.7006 370.9914 278.2009 365.1082 237.6405 220.0904 218.8316 208.7757 199.2776 187.4718 183.8404 187.6991 174.6988 162.5992 166.2412 168.9682 166.3641 165.6029 167.7027 172.6701 175.6121 185.3406 187.9654 177.9657 181.9613 185.3573 186.1595 179.8087 180.3023 189.9571 193.1096 201.4992 198.5438 204.5058 206.8249 209.4231
4131.5088 4536.6826 5159.8628 4521.8354 4283.6143 3021.0352 2582.2361 2064.4792 1824.4825 1510.2426 1907.6302 1809.9408 1713.8018 1689.5796 1885.8071 1373.6713 1085.2172 1309.5303 914.0028 1462.1241 966.6663 1137.1604 1351.8705 849.9562 705.5693 306.9171 265.899 237.8068 229.9861 216.3392 207.5633 199.1367 199.7679 190.2398 182.3199 173.664 165.8151 159.5909 166.0089 162.5128 162.7086 169.3371 171.1041 186.1928 176.4919 187.4178 175.8035 191.4635 187.7998 199.0782 177.3486 180.6285 189.4927 197.3204 205.4609 205.1263 204.4238 209.4228 211.9932
3935.229 4326.3745 4559.3301 5034.8472 4459.3281 4240.4995 3338.9834 2681.7556 1785.248 1532.6074 2245.5161 2142.5681 2059.0369 2184.8276 2025.5892 1309.0297 1872.7786 1594.1195 1428.6464 1091.203 1514.788 1265.7208 1494.899 1043.0236 822.3677 800.0413 470.3703 262.3567 245.3869 232.1723 217.718 207.1528 205.0763 187.1664 185.4495 177.4501 173.9151 167.436 165.737 161.6625 160.5144 165.0409 163.4846 189.7222 192.1065 192.909 191.3486 187.8458 179.8646 175.5475 182.9863 187.1253 183.1415 196.1862 197.1927 202.5776 205.4737 204.7167 211.7318
3904.9189 4036.9058 4293.9575 4624.7607 4960.7568 4753.4521 3631.0435 2539.0608 2540.8862 2018.0658 1749.0299 1514.7456 2255.9902 1860.3213 1666.1219 2133.8562 1495.8671 1635.4346 1850.0474 1299.0258 1650.651 1677.046 1232.1475 1415.2463 1591.2584 886.2263 748.7985 453.7147 267.8015 241.8307 223.9043 213.7463 195.9336 192.5636 187.3591 187.6105 183.3074 175.8632 172.7885 166.1996 170.226 169.5217 182.0436 196.6174 198.228 195.1711 195.6511 196.8853 189.5029 184.9818 190.6003 191.2417 178.4144 197.3105 193.6609 193.767 198.0368 202.6924 213.9654
3839.8469 3917.9238 4079.093 4369.7432 4574.8735 4461.52 4732.752 3845.8176 2322.3799 2579.4417 2130.6521 1590.7699 1851.2969 2495.082 1766.4108 2260.5525 2013.0983 2475.4973 1826.135 1548.6294 1828.8414 1388.5398 1549.924 1292.9043 1179.9088 1758.7007 1027.3939 627.9843 360.3077 246.2679 241.2181 224.0974 206.6773 202.3041 199.2203 182.2182 178.0451 178.5712 178.7998 167.496 180.8308 176.6962 191.7781 199.038 198.8579 204.2225 201.3337 198.6645 196.6582 188.1848 196.3502 190.7992 193.6436 195.4034 198.1449 196.3445 205.6277 208.1124 216.1163
3885.0046 3844.2661 3912.7104 4091.9119 4274.0581 4328.2959 4532.1465 4298.6553 3151.7502 2605.1094 1918.1227 2036.1521 1613.5338 2666.0359 1744.5743 2995.0378 2645.6963 2643.0686 2326.5925 2004.7882 1899.259 1498.3479 1529.4037 2044.9174 1754.2277 1117.4463 1472.838 1162.5635 602.9074 539.8275 294.1583 237.3319 215.7316 207.9288 208.2297 176.9631 180.5022 183.5944 176.4617 170.6931 194.0999 184.8871 196.7871 200.3431 197.1379 203.2479 202.4361 205.442 209.0577 185.2345 193.1757 194.4478 195.8763 206.7831 198.0765 198.0135 202.2414 207.4173 214.3275
3861.3193 3841.6133 3863.7827 3926.3879 4019.9268 3351.1853 4281.4971 4612.5371 5106.4336 4489.3271 3050.6262 2596.3516 2308.8145 1302.9182 2301.7949 2289.7129 2671.6077 3757.5632 3148.5415 2458.1069 2064.3149 2216.6501 1570.7843 2288.9092 1834.6815 1757.7284 1654.3226 1315.4822 814.3748 571.288 386.8985 269.2506 221.849 219.2405 213.5499 200.6891 197.5693 191.9459 182.6786 175.9233 199.5068 183.855 210.0226 199.9409 203.3332 207.023 197.1287 208.9108 206.8433 200.8327 198.7972 202.0407 196.8203 193.2744 201.7794 200.6507 209.3899 208.1423 211.1785
3935.4243 3884.0137 3844.2014 3876.189 3966.739 3470.7166 3610.2441 3733.2983 4818.1865 3958.5779 2774.7258 2686.6165 2030.8333 2471.8672 1793.7667 2207.4939 2518.2136 3132.9548 3286.5415 3289.2571 1987.0688 2974.7148 2508.6379 2087.9741 2102.4226 2220.9604 1516.8744 1630.1986 1663.5417 947.4196 499.2017 285.5845 242.0521 221.5292 215.6523 207.593 198.004 200.5461 199.7657 195.2026 188.9459 195.1317 203.2134 200.3845 209.3281 206.3395 210.4926 207.6707 207.4339 205.6965 198.8146 203.937 210.3166 205.9176 207.6741 207.046 208.9935 210.8795 218.7471
4305.9487 3990.8872 3861.1279 3862.2446 3980.1021 3964.7075 2862.2708 2822.7493 3824.5659 3383.7444 3396.1416 2417.0378 3887.5449 2579.6418 2764.7637 2007.5259 2369.7231 3222.613 3827.8059 3540.0808 2205.988 3679.053 3063.4753 2872.7009 2594.6709 2274.2898 1843.8541 2502.678 1584.2529 1357.8945 972.5291 476.1691 265.6998 232.3592 222.4286 216.1465 203.3978 199.9849 203.96 204.4108 197.2469 192.289 199.8017 205.2625 205.5723 210.2547 215.2576 215.1481 201.1367 217.2586 208.207 214.5289 215.9933 212.6589 206.3383 200.7822 208.8891 221.1785 216.8112
4184.2134 3992.8713 3967.4849 3868.5059 3957.0288 4174.8276 3917.8877 3914.7578 3078.5225 2481.4753 2434.1348 3971.4922 4380.7754 3409.2336 3300.5457 2423.8455 2966.1865 3520.8 2758.6287 2374.9795 2356.6479 3582.4006 3833.092 3992.856 3230.5432 1987.8876 1898.0889 2315.5955 2451.3762 1427.2968 1015.2872 785.8601 412.4158 259.5759 233.2397 224.4585 209.6704 209.8647 206.7009 207.7829 200.5782 203.5525 218.3476 204.7522 206.4667 208.1268 214.3222 223.7977 214.3203 222.841 213.6506 214.3582 219.8285 214.3773 212.7105 209.7972 209.0094 216.7913 220.3894
4074.6089 4075.5635 4179.3115 3894.5603 3963.8337 4239.1094 3739.3225 3780.8145 2812.446 2554.4431 3172.3501 3864.4043 4945.4648 4678.2563 3440.3599 2964.2937 2704.5913 2639.6738 2969.7727 1958.1125 3573.7603 3827.9973 4367.189 4315.7363 4234.5186 2664.0864 2586.2346 2940.3596 2897.9761 1930.5692 1274.8546 1384.323 987.9226 488.2812 319.0445 236.4236 221.2709 212.1866 208.4812 201.4509 195.8167 207.7164 215.4292 214.1481 210.3672 208.1216 223.6202 220.8455 220.7206 228.3275 217.3724 232.235 221.9547 213.4457 208.5887 215.8812 216.4176 223.7653 224.3369
4101.354 4149.7773 4196.8066 4311.5601 4001.8408 3977.1208 4250.2637 3691.4607 2756.9468 3430.2417 2902.7632 3705.9336 4483.1763 5220.5752 4141.5518 3617.4016 2774.9797 2589.374 3334.5649 3445.8643 2431.0791 4074.4648 4476.0259 4382.9712 3605.3892 4189.2891 3442.0774 3670.6702 2642.7366 1614.7666 2119.4453 1076.6453 1086.1682 639.1918 423.3631 325.7325 236.0119 225.9634 215.4216 211.6943 205.3133 220.2532 213.6353 222.72 220.0899 211.7953 221.8 219.6812 220.6273 225.3287 232.1445 236.5762 245.0012 242.431 267.4342 224.1082 224.9375 233.6514 235.1664
3963.7952 4143.373 4387.2715 4262.7202 3971.6221 3905.7151 3977.6301 4091.0081 3299.5886 3465.6536 2914.7883 3504.1348 3974.2178 4608.875 4761.8403 4166.0674 3476.0381 2602.0381 2742.2278 2930.1501 2201.4414 2882.2754 4186.8784 4413.459 4234.3276 4328.7915 4272.3628 3570.1545 1923.4606 2113.3289 2336.8206 1296.7322 896.1391 1230.2888 506.9568 405.8889 366.3203 308.9722 311.0937 286.9841 251.7755 265.3734 231.5141 246.5378 238.4688 220.2798 226.0477 222.846 226.4408 232.472 234.3295 238.9692 244.912 242.0438 248.1364 259.2275 253.8757 244.5738 247.8391
3984.3879 3993.77 4502.0391 4295.6206 4122.3643 4029.717 4024.8496 3972.0967 4384.8877 4398.6685 3525.2607 3280.0115 3846.7456 4196.2314 4263.5371 3951.3555 3377.2329 3488.7676 2769.8538 3229.4846 3263.1401 2592.8809 3535.0535 4397.4712 4374.2231 3994.4822 4320.5474 4059.311 3429.5259 2480.8347 2683.6125 1717.7729 2102.7563 1304.8398 1308.2321 903.9968 1032.9832 459.4504 380.7811 363.6777 302.9232 252.4506 234.7233 231.6296 249.3258 226.5738 236.0244 226.575 233.5936 230.0028 245.4707 261.9286 253.1653 255.2511 252.4818 253.4097 253.041 258.3955 264.9948
