Resources/Map/Lvl0_30x30/Ele_FL.asc
ncols         335
nrows         335
xllcorner     16805000
yllcorner     -10075000
cellsize      10000
nodata_value  -99999.0
[rows 81 to 107 of 335, columns 0 to 59 of 335]
-736.7974 -720.2218 -689.4548 -644.4337 -597.7202 -565.6469 -544.8823 -519.4722 -489.4274 -458.6222 -410.5032 -358.2963 -352.1241 -398.7837 -441.9493 -452.0607 -462.1879 -495.5592 -513.0837 -488.3161 -474.7999 -495.6807 -512.5296 -525.5733 -560.1309 -585.4197 -547.476 -477.8572 -453.8267 -461.8589 -444.0086 -387.463 -303.3105 -218.6068 -201.5819 -266.8121 -377.368 -457.5201 -487.713 -503.9219 -533.7188 -576.5021 -618.5297 -661.4885 -720.9467 -785.4134 -789.9571 -722.241 -659.8206 -665.2877 -711.4035 -728.7053 -690.1187 -645.4554 -650.3366 -696.1992 -717.4808 -692.5569 -650.2905 -608.8313
-706.067 -717.4271 -702.9567 -656.7364 -592.5006 -548.396 -538.5734 -545.5071 -551.7843 -535.7697 -503.0627 -500.8051 -543.382 -586.2993 -603.1956 -607.7742 -629.4562 -680.5097 -732.9684 -744.6122 -722.5714 -685.811 -666.6724 -689.7266 -733.9854 -733.1055 -671.6949 -598.8933 -569.6309 -559.0582 -529.6709 -481.994 -418.5596 -343.1143 -308.1964 -346.8095 -393.7873 -384.5229 -359.9239 -369.2461 -398.5166 -435.8257 -492.7112 -551.4398 -598.4749 -655.6691 -689.4156 -654.9444 -595.7869 -584.6158 -627.7097 -682.7332 -709.2771 -690.1074 -642.5103 -616.4509 -615.6734 -597.5024 -560.5012 -541.5466
-578.9424 -577.3503 -575.895 -567.8256 -555.1589 -554.9584 -581.4987 -624.6503 -659.2059 -655.9534 -630.9638 -629.501 -669.0175 -723.3563 -738.9382 -700.8495 -675.4535 -728.6886 -828.3533 -855.7398 -799.6807 -735.8682 -742.2434 -784.7223 -801.0445 -765.9022 -716.1642 -671.1006 -623.6937 -569.3455 -532.4085 -522.6438 -498.1572 -438.3857 -389.2027 -400.552 -424.8431 -402.6245 -355.1003 -335.8809 -353.4011 -387.5826 -433.1877 -456.5697 -439.4955 -446.2256 -495.0212 -514.6896 -467.9988 -392.3005 -355.0771 -378.8992 -432.1832 -473.6778 -500.3937 -524.3759 -545.3459 -550.3069 -545.9277 -547.9059
-395.2907 -386.3749 -415.8471 -464.2368 -513.8578 -558.0436 -587.4036 -605.2072 -633.0854 -656.7442 -647.438 -628.3012 -656.5332 -742.6591 -803.3696 -779.4932 -756.1569 -808.9677 -885.0059 -883.014 -810.2634 -727.0865 -693.7826 -700.9128 -708.8445 -688.8219 -655.1633 -627.9798 -600.9464 -563.3273 -528.8798 -501.3466 -447.2603 -350.3806 -261.0594 -246.4912 -286.8509 -321.3456 -290.2148 -219.0326 -196.1617 -242.7252 -326.8316 -365.9463 -330.8282 -301.8212 -326.1012 -368.4759 -372.8926 -327.2902 -291.0313 -324.8279 -429.2694 -518.5574 -556.1512 -535.3994 -486.1221 -458.7262 -467.3409 -488.5369
-369.7777 -384.0616 -400.9531 -438.5567 -499.105 -539.808 -525.8306 -499.0093 -527.9708 -598.4841 -642.69 -664.3848 -699.4737 -742.5414 -763.5559 -751.7014 -745.4266 -760.1327 -764.9765 -741.7134 -721.1658 -706.6475 -687.9712 -680.9219 -693.1162 -703.6302 -691.8176 -664.0938 -621.6607 -577.1897 -550.9924 -537.9705 -472.3582 -312.1797 -131.9426 -77.734 -124.3905 -210.263 -243.4083 -194.6663 -151.4384 -164.7 -221.949 -231.2898 -176.1549 -146.8339 -178.272 -237.5023 -262.1268 -255.6765 -281.2309 -336.7358 -370.0856 -397.1251 -447.4698 -449.6014 -368.502 -288.6431 -291.4135 -383.5669
-301.3893 -347.4678 -384.6189 -438.298 -496.6675 -516.5176 -501.5353 -500.5747 -536.7793 -619.3176 -728.575 -812.5742 -815.3835 -752.926 -709.0297 -726.4442 -772.9937 -794.9523 -773.5345 -740.4981 -738.282 -752.8578 -740.5641 -709.043 -676.702 -643.3837 -608.5099 -567.7704 -509.8554 -449.4041 -418.68 -420.3174 -379.5135 -262.4964 -157.219 -162.2123 -235.4562 -329.9114 -422.653 -471.3241 -443.5734 -367.318 -272.9206 -172.7744 -106.3789 -79.923 -79.0651 -89.8942 -83.3298 -90.5852 -175.4158 -276.6655 -278.9784 -257.527 -333.2336 -441.2259 -471.4238 -451.1082 -452.6146 -499.3283
-145.0671 -249.8369 -378.0289 -491.9315 -561.7361 -579 -579.7773 -584.8668 -587.5502 -606.7115 -649.8721 -675.574 -633.6081 -558.2892 -538.0583 -592.3499 -664.946 -725.0295 -761.6954 -762.5735 -728.8956 -677.0974 -626.133 -578.88 -530.4363 -472.9559 -421.5304 -378.7615 -331.7401 -286.3679 -258.651 41.8429 8.486 -204.1681 -202.2228 -228.1347 -226.8196 -233.0897 -317.5236 -423.9148 -458.9708 -417.9078 -368.4891 -345.3951 -326.0406 -274.6513 -179.6766 -85.9488 -41.0358 -38.0872 -100.3305 -214.3293 -270.7305 -269.2493 -285.1291 -324.4292 -339.8578 -344.1781 -362.483 -385.7793
78.5897 -162.7768 -314.2266 -460.7053 -556.996 -589.4101 -583.4055 -566.9021 -547.6495 -527.45 -506.3895 -485.2889 -464.5366 -455.7318 -472.0234 -513.0458 -563.3649 -608.7557 -636.3343 -630.8287 -592.6049 -538.4194 -482.8489 -427.9967 -369.9579 -306.256 -248.0878 -196.2043 -155.2335 9 89.8414 249.1654 500.789 283.9277 129.4796 10 -134.7251 -94.2324 -107.1133 -175.9479 -259.3027 -326.681 -390.9182 -464.6741 -526.0256 -535.716 -442.2546 -281.9919 -170.5862 -147.5258 -187.2792 -239.7295 -247.0064 -207.5226 -156.981 -137.8755 -155.1841 -176.6841 -174.1525 -147.062
252.1587 47.1252 -231.4523 -332.3055 -397.3611 -411.2002 -401.618 -400.0984 -401.9754 -395.6122 -386.8918 -386.1892 -397.8545 -416.7912 -439.086 -467.5387 -493.5042 -504.861 -498.9325 -474.2958 -444.7008 -404.7122 -352.9777 -299.4203 -239.5989 -176.457 -118.5545 26.4324 27.5827 38.7161 33.5636 83.6647 187.4664 552.3194 829.6577 424.6197 265.7929 83.5576 29.2372 -110.2901 -182.9408 -267.7833 -350.7195 -429.3146 -508.2944 -569.2921 -556.821 -482.3586 -424.787 -405.7695 -387.9127 -328.7431 -253.2943 -192.7244 -119.8886 -53.8173 -34.2484 -35.1773 -30.6283 -19.2143
105.703 -160.3156 -241.1326 -261.9431 -262.3036 -254.9404 -247.6835 -242.0196 -238.965 -243.6072 -256.282 -271.8122 -291.9811 -311.0972 19 -343.1915 -343.7154 -336.8026 -327.0904 -291.1984 -277.6208 -259.6203 -212.1062 -184.1484 -147.6808 -106.6498 -76.3315 41.7631 45.0106 32.5506 26.289 121.2181 145.7103 225.1762 315.1902 434.1187 418.9925 350.7806 344.6927 308.1943 202.0759 36.6626 -218.9825 -292.877 -370.6865 -451.8511 -497.0605 -495.3462 -490.7967 -518.0526 -564.5073 -580.8818 -543.4456 -453.5815 -309.9389 -178.5152 -103.2997 -60.6022 -35.4392 -23.2824
172.5725 106.274 96.4242 79.6476 58.1894 57.4962 56.2459 64.2543 49.7985 53.2641 72.7512 81.5428 60.2231 47.0761 35.7578 -184.8707 -168.6282 -151.7153 -141.9068 -106.7539 -115.505 -136.3384 -137.3838 -165.3672 -185.916 41.5121 42.1007 34.7474 49.9589 59.2982 48.9527 53.4367 230.201 365.0932 415.1826 458.2578 464.276 357.7538 194.0572 109.9872 126.6381 135.694 22.4679 -159.5616 -230.9528 -309.8495 -381.2592 -435.1884 -479.625 -544.1682 -644.9445 -745.529 -775.0983 -706.9595 -579.7169 -453.0014 -356.8015 -272.6174 -185.6782 -101.1939
235.5353 264.5963 235.6655 217.2029 231.8314 255.6189 179.5181 224.4889 224.6622 233.4581 186.5288 198.8306 152.2465 153.2084 146.8879 143.902 146.3764 134.8753 103.9503 -165.4991 -175.8843 -210.8653 -260.7125 -293.5558 55.8033 43.7083 28.8445 30.6829 47.8672 31.0219 79.3601 50.4659 220.8073 400.8459 508.5605 549.2833 591.4905 594.7976 482.0309 295.7096 120.0575 83.7727 74.1854 -70.4432 -108.9257 -157.7193 -220.0441 -294.1042 -370.3712 -447.3879 -532.2151 -615.8441 -660.4786 -649.6097 -612.6104 -580.645 -552.7991 -498.5908 -387.5262 -239.3226
373.2986 311.6209 336.1478 334.739 400.4721 397.1289 415.9939 404.9629 399.5428 409.3561 412.0016 392.0594 396.0569 385.9072 430.549 449.3139 361.9509 304.303 328.6889 236.754 193.2813 142.0738 108.0251 97.119 119.7756 124.3549 166.6278 182.529 266.775 142.1561 178.8457 226.6868 264.8862 355.8172 548.8083 641.2672 639.6392 537.6432 345.9102 156.6248 220.1486 326.6741 302.0819 208.9165 92.0188 93.16 17.3363 -146.8719 -220.8477 -294.4266 -359.1061 -411.9909 -449.9541 -473.5695 -483.9775 -479.7105 -454.8249 -401.0269 -313.0695 -227.2271
581.7195 568.0693 529.9894 537.3327 555.9239 573.7882 557.5331 559.3721 568.7589 547.2663 534.0206 535.7629 542.093 528.8289 515.2294 565.0656 495.163 492.1551 438.83 383.8857 375.0757 382.4844 361.3847 333.0013 348.3786 342.5061 359.4648 379.4624 407.7617 503.0496 493.8305 443.4636 444.6078 497.4254 525.5463 646.2541 727.7269 707.7193 652.4583 538.9193 451.6155 541.0269 477.1053 350.5458 226.2357 140.8646 145.87 108.6157 32.856 -162.6552 -211.7802 -244.4299 -270.8985 -296.7901 -319.4444 -324.8724 -305.0616 -266.118 -214.845 -176.9618
770.2349 700.903 701.1966 665.4309 684.0336 683.1676 672.8367 678.1484 673.5469 661.3764 668.9985 642.8616 632.1534 645.862 656.2974 611.0746 624.6136 636.0336 615.3719 590.7273 559.8961 557.7944 531.4047 537.2901 526.9838 516.2921 546.795 539.1566 548.4875 597.1505 659.2955 680.7538 692.7975 691.8715 704.0982 726.6339 772.8982 800.895 819.5607 823.1646 806.5913 795.9556 714.1309 666.3846 566.3744 666.497 465.3025 477.7212 201.8225 107.532 93.7659 262.7504 368.7404 257.5917 64.2249 -187.8826 -179.4573 -159.6469 -140.9719 -126.9828
874.9097 777.1431 765.6959 717.1039 700.3738 745.1191 724.4622 720.5967 727.7233 738.2167 754.1253 733.1915 735.9832 670.9339 430.7672 721.6668 451.9166 583.91 714.616 690.3645 663.7159 651.2496 651.3705 640.3206 622.0344 636.6688 647.2964 628.2875 644.3609 674.5801 707.1439 769.7985 812.3621 824.3728 849.3 854.3672 907.252 905.0245 914.8751 918.174 927.2078 936.2316 883.8363 775.5674 677.3742 643.1785 543.5956 475.8408 404.3458 208.5347 140.2381 166.3635 187.7769 319.5409 377.1541 122.9385 44.6669 50.9143 35.7383 44.8357
1056.7366 849.3965 831.6302 807.4117 804.0085 811.3993 784.694 808.3179 819.4362 812.7552 810.2103 819.3812 865.1325 802.6324 1194.1733 1452.6266 921.8416 633.8258 751.6333 625.4662 711.5483 772.5807 765.7371 756.1088 746.756 743.0289 735.7504 750.9182 765.6783 779.5057 822.8753 846.5844 870.4836 914.4536 943.9957 953.4294 957.0877 994.4933 980.3992 974.5114 993.788 1012.0178 973.4326 941.4273 882.9494 865.3403 814.2917 780.1224 729.4762 631.0531 605.5399 495.0992 465.9521 390.5263 377.2113 353.3149 185.9241 115.8312 129.1798 57.4037
896.4729 848.8671 1017.5305 924.4551 931.3268 966.9843 945.4144 904.7439 878.4008 882.4084 886.0309 1048.0603 827.5885 871.0558 996.9764 894.4998 1057.4015 912.3143 927.8589 826.5847 833.5698 857.7715 919.2048 906.6868 827.181 821.1385 808.7545 819.8939 845.3793 864.347 880.4476 908.6758 939.5278 1001.6512 1001.928 1006.1747 1019.5424 1026.5172 1058.3185 1060.2615 1065.3109 1046.1759 1051.9869 1052.4355 1036.4514 1054.1569 1059.9479 1011.8495 960.2431 898.0356 952.3929 921.6636 820.4162 802.2568 782.9243 658.1328 527.2234 414.2729 346.6954 364.5805
979.298 986.7355 913.3252 1223.3523 757.7398 975.6299 968.6533 957.1016 969.5879 957.0143 946.4539 931.7007 780.1867 865.7791 1238.657 1122.3031 955.1447 966.3063 974.4822 1021.0167 1133.6752 894.3018 968.0043 876.0956 871.3239 902.3497 922.9592 924.9023 941.4723 944.7522 952.2849 957.4244 985.3279 1011.9159 1019.7926 1053.0471 1074.778 1094.9708 1097.1775 1115.2931 1105.147 1130.7299 1173.5272 1109.2432 1142.1294 1144.6876 1161.1559 1183.267 1173.3073 1149.1742 1117.0066 1107.4789 1049.0198 992.7486 964.4551 962.8351 858.3411 728.834 654.9084 566.2168
1055.406 1312.7094 1030.7479 1031.7808 1108.9867 1230.1807 985.9552 1018.7131 1007.4047 1024.8024 997.0789 995.0912 1023.0154 1073.8459 1012.6739 1213.2216 1748.8552 1786.6975 1020.7601 1034.0771 1342.2042 1184.2827 1005.6805 940.7001 945.915 966.6313 978.8566 1002.3316 1051.0483 883.5071 1031.2562 1041.1205 1046.2301 1057.8772 1070.9744 1083.4363 1115.5347 1130.6959 1137.8314 1136.014 1142.1682 1152.6976 1166.2937 1175.4225 1202.5409 1215.5833 1229.522 1249.515 1264.875 1246.4536 1226.8572 1206.8087 1241.3613 1204.0288 1190.6577 1177.3677 1062.7441 937.8387 909.4473 822.7335
1087.5358 1304.7174 1099.6403 1050.84 1064.7347 1062.7118 1070.6622 1055.0042 1058.2642 1073.2557 1049.3759 943.9236 870.7811 1075.9712 1421.8594 1076.3547 1061.4077 1042.8521 878.4969 1280.9294 1141.6805 1174.7839 1036.678 992.2977 1058.2168 1058.7242 1070.5669 1051.3542 1048.5045 1007.4219 1058.3939 1091.0472 1094.2295 1102.4097 1112.7668 1147.9087 1163.113 1187.4675 1172.4568 1185.2174 1199.0417 1207.8956 1216.6147 1226.1642 1248.6826 1258.1447 1267.0579 1288.4672 1308.1047 1296.4943 1319.4204 1304.6587 1309.9636 1354.5376 1308.8815 1365.5292 1231.1265 1215.6836 1188.4014 1185.179
1129.6182 1133.8468 1154.5952 1165.7581 1159.8766 1165.0271 1162.5824 1128.2346 1080.7262 981.3092 1236.4504 1631.1229 1084.6218 1089.3854 1127.9808 973.1348 892.2416 935.5143 1143.9175 1118.5938 1111.6694 1016.5458 1458.0447 1121.5627 1111.1312 1099.629 1102.7389 1121.6018 1141.1144 1147.9902 1136.0842 1153.7826 1161.8229 1182.3885 1201.1656 1201.7946 1212.8822 1201.698 1239.1335 1220.9482 1218.3348 1239.635 1257.6021 1255.4442 1288.3638 1300.7653 1323.0934 1333.0508 1345.8599 1358.5337 1355.5316 1369.6056 1379.3009 1411.3241 1393.699 1357.3918 1237.7555 1220.9424 1374.1199 1350.2892
1225.2 1224.5471 1214.4084 1219.9236 1216.7428 1208.1486 1193.4562 1180.3027 1156.3577 455.0571 1449.4417 1469.3711 1278.144 1314.0333 1825.1903 1918.1251 1705.2665 1684.0526 1257.5175 945.6241 1010.26 1051.1326 1160.3251 1085.0253 1102.4271 1152.1373 1184.5521 1186.7799 1198.339 1205.8567 1226.7734 1225.3381 1234.131 1228.478 1251.0435 1254.2235 1248.489 1269.0975 1247.2218 1259.4449 1270.5817 1283.6055 1305.4078 1325.9622 1348.0876 1347.1843 1355.4668 1366.3375 1384.8525 1387.2583 1391.2181 1411.826 1411.5979 1428.9821 1342.6155 1170.4677 1307.9312 1595.3838 1734.8097 1940.0873
1303.3477 1295.4836 1310.7861 1384.7078 1461.5396 1253.7356 962.6345 1438.7511 1195.8379 1210.2815 1322.5095 1662.4841 1662.6595 1825.6018 1520.4313 1520.8503 1993.761 1457.9399 1032.1976 811.365 710.2402 1037.4877 1088.1998 1136.3329 1122.3837 1169.075 1181.5253 1237.2047 1230.2743 1250.042 1271.736 1249.5537 1258.1093 1283.3141 1275.2645 932.2257 1290.03 1299.9475 1313.2604 1329.7201 1345.2878 1357.4696 1324.3202 1363.1201 1363.9708 1392.9867 1410.8628 1418.7961 1391.8992 1424.4077 1431.2557 1438.2783 1460.694 1510.4305 1162.3123 1495.3707 1573.9369 1971.364 1519.4644 1507.2229
1355.1848 1340.5748 1324.1699 1286.9792 1265.7039 1441.4857 1330.9725 1591.038 1324.4285 1280.176 1407.4689 1266.6094 1228.8881 1257.9655 1295.2478 1222.9519 1175.0577 1095.235 1095.9137 1145.6709 1151.7693 1166.3949 1161.5624 1179.4967 1173.9617 1196.859 1221.5647 1256.6228 1269.4255 1288.3463 1299.7308 1302.3998 1327.5607 1323.1582 1280.5927 1342.5022 1311.6959 1338.7185 1340.921 1381.6583 1381.9796 1023.1307 995.7953 976.4845 1393.7297 1421.5071 1440.3575 1449.7988 1464.4342 1479.8489 1480.6208 1477.2572 1492.5492 1488.8293 1477.0597 1530.9403 1610.0708 1751.5283 1889.4919 1573.7643
1401.9922 1381.9327 1389.2706 1351.2308 1384.9083 1340.3361 1281.7025 1272.0105 1277.9147 1292.3257 1321.4614 1421.2817 1285.8904 1235.0305 1277.7678 1215.5446 1167.5153 1211.601 1288.5078 1210.6844 1184.528 1177.9294 1185.3256 1168.5582 1194.1019 1218.683 1247.7692 1254.3384 1287.1711 1302.1432 1317.676 1329.6221 1329.1393 1329.5649 1372.5276 1369.1857 1376.1086 1392.0101 1407.941 1398.8661 1018.595 1411.213 1431.4945 1427.3851 1436.9092 1432.7452 1466.933 1491.3435 1499.2943 1504.1141 1506.0806 1402.4985 1555.078 1530.6851 1554.9532 1584.5957 1746.3706 1889.834 2359.2009 1785.5542
1450.6754 1411.34 1405.8728 1393.5098 1374.4189 1383.7499 1376.673 1344.2484 1341.7786 1350.5132 1334.9346 1348.172 1359.811 1343.3368 1322.7482 1345.9353 1277.4144 1282.463 1318.8688 1315.3591 1284.8136 1296.2095 1293.9087 1274.4303 1292.9136 1299.109 1291.8032 1315.9485 1326.5172 1332.6539 1340.0728 1369.0145 1381.746 1403.1578 1413.3805 1411.4099 1413.7354 1414.469 1446.2981 1462.5999 1466.3107 1485.786 1486.8971 1500.9082 1510.0684 1507.0143 1523.5374 1526.5648 1549.5276 1571.5802 1563.8539 1554.5627 1551.1223 1595.6718 1928.4073 1937.4689 2277.0427 2637.0806 2768.8833 3055.3916
