Resources/Map/Lvl0_30x30/Ele_FH.asc
ncols         335
nrows         335
xllcorner     3405000
yllcorner     -10075000
cellsize      10000
nodata_value  -99999.0
[rows 81 to 107 of 335, columns 180 to 239 of 335]
862.2383 816.5081 753.7073 577.1605 566.9401 614.1506 471.8079 295.6458 186.3035 167.2375 243.7581 493.1098 581.3678 561.0054 516.6341 392.5844 244.7581 129.1936 -316.3142 93.396 101.93 49.259 54.2217 62.7091 76.4527 148.3194 348.1939 474.7525 499.0369 585.7723 702.2238 783.9572 806.214 846.2729 856.5353 854.7849 1079.1803 1205.1432 1180.1682 1330.0883 1258.0541 1278.8877 1322.1399 1361.3934 1437.7407 1460.7568 1457.6091 1471.4005 1500.9585 1519.5742 1363.3879 1468.3265 1506.361 1497.6072 1476.5923 1482.287 1478.5212 1464.8475 1453.3627 1437.8904
858.9872 887.3023 1014.8048 942.0234 958.4144 926.0486 660.8927 684.7495 769.6724 847.4117 782.1612 944.7053 963.2997 883.2658 794.5142 581.8037 283.0257 122.6936 149.2048 176.8287 88.8736 115.2094 223.3159 242.7609 376.4272 393.8208 481.4678 546.599 638.5732 699.3645 776.2224 833.6685 897.6773 945.5026 993.5797 1043.7087 1097.3621 1160.5209 1201.11 1236.3529 1281.6764 1314.86 1346.6851 1372.6389 1409.4554 1439.9535 1465.5315 1487.8364 1504.1766 1522.8138 1488.4989 1496.2711 1507.0629 1560.7865 1570.2749 1554.4136 1552.5217 1537.4164 1524.2467 1532.8412
777.0134 832.3325 852.1918 950.2914 1063.9878 1401 1078.4949 1084.863 1098.5671 1127.7275 1072.2876 933.0561 680.8026 465.9007 365.8339 253.9375 137.0923 132.9761 149.8895 112.5588 168.6658 513.3451 582.6118 632.285 648.8893 661.6808 661.205 683.1257 725.2495 788.581 834.874 917.9808 975.428 1018.7604 1051.5406 1104.4532 1129.1077 1175.0706 1216.2238 1259.6603 1294.3522 1329.7268 1362.6007 1383.4501 1423.1973 1451.9564 1468.4048 1480.3354 1510.5449 1538.8558 1560.8558 1576.2931 1605.7345 1611.9404 1625.8535 1634.7657 1635.895 1656.8591 1674.9413 1668.9028
838.0214 920.0701 969.5428 1061.5887 1074.624 1151.3324 1264.7671 1335.8391 1250.2928 1342.0037 1234.3636 1254.2413 1131.7892 563.8229 430.3547 280.5538 213.0151 203.5991 180.6736 266.6 431.9216 642.9041 590.0042 628.2738 711.7996 801.4229 838.5764 853.5469 895.2014 950.8823 972.1108 1008.6251 1067.3651 1102.7665 1128.6805 1167.6904 1194.8066 1216.5421 1259.9678 1296.7429 1329.5908 1352.7351 1384.2794 1410.9662 1448.9873 1479.2548 1511.6034 1396.1017 1567.7012 1591.8234 1599.9565 1629.7249 1640.373 1670.3297 1713.7186 1713.8062 1742.8507 1759.3499 1773.6278 1764.9152
931.759 971.1854 1023.8215 1050.5171 1096.0502 1139.6106 1217.1058 1490.0137 1450.599 1261.7966 1235.2681 1137.7872 1033.9436 1087.3236 708.3674 453.607 420.8769 424.267 416.0395 424.9313 440.3228 413.1849 576.584 588.4427 836.8885 852.6189 862.8907 886.2399 906.7062 939.4082 968.9622 1002.5798 1130.7183 1185.5852 1211.9496 1236.1118 1345.8254 1354.7487 1351.5746 1385.1302 1421.4915 1439.3829 1473.8602 1485.8176 1521.5753 1551.152 1568.957 1607.296 1616.3556 1635.0527 1656.0975 1671.2911 1688.5206 1709.1146 1728.8325 1755.376 1773.5859 1792.4967 1802.8295 1817.4729
999.2076 1041.1583 1041.6012 880.7189 876.866 1055.0061 1022.6893 1700.1775 1703.2815 1222.7324 1141.427 1000.1241 910.7285 752.0715 709.4596 629.4023 569.0406 568.9087 592.9448 553.9445 540.137 595.075 652.9589 690.3209 726.1372 810.2479 700.9395 800.4374 682.3136 801.627 1168.205 1125.8027 1220.5455 1311.1205 1324.5454 1403.1918 1421.1886 1435.9196 1459.0481 1473.0986 1494.2563 1534.1509 1545.0148 1538.1317 1566.6029 1600.885 1629.9996 1642.2146 1659.7546 1681.1133 1682.556 1697.696 1747.7377 1756.1652 1777.1094 1775.293 1790.8221 1814.5559 1834.063 1845.6433
1073.4344 1079.6123 1096.9294 564.358 793.0042 535.6035 639.0045 1174.3872 1460.6284 1247.4291 1206.0278 1079.0405 1004.9516 883.764 824.0071 850.5218 681.0104 637.5833 676.5159 673.4142 668.4639 737.009 823.1337 915.8063 992.7751 1033.4473 1141.1747 1138.6641 1264.371 1275.8416 1301.5236 1348.4957 1389.7769 1440.2484 1485.0182 1502.8058 1519.5054 1565.7085 1584.2035 1594.9238 1586.7145 1602.1963 1611.0443 1650.0505 1676.4305 1676.5892 1695.1929 1705.1337 1694.5587 1720.454 1733.7548 1776.3838 1760.4017 1823.2836 1850.5178 1847.5021 1860.6345 1888.573 1929.9177 1942.3972
1139.6973 521.3696 673.7361 598.1307 673.5532 629.6995 705.0007 850.3688 1157.6642 1162.1941 1093.4448 1099.2561 1020.4267 958.8776 900.9842 926.4441 804.652 771.3836 779.451 789.8492 786.2134 826.8677 933.2661 1014.9973 1073.8112 1126.1705 1167.7828 1208.2552 1245.4601 1300.7949 1337.3651 1364.2692 1413.1487 1444.1556 1474.829 1510.9764 1558.1244 1572.943 1578.6273 1602.2296 1611.6064 1617.969 1643.0116 1662.5875 1678.186 1700.72 1700.3594 1734.3401 1768.3474 1821.0383 1837.5574 1821.9299 1838.392 1861.0756 1903.7762 1918.2386 1923.0093 1935.6945 1946.0967 1977.4486
1241.7406 1225.4491 1248.1287 1275.2466 844.3638 1074.0432 1156.0853 1347.6101 1211.5756 1375.9829 1105.2646 1181.3577 1223.7194 1070.2218 1148.6057 989.7184 971.9501 914.4057 863.3629 867.4532 892.8866 927.4198 948.1932 1025.4592 1125.4452 1168.8274 1205.3033 1256.845 1293.3735 1335.4059 1349.1619 1381.5897 1418.25 1430.5787 1452.0923 1487.8074 1521.1588 1529.8369 1547.8708 1569.8009 1594.9415 1605.8534 1631.2291 1673.5955 1706.2797 1743.2535 1744.1749 1785.2175 1863.4568 1886.3811 1871.9863 1916.217 1944.583 1969.6803 1973.4983 1968.167 1991.5035 1996.8549 2020.1244 2034.5513
1339.652 1340.1359 1337.2406 1344.4946 1287.8735 1378.1847 1536.5698 1671.2673 1376.4856 1385.9628 1193.661 1084.6836 1235.8049 1157.3093 1104.6873 1105.0101 1125.3975 1071.007 1058.6614 1001.0565 993.8707 1023.1241 1052.7654 1048.2518 1096.756 1156.7909 1189.3002 1255.9108 1301.7936 1315.0504 1345.113 1372.4917 1427.1156 1461.1823 1470.4364 1474.8145 1496.7036 1519.0201 1539.2682 1553.472 1594.4673 1612.7922 1654.5405 1715.6327 1761.118 1809.7339 1813.1797 1846.0192 1899.8816 1920.8374 1924.4713 1942.3666 2005.3568 2046.96 2044.8344 2056.4399 2041.415 2053.0762 2063.0261 2117.8596
1425.9204 1468.2129 1438.8862 1475.2749 1417.1805 1479.3384 1456.5444 1460.8539 1576.3275 1485.4408 1469.2324 1521.3375 1417.0186 1543.4965 1314.2411 1296.5692 1180.7163 1189.9258 1207.6545 1161.2318 1142.9735 1177.7086 1144.5114 1124.6809 1143.97 1185.7448 1214.5281 1289.2617 1302.3622 1329.4371 1362.2637 1389.2946 1412.9376 1470.3073 1503.9138 1501.3102 1500.509 1577.9409 1603.3253 1598.6104 1639.9003 1687.4048 1705.6348 1726.0848 1777.3315 1831.051 1851.1071 1923.1525 1954.9303 1977.2887 2014.7188 2032.7389 2057.5125 2102.3484 2115.7627 2125.906 2154.3689 2161.0623 2176.7324 2204.0745
1534.4933 1511.4401 1530.7285 1477.6836 1461.5767 1435.462 1406.4785 1422.5577 1641.4354 1553.5768 1503.8002 1618.7522 1393.0105 1524.3093 1863.0033 1801.3441 1467.896 1288.3932 1272.3302 1266.679 1259.0143 1287.6068 1254.1068 1256.126 1245.9153 1275.5605 1276.9867 1338.054 1330.7615 1376.6284 1416.3726 1432.8276 1479.7744 1511.322 1541.5796 1553.0328 1600.7755 1643.9535 1650.7067 1667.0311 1696.6927 1718.6118 1732.1871 1791.1884 1846.8827 1873.5894 1908.2128 1932.6578 1976.214 2060.6541 2093.5593 2112.6499 2142.4519 2168.5527 2193.8667 2213.6414 2213.4304 2222.0273 2235.8059 2266.1108
1602.4896 1587.9869 1586.583 1569.4464 1560.2411 1543.8749 1532.1313 1552.7426 1606.9061 1540.01 1979.291 1806.2056 1558.0774 1405.9406 1437.9795 1478.9225 1352.6333 1327.0958 1317.0896 1364.1238 1353.6479 1327.2164 1385.3669 1388.7753 1347.0675 1360.2223 1367.7393 1397.9669 1428.6714 1442.7468 1459.6177 1503.494 1512.2855 1544.5251 1572.7177 1617.9995 1663.8507 1691.9883 1693.3354 1731.865 1735.3528 1768.8259 1793.3643 1822.7748 1849.866 1911.9944 1935.7659 2003.9594 2041.6614 2074.4617 2097.8298 2141.209 2171.2661 2187.7029 2207.6909 2215.7324 2228.0242 2240.3914 2271.4541 2287.7859
1695.4302 1691.8038 1670.6096 1674.7323 1723.2738 1644.4054 1627.7759 1601.9756 1599.3289 1656.0039 1596.5851 1589.8693 1556.218 1532.9143 1532.0103 1515.1567 1526.1587 1529.6293 1485.5034 1473.933 1471.5693 1456.0406 1483.928 1465.8495 1433.0786 1484.6448 1460.4614 1509.0521 1509.9045 1529.9722 1549.5366 1566.1641 1584.9835 1611.71 1632.3789 1658.6494 1733.9618 1724.0393 1735.9976 1777.1119 1823.588 1839.8311 1895.4896 1922.4092 1941.4224 1984.7743 2052.1309 2073.0471 2093.6348 2109.5544 2128.145 2154.9297 2176.6223 2195.8699 2210.4785 2218.3459 2240.896 2258.1995 2287.106 2301.7803
1760.1488 1827.5757 1848.8824 1827.3966 1783.428 1792.2273 1846.6379 1768.4338 1762.403 1728.3925 1698.6868 1696.3234 1704.8411 1700.5938 1675.8417 1649.3219 1682.2316 1661.0095 1640.1599 1580.6119 1594.1356 1569.2147 1562.1354 1564.4371 1586.5808 1574.2065 1589.5752 1605.5734 1585.5021 1586.2642 1599.5126 1615.6532 1660.7201 1730.5808 1761.3721 1773.2974 1763.1266 1773.428 1833.9979 1851.5989 1873.875 1918.4666 1968.7633 2006.7206 2044.1697 2068.061 2094.0583 2109.4438 2103.6772 2110.667 2139.3518 2158.5046 2183.76 2197.0542 2236.9358 2229.1304 2266.5579 2279.7161 2309.4895 2330.572
1938.3535 1896.0745 1846.4614 2085.1436 1848.9569 2013.7545 1827.2356 1829.2301 1801.641 1801.2657 1833.9102 1888.3214 1884.3928 1839.9081 1781.1212 1767.4489 1722.2275 1708.0653 1694.2565 1667.9304 1634.1028 1649.8854 1625.6931 1627.8209 1633.1384 1658.0419 1685.8452 1696.4427 1726.2354 1729.912 1777.394 1797.967 1843.416 1849.927 1829.6111 1847.5616 1875.4735 1871.7881 1941.0255 1978.9532 2010.2329 2023.7511 2049.0547 2064.5117 2075.6863 2088.5791 2119.1216 2118.2737 2124.0439 2138.1479 2152.2869 2184.9702 2205.5435 2220.3193 2262.2046 2284.1794 2292.5364 2301.4126 2332.2146 2365.0649
2305.7476 2260.7202 2060.7385 2007.4327 1959.4691 1936.5469 1959.9863 1917.1144 1925.9913 1937.5138 1912.8274 1913.4203 1865.1163 1850.0774 1837.5225 1813.0328 1801.9546 1783.8116 1774.8595 1761.0262 1728.3966 1719.4752 1686.2548 1693.1605 1696.6741 1766.1971 1759.38 1769.3949 1792.2645 1796.0669 1805.8231 1813.3311 1903.6014 1931.842 1939.8718 1966.2699 1972.903 1980.6456 1992.8536 2016.9011 2032.5273 2066.2004 2090.6841 2114.3081 2115.5623 2133.0195 2141.6794 2147.6899 2160.6497 2178.3198 2187.6555 2199.8364 2208.6082 2224.1091 2277.3169 2314.1235 2346.2173 2373.821 2403.3901 2424.2537
2315.9246 2459.4089 2272.7585 2121.2527 2457.7954 2055.1545 2389.1526 2505.8655 2692.9243 2263.9961 2045.4048 1942.6675 1911.9459 1912.5918 1890.4268 1894.2802 1861.7461 1837.3903 1812.9519 1805.4965 1802.2096 1806.287 1783.9358 1788.058 1788.2271 1789.0934 1836.9734 1840.1486 1868.4209 1910.6886 1934.6578 1957.5704 1964.5791 1997.8147 1970.7822 1994.6439 2032.1147 2037.4269 2057.8228 2078.4885 2101.7483 2104.5977 2099.8704 2125.7983 2136.0154 2149.2583 2164.4177 2195.7388 2197.542 2193.3674 2210.5112 2222.1533 2257.833 2292.4336 2326.1975 2342.4758 2378.3223 2420.3088 2437.542 2463.0774
2281.2947 1890.9559 2136.3972 2334.187 2472.7781 2161.5144 2058.8669 2194.9214 2144.1345 2294.4731 2056.5759 2047.5984 2077.5229 1969.0264 1963.8815 1942.1102 1940.6389 1921.823 1894.4917 1889.4149 1881.9924 1864.4116 1846.7245 1880.5914 1891.2637 1881.1384 1898.7878 1929.8417 1918.7655 1928.84 1954.2845 1987.1741 2013.3948 2015.5889 2033.7864 2057.7957 2066.2747 2062.3713 2102.2571 2136.8057 2149.7976 2148.03 2148.8057 2155.8235 2159.1731 2175.4163 2210.1152 2209.3828 2250.0159 2266.4836 2296.344 2314.3669 2320.02 2332.6877 2342.1553 2369.2354 2401.1482 2437.4214 2452.0564 2450.2124
2492.2532 1919.2085 1908.4596 2516.4534 2421.6792 1930.0739 2139.189 2136.8943 2126.7795 2104.7141 2067.4368 2056.1187 2037.7427 2046.08 2030.0131 2005.9185 1984.381 1979.9941 1969.6947 1941.2648 1940.733 1963.7444 1981.4888 1979.8964 1964.9844 1961.2571 1927.8809 1936.7941 1965.1877 2001.6832 2022.1838 2038.405 2031.7078 2055.3413 2070.8872 2086.2278 2112.4177 2129.1133 2138.1975 2139.9465 2151.8179 2169.02 2181.5725 2206.5334 2218.2202 2244.1091 2260.0627 2267.3591 2274.6831 2298.1414 2318.2439 2340.7102 2350.5867 2355.7456 2387.8936 2391.4453 2414.0193 2443.9041 2443.5479 2454.3096
2236.6272 2197.8787 2214.8789 2234.7969 2291.4829 2185.7371 2216.2339 2206.7466 2213.6619 2206.4126 2204.793 2177.884 2149.533 2125.1694 2118.6816 2087.1877 2070.1223 2051.8098 2051.1262 2074.7129 2053.0547 2043.4136 2011.6296 2008.8982 2026.4825 2017.717 2042.6537 2065.77 2073.5857 2082.8105 2090.1162 2117.061 2087.4492 2095.533 2100.9602 2107.7837 2115.6196 2131.6628 2139.2273 2165.3281 2180.5518 2188.8694 2227.3765 2235.9504 2246.3301 2259.468 2269.9194 2277.0608 2295.4824 2313.1426 2324.7595 2355.1638 2361.9209 2385.5713 2401.2141 2411.3308 2427.2217 2435.248 2450.5764 2472.2363
2254.6592 2241.6565 2266.7917 2240.3213 2250.1543 2261.7229 2310.1802 2266.4036 2313.7263 2328.03 2323.7256 2332.5566 2311.7869 2280.8062 2261.5774 2234.4648 2189.1958 2159.8284 2167.5969 2150.7048 2117.1865 2112.4214 2101.6689 2073.8027 2071.9287 2064.5842 2084.0256 2076.0698 2082.9099 2096.3962 2121.0725 2130.303 2139.3455 2156.53 2169.678 2180.2163 2175.5173 2201.6614 2223.5273 2235.4824 2214.7156 2223.387 2226.5386 2244.2087 2242.3318 2260.9016 2292.3071 2320.4019 2328.4165 2336.6128 2347.8591 2383.3242 2404.3003 2411.9143 2411.1597 2422.6973 2437.0151 2454.0986 2460.7754 2465.499
2295.4329 2300.8613 2286.7554 2298.5925 2290.5649 2279.2935 2259.2651 2284.0962 2174.9675 2332.0601 2333.1208 2357.0054 2347.4207 2329.644 2260.9858 2261.1313 2209.4705 2210.6946 2193.3867 2165.9512 2135.7839 2127.6899 2147.0005 2157.0422 2144.3372 2148.7029 2169.5845 2179.5354 2172.5322 2171.7202 2169.6223 2189.1006 2178.6775 2183.5459 2182.9534 2193.9099 2207.6108 2204.8276 2209.8665 2232.0107 2240.8025 2242.0183 2258.3545 2271.4929 2285.7498 2305.1907 2332.2375 2348.0474 2360.1995 2380.8459 2375.7705 2397.1226 2416.5908 2415.332 2431.1833 2447.8591 2453.4812 2461.7971 2474.4539 2487.0564
2353.7153 2339.1138 2342.9885 2326.4563 2349.2705 2331.1638 2339.2854 2343.2983 2350.77 2350.4307 2349.8892 2356.3506 2333.4871 2312.3945 2271.6497 2260.1284 2246.1753 2251.8484 2239.512 2203.8704 2222.6042 2225.8823 2214.1716 2213.2217 2194.897 2199.7969 2179.4502 2194.8445 2203.1956 2217.6409 2203.6052 2204.7961 2212.0576 2221.3555 2235.7397 2247.8003 2249.1694 2247.626 2256.3264 2271.0188 2280.5986 2292.2253 2311.6504 2335.6204 2344.4377 2354.6362 2372.3818 2377.4753 2383.0061 2411.6211 2427.9961 2423.3979 2437.9165 2453.627 2475.5999 2456.4858 2473.8491 2488.6746 2498.76 2480.4417
2406.5193 2400.6355 2398.4063 2409.1963 2351.7703 2315.5308 2330.9268 2363.4746 2386.2969 2378.2532 2387.6489 2385.8774 2366.4595 2324.3535 2317.1646 2309.1624 2278.8196 2203.5339 2071.7703 1960.069 2234.0703 2235.7014 2258.7986 2262.9177 2256.9648 2252.7908 2244.2517 2257.6316 2269.3652 2275.8462 2255.5701 2270.6194 2264.0164 2274.8818 2266.1172 2270.6658 2274.9131 2284.1184 2297.4971 2304.2483 2318.9968 2340.7104 2352.9919 2360.5781 2373.3223 2380.4219 2380.5444 2413.8784 2435.9128 2460.3311 2432.6951 2444.4316 2478.8638 2467.1123 2473.9373 2483.5537 2494.7944 2512.8765 2520.3855 2528.7112
2394.0693 2409.8047 2234.1675 2126.1526 2389.4336 2380.1475 2393.1758 2400.7144 2404.6152 2406.8765 2386.8025 2368.8152 2362.1484 2339.1121 2324.8142 2317.2349 2458.9204 2361.1536 2349.6589 2308.9016 2315.3315 2302.2407 2295.2046 2302.0818 2289.2288 2304.2476 2303.1086 2312.9041 2307.9504 2309.0823 2317.3398 2297.9058 2317.1294 2324.8948 2330.6367 2325.1333 2337.1082 2362.1841 2368.9172 2394.3767 2384.9563 2389.7751 2400.2295 2388.8823 2415.7007 2418.7861 2427.7937 2437.7886 2443.0493 2457.3599 2464.593 2475.6465 2494.8945 2502.2952 2517.2903 2530.0986 2539.7261 2557.0581 2565.9009 2427.9895
2428.0112 2434.7163 2416.2783 2408.3369 2402.3652 2412.1118 2418.3682 2426.6963 2420.5469 2416.3047 2408.0945 2394.1699 2380.2686 2366.9858 2376.5542 2394.4622 2387.8596 2346.7117 2335.4758 2356.4248 2346.2502 2348.5745 2357.3098 2343.7744 2341.1184 2347.5674 2363.6162 2355.0488 2358.6565 2356.1418 2360.1033 2370.9849 2366.8652 2372.304 2384.9063 2400.5613 2390.2332 2395.3516 2415.8733 2436.3962 2431.8923 2432.1313 2443.1443 2451.438 2465.3511 2467.0493 2482.0015 2473.7615 2486.8752 2517.2595 2513.7959 2520.6746 2521.3835 2534.5474 2550.2168 2554.2322 2552.6621 2568.3875 2573.167 2561.9966
