Resources/Map/Lvl0_30x30/Ele_FF.asc
ncols         335
nrows         335
xllcorner     -3295000
yllcorner     -10075000
cellsize      10000
nodata_value  -99999.0
[rows 108 to 134 of 335, columns 0 to 60 of 335]
-4473.7769 -4479.9404 -4479.1108 -4471.2417 -4466.6035 -4468.0684 -4472.8584 -4480.0444 -4487.0244 -4492.3042 -4496.7744 -4499.9888 -4502.1045 -4506.0059 -4515.0234 -4528.0459 -4537.7041 -4539.019 -4534.9634 -4529.8086 -4527.0869 -4526.3252 -4529.2817 -4534.5371 -4541.4639 -4548.0386 -4551.7827 -4553.2617 -4553.0796 -4549.8931 -4545.2163 -4539.5806 -4533.4756 -4530.165 -4527.2783 -4525.668 -4521.4448 -4515.3428 -4511.7148 -4512.0884 -4514.814 -4514.1436 -4508.6104 -4501.2358 -4495.4253 -4492.144 -4487.9048 -4483.1938 -4479.4556 -4474.1016 -4469.9937 -4467.6357 -4466.0313 -4463.9658 -4462.3477 -4460.7612 -4459.0034 -4457 -4453.582 -4450.8662 -4451.1436
-4449.1436 -4457.8091 -4466.6411 -4468.5615 -4460.4478 -4456.6592 -4461.3506 -4468.5874 -4474.0098 -4476.5698 -4477.1514 -4477.1616 -4478.2847 -4483.3281 -4494.6289 -4511.2778 -4525.4873 -4531.2295 -4528.7153 -4521.0791 -4516.1172 -4516.5483 -4520.3677 -4522.3765 -4522.2246 -4522.6973 -4524.7939 -4526.2891 -4528.7686 -4524.6714 -4519.561 -4517.8403 -4515.4858 -4512.8901 -4510.2866 -4506.3931 -4498.4966 -4490.7671 -4485.8726 -4485.5562 -4487.7969 -4488.1201 -4484.2222 -4478.9258 -4473.3159 -4468.2109 -4464.3618 -4461.7402 -4460.2114 -4457.7939 -4449.8486 -4439.0054 -4429.6675 -4424.8062 -4426.1421 -4429 -4427.8149 -4423.6411 -4419.0498 -4416.7329 -4417.4746
-4436.5127 -4435.6499 -4440.4707 -4454.5229 -4470.1675 -4470.9355 -4465.4312 -4463.0474 -4462.0186 -4463.0298 -4466.7314 -4472.8208 -4479.3208 -4484.9165 -4490.043 -4496.4844 -4502.2583 -4506.0854 -4508.5894 -4510.7759 -4516.1582 -4521.9756 -4524.4067 -4519.6436 -4511.0078 -4505.0234 -4506.0854 -4510.5332 -4512.1411 -4507.8286 -4502.0366 -4498.0356 -4491.8281 -4487.4014 -4485.3066 -4484.9385 -4479.6899 -4471.645 -4465.5356 -4459.8335 -4455.7002 -4453.0894 -4451.9028 -4452.2041 -4451.0239 -4446.2983 -4437.5518 -4428.2178 -4421.1841 -4417.0264 -4411.6338 -4404.3892 -4396.3853 -4391.5747 -4392.8691 -4396.042 -4393.6519 -4389.043 -4387.9663 -4390.1963 -4393.543
-4403.5674 -4405.3159 -4415.0542 -4432.6694 -4454.6914 -4469.6895 -4472.9141 -4467.6074 -4462.438 -4459.8135 -4459.3159 -4461.5396 -4466.1812 -4471.8047 -4477.6396 -4482.9912 -4485.7324 -4485.6899 -4486.4644 -4491.0747 -4498.9067 -4503.6035 -4501.6123 -4493.7788 -4483.6221 -4479.6392 -4480.4136 -4480.5371 -4475.1709 -4467.168 -4460.8052 -4461.3555 -4456.7319 -4447.1104 -4443.355 -4446.6924 -4447.9053 -4444.5308 -4442.8525 -4446.6558 -4449.3174 -4447.2227 -4442.7686 -4436.1367 -4425.0938 -4410.3931 -4396.5234 -4384.4839 -4378.4868 -4376.2158 -4364.5034 -4355.8213 -4356.7061 -4365.1943 -4380.2749 -4392.0308 -4392.397 -4387.791 -4387.1074 -4389.0898 -4386.8511
-4402.7588 -4395.4922 -4405.0508 -4419.3052 -4433.4902 -4444.5952 -4453.4893 -4460.6636 -4457.8794 -4447.667 -4440.9951 -4438.2139 -4440.1953 -4448.8169 -4463.8267 -4479.4194 -4487.2017 -4485.8086 -4480.7163 -4478.0796 -4478.3105 -4476.0552 -4470.7813 -4468.4272 -4470.2432 -4473.2031 -4469.4009 -4456.0596 -4442.0444 -4437.876 -4442.936 -4453.6475 -4458.1182 -4446.7676 -4429.8423 -4420.1821 -4411.4434 -4410.4814 -4413.7905 -4419.5918 -4418.8003 -4403.7715 -4388.1963 -4377.6733 -4370.6318 -4363.8638 -4361.1997 -4360.063 -4359.3032 -4354.7808 -4337.4727 -4319.6602 -4318.5 -4335.4556 -4361.543 -4380.021 -4385.0273 -4384.4624 -4390.4907 -4403.5005 -4410.4087
-4444.2568 -4442.1006 -4438.7603 -4430.8027 -4421.1611 -4417.2363 -4424.4966 -4442.3828 -4456.7671 -4456.9165 -4450.5264 -4443.6279 -4439.7783 -4443.7979 -4455.5518 -4469.2661 -4476.0396 -4471.8242 -4457.8838 -4440.1606 -4426.3193 -4416.2759 -4409.8613 -4411.708 -4423.7549 -4444.4224 -4455.0708 -4445.3354 -4424.6514 -4412.2241 -4410.3364 -4414.0488 -4413.8325 -4405.2617 -4393.207 -4388.3062 -4386.0562 -4366.9292 -4363.2334 -4365.2637 -4366.1382 -4354.4028 -4334.5513 -4322.0078 -4316.8442 -4319.3545 -4327.3389 -4330.8296 -4322.8296 -4308.8032 -4296.9512 -4292.0991 -4286.7847 -4285.9746 -4308.937 -4342.6953 -4359.2119 -4365.5449 -4380.1372 -4408.4565 -4430.9072
-4396.856 -4403.229 -4418.8032 -4428.6274 -4427.0923 -4420.2783 -4420.1011 -4430.1372 -4441.4438 -4446.1318 -4448.3491 -4446.8945 -4433.2065 -4416.2246 -4407.3311 -4411.2075 -4424.4512 -4439.0269 -4445.3335 -4438.6592 -4424.7754 -4407.6992 -4393.4692 -4390.7744 -4400.1851 -4418.9409 -4443.6948 -4433.0664 -4405.2852 -4392.1235 -4382.1367 -4370.668 -4360.0176 -4355.0024 -4358.2632 -4366.2012 -4369.1699 -4358.333 -4348.3979 -4344.3032 -4346.3608 -4338.4468 -4314.6787 -4304.5635 -4310.0469 -4306.9731 -4295.6758 -4278.689 -4272.2119 -4279.4663 -4293.1528 -4310.001 -4324.436 -4333.9507 -4346.2129 -4353.3638 -4350.6372 -4355.7061 -4368.2524 -4387.168 -4403.3608
-4333.4526 -4332.5034 -4344.0063 -4368.5757 -4392.4248 -4393.5762 -4380.7559 -4376.625 -4379.1436 -4382.875 -4389.3496 -4397.6558 -4393.6396 -4373.2891 -4354.4419 -4347.459 -4353.7925 -4371.4126 -4394.103 -4407.1523 -4401.5708 -4379.5586 -4357.4351 -4346.2939 -4345.6421 -4348.1606 -4349.8711 -4355.8022 -4362.7959 -4349.478 -4327.5249 -4309.2935 -4298.3052 -4297.2881 -4301.5586 -4309.2588 -4320.8408 -4303.7061 -4284.9653 -4279.9438 -4276.6323 -4272.1079 -4272.6294 -4287.6865 -4310.0425 -4316.4697 -4290.2983 -4263.6924 -4264.3647 -4276.7412 -4298.6768 -4318.7739 -4326.8291 -4325.9702 -4327.8408 -4333.1958 -4338.3315 -4342.0767 -4341.0488 -4339.5625 -4342.9126
-4365.8472 -4346.752 -4325.021 -4319.5967 -4333.3911 -4352.2427 -4360.0317 -4353.0146 -4346.4341 -4343.2642 -4342.1602 -4345.9346 -4353.3311 -4351.8018 -4338.7739 -4327.3325 -4324.6138 -4330.0234 -4338.3989 -4339.2388 -4328.1533 -4310.6846 -4296.4849 -4288.4331 -4284.8325 -4281.4326 -4279.7114 -4287.3027 -4310.6816 -4316.9058 -4308.2104 -4293.8115 -4276.5728 -4263.7822 -4256.958 -4254.6216 -4269.2583 -4251.2993 -4240.9678 -4243.7646 -4244.7046 -4242.7783 -4239.7778 -4245.5991 -4264.3267 -4280.4609 -4270.2109 -4246.5078 -4229.4976 -4236.7778 -4258.6479 -4274.4365 -4277.1094 -4275.3501 -4283.7808 -4302.8013 -4317.8994 -4318.4111 -4301.5811 -4283.0684 -4273.188
-4319.4702 -4330.4331 -4327.1787 -4319.896 -4311.5532 -4309.2515 -4317.5703 -4324.6738 -4317.3101 -4306.5508 -4299.7402 -4297.2041 -4300.3911 -4306.0195 -4308.3345 -4313.7134 -4314.7793 -4302.1011 -4283.708 -4267.2622 -4254.4512 -4246.5171 -4245.2656 -4246.3691 -4245.0273 -4243.5244 -4246.1519 -4257.4243 -4278.8838 -4295.2188 -4300.2646 -4285.8452 -4259.8481 -4235.312 -4219.5723 -4211.0732 -4211.1934 -4198.3145 -4185.6899 -4176.9629 -4168.8384 -4160.8042 -4157.0938 -4165.0337 -4173.1123 -4179.1255 -4201.6714 -4216.48 -4199.8071 -4190.1826 -4193.0039 -4197.1812 -4202.2427 -4218.7876 -4244.5938 -4273.1826 -4299.4053 -4312.3745 -4307.9561 -4296.7949 -4292.5313
-4237.8501 -4261.9814 -4288.4473 -4296.9121 -4280.6934 -4267.9419 -4266.4321 -4271.6201 -4274.3521 -4273.4658 -4267.6899 -4252.9468 -4237.6001 -4226.3545 -4218.8579 -4220.7271 -4230.2344 -4235.2456 -4238.8364 -4242.1895 -4232.8521 -4215.5347 -4201.6865 -4191.6787 -4181.4453 -4176.8887 -4179.6152 -4192.0903 -4212.5244 -4233.6543 -4245.5396 -4240.1543 -4234.186 -4231.1416 -4230.7661 -4222.2905 -4203.1104 -4178.2163 -4148.4575 -4125.4126 -4115.0859 -4117.291 -4125.1724 -4131.6904 -4135.6685 -4142.5894 -4157.6704 -4184.0337 -4205.1006 -4210.2734 -4214.1973 -4226.9648 -4247.1279 -4268.4937 -4285.8442 -4304.396 -4328.9429 -4356.4619 -4376.8008 -4382.4761 -4375.9824
-4290.0654 -4260.1636 -4231.0483 -4225.5415 -4229.8052 -4227.3564 -4228.686 -4217.4321 -4198.1597 -4189.1372 -4201.502 -4212.6714 -4207.3706 -4197.4233 -4188.4468 -4186.7046 -4192.6147 -4196.5737 -4191.1299 -4184.9189 -4175.6753 -4165.396 -4163.5146 -4164.8364 -4163.9512 -4161.2051 -4163.9009 -4175.6426 -4194.2368 -4212.9282 -4231.8516 -4241.1235 -4231.5288 -4201.4536 -4185.7178 -4185.2231 -4182.4985 -4165.3682 -4144.9141 -4132.9956 -4139.4561 -4150.5762 -4131.9346 -4095.813 -4079.1172 -4068.0403 -4105.4575 -4171.7266 -4207.52 -4226.189 -4240.0547 -4287.46 -4341.5532 -4380.666 -4404.8564 -4414.6382 -4415.1694 -4411.4546 -4404.9297 -4394.5474 -4377.8374
-4213.5146 -4196.4072 -4173.7529 -4167.9644 -4181.9712 -4199.8066 -4216.4155 -4212.5728 -4185.7793 -4157.9424 -4149.5508 -4157.2617 -4160.0142 -4152.6724 -4148.8809 -4153.1724 -4156.1982 -4151.4937 -4139.0107 -4127.1953 -4119.6787 -4117.5581 -4121.0732 -4120.9585 -4113.7017 -4104.7236 -4103.0835 -4110.8271 -4122.8511 -4132.7461 -4141.4019 -4151.4463 -4143.4482 -4120.269 -4098.9219 -4087.4146 -4091.751 -4084.8762 -4100.7524 -4114.6313 -4130.8804 -4130.0205 -4098.7197 -4074.2595 -4089.2119 -4137.8809 -4205.3315 -4264.4917 -4299.9634 -4300.2754 -4257.6001 -4249.8672 -4295.835 -4325.7354 -4351.8325 -4379.4521 -4396.6831 -4397.5474 -4384.708 -4362.8979 -4336.9512
-4114.626 -4104.6011 -4096.9961 -4096.7129 -4103.9429 -4112.5371 -4118.2949 -4120.8843 -4123.4346 -4124.4849 -4120.9629 -4119.895 -4123.9775 -4120.457 -4112.6167 -4115.6543 -4120.0137 -4111.7017 -4095.4939 -4080.8264 -4071.0222 -4065.0334 -4070.196 -4075.5439 -4078.7278 -4070.5659 -4042.3474 -4032.6655 -4038.0376 -4042.5833 -4044.0178 -4055.2922 -4051.2695 -4039.1907 -4036.6973 -4043.583 -4048.6438 -4055.2 -4100.106 -4145.5884 -4168.8916 -4161.8506 -4146.4263 -4151.6211 -4183.1343 -4225.6729 -4258.5283 -4255.7061 -4212.7373 -4139.8652 -4054.1777 -3977.2446 -3935.0459 -3943.0112 -3984.4958 -4050.8904 -4134.6777 -4222.585 -4302.5215 -4361.3208 -4384.8555
-4064.4775 -4051.7634 -4043.5315 -4038.9438 -4039.5579 -4044.0371 -4047.8098 -4047.8928 -4042.9668 -4045.5718 -4071.6602 -4101.562 -4120.4312 -4124.5781 -4108.5171 -4074.0178 -4064.0896 -4076.9294 -4074.8096 -4065.7173 -4065.9048 -4079.9143 -4105.4961 -4142.1436 -4155.3867 -4115.1558 -4032.0413 -3996.0786 -4008.6138 -4039.2947 -4062.658 -4066.4282 -4055.2419 -4045.1694 -4050.0381 -4070.6509 -4060.2913 -4053.3218 -4121.5176 -4156.4297 -4165.4888 -4151.2822 -4130.7837 -4118.8672 -4130.9834 -4144.8784 -4133.313 -4084.8762 -3993.3987 -3880.9702 -3784.3459 -3718.0464 -3682.8127 -3683.6074 -3716.1445 -3767.6162 -3837.0098 -3927.2075 -4037.1995 -4156.4287 -4235.7788
-3962.6333 -3972.8147 -3973.3372 -3965.7854 -3961.0925 -3968.1514 -3989.7966 -4015.886 -4021.2214 -3995.3674 -3992.4167 -4026.1145 -4044.4465 -4052.2693 -4058.2424 -4057.5725 -4051.1108 -4059.5828 -4068.4785 -4072.5786 -4079.0718 -4086.481 -4095.3635 -4102.8984 -4104.1499 -4096.2583 -4061.686 -4031.5825 -4021.0642 -4021.7991 -4022.5708 -4021.9316 -4025.1775 -4038.2571 -4052.6123 -4056.5964 -4041.624 -4027.0703 -4051.3054 -4070.4429 -4087.7805 -4103.4087 -4108.1689 -4107.8213 -4111.7456 -4105.8828 -4089.21 -4060.8254 -4013.7314 -3943.5063 -3860.6787 -3783.8149 -3723.7017 -3689.3616 -3699.7429 -3753.0171 -3817.8887 -3892.8032 -3982.0403 -4065.9043 -4128.2466
-3857.5122 -3878.1633 -3899.0671 -3910.126 -3908.5808 -3904.0515 -3904.6289 -3915.0112 -3929.3699 -3945.1687 -3968.6121 -3994.6121 -4010.6609 -4024.575 -4042.6296 -4060.6443 -4080.4143 -4100.1147 -4095.5085 -4079.6702 -4064.3618 -4047.1672 -4031.595 -4025.6663 -4036.9224 -4065.2253 -4073.5217 -4042.0649 -3995.9319 -3961.6211 -3948.0923 -3954.0527 -3971.2532 -3991.6343 -4008.0247 -4020.9146 -4019.876 -4010.0273 -4038.9397 -4057.5847 -4074.6575 -4088.9136 -4095.1904 -4098.8501 -4096.8306 -4088.4348 -4081.666 -4076.2563 -4065.6133 -4040.1472 -3996.99 -3951.8154 -3922.7134 -3894.9036 -3854.095 -3867.7878 -3950.3372 -4037.7212 -4098.7588 -4131.8706 -4155.0962
-3793.145 -3803.3047 -3815.3843 -3823.5964 -3826.0977 -3826.5889 -3829.0632 -3842.3464 -3881.8389 -3957.7529 -4043.5544 -4066.4924 -4041.5706 -4036.998 -4054.209 -4077.9529 -4095.6045 -4101.6465 -4097.2905 -4079.3982 -4045.9841 -4002.8213 -3961.9521 -3938.2439 -3948.9548 -4007.7019 -4047.9165 -4012.019 -3941.7561 -3894.7368 -3880.5349 -3893.4648 -3918.2808 -3938.8823 -3953.1882 -3963.9246 -3972.3015 -3975.1418 -4010.0857 -4052.7156 -4084.0764 -4104.0083 -4119.8926 -4134.3887 -4149.6475 -4167.7256 -4187.7261 -4203.3115 -4208.1187 -4198.2681 -4166.2153 -4120.4067 -4073.5718 -3995.2144 -3892.0813 -3860.5347 -3936.0049 -4038.5168 -4105.8501 -4135.2178 -4143.7422
-3758.8162 -3772.6665 -3794.115 -3816.7803 -3835.3074 -3847.5334 -3855.1165 -3863.7632 -3888.5706 -3940.6089 -4006.5122 -4027.4268 -3999.5537 -3980.2939 -3981.1113 -4000.5884 -4032.696 -4065.3435 -4083.6545 -4063.1179 -4019.7388 -3971.9895 -3929.4756 -3899.2336 -3893.4658 -3947.3274 -4011.3711 -4000.6638 -3933.5276 -3896.2878 -3888.3201 -3898.0073 -3908.4231 -3914 -3913.5332 -3919.6465 -3935.2402 -3947.2964 -3985.3416 -4024.791 -4048.4722 -4070.4988 -4095.9951 -4121.7734 -4136.9541 -4138.3936 -4134.3462 -4130.0493 -4128.1538 -4123.1323 -4115.915 -4115.1846 -4107.6328 -4056.9104 -3968.1038 -3903.5928 -3915.9937 -3995.3682 -4077.9414 -4125.7412 -4139.3701
-3809.7385 -3841.5037 -3868.7712 -3883.5776 -3881.5183 -3870.6516 -3861.4751 -3863.5024 -3882.7161 -3924.5371 -3989.2925 -4028.3555 -4017.4741 -4000.8005 -3995.1082 -3997.8379 -4007.8235 -4027.8132 -4052.3083 -4012.385 -3942.3054 -3892.696 -3869.3911 -3864.2903 -3876.0344 -3923.9976 -3983.2922 -3992.23 -3950.0466 -3917.1238 -3899.6497 -3888.3088 -3879.0835 -3867.4673 -3862.644 -3875.6689 -3893.9924 -3911.8784 -3937.533 -3967.8271 -3990.3154 -4000.5469 -4013.7271 -4032.1516 -4042.1858 -4038.7036 -4036.002 -4042.4697 -4057.926 -4080.25 -4117.7183 -4147.2817 -4152.1567 -4121.4536 -4063.8176 -3999.3462 -3963.1914 -3977.1875 -4019.1382 -4066.8564 -4100.8779
-3953.5635 -3981.8884 -3992.2588 -3986.0378 -3967.3604 -3949.5017 -3940.7129 -3946.9182 -3966.5481 -3995.7378 -4027.7263 -4029.6094 -3989.1492 -3951.99 -3938.4568 -3936.5479 -3939.8374 -3957.7065 -4009.6875 -4008.9956 -3952.5444 -3907.408 -3883.8022 -3874.5854 -3878.8345 -3907.9353 -3958.3613 -3972.1008 -3961.6184 -3941.342 -3914.5559 -3891.4983 -3866.9678 -3850.5393 -3857.876 -3870.2512 -3875.0742 -3871.093 -3872.1462 -3863.2981 -3852.0625 -3843.8276 -3857.5068 -3889.9341 -3928.1606 -3960.4497 -3986.5796 -4006.6819 -4026.8279 -4040.9666 -4064.7856 -4087.0769 -4096.2412 -4082.0652 -4040.1523 -3965.6482 -3879.4185 -3833.1477 -3854.0603 -3921.7375 -3986.3674
-4014.9492 -4019.3975 -4024.2161 -4031.7375 -4042.5471 -4058.3206 -4079.3916 -4104.6279 -4126.1694 -4135.0391 -4120.0527 -4083.145 -4050.4866 -4028.135 -4008.2524 -3988.6313 -3965.3096 -3950.7974 -3981.9014 -3991.4539 -3946.2825 -3915.2305 -3914.0776 -3929.0618 -3949.4832 -3960.3875 -3955.3774 -3944.51 -3934.5854 -3916.1262 -3893.1152 -3878.4153 -3853.3501 -3832.0354 -3846.4602 -3877.7712 -3896.2644 -3892.3152 -3857.1526 -3819.3755 -3790.7327 -3759.3557 -3737.6907 -3745.022 -3790.1768 -3856.4993 -3912.0808 -3935.2866 -3946.9041 -3953.8301 -3954.8745 -3953.8938 -3953.3337 -3952.6367 -3933.1526 -3859.1785 -3750.5459 -3673.1265 -3660.5959 -3719.207 -3816.7795
-3988.2783 -3997.3608 -4021.3774 -4059.4578 -4105.2661 -4148.1958 -4174.0703 -4175.2749 -4156.1899 -4126.6328 -4093.9187 -4060.533 -4036.3069 -4015.6738 -3984.0562 -3941.0745 -3902.4033 -3890.8599 -3927.9136 -3973.6377 -3956.9946 -3934.9465 -3942.6978 -3952.7795 -3946.509 -3936.5867 -3928.572 -3916.9604 -3890.7012 -3865.0085 -3850.668 -3853.9624 -3864.1096 -3848.887 -3848.0798 -3907.2129 -3931.5264 -3917.9692 -3856.7458 -3802.1514 -3809.624 -3807.469 -3796.3186 -3800.113 -3817.1799 -3839.4109 -3857.6274 -3870.2542 -3887.0076 -3900.9048 -3904.3901 -3896.8669 -3878.9004 -3865.8835 -3854.6528 -3833.249 -3810.7568 -3795.7817 -3801.3125 -3840.0952 -3891.5271
-4034.4607 -4042.9343 -4033.2354 -4043.2612 -4095.7646 -4163.1641 -4199.2783 -4178.7432 -4122.7271 -4071.75 -4048.2705 -4035.2285 -4029.5803 -4031.8643 -4000.8193 -3934.1042 -3874.8623 -3848.7268 -3872.7837 -3936.3564 -3938.6702 -3923.1177 -3935.5754 -3948.2922 -3948.1831 -3949.3062 -3941.5564 -3910.0376 -3859.9395 -3805.1743 -3769.4778 -3768.6448 -3792.0527 -3803.2183 -3800.2815 -3851.7632 -3875.1072 -3869.7053 -3819.783 -3748.7224 -3746.8367 -3761.7874 -3771.3677 -3786.9172 -3802.7966 -3813.4792 -3824.8801 -3843.3416 -3865.1702 -3880.0327 -3883.2593 -3879.8586 -3857.5142 -3839.8132 -3840.6794 -3861.1272 -3903.3992 -3949.2075 -3984.375 -4010.0469 -4028.0632
-4021.553 -4011.4626 -3970.6184 -3956.8706 -3995.2205 -4044.0378 -4049.1382 -3990.9851 -3909.1328 -3870.0735 -3902.8391 -3959.1497 -4025.7131 -4101.4219 -4111.6416 -4052.5266 -3982.9548 -3932.458 -3913.1147 -3937.2036 -3955.7241 -3956.5813 -3952.7905 -3947.3904 -3940.1421 -3926.2961 -3901.8486 -3873.9712 -3840.7205 -3821.2168 -3806.7378 -3785.3501 -3756.2856 -3731.1738 -3708.093 -3688.1628 -3689.7542 -3700.4299 -3694.0845 -3668.2239 -3654.1934 -3660.4758 -3679.0388 -3707.8743 -3737.3289 -3758.5891 -3777.0813 -3792.4531 -3792.7876 -3783.3054 -3778.998 -3785.8042 -3803.2634 -3854.8801 -3913.1621 -3960.8369 -3993.2483 -4009.5012 -4012.6179 -3998.8479 -3975.3601
-3973.1416 -3973.792 -3955.5632 -3949.2412 -3965.7183 -3983.9658 -3980.7234 -3935.6907 -3853.3291 -3764.2134 -3722.144 -3768.3223 -3898.9163 -3999.3477 -4020.4187 -4012.8308 -3989.8213 -3962.7573 -3942.6409 -3933.4695 -3938.2913 -3940.3379 -3933.554 -3909.2813 -3878.282 -3856.2813 -3844.6973 -3843.6533 -3823.1616 -3806.658 -3783.573 -3756.054 -3722.708 -3689.7068 -3664.4839 -3650.3403 -3656.3274 -3663.3943 -3642.9014 -3617.5288 -3584.3298 -3581.3228 -3615.1558 -3665.9097 -3716.0957 -3755.6023 -3785.259 -3800.2961 -3804.345 -3804.3069 -3806.6182 -3812.5391 -3835.0723 -3885.0608 -3918.8206 -3938.3359 -3949.8833 -3957.1692 -3965.2224 -3959.6047 -3942.1333
-3907.689 -3929.1838 -3928.5171 -3911.9326 -3897.3826 -3878.4648 -3858.7732 -3831.582 -3778.9207 -3698.3555 -3633.6553 -3659.1633 -3810.9922 -3937.7686 -3966.1514 -3985.4104 -3999.8027 -3988.9087 -3954.9133 -3926.9307 -3916.186 -3913.6099 -3911.4045 -3886.5056 -3856.2131 -3847.2839 -3855.1082 -3858.0759 -3829.345 -3800.4163 -3780.7791 -3760.1501 -3714.2493 -3657.8052 -3615.3064 -3601.4031 -3590.1975 -3582.6414 -3580.5637 -3567.8525 -3542.3328 -3555.1284 -3565.6726 -3571.6748 -3583.7256 -3620.8477 -3687.4053 -3765.2988 -3840.1357 -3893.104 -3902.5056 -3898.3035 -3906.3665 -3910.3755 -3889.9487 -3885.4084 -3903.3738 -3931.5713 -3971.1865 -3980.0339 -3948.2185
