Resources/Map/Lvl0_30x30/Ele_DC.asc
ncols         335
nrows         335
xllcorner     -13345000
yllcorner     -3375000
cellsize      10000
nodata_value  -99999.0
[rows 100 to 124 of 335, columns 0 to 56 of 335]
-4417.7412 -4265.3633 -4290.7065 -4178.4712 -4147.7241 -4031.1042 -4051.0254 -4209.0454 -4393.7471 -4452.3418 -4435.0259 -4491.6123 -4464.4507 -4402.2246 -4374.1621 -4393.7354 -4452.7861 -4471.3926 -4452.999 -4455.0142 -4437.0444 -4355.6328 -4281.3584 -4282.2256 -4328.0356 -4357.4526 -4376.1895 -4364.0996 -4321.1479 -4158.1553 -4110.041 -4057.969 -4058.1777 -4368.8726 -4528.7451 -4186.4897 -3940.3293 -3881.2542 -3905.8064 -4021.2339 -3971.8286 -3982.4924 -3984.1763 -4011.3135 -4055.6218 -4033.2461 -3971.4756 -3884.0989 -3899.4177 -3725.627 -3567.6736 -3615.2695 -3692.7441 -3759.8965 -3790.9924 -3840.5032 -3791.4482
-4645.5269 -4485.5698 -4436.1606 -4378.4971 -4254.1626 -4177.3228 -4086.4575 -4112.7202 -4308.2871 -4365.3145 -4291.4619 -4326.6104 -4464.3242 -4519.3711 -4448.6348 -4437.4912 -4480.6875 -4446.6152 -4449.8296 -4487.2827 -4428.9585 -4380.3828 -4338.9023 -4333.0034 -4359.439 -4410.7012 -4474.0933 -4494.9722 -4284.1025 -3968.4548 -3891.0762 -4116.5908 -4423.6719 -4575.0005 -4432.8574 -4241.7285 -4036.5222 -3915.2063 -3874.1814 -4001.2483 -4005.8035 -3993.8496 -4003.0354 -4025.937 -4051.8074 -4095.4966 -4045.8516 -3885.6238 -3880.2805 -3798.8591 -3672.3083 -3638.1294 -3628.896 -3756.2529 -3931.2925 -3783.6716 -3588.5823
-4539.7588 -4404.1665 -4305.7598 -4290.9517 -4210.6392 -4242.5547 -4255.3247 -4234.853 -4339.5703 -4444.0552 -4417.2764 -4362.8291 -4441.2095 -4507.0063 -4459.4082 -4426.1167 -4439.6113 -4429.5825 -4418.7837 -4442.2427 -4403.2383 -4411.6089 -4424.8604 -4363.6475 -4297.4194 -4344.625 -4501.604 -4465.543 -4189.9526 -4060.6907 -4215.7734 -4474.9214 -4586.3301 -4389.8267 -4142.5771 -4023.2007 -4012.5903 -4030.3118 -4004.0754 -4103.6577 -4095.1355 -4162.7036 -4204.3955 -4093.0269 -4097.7402 -4154.9526 -4167.8794 -4089.4797 -4017.5425 -4019.9971 -3963.9458 -3902.5938 -3851.3767 -4007.8066 -4081.2686 -3828.3257 -3859.9626
-4273.7808 -4242.4604 -4245.4819 -4283.5371 -4321.7251 -4297.8916 -4221.1533 -4213.4424 -4259.5269 -4413.7476 -4487.9648 -4382.165 -4376.0537 -4437.5396 -4434.5762 -4445.1909 -4447.1021 -4433.3433 -4375.9272 -4363.2974 -4380.2046 -4426.645 -4470.2451 -4397.4956 -4260.1138 -4279.4106 -4384.293 -4266.0186 -4120.0425 -4255.4121 -4519.0225 -4529.3755 -4364.2993 -4099.7271 -3909.3093 -3796.7166 -3960.5886 -4063.2126 -4107.3828 -4051.9861 -3973.9673 -4184.4399 -4161.2134 -4013.8245 -4071.0205 -4178.5249 -4248.4927 -4260.438 -4162.2236 -4114.7368 -4169.7344 -4262.0835 -4320.3877 -4291.5444 -3950.1006 -3610.1514 -3921.3511
-4057.8975 -4123.0591 -4228.9766 -4239.6631 -4258.4624 -4260.0815 -4251.1533 -4222.6309 -4170.1177 -4235.4004 -4306.1426 -4299.687 -4334.1147 -4345.5747 -4335.5615 -4368.186 -4393.166 -4362.9004 -4295.3301 -4319.7749 -4370.6543 -4403.5215 -4416.6821 -4353.5767 -4233.4302 -4228.4824 -4260.9639 -4194.9663 -4123.2324 -4254.9136 -4405.2891 -4315.7236 -4198.7544 -3990.3362 -3753.8308 -3627.3081 -3886.177 -4031.3293 -4058.3804 -3901.1348 -3804.2363 -4003.8296 -3884.292 -3885.0972 -3979.1738 -4085.7996 -4135.1958 -4121.2173 -3985.5862 -3953.7786 -4041.5313 -4188.5669 -4354.1826 -4144.4917 -3767.0151 -3696.3533 -3995.3462
-4080.7686 -4211.2754 -4299.2739 -4242.1357 -4222.043 -4129.3242 -4247.8794 -4259.0195 -4177.9551 -4265.4976 -4318.0688 -4347.7319 -4355.2075 -4271.0293 -4230.2896 -4263.7026 -4313.8096 -4307.9238 -4249.4106 -4278.9824 -4333.0786 -4401.3423 -4415.1177 -4322.1357 -4265.8726 -4224.604 -4195.0625 -4256.416 -4192.3115 -4070.2263 -4058.9517 -4027.8879 -4039.5156 -3956.397 -3862.6875 -3773.915 -3866.7122 -3870.8281 -3855.4629 -3908.561 -3881.0911 -3987.5935 -4073.2605 -4042.1792 -3868.5513 -3855.2148 -3813.5044 -3799.9141 -3750.0308 -3785.9609 -3823.4465 -3816.5527 -3802.0623 -3674.7363 -3853.2571 -3959.4319 -3935.178
-4204.9531 -4308.1943 -4259.3721 -4167.5962 -4268.4775 -4187.3911 -4323.7627 -4329.6333 -4218.4209 -4291.0405 -4318.2622 -4253.6309 -4252.8335 -4264.5986 -4244.5254 -4218.2417 -4207.3926 -4235.5991 -4225.0815 -4227.1201 -4312.5234 -4393.0288 -4318.1719 -4197.8579 -4257.1997 -4323.126 -4395.8091 -4413.71 -4397.5679 -4281.0249 -4015.4097 -3903.2366 -3889.355 -3906.0247 -3884.3164 -3841.3127 -3828.4258 -3821.46 -3834.3679 -3848.8757 -3831.3018 -4018.2593 -4251.3408 -4121.8057 -4094.8267 -4229.8867 -4121.0605 -4055.1538 -3890.9641 -3693.0254 -3581.386 -3587.9299 -3649.1108 -3721.0276 -3973.5461 -4066.3167 -3866.9785
-4124.7183 -4121.0288 -4126.1504 -4197.272 -4426.498 -4358.708 -4389.144 -4394.1475 -4287.4443 -4320.1602 -4276.7368 -4108.0181 -4091.9111 -4171.3691 -4204.1279 -4177.7031 -4097.834 -4110.498 -4173.022 -4237.4302 -4345.4873 -4358.873 -4236.6001 -4177.355 -4318.8076 -4426.2866 -4480.4272 -4328.9438 -4292.6265 -4196.8335 -3975.0273 -3964.8364 -4003.9268 -4039.9121 -3945.7998 -3947.1067 -3923.2261 -3957.5549 -3994.1821 -3890.7844 -3904.4829 -4153.9004 -4394.061 -4412.6113 -4226.4209 -4132.9761 -4256.48 -4259.498 -4152.4175 -4104.064 -3860.7087 -3564.6509 -3574.2805 -3599.5591 -3768.2212 -3951.1353 -3759.7124
-4097.1885 -4175.4502 -4254.3965 -4338.9971 -4366.4512 -4088.4688 -4221.1362 -4382.2764 -4254.4868 -4305.9316 -4331.0107 -4253.8223 -4268.1782 -4235.8481 -4161.5586 -4163.0449 -4123.8467 -4082.0076 -4175.106 -4277.8794 -4284.9692 -4202.9893 -4137.6807 -4252.7583 -4441.0898 -4434.8677 -4305.7246 -4188.8931 -4160.0171 -4062.0217 -3983.3174 -4001.2646 -4012.3958 -4016.5066 -4032.6531 -4044.1335 -4007.7664 -4040.2612 -4082.9897 -3975.5996 -3912.8223 -4134.1323 -4393.7988 -4491.3438 -4004.418 -3692.709 -3950.4644 -3979.0005 -4005.2412 -4546.2798 -4554.8062 -4121.8677 -3904.2822 -3554.4604 -3729.4507 -3857.2114 -3680.1731
-4178.9028 -4320.7188 -4327.9102 -4331.25 -4206.542 -3934.3293 -4200.1216 -4357.8247 -4254.3516 -4284.8613 -4288.2261 -4206.2188 -4228.8335 -4286.5522 -4217.731 -4215.5405 -4253.1587 -4211.6357 -4184.2437 -4209.5698 -4204.3262 -4104.1621 -4125.8193 -4284.7773 -4332.897 -4245.3032 -4148.7554 -4094.7688 -4029.1555 -4068.9731 -4118.3911 -4039.8916 -4019.4194 -3891.4788 -3976.76 -4036.9292 -3966.2598 -4030.0447 -4069.0557 -3976.8157 -3949.5432 -4071.8372 -4248.4453 -4233.853 -3980.627 -3874.8228 -3896.4109 -3758.7031 -3758.8806 -4260.1221 -4303.9604 -4160.8535 -4078.1548 -3784.2478 -3781.6091 -3715.6174 -3556.0176
-4132.0752 -4204.1284 -4360.6162 -4333.2729 -4080.3037 -4153.8335 -4334.2949 -4247.2964 -4219.1118 -4229.2632 -4246.0674 -4234.8027 -4165.2495 -4190.5068 -4160.6318 -4066.6431 -4157.1851 -4219.3379 -4134.459 -4108.3325 -4137.1934 -4117.7417 -4176.9175 -4211.791 -4124.874 -4066.1465 -4081.1313 -4079.4277 -4000.2886 -3960.8171 -3901.9338 -3857.9976 -3944.6218 -3852.1978 -3964.9641 -4020.8911 -3938.178 -4107.8159 -4137.9429 -4054.7522 -4085.4673 -4036.3364 -4144.1499 -4128.27 -4191.3516 -4032.0251 -3874.7627 -3681.8203 -3643.1689 -3974.5249 -4027.2451 -3957.0227 -3786.1121 -3704.5613 -3721.481 -3586.4937 -3543.1797
-4019.395 -3931.2385 -4084.0579 -4211.6489 -4146.7759 -4273.9658 -4206.5205 -4128.4854 -4193.8501 -4221.6553 -4254.4282 -4266.3779 -4230.9966 -4244.8887 -4207.1035 -4125.4292 -4203.2725 -4238.4624 -4124.5093 -4111.8916 -4135.959 -4127.1323 -4130.252 -4034.9832 -3972.7283 -4000.9001 -4050.0122 -4116.4429 -4033.0891 -3984.4866 -3987.5149 -3976.2046 -3982.1567 -3915.7144 -3953.8411 -3956.259 -3955.6311 -4068.228 -4098.1104 -4012.6208 -4004.6741 -4000.6755 -3966.6526 -3945.0574 -4157.9922 -3963.0413 -3850.3835 -3651.5652 -3715.8159 -3907.0708 -3961.4451 -3887.1523 -3766.5398 -3789.7373 -3685.8545 -3604.5947 -3674.9685
-4044.5574 -4056.4658 -4150.0747 -4222.311 -4303.7856 -4250.2183 -4021.8257 -4090.8462 -4179.4063 -4193.0679 -4214.7241 -4244.7119 -4292.0884 -4358.897 -4366.5337 -4310.8638 -4295.0063 -4254.1221 -4165.1372 -4103.8521 -4056.2632 -4036.3467 -4012.0125 -3983.2949 -3990.4771 -4007.4585 -4064.3264 -4083.7427 -3978.189 -3968.0796 -3984.6538 -3988.5859 -3962.0374 -3866.0024 -3826.8176 -3846.6633 -3895.2236 -3943.2146 -3944.1558 -3921.2664 -3946.1377 -4050.8511 -4093.2859 -4073.146 -4110.0298 -3924.9812 -3779.2288 -3629.6755 -3716.605 -3681.4695 -3775.0247 -3842.9568 -3815.6841 -3815.5771 -3759.5444 -3756.5747 -3828.5308
-3896.7817 -3967.3987 -4125.3359 -4327.7422 -4399.1094 -4225.2788 -3967.2102 -3995.7258 -4059.1453 -4081.894 -4151.0625 -4199.6196 -4256.5967 -4386.814 -4383.6191 -4225.1064 -4192.7324 -4215.9355 -4161.9858 -4057.6694 -3954.2385 -3911.897 -3896.9629 -3966.0784 -4066.0227 -4067.9622 -4071.9688 -4012.2888 -3952.5012 -3979.0291 -3924.8193 -3887.9651 -3909.0083 -3828.0754 -3730.9102 -3843.9875 -3873.0552 -3882.72 -3908.6436 -3919.2695 -3887.5566 -3897.1855 -3958.8203 -4067.7251 -3943.1279 -3874.6531 -3721.761 -3680.717 -3747.8091 -3621.2542 -3645.0737 -3819.8452 -3824.9063 -3781.4875 -3680.7705 -3717.7083 -3865.9688
-4046.8862 -3985.1584 -3957.5696 -4044.3684 -4226.0825 -4165.6108 -3987.552 -3924.2637 -3992.426 -4040.2136 -4145.0098 -4161.937 -4140.2178 -4200.8174 -4200.0073 -4148.3125 -4214.9351 -4242.8613 -4162.2339 -4025.01 -3930.218 -3952.4983 -3944.3167 -4023.7339 -4112.1787 -4071.2217 -4024.6365 -3977.7769 -3954.365 -3976.0112 -3933.7976 -3925.7166 -3893.8416 -3817.6248 -3769.2332 -3937.5625 -3907.0552 -3922.1375 -3903.5923 -3858.6912 -3810.1809 -3782.8433 -3830.8003 -3947.0696 -3802.1543 -3836.751 -3763.3057 -3749.0022 -3788.9216 -3669.9038 -3674.116 -3817.729 -3792.5161 -3702.3142 -3319.9414 -3188.0901 -3500.0513
-3980.0042 -4108.7827 -3885.2273 -3457.2417 -3666.2261 -3990.6387 -4049.7212 -3971.3647 -4030.5864 -4024.2439 -4036.1829 -4066.7939 -4093.0198 -4099.7329 -4177.7021 -4208.1914 -4184.4658 -4171.3442 -4133.3169 -4079.3142 -4074.6672 -4079.6033 -4043.8298 -4096.1558 -4126.1821 -4094.4092 -4035.2695 -4014.6587 -4018.082 -4012.9822 -3954.0605 -3896.5652 -3873.0461 -3850.6526 -3828.4751 -3921.4116 -3891.4597 -3924.8904 -3844.0659 -3766.0308 -3805.0947 -3794.0605 -3823.8376 -3803.3723 -3700.7224 -3781.1182 -3838.1802 -3765.2761 -3767.1958 -3600.7202 -3630.6472 -3771.1541 -3811.2495 -3782.8787 -3558.752 -3432.8347 -3573.6646
-3807.0579 -4061.4316 -4099.3472 -3934.7241 -3815.1331 -3864.2454 -3897.3516 -3961.4424 -4092.0193 -4035.0862 -4009.7151 -4103.5288 -4104.8481 -4122.98 -4210.2764 -4191.8413 -4093.998 -4047.5771 -3976.9021 -3896.2126 -3961.8574 -4059.5073 -4157.0786 -4175.8936 -4119.5762 -4099.9824 -4074.1704 -4061.7625 -3939.0151 -3874.1567 -3883.2026 -3853.468 -3905.3569 -3831.854 -3804.7961 -3897.5144 -3882.1626 -3860.2246 -3865.8132 -3858.5396 -3789.2227 -3834.6416 -3837.8406 -3709.833 -3689.7202 -3864.6965 -3894.6587 -3692.0867 -3612.1099 -3503.3909 -3609.4507 -3762.7549 -3783.0178 -3774.7219 -3709.2905 -3631.0547 -3642.96
-3968.0742 -4082.1953 -4013.1572 -4118.3076 -4153.2349 -3955.0715 -3736.3564 -3852.5989 -4023.9302 -4099.542 -4129.457 -4166.8896 -4145.1567 -4203.4092 -4140.6079 -3986.7224 -3966.9099 -4031.6375 -4019.2192 -3885.7969 -3798.1572 -3861.7546 -4050.2961 -4056.8853 -3887.3005 -3762.0942 -3791.2786 -3935.0649 -3909.1538 -3891.0608 -3959.5659 -3993.988 -3981.9565 -3812.9304 -3774.9797 -3822.9939 -3792.0544 -3793.281 -3865.4951 -3811.6975 -3707.5022 -3818.9893 -3827.0574 -3903.2996 -3942.1418 -3908.8855 -3801.3516 -3610.384 -3447.3484 -3534.4661 -3694.6089 -3715.6484 -3687.6006 -3685.0142 -3559.1128 -3491.8362 -3495.6899
-3908.6287 -3851.5181 -3598.5137 -3652.262 -3917.125 -3969.0178 -3972.6138 -4001.2346 -3972.4907 -4081.1045 -4148.0273 -4223.1372 -4246.5537 -4176.4067 -4037.6125 -3880.6348 -3851.0354 -3987.9695 -4100.7056 -4163.9419 -4137.3491 -4045.4644 -4003.9009 -3978.6875 -3817.697 -3739.5696 -3754.3552 -3891.2734 -3956.301 -3942.1731 -3985.314 -4019.4092 -3932.3193 -3804.3665 -3789.1948 -3766.8882 -3749.5703 -3791.0881 -3755.9014 -3692.1321 -3682.9619 -3879.7222 -3943.231 -4121.8608 -3990.241 -3829.23 -3783.7898 -3697.1172 -3529.5964 -3617.0469 -3670.1982 -3577.0999 -3593.4099 -3596.0396 -3468.55 -3453.9795 -3437.2148
-3893.1096 -3832.9172 -3701.2622 -3713.4993 -3879.104 -3898.6113 -3944.9602 -3949.52 -3945.2502 -4029.9314 -4100.9951 -4187.1836 -4161.9482 -4037.0508 -3930.155 -3880.7832 -3907.4875 -3977.9573 -3976.1152 -3985.6602 -4005.7144 -3932.4692 -3802.2715 -3748.8953 -3692.0127 -3767.105 -3771.5339 -3828.2437 -3874.4202 -3814.9414 -3867.0422 -3898.8933 -3877.3984 -3756.311 -3769.2634 -3776.5425 -3795.7217 -3810.4292 -3696.3196 -3669.5596 -3719.0745 -4020.9692 -4045.3062 -4078.5 -3907.3667 -3788.9897 -3778.5142 -3734.5325 -3643.9431 -3640.9006 -3668.0002 -3612.4712 -3598.4167 -3608.2532 -3553.8438 -3489.5745 -3434.4224
-3889.6174 -3905.407 -3986.9373 -4002.8909 -3977.1487 -3944.2971 -3964.8867 -4004.4172 -4015.4622 -4062.5466 -4126.1367 -4080.967 -3991.5964 -3954.3804 -3887.0342 -3873.3342 -3927.1167 -3967.8545 -3961.1011 -3872.9995 -3841.3452 -3823.7605 -3700.8159 -3579.26 -3548.78 -3625.9158 -3658.6301 -3717.781 -3716.1726 -3671.3691 -3717.679 -3723.9578 -3821.207 -3784.8071 -3756.2317 -3739.2813 -3791.9319 -3867.6428 -3754.7205 -3756.2361 -3878.6904 -4004.4783 -3955.7915 -3924.8657 -3785.3564 -3757.6978 -3777.8694 -3750.0896 -3674.8545 -3634.9358 -3662.2908 -3694.5635 -3690.8577 -3634.2148 -3576.8792 -3552.1873 -3548.731
-3786.8501 -3617.1824 -3660.0703 -3817.0928 -3862.1238 -3908.8562 -3975.0198 -4068.7273 -4127.8169 -4113.2271 -4089.769 -4024.2808 -3963.7449 -3930.7781 -3878.8726 -3880.3774 -3888.0811 -3911.4048 -3891.9968 -3798.1052 -3775.8669 -3848.1482 -3883.4504 -3796.2847 -3704.6172 -3629.0654 -3595.6128 -3637.3323 -3674.7905 -3722.4465 -3711.2202 -3715.7817 -3775.9707 -3822.4839 -3753.699 -3648.8171 -3693.4622 -3840.019 -3777.8372 -3808.614 -3888.5857 -3802.6653 -3819.1765 -3811.7344 -3770.1572 -3761.5647 -3747.2229 -3738.5171 -3669.1079 -3671.1929 -3683.8662 -3673.6272 -3715.1721 -3653.8259 -3596.3882 -3584.2947 -3633.2927
-3898.2388 -3794.6328 -3688.4067 -3673.8794 -3798.4089 -3923.1187 -4046.9641 -4105.4546 -4081.375 -4048.1196 -4023.8188 -4019.7151 -3987.5564 -3915.2598 -3916.5403 -3956.0889 -3935.73 -3906.7671 -3814.4153 -3745.7625 -3793.6113 -3861.8621 -3881.6091 -3774.499 -3665.4604 -3617.4001 -3601.2329 -3622.3264 -3678.0369 -3731.7815 -3749.8801 -3792.2603 -3705.4446 -3729.9321 -3604.7969 -3449.9536 -3570.2163 -3921.3225 -3917.1162 -3831.6902 -3744.6675 -3692.4165 -3700.3081 -3720.844 -3763.0515 -3729.2219 -3648.2617 -3658.7346 -3675.7383 -3695.8848 -3671.9316 -3691.2368 -3736.2761 -3652.8225 -3596.864 -3577.3003 -3619.4993
-4005.7498 -3998.6648 -3919.2346 -3776.759 -3884.8208 -4006.5239 -4067.8625 -4018.6477 -3967.0771 -3993.1677 -4019.0227 -4075.7778 -4036.426 -3945.6321 -3971.2312 -4008.4141 -3962.1843 -3886.79 -3771.542 -3745.6577 -3845.4358 -3873.166 -3862.575 -3777.313 -3647.8928 -3638.7781 -3634.533 -3620.1777 -3662.4243 -3679.8923 -3687.5356 -3706.303 -3543.4519 -3464.387 -3356.4028 -3358.0352 -3643.9744 -3946.2061 -3826.6326 -3730.5208 -3623.6384 -3707.7163 -3691.0027 -3687.9546 -3688.4075 -3656.7202 -3549.626 -3615.2795 -3701.4771 -3659.0852 -3581.385 -3664.804 -3704.8391 -3652.3589 -3619.3706 -3614.0852 -3584.2485
-4035.4104 -3931.6125 -3818.521 -3763.115 -3890.0784 -3982.9507 -3975.1475 -3897.5852 -3909.3755 -3914.8853 -3911.427 -3997.5315 -3894.2502 -3815.0635 -3899.4475 -3970.8604 -3923.8889 -3817.5085 -3774.1711 -3806.9321 -3837.8538 -3735.6006 -3720.0083 -3730.3809 -3630.2012 -3591.2446 -3601.7795 -3617.6094 -3642.2268 -3644.238 -3576.4756 -3565.7446 -3489.4443 -3407.6504 -3442.791 -3609.5452 -3849.3711 -3857.3696 -3788.8 -3750.356 -3668.9629 -3687.4663 -3696.0234 -3644.0994 -3648.9382 -3643.6599 -3543.9966 -3572.3025 -3633.054 -3577.2852 -3515.8613 -3632.3057 -3698.0508 -3632.5068 -3573.1196 -3608.1121 -3567.1023
