Resources/Map/Lvl0_30x30/Ele_DL.asc
ncols         335
nrows         335
xllcorner     16805000
yllcorner     -3375000
cellsize      10000
nodata_value  -99999.0
[rows 104 to 129 of 335, columns 114 to 170 of 335]
-1260.3494 -400.4893 95.3641 193.9616 -255.9742 -1253.9001 -1840.0759 -2113.999 -2083.427 -1845.5994 -3391.627 -4803.4761 -5352.6479 -5275.2959 -4762.2222 -4484.4116 -4695.3042 -4686.7622 -4452.9624 -4237.1978 -3893.0608 -3594.5889 -3564.3708 -3572.1982 -3551.0994 -3542.8608 -3486.6523 -3472.9609 -3407.54 -3164.3706 -3069.4761 -3017.1226 -2963.4387 -3363.7588 -3756.594 -3897.2107 -3866.0068 -3844.2168 -3763.1431 -3740.2075 -3727.2268 -3402.5066 -3190.5701 -3019.1846 -2559.8977 -1977.7838 -1766.1599 -1349.0853 -1058.5076 -1583.4338 -2022.6101 -1917.8892 -1768.1117 -2074.5723 -2372.6641 -2670.5967 -2686.8958
-1357.7007 -1256.7236 -532.2614 -55.2368 -166.9281 -929.2562 -1339.5393 -1263.6506 14 -1221.3121 -3029.3386 -4531.3984 -5328.7109 -5726.3628 -5538.168 -5159.3687 -4902.8096 -4481.6792 -3976.2856 -3657.6233 -3538.2605 -3554.3074 -3615.6819 -3661.3628 -3727.4905 -3621.2188 -3356.9954 -3281.25 -3203.7883 -3137.2446 -3068.4875 -3007.6868 -2903.1555 -3280.8525 -3572.5376 -3553.9216 -3470.7791 -3442.6975 -3312.5369 -3459.3469 -3400.0322 -3112.0303 -2988.9558 -2795.7854 -2445.2195 -2060.0513 -1890.4835 -1675.9728 -1592.6346 -2265.636 -2535.792 -2239.2659 -1896.5028 -1673.7378 -1691.2218 -1755.2098 -1967.8881
-1445.3796 -1481.1858 -1257.4176 -682.223 -545.2366 -873.7104 -1216.6066 -1182.2036 199.2726 -603.4225 -2484.865 -4189.022 -5175.751 -5783.9199 -5905.8574 -5392.3506 -4564.2554 -3850.0896 -3449.5842 -3453.9004 -3552.6775 -3602.9048 -3676.9363 -3823.5964 -3939.0449 -3622.8877 -3230.926 -3105.4014 -3128.5515 -3157.668 -3163.9246 -3159.8892 -3082.1299 -3286.2656 -3283.1375 -3079.6472 -2914.1514 -3112.8931 -3317.2122 -3601.0942 -3662.7749 -3319.2495 -3241.0183 -3050.656 -2576.7605 -2103.4277 -2252.6978 -2480.1292 -2506.7593 -2682.717 -2582.9424 -2068.6726 -1489.2107 -1528.4471 -1164.0382 -1142.1874 -1613.1556
-1827.3153 -1707.286 -1560.1926 -1345.5139 -1270.0819 -1437.7886 -1860.5099 -1928.7443 -1506.7733 -518.5206 -2157.2124 -4102.7588 -5159.8853 -5661.3447 -5747.4292 -5170.4316 -4287.9976 -3609.9106 -3325.4919 -3434.7739 -3559.9719 -3677.0745 -3842.406 -4029.0596 -3904.9524 -3473.1829 -3223.926 -3202.0806 -3183.7412 -3104.6438 -3211.2598 -3341.075 -3209.5261 -3154.9412 -3302.8743 -3294.5193 -3176.7969 -3400.564 -3642.4648 -3835.7305 -3725.594 -3577.6187 -3679.2 -3738.5181 -3370.0989 -2836.3708 -2536.4585 -2206.3535 -1542.9952 -1296.7623 -2059.1929 -1945.6829 -1304.46 -1602.3069 -1271.6165 -1182.2477 -1676.0337
-1762.6942 -1950.3199 -1886.9099 -1860.4613 -1710.5967 -1607.8646 -2141.0269 -2491.1733 -1812.197 -759.0728 -2282.1365 -4493.7114 -5485.771 -5850.8125 -5885.5918 -5355.8267 -4439.415 -3601.3767 -3363.3188 -3509.1855 -3648.4758 -3804.1563 -3947.6738 -4085.5149 -3697.8 -3218.8188 -3202.6025 -3291.8403 -3327.5164 -3363.7065 -3555.3022 -3526.0454 -3187.3794 -3183.0071 -3417.1736 -3569.6016 -3587.7991 -3483.4143 -3624.2285 -3666.0938 -3399.6636 -3335.6299 -3679.917 -3656.001 -3278.0549 -2576.9199 -2142.177 -1806.8943 -1360.5085 -1107.0468 -1210.5781 -1332.8241 -1372.9158 -1395.0508 -1468.7926 -1503.3629 -1654.6823
-1634.7235 -1868.4878 -1958.7151 -1889.3165 -1540.9451 -1069.7802 -1506.5701 -2282.4785 -1420.0192 -836.1011 -2908.8442 -4925.6782 -5570.498 -5854.5635 -5856.248 -5366.7925 -4401.0688 -3429.8647 -3313.8738 -3648.4167 -3712.6199 -3717.3674 -3800.0332 -3860.8237 -3455.3501 -3034.4138 -3096.5115 -3213.4697 -3236.6948 -3371.2415 -3592.1387 -3382.0083 -3071.4023 -3265.4861 -3303.9272 -3313.1399 -3423.4661 -3120.9148 -3186.0076 -3439.1758 -3394.9426 -3353.0925 -2851.4612 -2645.9626 -2521.6687 -2231.2241 -2164.3501 -1981.7241 -1514.9756 -908.8793 -666.6639 -963.0892 -1111.1331 -984.0335 -935.9117 -1139.691 -1221.4095
-1577.4237 -1176.6104 -1211.5698 -1497.567 -1219.1389 -528.9801 -689.8686 -1356.5453 -597.9003 -954.222 -3355.6882 -4861.1172 -5147.4805 -5552.186 -5491.167 -4937.9507 -4002.884 -3167.3091 -3203.0164 -3563.0464 -3624.0483 -3733.2603 -3746.7683 -3620.2847 -3388.9026 -3095.0361 -2976.5107 -3016.5623 -3038.6904 -3184.2417 -3301.6392 -3111.0344 -3009.3562 -3240.8193 -3375.936 -3329.7087 -3408.9016 -3015.3494 -3062.9766 -3225.5007 -3214.2852 -3059.4443 -2178.4375 -1787.368 -2253.321 -2415.0037 -2476.4766 -2430.5876 -1982.384 -1015.4014 -837.3585 -1178.505 -1161.7804 -864.6122 -615.9807 -534.0231 -464.0648
1.913 208.416 155.3713 -468.1317 -836.5065 25 -310.2354 -801.1241 1.0552 -858.6531 -2946.7825 -4097.5112 -4100.1704 -4324.8687 -4363.2632 -3967.5574 -3436.1821 -3074.9141 -3285.4915 -3698.2878 -3870.6216 -3799.73 -3455.2813 -3314.2307 -3312.7744 -3167.5415 -2989.2585 -2927.5205 -2867.1616 -2943.5061 -3011.7065 -2978.9355 -2890.3374 -3130.0955 -3456.5659 -3495.6655 -3566.7361 -3661.28 -3551.9634 -2855.1414 -2952.0759 -2819.3828 -2398.1646 -2296.7202 -2083.0601 -2163.6428 -2353.5696 -2507.6196 -2483.4119 -2233.4277 -1873.2738 -1253.4591 -1226.4392 -1024.3014 -474.0029 -42.8369 -33.4153
22 121.0872 140.7782 176.3616 50.9807 -307.302 -211.355 -558.6371 -696.7443 -815.0435 -2284.8162 -3052.9966 -2759.7764 -2912.0095 -3319.6396 -3453.3638 -3459.3218 -3335.0938 -3336.5957 -3618.5583 -3731.3735 -3588.8989 -3381.25 -3290.2007 -3209.5264 -3101.1978 -2949.8149 -2733.2859 -2547.7498 -2566.2029 -2585.0618 -2691.8621 -2810.3645 -3157.4048 -3560.7749 -3334.6995 -3364.6843 -3673.2563 -3456.864 -2853.1563 -2879.0461 -2823.7651 -2581.6113 -2406.4907 -2087.9338 -1799.5419 -1697.646 -1484.5719 -1468.7494 -2200.2334 -1880.5214 -781.778 -1174.9994 -1263.5111 -821.6758 -361.1656 -150.6274
-1781.9142 -581.3141 -90.9514 124.2945 178.1437 70.3983 73.0744 -249.5959 -395.7838 -668.6128 -1419.0872 -1981.9828 -2148.7632 -2551.1863 -3108.3381 -3468.4292 -3769.0095 -3885.3728 -3543.1711 -3444.8486 -3650.1299 -3506.4377 -3285.1221 -3123.1689 -3057.2312 -2974.9727 -2753.9451 -2482.1025 -2228.7034 -2154.8792 -2268.0127 -2752.8689 -3277.6294 -3390.8335 -3378.2595 -3573.3477 -3378.3518 -3366.8147 -3364.6433 -3320.9753 -3258.907 -3114.4417 -2476.0891 -1877.3654 -2236.3286 -2489.405 -2459.9766 -2043.9987 -1222.5249 -1566.9686 -1568.2708 -720.4197 -1150.0903 -1667.4277 -1604.9512 -1460.746 -1108.3706
-2853.3413 -1382.4645 -408.9074 177.4751 196.1898 142.5532 446.2505 421.8776 87.079 347.3596 -428.0443 -1395.3955 -2509.5923 -3047.5393 -3313.7314 -3374.8665 -3529.9731 -3783.4614 -3381.8774 -2698.7612 -3011.8069 -3510.7866 -3341.3286 -2778.301 -2465.2988 -2457.4519 -2206.5889 -1918.604 -1725.6793 -1563.601 -1638.9807 -2457.8047 -3286.4163 -3061.7678 -2564.4199 -3044.2383 -2939.573 -2957.4824 -3282.2585 -3451.24 -3505.7207 -3269.8333 -2663.6147 -2207.2693 -2669.5728 -2835.8262 -3430.6462 -3550.0066 -2557.0884 -1739.3452 -1200.9988 -1016.0107 -1372.9213 -1602.5353 -1884.4858 -2082.4646 -1712.946
-4021.7212 -2559.3542 -1129.7 2 101.07 298.092 421.6432 721.9374 335.4268 246.7028 130.8208 -551.4833 -1775.4744 -2662.0256 -3077.6699 -3226.3662 -3267.6365 -3222.8545 -2864.7297 -2381.7615 -2547.3137 -3297.0303 -3574.1069 -3146.7314 -2613.5337 -2355.2415 -2290.0215 -2211.5491 -2013.7764 -1721.6799 -1507.6582 -1894.3427 -2741.2935 -3078.9829 -2795.9319 -2878.7388 -3116.2786 -3444.189 -3597.9817 -3342.0308 -3112.9407 -2849.2205 -2667.8804 -2787.0771 -3646.2893 -3588.9094 -3596.1279 -3156.0918 -2201.1648 -1637.8654 -1045.2229 -732.3251 -906.4012 -1207.5215 -1727.9806 -1978.7285 -1606.5992
-4630.7051 -3862.2371 -2678.9084 -1006.9061 -228.3781 76 332.2357 553.6541 585.045 622.7968 191.2702 12.5555 -554.627 -1351.5544 -2130.1738 -2839.054 -3276.5947 -3308.5559 -3012.3066 -2877.0559 -2992.9001 -3315.2888 -3515.5127 -3507.9651 -3369.9121 -3015.6018 -2797.6267 -2740.094 -2572.0916 -2365.0876 -2218.104 -2147.5242 -2474.1106 -2858.1294 -2899.8711 -3380.1033 -4128.1563 -4632.3701 -4419.1948 -4057.0649 -3906.0649 -3986.5247 -4003.6123 -3926.9448 -3916.2068 -3546.7639 -2913.4043 -2119.7175 -1594.4369 -1385.9629 -985.5267 -357.4037 154.6544 104.3184 19.3923 -576.2729 -588.4404
-4689.6343 -4241.9785 -3876.05 -2314.5769 -978.0239 -503.9489 -161.7291 152.6343 346.3748 425.1655 335.6216 97.242 -10.6261 -262.4397 -723.8258 -1640.3058 -2375.9058 -2325.1714 -2273.6917 -2716.6177 -3123.6123 -3213.4951 -3118.3181 -3308.1736 -3551.9226 -3349.0601 -3143.2976 -2950.6201 -2820.9421 -2813.96 -2984.3477 -2890.4722 -2745.3079 -3139.9368 -3666.2002 -4745.3442 -5448.3511 -5642.5342 -5533.9868 -4995.4707 -4773.3105 -4873.8154 -4579.9985 -4095.6116 -3453.7126 -2063.7827 -1685.9883 -1735.5809 -1476.7273 -1101.5203 51.2676 87.7433 92.1773 154.8142 119.012 -121.9912 -334.3077
-4889.458 -4450.1846 -4445.1484 -3739.0581 -2548.78 -1754.401 -1083.972 -560.1231 -246.5463 -32.5689 112.2623 39.036 -78.5503 -108.1716 -218.7143 -792.2655 -1640.1267 -2204.1382 -2571.5642 -2774.4363 -2691.1477 -2454.5754 -2521.6294 -2983.3743 -3387.2893 -3426.4304 -3477.7483 -3279.4561 -3029.3 -3199.52 -3831.3989 -4100.5205 -4154.1665 -4691.8228 -5266.6543 -6059.3115 -6379.8843 -6293.1006 -6094.938 -5405.978 -4959.8682 -4957.8936 -4688.7222 -4335.8135 -3259.2617 -1961.1309 -1733.8986 -1861.2164 -1560.6183 -956.8537 -355.7257 -78.0946 -125.1243 -337.9847 -392.2602 -584.5022 -706.6838
-5302.0942 -4927.9302 -4937.0137 -4750.9028 -4142.8525 -3480.99 -2452.6443 -1636.7659 -985.4886 -515.3755 -294.6284 -385.973 -451.2127 -376.7885 -490.3188 -1044.7148 -2053.4202 -3066.8738 -3532.3833 -3522.8286 -3376.4333 -3063.5205 -3057.8074 -3611.95 -4017.9399 -4219.5186 -4375.1343 -4329.0454 -4347.9922 -4761.7295 -5504.0889 -6015.8813 -6168.7295 -6255.4727 -6094.5293 -6306.5171 -6480.042 -6297.354 -6117.7212 -5764.7402 -5476.3848 -5262.4424 -5037.1455 -4665.3477 -3498.9661 -2370.1216 -2306.0635 -2383.5039 -1922.4629 -1298.0485 -875.0998 -699.8067 -841.352 -1135.6664 -1045.2611 -1027.6859 -1038.6689
-5737.1807 -5494.6206 -5388.7021 -5379.1533 -5005.521 -4582.4854 -3966.8118 -3202.5273 -2181.6348 -1421.5601 -1171.522 -1106.0719 -1042.8063 -1092.817 -1423.6536 -2017.2228 -2873.1555 -3717.4773 -4233.5288 -4568.0718 -4628.749 -4212.1504 -4055.863 -4659.2461 -5176.7681 -5467.7593 -5545.2378 -5590.7378 -5800.9966 -6359.5737 -6853.4248 -6901.5181 -6677.2388 -6330.9912 -5713.5977 -5471.0273 -5464.1245 -5273.3345 -5229.5879 -5215.2056 -5071.7754 -5210.6685 -5540.0342 -5382.4194 -4389.8213 -3384.4104 -3182.4763 -3028.301 -2483.9392 -1927.6444 -1694.3268 -1739.7687 -1825.7783 -1790.8799 -1466.071 -1332.3032 -1250.9961
-5730.1792 -6104.1826 -6141.3447 -5768.5659 -5399.0591 -5079.4717 -4742.0303 -4404.7969 -3855.3579 -3221.3311 -2900.9363 -2582.7996 -2345.7571 -2467.2563 -2857.1089 -3361.9597 -3924.4351 -4566.292 -5133.9878 -5740.2847 -6004.1973 -5775.5542 -5614.1724 -5948.7017 -6269.6504 -6488.9937 -6402.2485 -6208.0249 -6246.2783 -6677.0869 -6891.5576 -6369.3354 -5832.375 -5573.1909 -5223.6401 -4823.541 -4394.8706 -4119.2061 -4118.4331 -4319.814 -4375.8511 -4927.4253 -5546.6655 -5685.9346 -5238.4355 -4496.0215 -3968.7771 -3677.6543 -3253.543 -2910.3062 -2739.1431 -2730.5249 -2757.1104 -2392.2856 -1849.5598 -1514.7386 -1367.3813
-5363.3267 -5975.5356 -6453.9331 -6290.6597 -6018.8398 -5733.7993 -5435.6045 -5190.6587 -5201.7227 -4995.8184 -4778.2925 -4494.8618 -4304.6299 -4455.2417 -4858.7915 -5436.2524 -5833.7524 -6097.4888 -6529.9985 -7163.4551 -7385.21 -7165.981 -6910.415 -6672.6494 -6492.7969 -6488.752 -6208.6489 -5895.7388 -5760.6274 -5796.6367 -5836.8369 -5473.7227 -5124.0298 -5110.541 -5173.4009 -4667.5977 -3957.7383 -3601.2791 -3730.1853 -4067.9917 -4276.6455 -4819.7437 -5283.166 -5622.5479 -5797.6133 -5286.6299 -4811.9175 -4390.459 -3924.5454 -3815.5637 -3691.261 -3408.5947 -3289.9072 -2890.7146 -2272.5391 -1717.101 -1437.4517
-4954.5259 -5244.6284 -5689.9219 -5972.8433 -6131.2437 -6109.5933 -6162.8242 -6121.6274 -6377.6235 -6452.7173 -6486.4473 -6365.1187 -6158.7749 -6203.4912 -6547.6621 -7034.4399 -7187.3154 -7128.5317 -7169.6938 -7444.4058 -7520.9253 -7244.0684 -6810.6172 -6261.4771 -5764.0996 -5514.8828 -5310.561 -5276.1313 -5166.5171 -4971.7837 -4972.4883 -4922.2031 -4731.4722 -4800.835 -4860.2944 -4496.9824 -3916.6262 -3640.6797 -3907.1826 -4089.2395 -4402.7407 -4903.248 -5210.8315 -5638.8291 -5891.8564 -5859.2427 -5643.7383 -4941.3564 -4407.9087 -4609.1045 -4476.8398 -4027.665 -3635.2773 -3303.511 -2688.8728 -1927.4591 -1483.59
-4669.2568 -4845.146 -5017.9077 -5156.9736 -5434.5381 -5650.3574 -6033.2227 -6278.9565 -6649.21 -6921.5483 -7174.7769 -7294.9551 -7159.0283 -7017.0728 -7048.9966 -7130.9336 -6905.1289 -6581.5698 -6443.2095 -6411.0659 -6336.6543 -6187.8726 -5861.9434 -5359.3125 -4838.4624 -4515.5586 -4469.6172 -4622.4443 -4621.0254 -4465.21 -4552.7813 -4576.3291 -4381.6572 -4411.5859 -4485.4038 -4322.1792 -4009.3542 -3929.9355 -4050.7102 -4063.0369 -4476.4619 -4829.5996 -4913.876 -5187.5254 -5540.0903 -5985.1426 -6136.1274 -5569.9502 -5028.2407 -5256.1738 -5017.771 -4445.894 -3937.2393 -3532.863 -2866.9319 -1989.4583 -1480.8124
-4428.4937 -4557.4023 -4647.2432 -4543.8589 -4657.7188 -4866.1089 -5245.3862 -5519.8589 -5825.4517 -6253.1118 -6674.7334 -6892.4014 -6861.2637 -6669.8379 -6495.1768 -6330.9136 -6056.7783 -5785.1436 -5576.7485 -5375.6621 -5267.9834 -5201.9922 -5031.7915 -4636.8813 -4171.9688 -3924.668 -4026.5576 -4131.0615 -4069.7766 -4036.4082 -4206.2583 -4221.9888 -4041.3596 -4217.6387 -4445.9375 -4424.2314 -4245.1621 -4137.9741 -4089.6484 -4106.5386 -4337.4678 -4454.6377 -4516.418 -4813.3037 -5142.3916 -5594.7505 -5855.4937 -5853.2119 -5695.4639 -5810.6943 -5434.1318 -4803.376 -4309.4575 -3774.574 -2822.1292 -1847.8475 -1427.2721
-4195.6348 -4253.4272 -4343.8604 -4217.3105 -4214.458 -4390.7769 -4690.5815 -4833.3896 -4947.0664 -5274.0405 -5681.0757 -5896.334 -6023.8672 -5980.1138 -5768.8955 -5484.1641 -5264.7363 -5044.1504 -4764.6187 -4624.9214 -4539.3091 -4419.8467 -4375.6436 -4218.7324 -4055.5259 -4070.6191 -4113.4219 -3947.1748 -3801.0454 -3829.521 -4031.4182 -4194.8872 -4228.8511 -4407.1426 -4564.936 -4627.439 -4375.3682 -4194.2544 -4202.6665 -4246.9556 -4305.0903 -4350.124 -4510.8149 -4748.3896 -4969.5796 -5171.0078 -5334.2769 -5744.6187 -6201.1084 -6694.5664 -6328.0801 -5509.2041 -4858.6279 -4189.1738 -3109.1938 -2058.823 -1542.936
-4031.6543 -4080.6077 -4171.2729 -4114.8325 -4084.0793 -4213.105 -4470.7896 -4537.0596 -4521.7944 -4681.7002 -4955.1714 -5074.8218 -5212.6602 -5383.0049 -5332.5552 -4994.7813 -4587.1841 -4229.5024 -4113.5669 -4252.1641 -4129.9307 -3934.7444 -4087.3445 -4382.8306 -4611.7241 -4701.6104 -4449.1841 -4070.0969 -3969.0125 -4053.6758 -4283.6699 -4479.2388 -4507.2256 -4507.4648 -4534.4556 -4630.833 -4391.6245 -4259.313 -4395.2822 -4473.9282 -4475.4341 -4521.6465 -4584.3628 -4692.6006 -4899.0464 -4982.1299 -5160.7998 -5625.5122 -6508.1655 -7571.3481 -7537.5752 -6434.6978 -5485.7051 -4715.6704 -3746.1321 -2760.7029 -1953.3252
-3929.4321 -3976.7524 -4034.2153 -3978.5439 -3979.4072 -4049.6641 -4308.7676 -4405.0234 -4354.2285 -4537.6299 -4771.9819 -4817.4126 -4801.4819 -4915.2407 -4994.5884 -4765.5703 -4297.7607 -4007.375 -4197.6782 -4398.1641 -4222.3516 -4115.8862 -4410.1367 -4817.9531 -4933.1182 -4775.7441 -4513.2607 -4297.0913 -4201.5405 -4136.2671 -4344.9702 -4468.3306 -4467.7637 -4520.3062 -4573.2607 -4635.3745 -4529.7827 -4438.0342 -4509.3643 -4562.3467 -4481.2603 -4571.3809 -4617.1973 -4692.8584 -4804.3511 -4889.7705 -5125.9302 -5621.835 -6567.7744 -7674.5864 -7976.9326 -7015.9243 -6110.3306 -5410.8823 -4450.2085 -3358.9216 -2371.7866
-3835.9155 -3916.0652 -3932.9939 -3862.4136 -3919.553 -3974.3391 -4184.1016 -4288.3901 -4286.5469 -4484.9092 -4655.0322 -4709.8755 -4654.6011 -4587.7813 -4531.0586 -4451.6592 -4319.5034 -4252.3438 -4496.1064 -4613.1655 -4553.7183 -4600.3037 -4681.2002 -4634.3447 -4430.0308 -4272.4473 -4298.3496 -4414.417 -4318.458 -4032.1641 -4210.2983 -4461.4121 -4554.27 -4615.0376 -4699.2065 -4660.8516 -4491.2607 -4432.6509 -4427.3491 -4491.0581 -4409.6831 -4474.9253 -4523.6675 -4691.8403 -4780.1357 -4906.3579 -5195.9229 -5669.8887 -6342.9673 -7244.4766 -7909.3716 -7320.5791 -6498.8594 -5871.6812 -4895.6445 -3594.3188 -2498.0505
