Resources/Map/Lvl0_30x30/Ele_CA.asc
ncols         335
nrows         335
xllcorner     -20045000
yllcorner     -25000
cellsize      10000
nodata_value  -99999.0
[rows 150 to 174 of 335, columns 114 to 170 of 335]
-5028.0674 -4757.7725 -3772.208 -3421.0442 -4412.3296 -4865.5356 -4979.5088 -5047.8267 -5077.6582 -5082.4746 -5029.9526 -4949.3311 -4833.2002 -5047.1016 -5153.1782 -5115.1094 -4993.9585 -4716.1729 -4022.5569 -3128.582 -2708.0828 -3334.6309 -4470.6631 -5091.4429 -5281.0977 -5395.6445 -5340.397 -5219.8862 -5301.0581 -5345.2827 -5277.2373 -5260.7725 -5287.0122 -5366.8921 -5431.3394 -5414.4785 -5381.9092 -5402.9185 -5400.9282 -5357.2578 -5364.3926 -5355.1538 -5308.2813 -5318.3462 -5329.7817 -5358.0068 -5328.8169 -5293.3169 -5300.9614 -5272.2402 -5389.5425 -5413.8301 -5406.2461 -5422.4043 -5414.8745 -5324.2876 -5229.3433
-5022.6646 -4684.8496 -3768.9783 -3635.2488 -4322.8213 -4916.1826 -5048.8423 -5055.6743 -5112.3428 -5082.8315 -5059.9175 -5009.0034 -4929.6655 -5070.3965 -5183.8086 -5143.6484 -5055.79 -4932.1777 -4670.4375 -4154.3896 -3196.2341 -2789.752 -3695.9253 -4661.5127 -5162.3354 -5360.7764 -5369.3506 -5297.3599 -5283.9121 -5244.7881 -5130.6523 -5131.9053 -5225.9282 -5321.8237 -5384.5225 -5412.9766 -5421.7036 -5441.5488 -5436.3853 -5394.9092 -5413.3457 -5388.9702 -5318.5225 -5305.3115 -5305.3574 -5324.7329 -5323.1333 -5296.4702 -5301.2358 -5277.2783 -5371.9971 -5395.1924 -5368.96 -5417.75 -5448.9619 -5458.5039 -5435.5273
-4748.7153 -4510.4414 -3784.1384 -3917.7983 -4368.3604 -4952.9434 -5095.3008 -5041.1216 -5119.7554 -5109.8462 -5176.2451 -5155.4849 -5118.5327 -5143.8262 -5181.4526 -5161.6157 -5155.186 -5101.7837 -5023.1938 -4815.3618 -4026.2646 -3017.5295 -3048.9026 -3929.908 -4929.6431 -5337.314 -5407.2632 -5318.7251 -5137.2612 -5034.2896 -4914.0625 -4817.7173 -4923.3652 -5139.7085 -5244.1421 -5297.5952 -5388.5493 -5430.1118 -5452.1567 -5448.3584 -5447.4932 -5419.6768 -5379.5015 -5338.2666 -5285.5361 -5306.3032 -5338.3066 -5316.2671 -5325.1299 -5318.938 -5345.4961 -5374.8848 -5351.8159 -5373.917 -5379.5571 -5434.7998 -5452.5117
-4188.5718 -4409.6729 -4319.3799 -4526.4146 -4643.832 -4825.0664 -4963.4404 -4906.6929 -5010.9395 -5119.2192 -5214.4761 -5167.8818 -5151.9468 -5187.1372 -5169.0483 -5138.6729 -5181.8608 -5179.1416 -5138.3359 -5058.5469 -4722.8896 -3842.6921 -3005.5913 -3139.2092 -4321.7573 -5133.6523 -5376.7109 -5330.1597 -5131.8887 -5026.4824 -4887.9688 -4636.7803 -4551.647 -4747.3188 -4961.2197 -5083.3628 -5190.0771 -5290.4482 -5422.2275 -5506.4438 -5471.603 -5424.6245 -5402.938 -5351.3696 -5287.3105 -5279.938 -5315.1323 -5307.5688 -5330.7114 -5336.9312 -5337.3882 -5322.9556 -5294.9912 -5321.5986 -5360.0376 -5460.8486 -5503.0391
-3407.1023 -3816.5449 -4285.2935 -4603.1489 -4298.6909 -3873.2869 -4342.252 -4546.2051 -4699.0508 -4988.7627 -5132.0645 -5136.1655 -5174.4238 -5222.1978 -5195.1743 -5183.6934 -5225.5088 -5197.8325 -5166.7856 -5162.9912 -5072.002 -4532.3218 -3455.6873 -2836.7932 -3493.8984 -4595.3667 -5227.3818 -5334.4067 -5308.1753 -5287.0498 -5225.9873 -4976.7158 -4669.2529 -4728.2734 -5025.2563 -5149.4307 -5114.8052 -5219.5527 -5406.9326 -5498.0142 -5480.6089 -5445.1299 -5399.6528 -5337.687 -5300.3223 -5263.46 -5268.7739 -5280.4897 -5307.9126 -5290.1123 -5339.5483 -5334.313 -5291.9536 -5289.6113 -5298.3774 -5381.3931 -5482.082
-3143.6628 -3037.7803 -3494.8416 -4072.0852 -3883.8162 -3003.812 -3441.7224 -3891.0503 -4301.1582 -4748.3379 -4955.0957 -5140.1704 -5193.0869 -5213.0532 -5200.1787 -5210.3145 -5250.2773 -5220.1533 -5206.7002 -5206.2637 -5155.7329 -4828.665 -4008.8745 -3183.5952 -3156.197 -4192.3013 -5116.7588 -5355.1094 -5400.0215 -5399.9473 -5429.3853 -5351.2061 -5157.7173 -5078.8301 -5187.8857 -5299.3491 -5246.459 -5295.5977 -5417.4805 -5460.8657 -5491.2759 -5482.0464 -5417.0117 -5359.855 -5339.8042 -5281.5522 -5251.4639 -5253.27 -5257.5776 -5218.5239 -5311.897 -5366.7695 -5335.6475 -5295.603 -5287.3008 -5350.0186 -5487.3081
-3389.3777 -2812.3518 -2548.6746 -2792.3149 -3001.4719 -2409.8389 -2395.5608 -2856.3723 -3905.0227 -4391.9624 -4460.3193 -5051.1904 -5116.7378 -4993.3193 -5150.2471 -5223.7266 -5244.8306 -5241.5166 -5241.418 -5230.5708 -5197.5562 -4943.7578 -4432.499 -3995.9404 -3832.2354 -4305.8931 -4974.3921 -5299.7148 -5351.0396 -5293.8159 -5344.7397 -5467.1719 -5462.709 -5321.6113 -5244.1523 -5307.4238 -5361.4834 -5349.917 -5376.9243 -5421.4551 -5454.1211 -5451.0098 -5424.8447 -5408.5908 -5403.9736 -5313.396 -5236.8657 -5243.9443 -5242.0791 -5263.3486 -5315.9395 -5348.5073 -5352.3394 -5338.1958 -5358.4829 -5373.4688 -5496.0073
-3553.1577 -3409.8552 -2848.948 -2330.5588 -2175.2278 -1957.0468 -1743.2102 -2205.3948 -3531.1436 -4116.6919 -4158.4365 -4880.4282 -4773.9287 -4126.6284 -4632.6943 -5202.2593 -5248.5195 -5261.9688 -5252.6914 -5218.353 -5113.9287 -4554.604 -3745.6396 -3892.0667 -4482.2681 -4713.3687 -4877.0762 -5118.5352 -5326.6714 -5421.5049 -5459.2729 -5521.6514 -5495.834 -5413.8262 -5384.0469 -5386.4834 -5422.2974 -5401.5112 -5397.4829 -5439.6577 -5451.9751 -5437.0903 -5443.3931 -5453.8716 -5473.5786 -5375.0791 -5284.9951 -5307.0938 -5246.5625 -5294.2881 -5349.4155 -5322.5146 -5304.2734 -5333.0259 -5387.3267 -5368.2124 -5465.0186
-4276.6724 -4459.5264 -4090.9265 -3509.6104 -2958.4663 -2341.8789 -1718.2946 -1855.0007 -2647.0212 -3462.3328 -4281.6567 -4807.7759 -4604.9854 -3499.584 -3815.9231 -4931.3008 -5188.52 -5296.9829 -5116.9785 -4801.6733 -4572.8999 -3843.8479 -2963.0916 -3462.6768 -4614.2227 -4981.7822 -4970.394 -4990.3354 -5184.5952 -5409.6567 -5490.2202 -5505.1011 -5394.5557 -5088.7788 -5126.6401 -5347.1577 -5436.9155 -5436.0444 -5426.1626 -5454.873 -5481.2124 -5435.7285 -5424.2197 -5451.7607 -5508.9824 -5434.106 -5331.6582 -5320.4663 -5249.3413 -5277.3286 -5312.2363 -5310.0986 -5293.4409 -5304.4912 -5388.6587 -5378.2051 -5439.7192
-4945.2183 -5169.8096 -4994.1738 -4689.3364 -4281.7158 -3466.4827 -2613.9937 -2078.1772 -1887.7832 -2498.51 -4013.5886 -4759.8037 -4804.3369 -4100.2095 -3690.5815 -4070.4988 -4561.3984 -4920.2256 -4869.4336 -4531.2144 -4204.9976 -3852.6357 -3668.5415 -4035.0942 -4710.4849 -4980.52 -5060.7788 -5089.1992 -5156.0439 -5278.3501 -5367.2725 -5401.8633 -5106.1626 -4284.2896 -4224.127 -4977.3125 -5399.0264 -5446.8813 -5432.1943 -5463.1035 -5529.6338 -5432.8174 -5385.0635 -5423.1475 -5482.7524 -5463.1333 -5378.0107 -5326.7383 -5260.3706 -5257.3394 -5297.2358 -5275.4966 -5258.332 -5183.4658 -5235.957 -5388.9473 -5476.0625
-5279.6221 -5445.5981 -5408.606 -5293.5693 -5087.9634 -4547.3179 -4092.2915 -3301.0835 -2349.564 -2349.866 -3706.7715 -4688.5522 -4998.2056 -4683.6235 -3957.1941 -3053.8442 -3036.667 -3735.959 -4557.9907 -4815.9331 -4712.2422 -4647.6992 -4738.98 -4802.9165 -4797.3306 -4625.0156 -4742.1382 -5095.8403 -5254.356 -5240.4341 -5191.5513 -5217.4883 -4920.1152 -3815.2415 -3463.6843 -4547.6543 -5333.061 -5451.9326 -5433.9224 -5467.9443 -5541.0166 -5447.7778 -5412.8604 -5413.1826 -5412.9009 -5443.0059 -5417.3896 -5375.8247 -5317.7993 -5280.8145 -5283.3511 -5277.5352 -5280.3403 -5246.3818 -5246.9453 -5389.3833 -5467.7993
-5459.6606 -5513.0356 -5570.772 -5515.6304 -5434.8193 -5239.519 -5090.9517 -4671.311 -3914.7271 -3637.6785 -4128.2944 -4801.5024 -5090.0459 -4878.9043 -4150.4536 -2728.8657 -2180.0503 -2800.8899 -3797.8606 -4245.9756 -4542.7134 -4777.6206 -4909.6353 -5036.5981 -4940.8047 -4672.8242 -4784.1899 -5149.708 -5247.9063 -4879.4897 -4551.1758 -4695.0928 -4635.896 -4068.1509 -3947.1768 -4678.4189 -5301.9038 -5467.583 -5429.855 -5426.4526 -5473.9409 -5420.4507 -5388.5488 -5418.6704 -5444.7905 -5448.4873 -5444.6313 -5384.1997 -5383.127 -5387.2671 -5292.6958 -5325.5015 -5337.1758 -5275.8149 -5304.9287 -5428.4941 -5476.1514
-5548.2183 -5559.1436 -5633.4727 -5525.8481 -5543.71 -5487.8433 -5448.4741 -5275.4766 -4900.2095 -4658.7349 -4571.3281 -4823.8198 -5193.3892 -5144.6108 -4360.9355 -3198.0198 -2992.231 -3043.6414 -3121.71 -2871.6602 -3062.7402 -4132.7065 -4790.5332 -5009.7412 -5082.0073 -5040.6333 -5094.7607 -5230.4536 -5100.6265 -4343.8979 -3511.5051 -3647.0432 -4038.5332 -4085.4294 -4156.2793 -4535.3223 -5047.0762 -5422.5396 -5503.7202 -5484.3208 -5455.9355 -5365.6577 -5265.3311 -5328.394 -5397.6626 -5390.0415 -5445.6758 -5415.0713 -5449.5776 -5415.5605 -5347.814 -5371.9854 -5371.6362 -5278.1577 -5331.8799 -5500.0425 -5485.626
-5598.0337 -5595.3252 -5490.9629 -5151.166 -5468.874 -5556.2612 -5547.5161 -5443.73 -5261.5703 -5169.7471 -4533.8149 -4410.8643 -5112.3428 -5309.5244 -4786.0278 -4320.9497 -4451.6743 -4116.54 -3545.6472 -2846.0435 -2709.5256 -3873.0483 -4870.6997 -5068.9707 -5164.2056 -5178.2202 -5204.7832 -5194.0347 -4745.6797 -3780.7866 -2811.0962 -2476.1614 -2836.6382 -3250.1509 -3420.0544 -3729.7866 -4101.8999 -4882.3696 -5494.6865 -5581.1084 -5459.647 -5300.7734 -5121.2456 -5136.479 -5297.8149 -5311.7617 -5346.3857 -5388.1284 -5431.8384 -5400.5669 -5464.3081 -5386.2817 -5367.9741 -5395.0317 -5361.9946 -5388.8623 -5432.043
-5652.9414 -5590.1675 -5297.9922 -4430.9414 -5197.0708 -5536.5493 -5540.5156 -5496.5005 -5292.2573 -5104.9023 -4599.1416 -4384.5044 -5091.6406 -5488.6099 -5329.8481 -5159.812 -5109.9771 -4961.042 -4710.3779 -4360.4517 -3842.7549 -4172.8027 -4924.1895 -5052.6323 -5215.5405 -5241.1709 -5243.5332 -5180.2529 -4606.082 -3860.3777 -3449.2869 -2827.3652 -2349.6338 -2470.6929 -2599.3401 -2625.6851 -2795.4658 -3993.2524 -5263.355 -5637.5405 -5580.5786 -5448.8115 -5324.8584 -5227.8638 -5361.7388 -5358.3477 -5249.4526 -5351.0503 -5471.7813 -5396.9917 -5514.624 -5408.0439 -5326.416 -5440.6724 -5368.5908 -5353.3389 -5490.9028
-5691.394 -5603.2622 -5309.7412 -4291.8018 -4856.3086 -5498.8696 -5552.9976 -5504.7354 -5069.6919 -4424.1865 -4916.147 -5117.6001 -5400.9077 -5511.5737 -5415.6875 -5361.0068 -5308.4268 -5277.9844 -5225.3774 -5091.3955 -4804.7163 -4791.7437 -4842.8662 -4663.0283 -4959.9678 -5190.7676 -5223.6309 -5257.894 -5042.479 -4727.0688 -4514.4556 -3995.7551 -3470.189 -3238.7642 -3157.3411 -3025.2454 -2706.1265 -3487.2312 -4913.7461 -5531.2051 -5562.0425 -5514.502 -5487.522 -5467.7021 -5490.7842 -5390.3335 -5206.6948 -5313.2573 -5509.7725 -5378.3311 -5422.7222 -5440.7178 -5304.5098 -5379.4883 -5437.4907 -5494.502 -5513.7827
-5658.6289 -5596.0952 -5323.4434 -4729.4585 -4812.2354 -5377.2256 -5524.6699 -5472.8989 -5124.9746 -4656.9546 -5360.0562 -5511.9155 -5549.8345 -5405.1235 -5097.0181 -5115.5654 -5325.3535 -5276.5005 -5188.0176 -5194.4365 -5180.0815 -5211.9312 -5210.0444 -5011.8633 -5068.1558 -5190.0078 -5204.4546 -5250.8496 -5305.8877 -5265.2681 -5050.1675 -4738.4507 -4451.4731 -3984.2605 -3756.3086 -3772.4329 -3435.6267 -3475.1196 -4437.7178 -5171.6201 -5351.3789 -5406.9458 -5392.7476 -5363.8345 -5364.6084 -5426.5918 -5425.9805 -5401.6592 -5414.0869 -5325.23 -5393.9233 -5458.7324 -5387.52 -5378.0063 -5476.3223 -5498.1729 -5454.5044
-5686.7388 -5533.1265 -5149.042 -5103.0356 -5069.7358 -5295.8066 -5498.979 -5408.8589 -5388.1372 -5526.2988 -5627.7222 -5527.0962 -5457.5127 -5374.5786 -5016.2349 -4949.7354 -5124.0112 -4839.2266 -4816.9385 -5073.7261 -5246.2544 -5322.5283 -5332.8047 -5263.5645 -5217.9043 -5207.043 -5202.479 -5214.8193 -5274.4771 -5325.8018 -5298.9448 -5213.061 -4972.8174 -4227.043 -3798.293 -4204.5664 -3991.0234 -3135.2603 -3195.6504 -4102.4429 -4853.5454 -5213.2988 -5155.0562 -4812.7588 -4819.4521 -5227.1836 -5442.0107 -5519.5005 -5396.5356 -5337.3428 -5435.7603 -5437.4688 -5337.1201 -5372.9087 -5442.4595 -5501.4946 -5483.1851
-5606.5957 -5205.6025 -4937.8418 -5148.8296 -5266.0625 -5328.4121 -5401.7969 -5255.0405 -5191.8999 -5467.1348 -5513.9063 -5335.9736 -5181.9834 -5359.5176 -5275.0068 -5197.1089 -4741.9863 -3590.9482 -3697.6462 -4739.1489 -5147.5127 -5255.7041 -5266.9243 -5268.9316 -5261.1592 -5221.0225 -5152.291 -5144.4355 -5211.8809 -5297.0498 -5335.9844 -5322.2666 -5192.8843 -4606.4746 -4303.4292 -4861.623 -4899.4082 -3642.2268 -2607.9668 -2802.2598 -3816.0342 -4727.9009 -5083.7554 -4769.0972 -4628.1626 -5095.6655 -5425.7324 -5526.2964 -5443.2749 -5390.5322 -5496.6787 -5485.8037 -5338.7417 -5363.3418 -5494.625 -5594.186 -5559.3716
-5312.8027 -4770.877 -4907.8726 -4806.7817 -5146.2139 -5381.0835 -5441.0518 -4836.603 -4079.7251 -5044.1284 -5410.1919 -5238.8667 -5010.7402 -5298.7686 -5374.3154 -5226.5229 -4499.3545 -3251.6816 -3530.231 -4711.8208 -5163.5591 -5244.7324 -5273.3672 -5296.9741 -5217.9453 -5053.1401 -4913.4463 -4996.5049 -5130.1616 -5206.0938 -5306.0342 -5248.6133 -5106.2134 -5075.3628 -5139.4951 -5329.1074 -5323.4541 -4776.354 -3430.2876 -2327.1062 -2506.6653 -3758.8145 -4868.5239 -5097.1509 -5067.8398 -5214.4961 -5445.9048 -5536.9839 -5531.9302 -5502.9106 -5530.3789 -5511.4746 -5426.1113 -5369.0254 -5486.6504 -5578.8623 -5559.0142
-5217.2993 -4809.9463 -4624.0737 -4537.2666 -5067.417 -5374.5078 -5445.0132 -4918.1309 -3484.3533 -3695.5647 -4879.4404 -5328.8086 -5042.4751 -4817.0786 -5177.9971 -5258.4751 -4949.9023 -4525.4053 -4494.3364 -5032.6309 -5173.311 -5237.9561 -5273.3828 -5266.0181 -5182.2192 -4975.5024 -4733.1982 -4805.6553 -5078.6377 -5187.1201 -5280.3779 -5135.104 -4899.085 -5122.7427 -5368.5068 -5388.6152 -5403.7837 -5274.8735 -4726.7168 -3952.7371 -3110.7478 -3384.5139 -4364.894 -5009.4668 -5148.4355 -5321.0903 -5450.0449 -5518.7085 -5549.2632 -5563.7676 -5546.5786 -5540.4775 -5448.7446 -5410.5771 -5440.8247 -5509.4521 -5583.1001
-5043.292 -4597.3428 -4383.5732 -4496.5083 -4697.1763 -5056.5801 -5316.1782 -5179.9878 -3942.3181 -2801.396 -4712.8936 -5362.209 -4866.146 -3930.1328 -4574.9043 -5155.1006 -4880.6514 -4446.1187 -4472.2476 -5051.4727 -5152.0786 -5162.9873 -5208.7676 -5231.3506 -5216.7319 -5065.1685 -4811.3643 -4721.9131 -4904.7988 -5129.9175 -5296.3765 -5255.1953 -5020.0352 -5092.7021 -5289.7925 -5326.4136 -5392.0811 -5239.084 -4673.6992 -4493.8218 -3830.9673 -2983.8298 -3474.5811 -4450.0469 -4790.6133 -5020.436 -5353.1851 -5466.5059 -5541.4326 -5574.0933 -5554.0537 -5481.7686 -5306.3823 -5311.0176 -5408.3633 -5440.4404 -5475.5386
-4750.8486 -4505.9917 -4332.4199 -4339.3418 -4362.3696 -4844.5015 -5246.4775 -5210.5684 -4722.2344 -4400.9946 -4986.4277 -5298.8589 -4617.4282 -3252.042 -3791.9578 -4901.0078 -4387.1558 -2964.053 -2779.7803 -4094.1399 -4457.4556 -4716.2886 -5108.9106 -5246.1172 -5269.5913 -5208.8032 -4994.8335 -4749.9854 -4697.186 -4864.9053 -5138.9053 -5332.2939 -5324.1528 -5255.0767 -5214.8462 -5267.6636 -5362.0679 -5304.3203 -4935.3403 -4731.0708 -4027.8811 -2309.9651 -1656.2135 -2393.5535 -3435.3457 -4153.4316 -5015.8882 -5246.7529 -5388.9487 -5531.0029 -5562.1987 -5513.0088 -5295.1416 -5174.7388 -5140.853 -5284.7349 -5343.1211
-3556.4175 -3621.0952 -3877.5393 -3891.4395 -4266.9897 -4908.3887 -5341.9146 -5425.3594 -5386.8569 -5318.7954 -5062.0391 -5323.1313 -5156.106 -4408.4458 -4540.667 -5102.5396 -4820.1528 -3809.5874 -3381.4275 -3685.7869 -3459.5488 -3895.9229 -4411.1318 -4831.2446 -5278.5459 -5295.8042 -4815.9883 -3975.7798 -3629.3088 -4049.1692 -4833.7368 -5288.083 -5349.3325 -5349.4897 -5256.8765 -5159.0361 -5244.0337 -5355.1348 -5318.3857 -5069.5796 -4535.4351 -3721.2585 -2692.6584 -1981.0182 -2108.9385 -3637.8396 -4987.8013 -5159.8223 -5036.2925 -5088.4131 -5282.5269 -5536.4644 -5511.8081 -5385.3877 -5264.2358 -5331.7529 -5405.3999
-3108.8848 -2305.282 -2732.2327 -3493.3604 -3929.406 -4109.9434 -4849.4736 -5363.0103 -5323.5537 -5289.5879 -5035.6646 -5373.1064 -5558.4243 -5391.9512 -5159.9248 -5218.7876 -5331.1177 -5064.8584 -4702.5625 -4391.1162 -4071.5942 -3775.8921 -3415.646 -4129.3945 -5108.2446 -5137.4985 -4269.0176 -3025.6807 -2539.6533 -3153.3276 -4501.0229 -5280.3955 -5358.3193 -5377.1914 -5282.897 -5051.4712 -5149.1089 -5367.0244 -5420.9858 -5394.041 -5322.729 -5142.4399 -4323.9233 -3190.7583 -2709.8171 -3751.1721 -4399.2031 -4893.1123 -5073.9453 -4821.6021 -5050.6851 -5437.437 -5572.291 -5517.2285 -5430.0596 -5462.9497 -5483.6294
