Resources/Map/Lvl0_30x30/Ele_AB.asc
ncols         335
nrows         335
xllcorner     -16695000
yllcorner     6675000
cellsize      10000
nodata_value  -99999.0
[rows 270 to 299 of 335, columns 0 to 65 of 335]
114.3449 144.997 285.421 483.4508 396.8584 249.9414 307.9144 272.0874 419.539 267.9622 333.8636 343.7098 282.191 269.5779 359.2197 373.0254 448.0674 487.4601 368.1497 420.8123 382.5489 544.9006 450.1668 510.2863 513.319 559.4323 582.4119 633.7544 693.2738 649.323 565.6138 423.6105 652.8876 591.808 469.6729 285.2629 409.6046 565.005 575.0193 739.0261 646.922 654.1308 523.0432 558.9394 546.9755 521.8926 390.9984 376.0904 357.8806 411.5225 364.7589 580.5787 674.5463 836.4587 768.2591 666.0152 574.5873 515.02 479.8819 368.9532 375.6004 329.0059 238.4683 254.3804 322.6321 236.1035
143.9625 122.3959 100.5647 155.5835 178.4884 239.682 181.9218 294.3691 149.3614 174.8575 272.6242 343.4567 305.9317 385.0282 438.5929 343.9395 419.681 337.2466 317.1525 363.6602 423.2516 554.7687 474.2738 536.9829 740.5538 564.5066 401.8336 344.9771 515.6405 784.723 805.7947 756.0133 668.4554 757.5543 558.6158 987.7392 979.5923 922.9854 837.0076 714.1031 826.2809 866.1451 900.3137 869.783 608.4594 529.346 680.2944 551.9299 530.3783 466.4279 436.9317 416.9229 495.9351 552.6939 555.1898 556.1889 723.2587 649.5013 624.267 447.8366 415.0019 344.1028 202.3971 308.5475 184.563 206.3676
255.8282 316.4771 391.5957 341.4529 337.9285 344.5396 281.3381 331.5769 363.1962 428.8169 334.548 235.4043 293.3668 304.0981 267.9271 349.8866 545.7656 367.7791 450.9215 560.4017 420.0148 348.7801 447.5048 530.525 462.3494 363.0257 449.858 667.9014 701.0558 905.5172 963.3286 964.2233 994.5319 1185.3794 1103.217 914.9193 953.2784 1148.7437 900.567 931.1799 1094.373 1013.2066 1006.7629 755.677 614.8788 826.4693 941.7463 733.917 807.9235 954.5983 858.4641 823.8906 743.8428 660.0928 428.502 392.7129 336.1209 282.132 253.2844 253.2395 220.2362 215.9453 247.9479 262.9458 263.9716 183.4195
452.1636 525.648 566.433 392.4349 435.8348 422.9586 343.123 358.3158 563.0073 690.8356 557.8062 585.0333 225.5103 283.2421 212.9806 177.5214 254.3434 403.9024 292.9774 228.1527 356.0712 493.367 448.9004 482.0551 585.3179 479.6501 603.3909 578.6782 812.8374 1049.5183 738.5013 670.5838 776.376 727.3141 729.1979 653.0687 821.0983 985.9999 1076.0042 983.5893 895.2117 828.8909 898.404 772.3864 810.5109 907.4919 1037.9178 1194.5405 1095.3516 925.6639 1000.1088 935.0067 819.3989 1037.5109 859.1191 707.567 566.2119 560.6197 418.9909 295.4444 230.3591 232.7879 230.686 246.9964 274.9535 352.0359
716.3379 779.1483 714.8838 723.6354 917.5491 887.3842 606.0797 462.5949 288.1806 341.6033 453.5943 313.6795 152.1592 112.8979 106.137 304.8927 449.3049 364.4874 358.022 334.5654 365.6294 498.5369 570.6622 440.3383 481.7562 559.4406 581.2569 482.47 516.4636 475.169 515.0519 572.7158 543.4496 617.6652 696.3619 673.9041 793.0975 1101.3584 1132.0237 866.6857 731.4594 752.4619 993.3502 986.4222 942.2906 861.6619 706.8391 667.5734 882.3683 827.7913 1031.4868 1077.4633 1059.51 982.8072 1001.8318 846.9883 899.2756 568.8482 620.738 742.7604 764.8948 598.5816 567.0518 343.7661 302.3162 301.693
626.7503 620.6791 751.951 838.9349 619.108 575.212 552.0543 455.2555 470.1042 678.2894 349.8167 268.9702 315.4563 89.0607 118.8509 384.7292 303.6281 139.2141 193.8933 346.6308 331.6849 394.9099 726.0002 616.1246 599.3066 600.7389 492.1266 571.1585 540.2268 702.8538 598.6688 728.4968 630.6342 601.9966 748.1524 762.0803 557.7039 555.3879 511.3998 656.2278 626.1311 665.4053 805.8559 881.9959 843.5009 703.2087 722.6523 668.8788 689.6178 740.4505 581.207 664.8502 711.0187 658.7027 648.63 455.405 675.0421 725.6899 880.1564 755.5532 505.0014 458.8001 472.2453 671.6248 812.7283 833.76
447.1954 532.1895 525.0362 453.5129 460.6414 398.9051 383.7806 174.9793 167.6139 115.0178 301.9223 166.4914 94.94 90.6664 233.3794 231.6531 118.1859 121.0479 251.4513 491.7303 572.7659 808.3998 609.0414 557.5999 524.7537 445.3688 644.1728 586.6192 599.5172 654.0536 448.9385 269.6298 311.7823 302.0268 338.3529 421.4355 634.772 699.0942 736.554 757.4911 554.9037 682.7595 626.4303 561.2446 765.6318 824.4866 767.9891 748.0252 639.7042 693.6465 708.3459 672.1346 530.4611 717.546 786.0967 667.1237 787.93 868.0391 962.4562 1049.4164 723.3654 806.5089 671.9884 551.9835 491.3362 761.0222
219.7202 256.4188 217.2391 201.0105 158.3 109.5619 152.5396 86.9759 91.5899 93.134 95.9684 244.9776 220.9844 120.8142 190.0705 104.0026 155.2658 501.1586 250.0657 523.8041 438.9756 366.3037 251.8922 313.7798 330.2402 394.3647 547.1252 219.7812 283.0714 326.7697 606.4205 560.0183 600.0292 459.1553 490.063 752.071 474.5302 587.9233 555.5496 866.7066 523.3214 609.7145 762.5547 802.6625 465.7755 746.6904 833.7908 786.1671 707.6582 667.7439 714.0493 639.2271 948.1884 835.6381 1024.0663 1033.1294 1103.962 991.9352 1437.4337 1176.1345 1166.6284 767.3187 928.0399 1130.8953 938.3418 1009.3795
324.5947 272.6246 244.0883 162.4162 121.8755 111.9247 88.2951 87.9003 82.4747 86.0561 86.5294 90.4549 89.9496 97.1329 116.0944 264.2112 337.5727 263.247 242.6098 182.8546 157.0495 148.8929 146.7072 155.8076 323.9015 277.8575 313.3743 569.3163 653.1447 600.1052 440.8114 280.1348 331.5557 216.8964 407.8411 618.9908 692.8507 774.465 797.3018 696.4635 442.397 336.5491 515.1415 519.7498 585.7576 873.2207 733.1922 565.9442 716.2797 611.1875 458.7003 533.3728 633.3431 606.5605 688.3055 1011.9027 1057.6005 1163.4225 1219.3059 1065.1906 1059.7999 909.9517 1242.4808 1324.2644 1289.5527 1142.1129
281.4867 155.6255 85.6319 83.2486 79.3306 82.4305 82.033 82.9859 84.2225 87.0526 84.6239 88.0791 84.5257 91.0906 157.903 383.2294 517.7931 572.4267 607.9286 418.8442 396.5889 366.1528 410.0514 306.9802 223.3811 247.0857 335.3458 418.9584 356.7401 403.9846 249.3055 235.7388 263.7523 336.1036 319.6931 397.7729 403.4287 315.9653 384.0208 421.1847 306.3436 254.4313 303.144 298.9595 333.427 369.5882 441.5352 538.6712 663.5675 559.4916 809.6936 858.9185 843.3346 887.0981 948.575 1021.6004 886.212 1295.1595 1276.7889 1152.5547 716.7833 999.8036 905.4698 769.8854 796.8143 913.0766
204.33 86.1279 87.4094 98.4037 103.6792 94.028 88.5575 100.9573 97.4581 98.4478 88.7322 95.3453 88.0741 112.8078 486.6532 432.3616 291.0262 195.428 147.8299 184.0061 435.8491 331.7537 195.4233 150.3867 129.8257 163.7298 188.6915 142.7355 124.2459 135.7015 141.9816 175.2798 226.8951 169.6058 173.8352 224.3073 289.3462 223.0095 406.1729 366.593 477.5824 836.929 764.5675 552.3562 438.9714 537.8019 657.9262 779.7531 759.5649 784.0305 721.7674 943.0613 810.7477 734.8908 958.6597 1014.6136 1145.5496 974.9536 872.442 829.1219 799.4443 722.5046 1137.9227 904.2028 1105.9296 1396.5165
125.2754 103.7272 106.914 85.8298 88.6744 89.6267 94.9749 94.9295 111.5918 92.275 91.4962 94.9561 101.2601 211.8177 130.7262 123.9644 145.1181 173.4162 285.8314 206.7702 186.5691 176.3091 122.7071 124.2107 129.7615 133.1004 139.4854 142.4779 136.8321 139.6932 139.554 144.5989 173.7514 227.6306 358.317 407.2338 431.764 475.3438 288.6306 344.3812 341.61 378.9691 427.1331 531.6628 635.1927 758.1826 706.9016 843.6166 943.384 915.9087 574.3165 596.6775 745.4089 863.1191 854.6797 1140.334 1036.3389 995.9861 754.5818 507.4387 626.4878 813.0625 765.4088 727.3265 1079.1971 1094.5939
88.6366 81.1776 92.1674 106.2297 107.6231 121.2049 125.8323 112.1699 91.2935 91.8077 98.3456 114.9831 197.7155 165.8625 180.7936 200.4916 156.5482 208.5161 120.7997 136.9237 121.9931 117.9699 123.4787 127.3584 128.1693 132.3671 138.0729 133.8466 137.7936 147.8469 149.5334 155.5272 146.3595 210.3054 399.3728 525.1382 574.9958 402.9198 428.0764 470.3393 458.8778 643.5292 737.9482 585.8104 603.6544 412.2679 530.6031 527.1224 506.9321 686.6016 816.0876 547.0615 795.6921 678.2202 916.1273 597.6956 480.25 538.1076 820.9596 683.6516 1172.3456 992.272 1090.0752 1152.2614 1069.0333 1041.4425
116.1553 114.3206 139.5303 140.6601 139.3673 137.1367 132.7511 129.9272 124.1414 99.0045 245.226 129.9342 144.8481 112.178 118.6094 112.8706 123.5776 123.0899 124.5316 128.1574 128.3691 130.7616 135.8917 135.6898 141.3283 146.3945 140.2047 144.7928 151.5521 154.2616 158.0665 161.2008 171.7132 207.6868 214.0312 389.0859 533.215 542.0588 397.8764 346.6193 342.6365 501.4081 273.0949 334.2896 406.8246 477.0861 537.0294 742.2626 905.7379 650.3486 663.9863 553.0779 925.5762 993.9184 715.6783 831.3091 1198.4342 1326.1604 1303.5984 1205.8618 1168.1819 1159.3052 991.1128 898.8167 1032.5427 1034.7108
168.8427 161.7607 150.3746 153.9099 135.7575 119.2283 105.0384 115.9574 112.6447 112.0117 111.8482 115.853 119.884 125.2574 126.8949 128.8641 136.0782 137.5014 137.4586 140.3895 146.2327 155.2923 157.8066 160.453 163.9272 162.0051 157.529 161.2867 167.122 177.0175 178.8425 184.6898 189.3499 195.8036 268.1522 367.4596 395.0995 280.0197 336.9391 250.7139 261.156 364.6044 518.5462 611.9507 464.5048 580.4061 887.508 945.3575 861.16 759.9515 658.8583 752.5648 681.8749 690.6998 993.0255 653.5751 570.9298 554.4603 679.7023 601.8499 601.321 630.3295 659.3836 717.3224 722.4772 889.8273
172.6011 158.3764 153.5533 141.5664 149.3127 133.1515 123.3273 126.8279 136.0924 126.9736 129.7709 131.156 140.7525 145.1243 146.8981 149.796 164.1523 159.8671 158.0871 164.7365 169.1138 171.4462 184.1848 182.2079 187.7725 189.6802 199.2986 211.9647 241.3542 220.757 239.5587 201.6129 198.8922 273.3149 224.6242 332.2167 448.4604 360.3219 300.49 485.3434 415.6578 390.1747 384.6693 420.7061 545.6066 710.5555 620.3542 579.1417 554.0587 519.928 401.2105 489.7327 718.1614 780.6592 856.3337 682.5587 587.2719 789.015 951.874 1052.48 1197.937 1079.7297 1046.5247 875.4631 1015.3641 822.2688
217.3421 194.8016 167.8993 161.8339 151.9057 148.7764 162.8066 169.649 164.6005 155.6638 151.6987 161.9782 170.2364 184.531 181.3615 180.6267 194.9636 197.9309 209.8038 217.6257 207.545 206.6031 210.9222 231.2818 242.7003 255.7271 269.5018 277.3349 277.0071 291.9665 296.8882 293.6382 276.3701 238.6293 221.7071 223.1233 238.7041 285.9012 387.6294 441.4786 386.1825 514.0762 362.7798 335.2596 480.1577 310.0255 350.08 310.4526 308.9797 374.8753 497.7358 696.2702 549.4691 448.1329 492.9814 920.4596 622.8416 973.9005 998.8765 819.464 944.9154 1048.0925 898.9851 1068.6611 1085.7996 1241.8148
239.1735 197.3979 187.6091 200.3386 204.4788 205.8542 211.2775 210.5856 216.4196 193.0061 206.5737 230.0844 244.6973 258.6999 405.4054 351.9745 299.3559 279.1313 301.3168 300.4205 307.2626 320.0857 329.296 327.7314 306.0389 331.4779 357.9737 363.269 353.9193 358.8894 363.2382 330.7173 365.6313 339.8148 321.9244 321.2109 345.9178 304.1316 312.9645 274.9045 283.8719 267.3206 266.9867 277.7208 275.7005 282.4587 363.214 482.172 457.4857 476.1555 384.1337 373.737 432.0816 437.933 502.4373 505.7045 550.0319 612.1512 513.2966 639.5543 618.4444 765.9878 953.5146 851.4733 802.1552 989.7783
229.2972 308.2156 344.9578 272.5177 324.4937 506.9836 534.1949 298.8194 336.9772 532.0266 647.2239 777.4934 929.3724 651.7659 518.3621 520.5517 609.9145 565.9493 518.6049 604.4879 720.6929 729.2608 592.2741 572.6464 605.7372 633.0884 535.7718 498.5151 500.8481 462.3263 463.1727 468.1387 473.0466 458.3283 422.0727 383.1476 410.2557 390.1021 365.1145 338.8805 349.0568 346.8998 323.0912 338.8892 309.3934 305.8657 306.6636 314.7178 304.0095 305.403 307.0709 313.7938 306.8347 475.6789 518.5524 399.1775 688.7277 626.6809 784.9913 627.7411 573.1148 778.7092 865.1509 997.4905 1132.1934 872.3868
351.4988 373.9269 420.6106 399.2254 435.2379 455.9989 493.2366 543.4189 351.3851 311.9559 521.7172 773.8663 716.0189 600.6648 767.4105 995.4803 885.4842 905.3542 738.1337 645.3928 750.5841 951.3015 1068.1874 1104.5658 1116.2612 737.9238 607.4792 733.8648 937.9962 785.8954 737.4024 970.5799 871.8585 668.327 601.2789 691.592 632.8107 574.4789 465.9662 437.3897 428.9061 442.5033 389.5013 347.3689 383.1265 359.6693 344.2971 354.7086 349.2482 310.2021 311.6005 313.512 317.1704 327.8096 320.1653 326.1856 333.7038 364.9855 386.4607 449.2842 917.4815 637.2761 536.0292 429.5948 558.4429 921.3646
412.342 463.0334 592.8865 774.3775 893.2382 850.546 886.5728 1053.1968 814.2355 383.84 496.5424 818.1049 890.6099 713.0363 878.5364 926.4171 894.3256 965.1057 990.3024 1097.9342 1012.9482 1246.9641 1062.9823 890.3334 756.8309 1032.7775 1419.6243 1581.3657 1492.3618 1000.0025 924.1031 1037.8558 834.887 783.9105 685.2713 767.4634 711.6318 616.8786 547.9041 522.4002 492.6628 471.4221 484.0514 425.3611 419.954 414.4012 396.9707 402.1702 396.6713 383.6839 367.3209 358.4798 331.0139 333.1028 331.4972 335.7105 339.3845 401.1234 351.1985 414.4653 405.6108 455.3619 664.9659 850.7992 660.2654 784.819
565.2014 481.8841 562.8214 569.3754 591.4012 542.1425 581.4333 646.6366 676.6415 595.1013 471.6705 532.1167 752.0007 665.5895 683.6154 814.0121 971.106 1014.6085 1227.1273 1587.325 1560.9666 1768.3866 1296.3759 840.1411 1302.9668 1658.9973 1769.6229 1394.4486 1468.0377 1053.6667 889.449 800.4128 766.0195 770.5104 803.7116 802.9152 950.5706 830.614 645.6642 693.9166 636.3065 654.7836 590.7589 604.5685 464.3475 451.4695 549.5966 493.1053 496.0681 458.127 434.9422 402.8207 374.5579 358.1956 399.2468 359.9718 354.0392 367.1123 363.0178 538.5188 574.233 494.1529 565.2493 755.7462 716.923 701.9
577.4443 651.1151 662.4028 925.847 714.8358 679.2687 753.0811 763.9311 1039.0719 1341.1851 1276.6837 846.4699 1087.661 978.4498 814.5905 880.0453 917.3393 1410.2294 1520.4132 1200.1323 1223.4177 917.016 1271.8645 1644.8197 1511.6826 1711.0265 1720.3818 1429.5764 1529.9659 1627.9519 1689.7294 1214.6415 1074.5676 1435.6997 1285.7079 856.6103 1485.9095 1053.8073 1002.6477 838.3832 1040.8116 961.9678 714.3443 575.6174 478.3957 833.1265 754.6175 601.7577 654.5559 1188.7028 1423.136 1465.0386 867.4489 468.3691 484.2982 454.7712 463.9667 402.7579 377.6563 375.0549 379.5026 498.9666 653.1937 423.7893 510.8359 806.3361
1120.1724 1005.6093 1005.7916 932.8652 761.3824 807.6025 979.1395 884.929 929.8784 1007.0013 1020.118 726.8081 562.6142 715.241 834.7878 755.4115 631.7225 654.8415 977.7844 1290.4835 1163.3669 1312.1327 1495.8125 1398.767 1738.6958 1806.6969 1659.538 2054.5754 1899.3864 2209.7908 2038.5475 1328.0472 1750.7501 1983.4856 1519.6635 1836.2573 1608.0164 1336.5007 1479.1826 1155.0189 1268.8171 1207.4506 1148.8285 775.6938 549.9833 602.6522 881.8268 810.664 970.6118 951.0676 1438.6609 1465.5773 1190.3209 772.879 861.6573 609.4394 1052.6356 475.6908 457.1087 410.2312 409.266 489.2112 446.6808 433.4553 409.7993 403.7751
970.0289 1022.8326 1178.6372 1191.2198 933.6206 1571.7445 935.8344 1396.1222 1275.4641 1435.7192 1336.9542 1125.8583 788.4944 802.9463 969.5381 1159.45 897.9648 999.2635 1283.454 838.3232 713.4664 789.4443 970.6606 1040.0798 1129.507 1334.9021 1320.0737 1588.231 1706.3141 2363.0283 1944.4845 2004.2278 1861.7773 2292.8813 2345.1255 2951.3992 2783.6951 1951.7766 1964.0256 1959.0681 1655.964 1842.223 1340.1194 1141.4519 946.0421 637.2443 1092.6382 1404.6866 1303.2028 1495.3715 1162.2693 890.603 1445.0369 2054.3828 1266.4897 1289.3872 701.071 868.7193 1311.6534 1209.3711 1066.2072 738.0618 697.6722 906.5919 785.4 574.1481
1143.8862 1091.4961 1121.5812 1229.9142 1092.8754 1667.1127 1288.1899 1064.1796 1217.1241 1123.0265 1528.6783 1307.4039 883.0079 1354.8263 1268.4382 1336.9299 1529.697 1480.1191 1417.3866 1424.9763 1588.4982 1307.9381 1644.7473 1505.4745 1341.7585 1274.0046 1456.2054 1430.38 1276.239 1316.9333 1615.4642 1614.1283 1056.9856 1370.451 1335.1775 1425.6016 1770.9044 2038.9061 2052.0737 2074.8362 1929.5338 2068.8594 2105.0173 1992.0558 1061.6095 674.5716 1196.1987 1524.5828 2095.2195 1906.6753 2102.1772 1489.681 2380.4778 1951.7511 1680.8483 1019.7858 1518.8978 733.9377 1808.4385 2012.7491 1603.3092 1321.5734 1162.4186 767.3351 666.1722 584.8377
1305.3427 1585.7366 1862.672 1689.8649 1739.5057 1663.5403 1234.8551 1037.2324 1038.7684 1081.1737 861.3225 714.6349 909.8688 1061.2047 1051.3993 1023.9979 994.4482 1032.701 1055.4124 913.193 1110.2194 1194.389 1251.6863 1007.1565 930.2035 1296.5786 1240.5846 1204.152 1508.4755 1149.2758 846.0826 1093.1362 1302.5912 1444.1747 1204.4899 1362.3553 2019.2021 2105.603 2068.449 2006.7644 1900.5914 1810.9358 1565.144 1572.359 1491.0724 1372.7939 785.8174 1143.2134 1247.5712 1556.8364 2482.7053 1988.4708 2077.3853 1976.8871 1842.5481 1082.7083 1873.364 1817.5214 1830.178 1790.0291 1804.828 1333.7211 1363.49 730.9114 912.8889 1257.4459
1052.6729 1263.9775 1585.405 1085.6427 1418.627 908.3313 908.2496 778.1096 739.7257 706.6842 751.2309 945.8779 1120.1382 1133.1753 1420.0385 1549.822 1297.1918 1414.3173 856.9468 705.5861 725.095 805.5403 810.0325 816.8227 818.3408 816.3087 779.6611 871.6264 817.2856 775.6105 821.9039 1204.6908 1294.9999 1210.621 1306.7939 1577.8135 1211.0292 1772.3035 1266.8901 1666.5367 1469.9371 1533.5178 1099.5376 1279.5028 1457.6919 1480.6746 1015.092 1192.9304 1390.2081 1289.8822 1904.5754 2177.0642 1943.3129 1811.3505 1751.6573 2105.2263 2171.8279 1839.7162 1031.1818 1262.1932 1194.933 1732.8263 1882.2084 1508.1086 1704.561 1111.1019
1362.7031 1252.5331 976.1556 748.7828 692.0074 899.7969 711.7511 665.2994 749.7279 1287.8982 1243.9255 1304.839 1298.4585 1203.645 1029.6619 1369.1538 1381.162 1168.1868 1035.5938 1031.8517 883.4373 1017.2306 1111.4999 1006.8794 890.9281 814.1431 770.7953 760.1405 1038.6271 1496.1261 1370.8114 1403.318 1441.6781 1617.3566 1251.2974 1023.9114 1618.7662 1161.8192 968.9464 1223.6067 1332.6858 1278.8112 1173.8572 1064.5073 992.9812 940.0393 942.6602 998.8729 1233.5787 1457.9708 1410.0494 1713.8728 1679.8148 1636.7336 1842.0171 1692.8583 2025.756 1795.4015 2211.7207 2609.98 1630.22 1437.2151 1693.7046 1519.7161 1114.8806 1823.6245
1025.1348 1309.9281 1240.4923 1000.9922 648.8835 580.7026 651.8597 1503.8157 1024.7014 781.6116 1150.1399 925.5677 1372.1838 1291.0726 1458.2689 1547.6781 1378.5754 1244.6041 1184.6108 1001.1297 1266.4321 1395.2942 1104.4028 1367.0756 1298.4589 1196.8903 1009.9912 782.4652 1475.95 1424.3674 1395.8734 1643.5607 1276.603 950.7921 1425.3157 1196.9465 981.4036 955.8719 910.5205 1227.1602 1412.6243 1234.1775 1438.4425 1166.7761 1039.8666 1254.8762 1058.8707 921.8898 1062.8621 1040.1898 1188.1689 1268.0229 1126.3352 1107.8645 1187.5968 1183.1897 1468.3032 1534.3375 1501.7839 1116.6777 1216.6659 1820.4415 1920.8457 1999.131 1791.6769 1552.8129
