Resources/Map/Lvl0_30x30/Ele_BE.asc
ncols         335
nrows         335
xllcorner     -6645000
yllcorner     3325000
cellsize      10000
nodata_value  -99999.0
[rows 52 to 77 of 335, columns 116 to 173 of 335]
-3604.7495 -3645.9424 -3711.3672 -3761.5566 -3816.1858 -3816.0908 -3788.2417 -3839.1377 -3902.4253 -3828.7219 -3668.5779 -3615.7078 -3686.4409 -3797.3037 -3878.0298 -3859.2942 -3759.9063 -3667.8953 -3591.999 -3592.3186 -3585.8284 -3482.5496 -3380.6648 -3356.103 -3307.395 -3289.2568 -3293.4604 -3351.8608 -3431.4043 -3315.8306 -3208.2095 -3244.4143 -3227.7043 -3261.6636 -3345.9656 -3395.064 -3406.1826 -3394.6494 -3398.5454 -3435.2688 -3453.2986 -3463.0654 -3476.541 -3466.7148 -3446.3311 -3440.541 -3429.3167 -3428.8455 -3432.3936 -3400.9727 -3376.0862 -3388.582 -3398.3787 -3388.5229 -3381.4033 -3382.8726 -3383.2385 -3376.1016
-3586.2146 -3585.1458 -3660.2983 -3742.1626 -3809.1995 -3827.9878 -3809.793 -3851.2195 -3914.2268 -3888.1018 -3780.1812 -3680.0547 -3638.1614 -3693.1252 -3753.5056 -3766.717 -3708.9827 -3619.9722 -3545.2405 -3566.6895 -3633.3213 -3560.5088 -3442.094 -3417.2588 -3437.5139 -3510.4016 -3501.9077 -3435.9541 -3251.1182 -3112.7102 -3205.3977 -3245.6819 -3278.0715 -3331.106 -3364.804 -3376.0496 -3411.4998 -3452.8154 -3510.614 -3546.1973 -3532.6404 -3526 -3513.3389 -3477.8237 -3467.4995 -3477.3318 -3468.5771 -3453.8118 -3441.8835 -3412.5344 -3393.9744 -3395.4336 -3397.4165 -3398.0981 -3394.7307 -3396.9702 -3402.658 -3394.8621
-3668.3342 -3646.1987 -3666.9429 -3705.9622 -3749.0369 -3807.4419 -3854.9885 -3877.7961 -3857.0005 -3791.5034 -3726.751 -3648.6016 -3583.657 -3680.3794 -3774.1375 -3806.231 -3773.7651 -3659.3618 -3536.3782 -3561.2942 -3621.7183 -3562.9565 -3461.2954 -3380.9573 -3357.9893 -3406.9509 -3490.3987 -3516.5662 -3334.5874 -3219.7139 -3317.5691 -3336.113 -3333.9409 -3342.8967 -3360.2642 -3387.6362 -3405.6797 -3461.8865 -3538.0579 -3571.5542 -3588.4612 -3583.0586 -3533.1414 -3507.0339 -3501.4614 -3481.7966 -3448.27 -3433.3098 -3441.1699 -3422.7935 -3392.7473 -3383.7058 -3388.8945 -3403.7498 -3418.4846 -3426.2393 -3423.4944 -3417.1816
-3696.6475 -3714.3733 -3713.4221 -3700.9468 -3708.7026 -3749.948 -3831.2766 -3874.7991 -3841.0776 -3779.3455 -3741.9871 -3732.5498 -3730.9399 -3768.6909 -3816.4919 -3774.5903 -3623.5396 -3410.2954 -3234.3215 -3469.3398 -3653.0564 -3622.2566 -3556.6812 -3473.3291 -3367.9116 -3315.8503 -3378.2332 -3465.0276 -3497.1575 -3479.6504 -3426.7722 -3373.9556 -3377.635 -3354.8792 -3338.686 -3385.6462 -3422.5664 -3462.2253 -3532.4263 -3563.4243 -3562.4463 -3568.6458 -3560.8918 -3540.6555 -3508.8677 -3470.7024 -3434.8137 -3412.2317 -3409.3108 -3409.8828 -3400.0291 -3392.8291 -3396.0811 -3407.707 -3422.7368 -3429.032 -3427.052 -3424.4568
-3699.3677 -3731.1792 -3730.2983 -3703.1375 -3694.157 -3702.4583 -3732.4521 -3787.7065 -3815.8076 -3802.4368 -3789.7761 -3795.22 -3798.3699 -3798.6956 -3798.6069 -3716.6096 -3517.1731 -3347.031 -3263.3369 -3481.1606 -3642.9082 -3636.5049 -3579.6182 -3495.5701 -3415.6482 -3303.0342 -3291.689 -3341.178 -3365.5557 -3413.3591 -3407.1624 -3375.9917 -3381.6277 -3362.5754 -3361.8 -3402.2615 -3429.9622 -3450.2761 -3496.583 -3533.1125 -3546.8765 -3560.6501 -3554.2312 -3521.5913 -3466.2021 -3412.7927 -3377.9839 -3370.9194 -3386.8899 -3409.4348 -3430.1533 -3439.8601 -3437.5945 -3437.8967 -3447.5796 -3451.5393 -3443.7869 -3437.2786
-3701.7712 -3744.2236 -3760.229 -3745.9138 -3718.4993 -3706.2915 -3734.8613 -3816.6052 -3853.771 -3815.2817 -3783.2273 -3777.741 -3767.9189 -3767.4561 -3762.3582 -3763.3469 -3688.1477 -3595.0051 -3526.7463 -3508.0315 -3510.1274 -3542.9863 -3534.3784 -3474.1128 -3450.885 -3380.9883 -3290.4346 -3264.7957 -3273.1353 -3345.6726 -3376.1648 -3362.8416 -3365.2468 -3376.7612 -3388.3369 -3411.4993 -3426.6926 -3429.3489 -3445.6433 -3461.0198 -3470.9585 -3471.0715 -3448.1582 -3417.2002 -3385.2354 -3359.9253 -3359.7036 -3385.9395 -3405.3999 -3416.6992 -3435.261 -3462.3833 -3469.76 -3463.2126 -3463.9854 -3463.4187 -3454.8103 -3441.1516
-3697.9331 -3734.4949 -3742.0085 -3745.7581 -3739.3406 -3723.3835 -3728.5151 -3791.5725 -3842.9458 -3828.0295 -3796.2898 -3799.5837 -3822.6509 -3813.0313 -3772.3181 -3749.4832 -3730.3879 -3686.7249 -3648.9934 -3572.5862 -3507.3054 -3531.2483 -3540.8445 -3521.0679 -3501.4348 -3473.324 -3413.8965 -3309.3152 -3275.7334 -3339.6125 -3358.2998 -3351.98 -3355.6265 -3376.9639 -3393.4277 -3395.9907 -3385.614 -3364.1257 -3381.2544 -3404.7312 -3402.052 -3386.0801 -3358.5608 -3338.7937 -3328.7366 -3330.2964 -3355.5281 -3387.3574 -3395.4104 -3398.5457 -3407.5176 -3433.7544 -3456.7339 -3456.542 -3452.4761 -3452.3413 -3450.3228 -3442.9766
-3690.323 -3711.7412 -3718.5806 -3740.6841 -3750.2905 -3738.4717 -3739.571 -3779.8381 -3851.2886 -3889.1089 -3856.114 -3824.6289 -3843.2898 -3830.3223 -3784.7202 -3769.2656 -3770.9492 -3732.1738 -3676.21 -3620.2173 -3567.8237 -3553.8013 -3581.6453 -3587.6128 -3559.3542 -3516.0759 -3495.8484 -3411.75 -3299.7136 -3278.2295 -3322.0347 -3349.2275 -3348.7468 -3341.4805 -3375.9333 -3389.9495 -3376.906 -3353.9709 -3359.3064 -3366.6516 -3358.2373 -3331.2368 -3311.0374 -3314.5806 -3325.4346 -3335.5867 -3352.9092 -3371.0869 -3382.2107 -3387.0557 -3394.3403 -3409.3911 -3427.5205 -3438.4089 -3439.728 -3439.2874 -3438.1946 -3435.5239
-3699.0266 -3724.5901 -3737.3171 -3753.9355 -3766.7021 -3773.9382 -3779.4771 -3756.052 -3763.1809 -3839.9326 -3849.4429 -3796.1191 -3809.5166 -3825.2932 -3804.1492 -3777.584 -3762.7434 -3755.0251 -3734.1108 -3700.6155 -3615.9458 -3501.6199 -3527.4756 -3597.5564 -3556.6548 -3503.9187 -3505.8193 -3464.094 -3396.7375 -3317.4768 -3304.6875 -3331.7598 -3334.5969 -3314.0625 -3342.6221 -3348.8735 -3349.9077 -3360.5007 -3337.5796 -3326.7769 -3346.1924 -3348.5698 -3333.2573 -3338.4441 -3352.5466 -3370.9402 -3391.458 -3410.2832 -3425.2673 -3435.5264 -3444.217 -3455.5366 -3468.3433 -3475.1626 -3472.2517 -3464.2524 -3451.4197 -3442.0669
-3698.1233 -3731.4189 -3767.0525 -3802.9658 -3818.5466 -3830.49 -3842.6682 -3767.9597 -3668.4973 -3690.4321 -3759.7058 -3780.3696 -3809.6792 -3833.5715 -3804.4487 -3758.1956 -3740.7383 -3755.4983 -3761.3201 -3712.5171 -3659.9133 -3543.5459 -3499.1187 -3587.4614 -3576.9194 -3544.2053 -3516.6921 -3501.801 -3498.7703 -3431.8494 -3348.0085 -3303.7336 -3314.5359 -3311.7231 -3293.9116 -3267.7642 -3293.0493 -3339.4934 -3340.345 -3327.5005 -3344.3718 -3360.2622 -3374.0671 -3402.0735 -3420.0935 -3435.8948 -3464.1956 -3493.6726 -3516.1833 -3535.6062 -3550.5193 -3562.7175 -3578.1709 -3582.4211 -3567.4761 -3527.3281 -3480.0486 -3464.2295
-3720.8518 -3737.8462 -3754.6018 -3778.5518 -3792.5173 -3812.031 -3839.9583 -3809.844 -3720.7375 -3670.1089 -3722.5212 -3815.55 -3863.9585 -3864.4578 -3821.5054 -3757.106 -3725.4729 -3749.1714 -3777.3562 -3750.4397 -3692.9072 -3602.9788 -3560.1985 -3583.0322 -3613.1626 -3635.0059 -3584.7673 -3540.8669 -3505.313 -3457.5366 -3392.8474 -3340.7585 -3325.6025 -3291.2178 -3265.8752 -3253.1743 -3280.2876 -3325.219 -3342.8665 -3342.4182 -3358.5652 -3382.0579 -3415.2241 -3461.0837 -3487.6162 -3501.2764 -3526.5442 -3554.6538 -3591.501 -3629.5215 -3650.2258 -3655.5681 -3664.0535 -3671.9568 -3660.75 -3613.9004 -3574.333 -3551.5024
-3714.7656 -3734.5793 -3741.4822 -3734.7737 -3736.5632 -3779.2131 -3837.2468 -3854.0725 -3788.6887 -3695.2214 -3700.7368 -3777.8381 -3849.2703 -3886.6584 -3823.3926 -3693.8242 -3673.1135 -3754.8481 -3800.1133 -3802.5945 -3691.8235 -3530.9644 -3491.915 -3535.1633 -3588.3765 -3671.4075 -3657.9451 -3616.8616 -3557.6509 -3486.7825 -3427.9331 -3422.8013 -3410.8484 -3336.8159 -3306.9939 -3313.1008 -3312.6946 -3325.6526 -3343.7571 -3360.2012 -3385.2703 -3414.1169 -3438.9011 -3476.585 -3510.4907 -3537.6658 -3567.3958 -3606.9055 -3654.3157 -3696.0251 -3718.3401 -3717.6294 -3711.103 -3707.0112 -3706.8442 -3698.8567 -3686.5115 -3652.759
-3713.926 -3744.665 -3774.7742 -3793.427 -3792.5049 -3795.7122 -3812.3152 -3824.3726 -3810.4712 -3786.7803 -3781.1743 -3802.1458 -3862.9292 -3918.8269 -3853.7087 -3673.8992 -3619.6653 -3732.1016 -3807.1343 -3843.9919 -3711.5647 -3460.2527 -3353.2915 -3444.3723 -3543.7207 -3605.2749 -3666.6882 -3704.241 -3656.1548 -3571.4756 -3513.2798 -3494.48 -3478.9028 -3438.5225 -3417.8845 -3398.0908 -3376.981 -3375.7864 -3387.6289 -3403.448 -3413.8748 -3429.0793 -3462.8406 -3510.9189 -3541.3455 -3560.2781 -3586.8093 -3614.8994 -3648.0251 -3682.2437 -3704.6345 -3715.4558 -3718.7017 -3713.6001 -3707.4619 -3707.3826 -3705.0493 -3679.5996
-3714.8899 -3748.501 -3794.7288 -3837.5818 -3850.895 -3848.5979 -3858.9739 -3875.0247 -3878.8044 -3884.2444 -3866.686 -3856.2578 -3914.6096 -3971.3933 -3915.073 -3810.9136 -3743.6465 -3774.0369 -3809.0327 -3816.0142 -3769.2632 -3531.9531 -3412.6401 -3455.1785 -3523.8384 -3558.7075 -3628.5969 -3753.5896 -3738.7507 -3653.8281 -3584.6929 -3546.7834 -3548.0339 -3533.9536 -3498.0042 -3453.3782 -3435.5088 -3438.1125 -3450.1909 -3466.8113 -3468.9673 -3465.3379 -3489.7083 -3540.5178 -3567.3569 -3577.2908 -3596.0256 -3618.1062 -3641.3938 -3661.4395 -3676.5823 -3690.7217 -3698.8435 -3700.1245 -3705.9644 -3713.3123 -3704.7258 -3679.0811
-3731.3132 -3732.9214 -3727.1545 -3731.8843 -3770.3123 -3825.9004 -3850.8555 -3844.5251 -3833.9927 -3833.1479 -3830.7495 -3850.4387 -3915.0933 -3951.8005 -3910.1956 -3864.7432 -3847.0986 -3845.0679 -3862.7881 -3854.8208 -3804.2908 -3683.1975 -3588.5303 -3569.498 -3552.5647 -3496.1511 -3481.2659 -3636.573 -3764.51 -3743.8328 -3669.8235 -3602.1965 -3586.9241 -3566.373 -3535.3066 -3525.1914 -3518.708 -3518.9805 -3524.0547 -3527.9749 -3530.4321 -3527.0786 -3532.4768 -3554.6841 -3577.2617 -3590.8403 -3602.7717 -3618.6313 -3636.7109 -3656.7639 -3671.4717 -3674.9348 -3674.5657 -3685.2681 -3704.0564 -3718.79 -3720.363 -3698.0608
-3755.6875 -3734.7349 -3678.4971 -3647.1868 -3699.5784 -3792.0972 -3826.7874 -3810.6611 -3794.5625 -3792.7852 -3809.7598 -3847.3967 -3905.219 -3914.0903 -3897.1692 -3884.2302 -3866.5735 -3860.4048 -3880.6216 -3897.2578 -3878.2314 -3774.696 -3664.7253 -3627.3608 -3630.187 -3549.6516 -3460.4907 -3483.438 -3685.9175 -3779.2515 -3720.4912 -3626.3489 -3608.585 -3602.9756 -3591.5242 -3612.6553 -3594.2397 -3582.3923 -3588.8735 -3588.6614 -3592.7456 -3601.3669 -3600.6292 -3602.1841 -3608.4802 -3611.4224 -3616.2446 -3625.0374 -3636.4004 -3649.6169 -3657.7029 -3662.0764 -3666.4543 -3677.0623 -3693.1479 -3709.6436 -3717.71 -3703.1182
-3747.0908 -3754.8535 -3726.7263 -3694.3167 -3708.4158 -3741.2756 -3755.1841 -3770.5432 -3785.7869 -3794.709 -3816.25 -3850.2749 -3907.4766 -3914.916 -3905.1169 -3891.8276 -3879.803 -3879.6941 -3878.0129 -3908.3076 -3940.2939 -3860.2813 -3708.1133 -3645.4641 -3684.0181 -3679.6465 -3621.4749 -3578.709 -3595.3213 -3664.9685 -3669.5007 -3625.0984 -3621.8396 -3650.6177 -3670.7432 -3688.8176 -3655.4609 -3640.0029 -3651.6868 -3644.7458 -3636.8418 -3645.0991 -3648.8816 -3645.8606 -3652.5735 -3658.9458 -3650.9214 -3642.4575 -3640.5703 -3643.1643 -3649.0244 -3656.5515 -3664.6604 -3672.5828 -3680.9839 -3691.3833 -3695.8762 -3690.5225
-3744.3425 -3754.7505 -3731.6699 -3692.1274 -3692.5583 -3709.7085 -3718.3772 -3753.2646 -3784.2791 -3793.4351 -3818.1721 -3845.6938 -3876.0374 -3912.7485 -3921.4626 -3892.6338 -3898.012 -3907.8032 -3891.9802 -3909.4543 -3943.4246 -3899.8467 -3788.6108 -3745.0886 -3773.2769 -3776.6543 -3774.4072 -3720.0303 -3636.7959 -3637.4846 -3666.9548 -3664.3247 -3660.2617 -3692.0935 -3729.5754 -3725.7615 -3710.1047 -3720.7642 -3734.9636 -3704.6658 -3684.5647 -3693.394 -3691.7261 -3679.5764 -3689.9766 -3703.2534 -3689.4219 -3670.6455 -3659.7378 -3653.2168 -3656.4133 -3658.8958 -3664.2285 -3674.7529 -3679.5908 -3680.8557 -3686.3425 -3684.74
-3759.4661 -3763.6738 -3765.7761 -3778.3752 -3789.4316 -3796.0234 -3813.3789 -3843.9272 -3831.4749 -3796.5854 -3813.6448 -3842.9863 -3860.2649 -3897.1846 -3922.146 -3928.6448 -3940.0627 -3934.717 -3915.0361 -3927.8477 -3967.4297 -3939.2031 -3840.8938 -3779.5479 -3797.1331 -3804.156 -3814.55 -3790.6431 -3744.6272 -3741.8752 -3758.2739 -3767.6616 -3763.9631 -3784.5393 -3806.2815 -3795.5325 -3790.2014 -3788.9939 -3783.231 -3769.0703 -3758.2063 -3746.9172 -3727.3396 -3709.3154 -3704.7075 -3706.8833 -3715.3613 -3720.4167 -3707.2358 -3690.0745 -3688.4119 -3692.2363 -3696.0293 -3699.2529 -3697.8188 -3695.4324 -3697.1741 -3693.4038
-3757.4377 -3769.2656 -3779.0054 -3793.8848 -3803.0857 -3818.9724 -3845.3398 -3870.0566 -3856.1472 -3825.1826 -3831.9573 -3848.4158 -3855.7502 -3869.1985 -3885.4395 -3933.8301 -3957.917 -3940.7124 -3941.7461 -3972.0244 -4007.6006 -3988.3291 -3921.5913 -3820.6345 -3773.8542 -3764.5317 -3769.8396 -3793.9824 -3855.9497 -3875.9336 -3861.5378 -3879.9729 -3882.1182 -3878.8325 -3864.0251 -3860.8918 -3869.6875 -3839.7595 -3829.5679 -3845.9846 -3836.4263 -3806.48 -3777.2471 -3752.8174 -3732.5308 -3726.9883 -3744.4058 -3764.1309 -3760.5007 -3744.8203 -3743.8267 -3751.0962 -3751.5298 -3744.4822 -3727.9868 -3719.2192 -3726.3931 -3715.2954
-3741.2964 -3761.2644 -3769.8174 -3768.6089 -3780.9854 -3826.2195 -3849.9973 -3846.6157 -3858.1543 -3866.7126 -3855.9539 -3857.7188 -3864.8074 -3862.4746 -3868.7031 -3906.4363 -3936.9573 -3914.8528 -3915.5537 -3971.3914 -4025.4045 -4012.9768 -4013.9063 -3904.3728 -3801.9995 -3792.6409 -3782.78 -3796.2522 -3889.6157 -3944.1255 -3931.5608 -3937.3586 -3951.4314 -3941.8601 -3907.0613 -3894.2991 -3896.6521 -3893.2983 -3918.9609 -3933.7751 -3900.6272 -3867.9624 -3843.0991 -3815.9036 -3787.127 -3772.8884 -3784.9443 -3801.7727 -3809.9233 -3812.6775 -3811.8467 -3805.3308 -3799.8159 -3796.4004 -3773.605 -3755.3022 -3754.387 -3724.5334
-3707.05 -3715.3264 -3725.3042 -3744.1941 -3770.6306 -3810.3792 -3828.2637 -3822.3254 -3838.7925 -3855.0371 -3850.5076 -3860.1396 -3873.5073 -3870.0261 -3876.9617 -3916.6597 -3972.9846 -3942.8794 -3874.6621 -3924.4495 -4002.6689 -4042.9829 -4107.0771 -4009.6245 -3883.938 -3860.3926 -3869.2815 -3890.4946 -3915.8748 -3925.2932 -3946.9333 -3964.0366 -3977.269 -3989.5916 -3982.7302 -3950.6213 -3916.2444 -3924.7815 -3960.3647 -3968.7168 -3955.3372 -3942.2273 -3923.5293 -3897.6377 -3865.8599 -3848.2053 -3849.8992 -3850.3833 -3859.8977 -3891.6172 -3892.3203 -3860.2334 -3843.0161 -3843.5769 -3831.2451 -3798.6245 -3757.1714 -3716.199
-3691.3547 -3697.9697 -3703.8567 -3734.5432 -3766.9553 -3787.053 -3801.9802 -3800.9067 -3811.0356 -3836.4497 -3851.9004 -3860.0935 -3868.4973 -3872.0247 -3881.5056 -3907.8457 -3962.6733 -3951.2588 -3880.5056 -3903.3289 -3972.2041 -4048.8699 -4159.2539 -4129.4873 -3999.1152 -3899.2256 -3892.5281 -3922.0613 -3893.6152 -3865.1096 -3889.7529 -3893.7356 -3892.0554 -3928.6094 -3971.4707 -3992.2004 -3977.3979 -3965.6396 -3982.9956 -3994.3821 -3995.6814 -3996.6956 -3994.7952 -3981.6892 -3952.1216 -3930.5327 -3929.8381 -3912.5635 -3909.8489 -3950.8606 -3951.7363 -3909.6531 -3881.6187 -3874.6521 -3860.3262 -3816.4087 -3763.623 -3736.0137
-3682.0891 -3697.6819 -3698.5891 -3708.7383 -3736.1077 -3764.6511 -3778.0188 -3778.3401 -3796.3137 -3824.3994 -3840.1946 -3856.9788 -3863.8406 -3870.385 -3886.5605 -3899.4121 -3915.8601 -3921.8872 -3912.6885 -3947.3074 -4004.675 -4059.4907 -4137.1104 -4148.0415 -4064.1846 -3956.853 -3913.8147 -3891.3833 -3856.8313 -3840.345 -3843.9578 -3835.6667 -3820.6426 -3858.1646 -3900.9734 -3950.2126 -3994.293 -3991.7678 -3995.0588 -4007.6462 -4015.4438 -4037.9106 -4057.4312 -4036.0276 -3995.7554 -3972.3831 -3977.4968 -3971.0833 -3956.5972 -3955.2041 -3957.3625 -3944.2393 -3913.3162 -3895.655 -3874.8772 -3829.7964 -3794.0996 -3779.4553
-3630.8062 -3650.7778 -3663.8428 -3679.7148 -3711.0491 -3748.2612 -3764.1528 -3764.918 -3781.2734 -3798.3665 -3792.3967 -3823.6956 -3849.6177 -3848.3445 -3862.4634 -3870.5811 -3859.9961 -3882.1267 -3912.363 -3977.2983 -4034.4866 -4055.6907 -4047.4065 -4058.458 -4066.4573 -4042.2202 -4005.1313 -3941.344 -3918.2351 -3904.5 -3876.5229 -3870.4829 -3856.8223 -3896.821 -3933.7991 -3955.0193 -3991.7117 -3999.0735 -4003.7532 -4005.1069 -4016.2903 -4049.0166 -4065.2134 -4038.4253 -4013.3718 -4004.2517 -3995.7661 -3995.2991 -3989.1736 -3963.7368 -3957.8445 -3956.718 -3923.3652 -3896.7932 -3890.3525 -3871.3503 -3846.6003 -3824.7725
-3590.0273 -3615.9268 -3636.615 -3651.6165 -3679.5212 -3725.6963 -3757.9458 -3766.0203 -3772.1008 -3776.6353 -3779.9241 -3811.1082 -3834.5452 -3836.2651 -3860.8391 -3875.2747 -3860.6997 -3860.8542 -3867.4158 -3927.426 -4013.271 -4048.0508 -4021.5957 -4028.302 -4050.9954 -4049.0452 -4046.645 -4004.3237 -3977.0811 -3972.064 -3938.7781 -3938.6128 -3957.2622 -3986.5583 -3990.7712 -3975.4128 -3963.3132 -3968.3906 -3979.2231 -3964.3154 -3981.4497 -4029.3809 -4043.5759 -4036.325 -4037.9727 -4021.7437 -3992.4099 -3984.6797 -3985.5234 -3972.9656 -3950.3047 -3938.239 -3924.3147 -3906.9873 -3908.3499 -3908.3286 -3894.9688 -3865.9695
