Resources/Map/Lvl0_30x30/Ele_AE.asc
ncols         335
nrows         335
xllcorner     -6645000
yllcorner     6675000
cellsize      10000
nodata_value  -99999.0
[rows 0 to 26 of 335, columns 60 to 119 of 335]
-99999.0 -99999.0 -99999.0 -99999.0 -99999.0 -99999.0 -99999.0 -99999.0 -99999.0 -99999.0 -99999.0 -99999.0 -99999.0 -99999.0 -99999.0 -99999.0 -99999.0 -99999.0 -99999.0 -99999.0 -99999.0 -99999.0 -99999.0 -99999.0 -99999.0 -99999.0 -99999.0 -99999.0 -99999.0 -99999.0 -99999.0 -99999.0 -99999.0 -99999.0 -99999.0 -99999.0 -99999.0 -99999.0 -99999.0 -99999.0 -99999.0 -99999.0 -99999.0 -99999.0 -99999.0 -99999.0 -99999.0 -99999.0 -99999.0 -99999.0 -99999.0 -99999.0 -99999.0 -99999.0 -99999.0 -99999.0 -99999.0 -99999.0 -99999.0 -99999.0
-99999.0 -99999.0 -99999.0 -99999.0 -99999.0 -99999.0 -99999.0 -99999.0 -99999.0 -99999.0 -99999.0 -99999.0 -99999.0 -99999.0 -99999.0 -99999.0 -99999.0 -99999.0 -99999.0 -99999.0 -99999.0 -99999.0 -99999.0 -99999.0 -99999.0 -99999.0 -99999.0 -99999.0 -99999.0 -99999.0 -99999.0 -99999.0 -99999.0 -99999.0 -99999.0 -99999.0 -99999.0 -99999.0 -99999.0 -99999.0 -99999.0 -99999.0 -99999.0 -99999.0 -99999.0 -99999.0 -99999.0 -99999.0 -99999.0 -99999.0 -99999.0 -99999.0 -99999.0 -99999.0 -99999.0 -99999.0 -99999.0 -99999.0 -99999.0 -99999.0
-99999.0 -99999.0 -99999.0 -99999.0 -99999.0 -99999.0 -99999.0 -99999.0 -99999.0 -99999.0 -99999.0 -99999.0 -99999.0 -99999.0 -99999.0 -99999.0 -99999.0 -99999.0 -99999.0 -99999.0 -99999.0 -99999.0 -99999.0 -99999.0 -99999.0 -99999.0 -99999.0 -99999.0 -99999.0 -99999.0 -99999.0 -99999.0 -99999.0 -99999.0 -99999.0 -99999.0 -99999.0 -99999.0 -99999.0 -99999.0 -99999.0 -99999.0 -99999.0 -99999.0 -99999.0 -99999.0 -99999.0 -99999.0 -99999.0 -99999.0 -99999.0 -99999.0 -99999.0 -99999.0 -99999.0 -99999.0 -99999.0 -99999.0 -99999.0 -99999.0
-99999.0 -99999.0 -99999.0 -99999.0 -99999.0 -99999.0 -99999.0 -99999.0 -99999.0 -99999.0 -99999.0 -99999.0 -99999.0 -99999.0 -99999.0 -99999.0 -99999.0 -99999.0 -99999.0 -99999.0 -99999.0 -99999.0 -99999.0 -99999.0 -99999.0 -99999.0 -99999.0 -99999.0 -99999.0 -99999.0 -99999.0 -99999.0 -99999.0 -99999.0 -99999.0 -99999.0 -99999.0 -99999.0 -99999.0 -99999.0 -99999.0 -99999.0 -99999.0 -99999.0 -99999.0 -99999.0 -99999.0 -99999.0 -99999.0 -99999.0 -99999.0 -99999.0 -99999.0 -99999.0 -99999.0 -99999.0 -99999.0 -99999.0 -99999.0 -99999.0
-4136.0073 -4135.5571 -4135.4268 -4135.0015 -4135.0015 -4134.8345 -4134.5889 -4134.8901 -4134.8901 -4134.6743 -4134.106 -4133.7788 -4133.728 -4133.667 -4133.667 -4133.3779 -4133.3525 -4133.5557 -4133.2295 -4133 -4133 -4132.6372 -4132.4443 -4132.0571 -4132.208 -4132.333 -4132.333 -4131.8965 -4132.1357 -4132.2212 -4131.748 -4131.6655 -4131.5659 -4131.5542 -4131.5542 -4131.02 -4130.9985 -4130.8872 -4130.8872 -4130.8872 -4130.8872 -4130.835 -4130.3828 -4130.7759 -4130.7578 -4130.6641 -4130.6641 -4130.5386 -4130.2188 -4130.5527 -4130.5527 -4130.6924 -4130.9971 -4131.1563 -4131.4414 -4131.2178 -4130.8857 -4131.084 -4131.3301 -4131.3301
-4132.8311 -4132.3667 -4131.6772 -4130.9116 -4130.9116 -4130.6108 -4129.9116 -4129.7124 -4129.3335 -4129.1694 -4128.7378 -4128.2393 -4127.7192 -4127.2139 -4126.9116 -4126.6914 -4126.4893 -4126.1626 -4125.6636 -4125.4893 -4125.4893 -4124.8359 -4124.0991 -4123.6172 -4123.4893 -4123.4893 -4123.0483 -4122.5801 -4122.4893 -4122.4893 -4122.1299 -4122.0669 -4121.1714 -4121.0669 -4121.0669 -4120.1055 -4120.0669 -4119.6445 -4119.6445 -4119.6162 -4119.0669 -4119.0273 -4118.6445 -4118.6445 -4118.4849 -4117.6445 -4117.6445 -4117.4189 -4116.7881 -4117.2227 -4117.2227 -4117.2227 -4117.0283 -4116.6445 -4116.6445 -4116.4746 -4116.2227 -4116.2227 -4116.2227 -4116.2227
-4111.7769 -4110.4658 -4108.6904 -4106.6987 -4105.6396 -4104.9063 -4103.8198 -4102.6626 -4101.7876 -4100.9414 -4099.9614 -4099.1753 -4098.0625 -4097.2178 -4096.4102 -4095.4963 -4095.209 -4094.644 -4093.8569 -4093.6091 -4093.2307 -4092.748 -4091.9341 -4091.1912 -4091.0093 -4091.0093 -4090.7039 -4090.1382 -4089.5251 -4089.4097 -4089.4097 -4089.4097 -4089.0513 -4089.0093 -4089.0093 -4088.6245 -4088.6091 -4088.0093 -4088.0093 -4087.9895 -4087.6091 -4087.6091 -4087.6787 -4088.209 -4088.145 -4087.8088 -4087.8088 -4087.7183 -4087.5078 -4087.9707 -4088.4084 -4088.4084 -4088.2739 -4088.2231 -4088.6082 -4088.6082 -4088.6082 -4088.8757 -4089.208 -4089.208
-4088.6794 -4087.2708 -4085.7737 -4084.0757 -4082.7725 -4081.7502 -4080.8069 -4079.95 -4078.928 -4077.7588 -4076.5056 -4075.7527 -4075.1941 -4074.4854 -4073.7827 -4073.2065 -4072.6877 -4072.1899 -4071.8035 -4072.0259 -4071.6379 -4071.269 -4071.0137 -4070.6272 -4070.5127 -4070.9736 -4071.1345 -4070.8376 -4070.9531 -4071 -4071 -4071 -4071.5569 -4071.6218 -4072.2061 -4072.2437 -4072.8552 -4072.4873 -4072.5044 -4073.1091 -4073.1538 -4073.731 -4073.8467 -4074.731 -4074.731 -4074.844 -4075.3528 -4075.4934 -4075.9746 -4076.2446 -4076.9746 -4077.1699 -4077.5964 -4077.7319 -4078.2109 -4078.5964 -4078.8604 -4079.387 -4079.5964 -4079.9014
-3957.8921 -3964.2454 -3970.969 -3977.3506 -3983.8665 -3989.6184 -3995.7422 -4001.9856 -4008.3882 -4013.6963 -4018.3323 -4023.0073 -4028.2717 -4033.0596 -4037.4795 -4042.4211 -4047.1428 -4051.5862 -4056.1926 -4060.6238 -4064.4866 -4068.3035 -4072.2517 -4075.7512 -4079.0415 -4082.5957 -4085.4868 -4088.1189 -4091.0386 -4093.2056 -4095.1797 -4097.1538 -4099.4468 -4100.8677 -4102.5181 -4103.856 -4104.8892 -4106.1968 -4106.8647 -4107.8691 -4108.5527 -4109.541 -4110.166 -4110.5693 -4111.1245 -4111.1895 -4111.6123 -4112.2051 -4112.481 -4112.5771 -4112.6489 -4112.3052 -4112.5493 -4112.5493 -4112.4399 -4112.2617 -4112.4126 -4112.3301 -4111.9736 -4111.8325
-3512.366 -3547.697 -3582.5249 -3616.1389 -3647.9221 -3678.1184 -3707.7527 -3736.459 -3763.2502 -3787.2913 -3810.1631 -3830.8896 -3849.7273 -3866.9548 -3882.9727 -3898.4678 -3914.3105 -3929.5598 -3944.2004 -3958.2319 -3971.8506 -3984.1643 -3995.2917 -4005.0266 -4013.2625 -4021.095 -4028.6724 -4036.6863 -4042.7075 -4047.3276 -4051.188 -4054.9346 -4058.6812 -4062.1213 -4065.5266 -4068.9319 -4072.6633 -4076.738 -4079.7834 -4082.1665 -4084.5974 -4087.5989 -4090.0205 -4092.7888 -4095.7991 -4098.4004 -4100.646 -4103.4839 -4105.3604 -4106.9014 -4108.8452 -4110.6504 -4112.4683 -4113.5908 -4114.3979 -4115.5518 -4116.9131 -4117.8276 -4118.3232 -4119.1665
-3415.5554 -3446.1851 -3471.0654 -3491.6797 -3509.8232 -3526.582 -3540.364 -3551.5576 -3560.1062 -3565.3098 -3565.9485 -3563.3323 -3560.1787 -3557.9065 -3555.4961 -3553.1189 -3550.9111 -3551.6091 -3553.3264 -3551.8611 -3548.4121 -3544.981 -3541.0371 -3537.7498 -3535.9658 -3536.1472 -3540.5837 -3548.6724 -3560.3665 -3573.1382 -3585.7166 -3598.2419 -3610.7671 -3625.1858 -3640.4666 -3656.4658 -3675.5198 -3694.6902 -3713.4966 -3730.6245 -3747.6763 -3763.6877 -3779.6846 -3797.9292 -3816.6724 -3834.7656 -3852.52 -3869.5854 -3885.4004 -3901.4048 -3916.9258 -3931.9443 -3946.3958 -3960.0703 -3973.5234 -3985.6875 -3997.4023 -4007.1301 -4015.8862 -4024.458
-3222.7397 -3228.7864 -3233.2876 -3237.3005 -3244.2546 -3257.4194 -3273.2273 -3290.3506 -3308.7415 -3328.7393 -3350.5476 -3371.7766 -3392.5813 -3414.5115 -3434.7825 -3452.2405 -3467.8894 -3484.1079 -3499.7185 -3511.7202 -3521.3188 -3530.4417 -3539.7998 -3549.9104 -3562.4609 -3577.0913 -3593.7151 -3612.8901 -3633.1689 -3653.2305 -3672.6067 -3692.4819 -3712.4624 -3733.8928 -3753.7598 -3773.7537 -3795.6045 -3816.8135 -3837.9751 -3857.8186 -3876.8792 -3894.4475 -3909.3162 -3923.7263 -3938.4602 -3953.2979 -3966.5938 -3978.1995 -3989.0259 -4000.3564 -4010.6431 -4020.1995 -4029.0837 -4036.804 -4044.1982 -4050.5088 -4056.3289 -4060.9456 -4065.2283 -4069.0205
-2732.6094 -2725.5037 -2718.2566 -2712.5667 -2710.1233 -2710.7004 -2712.9331 -2716.5173 -2720.8428 -2726.9976 -2735.8923 -2745.2473 -2755.1367 -2766.6643 -2780.1692 -2794.4683 -2809.6433 -2825.5911 -2842.3904 -2859.7051 -2876.7104 -2896.3037 -2919.5767 -2945.4893 -2973.7463 -3002.8889 -3033.783 -3066.8159 -3099.8896 -3132.626 -3163.8362 -3194.3455 -3225.4414 -3256.8757 -3288.9583 -3321.0952 -3355.6555 -3388.5652 -3420.7148 -3453.3127 -3485.5259 -3516.061 -3546.2188 -3575.9915 -3606.4541 -3637.0505 -3666.938 -3695.8931 -3724.5579 -3751.0911 -3777.3447 -3803.4026 -3829.5264 -3855.5225 -3881.4873 -3908.2197 -3934.2175 -3958.5264 -3981.6497 -4003.1592
-2694.5002 -2680.9458 -2668.2944 -2655.6255 -2643.957 -2632.3643 -2621.9387 -2612.2048 -2603.7693 -2596.1145 -2588.9272 -2581.8464 -2575.7083 -2570.9167 -2567.0183 -2563.7629 -2561.0313 -2558.6533 -2555.8232 -2553.2671 -2551.5996 -2551.1909 -2552.4998 -2555.4519 -2559.2424 -2563.7407 -2570.165 -2577.5569 -2585.6741 -2595.8291 -2607.2852 -2620.0171 -2634.5071 -2651.9866 -2671.6604 -2692.2241 -2715.7844 -2742.7637 -2771.1492 -2802.1035 -2834.7051 -2869.7996 -2906.084 -2944.7642 -2985.9033 -3028.6167 -3071.6245 -3109.7632 -3143.3169 -3170.9512 -3191.4668 -3210.9651 -3233.4688 -3257.1101 -3282.063 -3308.7258 -3336.9016 -3365.3513 -3393.8364 -3422.1936
-2754.9761 -2749.4236 -2744.9915 -2741.2507 -2738.2131 -2735.377 -2733.4236 -2731.6248 -2730.2114 -2728.6433 -2726.2649 -2723.0762 -2719.6338 -2716.0754 -2711.3198 -2705.752 -2699.3413 -2691.3103 -2681.8513 -2670.5784 -2657.5981 -2643.5918 -2629.45 -2616.0833 -2602.4832 -2588.814 -2576.1418 -2564.396 -2553.6409 -2544.9451 -2536.3984 -2529.5427 -2524.7749 -2522.5061 -2522.3723 -2524.1113 -2528.1453 -2534.967 -2544.7803 -2559.2578 -2576.6663 -2597.3774 -2620.7153 -2646.2683 -2672.9248 -2699.1343 -2727.4019 -2754.2668 -2779.9771 -2804.3372 -2825.1895 -2845.1731 -2866.2854 -2888.522 -2911.9512 -2936.2925 -2960.8159 -2985.1094 -3009.5315 -3034.4441
-2676.4595 -2683.394 -2690.8115 -2697.1826 -2703.2637 -2707.739 -2710.4358 -2711.458 -2712.48 -2713.4236 -2713.8286 -2713.1895 -2711.9612 -2709.4951 -2705.0139 -2699.488 -2692.4763 -2683.8274 -2673.1055 -2660.3987 -2645.3467 -2628.5474 -2610.3018 -2591.0864 -2571.5322 -2550.7336 -2526.5955 -2500.3816 -2473.3564 -2445.2141 -2415.9907 -2386.9495 -2358.3296 -2331.5957 -2308.4497 -2289.0583 -2271.0669 -2256.7637 -2247.3735 -2244.8503 -2248.5635 -2255.1846 -2262.5994 -2272.5144 -2286.905 -2302.3267 -2320.9395 -2340.093 -2361.5986 -2385.0337 -2410.3728 -2437.4817 -2467.4268 -2500.0579 -2534.0369 -2569.8118 -2607.1677 -2645.7131 -2685.092 -2724.6204
-2338.8003 -2347.3728 -2356.8628 -2366.7156 -2376.6965 -2387.4045 -2398.8625 -2410.791 -2424.9875 -2440.8967 -2458.4446 -2476.4529 -2493.8716 -2510.251 -2523.7158 -2533.5679 -2540.5996 -2546.5715 -2551.6631 -2556.0535 -2558.9941 -2560.9648 -2561.519 -2561.2542 -2560.3408 -2558.9126 -2556.071 -2553.1458 -2549.5225 -2545.3862 -2541.0273 -2535.2051 -2529.1392 -2522.6509 -2516.0195 -2510.0718 -2501.1179 -2491.9436 -2482.8604 -2474.3169 -2467.7749 -2461.043 -2455.0193 -2448.8398 -2444.2375 -2439.3633 -2435.9497 -2433.5142 -2433.064 -2436.2417 -2442.02 -2449.344 -2458.4534 -2469.0017 -2482.0632 -2497.2129 -2514.7986 -2534.8826 -2556.8667 -2579.7708
-2348.4487 -2345.7932 -2341.2566 -2337.0603 -2333.5527 -2330.5105 -2327.7605 -2324.2854 -2322.7437 -2324.1692 -2327.5247 -2330.6406 -2333.55 -2336.3853 -2338.6943 -2340.3464 -2342.0029 -2344.3152 -2346.5352 -2348.6863 -2351.7009 -2355.801 -2359.9985 -2365.261 -2371.5627 -2380.5686 -2391.043 -2404.4636 -2419.2717 -2436.3223 -2453.8596 -2474.0635 -2496.2295 -2519.2366 -2542.1667 -2565.0842 -2588.209 -2610.3308 -2631.3455 -2649.6985 -2668.0127 -2683.8696 -2700.344 -2714.0591 -2725.52 -2735.8411 -2744.74 -2752.9243 -2760.303 -2766.9941 -2773.5955 -2779.1816 -2784.9912 -2791.272 -2798.5464 -2806.1501 -2814.1504 -2822.1987 -2830.4861 -2839.8276
-2806.4595 -2796.8018 -2785.5068 -2772.2046 -2758.5251 -2743.6011 -2728.9663 -2714.7927 -2699.9102 -2682.7458 -2663.4875 -2642.74 -2621.0718 -2598.5134 -2575.4778 -2553.3423 -2532.6218 -2513.4221 -2495.5195 -2479.0457 -2465.0933 -2454.0422 -2445.165 -2438.8843 -2434.8748 -2433.1135 -2433.4131 -2434.6216 -2438.1614 -2444.0583 -2451.8384 -2461.8972 -2473.311 -2488.9575 -2505.0701 -2523.6755 -2543.4214 -2563.0637 -2581.7476 -2602.6047 -2623.4944 -2644.8313 -2666.0466 -2685.5085 -2705.9788 -2725.3804 -2743.7998 -2761.8823 -2778.8872 -2794.3127 -2806.6997 -2816.0935 -2824.8755 -2833.7061 -2842.9556 -2852.7595 -2862.5635 -2871.5354 -2879.4978 -2888.4495
-2553.6665 -2563.3491 -2574.106 -2589.6914 -2608.668 -2629.7188 -2651.4456 -2676.3054 -2708.6692 -2743.2366 -2776.9331 -2807.7571 -2833.5969 -2856.5422 -2875.3235 -2889.1328 -2898.4915 -2902.906 -2902.4595 -2899.1934 -2893.2678 -2885.1545 -2874.8721 -2863.366 -2851.8464 -2840.5645 -2830.8726 -2821.0027 -2812.6292 -2805.6333 -2800.5549 -2794.4683 -2789.0474 -2783.4619 -2778.676 -2774.2913 -2769.1672 -2764.8992 -2759.5896 -2752.8569 -2746.1323 -2739.0173 -2726.7346 -2712.6709 -2699.0732 -2686.7241 -2673.5347 -2660.9202 -2650.5234 -2640.3931 -2629.7246 -2621.3738 -2616.6753 -2613.8276 -2613.2107 -2616.1555 -2622.2231 -2629.9055 -2640.2327 -2652.5784
-2176.7393 -2172.4871 -2171.0151 -2178.1396 -2190.7427 -2205.3447 -2222.6345 -2241.1792 -2263.0254 -2288.092 -2317.842 -2349.3052 -2380.4329 -2414.1184 -2448.4124 -2481.2312 -2513.116 -2544.9832 -2576.7451 -2608.1956 -2641.0583 -2676.5027 -2713.3123 -2750.9109 -2789.428 -2830.2397 -2874.0364 -2917.8008 -2955.6104 -2986.7021 -3016.7422 -3045.8604 -3071.645 -3092.7307 -3110.8579 -3127.8945 -3142.106 -3152.6165 -3157.3311 -3158.1602 -3157.0273 -3153.0833 -3146.9209 -3140.2166 -3130.9871 -3120.7856 -3108.9807 -3097.238 -3085.2869 -3071.4851 -3056.3018 -3041.3965 -3026.5723 -3011.3164 -2995.9417 -2979.9797 -2964.5486 -2949.9756 -2935.5923 -2922.3545
-2141.4421 -2128.3105 -2117.4246 -2106.9016 -2098.196 -2089.3467 -2080.0269 -2070.7793 -2062.0654 -2055.2725 -2050.9934 -2047.4358 -2045.1602 -2046.0167 -2050.7944 -2060.3562 -2076.7598 -2100.8933 -2130.7661 -2164.929 -2204.8701 -2249.3987 -2296.3374 -2342.6973 -2387.1873 -2432.6687 -2481.7312 -2534.6782 -2585.7871 -2632.686 -2675.606 -2717.8296 -2762.2925 -2808.4609 -2853.717 -2898.8123 -2942.7825 -2985.4751 -3024.647 -3054.9778 -3080.4351 -3102.6792 -3120.801 -3134.2939 -3144.6768 -3151.8911 -3155.4824 -3157.5518 -3159.3555 -3160.2937 -3161.6707 -3164.1135 -3165.8745 -3167.5874 -3168.5667 -3168.2788 -3167.6123 -3165.6113 -3162.0959 -3157.6821
-2149.6296 -2163.9453 -2174.936 -2180.6978 -2181.0969 -2177.7905 -2170.8525 -2158.9429 -2142.7773 -2123.3455 -2100.4373 -2075.3994 -2050.2983 -2025.8868 -2004.5222 -1986.8922 -1970.0917 -1954.761 -1941.7112 -1929.7098 -1918.5985 -1909.3273 -1903.4475 -1901.5118 -1904.8236 -1912.7314 -1925.5156 -1941.2269 -1959.6255 -1979.2386 -1999.6472 -2022.6812 -2047.1205 -2073.5334 -2101.0054 -2132.2151 -2164.5449 -2194.967 -2229.1509 -2266.0212 -2308.2063 -2350.5945 -2396.6453 -2445.8374 -2500.8462 -2560.9702 -2622.9033 -2686.7471 -2751.3867 -2812.4924 -2868.9324 -2921.1504 -2968.6833 -3011.8977 -3050.8284 -3085.9487 -3113.6531 -3134.5989 -3153.5813 -3170.4651
-2138.3044 -2159.2063 -2177.7529 -2193.6069 -2208.0261 -2220.3113 -2230.1511 -2237.8123 -2245.3584 -2252.4358 -2258.7996 -2264.6836 -2269.5469 -2273.8721 -2277.7878 -2280.7798 -2283.2964 -2285.2915 -2286.8945 -2287.9265 -2287.9573 -2287.0142 -2285.1418 -2282.3589 -2279.4033 -2276.5703 -2270.8889 -2262.7417 -2252.6343 -2239.7217 -2224.6133 -2206.6907 -2188.3679 -2169.2014 -2150.8779 -2132.7354 -2118.4578 -2108.2268 -2103.3328 -2106.5645 -2115.98 -2130.7656 -2154.3582 -2190.5952 -2234.5085 -2282.8101 -2335.8545 -2392.2246 -2452.2024 -2513.3315 -2573.0325 -2631.502 -2690.5364 -2748.7566 -2804.4573 -2857.3972 -2907.6902 -2954.7515 -2998.71 -3040.9949
-2092.5396 -2115.6143 -2137.5344 -2161.0146 -2184.4902 -2207.9585 -2230.1326 -2248.8245 -2266.1663 -2283.1194 -2298.6208 -2312.9023 -2326.7268 -2339.9841 -2352.2456 -2363.4607 -2374.6738 -2385.322 -2394.9285 -2404.7058 -2414.2625 -2424.7268 -2435.2505 -2446.1191 -2456.5938 -2466.7668 -2475.4077 -2481.1765 -2484.6208 -2485.9744 -2484.3906 -2478.8052 -2470.8411 -2459.8787 -2446.7346 -2433.4263 -2418.1719 -2404.8708 -2393.7302 -2385.8389 -2383.1001 -2384.729 -2392.5164 -2405.689 -2424.9719 -2449.6533 -2479.9844 -2513.6736 -2551.2903 -2592.3015 -2637.1785 -2684.5461 -2732.6221 -2781.0522 -2830.8926 -2880.3994 -2927.4268 -2974.4429 -3020.9812 -3064.5186
-1820.8896 -1855.7772 -1892.1313 -1927.8036 -1965.2607 -2009.6024 -2060.3142 -2111.4553 -2159.605 -2203.572 -2243.3982 -2279.6084 -2309.9065 -2336.0286 -2358.51 -2378.9297 -2398.2761 -2415.9856 -2432.1853 -2447.3071 -2461.3389 -2473.6228 -2484.4358 -2493.4368 -2501.0317 -2506.8357 -2511.2866 -2514.6404 -2516.937 -2517.3906 -2516.5835 -2513.8845 -2509.9985 -2505.0684 -2499.1116 -2491.1506 -2484.0342 -2475.9443 -2466.8486 -2458.7271 -2450.5684 -2442.4822 -2435.2881 -2428.21 -2421.8235 -2415.1038 -2410.8308 -2407.0039 -2404.6819 -2403.1021 -2403.7144 -2405.5674 -2410.5229 -2417.239 -2428.5801 -2444.7688 -2462.4099 -2482.1338 -2504.4009 -2529.2781
-1572.0618 -1591.8479 -1617.4254 -1648.0233 -1686.3231 -1732.2705 -1782.104 -1835.6603 -1893.6808 -1953.7739 -2013.4897 -2071.0706 -2124.7637 -2174.4109 -2222.3191 -2269.5818 -2314.1711 -2355.5176 -2394.76 -2431.1528 -2464.1016 -2492.6965 -2516.8035 -2535.4104 -2550.6267 -2563.7126 -2573.9358 -2580.2732 -2584.866 -2589.2439 -2591.1711 -2592.5718 -2593.1072 -2592.6035 -2591.9956 -2589.4253 -2586.7319 -2582.9861 -2578.1633 -2573.1648 -2566.2258 -2558.2117 -2549.2288 -2539.2017 -2528.1306 -2515.8557 -2502.1982 -2488.666 -2472.0964 -2452.7805 -2432.3135 -2412.2625 -2391.8394 -2373.1333 -2357.4326 -2343.9653 -2331.0757 -2319.8748 -2310.415 -2301.833
