Resources/Map/Lvl0_30x30/Ele_AF.asc
ncols         335
nrows         335
xllcorner     -3295000
yllcorner     6675000
cellsize      10000
nodata_value  -99999.0
[rows 286 to 311 of 335, columns 236 to 294 of 335]
-1813.0377 -1917.4152 -2006.9133 -2052.1077 -2072.0361 -2085.8557 -2098.7346 -2085.1616 -2063.873 -2087.7637 -2119.6431 -2103.165 -2126.4492 -2202.033 -2295.4524 -2393.2285 -2514.1208 -2622.2585 -2739.9001 -2907.7683 -3016.2573 -3106.2432 -3222.4404 -3274.2351 -3280.1228 -3317.1255 -3335.8557 -3345.4531 -3326.4983 -3240.1643 -3126.1543 -3054.1494 -3024.541 -3050.4443 -3144.6316 -3254.3892 -3324.3005 -3378.2896 -3386.425 -3359.012 -3339.1768 -3342.0647 -3321.8564 -3267.626 -3220.4871 -3210.4824 -3209.9946 -3197.2478 -3207.2646 -3246.9299 -3260.582 -3218.4922 -3141.991 -3089.5273 -3055.7937 -3029.1536 -3029.0134 -3044.918 -3051.6582
-1648.3782 -1711.9126 -1778.7576 -1839.3199 -1879.7744 -1895.2964 -1911.25 -1888.2715 -1895.9581 -2015.802 -2131.1509 -2170.7205 -2164.8503 -2242.9189 -2355.9392 -2467.9053 -2566.293 -2657.6379 -2733.0591 -2820.1003 -2863.3872 -2898.5078 -2945.0413 -3007.9736 -3072.718 -3232.2031 -3377.5093 -3468.4666 -3477.0273 -3394.3 -3302.1953 -3231.5034 -3227.262 -3285.6719 -3383.4314 -3448.4941 -3461.6248 -3458.2297 -3435.4626 -3408.4553 -3359.1177 -3273.4583 -3209.8069 -3212.0764 -3233.1968 -3255.7175 -3258.6453 -3212.4678 -3152.6128 -3128.9683 -3108.8447 -3082.1685 -3068.2068 -3006.7864 -2938.686 -2921.3337 -2932.7239 -2947.2332 -2958.4131
-1316.9888 -1368.7041 -1422.0939 -1463.6792 -1497.3885 -1522.411 -1553.9166 -1578.4589 -1611.2883 -1704.3691 -1856.7056 -1990.7209 -2078.9885 -2183.9917 -2286.8643 -2404.4397 -2489.3621 -2548.8318 -2623.9233 -2718.4153 -2810.8267 -2902.7046 -3003.718 -3062.1294 -3137.0352 -3271.5024 -3416.031 -3482.989 -3495.5105 -3468.9209 -3456.2109 -3445.1836 -3405.2773 -3408.0154 -3449.9072 -3477.0908 -3489.1479 -3484.6616 -3465.0842 -3426.8865 -3327.1677 -3187.1758 -3150.2007 -3227.3445 -3260.7141 -3256.6921 -3225.3118 -3146.0005 -3061.9709 -3013.1711 -2970.7708 -2965.7549 -3020.1062 -2982.303 -2914.1697 -2909.6123 -2912.6621 -2899.448 -2890.6042
-1107.1262 -1161.7367 -1217.0433 -1265.6991 -1299.0908 -1339.3589 -1395.6207 -1443.0481 -1516.1283 -1642.6563 -1810.7921 -1983.6234 -2123.5427 -2235.6777 -2314.4526 -2394.7358 -2484.3186 -2574.5974 -2664.4309 -2737.4548 -2802.0117 -2880.2637 -2985.0784 -3121.3452 -3220.7083 -3309.5337 -3398.1785 -3445.0083 -3479.0491 -3476.9265 -3433.8203 -3355.3015 -3280.1262 -3301.4937 -3405.1074 -3465.4155 -3452.2444 -3420.2656 -3373.4045 -3285.6736 -3208.2292 -3169.1118 -3160.5303 -3190.2842 -3220.6189 -3215.8325 -3177.0884 -3099.1458 -3020.4849 -2970.2734 -2933.9258 -2918.9709 -2944.1821 -2938.093 -2925.6968 -2926.9875 -2921.7173 -2922.4319 -2923.3086
-1010.3574 -1067.5969 -1119.4625 -1170.126 -1219.6484 -1271.4142 -1332.4521 -1407.3677 -1501.1289 -1617.7114 -1759.2041 -1900.5555 -2019.3914 -2134.991 -2242.3213 -2342.6943 -2442.0996 -2525.6028 -2590.6536 -2659.0398 -2738.2346 -2847.957 -2979.5757 -3125.3193 -3258.78 -3352.624 -3366.593 -3381.7878 -3413.1223 -3387.7439 -3273.4473 -3174.5044 -3171.2092 -3204.8276 -3250.2742 -3263.0789 -3243.8252 -3214.0337 -3139.9993 -3094.8816 -3069.6675 -3074.9941 -3091.8447 -3111.2537 -3117.519 -3074.8423 -3018.0034 -2980.3035 -2976.27 -2973.3953 -2945.6379 -2919.6504 -2924.2117 -2934.2126 -2924.4966 -2893.5515 -2881.356 -2898.3037 -2915.3691
-927.2324 -977.5792 -1021.9873 -1067.2095 -1125.2657 -1192.3186 -1247.0961 -1331.6248 -1441.1221 -1540.7009 -1638.927 -1744.0242 -1855.7797 -1984.7185 -2059.9863 -2135.2605 -2237.8152 -2332.1711 -2422.0244 -2506.8708 -2590.8108 -2687.3103 -2793.9121 -2881.0554 -2966.8701 -3033.4155 -3018.7107 -3052.9851 -3116.967 -3086.1882 -3040.0737 -2988.8142 -2976.8735 -2966.1729 -2937.4231 -2922.0151 -2943.3269 -2955.407 -2951.6377 -2962.5286 -2943.0403 -2913.7129 -2927.262 -2972.9871 -2975.9753 -2925.8394 -2893.3044 -2870.2803 -2868.9065 -2879.6211 -2868.2827 -2865.3191 -2890.876 -2902.3562 -2883.0078 -2861.8848 -2858.2534 -2876.9124 -2910.6868
-865.1193 -909.7949 -940.0175 -971.6403 -1024.2037 -1099.5698 -1165.5963 -1204.8113 -1272.6135 -1377.9436 -1475.4913 -1576.2147 -1674.6234 -1726.1187 -1740.5068 -1766.4618 -1864.257 -1970.5854 -2070.9146 -2125.8853 -2155.1597 -2226.4602 -2339.2405 -2385.6689 -2404.521 -2461.4551 -2520.3059 -2609.2817 -2668.5815 -2668.4102 -2690.7029 -2735.8262 -2788.1055 -2792.8198 -2744.1316 -2747.2026 -2783.2002 -2814.6047 -2830.155 -2838.4297 -2776.0291 -2699.5447 -2683.6279 -2724.4331 -2767.7017 -2787.1379 -2795.8027 -2764.4856 -2721.2891 -2721.6191 -2746.5225 -2770.8147 -2797.751 -2819.8564 -2838.0168 -2844.8022 -2852.5916 -2874.4009 -2892.0161
-802.8757 -842.413 -879.2051 -917.9281 -964.3672 -1013.1636 -1063.8771 -1108.1057 -1165.1547 -1233.4086 -1313.9946 -1369.2634 -1401.4781 -1464.5956 -1535.6221 -1588.8353 -1646.2122 -1701.5621 -1753.1676 -1797.3081 -1825.566 -1873.0752 -1945.1321 -2010.0106 -2066.9009 -2139.8645 -2221.7185 -2315.0896 -2366.5178 -2358.144 -2364.3398 -2409.4182 -2485.969 -2569.1123 -2581.603 -2564.0981 -2587.6206 -2641.8682 -2673.4504 -2666.7192 -2604.8237 -2541.5771 -2531.5554 -2581.3599 -2644.884 -2674.1882 -2673.7903 -2659.908 -2651.5417 -2658.3347 -2674.2415 -2696.8201 -2732.6167 -2787.7625 -2832.2583 -2850.0706 -2864.6174 -2875.1738 -2877.3164
-724.3401 -763.6418 -792.608 -826.337 -874.1573 -911.1607 -958.54 -1005.2511 -1049.6348 -1102.8909 -1142.8717 -1158.3033 -1202.0826 -1276.1425 -1375.0593 -1453.7313 -1511.4152 -1553.7057 -1576.983 -1594.2701 -1633.0867 -1688.2612 -1743.4551 -1803.7335 -1876.0928 -1949.6858 -2000.1125 -2032.116 -2078.6418 -2097.4246 -2108.1572 -2140.8716 -2213.248 -2298.7012 -2346.3379 -2380.7646 -2433.5474 -2487.1296 -2507.272 -2513.7795 -2482.6428 -2451.2815 -2476.606 -2539.7109 -2588.9009 -2611.0022 -2611.896 -2599.6731 -2599.3291 -2626.3467 -2671.4927 -2719.405 -2777.5405 -2862.0244 -2906.4448 -2893.9741 -2865.1226 -2830.6912 -2799.5212
-665.178 -692.3927 -723.9418 -753.1679 -778.3909 -809.9117 -858.7487 -899.2548 -952.0206 -1004.9125 -1043.4657 -1089.2545 -1141.1425 -1216.8164 -1300.6675 -1371.2638 -1416.4305 -1444.9775 -1477.793 -1497.6307 -1520.8861 -1573.7152 -1609.0441 -1651.887 -1724.2191 -1781.2485 -1786.1332 -1808.0475 -1875.2411 -1904.0988 -1921.423 -1971.4816 -2015.1686 -2077.7722 -2175.0205 -2246.863 -2292.6099 -2335.7102 -2363.5034 -2384.5144 -2403.387 -2417.5068 -2442.1077 -2497.4182 -2543.8027 -2565.1392 -2592.7803 -2611.9543 -2620.825 -2651.4531 -2723.2195 -2829.4756 -2892.6086 -2865.2183 -2832.3386 -2818.6191 -2821.6494 -2807.7156 -2742.0044
-604.3508 -630.0901 -665.8852 -689.8463 -710.6564 -741.7186 -792.765 -853.5068 -902.7925 -947.7445 -996.984 -1054.2188 -1124.3486 -1193.86 -1250.9498 -1304.2657 -1361.3042 -1390.6655 -1424.1613 -1463.2183 -1488.7881 -1527.9578 -1573.4083 -1595.6652 -1627.2878 -1664.1837 -1707.6489 -1791.3805 -1883.692 -1924.4396 -1945.9401 -1986.7479 -2036.7068 -2074.2776 -2138.498 -2216.5732 -2264.2161 -2274.4802 -2306.7698 -2350.7676 -2394.6565 -2437.8057 -2453.0171 -2471.7893 -2500.762 -2535.7373 -2586.5188 -2638.6199 -2668.6448 -2683.1162 -2710.0349 -2741.2805 -2740.0415 -2700.1125 -2667.1792 -2670.7205 -2701.5198 -2718.5403 -2686.2939
-569.7344 -589.4415 -621.5164 -646.5422 -671.6826 -718.7167 -777.5056 -830.4568 -883.8668 -948.576 -1015.9548 -1085.5521 -1152.4381 -1205.2272 -1243.4896 -1268.9795 -1308.4423 -1354.8668 -1393.3628 -1433.6678 -1477.359 -1533.3507 -1595.4236 -1632.5072 -1662.1052 -1722.4478 -1793.4902 -1857.8851 -1939.5004 -1984.2081 -2006.1211 -2051.9783 -2100.1919 -2140.1191 -2178.115 -2205.5452 -2230.4451 -2247.4729 -2288.9009 -2341.073 -2401.9126 -2440.4814 -2444.979 -2469.5427 -2498.8357 -2520.2539 -2567.8831 -2618.2683 -2636.7744 -2634.8411 -2630.835 -2629.4502 -2613.1018 -2578.5825 -2545.4146 -2540.9761 -2581.9583 -2627.9553 -2579.6746
-550.707 -566.9338 -595.9069 -628.9987 -663.4883 -698.2192 -753.0976 -832.4159 -914.5797 -983.6513 -1041.9098 -1086.9203 -1123.9091 -1168.7588 -1214.3932 -1249.6223 -1298.2242 -1345.03 -1380.4131 -1423.8809 -1479.3905 -1550.386 -1626.6589 -1711.2716 -1798.8949 -1832.7479 -1878.0096 -1950.41 -2050.1011 -2103.5723 -2094.1306 -2087.1445 -2110.0554 -2140.6497 -2171.626 -2214.3901 -2250.5283 -2277.2725 -2318.5295 -2379.0281 -2427.5498 -2454.5156 -2470.0452 -2499.6353 -2538.5103 -2552.6436 -2553.4519 -2547.9841 -2528.7571 -2523.1646 -2523.7185 -2524.3279 -2528.9368 -2518.6399 -2487.3745 -2454.7285 -2462.1802 -2513.8301 -2504.8672
-522.289 -539.9381 -568.9348 -612.9272 -651.9354 -688.6434 -747.4007 -817.7948 -883.2443 -933.8307 -980.0458 -1021.0367 -1056.6898 -1086.749 -1121.1796 -1167.2836 -1216.8712 -1271.3815 -1324.7366 -1378.6243 -1454.3107 -1555.6528 -1660.5642 -1727.3475 -1782.6489 -1844.354 -1878.8226 -1905.4963 -1956.8477 -1996.9558 -2046.5842 -2089.0562 -2109.3525 -2131.3623 -2168.9756 -2203.4658 -2237.5796 -2266.427 -2304.8696 -2353.5181 -2400.2974 -2405.5752 -2389.406 -2385.155 -2421.5798 -2469.5327 -2483.8442 -2477.8599 -2450.3394 -2417.6318 -2415.292 -2429.5178 -2414.6147 -2373.9268 -2329.9622 -2273.4661 -2237.5195 -2290.4258 -2325.8171
-472.684 -506.6246 -554.1517 -596.2852 -630.319 -660.9004 -702.8985 -752.2269 -797.3856 -838.7208 -876.399 -902.0865 -919.2496 -939.478 -968.0054 -998.3164 -1039.3123 -1099.3259 -1175.1609 -1244.3442 -1305.7247 -1404.4497 -1521.5797 -1565.8171 -1632.4786 -1687.6426 -1699.8052 -1710.9324 -1733.5664 -1806.1926 -1886.957 -1930.042 -1964.385 -2022.1041 -2077.5642 -2113.9912 -2143.7449 -2167.1616 -2201.1875 -2235.6257 -2265.6667 -2239.7346 -2182.7798 -2184.502 -2253.2268 -2326.8506 -2358.7285 -2358.3901 -2339.4373 -2297.4688 -2229.7334 -2209.6194 -2187.6426 -2097.0586 -1992.9524 -1917.4165 -1907.2234 -1964.8801 -2002.7491
-485.2907 -516.5828 -550.9167 -577.4582 -600.1049 -621.9557 -648.4501 -674.8867 -693.0302 -712.1511 -729.195 -733.5586 -737.2529 -748.0427 -756.5131 -767.2109 -801.1456 -860.5692 -892.028 -928.3082 -945.5079 -1061.7897 -1184.9114 -1180.993 -1242.9454 -1304.5083 -1278.1735 -1324.7231 -1339.9286 -1335.8574 -1419.8076 -1504.691 -1608.917 -1662.4603 -1654.1934 -1705.1075 -1729.2297 -1763.65 -1814.9315 -1852.8169 -1874.6763 -1846.2821 -1789.443 -1830.6525 -1890.3531 -1902.5129 -1939.4657 -1951.9451 -1934.1068 -1856.6658 -1755.7247 -1716.076 -1707.2468 -1634.1735 -1564.0046 -1541.6641 -1557.0847 -1588.6449 -1604.8226
-478.8476 -499.6997 -531.6548 -552.6298 -569.3389 -589.3261 -601.3646 -608.2124 -613.095 -608.2104 -600.4136 -595.3677 -586.5588 -570.448 -561.6292 -564.9373 -568.0708 -579.2847 -592.4451 -577.8529 -585.0782 -606.6196 -663.9951 -683.2686 -688.3658 -725.2595 -770.6017 -775.0184 -800.0427 -810.777 -859.9105 -936.8175 -1023.062 -999.0175 -1054.4238 -1195.7356 -1208.7942 -1231.8422 -1253.2811 -1263.8934 -1284.8739 -1288.7229 -1286.1089 -1328.5643 -1350.6436 -1351.4517 -1381.5374 -1419.9644 -1419.5417 -1388.1696 -1352.9469 -1322.4253 -1293.7329 -1262.6534 -1243.8055 -1229.7507 -1245.16 -1271.8215 -1280.3511
-475.8564 -491.9536 -518.3658 -535.2164 -541.5014 -545.1055 -539.902 -531.4952 -519.9279 -486.5122 -456.2897 -440.6344 -426.8852 -409.3624 -392.2931 -383.1775 -374.8405 -371.4974 -356.4984 -348.8838 -352.9965 -363.9091 -371.3975 -353.034 -397.5549 -442.1192 -459.5134 -479.4796 -517.7958 -559.424 -623.5197 -669.449 -688.8401 -686.1043 -746.2667 -824.2834 -879.3255 -893.5126 -909.7767 -922.7724 -950.2265 -981.5482 -1014.3041 -1041.2178 -1046.7515 -1043.1007 -1050.4436 -1067.7145 -1089.657 -1105.5874 -1097.3209 -1072.8292 -1041.679 -1020.0772 -1019.0064 -1012.9349 -1007.8071 -1014.9063 -1017.5095
-494.9571 -499.0699 -508.1321 -513.7353 -502.8961 -479.5695 -450.6115 -417.9112 -377.1859 -314.4183 -270.3073 -250.36 -239.8621 -217.259 -200.1521 -202.6165 -204.0514 -198.2406 -182.7514 -172.6435 -185.6296 -202.1219 -189.9559 -204.1816 -257.1057 -304.8891 -311.2075 -326.2323 -357.6659 -402.0461 -440.8705 -458.1653 -492.1443 -540.4317 -587.005 -620.9451 -666.7556 -682.3984 -701.8019 -723.593 -749.6018 -787.0591 -815.2674 -835.5862 -848.567 -851.9861 -865.4496 -879.2158 -885.3444 -887.5566 -878.5291 -867.151 -866.7103 -867.5206 -870.4346 -871.54 -864.0737 -856.8665 -847.5538
-485.0151 -479.6581 -464.1249 -431.9496 -388.949 -343.2501 -284.5479 -227.8354 -196.9581 -169.9102 -152.1093 -144.0451 -138.6306 -133.4518 -137.1152 -144.5184 -146.099 -143.8153 -138.2505 -135.1041 -132.4951 -134.0446 -132.6996 -136.6603 -154.0314 -168.846 -182.3309 -208.4404 -217.8036 -245.1924 -291.9061 -317.8531 -347.0452 -390.9149 -433.5555 -437.727 -503.4836 -566.4483 -575.6169 -600.5889 -612.9775 -621.0175 -630.1735 -651.3676 -691.4311 -729.6778 -751.9102 -757.3798 -764.3062 -765.5366 -756.6171 -756.09 -766.2278 -772.9661 -766.4114 -762.7653 -754.9274 -738.933 -727.3407
-399.5434 -369.9191 -331.8155 -280.1726 -247.4924 -213.8365 -185.3257 -161.4422 -136.6946 -123.1129 -117.2488 -111.3169 -104.8984 -99.6665 -102.2163 -106.9978 -110.0296 -105.0548 -97.0295 -89.0671 -92.373 -96.8403 -98.7888 -100.258 -106.5563 -118.5055 -138.1115 -151.5313 -157.0224 -173.4775 -191.5409 -200.4921 -212.1838 -233.7224 -261.1503 -298.455 -377.0665 -428.8496 -441.2641 -468.8389 -481.3406 -483.4177 -485.6207 -509.1249 -562.6472 -608.6819 -622.3244 -629.0454 -652.7318 -666.0748 -655.0675 -645.6488 -651.2649 -660.5968 -664.903 -666.3032 -658.8565 -650.4343 -640.7939
-247.9304 -204.1963 -182.826 -208.4601 -204.3429 -159.5615 -181.7094 -157.7235 -110.4701 -98.6292 -96.4556 -97.5275 -96.9568 -92.7436 -93.4297 -90.4254 -92.0346 -79.4977 -57.6351 -44.4098 -26.9606 -51.3235 -65.4342 -64.6575 -79.2064 -91.9244 -103.2254 -110.9869 -120.7744 -140.7745 -158.4659 -168.3375 -178.1793 -192.1234 -199.8754 -203.0464 -242.7643 -297.339 -321.6676 -354.6042 -366.7282 -362.201 -354.6103 -370.541 -407.4854 -440.346 -462.8203 -492.3754 -528.5081 -550.0641 -555.6381 -560.7671 -568.517 -575.1348 -579.5254 -583.6523 -590.0696 -593.3979 -597.009
-160.1066 -138.8232 -129.7488 -134.5204 -134.272 -125.6931 -125.8701 -116.1998 -102.6295 -97.7138 -95.1638 -93.0075 -65.2877 -7.2939 -0.1958 36.6514 2.6049 1.4408 33.4899 39.7252 228.9763 19.6272 -16.2133 -17.052 -70.1926 -88.061 -93.0065 -102.3635 -119.8676 -142.4028 -165.4061 -186.2812 -194.4464 -192.1297 -184.9556 -185.4494 -199.3724 -232.0483 -256.9659 -274.3622 -290.6978 -298.4306 -289.3429 -280.0385 -285.326 -308.8029 -341.0117 -379.422 -427.5614 -463.3866 -477.0707 -496.9026 -525.6405 -536.8297 -536.0206 -557.6545 -586.4408 -602.3458 -639.4421
-140.4645 -130.0732 -124.7754 -120.2555 -111.529 -106.0153 -106.4148 -103.532 -97.4704 -94.3419 -89.0771 -77.8577 16.808 301.4334 199.1167 338.0296 381.8752 149.0462 67.8692 317.7079 396.7705 232.6369 447.8899 -31.5642 -84.083 -98.1146 -104.2173 -124.0555 -148.18 -172.2012 -202.2967 -218.1488 -196.152 -164.4176 -149.0441 -159.5356 -174.9756 -191.1057 -207.4171 -224.2994 -250.3397 -276.3338 -276.2464 -257.8951 -243.3487 -257.2597 -290.8557 -322.1048 -369.6257 -413.456 -415.0991 -413.884 -456.2269 -509.8973 -549.5162 -628.7645 -719.256 -804.6393 -922.3351
-141.4377 -128.8855 -122.4149 -116.4635 -108.448 -104.1675 -102.2575 -88.9925 -68.1421 -61.7873 -37.7258 -6.7633 80.2781 245.7811 357.3486 289.9923 84.41 325.8888 306.0088 21.2585 20.2203 -11.2284 -53.3487 -80.5816 -100.3846 -105.1949 -115.733 -139.7043 -162.5024 -184.8854 -203.0744 -194.4379 -171.327 -162.6071 -164.723 -164.4169 -163.1323 -173.1311 -187.3671 -195.1944 -217.2457 -257.7027 -285.2598 -290.0655 -279.4303 -273.8106 -289.0701 -323.3599 -379.492 -425.7419 -432.3419 -445.8387 -502.2148 -577.1609 -668.8619 -798.667 -928.3615 -1053.0442 -1201.9641
-152.7616 -136.5143 -127.7327 -121.4037 -114.2488 -109.5069 -107.205 -86.205 -49.802 -43.6658 -2.3959 58.1153 78.2714 289.881 235.1242 119.6554 368.9777 181.8332 8 2.2941 -39.7813 -67.1411 -82.98 -94.8353 -112.5993 -117.2625 -129.974 -150.9925 -170.0607 -184.367 -190.5949 -189.1554 -182.6782 -180.6987 -179.9886 -182.306 -182.0509 -183.4515 -185.4805 -172.58 -181.8184 -236.3512 -304.0385 -345.8717 -352.013 -345.4719 -356.2766 -394.146 -452.2301 -504.7661 -544.0598 -600.5894 -663.4307 -721.6973 -812.4985 -937.9155 -1064.8856 -1205.9818 -1356.8795
