Resources/Map/Lvl0_30x30/Ele_EA.asc
ncols         335
nrows         335
xllcorner     -20045000
yllcorner     -6725000
cellsize      10000
nodata_value  -99999.0
[rows 272 to 305 of 335, columns 77 to 153 of 335]
-5121 -5127 -5167 -5133 -5148 -5184 -5162 -5180 -5189 -5096 -5044 -5065 -5053 -5017 -4998 -4963 -4916 -4924 -4991 -5045 -5035 -5005 -4963 -4883 -4853 -4928 -4941 -4875 -4882 -4934 -4898 -4801 -4804 -4874 -4910 -4961 -4995 -4914 -4868 -4914 -4939 -4967 -5024 -4988 -5001 -5029 -4885 -4796 -4856 -5048 -5274 -5306 -5115 -4894 -4711 -4537 -4488 -4563 -4598 -4618 -4708 -4781 -4779 -4713 -4614 -4491 -4388 -4457 -4630 -4806 -4974 -5136 -5232 -5190 -5035 -4889 -4807
-5068 -5100 -5118 -5086 -5060 -5022 -5093 -5099 -5102 -5093 -5026 -4993 -4976 -4984 -4965 -4923 -4896 -4949 -5034 -5045 -4956 -4911 -4904 -4824 -4913 -4994 -4937 -4871 -4945 -5030 -5012 -4920 -4888 -4918 -4991 -4980 -4889 -4851 -4919 -5002 -4997 -5047 -5079 -5014 -4916 -4956 -4839 -4647 -4574 -4627 -4853 -5065 -5161 -5183 -5067 -4785 -4568 -4553 -4622 -4693 -4688 -4587 -4495 -4503 -4517 -4520 -4547 -4544 -4639 -4783 -4940 -5091 -5173 -5075 -4780 -4463 -4349
-5112 -5075 -5069 -5083 -5053 -5046 -5067 -5065 -5040 -5016 -5034 -5016 -5009 -5013 -4967 -4911 -4905 -4957 -4991 -4951 -4873 -4867 -4957 -4916 -4936 -4958 -4907 -4922 -4973 -4969 -4958 -4958 -4954 -4929 -4865 -4836 -4826 -4844 -4869 -4806 -4865 -4916 -4899 -4901 -4894 -4833 -4748 -4688 -4604 -4590 -4697 -4798 -4912 -5115 -5246 -5171 -5003 -4879 -4821 -4756 -4583 -4408 -4391 -4548 -4738 -4896 -4934 -4647 -4568 -4572 -4667 -4861 -5028 -5010 -4816 -4553 -4330
-5004 -5002 -5038 -5068 -5073 -5057 -5058 -5123 -5094 -5006 -5029 -5036 -5014 -4982 -4941 -4919 -4908 -4930 -4930 -4908 -4935 -4970 -4970 -4936 -4897 -4956 -5069 -5014 -4959 -4941 -4943 -4888 -4820 -4794 -4764 -4737 -4765 -4817 -4900 -4908 -4907 -4914 -4857 -4835 -4822 -4800 -4809 -4770 -4699 -4700 -4703 -4628 -4577 -4683 -4909 -5168 -5371 -5337 -5115 -4839 -4592 -4474 -4513 -4625 -4721 -4763 -4781 -4779 -4680 -4593 -4574 -4639 -4779 -4911 -5003 -5019 -4910
-4960 -4985 -5015 -5017 -5036 -5048 -5029 -5117 -5302 -5093 -4938 -4987 -4973 -4931 -4937 -4957 -4948 -4927 -4902 -4898 -4952 -4965 -4932 -4887 -4909 -4995 -5027 -4959 -4856 -4907 -4963 -4868 -4741 -4694 -4701 -4710 -4799 -4940 -5025 -4999 -4990 -4958 -4885 -4765 -4668 -4649 -4742 -4766 -4722 -4658 -4563 -4479 -4378 -4207 -4111 -4387 -5047 -5496 -5447 -5105 -4795 -4668 -4663 -4689 -4705 -4668 -4632 -4823 -4848 -4838 -4844 -4843 -4827 -4734 -4680 -4840 -5072
-4886 -4923 -4988 -5014 -5012 -5013 -5031 -5058 -5096 -5067 -4993 -4939 -4930 -4963 -5024 -5031 -4975 -4976 -4941 -4923 -4934 -4936 -4894 -4907 -4984 -5001 -4946 -4835 -4785 -4922 -5073 -5032 -4905 -4843 -4876 -4955 -4992 -5031 -5022 -5043 -4971 -4784 -4670 -4629 -4659 -4821 -4983 -4920 -4773 -4627 -4507 -4496 -4502 -4416 -4232 -4133 -4364 -4833 -5208 -5302 -5245 -5167 -5025 -4877 -4798 -4727 -4580 -4527 -4651 -4820 -5054 -5218 -5084 -4648 -4305 -4394 -4676
-5004 -5032 -5018 -4974 -4959 -4976 -5006 -5019 -5007 -4970 -4965 -4962 -4972 -4991 -4991 -5014 -5009 -4989 -4968 -4943 -4932 -4926 -4928 -4944 -5021 -5007 -4977 -4939 -4968 -5147 -5333 -5261 -5088 -5067 -5160 -5220 -5276 -4989 -4946 -5214 -5196 -4951 -4801 -4808 -4935 -5006 -4997 -4895 -4835 -4770 -4720 -4676 -4666 -4685 -4677 -4545 -4385 -4421 -4640 -4934 -5305 -5564 -5491 -5169 -4871 -4671 -4525 -4471 -4518 -4663 -4938 -5150 -5093 -4801 -4523 -4416 -4338
-5010 -4989 -4935 -4917 -4947 -4973 -4968 -4938 -4932 -4956 -4974 -4957 -4949 -4954 -4990 -5011 -4985 -4952 -4937 -4937 -4943 -4944 -4907 -4897 -4948 -4967 -4936 -4884 -4911 -5063 -5167 -4982 -4713 -4734 -5070 -5259 -4993 -4388 -4927 -5289 -5347 -5216 -5117 -5049 -4984 -4917 -4837 -4723 -4678 -4716 -4779 -4781 -4772 -4668 -4694 -4761 -4696 -4566 -4523 -4640 -4955 -5320 -5543 -5474 -5224 -4971 -4810 -4648 -4586 -4640 -4806 -4915 -4930 -4950 -5030 -5039 -4860
-4961 -4953 -4956 -5008 -5084 -5084 -5006 -4947 -4949 -4983 -4992 -4960 -4949 -4947 -4938 -4923 -4916 -4939 -4977 -5014 -4972 -4928 -4900 -4923 -4954 -4950 -4902 -4833 -4802 -4836 -4828 -4639 -4429 -4498 -4831 -4905 -4641 -4722 -5104 -5203 -5223 -5076 -4974 -4901 -4848 -4892 -4748 -4552 -4482 -4608 -4783 -4818 -4743 -4678 -4791 -4821 -4686 -4584 -4595 -4645 -4707 -4839 -5122 -5427 -5567 -5552 -5375 -4849 -4717 -4658 -4601 -4541 -4543 -4658 -4901 -5130 -5190
-5103 -5075 -5079 -5095 -5097 -5074 -5029 -4987 -4977 -4994 -5003 -4997 -4975 -4962 -4962 -4975 -4855 -4894 -4943 -4947 -4950 -4942 -4967 -4955 -4907 -4906 -4903 -4923 -4935 -4980 -5018 -4970 -4880 -4844 -4863 -4814 -4731 -4832 -5038 -5036 -4959 -4915 -4882 -4836 -4768 -4662 -4618 -4597 -4633 -4816 -5008 -5028 -4973 -4956 -4968 -4893 -4740 -4763 -4749 -4649 -4570 -4568 -4670 -4857 -5081 -5383 -5622 -5351 -5135 -4920 -4636 -4423 -4405 -4480 -4577 -4747 -4905
-5069 -5106 -5120 -5083 -5024 -5008 -5045 -5104 -5132 -5075 -4973 -4979 -4991 -5018 -5010 -4953 -4885 -4885 -4860 -4897 -4924 -4949 -4957 -4939 -4932 -4918 -4927 -4907 -4904 -4979 -5024 -4994 -4964 -4906 -4824 -4859 -4902 -4994 -4969 -4920 -5004 -5072 -5013 -4860 -4619 -4484 -4604 -4762 -4821 -4917 -5039 -5117 -5187 -5186 -5069 -4953 -4945 -4954 -4802 -4522 -4422 -4407 -4469 -4431 -4351 -4510 -4979 -5459 -5445 -5331 -5040 -4707 -4549 -4502 -4474 -4540 -4659
-4985 -5046 -5079 -5096 -5089 -5094 -5151 -5217 -5206 -5122 -5035 -5032 -5030 -5032 -5024 -4969 -4882 -4859 -4856 -4786 -4891 -4884 -4887 -4944 -5041 -4968 -4909 -4824 -4814 -4907 -4918 -4803 -4747 -4765 -4812 -4900 -4931 -4811 -4736 -4929 -5188 -5275 -5182 -4914 -4783 -4804 -4810 -4772 -4754 -4806 -4785 -4706 -4747 -4840 -4825 -4827 -4901 -4846 -4683 -4593 -4706 -4722 -4708 -4610 -4323 -4058 -4103 -4545 -4961 -5352 -5455 -5251 -5034 -4864 -4705 -4576 -4484
-4942 -5037 -5080 -5124 -5143 -5147 -5141 -5077 -5040 -5051 -5071 -5053 -5038 -5029 -4971 -4921 -4920 -4894 -4864 -4890 -4955 -4977 -4975 -5020 -5044 -4932 -4826 -4740 -4728 -4817 -4885 -4803 -4634 -4547 -4652 -4804 -4866 -4746 -4630 -4788 -5003 -5122 -4974 -4881 -5032 -5023 -4933 -4779 -4635 -4628 -4678 -4598 -4485 -4482 -4586 -4769 -4901 -4861 -4807 -4868 -4887 -4744 -4586 -4536 -4386 -4091 -3969 -4052 -4301 -4652 -4929 -5128 -5306 -5319 -5129 -4909 -4759
-5005 -5083 -5103 -5069 -5050 -5045 -5018 -4980 -5025 -5067 -5076 -5039 -4999 -4937 -4912 -4915 -4917 -4902 -4891 -4892 -4966 -5034 -4957 -5003 -4993 -4947 -4910 -4872 -4827 -4816 -4841 -4796 -4709 -4713 -4897 -5013 -4983 -4775 -4705 -4848 -4970 -4984 -4962 -4976 -4893 -4829 -4889 -4841 -4630 -4501 -4641 -4794 -4790 -4738 -4736 -4783 -4867 -4907 -4882 -4824 -4703 -4538 -4468 -4525 -4504 -4332 -4290 -4383 -4335 -4228 -4123 -4272 -4689 -5101 -5301 -5381 -5415
-4920 -4997 -5036 -5058 -5090 -5140 -5096 -5034 -5089 -5052 -4994 -4960 -4931 -4908 -4902 -4907 -4955 -5011 -4986 -4917 -4954 -5011 -4957 -4941 -4975 -4988 -4839 -4705 -4706 -4767 -4817 -4844 -4962 -5099 -5038 -4995 -4879 -4817 -4817 -4858 -4833 -4822 -4978 -4796 -4662 -4735 -4959 -5106 -5062 -4908 -4840 -4914 -5031 -5116 -5122 -5093 -5067 -4932 -4753 -4723 -4768 -4755 -4809 -4944 -4959 -4831 -4711 -4623 -4499 -4358 -4197 -4102 -4064 -4106 -4345 -4803 -5326
-4847 -5013 -5132 -5185 -5267 -5265 -5148 -5064 -5013 -4959 -4911 -4877 -4887 -4925 -4950 -4944 -4947 -4936 -4954 -4959 -4979 -4940 -4904 -5004 -4978 -4844 -4719 -4629 -4622 -4711 -4796 -4812 -4804 -4764 -4662 -4736 -4849 -4874 -4948 -5044 -5043 -4971 -4900 -4841 -4841 -4938 -5082 -5126 -5030 -4810 -4579 -4488 -4616 -4933 -5205 -5319 -5291 -5158 -5069 -5109 -5133 -5100 -5125 -5235 -5268 -5156 -5010 -4695 -4617 -4633 -4649 -4539 -4175 -3739 -3594 -3902 -4514
-5094 -5254 -5289 -5242 -5231 -5175 -5060 -5006 -4985 -4932 -4917 -4863 -4816 -4928 -5002 -4971 -4955 -4933 -4881 -4825 -4822 -4839 -4918 -4992 -4826 -4617 -4592 -4656 -4680 -4729 -4751 -4753 -4759 -4815 -4875 -4774 -4732 -4865 -5083 -5186 -5103 -4914 -4819 -4896 -4901 -4891 -4897 -4886 -4788 -4585 -4400 -4327 -4380 -4579 -4836 -5065 -5153 -5104 -5125 -5185 -5073 -4889 -4798 -4899 -5064 -5128 -5121 -4973 -4841 -4778 -4756 -4707 -4511 -4260 -4054 -4091 -4303
-5152 -5070 -5009 -5021 -5069 -5084 -5093 -5091 -5067 -5016 -4987 -4940 -4773 -4806 -4917 -4919 -4877 -4836 -4766 -4700 -4706 -4780 -4845 -4867 -4863 -4781 -4750 -4807 -4802 -4824 -4845 -4816 -4834 -4909 -4885 -4865 -4926 -4923 -5011 -5037 -4876 -4712 -4896 -4916 -4904 -4904 -4912 -4978 -4940 -4772 -4724 -4801 -4734 -4484 -4423 -4671 -4866 -4764 -4658 -4710 -4713 -4579 -4447 -4525 -4736 -4851 -4916 -5280 -5233 -5078 -4916 -4829 -4752 -4610 -4478 -4464 -4488
-4928 -4922 -4923 -4977 -5022 -5029 -5032 -5016 -5026 -5039 -5014 -4957 -4922 -4887 -4894 -4883 -4935 -5011 -4982 -4865 -4828 -4883 -4748 -4814 -4893 -4980 -5018 -4956 -4805 -4750 -4738 -4650 -4672 -4808 -4917 -4954 -4832 -4770 -4802 -4913 -4937 -4998 -4987 -4905 -4895 -4855 -4854 -4947 -4952 -4819 -4720 -4698 -4638 -4577 -4716 -4993 -5054 -4827 -4667 -4743 -4804 -4722 -4621 -4592 -4582 -4480 -4449 -5007 -5101 -5058 -4991 -4979 -4970 -4920 -4899 -4912 -4905
-4891 -4924 -4933 -5049 -5150 -5125 -5060 -5039 -5048 -5004 -4918 -4907 -4978 -4991 -4949 -4931 -5084 -5103 -4931 -4760 -4785 -4885 -4907 -4964 -5073 -5071 -4924 -4741 -4656 -4709 -4749 -4684 -4671 -4780 -4870 -4867 -4764 -4742 -4781 -4830 -4781 -4810 -4870 -4870 -4896 -4909 -4960 -5043 -5006 -4806 -4544 -4427 -4559 -4835 -5051 -5169 -5134 -4983 -4904 -4939 -4909 -4810 -4755 -4745 -4688 -4554 -4451 -4512 -4433 -4377 -4444 -4622 -4843 -5118 -5376 -5405 -5251
-4898 -4854 -4900 -5062 -5195 -5220 -5138 -5031 -5000 -4998 -4969 -4984 -5084 -5109 -5061 -5074 -5045 -4909 -4828 -4701 -4767 -4963 -4920 -5028 -5058 -4934 -4801 -4775 -4896 -5026 -5171 -5099 -4875 -4790 -4906 -5009 -5020 -4801 -4655 -4695 -4734 -4742 -4941 -4894 -4857 -5033 -5260 -5279 -5102 -4867 -4607 -4487 -4661 -4920 -5007 -5001 -5023 -5041 -4987 -4888 -4786 -4730 -4756 -4868 -4948 -4931 -4858 -4620 -4310 -4099 -4094 -4197 -4406 -4801 -5130 -5087 -4887
-4789 -4844 -4971 -5085 -5111 -5123 -5079 -4997 -5012 -5053 -4984 -4980 -4985 -5002 -5021 -5077 -5113 -5144 -5111 -4861 -4798 -4875 -4938 -4898 -4962 -4932 -4956 -5051 -5059 -5052 -5121 -5077 -4906 -4907 -4926 -4825 -4645 -4477 -4543 -4708 -4811 -4801 -4962 -5025 -5078 -5209 -5327 -5189 -4997 -4991 -4953 -4747 -4665 -4812 -4920 -4918 -4957 -5018 -4940 -4793 -4726 -4697 -4657 -4711 -4848 -4972 -5026 -4929 -4754 -4645 -4638 -4614 -4591 -4690 -4779 -4646 -4465
-4620 -4763 -4931 -5037 -4956 -4885 -4891 -4964 -5070 -5073 -4969 -4974 -4969 -4965 -4941 -4925 -4942 -5120 -5155 -5006 -5008 -5048 -4824 -4712 -4848 -4914 -4988 -5145 -5161 -4901 -4783 -4906 -4907 -4899 -4717 -4649 -4571 -4539 -4771 -4966 -4959 -5002 -5092 -5138 -5127 -5113 -4986 -4649 -4480 -4677 -4830 -4675 -4514 -4588 -4740 -4854 -4972 -5036 -4939 -4776 -4680 -4578 -4442 -4466 -4686 -4936 -5056 -5036 -4999 -4995 -5041 -5045 -4965 -4877 -4771 -4606 -4450
-4673 -4617 -4721 -4824 -4786 -4780 -4831 -4912 -4998 -4968 -4900 -4977 -4989 -4928 -4818 -4750 -4833 -4990 -5033 -4886 -4859 -5096 -4942 -4996 -5009 -4980 -5117 -5261 -5178 -4952 -4990 -5054 -4971 -4870 -4816 -4857 -4956 -5067 -5162 -5052 -5036 -5069 -5025 -4916 -4808 -4700 -4467 -4161 -4053 -4204 -4437 -4596 -4677 -4739 -4830 -4910 -4979 -5025 -4906 -4611 -4402 -4397 -4497 -4643 -4807 -4921 -4935 -4927 -5022 -5145 -5210 -5142 -5008 -4847 -4669 -4586 -4589
-4938 -4654 -4629 -4700 -4728 -4820 -4962 -5038 -5019 -4942 -4982 -5079 -5035 -4789 -4715 -4778 -4952 -5057 -4994 -4827 -4762 -4772 -4989 -4994 -4927 -4943 -4961 -4855 -4752 -4808 -4878 -4860 -4847 -4936 -5094 -5068 -5021 -5023 -4940 -4836 -4972 -4996 -4691 -4720 -4860 -4800 -4564 -4403 -4403 -4482 -4677 -4890 -4936 -4865 -4845 -4840 -4847 -4917 -4911 -4714 -4504 -4478 -4535 -4507 -4444 -4404 -4436 -4616 -4715 -4880 -4991 -4941 -4859 -4791 -4705 -4700 -4781
-5626 -5551 -5188 -4829 -4644 -4525 -4435 -4368 -4383 -4571 -4897 -5125 -5169 -5108 -5050 -4842 -4666 -4843 -5083 -5269 -5187 -5171 -5065 -4971 -4917 -4967 -4994 -4963 -4896 -4775 -4576 -4573 -4809 -4923 -4764 -4556 -4652 -4981 -5057 -4948 -4896 -4900 -4839 -4757 -4718 -4650 -4519 -4390 -4236 -4168 -4426 -4692 -4769 -4817 -4835 -4710 -4589 -4764 -5052 -5167 -5094 -4988 -4933 -4921 -4928 -4959 -4954 -4877 -4908 -4978 -4992 -4877 -4760 -4727 -4748 -4773 -4790
-5033 -5420 -5547 -5323 -4883 -4541 -4396 -4355 -4351 -4436 -4581 -4735 -4893 -5022 -5105 -5261 -5277 -5096 -5054 -4982 -4887 -4974 -4970 -4977 -4956 -4946 -4969 -5015 -4994 -4939 -4910 -4957 -4947 -4883 -4853 -4717 -4714 -4754 -4810 -4838 -4872 -4772 -4685 -4627 -4666 -4698 -4632 -4471 -4267 -4162 -4344 -4544 -4590 -4525 -4320 -4046 -4034 -4460 -4880 -4968 -4847 -4728 -4724 -4865 -4998 -5036 -4976 -4780 -4789 -4816 -4792 -4708 -4658 -4677 -4719 -4780 -4885
-4541 -4737 -4990 -5212 -5234 -5009 -4729 -4580 -4531 -4538 -4584 -4689 -4864 -5035 -5118 -5063 -4977 -4907 -4899 -4828 -4802 -4937 -4998 -5086 -5116 -4949 -4693 -4553 -4510 -4538 -4685 -4913 -5010 -4997 -4958 -4771 -4576 -4564 -4692 -4762 -4706 -4565 -4463 -4435 -4546 -4665 -4710 -4715 -4694 -4625 -4594 -4578 -4484 -4287 -4063 -3932 -4019 -4357 -4722 -4871 -4783 -4662 -4689 -4856 -4940 -4851 -4642 -4323 -4418 -4547 -4582 -4529 -4534 -4671 -4853 -4963 -5013
-4661 -4393 -4229 -4453 -4990 -5303 -5211 -4920 -4695 -4626 -4701 -4828 -4929 -4935 -4900 -4913 -4949 -4972 -5018 -4998 -4959 -4863 -4857 -4872 -4655 -4803 -4734 -4748 -4715 -4565 -4543 -4788 -4782 -4787 -4910 -4804 -4743 -4812 -4722 -4628 -4573 -4633 -4645 -4606 -4606 -4664 -4726 -4739 -4717 -4677 -4655 -4584 -4420 -4278 -4266 -4321 -4294 -4221 -4285 -4457 -4524 -4532 -4698 -4964 -5030 -4807 -4475 -4256 -4417 -4569 -4622 -4602 -4617 -4694 -4798 -4853 -4843
-4920 -4659 -4411 -4362 -4580 -4900 -5174 -5299 -5259 -5113 -4981 -4892 -4759 -4566 -4499 -4636 -4752 -4853 -5033 -5050 -4917 -4920 -4867 -4640 -4687 -4855 -5003 -5119 -5008 -4757 -4609 -4798 -4831 -4888 -4886 -4840 -4656 -4511 -4507 -4538 -4678 -4717 -4734 -4604 -4462 -4469 -4537 -4536 -4543 -4604 -4661 -4621 -4491 -4413 -4437 -4448 -4316 -4083 -3935 -3985 -4159 -4367 -4686 -5043 -5133 -4900 -4662 -4631 -4698 -4702 -4663 -4640 -4614 -4538 -4492 -4532 -4610
-5261 -5123 -4870 -4660 -4598 -4648 -4802 -5070 -5254 -5238 -5065 -4777 -4453 -4296 -4419 -4618 -4683 -4884 -4978 -4897 -4801 -4747 -4581 -4630 -4690 -4867 -5051 -5087 -4981 -4916 -4946 -5047 -5109 -5068 -4949 -4947 -4892 -4933 -4928 -4984 -4886 -4636 -4527 -4439 -4421 -4464 -4497 -4478 -4488 -4557 -4670 -4808 -4927 -5007 -4966 -4736 -4432 -4223 -4129 -4197 -4410 -4574 -4627 -4680 -4695 -4638 -4624 -4664 -4656 -4591 -4491 -4417 -4356 -4286 -4341 -4552 -4753
-5221 -4922 -4603 -4553 -4784 -4893 -4799 -4765 -4925 -5202 -5336 -5104 -4678 -4406 -4415 -4528 -4588 -4658 -4885 -5100 -4982 -4727 -4510 -4612 -4775 -4962 -5074 -4884 -4728 -4695 -4727 -4918 -5120 -5120 -5008 -4947 -4868 -4948 -5006 -5025 -4883 -4530 -4429 -4655 -4769 -4679 -4486 -4356 -4422 -4583 -4729 -4872 -5039 -5202 -5207 -4962 -4656 -4505 -4470 -4543 -4639 -4523 -4192 -4016 -4108 -4300 -4465 -4729 -4728 -4616 -4500 -4482 -4533 -4583 -4656 -4789 -4901
-4899 -4728 -4601 -4738 -5095 -5233 -5053 -4852 -4941 -5303 -5653 -5683 -5403 -4977 -4605 -4461 -4599 -4850 -4909 -5001 -5025 -5062 -5198 -5264 -5277 -4978 -4736 -4656 -4566 -4519 -4601 -4799 -4896 -4764 -4616 -4589 -4726 -4769 -4856 -4735 -4631 -4718 -4840 -4951 -4902 -4764 -4537 -4364 -4424 -4578 -4635 -4666 -4750 -4816 -4797 -4748 -4772 -4842 -4875 -4871 -4800 -4561 -4193 -4021 -4101 -4221 -4335 -4755 -4807 -4721 -4589 -4488 -4464 -4531 -4636 -4733 -4767
-4633 -4759 -4813 -4953 -5153 -5157 -4906 -4642 -4677 -5027 -5494 -5816 -5885 -5702 -5362 -5080 -4989 -4904 -4714 -4593 -4662 -4832 -4773 -5011 -5157 -5029 -4997 -4936 -4845 -4837 -4863 -4803 -4834 -4754 -4683 -4628 -4599 -4629 -4759 -4764 -4795 -4877 -4908 -4882 -4788 -4663 -4589 -4562 -4611 -4563 -4386 -4245 -4317 -4460 -4525 -4549 -4592 -4669 -4795 -4910 -4901 -4780 -4560 -4367 -4306 -4261 -4225 -4526 -4657 -4691 -4637 -4509 -4389 -4392 -4513 -4586 -4523
