Resources/Map/Lvl0_30x30/Ele_CF.asc
ncols         335
nrows         335
xllcorner     -3295000
yllcorner     -25000
cellsize      10000
nodata_value  -99999.0
[rows 81 to 107 of 335, columns 61 to 121 of 335]
-5081.6558 -5051.5635 -5027.3101 -5005.1821 -4977.1733 -4960.2168 -4948.8911 -4933.1255 -4914.2725 -4894.8208 -4880.3306 -4865.5474 -4846.7573 -4825.5967 -4802.3765 -4776.9941 -4757.2314 -4743.5688 -4719.2979 -4701.501 -4668.7739 -4633.6421 -4608.2236 -4585.9849 -4558.7163 -4546.2422 -4525.3423 -4498.4531 -4476.1743 -4444.9551 -4417.645 -4386.103 -4351.8213 -4322.0371 -4291.3823 -4266.5513 -4247.8086 -4234.6587 -4218.5015 -4190.5132 -4153.3315 -4113.9258 -4077.2607 -4046.3059 -4015.3022 -3981.001 -3940.7627 -3892.4087 -3848.5503 -3795.9719 -3736.6978 -3695.2942 -3649.6345 -3586.5374 -3511.2925 -3420.4297 -3369.7444 -3320.2896 -3284.7817 -3225.5962 -3156.1431
-5090.0571 -5060.0977 -5037.019 -5006.813 -4975.1123 -4958.5435 -4942.2495 -4924.2065 -4908.959 -4887.7422 -4875.3301 -4870.874 -4850.6597 -4830.9917 -4810.9199 -4784.0269 -4770.2725 -4752.9937 -4724.0264 -4696.4175 -4668.7998 -4637.9087 -4601.2407 -4581.6279 -4563.3125 -4546.2368 -4526.8882 -4501.5449 -4472.6719 -4446.4565 -4420.8374 -4391.6475 -4364.3203 -4341.7749 -4310.6802 -4280.7959 -4262.1909 -4244.7915 -4218.7212 -4187.2979 -4146.9404 -4104.9404 -4073.729 -4042.5825 -4009.9226 -3976.4558 -3935.0664 -3886.7566 -3847.3218 -3800.6211 -3741.9553 -3695.2727 -3643.6201 -3577.0315 -3505.4285 -3398.4614 -3314.166 -3248.5435 -3204.2048 -3165.4324 -3115.5315
-5091.5313 -5064.3579 -5033.0767 -4996.4531 -4972.7783 -4965.7407 -4950.3301 -4922.3291 -4902.334 -4886.7466 -4866.478 -4854.9443 -4835.6802 -4823.6299 -4809.8091 -4783.6504 -4760.5176 -4739.3374 -4717.8857 -4690.1274 -4664.4678 -4638.2368 -4598.3643 -4593.0918 -4570.4331 -4542.5381 -4524.103 -4501.6577 -4476.0483 -4447.2476 -4420.0938 -4390.707 -4364.6147 -4344.2393 -4320.0615 -4293.4189 -4268.75 -4250.6724 -4225.0854 -4194.5791 -4155.5244 -4115.3174 -4080.9988 -4044.0715 -4007.4312 -3976.76 -3931.9673 -3879.7236 -3845.0615 -3810.8975 -3762.2832 -3704.3721 -3635.1833 -3568.8789 -3509.0247 -3429.761 -3345.1951 -3237.6602 -3140.0471 -3079.6873 -3022.2324
-5071.3594 -5048.6011 -5020.2539 -4994.1543 -4972.4727 -4962.0371 -4946.2817 -4917.8042 -4895.8198 -4879.1177 -4858.9385 -4845.6807 -4830.1035 -4813.751 -4799.8838 -4776.6279 -4749.8237 -4734.1274 -4711.877 -4679.7666 -4653.7437 -4634.4067 -4621.2847 -4595.8179 -4570.0527 -4542.6812 -4517.9004 -4489.478 -4463.6177 -4436.5928 -4412.2354 -4386.9409 -4364.9985 -4344.0664 -4325.0342 -4305.1055 -4281.0723 -4258.4604 -4229.7104 -4201.4629 -4170.9634 -4135.4038 -4099.1851 -4065.4851 -4032.8921 -3997.8745 -3956.8252 -3917.3921 -3874.2529 -3836.1262 -3796.6367 -3735.9626 -3662.1824 -3586.7605 -3520.6848 -3454.4358 -3327.4678 -3240.5754 -3174.2029 -3100.0159 -2991.627
-5049.7446 -5031.6069 -5010.2207 -4989.4443 -4964.3574 -4943.2373 -4921.9829 -4901.3867 -4878.8457 -4854.9019 -4844.4805 -4831.1577 -4814.2554 -4798.3223 -4782.7998 -4761.6138 -4741.1733 -4728.2876 -4695.4121 -4658.8574 -4647.6392 -4633.6499 -4611.9082 -4586.9087 -4563.083 -4542.3501 -4514.9956 -4492.4219 -4467.6538 -4436.6313 -4411.5498 -4388.2285 -4368.8975 -4350.541 -4327.811 -4304.688 -4281.3677 -4257.229 -4227.4224 -4198.4751 -4172.1289 -4144.0991 -4109.0444 -4080.9819 -4060.2036 -4030.2517 -3989.332 -3950.8574 -3903.3889 -3855.9189 -3803.4648 -3738.2524 -3663.3831 -3591.3743 -3526.6968 -3471.9912 -3369.6392 -3295.74 -3226.5601 -3142.998 -3036.0042
-5045.3477 -5029.019 -5005.2446 -4979.0571 -4946.4717 -4918.3125 -4895.4043 -4878.7378 -4857.9766 -4836.7183 -4827.9043 -4811.0571 -4786.939 -4774.1147 -4764.9395 -4741.4219 -4721.1104 -4706.7554 -4679.2451 -4659.231 -4647.1401 -4622.6465 -4600.3413 -4571.6851 -4549.8535 -4536.5576 -4513.8892 -4496.9253 -4470.897 -4441.3022 -4417.8564 -4395.7246 -4375.7432 -4359.3687 -4334.46 -4303.6724 -4279.4063 -4253.6992 -4227.5488 -4201.187 -4169.9009 -4140.4414 -4111.772 -4083.0405 -4054.3484 -4023.0908 -3983.8745 -3943.3369 -3904.2087 -3862.803 -3816.5381 -3752.0005 -3678.5032 -3613.3945 -3548.4114 -3480.9504 -3399.1125 -3351.4734 -3276.7942 -3193.2615 -3089.2065
-5029.4448 -5010.437 -4990.251 -4965.2554 -4935.3428 -4911.6953 -4891.2896 -4878.2534 -4856.9775 -4832.7017 -4819.4214 -4796.3452 -4774.1812 -4757.3491 -4741.4912 -4713.8145 -4691.5986 -4680.8618 -4676.9521 -4659.7954 -4638.3652 -4613.6284 -4589.6626 -4564.1445 -4542.4658 -4528.9907 -4513.2319 -4491.0571 -4467.106 -4444.5933 -4419.9604 -4400.707 -4381.1528 -4363.0591 -4338.5527 -4306.4248 -4281.3125 -4257.1753 -4231.1587 -4208.3101 -4177.5254 -4142.4038 -4112.9072 -4080.5156 -4045.9119 -4013.509 -3977.0991 -3932.7671 -3892.1277 -3852.7378 -3816.9233 -3764.1953 -3688.8557 -3609.5627 -3551.3486 -3462.2939 -3371.5159 -3334.4043 -3262.5793 -3175.7349 -3094.7278
-4994.3721 -4981.144 -4972.1201 -4954.2031 -4934.6821 -4914.8076 -4891.1362 -4875.7417 -4854.7407 -4827.0151 -4809.4473 -4785.188 -4762.501 -4740.043 -4715.4385 -4688.3262 -4675.9009 -4674.2788 -4661.5313 -4644.4746 -4624.2563 -4605.0215 -4580.002 -4558.2227 -4529.3501 -4515.5034 -4497.332 -4474.9248 -4454.9819 -4433.4043 -4410.8623 -4393.7954 -4372.1587 -4349.6616 -4328.3779 -4303.2197 -4277.9629 -4253.4131 -4227.5752 -4202.9077 -4171.2383 -4136.9463 -4105.1953 -4077.7354 -4054.1282 -4022.0269 -3979.1223 -3927.5212 -3875.8545 -3825.6411 -3786.6509 -3746.0952 -3700.3921 -3639.1633 -3567.1719 -3449.2405 -3373.075 -3308.772 -3230.5247 -3164.5691 -3079.1768
-4978.124 -4963.9126 -4955.1211 -4942.2515 -4923.7832 -4904.8384 -4884.5527 -4868.5527 -4856.4473 -4828.1499 -4801.0234 -4779.166 -4754.0371 -4720.0645 -4693.522 -4682.7178 -4669.9775 -4653.4248 -4642.3613 -4622.4004 -4603.0181 -4589.5566 -4565.7939 -4547.5684 -4519.7383 -4503.3765 -4480.0234 -4455.6748 -4434.1372 -4414.1455 -4397.3408 -4378.4326 -4356.6357 -4334.1431 -4315.7383 -4293.9995 -4268.2549 -4249.4966 -4227.0444 -4199.167 -4161.2275 -4126.9312 -4097.8979 -4069.7163 -4051.5569 -4025.5801 -3987.7454 -3936.3774 -3869.2642 -3798.969 -3745.0461 -3692.6404 -3665.4541 -3614.9231 -3545.6406 -3468.1372 -3384.8691 -3306.3496 -3217.5781 -3151.5522 -3076.1594
-4964.8672 -4954.4771 -4945.1099 -4930.1265 -4910.1416 -4887.7612 -4868.1094 -4855.8276 -4842.9434 -4821.9595 -4800.3472 -4774.376 -4743.438 -4704.5293 -4682.189 -4676.7817 -4656.7441 -4637.5718 -4630.1235 -4614.5605 -4591.7935 -4571.3911 -4549.6304 -4533.0776 -4516.415 -4492.0352 -4464.9561 -4444.1455 -4423.2939 -4404.3062 -4386.2373 -4365.9204 -4348.3384 -4325.2349 -4301.146 -4278.4922 -4255.4863 -4242.0557 -4217.0352 -4184.2661 -4148.563 -4116.438 -4090.6606 -4060.9817 -4032.7549 -4007.4817 -3973.9021 -3927.7373 -3855.4419 -3775.6257 -3703.75 -3648.9634 -3632.334 -3576.094 -3500.4263 -3439.0693 -3365.3052 -3276.281 -3179.8381 -3107.3125 -3049.1179
-4943.6768 -4934.7725 -4935.3872 -4925.8398 -4900.7324 -4872.4648 -4854.2231 -4840.6631 -4822.0229 -4809.146 -4787.4009 -4751.9004 -4725.1172 -4708.3574 -4689.4443 -4672.2466 -4645.8066 -4623.5879 -4608.3438 -4601.5918 -4567.853 -4544.811 -4529.1475 -4508.4727 -4491.9067 -4469.2856 -4448.9478 -4433.6064 -4417.7349 -4400.2852 -4379.7642 -4356.1201 -4332.9785 -4311.6694 -4287.1836 -4264.2456 -4241.3428 -4216.2656 -4187.5259 -4159.8638 -4132.6938 -4106.9971 -4083.3057 -4054.866 -4016.4954 -3977.4197 -3939.7922 -3893.6768 -3838.3467 -3773.3501 -3687.5537 -3624.2393 -3600.4497 -3530.2588 -3464.1667 -3401.0618 -3338.1697 -3239.0845 -3127.2603 -3052.3396 -2975.2178
-4925.7681 -4920.1299 -4928.4316 -4925.2808 -4901.6089 -4864.397 -4841.8989 -4825.9956 -4803.2896 -4785.7441 -4755.2085 -4727.8013 -4721.2866 -4714.0137 -4694.3877 -4670.4507 -4637.9775 -4612.2163 -4593.0605 -4577.4717 -4538.5898 -4518.4224 -4509.0112 -4487.7378 -4464.2822 -4445.5293 -4429.2246 -4411.9214 -4401.0649 -4392.8862 -4372.1479 -4347.8379 -4321.3184 -4301.5464 -4273.1953 -4246.9995 -4225.6519 -4193.7666 -4163.5786 -4139.291 -4112.895 -4090.103 -4066.678 -4035.4578 -3998.8564 -3958.5132 -3916.5034 -3860.45 -3804.8589 -3752.7761 -3686.9077 -3623.5403 -3563.5449 -3491.001 -3432.7446 -3372.1831 -3307.6604 -3193.5027 -3071.8066 -3005.0647 -2916.6306
-4898.4111 -4895.6416 -4901.2827 -4897.6113 -4884.1563 -4849.7651 -4821.7661 -4796.2407 -4769.1465 -4745.3579 -4727.1274 -4715.7983 -4707.2446 -4693.6621 -4676.8838 -4655.2031 -4632.8262 -4603.1387 -4580.2671 -4553.4731 -4522.4253 -4505.875 -4491.6758 -4469.1431 -4446.0562 -4422.4785 -4401.4175 -4383.2603 -4373.7676 -4367.8579 -4355.3926 -4335.6704 -4312.9316 -4290.3398 -4257.4302 -4231.8643 -4213.605 -4183.2466 -4152.3472 -4124.499 -4096.4512 -4067.8174 -4037.7634 -4005.8027 -3979.5388 -3953.5884 -3909.303 -3844.7856 -3773.269 -3702.3835 -3661.3638 -3616.4731 -3541.3225 -3484.3325 -3421.677 -3357.8833 -3287.3093 -3178.6873 -3068.6594 -2990.8723 -2890.6509
-4869.71 -4861.7656 -4864.8838 -4860.4258 -4848.0459 -4823.0088 -4788.9185 -4754.9897 -4732.1025 -4716.5835 -4713.8174 -4703.3027 -4687.7646 -4670.3071 -4652.1587 -4624.9795 -4606.7886 -4581.1011 -4561.3882 -4544.0107 -4518.52 -4493.6777 -4465.6191 -4444.2349 -4429.1602 -4407.1948 -4382.3032 -4357.3945 -4344.5879 -4338.3984 -4328.689 -4315.6094 -4299.2207 -4277.4268 -4248.0103 -4221.4316 -4198.6841 -4170.8652 -4138.8853 -4106.2549 -4078.7678 -4048.4504 -4017.9343 -3989.5188 -3962.9058 -3933.0203 -3884.0427 -3818.4063 -3741.4253 -3676.0193 -3623.9656 -3573.7004 -3506.3538 -3444.832 -3391.5403 -3344.5125 -3280.2749 -3186.6487 -3082.8765 -3013.219 -2906.0864
-4851.0024 -4828.6367 -4822.2241 -4820.1855 -4793.5391 -4778.3696 -4754.5806 -4726.6113 -4712.3184 -4703.4863 -4696.3994 -4682.9185 -4667.0869 -4648.1636 -4624.5723 -4593.9058 -4570.1064 -4549.8374 -4533.0239 -4520.6123 -4499.8311 -4476.749 -4444.7461 -4427.1279 -4413.2852 -4391.4248 -4364.0527 -4334.5161 -4317.0264 -4311.9053 -4300.7017 -4287.3159 -4274.4214 -4255.8721 -4231.4287 -4198.9717 -4168.877 -4145.3433 -4122.4995 -4095.9851 -4071.0791 -4040.4937 -4006.3628 -3973.2256 -3937.363 -3897.2612 -3846.49 -3783.4451 -3706.7788 -3654.5657 -3600.5967 -3538.8149 -3480.4949 -3421.4824 -3358.502 -3305.0669 -3251.2646 -3182.2168 -3067.467 -3011.4175 -2912.6111
-4827.6343 -4801.6343 -4786.7441 -4783.5117 -4736.2188 -4728.3154 -4726.3799 -4714.7046 -4702.7114 -4684.2793 -4673.4956 -4660.623 -4638.7432 -4617.3179 -4592.9849 -4566.4146 -4542.5527 -4523.9243 -4508.502 -4494.6665 -4470.2847 -4448.7866 -4426.9668 -4415.8066 -4395.1851 -4370.4663 -4345.0977 -4322.3896 -4301.502 -4285.3076 -4268.6055 -4252.6011 -4238.4438 -4219.1782 -4196.2852 -4165.54 -4137.9961 -4122.3325 -4112.2603 -4092.439 -4063.8638 -4031.2957 -3995.7356 -3953.7903 -3906.9182 -3857.8044 -3807.5901 -3748.3132 -3685.2573 -3640.376 -3583.115 -3527.1885 -3479.2571 -3424.8713 -3356.9185 -3283.1787 -3202.1348 -3111.4326 -3003.4619 -2968.1123 -2888.3027
-4798.8809 -4784.4067 -4772.0703 -4757.7949 -4727.9141 -4716.7896 -4709.3643 -4694.1792 -4677.0557 -4652.5439 -4645.1274 -4635.5938 -4604.624 -4577.6567 -4558.8359 -4548.7749 -4518.1885 -4499.937 -4481.25 -4465.1914 -4444.5811 -4423.687 -4404.2681 -4394.8628 -4377.1816 -4355.5625 -4333.1548 -4309.9844 -4286.7144 -4263.8042 -4239.769 -4215.9023 -4203.2754 -4190.4131 -4173.9512 -4152.5801 -4133.8335 -4116.9072 -4096.355 -4074.6565 -4049.158 -4020.7007 -3989.7097 -3944.926 -3893.8623 -3843.854 -3790.1914 -3731.7566 -3685.7722 -3640.949 -3578.0608 -3530.217 -3483.4258 -3427.614 -3358.9365 -3262.98 -3170.0737 -3069.6123 -2954.6431 -2909.3708 -2827.3159
-4769.252 -4760.9502 -4747.1221 -4725.5913 -4715.4946 -4707.3911 -4691.4468 -4669.96 -4650.4907 -4633.7354 -4621.9023 -4607.5923 -4579.002 -4543.0278 -4525.5537 -4521.7695 -4493.7817 -4473.814 -4445.9526 -4428.1221 -4409.5303 -4390.4814 -4372.9805 -4361.1377 -4346.9233 -4331.6494 -4314.7197 -4292.0547 -4265.4585 -4241.1694 -4217.4922 -4191.3706 -4178.1636 -4167.3086 -4155.2407 -4139.71 -4122.5854 -4103.6602 -4078.561 -4055.6699 -4033.7849 -4005.884 -3974.1638 -3935.0227 -3892.2725 -3843.2046 -3780.3657 -3720.0759 -3679.8823 -3638.7278 -3585.3855 -3534.2859 -3471.3806 -3416.9602 -3360.3867 -3270.5193 -3177.6794 -3077.6182 -2941.6091 -2853.2227 -2753.7974
-4746.0376 -4733.0859 -4715.2471 -4698.998 -4688.4946 -4679.5947 -4664.5215 -4642.7051 -4624.7598 -4613.8066 -4596.0747 -4581.1636 -4562.8071 -4527.9814 -4506.5146 -4483.6621 -4464.3555 -4443.7578 -4412.0635 -4391.7549 -4371.2163 -4359.3452 -4339.7568 -4319.4819 -4305.0088 -4296.4531 -4283.917 -4260.4312 -4234.2559 -4215.8047 -4202.752 -4181.7202 -4158.2666 -4137.6025 -4120.98 -4105.2954 -4090.7832 -4075.0728 -4052.0691 -4028.8401 -4010.3628 -3988.9978 -3953.3755 -3912.925 -3876.3882 -3831.8613 -3768.3716 -3718.3906 -3685.6167 -3639.5781 -3591.092 -3534.7891 -3462.1448 -3399.9502 -3349.8965 -3292.8215 -3207.4751 -3122.1741 -2966.2371 -2795.7622 -2658.5042
-4708.2959 -4693.397 -4679.4258 -4671.6763 -4662.8462 -4645.7866 -4627.7354 -4609.4189 -4590.7104 -4573.3091 -4554.625 -4543.522 -4533.8174 -4505.3149 -4476.9888 -4449.6465 -4426.8892 -4404.8301 -4378.4399 -4360.3965 -4341.2378 -4324.0596 -4301.6133 -4275.646 -4262.8384 -4258.2559 -4248.6338 -4227.0361 -4205.2749 -4186.5005 -4176.7134 -4162.6318 -4140.3652 -4117.9541 -4094.9802 -4071.2649 -4052.6309 -4039.1711 -4017.741 -3996.1011 -3978.1726 -3961.6594 -3933.7161 -3893.1919 -3847.0371 -3799.0552 -3749.4917 -3717.9207 -3696.5176 -3650.6321 -3592.0232 -3535.769 -3488.2253 -3421.4929 -3362.5149 -3321.6294 -3234.6042 -3135.8794 -2975.7004 -2762.627 -2597.6655
-4669.5601 -4658.7329 -4644.8247 -4640.3545 -4638.1807 -4625.5044 -4607.1895 -4585.4595 -4563.3872 -4540.186 -4518.5703 -4505.7544 -4498.627 -4473.4824 -4444.4297 -4417.2661 -4385.8228 -4364.7095 -4345.4551 -4322.1108 -4303.8145 -4283.5269 -4264.8364 -4240.9805 -4224.8193 -4215.0625 -4207.9619 -4191.521 -4175.0239 -4153.7593 -4141.3193 -4133.2358 -4114.7021 -4093.5642 -4071.4844 -4045.2732 -4017.6079 -3999.0227 -3982.9702 -3961.5256 -3939.1433 -3922.0674 -3904.9995 -3878.095 -3827.6565 -3767.2869 -3720.4944 -3693.4338 -3665.5107 -3624.7866 -3570.1912 -3512.123 -3474.7632 -3416.7014 -3355.5879 -3300.4714 -3209.687 -3110.6802 -2978.8674 -2777.4749 -2611.4292
-4641.7354 -4634.6855 -4621.4507 -4612.918 -4607.9106 -4599.6509 -4584.9922 -4565.0962 -4542.1704 -4518.6968 -4494.3496 -4476.9785 -4469.4131 -4445.2227 -4418.0796 -4386.5 -4345.9722 -4322.6372 -4308.0435 -4284.3643 -4264.0835 -4248.2788 -4231.5264 -4209.1001 -4188.7041 -4177.0083 -4167.7095 -4151.3657 -4133.9072 -4119.0796 -4104.8613 -4095.1924 -4078.3518 -4058.5115 -4039.6858 -4017.3162 -3991.3687 -3969.9705 -3949.7561 -3922.1372 -3895.1677 -3877.2529 -3863.9688 -3849.5918 -3816.5186 -3759.0862 -3699.9819 -3659.6746 -3618.9668 -3572.9207 -3523.6182 -3467.03 -3422.1899 -3373.3232 -3314.9021 -3250.8469 -3178.7222 -3095.8018 -2980.7185 -2802.2395 -2590.2788
-4620.4976 -4608.3745 -4592.8408 -4579.0352 -4571.0381 -4563.1138 -4550.646 -4536.8525 -4518.439 -4493.752 -4470.543 -4459.3721 -4444.2329 -4415.979 -4389.8911 -4351.8457 -4308.2397 -4281.7349 -4262.6128 -4247.7349 -4230.8442 -4212.9287 -4194.3345 -4173.3833 -4153.231 -4138.333 -4120.9292 -4107.5337 -4090.0938 -4077.3486 -4067.1357 -4052.4546 -4034.9541 -4018.5037 -4000.4519 -3983.7346 -3966.5615 -3947.4536 -3920.8723 -3883.2207 -3848.7402 -3830.9736 -3816.8853 -3800.7612 -3782.7246 -3750.447 -3700.364 -3645.604 -3587.8264 -3532.4138 -3481.7004 -3427.094 -3375.9216 -3324.1975 -3268.8232 -3215.4514 -3151.2024 -3081.7107 -2977.6882 -2824.4551 -2554.5576
-4598.4917 -4579.6021 -4561.5967 -4544.8223 -4535.7856 -4528.6807 -4512.3291 -4498.4443 -4482.0073 -4462.7964 -4442.1431 -4438.7876 -4412.8291 -4376.2534 -4349.313 -4319.6528 -4286.0493 -4256.5171 -4227.6953 -4211.6499 -4197.4692 -4173.2803 -4150.9858 -4133.2764 -4115.6177 -4094.3188 -4073.8337 -4061.7356 -4044.4956 -4031.7886 -4021.8274 -4004.5159 -3990.6768 -3977.3032 -3957.3633 -3940.0898 -3923.2371 -3909.7278 -3890.8831 -3853.6001 -3814.4229 -3789.6826 -3767.3821 -3740.9844 -3721.0574 -3707.3965 -3682.731 -3639.9207 -3578.3699 -3517.5061 -3458.4014 -3397.0674 -3346.3831 -3294.9082 -3239.6995 -3195.7778 -3121.2009 -3036.499 -2944.6331 -2807.6604 -2575.824
-4567.1274 -4548.8452 -4535.7051 -4522.8213 -4512.1753 -4501.2876 -4477.2153 -4459.6611 -4440.4673 -4425.79 -4409.5601 -4396.8042 -4365.4854 -4335.0181 -4308.9795 -4287.8857 -4263.2988 -4230.9985 -4199.9146 -4181.3809 -4160.6074 -4130.7383 -4107.0928 -4091.8542 -4076.3662 -4053.2161 -4032.9844 -4018.1184 -3998.8499 -3986.0015 -3971.6704 -3956.3252 -3946.012 -3936.7588 -3919.8333 -3899.5459 -3880.2905 -3866.8833 -3853.0278 -3831.3743 -3800.9949 -3761.988 -3728.3474 -3693.6489 -3664.7273 -3648.8752 -3639.3076 -3617.2529 -3573.4011 -3518.4629 -3458.1477 -3394.7388 -3340.4814 -3284.3257 -3218.843 -3162.4041 -3090.4519 -3006.9751 -2922.4492 -2810.0127 -2660.5005
-4535.2251 -4520.3359 -4511.5063 -4502.0264 -4484.6362 -4468.1792 -4440.624 -4420.9697 -4401.665 -4387.6045 -4371.8896 -4354.2642 -4329.7778 -4306.106 -4279.2759 -4250.563 -4223.4395 -4193.7798 -4161.3247 -4144.3696 -4115.3438 -4086.8794 -4066.4187 -4049.4063 -4032.6125 -4013.2769 -3992.9331 -3976.8962 -3959.2668 -3946.6748 -3931.9927 -3917.2324 -3900.884 -3891.3086 -3879.4441 -3860.666 -3839.7559 -3824.1194 -3812.0413 -3798.8696 -3780.2869 -3748.1877 -3705.1143 -3662.9983 -3630.3699 -3602.6003 -3584.1057 -3567.0869 -3545.3054 -3505.7102 -3460.5767 -3406.0837 -3338.0764 -3275.9165 -3206.3779 -3133.5845 -3053.3672 -2990.0938 -2915.0278 -2825.2786 -2715.6353
-4502.7813 -4496.2002 -4484.6196 -4468.7339 -4450.5444 -4432.6802 -4405.1572 -4381.9717 -4363.7358 -4351.5317 -4334.228 -4318.5762 -4301.043 -4277.0498 -4250.457 -4217.3867 -4182.4248 -4152.7295 -4116.3901 -4095.3835 -4065.6892 -4041.6641 -4026.5364 -4005.1697 -3985.1763 -3971.1714 -3950.8557 -3937.8462 -3925.4131 -3907.2944 -3892.2922 -3879.2051 -3865.9009 -3851.2683 -3839.8396 -3823.7688 -3800.6565 -3782.2671 -3770.5037 -3756.5227 -3744.1191 -3726.3762 -3681.3679 -3634.8875 -3601.7876 -3567.5325 -3535.2676 -3511.8015 -3491.2383 -3464.196 -3438.1252 -3397.0771 -3328.3379 -3268.4333 -3204.0149 -3128.9607 -3048.25 -2980.0054 -2904.1973 -2817.6389 -2724.2185
