Resources/Map/Lvl0_30x30/Ele_AL.asc
ncols         335
nrows         335
xllcorner     16805000
yllcorner     6675000
cellsize      10000
nodata_value  -99999.0
[rows 300 to 329 of 335, columns 198 to 263 of 335]
223.0294 214.4506 209.7623 272.0752 321.6793 232.8792 209.2787 223.1522 279.7376 360.0461 440.2612 356.9677 337.8437 353.8307 402.0615 497.8694 523.8946 601.4082 658.2525 662.6915 454.6794 515.5051 575.5596 496.7295 489.1367 601.3245 661.9426 537.6313 521.3307 491.1634 548.6598 484.1019 401.7151 411.2307 320.8283 388.6791 471.0341 495.5763 408.6023 471.5787 393.7679 493.0678 424.1635 374.5795 314.2806 423.696 308.1781 467.4882 385.2433 609.3883 447.1397 514.0585 446.6373 372.4217 515.0547 556.4857 396.1646 395.2278 352.1238 586.7798 582.0073 394.2524 353.1371 374.7587 367.2238 585.524
237.8924 243.8238 247.0055 381.8193 428.6815 323.0971 289.4923 349.6273 440.3283 433.1997 453.4622 455.9552 427.9964 411.5505 561.8892 392.4882 426.6893 583.2683 823.1782 673.0069 841.403 867.9937 829.309 850.3271 787.7412 678.0787 546.4904 544.451 525.0898 524.1642 387.9858 449.0244 357.5368 346.8719 338.369 374.6199 369.194 400.0403 356.2758 333.0725 399.2037 482.8578 310.5448 225.7819 236.4483 460.1191 398.7744 698.4366 530.8253 602.9752 456.2962 565.1061 581.6845 565.6002 502.8009 526.2018 522.9109 628.7701 609.6199 646.4623 869.7671 589.2782 306.7356 775.3619 396.0729 581.8066
250.2059 267.1084 284.5305 304.8599 311.5331 327.4085 363.4857 389.3598 416.1207 476.1056 548.0481 540.5336 465.1374 593.025 542.9369 573.2778 522.7811 956.2325 903.5169 872.4542 696.1622 783.5558 549.2379 780.6971 511.2432 470.1054 506.6113 492.0569 486.4772 547.3126 435.56 424.3721 389.9149 474.7094 436.8208 530.1952 485.6679 416.6684 467.8116 430.6263 336.6526 310.234 427.7648 531.4728 442.9919 409.0421 415.8885 441.2537 409.9438 314.6268 359.9894 413.1599 496.3142 446.0193 411.0319 494.6581 407.2652 373.5688 534.7407 570.4566 413.5192 393.8485 426.4519 345.6987 321.4945 510.6099
268.0024 288.394 314.2708 333.0765 347.3703 366.0769 372.4893 417.0194 470.0971 518.4559 673.6073 564.6555 632.6577 579.1624 660.8269 566.5396 476.9034 481.0244 487.3499 577.0648 691.9738 558.3304 698.2573 632.5811 517.1411 562.3843 572.9435 603.9064 744.329 622.0131 474.2608 489.3048 482.6725 594.4517 735.2538 635.3135 617.3638 459.5303 570.674 691.2123 319.5766 375.5212 349.7727 397.6502 483.155 374.9772 414.0825 424.9702 424.1696 478.9871 401.86 333.5639 423.9311 308.17 320.0115 282.7471 298.4206 211.3325 326.8712 258.4241 305.13 261.655 149.4824 156.1031 467.3272 340.2148
285.6895 306.8176 330.1961 368.6407 398.2576 456.4109 455.4189 488.3034 482.5373 504.6274 640.3991 842.2513 864.8217 884.8552 873.8823 906.3201 562.5906 696.8307 687.5026 901.2123 801.4045 727.8744 564.169 664.8484 675.7269 698.7552 565.8562 558.1089 527.0745 586.5359 626.4681 588.3287 463.811 446.4386 568.7666 573.3793 472.4333 430.9439 478.0101 454.3993 381.255 404.546 332.0683 348.1069 381.1045 452.6499 452.4837 470.3559 425.231 431.5558 370.8033 347.0105 229.3875 180.9547 172.4134 211.4981 278.3871 369.0843 318.3802 375.7264 507.3563 427.866 452.7088 205.281 204.1025 163.899
303.5528 319.9381 344.8531 377.6504 432.4174 508.6764 560.8271 585.1729 773.8289 761.0486 723.0681 616.821 746.1057 774.4133 740.2791 706.1854 627.7505 751.3929 633.0927 707.3405 671.6683 678.9413 630.4539 798.0353 849.8817 652.8578 645.1967 787.3066 557.8617 805.091 607.3978 631.2044 629.4706 476.6335 549.1018 538.9351 561.8196 500.0565 623.0276 512.6786 429.0405 373.736 335.2004 372.5259 427.3046 474.226 657.4496 322.5742 308.505 225.6001 377.577 352.5215 390.6931 312.1691 337.7415 261.5417 319.6302 325.6064 384.3813 193.8435 182.4371 173.484 167.2617 161.5172 267.3452 461.8708
311.0248 403.4193 462.7109 518.5809 671.108 446.7264 620.4228 789.3108 834.7819 923.3088 789.8253 716.3159 807.4142 858.205 1054.0142 744.3748 926.2635 865.5158 815.687 850.2075 743.0005 1023.7311 698.5472 852.1373 695.4292 854.0754 827.3233 685.5746 606.6295 846.6346 723.1949 657.5388 653.288 627.3707 665.715 609.3512 693.3906 577.0746 601.2914 377.2611 352.4681 352.0516 403.9012 444.7776 331.7565 396.6209 283.9436 236.7769 266.9077 356.8388 438.5239 539.4863 743.9297 649.7874 517.0037 650.5937 489.2581 466.1823 178.5439 287.9461 360.5099 283.403 238.3777 200.4331 374.7962 447.7049
372.0126 434.8916 644.3688 700.4138 658.6091 733.0576 593.1516 596.4542 613.0699 747.5577 756.4191 829.5721 973.798 827.5243 1162.3219 1064.5305 922.1104 1065.8419 866.0528 1005.8461 865.8511 857.8243 930.276 921.768 780.4604 870.2286 690.1885 786.4708 704.3199 738.5845 748.2352 695.2148 548.1122 533.9691 653.2824 573.6052 659.7186 528.004 407.9873 491.9939 381.824 359.5504 330.6706 523.5297 397.7121 326.6588 262.4595 545.2496 701.7173 621.7635 613.8326 495.5324 430.6955 438.2162 445.2885 287.5903 169.1322 302.9709 212.445 218.9522 309.644 238.1842 505.1311 345.6252 357.4347 600.9627
523.9779 630.4009 675.5464 717.4677 662.8211 665.6743 891.3568 723.1614 985.2505 843.7517 867.9243 864.0578 1016.3053 1062.9011 1052.0841 1272.1342 1135.7722 1105.5928 899.4397 869.687 1005.9762 1104.1586 1026.6031 932.0197 787.0146 943.7421 1229.3435 925.225 823.4724 837.2487 693.8077 658.3146 775.055 710.089 585.5333 648.8145 513.4268 686.6744 418.8324 371.237 319.1845 318.6627 332.3764 308.9643 326.3839 312.1457 347.0363 564.2288 390.225 271.0508 333.4644 483.0511 641.2166 373.3191 148.0433 94.1185 221.6949 224.5449 265.7968 258.5139 266.5492 540.005 237.3758 101.9468 239.263 340.4864
515.0081 464.0064 477.7206 553.0556 659.4655 680.4469 859.9135 801.4273 1134.5272 1251.7253 1000.4604 846.4467 1058.3944 1185.6174 1265.7845 1245.8873 1143.9376 1160.1859 1214.3523 980.5771 880.5473 982.8525 1291.8459 1303.2515 1010.447 937.9633 827.1401 830.2691 777.9233 652.289 826.3731 692.6418 653.1641 762.5957 618.7805 430.493 338.3517 322.8252 400.6459 304.4963 349.3412 523.9156 417.0153 424.678 353.5818 374.4276 515.2794 568.7613 708.5506 505.0642 487.4222 301.8493 642.1448 377.3982 240.3785 72.5115 268.8346 272.3831 388.1201 313.3052 339.7973 512.0209 334.7717 428.1682 77.8138 177.8249
543.8078 616.1849 707.1396 551.5445 781.4558 1014.3094 867.188 836.011 1015.21 904.4582 1069.6246 1188.1736 1166.582 961.7936 981.8038 1205.6118 906.9124 818.4302 861.6972 929.0156 680.0782 735.151 820.619 956.3024 1495.129 1070.463 901.6275 1026.0449 981.0809 1155.4802 964.0479 799.8721 789.7102 945.6027 543.5059 727.1883 828.4693 625.5336 551.1736 364.5061 376.4858 423.2493 607.6635 486.2452 407.8081 520.0446 298.2926 277.9658 213.3316 573.1395 592.9716 598.4016 417.1394 277.6711 393.3873 247.7195 390.8994 609.8737 522.2092 723.8187 589.448 261.8365 187.5616 140.109 94.5577 102.0347
555.298 595.4251 700.5439 758.1651 849.1542 852.383 959.9955 851.363 1034.0317 842.2052 949.5048 960.7442 1017.3271 951.1497 892.466 843.9807 772.2989 713.2774 568.5612 733.624 1100.4456 1344.8491 1088.4307 1186.439 1361.6589 1087.5748 1034.0983 1033.3657 941.7055 981.6673 1248.8877 1122.2015 692.5632 1067.238 900.6492 807.9783 985.616 932.7469 802.9229 644.5788 751.8552 827.4417 676.34 220.5044 707.7275 616.5163 626.8402 514.544 399.7144 296.2533 289.4837 117.35 136.0908 87.6154 68.3769 36.7711 38.613 34.3002 258.3806 239.9407 478.3016 365.9822 373.1525 226.4027 114.8055 297.6527
666.1815 796.2596 824.9473 752.3796 756.8739 786.2798 787.9965 738.1774 778.0164 949.4913 952.2786 914.9234 869.1961 758.9603 751.6959 855.5098 807.1228 785.3038 592.6052 658.6282 1288.1383 1078.8459 1236.5143 1624.2178 1598.6768 1315.2045 1118.2515 979.2231 947.3312 648.5988 584.1528 454.3611 490.3755 567.6357 763.6376 465.8549 435.1336 624.1523 526.245 363.003 352.3213 180.5679 272.0628 177.4073 222.4569 359.121 405.9801 404.842 464.272 537.0811 501.497 363.1342 340.1336 372.025 456.6754 422.9798 250.8237 157.9189 15.8876 216.2769 357.1446 400.209 175.6674 251.7421 150.0596 15.4787
395.6739 422.2523 455.9166 479.1563 505.5315 525.6887 623.5421 690.058 699.4908 683.8279 517.7096 514.8382 688.5262 822.252 890.0067 945.6909 846.9042 742.2627 433.136 782.3899 682.3062 696.7698 1183.6055 1073.1285 932.7211 1033.8948 1958.1244 1801.151 1262.0702 1177.6216 935.3839 1015.073 553.3875 939.7827 1311.6882 885.7537 755.447 408.1745 533.0413 704.6334 598.6699 526.629 391.6465 715.2509 465.8251 375.2928 50.1651 32.8316 29.0882 144.6662 382.9196 434.0722 437.7066 171.8838 384.394 270.9391 165.684 56.6789 9.9938 336.5967 262.8861 185.8525 114.0094 195.0042 156.7513 151.0641
618.2175 699.4433 744.3256 721.9579 709.2904 809.5804 598.7244 710.7727 743.9495 547.5561 725.6565 1075.9587 983.1373 1087.1141 1196.2954 885.5441 679.5806 779.6525 378.2574 431.1375 765.1127 882.2117 1148.6975 1204.6178 1558.9821 1243.0608 1310.3684 1325.6144 938.3621 1433.4893 1107.2549 1195.0582 1079.5142 895.432 979.8121 732.4027 867.1176 808.7504 796.4854 1067.3177 889.1898 528.2571 455.8717 500.6571 332.1082 274.1399 617.3133 305.0395 244.1158 106.5762 44.6626 11.1319 9.536 17.6676 275.3834 183.1736 358.3733 248.6388 69.1307 11.099 11.0317 159.7947 50.1402 183 36.9687 19.7885
715.7073 623.0071 695.0242 504.4893 670.8558 583.7734 801.1535 640.4567 388.7079 572.3257 712.0084 839.7733 908.8666 727.8381 563.1229 965.1484 746.2657 1036.9105 477.6014 358.9597 727.2551 807.1859 930.8952 1138.7856 992.8812 886.9039 643.7646 1110.162 1108.9561 987.8863 1093.4022 870.7351 775.1889 645.9226 546.2111 543.1562 546.7731 713.1219 322.3237 231.048 247.4986 846.6606 867.3734 842.2011 287.2872 313.088 304.1999 210.0248 345.0632 533.7177 254.1252 76.6995 183.4284 39.3411 9.7955 278.7748 108.7939 32.8025 44.5477 1.6064 -12.7698 -15.3934 -17.2392 -20.8431 -25.0603 -29.9075
412.5206 473.1041 651.9944 591.3661 438.9927 279.543 344.0569 410.7483 420.4812 428.1531 571.5874 902.5831 739.8336 867.3105 638.4086 507.0528 517.6116 448.0574 291.1143 336.5257 810.6766 608.3398 1162.1516 1102.2516 854.866 922.4403 440.774 744.6096 869.9319 1201.5618 1199.4995 1248.5889 1070.2505 1072.0767 1091.9414 1082.1681 598.0259 730.4956 566.2316 468.027 604.4033 208.0026 88.9284 57.6624 143.739 451.9243 448.1595 231.3534 81.1961 181.4508 317.5708 102.987 62.1874 71.01 -7.5899 -0.2468 13.6627 4.2987 -12.7239 -19.771 -23.9497 -27.4561 -31.234 -36.4353 -43.4862 -50.264
434.3572 646.7397 837.6815 427.1088 277.8096 655.2328 678.5316 689.453 901.9913 707.0059 684.0372 764.0682 781.0404 670.7618 606.5599 419.4099 832.3565 251.3565 266.8737 331.1643 492.1588 663.6226 717.2571 977.1315 887.5963 884.8062 737.8962 385.7842 690.3391 640.97 505.9034 628.4313 415.7631 867.2067 1131.2854 919.3483 1094.123 904.33 644.9188 394.085 510.3716 600.2424 436.5875 463.8963 20.5228 26.9167 283.7164 280.7572 181.9548 40.2736 17.5653 7.6805 22 45.7148 -22.403 -40.6945 -41.8811 -34.8973 -33.0819 -35.3891 -38.9166 -44.0543 -47.9221 -52.7541 -61.0609 -67.7328
611.7091 807.0259 296.7212 204.3972 509.7753 906.7327 936.4749 1006.1761 632.3433 854.4478 839.4046 783.4552 785.132 540.4604 428.0171 292.8314 264.9291 235.1679 323.0695 440.6847 445.4863 718.4948 842.2676 650.1162 885.1589 672.5281 828.2804 634.8358 302.044 401.5903 751.7199 1081.5594 853.241 535.4583 494.325 649.9011 988.5447 861.8308 701.8724 816.3934 398.9108 232.8574 264.6821 9.125 15.4129 19 10.4095 282.5497 217.6321 104.6873 148.524 20.6043 -22.3023 -28.5566 -45.0858 -75.2945 -77.8594 -63.4642 -56.8562 -56.1678 -60.9383 -68.1734 -73.8127 -73.7558 -73.5269 -75.5352
592.4142 523.9258 221.6936 667.1623 435.6199 517.1002 409.7771 678.1337 664.825 532.3353 738.0126 950.5092 675.3457 801.715 537.999 412.8841 248.7656 220.9368 272.7242 366.1725 541.7357 602.1552 500.2435 517.3013 517.741 501.8847 299.0221 269.8932 311.2616 380.2572 425.5269 569.4781 802.2485 1027.6306 844.1943 639.3782 479.0879 130.3371 618.182 184.4581 481.1407 345.1381 222.9159 209.865 200.6278 288.0626 143.936 45.3212 48.056 17.2987 -24.1933 -28.0909 -35.7089 -41.0855 -57.424 -81.8601 -90.5736 -85.0376 -87.5427 -87.2262 -96.2311 -111.1929 -112.7908 -93.8872 -75.4689 -79.1827
284.2992 162.3688 161.9768 195.4373 248.3532 334.171 276.7434 648.2175 822.4039 628.6592 684.0664 760.8676 941.9302 455.8722 224.3264 308.6826 432.6374 194.7253 222.2554 210.1001 314.3192 318.2922 410.1739 290.0456 193.1718 212.8578 261.0458 299.3618 548.03 492.609 462.3492 495.7148 400.7604 666.6453 654.0881 422.3877 69.1487 56.8436 22.3773 10.9941 409.2262 617.5445 265.502 144.4678 321.6106 82.1711 110.6173 12.2723 -28.1551 -43.0585 -63.3491 -46.4164 -47.4152 -60.6403 -79.8388 -80.5699 -86.4013 -93.8226 -109.1286 -117.1963 -125.5912 -131.4373 -127.6204 -107.6942 -91.3936 -99.9257
199.7645 226.0361 345.7234 305.2872 229.6764 317.8749 515.9594 616.5034 539.6329 470.038 628.0197 543.9281 444.4619 304.2211 897.3173 793.5485 546.3314 571.8123 161.7126 131.3606 131.5212 137.9741 143.3762 164.0139 189.0752 198.7877 224.8832 270.533 427.3919 466.8488 514.9177 533.0032 478.2029 336.3722 374.037 484.59 179.8136 500.3837 307.5877 283.2311 199.3391 166.3044 77.4507 221 50.995 -4.3217 -18.3028 -37.1463 -47.1508 -52.6269 -50.0073 -51.4813 -67.3504 -85.0303 -94.8004 -87.2414 -88.4256 -100.2771 -113.205 -127.1754 -137.2925 -125.2611 -122.0352 -121.8275 -116.903 -134.5289
149.5574 82.3965 97.4092 72.8769 185.5175 340.6705 407.5156 321.546 162.2658 196.5417 238.3349 193.5774 330.7507 713.749 732.3853 474.4486 524.6431 279.9649 134.574 96.6057 106.7287 222.6348 269.5232 321.8872 392.8755 334.4561 415.3398 389.3329 559.4124 774.2387 765.6967 634.7269 807.4846 836.0341 615.8815 378.2959 108.7518 289.3221 457.7054 220.3838 191.3412 125.5047 29.568 2.1637 -33.2498 -39.8547 -43.4569 -51.5765 -52.4233 -60.5075 -83.7974 -86.4975 -94.1676 -99.2457 -97.3722 -87.6517 -83.9433 -96.6428 -107.9726 -118.55 -125.1621 -113.2381 -119.8994 -144.5712 -177.3956 -254.1783
293.4359 221.0496 207.1057 426.9872 88.5058 182.5941 250.8592 534.4803 185.6529 262.3387 372.8534 563.1194 772.9795 710.6727 586.3247 717.5966 398.7285 87.2342 78.3581 83.9485 119.905 248.5007 307.495 342.9837 465.2147 537.166 504.6153 360.6699 671.5825 754.0958 545.3849 548.5554 390.0702 301.085 464.8636 414.2612 384.0359 250.5677 243.9783 132.2162 86.2266 45.0506 -22.6414 -43.5047 -46.538 -50.0559 -64.7071 -76.4063 -75.4626 -104.343 -139.817 -136.6994 -123.4744 -113.6878 -105.0463 -103.8842 -103.4233 -102.7706 -119.5664 -128.1051 -122.1621 -127.584 -208.058 -346.3037 -471.7841 -600.9818
371.4326 216.1512 110.2523 131.8713 221.6943 409.4471 324.6476 305.055 544.7914 457.702 425.114 604.5252 859.8612 719.3918 564.2682 198.0155 67.0175 58.496 72.8301 130.6942 333.0065 530.5654 424.3329 529.7069 622.805 657.7027 320.4346 464.296 820.0406 618.5761 513.5762 317.7208 236.0179 199.8131 297.7315 114.0979 351.524 194.0047 107.5876 -7.4666 -50.7817 -72.7751 -72.5757 -66.133 -82.0157 -105.4034 -141.7814 -211.6475 -232.7952 -230.778 -217.1834 -177.8891 -145.4736 -141.0461 -141.5296 -144.153 -141.5353 -154.8188 -215.539 -258.6923 -300.1262 -352.9708 -477.3735 -694.6835 -908.8544 -1073.1494
133.1539 230.9419 210.3589 39.0248 101.9937 124.6504 153.1475 188.5851 245.6165 272.7643 603.951 678.4135 418.8821 295.1171 335.7802 81.3015 41.8384 71.7866 438.601 468.1003 411.3743 634.9236 607.6431 642.3634 672.3104 412.5776 410.7042 507.349 455.7273 563.9958 70.4347 291.9665 42.0878 86.0341 84.6334 113.9709 42.8061 -17.5064 -59.8434 -73.2297 -87.5704 -93.9552 -87.2399 -100.1878 -195.3963 -310.2466 -419.1151 -554.7687 -597.3306 -547.0525 -452.7293 -353.6375 -297.9572 -299.0263 -309.6274 -291.5343 -269.6219 -288.9236 -371.5605 -483.8013 -630.6028 -764.5559 -912.707 -1147.906 -1417.5364 -1613.8879
91.3485 58.4533 89.4094 79.2477 134.5217 160.6694 76.9202 41.6057 75.6823 301.6 431.0278 238.1212 378.407 323.5087 37.7857 33.765 187.5414 334.511 581.7417 554.5733 664.0833 399.8735 405.2199 129.3413 371.7921 596.3729 399.4048 450.9948 490.639 228.0103 132.0989 511.3528 72.4962 -24.9694 -80.6166 -95.7625 -109.6743 -130.5069 -133.8059 -111.7215 -107.812 -123.595 -132.1651 -221.5996 -485.7028 -752.4001 -903.1491 -975.926 -978.1926 -928.2131 -831.7675 -689.5645 -564.4712 -506.7815 -520.1055 -564.2411 -592.7422 -593.3583 -603.3851 -697.3223 -886.7165 -1118.0117 -1363.7491 -1640.2645 -1912.0332 -2107.8264
142.717 165.7365 158.1839 12.0683 57.2305 7.7699 9.3594 16.1063 30.914 68.0574 123.764 119.9219 30.2862 25.4309 107.6358 286.5036 544.5777 462.3696 532.666 406.0272 633.4448 127.8939 345.853 257.3427 171.436 97.656 324.0256 303.2893 210.7347 45.4247 35.2975 -10.4068 -51.5591 -111.4378 -167.2634 -233.1248 -324.0211 -406.3648 -430.7227 -427.94 -471.9832 -592.8842 -664.6016 -763.2254 -1006.7377 -1218.9891 -1302.1678 -1310.6669 -1279.314 -1239.0609 -1164.454 -1010.0786 -869.9742 -812.0152 -882.6828 -1037.9824 -1144.4193 -1156.8346 -1151.6899 -1216.4578 -1360.4851 -1550.5974 -1749.15 -1965.962 -2185.8774 -2371.6858
64.8736 61.5862 30.9654 6.2714 5.1943 11.3326 2 48.9482 153.9272 261.2951 352.9803 75.9215 29.437 173.3814 270.4107 462.3116 428.8127 462.2612 261.2769 316.166 207.7366 215.0768 101.7734 204.7427 308.0638 11.498 53.4753 52.8912 22.7472 -1.9425 -53.3738 -148.4529 -256.6753 -327.0742 -404.963 -560.2927 -799.1287 -1006.5205 -1069.1538 -1044.9122 -1087.0854 -1246.0889 -1366.0861 -1407.3326 -1438.701 -1470.9384 -1513.9463 -1553.9607 -1550.0767 -1507.6138 -1415.0785 -1266.554 -1161.1279 -1144.1654 -1243.2888 -1399.213 -1518.8115 -1608.0804 -1703.9873 -1809.0266 -1910.2194 -1990.1682 -2066.5901 -2184.21 -2344.8279 -2523.8638
-18.0986 -23.8417 -34.8447 -36.6329 -29.2832 -24.7576 -21.8369 -13.4675 18.0182 22.7693 8.5316 11.8757 53.7329 96.0834 215.7764 215.8992 108.9812 131.8669 447.4949 409.472 162.041 240.3581 155.7031 77.0053 38.279 -1.6349 -73.0503 -148.147 -259.9115 -481.1331 -701.2189 -787.3333 -801.278 -808.2222 -891.5181 -1105.3879 -1368.3947 -1553.1052 -1605.3705 -1594.9659 -1625.407 -1709.7732 -1775.3617 -1770.3007 -1709.8162 -1657.4712 -1653.1549 -1698.3491 -1755.5802 -1741.6027 -1639.7173 -1507.7656 -1422.5448 -1394.3958 -1462.75 -1569.2523 -1670.744 -1832.4076 -2039.9777 -2210.6345 -2313.7131 -2384.655 -2457.4451 -2520.1489 -2598.3784 -2731.4126
