Resources/Map/Lvl0_30x30/Ele_AD.asc
ncols         335
nrows         335
xllcorner     -9995000
yllcorner     6675000
cellsize      10000
nodata_value  -99999.0
[rows 108 to 134 of 335, columns 0 to 59 of 335]
283.5876 180.0756 161.4741 144.0215 178.7431 147.5991 82.475 -24.5602 -85.6283 -156.9037 -188.5735 -166.9628 -81.6851 9.1944 95.5951 222.821 267.3385 246.5652 252.6067 170.9452 129.7778 117.8003 83.7536 54.788 17.7538 -56.5751 -141.6408 -268.0972 -435.891 -513.7607 -518.2372 -510.2319 -522.9995 -532.6848 -500.1198 -397.3692 -240.6333 8.0804 16.6368 29.6983 48.7588 74.5287 74.0429 65.1377 130.5661 115.9712 -87.9852 -126.3006 -173.1975 -227.8764 -271.1596 -284.3841 -281.7451 -275.2888 -290.3238 -314.3554 -330.5088 -341.3873 -342.4329 -338.0655
267.5909 240.6975 188.4636 168.636 112.6749 79.9474 51.9969 9.4501 -53.1187 -81.4174 -102.5712 -102.8782 -68.7316 -9.092 36.4921 10.4905 25.73 71.1187 190.2515 299.1198 357.2546 308.1469 181.7323 33.9684 13.2589 -29.7257 -92.5952 -217.7071 -395.8886 -489.7311 -513.1644 -505.2673 -481.0146 -430.4264 -323.5297 -121.2589 42.8576 106.4281 164.0246 170.0775 165.3143 168.3231 148.2071 115.5481 107.6678 113.1434 87.1268 79.571 58.7569 60.2433 111.935 262.2427 223.3507 256.0059 235.3057 159.4139 72.9229 116.7016 95.3935 139.5112
377.5885 339.0116 296.2606 229.9242 180.4393 156.082 137.9673 148.0904 108.8586 29.856 38.7211 6.9634 -34.3238 -29.4781 -15.7279 7.9191 21.021 10.1186 60.8997 69.5816 59.5873 35.7313 1.7883 -23.5133 -48.1098 -76.8776 -104.3762 -156.2808 -258.622 -376.2579 -476.1452 -514.5153 -486.0396 -404.5619 -242.7952 73.0035 285.4754 482.545 609.5653 470.3855 340.5954 328.9304 418.5936 305.9731 247.7582 283.8079 164.1351 131.0214 149.4224 157.7397 242.8461 447.3621 404.678 384.1145 201.6993 152.1726 165.2457 183.9374 205.0366 156.919
407.4498 442.2563 477.4578 462.867 414.3404 382.771 354.739 286.8112 252.0473 200.8391 163.5984 142.8133 120.2519 84.7138 52.554 87.0214 78.0135 52.0858 29.4606 15.1435 24.7793 8.0684 4.0776 13.0786 12.9467 21.1388 118.6598 304.2527 185.0303 -91.2115 -215.1063 -359.4722 -433.3575 -442.2668 -369.0203 -181.4126 125.6309 377.3808 315.7869 205.5496 249.9965 178.8041 94.9061 92.3061 114.5348 61.3608 151.0879 560.4017 718.1816 640.4977 476.0414 338.1566 269.2838 231.1631 207.6499 247.1212 187.4462 198.6954 170.0364 135.6675
547.338 598.0524 562.3506 533.1701 414.6963 387.4495 283.1032 224.158 165.8106 138.6962 125.3026 121.384 134.3697 155.9014 151.8756 142.6471 101.9905 97.3523 94.0646 77.5969 73.3298 51.173 19.7172 78.3023 252.887 344.6816 373.726 300.7704 148.7638 63.6335 20 -91.6269 -221.0166 -333.1346 -392.0501 -354.2974 -202.8584 39.9919 441.5261 160.7392 82.4487 72.3526 20.5547 51.1955 84.7444 197.8299 285.6491 242.1917 22.2848 54.7033 52.8815 44.1901 79.9906 94.6991 90.8057 68.899 52.5905 77.8881 95.5973 65.0304
545.4935 469.6145 441.9303 463.7229 494.4557 592.2132 503.6439 361.984 328.8544 332.4706 322.2283 271.3834 231.9187 205.1688 225.8274 297.0518 281.5074 238.548 195.4348 183.3954 160.9653 154.5831 137.3091 90.0614 54.4807 21.1012 140.8809 117.9022 200.2947 292.8134 383.3392 20.7056 -79.7245 -186.7003 -273.7492 -272.5279 -135.8592 115.0163 377.609 500.6416 326.729 188.9818 251.4623 223.3368 160.5749 119.7246 109.5499 39.8959 52.105 68.9903 66.8941 47.2985 43.5661 29.7089 15.3751 45.7987 82.0556 93.9027 63.7418 113.868
976.9133 907.2886 836.0784 691.1472 531.4476 501.6248 456.6389 415.2443 401.2481 344.2904 343.5169 365.0267 379.4603 342.7072 357.6742 353.0027 398.492 388.6122 328.1713 348.4335 340.8746 218.2377 160.7214 136.5198 116.762 138.3802 356.3689 473.5024 301.6785 144.4624 43.8453 -58.6269 -129.2324 -172.7244 -178.6873 -148.8396 -66.9775 51.611 122.472 63.5848 115.3739 149.6127 95.3816 80.5706 131.6821 91.3274 110.5299 107.7355 90.9137 86.8409 76.3313 93.8443 90.0697 77.4585 70.4547 123.7374 141.006 138.8925 130.9529 135.2422
1277.1295 1190.2687 1063.0499 971.4675 758.3576 587.9417 495.7452 724.6248 656.4405 497.5186 419.4005 413.9605 556.9279 681.1175 531.3901 577.1569 457.6481 466.8236 389.3609 328.2973 303.8369 252.3387 211.6362 183.595 152.9476 151.8126 276.0066 394.6816 152.5603 22.6075 -28.3898 -92.8077 -113.5161 -114.6435 -105.9384 -101.6899 -95.673 -92.0871 -86.134 -82.0904 -90.9132 -102.2831 -93.0615 -40.8131 93.7178 188.1763 74.4557 -48.2186 -51.7635 121.0165 71.3763 108.1854 109.0279 97.2284 171.1469 320.3804 542.9289 350.6556 443.4818 264.7224
1039.8339 875.847 780.0878 675.6485 654.387 832.1887 968.1108 962.6524 678.1721 553.5479 510.587 538.7317 528.2626 493.9011 549.9337 585.4292 663.0441 728.3013 761.7595 818.9482 638.8443 482.8778 489.2358 280.5926 178.7482 104.2662 45.0097 47.6289 26.0078 8.6127 116.1354 96.6989 15.4287 20.7401 84.6816 160.7434 330.1028 201.7293 98.4417 112.963 81.0108 -37.036 -57.8405 -31.1445 166.3909 289.6926 180.8176 -64.2599 -160.5315 -216.2139 -195.6828 -134.4911 -70.0552 12.4483 57.7324 154.322 308.7996 353.9229 289.0341 148.6731
1549.1293 1582.9348 1575.053 1538.5234 1325.3981 1237.4941 1216.0497 1237.4708 1184.52 797.6676 768.4257 630.629 550.5508 605.1469 559.5681 414.1373 437.4469 571.7485 632.2869 717.9478 811.3201 905.0253 852.814 545.4162 457.2751 373.1429 69.232 15.9852 45.3083 185.7228 272.1744 295.7993 79.2822 27.7053 45.6126 89.9978 148.2164 116.9478 66.8333 46.7631 15.9367 5.4469 8.3853 40.2796 335.7419 596.7959 627.3836 422.234 13.0075 -119.0908 -210.947 -249.009 -212.6528 -93.2738 35.0978 177.3907 217.9436 158.5594 149.7798 173.3604
840.7169 814.8007 1038.5499 1007.0043 1163.0765 1327.3945 1431.9955 1384.1906 1313.9655 1250.35 1205.9692 1117.6445 785.2609 724.375 613.3908 542.3485 507.5888 441.4114 374.0792 100.8111 137.1804 177.5501 113.6788 519.5883 668.2573 752.1349 994.8857 780.0755 547.1808 414.6925 438.9121 255.7273 137.5805 93.6611 62.0171 131.8168 106.5259 81.2621 51.8415 70.677 82.6582 65.0063 112.8749 353.1174 444.55 458.1406 377.3807 219.3676 99.4513 88.695 -44.9121 -109.9412 -151.7532 -171.5527 -171.7094 -144.4915 -100.0497 -48.0881 0.4153 151.6239
1139.3809 1230.0616 1081.3125 889.7231 1003.6506 1168.8148 1333.8777 1379.7114 1093.0854 1153.9675 1115.5759 1271.396 1172.499 1075.4023 783.0372 673.5384 609.0147 576.519 550.6543 513.3364 493.2643 462.8229 352.6896 137.1122 430.17 551.3665 611.153 671.6558 817.6296 776.6863 642.7538 467.6088 339.0777 316.4351 221.2068 183.8287 201.2075 169.1035 128.6631 122.6244 144.6823 357.3984 419.3038 440.7502 430.2019 369.5342 187.6187 139.829 172.6327 163.9167 130.5177 82.746 72.6424 87 -108.7968 -194.8479 -228.7963 -203.6197 -122.6056 18.4837
323.7779 520.467 756.2501 629.5895 715.3849 986.5323 1163.5286 1374.7418 1069.2352 1253.3718 1406.8223 1292.5416 1236.0925 1118.5272 1072.0532 1002.4296 844.9991 832.6343 871.2678 738.2207 614.0263 499.9256 400.2538 210.4354 381.8468 365.2289 577.6234 620.3016 639.9295 742.877 809.2471 475.3255 483.3723 453.7424 317.4625 453.7852 453.9931 358.7857 301.1726 187.592 147.6488 156.1874 165.676 166.7483 184.4437 168.3829 111.0339 133.953 76.0916 73.1518 25.2178 121.1451 102.4416 6.0293 -54.8848 -115.4146 -159.2135 -169.4659 -137.3977 -70.8229
812.9586 509.5914 699.8909 553.6675 611.3917 691.8705 763.1598 820.9785 1021.0909 1229.7903 1176.0425 1309.3027 1283.3959 888.2306 796.4039 934.7366 831.0997 698.1287 674.549 586.6785 343.3986 320.8581 266.2527 105.3433 409.3219 518.6498 648.0234 645.2546 727.1931 506.5102 451.2667 175.1523 71.8337 180.3968 383.7775 454.8129 382.9297 175.6721 233.6184 87.0808 131.8195 189.4539 41.7231 10.9206 7.1345 16.2964 54.9965 88.9514 37.3703 -16.0771 -41.9933 -64.5458 -80.5938 -90.8426 -96.909 -89.6375 -52.8288 3.9234 136.5367 155.4979
792.0509 982.1637 1271.7974 1460.7017 1376.1296 1271.6757 1390.1951 1418.0673 1234.3608 1278.9282 1276.7168 1159.5327 927.2507 565.4957 313.8742 150.1346 408.9395 512.1318 659.3619 511.6833 290.0002 26.1762 15.003 364.5005 450.624 507.7931 592.2329 759.8746 764.7885 711.4856 283.1245 91.7293 164.7052 398.8585 365.8619 110.693 10 88.6252 88.5849 17.1746 -10.0897 3.5866 6.8611 25.9978 56.5872 112.99 175.238 59.556 25.2706 32.0301 52.66 -53.0417 -102.3449 -115.5913 -96.8187 -56.4846 208.319 551.9963 414.9716 175.3966
712.1569 556.3031 775.0278 910.1756 1250.1416 1341.047 1469.1992 1388.9979 1450.5699 1365.5939 1211.8584 1055.1025 947.3223 975.6027 694.2181 285.4582 249.3536 167.3431 -2.5582 -0.7681 258.0429 197.6661 197.541 380.9036 456.2441 623.5429 546.3763 504.3526 470.2507 666.8966 276.3777 3.0315 30.9661 92.3685 145 0.6156 -65.5141 -53.7268 30.7095 156.5086 109.5788 76.6286 128.0787 150.8063 212.4269 299.4357 326.6962 56.1059 120.6667 86.9139 33.8361 -47.6484 -97.8697 -104.4363 -99.4373 -131.9675 -139.7419 -108.6107 -68.6941 -12.9363
940.7092 748.0314 648.8754 436.5296 254.4473 295.3303 660.254 941.0403 1124.3342 976.6082 1071.7002 1147.5087 1009.1237 815.5767 830.9976 351.2469 124.2604 37.6577 -70.1089 -31.1891 164.8943 465.8005 670.6062 710.5602 587.3455 426.0302 185.5917 385.2698 472.5676 236.6586 132.5528 -65.2102 -118.7053 -157.173 -161.4079 -122.8557 -79.3465 -22.1629 78.0781 109.6287 50.8099 -5.4482 -33.4255 -71.7307 -68.6459 -66.5518 -44.6134 22.5359 118.4069 265.6691 633.0872 549.3899 511.7635 267.9767 190.7457 69.8799 -22.6767 -18.8081 -0.7307 5.9379
1208.1257 1349.0339 1076.5531 987.0319 735.8835 706.5068 354.7824 109.3708 135.6779 404.434 644.4477 911.0544 1050.5038 899.2982 771.3306 695.6018 502.6662 76.3078 -72.1808 -52.3625 148.6909 393.2338 639.7807 639.0143 384.8138 350.6197 343.122 91.0951 30.9011 -101.6898 -171.1623 -175.28 -111.005 -20.2389 30.0873 342.3852 357.1114 227.0107 201.0726 400.8791 226.5845 149.6811 196.6937 158.0777 235.1339 366.4243 525.319 486.116 583.2034 867.6381 761.0641 472.6971 420.634 326.3229 236.1232 211.1337 276.2137 354.1741 253.51 378.4471
1051.2769 885.0703 1173.5848 1219.127 927.5945 1016.5838 736.1289 450.0797 268.397 54.8556 35.2609 49.4043 192.072 472.7121 743.7792 666.7869 343.0635 199.6401 79.0847 -12.1982 -18.7097 148.161 328.0272 453.6284 317.1471 70.6438 -62.8265 -143.2358 -207.3832 -238.3169 -186.3348 -18.7846 373.5621 668.3899 504.4594 412.7542 503.0888 500.3494 413.3799 420.7101 347.9376 254.7839 257.8615 425.0813 452.6311 359.7629 396.6558 525.9373 537.3177 484.3758 487.2484 302.6855 311.4664 435.7934 420.8539 486.5349 395.7178 392.0232 377.5695 371.1153
357.9842 843.4528 942.4987 902.4325 793.5714 694.7007 563.1458 436.2444 361.5425 305.6255 113.9706 40.5704 21.744 122.3445 108.2549 370.6653 352.8061 555.9667 568.7312 412.7054 243.7497 -103.8063 -157.3466 -106.4888 -143.6898 -193.0662 -210.8518 -216.8843 -193.5097 -107.7263 183.9643 620.1279 490.7509 167.1904 173.666 180.0731 220.3477 231.1341 361.1259 492.7531 464.1405 377.2907 217.2695 314.2545 362.6671 261.1531 564.371 567.8073 321.125 395.7242 749.6095 885.1074 744.2237 675.9833 569.1945 381.641 197.4184 48.0584 34.0305 101.0059
167.8461 461.3052 793.3367 937.3726 797.4343 776.0588 669.6581 415.4182 250.5398 461.5465 373.1945 106.2841 32.3672 7.5847 53.0153 17.4379 128.5945 608.6208 537.0295 354.7207 35.6657 -138.9886 -243.9955 -285.6119 -280.3224 -215.1543 -121.7133 -3.9471 140.1611 370.0934 437.8505 480.8423 358.2572 146.1466 205.0097 349.7866 507.9974 475.0365 471.2149 572.5802 470.3983 349.9489 139.5686 123.3188 360.6384 553.6707 237.0855 304.8151 607.1623 759.989 768.2228 858.6795 673.7209 545.5048 246.7664 159.2989 322.2302 652.7186 420.107 526.3564
57.4503 144.4257 98.9172 370.7663 547.1838 484.1058 600.2357 458.4055 254.2532 154.639 214.5207 238.3609 141.6827 93.1962 -39.865 -38.6904 26.1878 109.6243 484.3781 -12.4678 -156.5216 -255.6854 -297.3814 -286.5696 -203.5973 218.4962 459.8419 355.9286 363.0947 493.5566 434.7346 308.6363 230.2927 280.3519 432.7207 492.2173 531.6255 400.821 209.2693 493.722 398.0008 21.4651 189.1662 302.5531 106.0961 126.7278 551.1168 490.478 588.1263 914.2841 836.7713 589.6535 582.5672 474.2328 98.4846 70.8163 606.7451 610.1938 394.2148 275.6545
311.7463 27.9533 8.665 40.7848 129.0523 301.7493 204.4207 203.5761 138.3148 79.7498 80.1278 46.8425 9.3382 64.5682 -28.1058 -30.9215 43.162 242.6925 12.7863 -158.4973 -250.0107 -300.2274 -306.2178 -268.2782 -136.9925 173.6464 451.8868 590.4307 483.5322 508.0422 280.4828 206.2387 151.8157 208.6659 536.5459 214.8214 352.7715 160.2627 174.0855 445.0645 89.0802 11.9669 43.2728 8.2441 176.9031 469.4862 633.9702 672.2373 786.4471 568.5765 439.3556 658.5976 498.4718 97.7202 17.22 61.5926 330.654 128.3717 688.7145 521.3231
224.1746 161.8962 5.7898 -18.4713 -23.5642 10.5886 38.0912 127.5313 168.3605 151.0757 176.1481 439.8603 25.3248 -40.0757 -62.3133 -76.3513 -81.0549 -128.3799 -247.8609 -325.327 -355.9836 -346.1918 -308.9045 -256.8123 -144.5671 315.6984 467.725 39.8993 313.4366 126.7579 276.3163 130.9899 37.0389 106.0512 152.8357 167.8974 197.3275 10.7173 32.5933 257.3509 134.4852 52.3359 1 193.4602 335.7643 439.0021 569.8077 660.4711 652.5142 623.0091 557.7462 53.2629 89.3306 46.8146 331.4947 763.4784 338.2864 155.5892 291.9496 404.4616
-95.5185 -67.2803 18.3835 10.9222 -115.433 -137.0583 -123.8423 -91.0522 -60.8661 -13.1828 128.6538 0.0479 -85.5654 -142.3447 -195.156 -260.3227 -327.0006 -379.5656 -406.7962 -407.7297 -384.3405 -343.2841 -302.403 -267.5422 -205.065 52.4296 194.8542 287.5038 269.7225 250.3085 164.9649 34.1758 122.618 161.0085 155.0985 40.8032 -79.3227 9 11.9821 80.5448 20.2645 181.1218 393.4119 613.0908 429.166 310.972 437.4247 457.7631 212.8737 152.8335 27.4493 -29.4008 -7.5174 22.447 287.969 373.3733 590.9791 408.0269 549.0994 628.074
-254.5441 -235.6226 -217.1225 -219.2062 -236.2236 -246.8783 -245.3213 -236.851 -226.0885 -216.4058 -214.3326 -223.3825 -244.0876 -272.0219 -309.9142 -359.1214 -390.7191 -392.4431 -372.0338 -343.798 -318.0614 -304.0613 -302.0324 -301.579 -286.4558 -255.0419 -225.6445 -165.3286 -151.7666 -144.4144 -173.3786 -218.4428 -235.7291 -247.3613 -271.761 -300.6703 -307.6854 -281.0776 -212.2941 18.3818 58.4723 13.0082 70.3117 24.3674 8.2724 8.301 9.9283 8.463 -19.6197 8.0857 7.6359 23.587 123.4826 250.5463 347.5106 183.442 435.8163 422.3518 509.1485 435.4228
-299.0725 -297.8853 -297.2145 -297.9029 -299.1058 -299.0746 -296.6895 -293.0328 -289.4208 -286.3721 -285.3238 -286.8627 -291.1848 -296.5749 -302.4038 -306.5645 -305.6867 -301.3104 -297.8107 -299.6641 -298.8237 -294.1034 -288.759 -281.0498 -274.3579 -265.1513 -246.602 -227.96 -231.9882 -243.1921 -254.3986 -264.555 -282.9619 -299.7411 -316.2976 -330.1695 -335.0331 -328.2773 -308.6836 -280.2845 -265.6652 -269.8577 -274.4795 -272.3306 -249.3535 -194.6624 -105.8595 226.1266 375.7354 434.7191 472.9135 462.5438 706.5585 514.0919 453.6835 693.4971 673.3947 371.4241 341.5788 587.6606
