Resources/Map/Lvl0_30x30/Ele_EC.asc
ncols         335
nrows         335
xllcorner     -13345000
yllcorner     -6725000
cellsize      10000
nodata_value  -99999.0
[rows 200 to 224 of 335, columns 171 to 227 of 335]
-4089.3076 -4055.9731 -4038.2549 -4012.9192 -4051.7034 -4072.7283 -4092.9998 -4099.5425 -4111.731 -4120.7134 -4124.1118 -4129.3037 -4185.6787 -4249.7358 -4245.3901 -4208.4722 -4211.3052 -4193.8965 -4152.9053 -4144.0688 -4150.1436 -4154.291 -4158.6138 -4108.7593 -4129.7949 -4279.2163 -4373.0762 -4339.9268 -4306.0767 -4300.3174 -4304.5142 -4331.9585 -4360.4106 -4357.6367 -4285.1343 -4251.5269 -4366.0371 -4412.626 -4211.4014 -4035.5676 -4167.7534 -4321.7969 -4349.7466 -4369.7114 -4332.1875 -4105.5024 -3961.6958 -4117.27 -4240.3193 -4223.5142 -4237.4814 -4352.27 -4421.6387 -4270.249 -4141.7031 -4221.3423 -4388.8042
-4078.6028 -3986.9878 -3959.3525 -4019.2864 -4124.2046 -4168.1689 -4166.0742 -4158.5005 -4179.7466 -4246.9248 -4280.5693 -4247.397 -4265.3071 -4310.3501 -4315.5869 -4283.1309 -4199.9575 -4172.1802 -4246.3862 -4283.7378 -4262.8208 -4241.647 -4227.6396 -4173.4468 -4138.4277 -4158.8228 -4208.3413 -4196.6045 -4105.1357 -4099.6738 -4216.2153 -4332.5088 -4385.0518 -4384.2456 -4353.1895 -4312.6006 -4312.5283 -4333.6602 -4264.2734 -4164.3604 -4266.563 -4429.9043 -4483.2773 -4435.6597 -4298.5522 -4130.0845 -4117.3916 -4232.1377 -4236.5542 -4240.5396 -4316.4985 -4440.5645 -4460.6333 -4351.7549 -4271.5381 -4225.5742 -4295.9521
-4037.7278 -4012.1184 -4016.6279 -4092.8083 -4140.8301 -4175.0088 -4190.9238 -4195.0996 -4239.5918 -4324.7183 -4332.5264 -4217.9839 -4212.585 -4325.8276 -4357.5273 -4328.6982 -4252.6016 -4236.8154 -4362.7559 -4427.2119 -4373.8403 -4318.4507 -4329.9243 -4315.7007 -4204.2837 -4035.2324 -3993.4302 -4011.2903 -3888.5107 -3878.3706 -4118.2466 -4322.4272 -4384.9556 -4390.5811 -4370.1299 -4327.5151 -4276.7354 -4276.7349 -4333.3267 -4351.6982 -4381.9985 -4414.2949 -4421.2148 -4435.1421 -4350.5913 -4201.7578 -4302.2715 -4382.0625 -4250.0576 -4268.0029 -4399.3652 -4486.687 -4418.8872 -4323.313 -4373.2734 -4318.4551 -4290.5532
-4001.0574 -4061.7205 -4087.3831 -4137.9517 -4111.0254 -4120.061 -4180.3325 -4202.0122 -4258.1626 -4306.6455 -4252.9878 -4078.8816 -4077.4565 -4282.4492 -4356.2354 -4317.833 -4294.9326 -4329.0542 -4436.4277 -4472.8647 -4378.481 -4296.9438 -4355.2808 -4409.5063 -4355.7075 -4233.7651 -4196.855 -4231.6919 -4176.6279 -4146.7212 -4261.4678 -4352.0313 -4368.2568 -4380.0767 -4369.1597 -4385.8745 -4411.022 -4385.459 -4359.4238 -4336.9937 -4364.2646 -4384.3267 -4352.8135 -4350.5366 -4334.3066 -4274.7544 -4364.5444 -4390.5356 -4306.8608 -4378.9526 -4522.3457 -4531.6592 -4370.625 -4267.8081 -4387.5908 -4392.3071 -4308.1563
-3973.1548 -4014.2263 -4045.0266 -4065.1282 -4035.7744 -4090.4167 -4101.7007 -4062.5635 -4153.2549 -4195.9629 -4141.9487 -4058.0034 -4061.8721 -4183.5596 -4266.5947 -4248.5591 -4243.8779 -4266.7188 -4317.5864 -4357.9077 -4323.1265 -4229.6763 -4250.501 -4340.2183 -4359.146 -4338.3584 -4348.3726 -4372.478 -4363.5376 -4327.6167 -4336.4668 -4357.9556 -4333.8975 -4317.5571 -4304.7402 -4320.353 -4377.3828 -4394.4888 -4348.6831 -4247.9258 -4176.5103 -4200.6084 -4272.4375 -4347.0342 -4417.7412 -4424.1772 -4377.9639 -4349.0557 -4374.5137 -4437.4385 -4539.0151 -4501.1147 -4348.5112 -4351.5957 -4444.8193 -4398.6709 -4289.7085
-3974.2991 -3956.4451 -3937.8547 -3957.4092 -3991.2083 -4041.614 -3942.0779 -3853.0486 -4005.9407 -4105.061 -4107.0386 -4088.1963 -4059.1182 -4113.4912 -4191.4834 -4186.4448 -4185.6499 -4164.0693 -4129.7402 -4148.8184 -4205.7959 -4188.0664 -4218.6152 -4316.1831 -4324.0762 -4308.7305 -4327.6035 -4335.5269 -4311.083 -4268.9756 -4295.2192 -4352.6958 -4328.8599 -4277.5981 -4249.7593 -4260.4102 -4306.3813 -4324.8369 -4342.146 -4311.3159 -4184.123 -4148.7524 -4267.1265 -4360.2866 -4350.7148 -4359.8438 -4381.6606 -4417.9287 -4506.6968 -4523.501 -4497.9502 -4321.0015 -4211.4839 -4381.7651 -4486.0469 -4408.6182 -4302.3975
-4013.1938 -3971.0293 -3947.875 -4003.3289 -4020.6738 -3971.292 -3883.3027 -3828.6953 -3980.3687 -4079.2849 -4055.4746 -4015.0137 -4022.2351 -4107.9404 -4124.4058 -4091.416 -4132.3838 -4107.4883 -3991.7639 -3983.4158 -4096.6973 -4152.7378 -4198.3169 -4246.1953 -4255.1045 -4277.1938 -4288.4863 -4288.5059 -4278.8516 -4245.0493 -4261.5889 -4307.688 -4306.4116 -4266.3657 -4238.2852 -4262.0059 -4283.2725 -4267.2744 -4333.8843 -4372.3467 -4310.4155 -4299.6094 -4358.1528 -4324.4697 -4172.8965 -4167.6152 -4256.5718 -4304.7212 -4417.1919 -4455.9214 -4400.7539 -4216.9429 -4143.6255 -4319.5996 -4421.4375 -4395.1055 -4334.083
-4082.002 -3991.8242 -3999.6726 -4071.9502 -4023.7781 -3945.7708 -3976.4514 -3963.2034 -3993.3965 -4022.5186 -3971.387 -3923.4292 -4001.5095 -4123.2075 -4063.1206 -3995.8491 -4080.533 -4104.6177 -4027.6838 -4038.0215 -4133.3101 -4172.2559 -4137.6113 -4105.98 -4174.5337 -4239.187 -4215.6172 -4204.2627 -4209.1226 -4188.5605 -4210.1406 -4244.0503 -4257.8638 -4247.2192 -4213.6631 -4246.5698 -4304.1929 -4308.4351 -4346.2051 -4341.6807 -4322.1011 -4388.6841 -4424.1758 -4371.3374 -4274.8081 -4249.998 -4271.0537 -4251.2744 -4281.9336 -4335.79 -4408.4956 -4379.4614 -4295.3853 -4307.2329 -4299.9331 -4287.582 -4320.6201
-4086.3064 -4037.6404 -4039.1062 -4068.6921 -4000.6089 -3938.3494 -4002.5562 -4022.2651 -3969.6035 -3977.4346 -3957.4727 -3877.3525 -3936.5559 -4091.8108 -4079.1372 -4012.6626 -4019.071 -4009.1416 -4027.876 -4054.7051 -4089.1602 -4148.5796 -4108.1411 -4060.9519 -4140.8765 -4215.541 -4224.6079 -4210.4487 -4201.646 -4208.0518 -4222.7417 -4207.5928 -4212.8994 -4230.563 -4205.2061 -4253.9902 -4363.1177 -4371.6021 -4334.3657 -4312.0767 -4327.1489 -4421.3208 -4469.1387 -4358.5513 -4107.5591 -4010.573 -4203.001 -4401.5996 -4410.314 -4416.1069 -4473.6172 -4461.4053 -4385.248 -4307.9258 -4191.0522 -4230.2939 -4408.4014
-4105.1323 -4137.894 -4108.0952 -4072.438 -4045.5564 -4015.3083 -4036.2976 -4064.0088 -4016.0088 -3992.2036 -3999.7864 -3940.5427 -3947.3557 -4066.5325 -4113.5317 -4081.5867 -4048.907 -4027.3896 -4037.9998 -4008.3958 -4015.0671 -4125.9219 -4157.2144 -4119.2549 -4133.1328 -4228.02 -4314.0737 -4307.3213 -4282.9541 -4301.8931 -4279.5435 -4203.9556 -4196.8452 -4221.9995 -4215.4653 -4270.9585 -4373.2358 -4350.5972 -4248.4741 -4246.3364 -4319.6177 -4397.6616 -4442.2324 -4345.6855 -4066.7319 -3872.1523 -4001.8813 -4338.3677 -4505.5317 -4538.144 -4524.3794 -4429.189 -4365.4858 -4320.7124 -4165.8369 -4222.4429 -4458.0679
-4116.791 -4174.3745 -4121.4023 -4099.7925 -4107.2871 -4059.4199 -4055.3809 -4082.0984 -4062.998 -4020.4917 -4030.9001 -4013.7922 -4006.0046 -4063.6152 -4112.2036 -4113.2031 -4108.8843 -4127.5313 -4098.1504 -4035.5767 -4058.3777 -4132.0806 -4173.5679 -4167.9067 -4159.3252 -4251.2334 -4340.8862 -4324.5703 -4274.7856 -4284.2183 -4286.8911 -4240.8604 -4211.7119 -4189.0518 -4168.7427 -4225.5781 -4324.8896 -4296.4355 -4163.1763 -4166.4326 -4274.8179 -4312.7896 -4324.4375 -4385.2354 -4445.7661 -4326.0156 -4186.7314 -4336.3652 -4516.0957 -4545.2114 -4564.4937 -4486.0479 -4398.8809 -4352.2134 -4181.0908 -4195.8506 -4427.8726
-4098.6685 -4124.7222 -4044.1746 -4068.3057 -4081.9082 -4030.0369 -4040.9832 -4057.1902 -4066.2122 -4044.5315 -4007.384 -3982.8254 -3974.884 -4009.5503 -4089.437 -4140.2734 -4166.0986 -4178.5386 -4121.4238 -4079.0674 -4143.9082 -4164.5552 -4138.7188 -4138.8022 -4161.2007 -4218.626 -4280.7451 -4284.7427 -4166.7476 -4098.0747 -4154.6021 -4208.5742 -4222.2241 -4218.981 -4201.8301 -4222.9907 -4295.5435 -4264.0664 -4121.25 -4117.752 -4237.2178 -4275.6533 -4283.7373 -4410.4277 -4589.6016 -4553.6978 -4431.6401 -4468.8242 -4520.5908 -4523.4863 -4593.5737 -4594.5156 -4556.4077 -4567.1201 -4447.9521 -4385.0884 -4484.6826
-4043.7424 -4042.7183 -4046.5344 -4083.7212 -4023.0974 -3992.8098 -4028.0786 -4017.5256 -4058.4348 -4035.4465 -3896.0713 -3871.3647 -3893.1003 -3894.9783 -4029.7517 -4174.6831 -4216.8545 -4201.5562 -4140.0322 -4097.2759 -4165.0684 -4183.9492 -4110.2695 -4095.9895 -4146.145 -4174.2939 -4240.6284 -4319.313 -4248.9414 -4181.9727 -4228.748 -4264.4653 -4271.1318 -4308.4409 -4318.3052 -4312.5464 -4336.0591 -4266.7427 -4101.2231 -4084.4536 -4206.8955 -4290.2515 -4362.7056 -4467.9302 -4532.1392 -4480.1147 -4471.8638 -4517.6382 -4448.8667 -4378.5513 -4447.543 -4576.2881 -4637.3579 -4639.0566 -4520.3047 -4492.2031 -4593.3604
-3958.9636 -3924.0498 -4003.4792 -4083.2322 -4041.6555 -4016.4438 -4026.3003 -4005.821 -4059.1106 -4070.6292 -3939.2234 -3870.0981 -3827.6394 -3793.8362 -3983.4939 -4194.2427 -4228.1113 -4205.0981 -4157.8594 -4107.2773 -4144.6426 -4172.0068 -4149.0332 -4167.7725 -4161.1211 -4126.3301 -4161.3408 -4250.7354 -4260.1567 -4258.7905 -4296.5732 -4300.479 -4275.6362 -4295.5239 -4307.123 -4303.4951 -4308.4771 -4279.5034 -4195.3853 -4170.834 -4194.7598 -4241.4131 -4357.9824 -4414.7046 -4397.8486 -4382.6753 -4420.9834 -4473.9297 -4386.479 -4269.8613 -4321.6475 -4530.2295 -4601.8599 -4501.2905 -4373.79 -4450.064 -4586.3311
-3970.4622 -3933.4272 -3974.3196 -4049.7632 -4079.4219 -4055.2009 -4037.0537 -4022.3145 -4031.4202 -4080.9763 -4060.0984 -3988.728 -3807.6497 -3648.8787 -3829.8269 -4118.2939 -4199.0527 -4172.4551 -4120.5137 -4094.1233 -4150.4209 -4217.5376 -4271.1816 -4281.5586 -4220.1758 -4184.8608 -4192.873 -4203.9282 -4197.5356 -4240.8481 -4312.7983 -4337.1265 -4322.6641 -4292.5 -4249.0791 -4253.624 -4271.4268 -4281.9355 -4280.1226 -4287.4009 -4240.3091 -4222.6313 -4302.1514 -4334.5337 -4300.3247 -4325.6577 -4359.8555 -4394.8926 -4358.3608 -4286.5498 -4318.8843 -4489.6538 -4556.2866 -4501.7808 -4425.937 -4410.0366 -4376.7642
-3990.1008 -3997.1995 -4015.1594 -4030.7825 -4064.0684 -4067.5784 -4062.5623 -4029.3486 -3964.7668 -4015.0676 -4082.9158 -4060.1841 -3872.8098 -3638.4685 -3707.8311 -4004.7471 -4145.9004 -4102.0557 -4072.7739 -4124.0137 -4194.0498 -4255.873 -4311.1704 -4283.8081 -4256.4009 -4297.3794 -4311.9771 -4267.7285 -4217.4063 -4242.2563 -4320.4097 -4348.6284 -4332.0259 -4271.834 -4225.8267 -4247.0532 -4288.0508 -4303.2598 -4229.9082 -4192.6509 -4198.6167 -4201.6621 -4213.8418 -4244.8525 -4253.3086 -4260.9829 -4271.6978 -4275.7695 -4270.8149 -4293.2324 -4400.144 -4516.7886 -4535.4263 -4525.7061 -4508.8408 -4452.9434 -4386.3579
-4011.2908 -4009.1738 -4053.2368 -4077.8257 -4099.8647 -4114.2222 -4131.3149 -4116.873 -4032.3657 -4054.6785 -4104.3296 -4051.5247 -3952.1655 -3888.668 -3963.884 -4112.7656 -4156.9639 -4120.8838 -4137.2378 -4200.9141 -4205.3203 -4178.5962 -4235.8711 -4285.8486 -4281.979 -4284.458 -4286.2461 -4286.436 -4276.1313 -4280.0376 -4324.8037 -4353.8149 -4328.3325 -4268.4917 -4266.2041 -4306.7329 -4329.9409 -4345.0249 -4295.6724 -4227.998 -4235.6748 -4250.8071 -4193.7686 -4163.5151 -4191.6401 -4229.7148 -4309.1997 -4330.2544 -4312.2471 -4315.8501 -4442.0586 -4533.3984 -4548.3149 -4542.7603 -4516.5898 -4531.604 -4570.083
-4035.5496 -4015.7927 -4070.0576 -4117.2529 -4140.4727 -4149.7944 -4155.8188 -4151.1855 -4117.7012 -4095.6965 -4081.3579 -4085.4604 -4131.6338 -4206.5635 -4249.1523 -4240 -4212.916 -4214.2612 -4238.4258 -4245.6284 -4204.3057 -4146.6772 -4198.5405 -4298.6099 -4282.8906 -4232.5962 -4223.7065 -4237.3975 -4267.3486 -4292.1597 -4305.7383 -4308.5156 -4272.4985 -4218.8613 -4260.3164 -4358.8755 -4396.8169 -4398.9663 -4377.564 -4310.3569 -4298.2969 -4322.8018 -4280.5688 -4232.5449 -4223.4297 -4242.2681 -4342.25 -4423.5332 -4403.043 -4315.2788 -4347.0088 -4443.1021 -4563.814 -4591.79 -4472.3477 -4485.7759 -4588.2925
-4084.1948 -4050.6968 -4052.3179 -4086.8867 -4100.4067 -4116.2749 -4125.4399 -4125.1646 -4114.438 -4062.5774 -4064.4707 -4145.6958 -4251.896 -4352.0557 -4340.1138 -4249.9258 -4226.6055 -4248.8804 -4208.2075 -4198.439 -4253.0547 -4255.021 -4249.4214 -4254.104 -4176.626 -4119.6963 -4142.7407 -4192.2354 -4249.6196 -4272.1172 -4229.8252 -4192.4849 -4192.8765 -4206.7778 -4276.5029 -4379.021 -4416.0313 -4425.6836 -4440.1284 -4420.9121 -4412.9805 -4410.647 -4380.0913 -4338.229 -4288.1719 -4270.9663 -4337.4189 -4417.7085 -4401.4668 -4319.7114 -4290.8364 -4332.9873 -4403.9683 -4428.1201 -4356.7725 -4369.9214 -4496.4424
-4101.4854 -4011.3125 -3995.4824 -4062.4053 -4067.6938 -4099.752 -4123.3062 -4081.6848 -4025.9641 -3977.4199 -3998.4954 -4118.2817 -4293.4106 -4419.3159 -4403.729 -4296.8223 -4263.7896 -4238.8936 -4048.332 -3943.6875 -4107.1348 -4256.5356 -4265.0444 -4232.5532 -4186.2163 -4146.293 -4111.9907 -4122.1777 -4187.9111 -4200.7622 -4120.4946 -4097.2139 -4177.5444 -4245.8862 -4279.5342 -4313.1641 -4346.6294 -4395.02 -4444.9966 -4463.4609 -4456.627 -4404.7026 -4359.5073 -4369.2192 -4360.7969 -4365.5171 -4412.4995 -4424.6631 -4380.3564 -4323.146 -4261.0679 -4218.7251 -4245.6592 -4287.7515 -4256.5923 -4223.1538 -4315.3662
-4136.437 -4053.2952 -4049.9045 -4108.4844 -4121.7314 -4126.4023 -4129.0737 -4107.2578 -4031.0674 -3891.6689 -3902.2053 -4125.3574 -4345.9595 -4385.5298 -4317.1816 -4269.2998 -4261.0708 -4235.1865 -4106.4302 -4016.8118 -4149.8638 -4279.1216 -4247.27 -4204.062 -4192.1445 -4147.439 -4091.4182 -4121.6665 -4213.688 -4213.8223 -4107.9937 -4075.5881 -4156.5923 -4229.4595 -4242.5835 -4227.3047 -4265.0317 -4363.8496 -4455.5444 -4479.1899 -4459.9893 -4418.7437 -4386.0356 -4397.5288 -4402.8545 -4445.4497 -4507.918 -4485.0088 -4433.2876 -4395.1802 -4333.8604 -4247.2959 -4238.4614 -4306.9321 -4237.7949 -4111.521 -4153.5112
-4182.1338 -4182.729 -4144.373 -4129.5801 -4109.9951 -4141.6743 -4139.6626 -4195.582 -4100.4609 -4003.2756 -4051.1467 -4263.5269 -4333.9321 -4195.0083 -4060.9783 -4119.5635 -4232.7036 -4268.9658 -4241.3218 -4185.5479 -4202.2739 -4251.082 -4230.8892 -4200.6797 -4158.8828 -4087.5 -4057.9082 -4110.9414 -4148.6582 -4151.4233 -4187.2109 -4216.2954 -4185.3052 -4169.1895 -4205.3813 -4246.3296 -4302.0591 -4367.0967 -4378.644 -4312.5942 -4220.1782 -4256.0674 -4336.7925 -4410.4531 -4437.8452 -4470.5391 -4530.6953 -4535.145 -4491.2817 -4406.145 -4422.6489 -4473.8516 -4409.7725 -4287.9639 -4138.9585 -4094.6064 -4096.6831
-4123.8184 -4138.7822 -4201.8174 -4207.1421 -4128.4019 -4107.5073 -4139.1611 -4117.5742 -4029.6531 -4043.7888 -4133.6816 -4238.2051 -4231.9165 -4199.542 -4135.7627 -4081.5691 -4052.4719 -4102.8765 -4243.71 -4251.9502 -4214.1519 -4232.4409 -4188.5962 -4135.8169 -4124.8071 -4095.655 -4076.4463 -4086.9312 -4078.4895 -4061.0254 -4101.0771 -4172.0752 -4200.1978 -4240.0391 -4294.9868 -4285.5166 -4246.7314 -4227.1753 -4184.5986 -4130.6797 -4192.3892 -4282.6348 -4355.293 -4436.5469 -4472.6782 -4517.8374 -4547.4185 -4522.0845 -4480.5107 -4453.0664 -4523.481 -4563.4326 -4462.2803 -4280.8184 -4167.478 -4184.8086 -4137.5806
-3998.6838 -3890.2864 -4044.5388 -4199.8101 -4219.1992 -4155.2471 -4104.5552 -4033.0176 -3957.1423 -4009.4236 -4156.5571 -4210.5298 -4206.5151 -4272.8618 -4271.729 -4160.6563 -4050.4766 -4046.8645 -4198.9448 -4278.0264 -4258.165 -4247.3765 -4193.0742 -4149.5635 -4181.0068 -4173.8467 -4147.1475 -4155.0127 -4169.0859 -4168.833 -4155.5713 -4159.3477 -4205.2979 -4296.6118 -4326.7559 -4236.3081 -4152.1001 -4102.5474 -4073.6252 -4191.5903 -4364.1353 -4414.9849 -4460.7783 -4494.0913 -4479.3125 -4524.2354 -4532.2002 -4464.4858 -4416.1455 -4485.0122 -4575.2144 -4529.8696 -4402.9673 -4277.8477 -4214.2388 -4213.5913 -4202.4912
-3903.8582 -3749.8521 -3842.644 -4085.9387 -4314.1514 -4241.501 -4093.3286 -4021.7305 -3932.502 -4004.3247 -4202.3735 -4209.9351 -4157.1401 -4188.2456 -4197.1289 -4184.6245 -4210.7227 -4242.334 -4288.0986 -4299.4951 -4265.9971 -4272.6636 -4261.2534 -4232.4683 -4246.5068 -4224.5293 -4187.4873 -4180.3589 -4178.5923 -4183.9272 -4211.6064 -4228.314 -4174.0146 -4168.7285 -4242.5376 -4317.4727 -4379.6465 -4342.0327 -4227.686 -4304.4839 -4447.1899 -4402.7368 -4366.0801 -4378.9321 -4418.5518 -4493.6318 -4451.2754 -4330.103 -4310.0313 -4421.0459 -4565.4214 -4571.9126 -4397.5864 -4275.7949 -4285.1729 -4283.9604 -4281.4409
