Resources/Map/Lvl0_30x30/Ele_BE.asc
ncols         335
nrows         335
xllcorner     -6645000
yllcorner     3325000
cellsize      10000
nodata_value  -99999.0
[rows 156 to 181 of 335, columns 58 to 115 of 335]
-91.1008 -96.0872 -112.9289 -130.852 -140.3166 -139.5624 -129.7533 -119.3521 -112.0776 -103.8022 -97.7386 -98.5034 -98.4745 -92.0444 -85.3279 -84.2271 -86.8578 -88.5964 -92.2564 -94.5048 -91.614 -84.3679 -80.5832 -81.4539 -78.8184 -78.5843 -80.1735 -82.0563 -87.1532 -86.8943 -82.7353 -79.4794 -79.5981 -77.4638 -79.7008 -78.4366 -76.1389 -73.5336 -75.1285 -78.7291 -80.0514 -81.8964 -82.7273 -84.713 -84.5972 -83.6339 -82.8875 -80.8897 -76.9495 -72.8779 -70.6808 -69.3655 -67.7581 -66.0052 -65.184 -63.6781 -62.1479 -62.2067
-85.119 -91.3838 -113.3525 -128.9539 -132.1798 -124.1829 -115.6708 -110.7938 -107.2074 -99.8761 -95.3529 -92.068 -84.7026 -78.6592 -80.7791 -83.4337 -86.5214 -90.7083 -88.9679 -85.819 -83.2458 -79.8197 -79.639 -81.388 -79.5083 -81.3128 -82.3958 -83.1042 -87.0178 -88.6312 -80.8817 -74.8534 -73.4738 -75.065 -78.956 -81.9177 -75.7912 -76.6406 -82.2884 -82.6603 -77.2781 -79.5182 -82.5214 -83.2951 -82.3749 -81.5309 -79.6922 -77.0891 -73.7702 -71.156 -69.7327 -67.4742 -65.8148 -63.6168 -62.7581 -61.4404 -61.3379 -62.0824
-84.1251 -93.7986 -112.6383 -126.258 -123.8196 -120.1424 -117.375 -113.9484 -104.5439 -95.7002 -88.7719 -80.9744 -75.2663 -77.1218 -80.9462 -78.9731 -78.511 -83.2794 -82.7985 -81.0379 -82.8883 -83.169 -84.1236 -83.4686 -80.4134 -83.0473 -82.9907 -81.5967 -82.8643 -84.9084 -81.5577 -76.5087 -73.6707 -75.3721 -75.6812 -76.5938 -74.4729 -73.0709 -70.4491 -69.7245 -65.1321 -68.8181 -78.1982 -80.4566 -78.2229 -77.2069 -76.2378 -75.0687 -71.7261 -68.8127 -66.1038 -63.5253 -63.3309 -61.0454 -59.7802 -61.6723 -64.0292 -63.5245
-79.6879 -97.1211 -110.3123 -114.8448 -113.2717 -119.4517 -126.0292 -127.4518 -113.2741 -95.4598 -84.7739 -78.0806 -74.4955 -77.8712 -79.5456 -76.296 -71.033 -75.3363 -84.3164 -86.0634 -89.9222 -90.6698 -91.2499 -90.6493 -82.4204 -78.4466 -77.6833 -78.5598 -80.4671 -82.2339 -83.7278 -82.196 -78.3689 -76.5837 -75.0439 -75.3688 -75.6884 -64.9584 -48.5607 -47.1791 -58.2423 -69.2651 -78.7909 -78.2263 -76.7344 -74.617 -73.9464 -73.0536 -71.1664 -67.6902 -62.6063 -61.6031 -61.9296 -61.3607 -61.4547 -62.9189 -65.6279 -67.9902
-78.2483 -102.1452 -109.2944 -96.4783 -96.6117 -110.892 -126.7467 -131.2414 -114.3575 -86.3642 -75.5737 -74.8184 -76.7669 -79.9359 -80.2041 -76.2109 -69.6964 -76.6572 -88.8509 -94.6401 -97.6169 -94.602 -96.6017 -99.653 -85.9929 -70.1885 -69.9359 -75.8222 -78.0426 -79.3296 -80.4313 -83.734 -81.1822 -78.2228 -80.5609 -79.6139 -75.3892 -65.6316 -54.6793 -62.6849 -72.6925 -75.4107 -82.8643 -77.7223 -76.1774 -75.6249 -75.1253 -72.3858 -71.3138 -67.9101 -64.0913 -65.6654 -67.0158 -66.554 -66.3354 -66.3921 -67.1284 -70.3305
-90.1797 -108.0366 -105.7954 -91.5878 -93.8762 -99.7497 -107.9234 -100.2988 -88.9172 -72.1717 -66.5659 -69.8345 -73.0612 -75.4902 -77.3256 -77.0096 -77.9758 -87.1896 -95.4523 -97.5616 -96.6148 -94.8386 -94.8713 -93.6065 -84.8604 -76.3817 -73.5222 -74.9892 -74.2476 -75.705 -74.9145 -77.4319 -78.6904 -76.3556 -77.6194 -80.1965 -72.1358 -73.5259 -70.2336 -79.6215 -80.3341 -77.5585 -76.2658 -74.0694 -74.4649 -73.3019 -72.1987 -69.7111 -67.6767 -65.48 -67.5867 -67.4328 -68.5428 -68.5219 -68.6608 -68.3235 -69.4831 -72.3161
-106.3624 -109.209 -97.4765 -96.4902 -96.07 -92.5028 -96.9609 -85.044 -78.6843 -69.1465 -65.7334 -69.8442 -72.1787 -71.2513 -73.209 -77.3142 -83.3295 -92.2423 -97.8004 -94.8301 -93.9391 -95.5129 -91.9928 -84.1722 -79.0273 -78.9224 -75.6113 -71.6274 -69.0927 -70.6074 -73.453 -74.134 -74.7936 -73.6645 -73.4848 -74.9351 -71.246 -72.1169 -74.1287 -72.6529 -73.7786 -72.5485 -68.8732 -69.4472 -70.4932 -69.1631 -68.1874 -67.8244 -65.311 -65.4387 -68.6607 -66.5448 -67.7504 -68.4757 -69.2482 -69.7774 -71.3025 -72.7424
-121.4002 -110.9159 -95.0886 -94.7638 -91.2635 -85.4614 -88.7276 -82.9036 -77.2085 -72.0354 -70.6905 -71.462 -71.5563 -73.1721 -77.137 -76.0644 -79.635 -88.8563 -95.0595 -95.3158 -98.4237 -99.8717 -92.5166 -81.8986 -76.8849 -74.9228 -72.428 -69.0386 -66.0073 -66.5766 -70.4967 -71.621 -70.4493 -70.4151 -68.0707 -66.2824 -64.0737 -69.8799 -79.0284 -60.4397 -50.1996 -60.3826 -59.0986 -49.8359 -55.8186 -65.7979 -66.3989 -65.3769 -64.6727 -65.0178 -64.3189 -63.656 -64.9227 -65.9649 -68.0827 -69.0016 -69.4649 -70.3813
-135.3205 -114.6624 -104.8237 -105.0686 -98.3159 -86.7324 -86.1018 -85.0031 -81.2169 -77.2755 -75.78 -73.9244 -73.1337 -80.0166 -87.014 -78.7239 -75.5727 -85.3389 -95.0782 -101.4614 -104.2297 -102.859 -91.3866 -78.0988 -74.6732 -71.8664 -71.1502 -68.4796 -64.3544 -63.4475 -66.3777 -67.9637 -67.233 -69.6936 -68.0195 -61.0672 -54.0249 -59.0535 -81.0763 -58.7023 -28.1592 -36.4138 -36.5663 -23.745 -48.5866 -67.8705 -65.692 -63.8916 -62.8845 -62.0256 -61.344 -60.9318 -62.2921 -63.9654 -66.2539 -66.0598 -67.1227 -69.8747
-185.1637 -111.4802 -106.9732 -101.6024 -90.2008 -86.8404 -88.9956 -84.312 -82.066 -80.8125 -79.7228 -74.6384 -73.8982 -84.3255 -88.9842 -87.5209 -84.7941 -87.2197 -98.937 -101.4545 -97.4733 -96.4795 -83.1376 -68.2406 -73.4876 -73.082 -69.638 -66.8505 -64.1395 -59.3291 -59.7909 -50.9195 -51.0801 -62.1143 -69.3634 -63.5263 -59.0452 -57.748 -75.6704 -71.2495 -44.783 -36.8634 -41.6383 -44.2229 -60.1074 -65.7092 -62.356 -60.9652 -60.6311 -60.9706 -60.8503 -60.7633 -61.8068 -63.1429 -64.8409 -65.1271 -66.7777 -70.2958
-311.2098 -122.421 -103.6198 -92.7977 -84.3078 -91.0024 -93.1264 -86.7165 -84.2026 -85.0381 -82.9249 -78.9393 -80.1409 -82.5869 -78.2895 -84.652 -89.4647 -86.3391 -88.9328 -88.3399 -86.0984 -85.416 -75.6894 -62.3804 -67.0367 -70.3945 -63.1109 -62.7004 -63.1281 -52.7714 -57.3206 -44.2103 -40.6545 -60.2256 -68.3804 -65.3302 -66.8932 -73.8183 -77.9506 -70.8953 -62.9079 -59.5338 -68.19 -80.272 -65.8521 -56.8999 -56.7868 -58.6771 -59.6018 -60.4286 -61.6261 -60.3554 -60.277 -62.2508 -66.3697 -69.2324 -73.3985 -80.4538
-472.024 -211.8853 -126.5589 -113.1373 -111.8169 -104.5483 -102.3748 -96.125 -95.7748 -91.5457 -82.3626 -78.5018 -76.6195 -72.8628 -66.8906 -65.3577 -74.276 -77.4205 -76.6015 -78.8306 -79.7118 -79.9177 -80.499 -74.1423 -67.9692 -67.9775 -61.8041 -60.8331 -63.7912 -57.7875 -62.8749 -59.8971 -58.3441 -67.6892 -69.4804 -66.3456 -66.8875 -71.8595 -68.9893 -62.7644 -63.0075 -65.5361 -69.5666 -75.0087 -62.8714 -55.7754 -54.3854 -56.4861 -56.1987 -54.6672 -58.4494 -60.1166 -58.0547 -56.3173 -59.5436 -69.7437 -85.5808 -95.7214
-650.105 -454.7997 -341.2871 -315.7037 -243.4996 -133.4089 -110.7541 -107.7277 -106.2872 -95.1488 -87.9172 -81.6682 -63.5673 -49.6271 -52.2937 -46.5784 -48.0891 -63.002 -75.3046 -78.6617 -77.6336 -80.4087 -95.7763 -94.3301 -78.1582 -71.6764 -66.9659 -63.0096 -64.7595 -65.2806 -65.4851 -66.8384 -72.3871 -72.3461 -70.2308 -67.7537 -66.6121 -64.5293 -59.5306 -60.1138 -61.9514 -60.3841 -63.2936 -65.5285 -62.5153 -56.187 -54.3588 -52.9626 -50.5388 -48.822 -53.5339 -56.7476 -55.5792 -54.5082 -55.8873 -69.4171 -82.1946 -80.0718
-1027.9976 -978.9924 -881.2912 -815.616 -515.6912 -230.9981 -148.9071 -122.7147 -109.1391 -99.8036 -97.3275 -93.3308 -81.7668 -63.9318 -59.0629 -60.0792 -60.089 -70.1841 -82.3852 -81.959 -77.3742 -79.5514 -91.8839 -88.704 -76.6997 -72.6846 -70.8933 -68.1802 -68.0927 -68.1789 -65.4876 -66.0356 -70.1596 -70.0924 -67.4301 -65.8232 -66.3827 -61.887 -60.7371 -61.5664 -60.1368 -55.4868 -62.4425 -64.2631 -60.5187 -53.6467 -52.7995 -49.7334 -47.1352 -47.7034 -52.0331 -53.3112 -53.9577 -56.4179 -61.9114 -71.5298 -64.6304 -56.0619
-1507.9928 -1518.809 -1445.1788 -1309.0503 -940.7078 -627.6099 -393.7849 -241.2702 -165.7291 -124.6608 -104.6464 -94.354 -100.6363 -98.9234 -74.8417 -73.7485 -85.7395 -87.6643 -91.8987 -91.3947 -84.943 -82.5657 -82.8428 -79.4567 -81.4516 -79.1655 -74.7909 -72.7462 -71.9281 -71.0018 -70.1168 -68.8101 -69.7697 -70.4987 -67.7165 -65.9188 -65.9871 -64.2402 -62.6216 -61.9932 -60.72 -58.4922 -60.9436 -59.8938 -56.7347 -55.8414 -53.0219 -48.5627 -46.5567 -47.1303 -50.3084 -52.726 -53.8319 -55.5337 -63.4496 -67.5681 -53.8721 -54.4317
-1893.504 -1849.4011 -1785.4746 -1698.6943 -1458.931 -1261.4666 -985.1569 -641.2798 -345.7518 -213.2403 -164.9304 -137.8558 -121.9165 -114.496 -92.8956 -94.3154 -102.7369 -100.3657 -100.0057 -97.2507 -88.8039 -84.3051 -84.4515 -82.0873 -81.7884 -80.1177 -77.4974 -74.7385 -75.594 -71.4229 -74.2548 -72.2352 -69.8396 -71.4815 -69.8422 -68.9163 -66.1726 -65.1797 -64.858 -64.4847 -66.8905 -64.9469 -62.1363 -60.514 -57.5112 -59.1516 -55.0789 -48.7486 -47.2878 -46.3123 -47.9147 -49.5688 -50.3976 -53.5972 -58.2767 -58.5567 -53.9633 -55.6481
-2190.1526 -2084.3711 -2028.7273 -2004.807 -1874.004 -1771.438 -1572.8254 -1217.5853 -878.4142 -678.0532 -535.6339 -407.9539 -290.8405 -209.8568 -161.8359 -161.9673 -148.0944 -127.402 -113.9491 -99.6155 -89.2154 -86.9794 -86.7131 -85.4635 -80.4108 -75.8548 -75.2613 -74.373 -75.588 -70.5206 -72.5851 -73.8376 -71.0585 -72.0617 -71.3841 -71.8665 -68.7623 -59.2543 -67.1415 -66.0045 -66.736 -64.3694 -62.8824 -61.3451 -60.9859 -59.035 -56.2325 -51.7842 -49.1201 -46.0814 -46.6082 -46.9175 -46.1413 -47.3253 -48.5162 -51.5652 -53.8068 -52.8781
-2395.2197 -2267.1584 -2261.0369 -2251.7693 -2142.0342 -2008.4773 -1851.996 -1606.6152 -1397.2275 -1242.0071 -1031.5046 -827.6737 -740.6293 -656.2328 -512.9802 -411.6768 -270.2667 -164.8007 -120.7837 -96.5158 -87.9126 -97.0601 -121.4355 -100.2508 -82.9898 -78.7881 -76.2621 -78.4379 -77.027 -74.7301 -74.5792 -74.3909 -73.4744 -73.041 -71.512 -69.827 -69.9813 -64.1746 -67.9333 -67.3143 -65.6614 -65.68 -66.213 -64.724 -62.2582 -61.6451 -60.5183 -54.2365 -51.169 -46.5123 -45.5915 -43.9915 -43.4012 -44.1258 -44.6751 -47.0451 -50.4734 -54.5772
-2507.0535 -2453.8196 -2485.1914 -2396.6782 -2278.2678 -2189.6633 -2062.7476 -1808.0812 -1632.2606 -1534.1027 -1363.0629 -1173.1101 -1240.7478 -1255.9221 -1020.8668 -883.0585 -584.9185 -317.0034 -186.8462 -221.8695 -216.717 -131.7244 -149.1589 -113.1357 -84.1447 -82.7242 -81.2805 -82.7815 -79.5516 -77.8307 -76.8765 -75.0252 -75.266 -74.4943 -71.3522 -68.875 -70.5628 -70.0758 -68.7063 -67.9965 -67.3575 -67.0836 -68.465 -65.1637 -60.9856 -63.3504 -59.9354 -52.7091 -50.6877 -46.774 -45.256 -42.3607 -41.2165 -42.8471 -43.5287 -44.3251 -47.6223 -54.6476
-2644.261 -2662.5815 -2570.4646 -2526.2002 -2485.624 -2391.604 -2200.3818 -2070.6997 -1990.7522 -1902.722 -1732.4088 -1532.6135 -1710.4529 -1856.7668 -1640.3234 -1389.9294 -876.8737 -401.3119 -189.1795 -170.3059 -151.6752 -105.0152 -110.9807 -101.4107 -88.5319 -84.7393 -84.7211 -84.8124 -74.4252 -72.1131 -75.5346 -75.8063 -75.9563 -73.2772 -73.725 -75.2265 -70.6002 -68.9367 -68.3038 -66.6041 -69.3256 -66.1831 -64.1771 -66.0973 -68.9559 -61.2339 -56.5748 -53.3582 -52.014 -47.4799 -45.6118 -41.6747 -40.7903 -42.3548 -41.5883 -42.5574 -45.9268 -59.7087
-2839.4229 -2811.7783 -2702.2129 -2732.3445 -2720.7939 -2626.0967 -2541.1797 -2516.3438 -2486.5759 -2399.8135 -2253.0293 -2074.0767 -2088.8972 -1931.5129 -1601.9127 -1296.0956 -934.3802 -613.5096 -384.8822 -220.0656 -136.1675 -107.2707 -102.8222 -95.7186 -87.8543 -74.9092 -78.9366 -84.8563 -74.9755 -74.3531 -79.9389 -78.077 -76.8361 -95.485 -108.7118 -94.6604 -76.8798 -58.5025 -65.6847 -73.2687 -71.305 -65.9821 -65.8741 -69.3886 -73.9276 -72.2839 -63.3977 -52.4118 -51.4834 -49.4643 -45.9406 -42.3844 -41.6942 -42.1012 -41.2386 -40.3038 -40.4976 -53.3354
-2949.4485 -2884.8853 -2862.5232 -2927.2803 -2937.3145 -2923.4006 -2950.7449 -2883.5579 -2805.5339 -2830.3066 -2818.4534 -2565.4375 -2311.3433 -2000.157 -1662.1841 -1363.0403 -1177.7151 -1114.6749 -926.2871 -649.1272 -420.4658 -226.3031 -131.1685 -93.3635 -82.5067 -84.4915 -92.4399 -91.173 -84.9791 -85.4622 -84.7888 -76.6217 -76.7027 -113.2446 -131.2588 -96.9696 -75.4303 -51.8948 -64.0323 -74.5071 -75.4181 -63.9489 -68.0726 -72.695 -78.3311 -87.5688 -76.8737 -50.2498 -46.668 -49.5157 -46.7519 -46.3372 -47.0305 -46.0285 -44.3275 -43.1788 -40.5533 -41.4827
-3016.1848 -3006.3928 -3097.5054 -3213.7556 -3146.6152 -3193.593 -3257.4441 -3150.5039 -3079.9639 -3124.1296 -3078.5249 -2760.4426 -2417.4333 -2101.4202 -1806.8895 -1565.5491 -1499.3333 -1503.2444 -1302.4608 -1066.1577 -825.4659 -485.4464 -232.8788 -131.1149 -99.8985 -95.4029 -97.1717 -96.163 -93.7573 -89.8968 -87.0173 -74.8607 -81.5822 -93.4864 -86.0888 -77.2614 -76.8417 -66.621 -66.3142 -63.2006 -64.7736 -69.2324 -69.6781 -60.3696 -51.3832 -61.3311 -65.9503 -56.9553 -51.6687 -48.1271 -47.3829 -49.5009 -52.0213 -50.7467 -47.3842 -45.3491 -49.416 -83.5236
-3200.0686 -3187.376 -3259.929 -3431.7229 -3485.2126 -3459.2329 -3474.8245 -3322.4006 -3221.9207 -3202.6084 -2975.5735 -2722.1563 -2471.5386 -2254.6995 -2097.5554 -1959.0381 -1862.6884 -1787.0083 -1595.5159 -1296.1364 -985.0721 -697.7362 -444.7171 -246.643 -162.7796 -128.1205 -108.1601 -100.6151 -94.2197 -81.6717 -84.1142 -74.2892 -79.0117 -77.1285 -75.6751 -75.2075 -73.3534 -67.2688 -70.9052 -72.6741 -67.2554 -63.9723 -66.1578 -64.5393 -58.7048 -59.4711 -62.4743 -59.5958 -53.2643 -49.5415 -50.8625 -54.9313 -52.6345 -49.3158 -47.4645 -45.6418 -58.7868 -138.0449
-3384.1677 -3387.9805 -3413.2646 -3569.6892 -3712.1111 -3667.3179 -3659.4023 -3545.1621 -3325.4019 -2999.0103 -2592.5093 -2588.1616 -2612.1355 -2500.0913 -2458.1428 -2396.7744 -2200.4067 -1918.1307 -1627.9232 -1316.0702 -1086.7422 -904.7406 -689.5095 -527.511 -500.5166 -373.2907 -197.5503 -124.8726 -103.171 -91.266 -91.7107 -101.189 -90.9058 -74.4475 -77.2463 -82.888 -75.7531 -71.8489 -76.811 -80.1049 -84.0858 -69.2502 -67.4745 -67.5176 -64.7784 -65.4971 -62.5499 -59.8013 -56.7653 -52.3696 -56.2274 -59.4541 -57.2338 -54.7958 -50.8799 -62.0467 -110.2939 -205.5932
-3581.6689 -3618.5354 -3641.2119 -3716.0129 -3830.1089 -3871.4675 -3796.5945 -3620.042 -3418.8928 -3125.9043 -2647.7988 -2458.9807 -2765.5654 -2822.3696 -2737.7683 -2453.7722 -2052.4897 -1693.9241 -1407.9913 -1200.2886 -1203.8297 -1258.7523 -1166.8965 -1104.7506 -951.9057 -700.1434 -403.8979 -204.2354 -127.4917 -99.8048 -91.5544 -102.5267 -91.6499 -81.5131 -80.5003 -86.1675 -76.646 -74.7271 -82.8911 -83.5722 -93.281 -72.6104 -71.0518 -66.9593 -65.4256 -67.8939 -62.2525 -58.2944 -58.2726 -59.0403 -61.4303 -64.3803 -61.7481 -60.2184 -60.6177 -76.8272 -147.3003 -293.6848
