Resources/Map/Lvl0_30x30/Ele_EJ.asc
ncols         335
nrows         335
xllcorner     10105000
yllcorner     -6725000
cellsize      10000
nodata_value  -99999.0
[rows 50 to 74 of 335, columns 228 to 284 of 335]
-2498.2456 -2367.5115 -2401.3428 -2512.5562 -2489.0789 -2403.6729 -2402.1921 -2472.3206 -2557.8398 -2623.2896 -2608.9375 -2583.7776 -2642.845 -2767.1914 -2813.3252 -2904.0342 -3017.3059 -3105.1506 -3098.6028 -2986.4155 -3040.405 -3265.7559 -3179.9753 -3129.5811 -3264.7556 -3372.2385 -3541.4167 -3627.8672 -3288.7991 -2869.842 -2641.063 -2414.6931 -2006.2935 -1552.0411 -1252.5381 -999.27 -773.0884 -690.4183 -498.4546 -269.6857 -176.7073 -157.4891 -149.1977 -141.6743 -124.7148 -98.7548 -77.1785 -62.0239 -52.6847 -46.0883 -42.5859 -33.004 11.4341 5.0082 25.437 28.2929 21.8037
-2974.7612 -2868.8003 -2874.1023 -2824.3127 -2702.1931 -2589.0439 -2527.9382 -2595.5933 -2722.5229 -2863.0212 -2902.293 -2901.071 -3051.2664 -3239.4988 -3386.5989 -3378.334 -3425.1035 -3801.8564 -4048.6821 -4068.0493 -4099.5942 -4031.4885 -3749.3374 -3626.71 -3987.2646 -4165.0615 -4060.5083 -3993.865 -3958.0889 -3835.0732 -3425.7039 -2794.7668 -2156.6255 -1696.994 -1447.4835 -1187.1415 -872.0625 -715.913 -645.5389 -506.5136 -350.5011 -251.2687 -191.0199 -156.9914 -143.6927 -135.3273 -121.392 -101.3245 -84.0633 -65.8559 -50.2457 -46.4548 -29.9463 -24.3202 -15.2442 1.0918 16.4997
-3733.5518 -3612.4771 -3518.8521 -3356.7822 -3151.9199 -2949.5464 -2868.3804 -2803.0632 -2871.4641 -3207.1838 -3377.8958 -3641.1636 -3933.1003 -4089.8406 -4131.0396 -4280.7734 -4426.7617 -4732.7422 -4718.1323 -4576.4111 -4382.4683 -4151.3506 -3972.585 -4090.5916 -4448.8682 -4474.8491 -4214.5815 -4128.9097 -4245.8687 -4317.2671 -4126.3232 -3552.2017 -2733.624 -1971.2109 -1608.7181 -1483.8943 -1175.7919 -906.7017 -815.9709 -799.0491 -742.2683 -604.1721 -431.8985 -268.4482 -195.6241 -178.056 -183.9916 -159.1945 -155.6297 -123.9718 -88.2478 -69.46 -62.2918 -57.1268 -48.7488 -39.2526 -27.2443
-4584.9053 -4526.5234 -4517.3657 -4400.8965 -4029.5276 -3668.8618 -3634.4407 -3470.822 -3451.3948 -3556.6814 -3869.1335 -4288.4468 -4600.3911 -4759.3271 -4890.9419 -5120.2617 -4941.3784 -4803.7695 -4582.0444 -4464.2002 -4509.7285 -4613.9116 -4638.1299 -4649.6118 -4662.0703 -4505.7056 -4370.6426 -4413.231 -4489.3037 -4536.1187 -4449.2559 -4139.4438 -3635.9456 -2892.3721 -2212.9819 -1868.426 -1574.5137 -1280.6627 -1128.6891 -1081.3488 -1036.3928 -948.4792 -859.9666 -739.8055 -574.7491 -499.1615 -591.5706 -522.3978 -421.7963 -285.2738 -180.8739 -118.8965 -87.0623 -74.247 -67.8241 -57.0104 -49.9914
-4810.3809 -4814.4888 -4827.6934 -4748.5986 -4624.3672 -4500.2505 -4483.5542 -4514.3257 -4468.272 -4365.8638 -4558.5693 -4713.2646 -4862.3022 -5015.3569 -5219.8628 -5210.4546 -4815.7251 -4669.6665 -4696.9063 -4866.4614 -5047.7729 -5009.3291 -4624.8945 -4604.4243 -4734.2026 -4705.4243 -4682.9067 -4720.3643 -4692.5361 -4651.3911 -4603.0068 -4498.502 -4312.4268 -3887.907 -3128.3093 -2403.2327 -1946.9421 -1680.4774 -1611.5378 -1601.2288 -1553.939 -1472.015 -1435.8479 -1442.1305 -1370.6997 -1415.7866 -1542.4399 -1437.1492 -1148.1271 -801.3923 -528.0742 -284.3849 -152.1509 -110.2866 -84.2321 -78.1257 -73.4691
-4797.8555 -4848.3408 -4864.8335 -4866.9175 -4870.165 -4725.9814 -4689.3784 -4766.6274 -4773.3848 -4714.4507 -4863.269 -4917.8145 -4956.5649 -5076.3589 -5190.3369 -5028.312 -4880.5801 -5022.4185 -5201.5127 -5264.0488 -5242.3809 -5138.0942 -4852.2832 -4772.2324 -4925.2915 -4978.5073 -4949.1665 -4962.272 -4898.877 -4745.9287 -4667.1367 -4637.7822 -4589.9009 -4479.3281 -4070.5432 -3341.7666 -2628.2251 -2331.8337 -2453.6653 -2471.4324 -2322.1694 -2296.2563 -2436.0176 -2510.6609 -2501.8379 -2729.6074 -2677.0627 -2192.7507 -1815.8805 -1571.1478 -1303.1731 -844.4422 -520.0382 -348.3667 -190.0209 -153.0259 -121.7682
-4832.7163 -4867.7637 -4902.6982 -4960.3633 -5013.0981 -4859.583 -4794.4478 -4779.9307 -4718.9736 -4787.7437 -4944.4868 -4966.3545 -5019.0386 -5131.3726 -5276.6787 -5174.7046 -5184.0454 -5176.5034 -5211.1782 -5191.6938 -5186.5566 -5199.3262 -5155.4458 -5164.9951 -5213.4404 -5202.0527 -5153.9775 -5162.0005 -5162.7617 -5008.0352 -4875.2051 -4853.6631 -4839.5425 -4677.8618 -4361.3384 -4014.6643 -3683.2251 -3531.2974 -3623.3289 -3268.636 -2883.1353 -2899.1729 -3045.3894 -3102.2368 -3245.7126 -3419.3494 -2829.3682 -2049.3528 -1916.3246 -2061.7981 -2182.4004 -1895.2958 -1619.3252 -1312.187 -864.2737 -640.4091 -486.9158
-4857.5068 -4884.9019 -4936.6475 -4996.2197 -5049.0864 -4997.458 -5019.9326 -5063.3569 -5063.5947 -5117.8809 -5122.7188 -5093.7271 -5058.4805 -5156.5898 -5311.1284 -5291.3818 -5219.0273 -5245.8506 -5314.6616 -5360.5591 -5415.0298 -5439.6592 -5416.9604 -5386.9253 -5362.2998 -5363.5488 -5317.6543 -5296.7183 -5366.4614 -5291.9785 -5221.9912 -5235.3491 -5146.9204 -4753.9043 -4250.8208 -4088.324 -4206.2236 -4319.9341 -4321.9546 -3695.188 -3171.8142 -2930.5369 -2908.1301 -3201.9805 -3670.2913 -3778.25 -2996.5955 -2503.7302 -2448.8091 -2760.7173 -2999.2729 -2840.1943 -2560.9558 -2269.7285 -2085.532 -1850.2166 -1720.9515
-4887.0615 -4970.0757 -5021.5088 -5032.5586 -5116.9307 -5115.6704 -5089.8159 -5175.3145 -5228.5117 -5309.9243 -5309.0757 -5234.8657 -5115.562 -5090.6812 -5096.1899 -5085.7627 -5232.5908 -5381.21 -5385.7793 -5405.502 -5462.7275 -5511.0713 -5461.4917 -5385.6367 -5378.6567 -5419.9272 -5369.0352 -5264.2676 -5214.3364 -5154.4141 -5223.2139 -5404.5635 -5323.8169 -4841.1567 -4333.3823 -4164.8022 -4339.5718 -4619.7021 -4784.0522 -4441.335 -3752.3269 -3133.0125 -3159.3865 -3669.2378 -4131.3486 -4055.3718 -3727.9998 -3571.3381 -3499.291 -3643.147 -3408.4199 -3056.1611 -2925.1938 -3020.4177 -2989.6741 -2898.6467 -3005.2817
-4821.5894 -4920.7515 -4991.2422 -5057.2148 -5162.0132 -5206.3311 -5167.2354 -5199.9429 -5276.1563 -5322.4258 -5346.9482 -5416.5664 -5318.6685 -5199.1108 -5066.7671 -5014.8975 -5216.3711 -5354.4619 -5385.5815 -5405.6182 -5440.5781 -5495.3364 -5458.2803 -5361.0288 -5316.5737 -5364.9995 -5354.042 -5166.1465 -4972.3413 -5046.1338 -5283.8989 -5506.7646 -5452.6553 -5205.9395 -4985.3252 -4709.5649 -4563.5996 -4770.6504 -5107.1782 -5113.582 -4860.1289 -4303.2881 -4149.1846 -4331.5005 -4422.7012 -4346.5898 -4287.9736 -4294.1118 -4299.0034 -4101.6919 -3688.9136 -3618.2017 -3737.8904 -3828.3467 -3904.7969 -3887.1572 -3719.0081
-4874.9243 -4909.063 -4905.5815 -5026.332 -5200.8584 -5419.376 -5435.395 -5270.8657 -5255.6802 -5337.2261 -5376.1523 -5443.1021 -5517.6455 -5575.2451 -5365.6958 -5179.4224 -5265.0234 -5358.2642 -5411.1006 -5422.7354 -5448.1353 -5517.6646 -5491.5659 -5343.0654 -5196.7017 -5228.2412 -5308.3662 -5192.6821 -5069.2212 -5260.4829 -5471.2324 -5544.0654 -5451.8638 -5352.8799 -5321.1104 -5143.3545 -4945.9912 -5054.0283 -5306.6289 -5246.1396 -5164.4551 -5093.3218 -5007.8491 -4981.5225 -4821.0137 -4625.8052 -4644.1973 -4668.7495 -4645.0337 -4409.9263 -4200.314 -4188.666 -4227.9731 -4187.6885 -4146.1016 -4235.6787 -4286.4258
-5163.9741 -5075.0107 -4972.2378 -5027.981 -5124.0278 -5386.2583 -5406.6416 -5096.3481 -4963.7354 -5276.3481 -5449.2153 -5442.3291 -5458.4648 -5659.7446 -5591.2686 -5413.0063 -5373.3188 -5403.9658 -5426.7139 -5413.4287 -5434.6055 -5495.2759 -5418.8911 -5238.3477 -5113.7808 -5159.478 -5270.9639 -5219.4731 -5163.3716 -5351.4395 -5493.2842 -5469.3242 -5325.5942 -5253.6714 -5290.8638 -5257.0449 -5224.6479 -5291.791 -5363.7021 -5235.9531 -5137.0825 -5185.752 -5163.6963 -5137.0859 -5098.3481 -4988.1704 -4910.1582 -4860.3848 -4750.2139 -4625.8711 -4590.8716 -4537.1846 -4470.334 -4437.7651 -4393.6021 -4434.9458 -4483.0049
-5426.9224 -5384.7856 -5224.6255 -5014.0396 -4999.2798 -5146.6367 -5028.5532 -4881.1255 -4783.9697 -5102.5635 -5459.644 -5483.772 -5479.2139 -5649.5151 -5661.4297 -5567.3979 -5487.875 -5484.5024 -5395.1646 -5347.8955 -5385.8403 -5384.7231 -5251.8521 -5143.3687 -5155.8569 -5169.0718 -5170.4102 -5123.5874 -5121.0161 -5266.0967 -5332.543 -5295.8618 -5188.5044 -5188.1694 -5349.0527 -5386.8608 -5309.5503 -5295.6816 -5331.0664 -5245.811 -5115.7598 -5151.8794 -5176.1665 -5163.5425 -5169.6279 -5111.6958 -4970.3862 -4919.1362 -4840.1621 -4779.6152 -4798.4839 -4756.7881 -4660.3018 -4599.4292 -4516.5825 -4549.9932 -4581.1118
-5133.2227 -5308.7412 -5294.0293 -5113.9316 -5227.1162 -5261.6655 -5114.5552 -5167.7256 -5166.8149 -5236.6274 -5503.4478 -5607.2896 -5586.9497 -5654.3174 -5702.7715 -5656.1865 -5542.876 -5466.9829 -5286.6226 -5235.1641 -5282.106 -5212.5596 -5060.3511 -5032.1797 -5127.0444 -5122.8823 -5115.499 -5155.6782 -5183.4194 -5193.2363 -5152.1104 -5187.3994 -5256.8916 -5327.4663 -5467.5293 -5484.2397 -5267.1606 -5159.4741 -5321.1074 -5374.8398 -5221.6567 -5178.9131 -5212.2461 -5190.7607 -5167.3647 -5122.5591 -4992.9395 -4957.5791 -4944.5986 -4886.4409 -4889.2329 -4855.5381 -4794.1953 -4708.7158 -4618.2368 -4615.5811 -4620.8115
-4822.1646 -4969.9458 -5024.3081 -5183.1753 -5514.3306 -5576.4302 -5336.7036 -5308.6934 -5441.4258 -5488.4795 -5579.3965 -5658.2319 -5636.1392 -5649.0327 -5712.6206 -5697.9063 -5619.104 -5487.6226 -5302.6802 -5197.6147 -5109.7739 -4968.8853 -4910.583 -4990.4995 -5072.6255 -5060.0791 -5119.9663 -5231.5405 -5265.458 -5205.1943 -5135.1689 -5210.9531 -5349.9917 -5407.3438 -5430.9893 -5368.0991 -5082.0977 -4939.6489 -5118.7583 -5265.168 -5260.0337 -5281.0898 -5312.4883 -5234.9678 -5179.1929 -5176.2046 -5177.5347 -5164.9302 -5064.0234 -4968.0034 -4950.3979 -4931.1934 -4879.2158 -4824.9629 -4752.3413 -4702.3853 -4662.1504
-4807.5444 -4825.248 -4863.4321 -5133.6104 -5612.7534 -5786.5938 -5497.9878 -5347.5801 -5499.7056 -5533.5923 -5608.5132 -5642.6699 -5652.4565 -5722.957 -5747.3569 -5714.4185 -5660.7583 -5568.7827 -5460.144 -5301.5005 -5043.437 -4848.2339 -4939.5181 -5128.7144 -5180.9282 -5205.8926 -5292.5913 -5342.2534 -5318.1548 -5220.8745 -5165.7388 -5233.4146 -5335.2725 -5409.1484 -5418.9243 -5277.5 -5043.8721 -4980.5723 -5132.1831 -5281.7471 -5305.7832 -5302.7217 -5368.3672 -5298.9878 -5229.0273 -5224.3579 -5281.5146 -5341.6001 -5229.9063 -5081.9946 -5007.4653 -4971.7749 -4951.9063 -4934.1382 -4855.9507 -4778.2334 -4765.5806
-4660.1123 -4724.4854 -4874.437 -5223.1328 -5600.4229 -5795.9067 -5659.4077 -5540.9971 -5386.0698 -5296.6875 -5467.9082 -5539.1069 -5451.2246 -5465.3218 -5598.438 -5642.3999 -5726.9292 -5708.4443 -5590.4531 -5440.127 -5200.6084 -5107.063 -5324.0273 -5523.5659 -5534.1484 -5619.3008 -5668.0186 -5553.2451 -5422.646 -5299.8828 -5237.769 -5286.9048 -5368.7939 -5461.7515 -5466.9966 -5183.7959 -4891.5474 -5003.3423 -5396.5762 -5640.4775 -5447.9487 -5250.5996 -5113.1792 -5138.0283 -5226.5571 -5262.5005 -5283.8281 -5299.6738 -5279.6138 -5183.6323 -5058.5415 -4988.0596 -4986.3872 -4999.6006 -4935.8857 -4820.1606 -4828.0005
-4666.6777 -4804.4209 -5078.1909 -5389.0464 -5594.7397 -5755.2891 -5773.7036 -5627.3867 -5386.96 -5215.7827 -5147.6851 -5032.3716 -5075.5718 -5110.0083 -5337.4565 -5451.7793 -5682.9771 -5756.6294 -5666.2715 -5602.7983 -5545.8418 -5612.1021 -5797.0308 -5799.5273 -5617.5444 -5678.0107 -5717.6108 -5603.228 -5489.0508 -5405.6797 -5359.1777 -5369.2788 -5388.5313 -5429.6196 -5468.5757 -5302.9263 -5033.1265 -5152.0024 -5636.2568 -5869.5684 -5545.3086 -5161.2529 -4825.3149 -4949.3042 -5202.8901 -5300.3535 -5299.6904 -5202.4346 -5105.7705 -5135.1519 -5100.2666 -5020.1069 -5002.665 -5006.9282 -4996.1709 -4866.7764 -4874.9434
-4749.8096 -4869.7461 -5106.3345 -5343.8423 -5487.8926 -5599.6733 -5673.2661 -5575.3511 -5474.7275 -5442.5327 -5155.5483 -4923.1426 -5247.2197 -5552.9063 -5568.2222 -5611.1138 -5740.5952 -5771.2646 -5681.1533 -5644.3608 -5647.3657 -5639.9307 -5658.2588 -5531.5073 -5269.9556 -5315.2622 -5437.6187 -5496.2114 -5471.2739 -5435.9121 -5403.2314 -5341.6567 -5261.3643 -5259.2891 -5360.0444 -5411.6631 -5352.9805 -5422.563 -5633.1895 -5679.0532 -5484.6929 -5234.4375 -4977.3008 -4935.4419 -5160.8989 -5309.0737 -5296.1792 -5233.5635 -5014.8354 -4962.6519 -5080.2837 -5134.957 -5063.5874 -4990.4434 -4999.8081 -4942.6865 -4956.7563
-4471.9688 -4624.6528 -4934.6646 -5226.7124 -5357.8608 -5365.563 -5462.7495 -5585.9106 -5564.6973 -5578.8618 -5408.1021 -5345.9316 -5808.3647 -6019.7788 -5838.6465 -5768.4556 -5736.5845 -5668.0923 -5479.2144 -5346.873 -5325.792 -5263.394 -5274.9023 -5311.2974 -5227.3535 -5251.3525 -5388.355 -5508.043 -5507.2656 -5454.0269 -5377.6274 -5228.1997 -5028.4263 -4964.5024 -5106.8071 -5251.2588 -5270.6001 -5259.6367 -5196.2666 -5094.9014 -5059.8403 -5049.5205 -4980.6626 -4795.7466 -5095.0903 -5316.8857 -5252.4956 -5149.6563 -5087.5654 -4745.9868 -4776.7876 -5141.4888 -5196.5723 -5012.0923 -4972.4214 -5008.438 -5059.3735
-4823.4341 -4932.0239 -5312.2202 -5592.0732 -5618.0015 -5544.0825 -5525.333 -5545.3604 -5357.3965 -5325.8145 -5033.9585 -4823.3599 -5394.1289 -5636.5811 -5614.0278 -5557.0918 -5580.8408 -5623.6519 -5560.6611 -5451.3467 -5403.4126 -5326.9844 -5366.4136 -5502.7354 -5525.3008 -5502.1206 -5524.438 -5512.0923 -5469.3735 -5417.668 -5340.6255 -5230.9351 -5048.1553 -4929.3076 -5032.4033 -5167.0913 -5097.2427 -4867.8252 -4596.5884 -4579.6831 -4852.3521 -4984.0693 -4975.5791 -4910.2065 -5183.8271 -5351.4277 -5301.7148 -5048.7876 -5092.3735 -4882.436 -4705.5039 -4969.1743 -5177.1177 -5083.3809 -5026.9043 -5042.9131 -5113.3438
-5562.9316 -5573.6191 -5719.4746 -5872.2773 -5873.1519 -5809.6631 -5638.5933 -5445.9985 -5279.2886 -5242.4414 -5023.7354 -4826.5059 -5133.7769 -5494.4775 -5664.6592 -5621.3696 -5616.0796 -5619.3032 -5564.1665 -5477.916 -5457.7129 -5414.3823 -5372.5073 -5464.0747 -5548.4712 -5543.4736 -5508.415 -5443.6196 -5401.7412 -5371.5547 -5310.9971 -5290.8052 -5286.2666 -5258.7417 -5218.8179 -5080.272 -4850.665 -4642.2544 -4440.5845 -4536.1465 -4915.4375 -5134.3882 -5124.8555 -5142.1182 -5218.7095 -5279.6694 -5334.3511 -5216.0801 -5133.2446 -5094.8652 -4993.9985 -5013.2861 -5077.6948 -5101.8833 -5095.9312 -5075.186 -5022.603
-5682.729 -5572.9463 -5523.3989 -5537.5552 -5487.0615 -5540.9668 -5658.6777 -5634.29 -5602.3154 -5596.0854 -5496.3364 -5471.2598 -5631.0889 -5720.0269 -5677.7344 -5589.6973 -5555.0581 -5387.4097 -5024.5293 -4825.2163 -5073.8232 -5315.8867 -5246.5742 -5217.0073 -5237.6538 -5184.4575 -5161.3403 -5248.6865 -5333.3218 -5342.4951 -5353.6543 -5396.3545 -5453.3809 -5480.7886 -5325.0591 -4823.2891 -4405.5645 -4523.6982 -4764.2959 -4847.8218 -4919.1821 -5022.5215 -5067.0757 -5115.6841 -5107.2603 -5020.1519 -5125.0605 -5309.2388 -5308.7803 -5208.96 -5067.7437 -5025.2476 -5083.4868 -5128.5693 -5139.0464 -5105.9116 -4999.8911
-5439.6411 -5286.0181 -5068.7959 -4838.5845 -4682.2588 -4892.9395 -5300.1758 -5597.314 -5725.6064 -5555.5449 -5185.3228 -5278.6611 -5679.0112 -5596.6616 -5277.9819 -5247.9468 -5440.1372 -5476.0669 -5001.7412 -4620.4365 -4921.8018 -5275.1787 -5150.8198 -4954.5088 -4846.96 -4767.0679 -4780.437 -5043.9717 -5262.1675 -5272.4463 -5348.9458 -5460.167 -5473.5322 -5460.9375 -5374.6626 -4923.021 -4528.2441 -4746.2681 -5137.3999 -5162.1807 -4987.6777 -4860.7944 -4815.0703 -4904.646 -5013.7129 -4887.645 -4881.5645 -5160.3315 -5357.5781 -5350.2754 -5170.9014 -4676.1582 -4912.6606 -5129.5117 -5118.8853 -5109.0527 -5099.8779
-4852.5098 -4808.1172 -4642.5127 -4365.3271 -4362.7651 -4830.8711 -5111.5493 -5160.9346 -5235.8296 -5063.645 -4773.061 -4946.1836 -5409.4419 -5354.2314 -5138.6182 -5249.6626 -5557.5625 -5748.9082 -5443.5254 -5101.3994 -5190.6294 -5309.0176 -5187.4668 -5129.5776 -5183.3174 -5181.6777 -5173.8472 -5334.2544 -5448.0718 -5405.4731 -5419.9023 -5495.9429 -5505.229 -5548.8584 -5639.4048 -5545.6494 -5389.6987 -5388.9429 -5441.5454 -5417.9253 -5323.8247 -5106.8516 -4806.7495 -4657.8667 -4799.4575 -4920.0151 -4907.0718 -4921.7866 -4996.2959 -5305.7231 -5354.1592 -4964.3853 -4912.1968 -4982.563 -4962.437 -5141.9839 -5211.9829
