Resources/Map/Lvl0_30x30/Ele_EK.asc
ncols         335
nrows         335
xllcorner     13455000
yllcorner     -6725000
cellsize      10000
nodata_value  -99999.0
[rows 87 to 115 of 335, columns 130 to 194 of 335]
-5596.0303 -5581.1118 -5575.4375 -5503.0742 -5486.8501 -5558.0942 -5611.6392 -5635.2427 -5624.7549 -5631.1392 -5601.1938 -5549.6235 -5498.0835 -5472.9575 -5530.1382 -5546.375 -5525.6216 -5578.6021 -5604.5933 -5543.5327 -5461.521 -5457.3633 -5594.3662 -5713.6738 -5718.3672 -5672.9287 -5544.5439 -5469.3394 -5461.6792 -5422.7979 -5436.8794 -5483.6978 -5483.9819 -5480.8906 -5490.6631 -5544.5718 -5518.5327 -5396.1978 -5358.7441 -5390.7627 -5372.2412 -5362.7349 -5386.1514 -5533.6064 -5592.6846 -5451.0786 -5472.3848 -5478.0762 -5385.4678 -5351.6533 -5375.6172 -5435.6738 -5466.6333 -5529.605 -5490.5654 -5432.6978 -5425.2842 -5439.0337 -5426.5059 -5395.5479 -5427.4009 -5433.2744 -5414.5435 -5399.7119 -5213.8042
-5611.7407 -5612.0688 -5574.0371 -5485.4604 -5412.5068 -5484.1172 -5601.103 -5648.1792 -5615.7412 -5611.0625 -5597.667 -5573.0464 -5567.7729 -5572.7046 -5612.6812 -5611.5518 -5612.9658 -5643.8643 -5631.665 -5586.7783 -5531.7217 -5517.4673 -5587.7773 -5653.373 -5623.668 -5570.0254 -5509.957 -5461.3242 -5365.8965 -5262.0356 -5289.4233 -5375.3267 -5421.4399 -5534.9644 -5576.1797 -5561.4077 -5522.5669 -5464.438 -5426.7896 -5480.1782 -5554.7446 -5544.5044 -5513.7065 -5576.9487 -5551.6978 -5564.8394 -5661.3745 -5595.8032 -5384.3438 -5380.2256 -5400.2729 -5445.3989 -5514.2217 -5631.0527 -5589.2827 -5472.019 -5454.2119 -5473.9282 -5485.5747 -5415.9395 -5348.771 -5351.2856 -5359.1069 -5339.4443 -5216.1875
-5665.3096 -5649.6494 -5572.7158 -5531.8574 -5461.6753 -5480.8594 -5590.9644 -5618.2397 -5551.6528 -5551.7886 -5604.4863 -5635.957 -5646.502 -5657.1812 -5667.4268 -5638.3828 -5617.8872 -5601.1406 -5577.2173 -5563.2002 -5552.1128 -5535.6865 -5533.5781 -5596.2222 -5615.939 -5533.7373 -5408.3975 -5320.2153 -5313.0327 -5343.3853 -5367.3174 -5452.1851 -5550.1133 -5648.9282 -5649.394 -5626.9844 -5556.5869 -5529.3745 -5524.9492 -5498.4238 -5523.2915 -5545.8755 -5528.6709 -5522.7837 -5562.1777 -5651.5405 -5657.1294 -5583.2266 -5456.042 -5414.8647 -5407.1035 -5448.2173 -5490.6128 -5583.9653 -5606.0156 -5503.2681 -5506.7695 -5548.0586 -5560.6968 -5454.0415 -5357.2207 -5333.0142 -5335.1968 -5327.0337 -5245.4077
-5668.729 -5655.6699 -5590.0347 -5591.8301 -5560.5435 -5557.4873 -5606.6895 -5604.3052 -5533.2983 -5512.2749 -5528.791 -5499.9385 -5478.3403 -5493.3623 -5526.127 -5565.4053 -5589.874 -5606.8105 -5600.4644 -5527.0635 -5503.8101 -5528.7026 -5523.5972 -5560.5972 -5583.5239 -5536.0742 -5458.2036 -5387.2036 -5415.0933 -5460.1484 -5419.1855 -5450.9287 -5558.3813 -5600.1978 -5605.3491 -5635.9229 -5569.29 -5549.2642 -5521.5688 -5475.9336 -5521.6597 -5580.0952 -5595.8979 -5569.6904 -5547.458 -5528.6221 -5520.6846 -5511.0352 -5480.7339 -5426.2129 -5420.2007 -5483.4395 -5547.2715 -5509.4873 -5434.8979 -5374.521 -5407.2412 -5467.8062 -5533.2773 -5557.3037 -5459.9253 -5352.6519 -5353.5347 -5401.6016 -5455.3374
-5594.1543 -5601.5347 -5594.4307 -5611.5107 -5584.5078 -5566.4854 -5582.4224 -5622.7266 -5635.5586 -5561.2974 -5472.6377 -5414.0679 -5381.6348 -5347.2773 -5355.9932 -5442.5962 -5537.3105 -5638.7891 -5655.6309 -5542.6538 -5500.063 -5535.5903 -5546.7681 -5568.4946 -5557.166 -5556.9634 -5597.8755 -5587.6245 -5554.8984 -5458.7207 -5288.5005 -5281.3101 -5411.5327 -5456.5435 -5502.9165 -5574.0972 -5522.7251 -5513.9155 -5559.873 -5582.0605 -5603.0791 -5597.6416 -5568.4932 -5645.7437 -5646.9819 -5509.7422 -5494.8247 -5542.6885 -5595.3037 -5546.3657 -5480.3691 -5481.6509 -5505.603 -5450.5562 -5377.8115 -5329.3232 -5322.2817 -5348.8545 -5415.3599 -5478.7627 -5364.7153 -5223.7788 -5235.29 -5271.5059 -5262.7266
-5531.6016 -5539.8682 -5571.1899 -5563.2559 -5574.1816 -5566.2832 -5559.8369 -5616.3506 -5680.3413 -5631.54 -5565.1929 -5533.6104 -5450.4082 -5341.001 -5350.8511 -5494.5698 -5624.0869 -5696.3042 -5634.2222 -5502.7212 -5515.0459 -5576.3804 -5559.5542 -5551.7676 -5545.624 -5551.4258 -5581.3516 -5592.5605 -5586.3838 -5515.936 -5369.1519 -5331.373 -5425.4561 -5500.3862 -5519.3643 -5531.8989 -5534.9697 -5559.6787 -5599.1113 -5616.1753 -5663.5596 -5694.7358 -5581.8257 -5598.5625 -5611.9287 -5545.1309 -5562.6929 -5609.3096 -5631.3867 -5564.4766 -5484.2671 -5473.8862 -5472.5527 -5486.2993 -5468.0205 -5492.8467 -5466.2378 -5418.9487 -5398.668 -5364.8857 -5256.5952 -5149.8345 -5160.5688 -5216.5117 -5210.0293
-5508.5205 -5512.8916 -5565.0122 -5528.3687 -5533.082 -5547.9556 -5565.1123 -5590.4551 -5607.1948 -5608.5869 -5607.4424 -5581.8623 -5506.3838 -5461.9785 -5519.124 -5603.4858 -5657.9121 -5681.8931 -5636.9517 -5573.4429 -5583.9067 -5620.7798 -5586.9482 -5543.0117 -5573.4697 -5620.6201 -5600.6406 -5562.5386 -5555.9526 -5547.6436 -5502.729 -5501.1592 -5537.6274 -5562.6377 -5557.8618 -5562.6777 -5577.5586 -5542.1279 -5506.2373 -5553.5483 -5625.2129 -5675.3262 -5611.2974 -5566.0874 -5529.7739 -5583.9746 -5681.6978 -5662.6914 -5566.2588 -5510.6152 -5464.3779 -5434.1128 -5498.1196 -5548.5029 -5533.9375 -5602.7813 -5533.2324 -5390.1982 -5316.0962 -5273.7241 -5185.3311 -5141.3135 -5198.5718 -5255.4048 -5239.6387
-5536.6245 -5558.5771 -5607.7236 -5633.5332 -5598.1636 -5544.8882 -5547.2759 -5574.5405 -5522.0195 -5461.8589 -5493.8525 -5528.2153 -5512.4785 -5531.0244 -5577.5527 -5605.7388 -5626.4102 -5638.1318 -5621.2368 -5580.4492 -5526.4375 -5529.8818 -5557.5718 -5510.7285 -5509.9175 -5589.5635 -5602.583 -5578.5356 -5603.9536 -5613.5093 -5561.8408 -5533.5635 -5506.4502 -5506.7793 -5509.3408 -5518.6743 -5585.2065 -5501.0737 -5452.6089 -5533.2378 -5506.6323 -5499.4492 -5517.8315 -5564.1914 -5606.3789 -5584.7554 -5611.7441 -5542.3174 -5456.668 -5458.563 -5467.9224 -5432.8706 -5466.6343 -5514.5835 -5554.312 -5517.998 -5395.3594 -5318.2798 -5305.146 -5300.4634 -5234.7813 -5175.915 -5197.7158 -5253.7612 -5223.3799
-5488.8496 -5551.4126 -5612.5498 -5632.0239 -5599.2734 -5570.123 -5547.0454 -5552.9727 -5468.7148 -5321.5869 -5353.9038 -5484.3794 -5568.2051 -5574.9316 -5555.188 -5562.7183 -5582.1587 -5594.9946 -5590.4121 -5556.0732 -5505.5039 -5518.3286 -5550.5103 -5505.7529 -5476.2593 -5512.2202 -5531.7729 -5534.3149 -5561.2334 -5551.376 -5532.3618 -5547.7251 -5521.687 -5525.7173 -5461.2632 -5361.0269 -5423.5015 -5405.7549 -5400.5713 -5512.7891 -5519.8257 -5483.8213 -5534.5063 -5594.0444 -5595.2764 -5507.0415 -5488.501 -5459.3491 -5407.9414 -5436.7017 -5489.9663 -5450.5615 -5375.0327 -5339.2725 -5352.4331 -5341.6724 -5361.124 -5375.2808 -5341.3545 -5273.8535 -5158.5347 -5087.3481 -5126.0078 -5164.9829 -5141.2837
-5548.876 -5570.2734 -5561.2026 -5552.876 -5603.2393 -5648.062 -5612.0977 -5577.8003 -5464.8184 -5280.5332 -5325.4297 -5496.8198 -5576.2954 -5539.6211 -5469.8457 -5497.707 -5561.8276 -5560.0195 -5548.7681 -5549.1411 -5541.8018 -5528.5703 -5532.958 -5551.1948 -5551.4365 -5507.7886 -5507.6099 -5535.3394 -5534.7192 -5468.5 -5428.0889 -5488.0225 -5545.437 -5597.3701 -5579.4497 -5512.6206 -5497.6753 -5491.4053 -5495.9019 -5553.0303 -5563.9932 -5545.9897 -5597.7017 -5547.1812 -5398.458 -5406.1631 -5456.3525 -5464.4043 -5491.8784 -5462.9395 -5463.4912 -5460.5835 -5335.0854 -5211.9473 -5199.5732 -5293.9043 -5431.1426 -5438.1685 -5352.2881 -5329.4126 -5299.291 -5225.1978 -5223.9321 -5251.5449 -5247.4268
-5589.7798 -5540.6372 -5428.9443 -5443.373 -5604.8174 -5675.4014 -5587.623 -5512.4785 -5329.4111 -5061.082 -5203.4023 -5476.8345 -5543.5581 -5436.1025 -5379.5181 -5485.4175 -5572.1689 -5530.5913 -5500.2813 -5528.9648 -5539.2456 -5541.4961 -5546.4458 -5547.3184 -5539.6919 -5499.5557 -5505.2026 -5545.4722 -5549.0122 -5498.4512 -5436.9893 -5405.105 -5405.2622 -5458.479 -5524.6343 -5620.9668 -5623.7202 -5502.2197 -5381.7568 -5382.5635 -5437.7554 -5471.1064 -5501.9849 -5500.04 -5442.7549 -5471.3057 -5467.5664 -5380.8652 -5364.127 -5385.8813 -5446.9438 -5479.5723 -5376.5698 -5251.3657 -5196.8682 -5289.6714 -5402.7495 -5372.6528 -5313.7905 -5372.7148 -5379.1436 -5295.8828 -5297.1333 -5325.7129 -5325.6074
-5527.3677 -5555.6196 -5460.3394 -5434.2095 -5590.9341 -5620.25 -5468.5908 -5398.3379 -5280.3726 -5066.1509 -5143.2046 -5423.103 -5599.6753 -5599.1279 -5612.9883 -5649.27 -5633.4873 -5572.082 -5538.3003 -5538.6694 -5520.8354 -5525.4531 -5539.8345 -5544.8169 -5556.9893 -5566.4297 -5544.2974 -5539.6685 -5555.3491 -5534.4624 -5540.2275 -5457.7139 -5309.9229 -5318.8413 -5438.2241 -5604.7197 -5616.8501 -5467.0796 -5358.3149 -5434.1084 -5526.7256 -5510.7754 -5476.1689 -5476.3818 -5490.9214 -5529.5459 -5459.9492 -5305.8916 -5214.9346 -5252.8262 -5390.6743 -5461.2441 -5430.3721 -5339.2417 -5262.6509 -5316.9976 -5380.2002 -5359.2559 -5352.5889 -5374.1924 -5316.5234 -5283.4106 -5326.7554 -5357.6592 -5293.4395
-5463.9976 -5554.8657 -5561.4063 -5494.7695 -5575.7432 -5590.3223 -5443.7939 -5421.9487 -5472.8481 -5364.1152 -5348.5864 -5536.3623 -5674.8823 -5673.9375 -5675.5688 -5686.5801 -5672.749 -5640.7427 -5595.0781 -5578.7622 -5558.5928 -5528.9478 -5533.188 -5554.1367 -5555.7227 -5546.457 -5529.9795 -5512.3652 -5505.6108 -5496.0718 -5557.1367 -5503.1406 -5318.3379 -5299.1553 -5407.6226 -5558.5205 -5668.9282 -5660.2847 -5565.0044 -5560.9082 -5575.7163 -5527.0083 -5454.3843 -5436.6899 -5485.4229 -5573.6904 -5465.6724 -5309.7935 -5198.0386 -5200.5469 -5335.188 -5423.1396 -5438.106 -5374.3442 -5307.4849 -5351.9292 -5385.4238 -5364.2227 -5361.5396 -5360.2192 -5346.7002 -5347.1753 -5341.8481 -5330.8027 -5224.377
-5458.8701 -5516.2822 -5479.6074 -5413.1045 -5474.4712 -5555.022 -5522.7808 -5511.3145 -5557.9956 -5560.0742 -5557.0327 -5587.2285 -5627.1001 -5642.7256 -5646.7944 -5631.9604 -5605.6748 -5582.7905 -5537.7188 -5518.8608 -5538.2432 -5536.5889 -5567.2944 -5593.9937 -5557.6992 -5525.6138 -5522.6089 -5508.6978 -5489.2397 -5499.313 -5545.6016 -5528.4404 -5408.4199 -5344.3545 -5415.895 -5546.8335 -5651.0537 -5647.6563 -5539.9395 -5487.2236 -5460.8682 -5395.8281 -5315.4189 -5304.7622 -5431.2524 -5455.5386 -5259.4946 -5101.9609 -5080.019 -5161.6021 -5291.6201 -5403.5791 -5425.6641 -5392.0522 -5360.5913 -5397.9717 -5404.6255 -5352.2305 -5314.4321 -5288.0059 -5287.2261 -5303.7241 -5351.3179 -5405.8853 -5305.3335
-5499.1934 -5506.2534 -5427.0522 -5400.9453 -5437.1943 -5515.2822 -5523.9839 -5497.2998 -5516.1357 -5575.4312 -5608.7734 -5576.8628 -5588.395 -5631.4585 -5616.2578 -5569.7749 -5554.8931 -5536.2554 -5477.731 -5467.6421 -5532.9121 -5563.2051 -5577.2793 -5545.0513 -5490.2192 -5486.4448 -5501.6006 -5483.7769 -5474.856 -5525.9512 -5566.8984 -5530.9004 -5438.915 -5384.8022 -5416.7954 -5518.0498 -5574.9902 -5504.6265 -5402.9482 -5402.062 -5437.4595 -5423.3462 -5283.1558 -5205.332 -5324.5098 -5341.1211 -5186.7373 -5044.0317 -5095.6689 -5175.7041 -5249.2246 -5359.7681 -5400.3345 -5382.8525 -5339.0112 -5374.8862 -5409.4238 -5376.0737 -5367.9248 -5348.5352 -5319.6968 -5350.4854 -5457.7124 -5563.1123 -5492.6777
-5560.6343 -5561.8794 -5551.1636 -5521.8481 -5462.7646 -5451.0513 -5450.4517 -5447.4863 -5468.416 -5551.3228 -5623.7534 -5592.0396 -5558.4805 -5548.439 -5488.0483 -5431.0063 -5466.415 -5514.8608 -5534.2573 -5504.1616 -5475.2485 -5475.1846 -5488.6636 -5468.5527 -5452.0815 -5456.2114 -5448.3086 -5444.2563 -5457.2832 -5529.5039 -5582.6484 -5494.7837 -5349.3105 -5264.5645 -5216.0737 -5316.6333 -5486.4912 -5477.6494 -5417.1372 -5426.146 -5483.624 -5492.7671 -5401.8042 -5354.811 -5342.584 -5368.2573 -5411.1484 -5343.1055 -5336.2158 -5279.1348 -5260.9434 -5342.8413 -5364.5757 -5278.2495 -5156.0396 -5261.064 -5392.4482 -5387.6255 -5387.1094 -5370.4697 -5314.793 -5312.7202 -5401.7734 -5506.7505 -5448.981
-5580.3672 -5581.0649 -5609.6729 -5592.0513 -5534.5186 -5508.1563 -5511.1646 -5526.0425 -5533.937 -5553.9771 -5599.6538 -5594.5342 -5556.9458 -5546.8706 -5495.4971 -5402.9692 -5403.9141 -5489.3369 -5530.9893 -5492.5684 -5428.1104 -5427.9824 -5479.2178 -5479.3931 -5458.7178 -5443.3643 -5439.0479 -5457.9458 -5462.8784 -5469.1748 -5484.9395 -5399.8223 -5232.8384 -5132.2427 -5093.1621 -5240.3535 -5465.8462 -5451.564 -5408.3403 -5464.2334 -5508.2026 -5454.2456 -5365.9355 -5333.7856 -5269.9648 -5368.7759 -5459.875 -5321.9233 -5276.1162 -5309.4194 -5324.1152 -5356.7158 -5349.8042 -5205.8057 -5162.4609 -5340.5474 -5459.9014 -5484.3066 -5462.8667 -5367.7676 -5264.5786 -5231.5254 -5282.2554 -5365.687 -5275.4473
-5601.8032 -5574.6226 -5584.2939 -5584.5537 -5582.8638 -5588.5195 -5585.502 -5583.9556 -5579.2236 -5570.0107 -5567.9751 -5535.2173 -5510.8252 -5560.1729 -5554.6602 -5514.7046 -5512.7944 -5539.0068 -5538.7725 -5525.519 -5509.3628 -5508.1343 -5513.8057 -5470.9844 -5437.7144 -5425.7397 -5381.8843 -5376.4639 -5440.6714 -5485.02 -5499.7358 -5468.6563 -5354.0537 -5290.6738 -5302.418 -5372.4663 -5397.2256 -5339.1802 -5388.8203 -5467.5977 -5475.5942 -5375.1929 -5265.2207 -5222.9707 -5214.4053 -5334.4702 -5362.4834 -5151.6665 -5083.1807 -5216.0845 -5312.9893 -5366.2998 -5334.1279 -5190.7446 -5244.2471 -5443.0332 -5489.2397 -5509.6665 -5521.2197 -5400.5332 -5293.9663 -5256.9678 -5236.5786 -5266.0952 -5217.3647
-5630.125 -5578.957 -5568.2612 -5565.7852 -5567.6626 -5573.0098 -5577.3306 -5576.5098 -5565.9146 -5578.106 -5556.8691 -5493.7886 -5462.5464 -5512.0234 -5515.9805 -5536.188 -5548.3545 -5525.5942 -5486.1875 -5465.2837 -5463.5957 -5435.2373 -5411.9058 -5393.8193 -5401.543 -5406.2383 -5349.9009 -5325.0454 -5387.5298 -5422.1924 -5435.1353 -5500.5933 -5519.2041 -5516.4229 -5511.8525 -5485.7412 -5451.3989 -5417.9009 -5405.6196 -5401.4092 -5351.5518 -5221.3833 -5168.0576 -5143.1138 -5161.8682 -5251.2188 -5258.6318 -5137.7144 -5094.1475 -5159.0732 -5260.1758 -5343.1895 -5260.5625 -5133.3965 -5215.583 -5425.3867 -5455.6704 -5423.6387 -5422.0854 -5336.0088 -5291.0161 -5256.6011 -5207.936 -5240.7925 -5241.145
-5554.1377 -5519.5991 -5519.728 -5562.7217 -5575.2588 -5572.5464 -5545.0708 -5529.0322 -5533.4912 -5536.0811 -5505.7744 -5491.6484 -5472.5508 -5417.9604 -5418.4502 -5468.6948 -5481.8003 -5418.3242 -5340.3032 -5288.5366 -5276.3579 -5228.2144 -5193.0947 -5219.9795 -5293.5815 -5340.2134 -5401.3774 -5451.2847 -5464.4497 -5435.0664 -5421.606 -5501.4355 -5518.9341 -5514.0742 -5511.9805 -5466.7769 -5395.1855 -5306.667 -5241.9771 -5311.0083 -5329.9243 -5194.5122 -5093.5703 -5071.9639 -5142.1094 -5218.3994 -5280.7173 -5303.8999 -5280.0674 -5214.9326 -5204.313 -5262.3213 -5130.5684 -5016.292 -5091.9072 -5202.5435 -5291.124 -5328.355 -5329.186 -5283.1406 -5283.5151 -5238.0601 -5188.623 -5199.1602 -5149.0854
-5466.5273 -5408.6899 -5433.0625 -5515.4814 -5540.0503 -5551.8325 -5475.583 -5377.7715 -5325.4058 -5339.2627 -5383.0605 -5433.1953 -5447.8564 -5338.9199 -5331.4224 -5391.7773 -5381.6396 -5270.1504 -5187.7822 -5148.7993 -5170.9849 -5177.3525 -5167.3154 -5209.1406 -5313.4316 -5364.0811 -5417.9761 -5495.5854 -5521.6924 -5489.8145 -5463.7061 -5491.0093 -5448.4048 -5354.8838 -5321.2417 -5295.9956 -5260.8018 -5266.6792 -5259.6602 -5326.3608 -5372.4507 -5275.6729 -5133.9673 -5143.7192 -5180.4917 -5148.6982 -5194.9111 -5231.2544 -5206.6162 -5103.1738 -5115.8589 -5232.4316 -5186.4385 -5211.2627 -5206.0908 -5058.498 -5100.1528 -5217.8374 -5251.8877 -5223.0361 -5235.438 -5215.7471 -5179.8608 -5145.4883 -5066.3667
-5562.9263 -5468.2202 -5438.1655 -5495.3599 -5516.6279 -5482.064 -5433.8813 -5333.0581 -5237.1069 -5302.7573 -5396.7896 -5417.0913 -5404.418 -5288.4453 -5242.793 -5324.9009 -5338.3433 -5273.248 -5255.8198 -5291.5044 -5340.9297 -5350.6421 -5342.9434 -5393.6592 -5483.9497 -5507.0776 -5481.0005 -5507.3179 -5526.2134 -5476.0967 -5435.7021 -5451.917 -5404.3223 -5239.6729 -5191.3452 -5240.6025 -5323.7559 -5451.4731 -5469.7422 -5405.3433 -5337.8286 -5208.3491 -5127.2344 -5161.9087 -5131.9048 -5085.2622 -5129.2739 -5158.3262 -5128.7271 -5074.5273 -5139.7476 -5239.9141 -5208.188 -5245.9893 -5332.9805 -5265.2881 -5143.6641 -5141.228 -5141.835 -5131.27 -5163.8667 -5170.8364 -5148.0371 -5134.7671 -5097.1338
-5640.5625 -5514.7539 -5438.5962 -5453.7568 -5413.0229 -5298.7051 -5385.7729 -5455.8774 -5403.7661 -5402.5342 -5431.6475 -5427.5894 -5387.7861 -5331.8716 -5289.6445 -5303.999 -5345.2095 -5344.4087 -5388.3267 -5440.4243 -5448.9175 -5433.2441 -5403.6851 -5445.3677 -5505.5684 -5477.2729 -5419.4683 -5451.2822 -5482.6904 -5423.1343 -5371.2734 -5396.1709 -5425.1592 -5350.3765 -5307.5166 -5288.6475 -5308.04 -5401.0698 -5394.0396 -5269.5908 -5195.0581 -5149.0503 -5188.6147 -5181.6372 -5099.0767 -5162.8545 -5211.6626 -5168.1592 -5170.5063 -5260.5635 -5258.2803 -5208.876 -5161.7998 -5170.0771 -5280.4312 -5243.9565 -5139.9087 -5067.936 -5046.8413 -5080.9551 -5105.519 -5051.3306 -5045.4316 -5126.2075 -5119.8984
-5579.0254 -5531.0308 -5481.8013 -5430.4751 -5341.3398 -5227.458 -5383.6265 -5502.0371 -5465.2607 -5430.2856 -5408.7808 -5414.2227 -5399.855 -5378.7627 -5374.0659 -5390.0845 -5402.5435 -5386.23 -5424.3984 -5420.8848 -5394.9478 -5412.4761 -5370.2793 -5378.5688 -5439.0513 -5403.0757 -5350.9678 -5400.4116 -5430.2715 -5376.5728 -5314.6064 -5307.9932 -5381.2036 -5389.4307 -5346.9507 -5255.52 -5202.4824 -5252.9741 -5228.7437 -5102.479 -5098.4966 -5180.1909 -5259.3003 -5217.7622 -5080.1602 -5160.4946 -5217.6343 -5151.936 -5169.5356 -5296.6978 -5220.9897 -5131.8496 -5182.0894 -5142.1416 -5151.3574 -5190.0728 -5169.7861 -5118.8662 -5088.6475 -5093.0063 -5052.3853 -4951.6025 -4999.1841 -5148.7705 -5124.748
-5531.4702 -5483.479 -5355.9253 -5285.7139 -5354.4561 -5375.6499 -5445.7368 -5469.6162 -5441.0029 -5436.0288 -5405.3569 -5394.5259 -5370.4526 -5354.855 -5350.855 -5357.604 -5358.3027 -5361.6245 -5393.2583 -5375.5317 -5327.0259 -5355.1016 -5336.6396 -5311.8569 -5355.1704 -5361.5127 -5341.1792 -5364.105 -5392.5044 -5369.7422 -5331.1172 -5321.8936 -5353.9497 -5325.0146 -5298.4209 -5297.792 -5253.7012 -5203.084 -5198.2974 -5184.7002 -5197.6685 -5217.166 -5208.3608 -5176.0332 -5082.3687 -5174.4814 -5221.8804 -5187.9707 -5198.3018 -5227.7314 -5123.1309 -5074.2021 -5131.1143 -5038.7471 -5035.9922 -5159.0293 -5159.668 -5143.9639 -5096.709 -5051.9316 -5002.7705 -4984.1079 -5082.3179 -5185.2134 -5109.1304
-5534.2222 -5431.127 -5177.7705 -5143.0303 -5336.5308 -5430.5464 -5416.5142 -5356.2842 -5315.0107 -5330.6406 -5335.9888 -5309.8076 -5272.3325 -5273.2734 -5271.9824 -5273.3555 -5294.019 -5300.7339 -5296.3652 -5299.0337 -5248.1328 -5231.0918 -5247.6592 -5251.9297 -5274.1069 -5293.2471 -5292.2344 -5263.8242 -5294.5151 -5308.4409 -5271.5835 -5319.6367 -5356.2192 -5296.6602 -5267.2637 -5293.1543 -5284.5454 -5239.7925 -5252.0225 -5219.5156 -5151.4375 -5180.5 -5197.0649 -5179.2573 -5124.9043 -5203.894 -5231.6875 -5217.5078 -5194.7285 -5088.6733 -5017.3423 -5076.3159 -5100.9224 -5044.792 -5055.8389 -5148.1851 -5146.2407 -5166.6221 -5129.8955 -5112.3921 -5089.5508 -5083.6616 -5107.5947 -5076.5781 -4976.5947
-5415.1392 -5434.1494 -5286.8613 -5264.5073 -5377.0962 -5367.729 -5383.2202 -5384.4888 -5326.1216 -5264.7188 -5242.8901 -5197.5781 -5189.9277 -5246.519 -5277.7505 -5269.3677 -5291.3721 -5284.1968 -5225.3589 -5196.3228 -5141.9258 -5086.5391 -5119.0278 -5161.1909 -5115.4561 -5115.0396 -5164.7891 -5158.5137 -5203.8403 -5250.1069 -5208.834 -5272.0762 -5324.2354 -5272.6914 -5210.1729 -5140.8286 -5206.8535 -5353.5347 -5355.9844 -5151.1011 -5006.2754 -5150.52 -5254.7656 -5153.3398 -5057.6299 -5211.9277 -5261.7114 -5172.9849 -5088.395 -5006.6045 -5033.2163 -5126.2144 -5142.1758 -5136.2041 -5132.4741 -5146.7363 -5135.0532 -5171.8906 -5132.0039 -5140.2539 -5134.0693 -5063.5151 -4994.1011 -4852.5596 -4705.7764
-5244.374 -5336.0054 -5308.3516 -5310.6157 -5326.9375 -5234.6382 -5256.6504 -5310.7563 -5279.958 -5220.8926 -5183.4502 -5135.9639 -5187.2495 -5270.5972 -5292.6602 -5271.4019 -5278.5776 -5277.0474 -5230.1694 -5193.3486 -5156.019 -5088.6748 -5110.8262 -5138.938 -5019.4766 -5021.8955 -5140.9717 -5184.5508 -5219.7959 -5258.5547 -5243.2974 -5231.5835 -5225.7959 -5226.6978 -5156.0029 -5030.8496 -5065.394 -5182.0215 -5167.1279 -5013.7993 -4954.5254 -5116.2651 -5224.3604 -5066.749 -4967.5596 -5187.0146 -5233.5669 -5111.876 -5080.3779 -5067.5337 -5099.2876 -5147.0747 -5145.7437 -5146.9487 -5146.1431 -5055.835 -4982.082 -5064.9414 -5043.4624 -5049.3369 -5095.2974 -5023.9146 -4865.1484 -4706.4233 -4652.0752
-5263.251 -5301.1211 -5280.1616 -5286.958 -5246.6792 -5177.0869 -5165.4795 -5171.7832 -5180.8911 -5211.1855 -5212.1782 -5167.5151 -5215.2383 -5283.229 -5285.9233 -5245.9077 -5226.5093 -5242.6558 -5249.1362 -5231.6484 -5216.8403 -5167.6016 -5171.6055 -5201.8789 -5160.8057 -5185.4917 -5252.8579 -5261.2129 -5239.0259 -5221.02 -5224.9375 -5191.2266 -5165.5322 -5150.3818 -5112.5752 -5078.2168 -5043.0776 -4989.9863 -4943.3242 -4910.1924 -4967.8672 -5095.4824 -5211.2344 -5150.4326 -5073.1455 -5164.3506 -5178.7935 -5112.3525 -5154.375 -5110.3911 -5068.895 -5114.8496 -5097.5298 -5077.9614 -5104.5659 -4999.8364 -4817.2974 -4798.2769 -4895.7319 -5029.9399 -5122.792 -5075.5166 -4874.2935 -4768.7065 -4814.5161
