Resources/Map/Lvl0_30x30/Ele_CE.asc
ncols         335
nrows         335
xllcorner     -6645000
yllcorner     -25000
cellsize      10000
nodata_value  -99999.0
[rows 0 to 24 of 335, columns 57 to 113 of 335]
-5442.457 -5493.0713 -5481.6299 -5498.3711 -5464.8853 -5339.2554 -5408.7886 -5571.834 -5753.4893 -5777.3926 -5534.4688 -5341.4424 -5451.1611 -5579.0186 -5509.6494 -5296.3452 -5319.8193 -5514.9619 -5573.9082 -5579.3203 -5515.5586 -5326.8687 -5375.2036 -5472.9395 -5150.2417 -4724.8784 -4661.3872 -4785.082 -5051.3013 -5207.2065 -5336.9746 -5203.2656 -5142.6011 -5313.6724 -5335.9673 -5270.1528 -5346.7959 -5611.8638 -5681.0664 -5408.2017 -5023.0811 -5155.9771 -5172.6611 -5245.6348 -5467.3057 -5400.2925 -5193.6392 -5271.1191 -4970.8945 -4937.7954 -4983.4902 -4855.1782 -4878.3999 -4962.3262 -4991.9141 -4798.0938 -4805.7949
-5191.1426 -5406.0674 -5457.2534 -5379.8594 -5331.7661 -5236.5537 -5185.5684 -5254.916 -5351.9111 -5424.2314 -5440.2612 -5313.022 -5245.2808 -5327.9404 -5331.5625 -5031.1396 -4943.7031 -5327.582 -5548.5171 -5540.9971 -5497.8081 -5278.313 -5211.9834 -5413.9595 -5308.5054 -4946.0938 -5007.8105 -5342.0903 -5598.0732 -5790.4873 -5689.8472 -5425.4878 -5395.5488 -5491.4595 -5535.9253 -5457.1299 -5440.127 -5434.1411 -5534.5176 -5411.4922 -4987.6289 -4944.1377 -4954.8501 -4947.4224 -5303.6162 -5474.5396 -5317.7036 -5212.623 -5039.2544 -4911.9023 -4911.2822 -4948.6606 -4994.9868 -4989.1563 -5085.3374 -5026.7866 -4894.084
-5305.2051 -5415.2012 -5456.6919 -5485.4575 -5449.4604 -5190.9878 -5015.6528 -5009.5107 -4964.1787 -4929.2061 -4908.4873 -4873.0513 -5086.4434 -5410.894 -5487.6914 -5234.373 -5039.3984 -5304.7661 -5536.4238 -5446.3994 -5375.3823 -5278.9448 -5173.6396 -5352.8604 -5446.855 -5320.4321 -5435.9048 -5730.3086 -5829.7061 -5704.4199 -5543.9146 -5384.7334 -5344.6416 -5406.4268 -5424.1528 -5308.2666 -5216.8521 -5085.377 -5212.9492 -5101.0107 -4669.6499 -4525.1045 -4783.7158 -4733.5181 -4916.5645 -5265.2617 -5165.4072 -5159.272 -5209.332 -5125.5723 -5092.0376 -5078.3267 -4966.123 -4882.9717 -5015.0571 -5078.77 -4933.0522
-5353.1851 -5422.0967 -5543.8164 -5661.8252 -5643.4951 -5495.251 -5389.9551 -5199.0859 -5034.7861 -4962.3286 -4809.8994 -4764.4932 -5171.8652 -5612.2827 -5599.9663 -5413.5327 -5270.7729 -5293.2085 -5370.2837 -5305.2505 -5328.6055 -5382.772 -5296.272 -5352.8521 -5527.4668 -5624.999 -5704.5288 -5662.4878 -5495.5415 -5257.8154 -5150.3765 -5102.5146 -5096.1733 -5148.1416 -5115.6196 -5105.4326 -4913.894 -4840.5278 -5016.5264 -4761.957 -4410.4067 -4361.6416 -4828.6836 -4815.7012 -4804.3125 -5121.1855 -4976.5488 -5061.5835 -5212.5581 -5155.8979 -5064.1938 -4865.6147 -4762.1196 -4808.1699 -5005.7925 -5058.5825 -4885.0034
-5432.3892 -5439.0508 -5573.7065 -5617.9277 -5564.9102 -5622.1196 -5654.0376 -5410.6206 -5284.5332 -5393.1602 -5393.9185 -5283.1792 -5348.7944 -5526.1943 -5428.3027 -5347.3452 -5370.5439 -5304.1504 -5247.3677 -5388.957 -5573.5903 -5592.7397 -5457.7388 -5421.7246 -5527.9102 -5558.8379 -5519.3428 -5378.5527 -5304.9883 -5230.5386 -5088.0859 -4959.749 -4825.062 -4832.8101 -4810.2471 -4916.187 -4715.1162 -4742.8984 -5023.0273 -4852.7129 -4825.0664 -4888.1182 -5217.7427 -5295.1167 -5106.6265 -5039.0674 -4937.9839 -5084.2046 -5189.1079 -5131.2104 -5014.8975 -4822.728 -4763.3765 -4913.8271 -5042.6646 -5019.6792 -4965.8911
-5579.7798 -5331.98 -5420.0908 -5543.3496 -5458.0601 -5477.3843 -5609.1938 -5590.5845 -5567.166 -5696.8647 -5861.2598 -5785.6201 -5500.2188 -5304.8828 -5255.375 -5412.9771 -5584.7813 -5443.3013 -5280.9556 -5493.7144 -5625.6172 -5562.7065 -5493.7578 -5419.1396 -5390.9902 -5432.9624 -5387.8008 -5308.4092 -5413.2666 -5485.9531 -5269.2324 -5108.5586 -4938.2139 -4811.2998 -4888.8701 -5144.9434 -5161.7583 -5237.7295 -5241.4956 -5228.0732 -5284.7358 -5259.4092 -5338.4487 -5456.9634 -5146.001 -4876.4844 -4888.6943 -5127.6968 -5177.9912 -5043.978 -4937.6377 -4846.5698 -4843.936 -4949.3862 -4971.229 -4905.6187 -4896.2642
-5480.7959 -5267.8672 -5312.147 -5473.7324 -5448.4404 -5470.5068 -5653.6094 -5686.5513 -5705.814 -5749.0479 -5787.4653 -5595.6289 -5288.1416 -5264.8032 -5472.2134 -5545.0313 -5459.1646 -5359.2388 -5310.1665 -5345.3584 -5238.0117 -5230.9438 -5317.8223 -5281.9307 -5314.0547 -5386.5669 -5234.625 -5104.8535 -5219.2373 -5406.6899 -5316.8286 -5277.0869 -5238.9043 -5130.3721 -5234.7725 -5316.8901 -5399.064 -5442.5874 -5396.4663 -5471.6191 -5334.8906 -5159.5269 -5276.9727 -5362.0308 -5058.7056 -4886.0562 -4925.4575 -5203.5684 -5304.3652 -5042.96 -4912.3076 -4831.0527 -4809.6582 -4893.0869 -4878.4131 -4858.8638 -4948.1069
-5382.4639 -5347.3662 -5352.3862 -5333.2451 -5401.5942 -5417.8052 -5599.4409 -5644.7007 -5652.9111 -5544.8472 -5303.313 -5000.4023 -4872.272 -5119.5913 -5502.6367 -5496.7158 -5248.4629 -5276.5796 -5364.7378 -5253.4639 -5019.1841 -5012.9292 -5097.291 -5311.3857 -5564.7495 -5446.0166 -5092.4731 -4988.7705 -5162.874 -5381.1958 -5397.376 -5415.2871 -5373.7437 -5311.3008 -5147.2778 -4962.2222 -5080.4526 -5132.9863 -5234.7529 -5417.4204 -5176.3281 -4972.4341 -5308.7012 -5374.2822 -5167.793 -4966.6587 -4996.5952 -5280.7915 -5304.1128 -5033.0146 -4960.4116 -4890.1978 -4910.2402 -4953.4995 -4795.7632 -4820.2817 -4965.0288
-5230.938 -5217.6675 -5230.3687 -5233.6538 -5386.8906 -5376.978 -5469.4453 -5525.165 -5483.7358 -5363.0322 -5076.3691 -5036.2896 -5067.4434 -5200.2397 -5460.6938 -5514.9907 -5315.0845 -5143.8779 -5195.8271 -5308.75 -5258.3076 -5307.4849 -5421.3374 -5671.4146 -5795.709 -5587.854 -5364.8501 -5280.1328 -5288.2163 -5313.6328 -5359.106 -5373.6533 -5348.8496 -5253.0547 -4951.1758 -4787.2954 -4998.6934 -5084.2598 -5160.3364 -5258.4648 -5017.0693 -4797.4697 -5243.5054 -5455.7246 -5206.8193 -4919.832 -5008.9063 -5316.6987 -5144.0986 -4996.3936 -5051.1377 -4889.4219 -4853.5317 -4866.8184 -4766.9731 -4804.3276 -4827.4551
-5158.7598 -5319.8354 -5292.5303 -5253.3413 -5443.0083 -5531.6323 -5536.8477 -5498.2271 -5432.3994 -5523.1382 -5402.5889 -5394.6748 -5338.71 -5338.2925 -5512.4912 -5564.5303 -5441.5859 -5210.8696 -5268.9268 -5514.1958 -5537.4009 -5616.936 -5703.4321 -5718.4995 -5750.8979 -5657.5161 -5488.8813 -5309.4121 -5184.2017 -5244.2051 -5359.042 -5382.2065 -5396.4399 -5344.3647 -5148.2261 -5009.4048 -5149.0854 -5169.0303 -5166.3184 -4995.4502 -4838.2119 -4704.7021 -5167.3887 -5402.8262 -5181.4497 -4904.7642 -4927.7202 -5162.9004 -5019.3799 -4918.6997 -5032.7095 -4895.168 -4689.8862 -4624.6089 -4741.3848 -4873.6724 -4824.9419
-5512.7803 -5730.5869 -5625.3374 -5393.248 -5380.8486 -5423.7017 -5505.7886 -5478.3667 -5307.1304 -5397.3188 -5481.2788 -5312.939 -5193.561 -5276.0757 -5458.2715 -5543.1167 -5577.4746 -5521.3882 -5491.2534 -5548.877 -5512.7192 -5551.6001 -5548.5908 -5494.1392 -5560.6411 -5468.5864 -5242.356 -5218.4209 -5171.019 -5298.0127 -5471.5317 -5495.7393 -5481.5464 -5527.4951 -5444.5654 -5265.374 -5281.6426 -5238.084 -5181.2134 -4813.6836 -4729.7241 -4774.7183 -5111.9883 -5252.8926 -5069.7427 -4863.999 -4879.0923 -4950.9404 -4922.145 -4883.2021 -4982.7593 -5035.8018 -4852.374 -4658.4868 -4827.061 -4953.1519 -4889.7998
-5578.2798 -5833.3262 -5758.1709 -5532.771 -5449.9258 -5400.7007 -5486.457 -5486.8335 -5155.3306 -5073.2012 -5288.6064 -5319.7827 -5323.8462 -5416.0591 -5408.5518 -5384.4019 -5463.0225 -5400.2114 -5255.7139 -5293.543 -5348.0532 -5345.2847 -5338.2432 -5359.2314 -5402.8867 -5401.7549 -5195.332 -5276.2432 -5243.0049 -5233.5894 -5480.2285 -5546.8452 -5504.3774 -5556.4561 -5574.6514 -5437.3052 -5422.5796 -5393.1528 -5303.6763 -5023.1602 -4961.9048 -5183.7412 -5174.5166 -5060.9253 -4979.3833 -4940.0054 -4921.7891 -4816.4683 -4955.248 -5062.6592 -4978.7295 -4952.7979 -4948.022 -4897.374 -4937.3403 -4880.3848 -4796.6177
-5422.7378 -5705.2266 -5630.6885 -5594.8096 -5538.9448 -5437.9897 -5449.8662 -5548.4785 -5294.8496 -5161.5356 -5294.0527 -5480.7471 -5543.8252 -5440.5127 -5257.4888 -5141.4404 -5195.8125 -5254.1396 -5217.1333 -5244.9624 -5327.9009 -5280.4443 -5205.0811 -5143.981 -5222.7661 -5400.1948 -5383.3252 -5432.4258 -5258.8545 -5084.9536 -5334.7593 -5406.3423 -5415.8208 -5336.4063 -5399.7925 -5411.1255 -5383.3042 -5418.5269 -5434.5605 -5243.3662 -5142.6899 -5453.646 -5211.353 -4978.1753 -5170.7881 -5254.4233 -5074.8535 -4866.1069 -5065.8711 -5186.2246 -5052.4531 -4859.5605 -4879.5908 -4916.1963 -4750.7847 -4571.5298 -4622.9863
-5346.1909 -5666.6787 -5588.4038 -5555.937 -5406.1763 -5294.4136 -5373.1035 -5594.3457 -5490.3896 -5329.4814 -5339.3589 -5543.5156 -5554.8457 -5361.9746 -5237.9863 -5277.4248 -5335.585 -5480.0122 -5494.2671 -5313.4868 -5294.061 -5280.3872 -5174.6719 -4986.1753 -5048.166 -5327.8535 -5528.9365 -5564.3613 -5345.5449 -5235.8105 -5288.6763 -5266.3843 -5335.7988 -5215.9131 -5243.228 -5313.2866 -5263.3589 -5346.4058 -5385.9399 -5179.4443 -5205.4937 -5501.5938 -5101.3579 -5058.9365 -5307.6011 -5404.7222 -5231.5977 -4999.1968 -4963.5913 -5070.0488 -5041.8403 -4831.4961 -4863.3037 -4849.2202 -4614.2012 -4577.5811 -4728.3428
-5236.8076 -5578.042 -5562.5381 -5516.9907 -5264.3843 -5145.355 -5401.7202 -5590.4512 -5479.7471 -5408.9399 -5445.5225 -5552.1167 -5568.5801 -5516.875 -5490.8862 -5551.2148 -5543.9165 -5560.9648 -5480.5059 -5151.1709 -5134.4014 -5324.7808 -5406.9053 -5333.1572 -5260.3403 -5483.5674 -5688.9883 -5619.6074 -5464.021 -5561.2808 -5491.041 -5400.9614 -5485.0654 -5510.043 -5444.5264 -5235.5396 -5210.1846 -5292.4849 -5267.1226 -5063.3213 -5242.3276 -5414.4053 -4932.2178 -5198.4248 -5275.9854 -5287 -5284.333 -5103.1206 -4839.0947 -4970.8311 -4866.3418 -4737.938 -4964.2144 -4918.4385 -4774.9971 -4846.459 -4885.1294
-5098.2134 -5224.8677 -5455.0156 -5556.626 -5159.8154 -5039.3379 -5430.6172 -5572.0679 -5490.1167 -5572.2998 -5614.1504 -5606.707 -5583.5005 -5530.7725 -5493.9692 -5520.7837 -5563.5352 -5513.7856 -5320.1226 -5150.1372 -5310.6094 -5628.1851 -5733.6899 -5661.3242 -5573.9072 -5674.7935 -5746.7529 -5689.4014 -5632.9688 -5646.0654 -5575.2192 -5493.3823 -5530.5234 -5670.2314 -5580.0879 -5201.6436 -5181.1079 -5063.0161 -4938.3765 -4857.3223 -5098.9263 -5137.4507 -4883.1475 -5154.4629 -5023.8921 -4978.6045 -5151.3154 -5110.4487 -4952.3872 -4919.3345 -4800.3159 -4808.1577 -5070.2188 -4990.6938 -4787.9063 -4833.0615 -4907.2529
-5299.1602 -5254.9268 -5522.0283 -5602.9561 -5221.4038 -5070.2729 -5419.9819 -5569.7119 -5508.9199 -5560.856 -5541.5835 -5496.8145 -5456.8359 -5398.9517 -5347.4917 -5444.2666 -5612.8618 -5606.4951 -5428.5522 -5368.5127 -5561.1313 -5813.0063 -5727.3374 -5554.7324 -5581.373 -5614.4697 -5613.9727 -5704.4668 -5617.3682 -5555.1133 -5507.832 -5299.0518 -5289.1851 -5500.1597 -5547.9517 -5329.6172 -5230.9551 -4919.3213 -4785.3042 -4871.0718 -4891.7925 -4899.5493 -5122.1245 -5288.6055 -4632.813 -4484.7134 -4904.9233 -4980.3403 -4999.7739 -4951.2192 -4933.8813 -4898.2876 -4978.8623 -4886.439 -4584.5176 -4636.9341 -4922.4731
-5622.3848 -5600.1406 -5603.0767 -5571.5938 -5396.1289 -5238.2891 -5397.2549 -5439.8408 -5350.3345 -5380.0103 -5349.2358 -5242.543 -5206.9443 -5257.3706 -5315.1431 -5509.4575 -5571.1426 -5534.3193 -5592.3442 -5464.8228 -5420.209 -5585.8848 -5530.9004 -5440.6055 -5489.772 -5508.6445 -5446.4888 -5561.3594 -5504.5732 -5525.6602 -5542.0181 -5286.9434 -5307.397 -5384.5864 -5576.001 -5539.1963 -5428.3604 -5173.3984 -4992.1553 -5094.7368 -5052.8198 -5035.9658 -5380.2065 -5477.2017 -4644.2847 -4342.8296 -4787.98 -5023.7642 -5119.5586 -5126.6758 -4963.4082 -4851.1602 -4892.8594 -4891.1123 -4715.1089 -4679.4048 -4871.748
-5642.2393 -5626.7412 -5552.7534 -5495.71 -5404.5654 -5197.9873 -5185.1064 -5237.877 -5234.7705 -5356.7051 -5372.519 -5197.6738 -5166.0151 -5348.9014 -5562.5713 -5659.0596 -5469.3276 -5402.4795 -5594.6699 -5416.1089 -5228.9067 -5349.73 -5438.5054 -5407.4243 -5400.4678 -5542.6685 -5463.4658 -5407.9048 -5422.0537 -5521.7988 -5619.7559 -5637.4243 -5651.6938 -5505.71 -5612.1235 -5638.8276 -5574.8105 -5477.7515 -5397.1162 -5330.7939 -5254.8975 -5086.7866 -5323.2666 -5250.3091 -4927.6724 -4648.772 -4881.5557 -5183.7783 -5142.7944 -5102.6392 -4970.4844 -4868.8887 -4957.4678 -4990.021 -4943.0068 -4784.7476 -4729.7759
-5426.7998 -5417.3511 -5375.4595 -5353.4194 -5406.2974 -5225.4365 -5249.4209 -5399.0806 -5441.4951 -5493.2949 -5475.7358 -5421.8784 -5555.7246 -5774.873 -5859.7886 -5634.5034 -5308.543 -5279.3608 -5561.332 -5518.9219 -5348.9722 -5402.1685 -5440.7808 -5412.4854 -5381.6069 -5453.6421 -5432.5845 -5262.5405 -5210.6323 -5419.1772 -5554.6816 -5645.6343 -5620.854 -5488.0576 -5402.75 -5428.4072 -5365.0425 -5453.7632 -5493.2407 -5327.1196 -5073.6782 -4903.7202 -5198.5933 -5108.1997 -5110.2129 -5095.5586 -5148.9521 -5289.2515 -5074.105 -5000.1665 -4951.082 -4817.3027 -4872.7793 -4952.4263 -5011.9937 -4872.2749 -4636.6611
-5360.5015 -5401.8208 -5370.6475 -5252.4214 -5276.731 -5281.6196 -5373.9941 -5599.0479 -5638.644 -5628.7427 -5616.2729 -5596.042 -5612.7485 -5706.1187 -5668.1646 -5393.6211 -5155.3164 -5154.8628 -5424.5781 -5530.9829 -5399.1738 -5336.4463 -5196.2539 -5121.3828 -5235.7319 -5360.3672 -5412.2217 -5293.5415 -5249.5371 -5322.4717 -5244.4951 -5252.3618 -5342.8237 -5368.3794 -5204.2739 -5154.3296 -4997.7573 -5112.6782 -5255.6768 -5275.4321 -5139.1523 -5140.6421 -5129.8032 -4941.6401 -5062.1128 -5276.5752 -5473.2104 -5615.9385 -5370.832 -5173.188 -4946.8872 -4771.9541 -4827.0391 -4872.8701 -4942.9175 -4976.4443 -4750.6978
-5665.8638 -5614.6904 -5537.9077 -5293.2705 -5176.2905 -5384.998 -5473.1362 -5630.0938 -5582.5176 -5674.0718 -5640.0542 -5603.3999 -5542.5986 -5566.6772 -5449.8013 -5066.3428 -4962.7212 -5114.9902 -5302.8198 -5321.0864 -5259.3599 -5242.5601 -5103.4238 -5005.1831 -5157.4492 -5454.1973 -5554.8779 -5438.0059 -5516.2744 -5269.6777 -4901.4272 -4919.499 -5147.3174 -5302.1309 -5172.5239 -5102.356 -4891.207 -4927.772 -5091.1758 -5169.2715 -5176.7944 -5306.8315 -4974.3389 -4626.8589 -4811.1914 -4987.5083 -5057.4092 -5513.2285 -5667.2402 -5673.0059 -5113.3467 -4861.9194 -4838.269 -4788.9634 -4923.5781 -5061.7871 -4831.5586
-5814.7466 -5627.4692 -5590.6304 -5464.8062 -5391.6094 -5337.2153 -5326.9761 -5455.2822 -5448.9829 -5513.8472 -5522.4326 -5618.7935 -5553.2749 -5564.0977 -5515.3618 -5293.8882 -5418.9292 -5437.8667 -5221.2153 -5102.1831 -5236.9575 -5332.1011 -5315.6655 -5333.3828 -5433.5273 -5600.2075 -5576.0347 -5424.2144 -5432.1924 -5129.7612 -4838.4717 -4913.5024 -5040.6943 -5223.4048 -5200.2876 -5187.4243 -5058.9819 -5115.9053 -5038.7461 -4923.1606 -5169.1895 -5313.0928 -4965.9507 -4709.1577 -4788.2168 -4782.002 -4833.3022 -4983.0361 -5051.9365 -5214.0972 -5130.8462 -5125.3818 -4801.0776 -4666.8423 -4865.8677 -5001.2578 -4912.6587
-5705.3252 -5507.019 -5358.625 -5363.7329 -5457.9243 -5363.0874 -5435.2842 -5473.5459 -5498.8604 -5543.0166 -5478.1689 -5460.6665 -5459.9565 -5533.2358 -5627.4873 -5659.5776 -5662.4033 -5456.7549 -5128.8438 -5168.5483 -5402.917 -5408.0288 -5413.0723 -5507.7725 -5483.9722 -5399.7109 -5268.71 -5118.4746 -5062.1382 -5142.3477 -5214.6992 -5242.147 -5182.2925 -5253.209 -5236.6323 -5186.4185 -5075.7461 -5297.6357 -5157.6694 -4875.1519 -5195.4277 -5318.4849 -4930.7886 -4848.8511 -4809.7783 -4678.8984 -4869.3335 -4828.3984 -4771.7725 -4868.5151 -4974.6777 -4944.2026 -4634.9502 -4547.7583 -4698.6943 -4865.6118 -4930.3755
-5538.7349 -5610.5815 -5451.248 -5455.7925 -5560.8296 -5525.7212 -5630.9541 -5635.9648 -5657.355 -5712.3096 -5563.2085 -5329.2954 -5259.52 -5336.1943 -5336.415 -5401.6089 -5331.9126 -5205.8921 -5216.0552 -5532.7705 -5745.52 -5679.3408 -5625.4497 -5653.1372 -5541.1924 -5259.8784 -5049.623 -4898.7012 -4919.4814 -5418.9995 -5743.916 -5762.0811 -5469.5776 -5239.0088 -5108.7759 -5019.3481 -5015.833 -5287.1714 -5109.0181 -4971.374 -5260.3379 -5345.0352 -4893.3232 -4875.2495 -4818.6152 -4959.2358 -5142.6299 -5140.7241 -4914.7065 -4929.0215 -5143.354 -4901.4893 -4579.5874 -4565.6172 -4571.9263 -4591.3843 -4766.3267
