Resources/Map/Lvl0_30x30/Ele_CC.asc
ncols         335
nrows         335
xllcorner     -13345000
yllcorner     -25000
cellsize      10000
nodata_value  -99999.0
[rows 100 to 124 of 335, columns 174 to 231 of 335]
1606.7356 1487.2318 1370.1106 1676.9209 1640.8455 1317.2585 1212.1401 1503.0206 1673.2999 1569.4919 1311.396 1699.9802 1788.7657 1779.0166 1600.219 1862.5996 1873.0083 1955.0151 2037.3481 2040.1343 2045.7964 2070.7727 2054.1252 1938.3406 1833.8062 1731.1659 1742.6721 1871.4305 1790.1769 1759.1638 1751.1366 1752.2853 1806.6195 1962.5887 2193.4304 2238.4983 2141.6892 1950.9241 2053.5996 2380.4258 2209.03 2199.9211 2048 2325.7959 2211.9614 2179.2805 1853.7689 1964.9846 1746.9504 2000.7064 2082.5164 2853.4983 1965.4266 1429.5959 1761.684 2093.2729 1767.4132 1098.4987
1379.0166 1560.1002 1447.9063 1458.6558 1902.5649 1590.6556 1440.3878 1610.3384 1632.8606 1572.6877 1402.4655 1542.9688 1649.4856 1742.5654 1703.3002 1793.5361 1801.9958 2043.5874 2233.4775 2045.7805 2033.1418 2210.1401 2194.6387 2245.1599 2014.7517 1729.7681 1723.0885 1815.2365 1779.2783 1822.4016 1800.5084 1741.5874 1776.9648 1865.1324 1957.7327 2111.0227 1990.2426 1950.6696 1846.5039 1975.0126 2090.5029 2165.4348 2034.6952 1973.4836 1974.1504 2119.5242 1990.9795 2208.2205 2153.1426 2148.7986 2198.0359 2031.4203 1836.537 1756.0631 1896.7461 1785.4459 1763.0997 2105.1482
1608.6973 1784.3037 1620.5851 1313.1396 1271.0901 1305.9364 1432.4762 1809.4249 1784.1755 1587.486 1558.0681 1477.7288 1509.6875 1637.0702 1719.8976 1867.9399 1890.2983 1851.8477 1926.4348 1950.386 1968.5668 2041.9113 2198.355 2201.8582 2152.5215 1772.786 1845.1403 1895.774 1738.6156 1720.6927 1808.9801 1733.001 1722.2986 1728.3689 1772.0194 1885.0986 1807.6752 1855.8291 1798.5664 2046.5035 2036.9537 1884.5625 1959.8204 2004.4966 1911.8624 1998.6794 2074.894 1954.1377 1986.2056 2083.2974 1941.2286 1732.4219 1645.1078 1948.1992 2024.1859 2611.22 2300.5332 2119.3071
1276.947 1278.2509 1279.2478 1257.1931 1277.8417 1424.5931 1488.7261 1695.9426 1672.179 1557.5878 1574.996 1544.3718 1460.6271 1686.9044 1871.7484 1800.6213 1564.6842 1762.3306 1923.1471 1710.2144 1858.7296 1877.5822 1978.202 1958.9501 1998.8673 1949.6061 2206.5029 2201.9365 2032.6401 1696.0308 1707.1664 1727.8624 1778.0814 1710.3002 1713.7577 1726.1052 1738.0574 1753.5024 1759.8894 1779.2202 1817.8765 1799.5771 1813.1165 2023.918 1916.4631 1923.4611 1947.8501 1960.9459 1924.441 2046.2089 1736.8246 1662.067 1863.2231 1826.0876 1727.4417 1803.2307 1855.0012 2221.8054
1815.5966 1455.7153 1316.489 1275.1293 1261.0767 1454.2488 1484.7482 1582.6138 1573.5822 1568.6602 1547.4994 1516.7103 1693.8724 1836.0703 1740.8865 1655.6799 1545.0607 1555.7268 1658.4949 1569.2205 1560.7578 1640.6875 1708.2478 1908.0999 1813.4125 1710.9658 2108.1882 2262.158 1974.4086 1694.3057 1720.4524 1726.1251 1718.2266 1734.7731 1715.5486 1722.8464 1746.1522 1783.7393 1762.9598 1911.8475 1863.3208 1897.5265 1989.5453 2117.2422 2057.2275 1933.2419 1876.2533 2024.2518 1984.5446 2045.1833 1867.5497 1940.1943 2158.4824 1890.8032 1822.5824 1738.1764 1778.2871 1936.5331
1787.2743 1925.0416 1875.856 1352.8021 1314.2206 1384.4169 1371.0714 1496.29 1871.4264 1932.469 1625.9452 1566.4327 1609.1338 1708.3225 1552.9457 1631.3926 1638.3232 1549.338 1630.0951 1537.381 1540.4825 1621.2319 1710.1145 1686.5564 1743.1532 1681.1615 1737.1146 1791.0896 1711.2271 1703.0502 1945.7893 1712.2816 1731.0536 1764.1836 1727.7627 1737.1171 1922.879 2210.6846 1844.5515 2148.616 2100.2219 2025.1022 2120.1433 2247.0906 2375.1584 2120.386 2033.3472 1963.1877 2107.0698 2227.2256 2053.2288 2141.2725 2461.4751 2071.6619 1932.5919 1979.2195 1933.9877 2000.6285
1604.3984 2035.7462 2151.1877 1833.4063 1795.7109 1536.5471 1420.1882 1348.1422 1681.3929 1703.1831 1812.041 1620.8903 1526.7454 1525 1603.941 1608.7832 1529.6672 1573.5585 1536.498 1533.1102 1552.5566 1539.8 1574.0073 1973.2454 1776.59 1676.6465 1687.7899 1732.2712 1922.5975 1692.8529 1700.3575 1849.1685 1921.979 2114.3127 1872.3492 1731.9082 1887.1321 1772.0753 1782.3949 2089.1365 2048.9695 2118.7466 2487.7964 2476.0847 2467.196 2264.4946 2240.3157 2109.2817 2263.5039 2238.019 2206.6045 2601.7878 2609.2554 2197.5955 2225.3887 2054.5366 2065.0532 2165.3193
1510.0801 1453.0233 1228.1542 1400.2694 1788.3113 2082.3936 1983.2534 1483.4033 1655.4784 1758.8152 1568.1577 1525 1525 1525 1525 1525 1525 1523.4331 1522.9661 1527.707 1596.6279 1717.2662 1554.7224 1728.8643 1847.2356 1760.3925 1762.8197 1719.9634 1744.1302 1768.0564 1862.3506 2112.4868 1969.4611 1761.8882 1774.463 1764.3705 1781.7378 1818.5122 1907.7449 2292.7988 2396.8071 2080.2151 2318.761 2419.9646 2607.5051 2551.3374 2467.1294 2386.175 2291.7773 2336.0212 2434.5559 2454.7791 2292.1934 2302.3799 2231.9382 2000.5299 2127.1477 2184.0466
1489.3503 1459.4316 1333.3448 1328.0839 1803.3583 2463.8779 2547.3958 1816.7535 1342.8004 1408.115 1492.5803 1663.1479 1791.2732 1845.6394 2000.9163 1587.0562 1548.3914 1527.4224 1590.2681 1526.9208 1646.9922 1865.0076 2091.8965 1921.6893 1954.8053 1858.6819 1855.2719 1720.9863 1807.6509 1920.5912 1924.3763 1958.0856 2011.4497 1881.203 1949.6969 2034.4963 2014.3885 1951.0474 1936.8102 1918.7992 1967.5841 1967.7561 2553.7454 2474.4939 2426.0552 2525.592 2530.9265 2405.7622 2414.1995 2465.0266 2598.6338 2656.6182 2348.5308 2206.2104 2044.8998 2052.6616 2104.2505 2241.2742
1541.5099 1467.8695 1302.1849 1458.9253 2011.2815 2345.8518 2411.7173 1491.4926 1471.0541 1829.197 1905.9893 1961.0697 1998.0055 1849.3363 2046.3459 2123.5896 1787.6104 1525.879 1559.5385 1665.1877 1559.6947 1562.0763 1587.7469 2007.8313 1975.5482 1960.0156 2041.8815 1857.176 1904.2623 1947.3982 2092.4094 2505.5044 2373.1567 2121.2427 1843.4987 1837.8297 2013.2528 2024.8503 1858.3301 1905.5038 1937.9117 1917.7025 2161.8669 2489.0054 2348.8633 2434.6497 2454.4697 2823.345 2690.0361 2688.46 2640.3257 2679.6321 2379.2837 2300.5381 2193.5945 2137.8284 2284.2869 2648.7976
1588.4951 1382.7367 1021.785 1275.6656 2026.0094 2172.6057 2072.3633 1340.8187 1684.9697 2083.7466 2154.4385 2069.7397 2122.1689 2181.8337 2119.4036 2009.8271 1896.1639 1957.5085 1628.9939 1946.4675 1739.0281 1652.2551 1907.7787 1762.6781 1978.8184 2120.8057 2114.6941 2120.4443 2051.7024 2039.7189 2299.5105 2502.2388 1990.2469 1833.447 1838.275 1832.8976 1832.9729 1836.0894 2022.9429 2406.8049 2374.4927 2070.2578 2063.3523 2178.1609 2289.0266 2486.4685 2404.6909 2614.0564 2508.3843 2671.9204 2625.6152 2635.6528 2498.3547 2368.9331 2176.771 2265.7222 2263.0571 2307.4065
1303.5701 1073.7542 1236.0098 1016.0652 1910.0997 2008.3455 2154.3003 1476.2437 1659.1217 2055.9309 1939.5159 1685.4412 1705.4822 2061.3574 2109.1396 1856.3738 1752.5498 1863.7518 1863.5719 1974.6406 2183.5234 2227.3357 1765.4587 1843.8455 2079.6458 2300.6943 2211.386 2007.7457 2009.7257 2073.4976 2047.663 2189.488 2246.9834 2122.1868 1960.1393 1857.757 1838.8212 1905.1338 2190.7063 2524.1042 2691.2178 2338.2458 2038.7135 2366.5977 2351.1165 2452.6145 2617.531 2501.4761 2579.3171 2708.1794 2758.1162 2776.5532 2640.1992 2411.0454 2226.7646 2326.7751 2335.2908 2292.5581
854.9226 1063.2401 792.8559 978.6742 1258.0941 1584.5007 2112.8037 1910.2599 1555.7549 1908.1034 1504.8248 1375.146 1465.7263 1652.2246 2129.7578 1705.1339 2018.4257 1859.6997 1623.7419 1721.2848 2194.0078 2618.2148 2343.8999 2276.6736 2156.345 2521.0632 2838.3535 2123.2715 2057.9612 2217.2546 2610.4788 2177.3259 2259.4624 2078.5452 1883.056 1898.3369 2092.3882 2224.6067 2471.9519 2647.0566 2776.1736 2469.543 2175.4558 2319.9707 2625.22 2950.4563 2820.4712 2718.0967 2515.1003 2808.4365 2752.2375 2765.8645 2800.6577 2438.6843 2431.104 2521.0669 2253.4517 2244.071
1200.7721 1331.9973 906.8082 903.6304 1146.9724 1551.0718 2318.8748 1861.3187 1596.3141 1358.2139 1251.9069 1316.9751 1565.1709 1684.0244 1702.3058 1287.1014 1441.1968 1656.9374 1707.476 1528.6416 1800.1771 2385.3157 2453.427 2180.8918 2286.6511 2602.6199 2960.2593 2618.6292 2521.5222 2101.0691 2305.5237 2322.498 2069.4836 1940.0881 2135.1553 2150.6418 2399.7898 2371.6733 2527.7124 2271.4448 2211.3291 2000.959 2347.5801 2575.4434 3162.2942 2769.9441 2655.7976 2630.0076 2521.0349 2566.988 2580.2698 2747.7944 2861.5005 2651.4614 2482.6086 2318.5557 2250.9514 2238.3208
2245.3716 2263.4167 1105.5342 748.5515 1076.4277 1544.7858 2539.4031 2834.0325 1547.0353 1225.7324 1214.2015 1403.8585 1741.778 1583.1244 1348.0013 1056.9257 1036.1091 1084.4175 1211.4961 1330.8092 1566.6383 2244.366 2505.5186 2360.6733 2697.9194 2375.3018 2817.0281 2429.718 2066.2944 2101.5471 2118.0002 2209.9136 2141.4998 2149.2183 2369.2297 1773.3035 1658.0746 1514.5901 2070.0249 2608.0588 2548.9297 2246.1565 2086.7942 2397.2034 3369.4556 2819.6826 2675.1453 2820.2688 2710.5371 2536.3984 2541.8774 2765.5081 3386.6594 2837.5818 2518.3857 2363.1484 2421.9861 2402.7705
1447.0244 1655.7223 1369.9136 2116.616 788.4558 1324.2146 2036.6014 1985.621 1312.5907 1174.2397 1196.9823 1633.5437 1247.5941 1594.2208 1031.5425 889.0666 753.0901 848.2018 1020.3998 1417.1479 1837.1497 2394.5237 2419.3032 2098.6521 2065.7781 2053.1409 1967.71 2290.314 2314.5806 2267.1711 2344.5186 2350.5964 2162.0898 2255.7034 1979.7572 2061.3792 1311.2455 1179.4114 2106.6223 2474.9902 2342.0156 1721.9655 1996.204 2121.229 2473.2986 2887.686 2592.5635 2613.6389 2838.8435 2591.554 2604.4788 2736.6372 3163.5747 3372.9351 2718.491 2304.613 2238.605 2242.2517
826.9351 1001.4522 1008.7515 1934.1697 956.5208 1061.4763 1406.1743 1259.9004 941.9114 1117.7073 1678.0148 1437.1724 1302.9448 930.6757 679.2263 815.4774 535.8692 740.5687 1005.4092 1466.5094 2165.1252 3387.4009 2467.4626 1880.9276 1611.3486 1336.424 1582.3326 2145.6631 2200.7375 2397.981 2786.6934 2826.4114 2349.0073 1755.5095 1529.5339 2007.9232 1384.4625 1064.8392 1659.3463 2069.5657 1670.6995 1460.6515 1732.5133 2201.6577 3151.2864 2626.4077 2517.8176 2673.8315 2606.0479 2589.5476 2600.8496 2575.572 2586.3938 3043.3496 2884.7488 2457.5034 2247.5488 2229.2307
484.8109 649.3397 1675.505 772.0795 822.7413 633.7181 800.5832 873.6484 738.1715 816.819 1563.2751 1837.1721 1394.75 909.2006 683.3221 505.437 493.6201 582.6497 786.6604 1186.2386 1994.583 2070.5032 1625.3524 1394.8627 1490.1146 980.2962 1085.1158 1792.4938 2239.5857 2383.9028 2257.3433 2137.9646 2334.4814 1896.4806 1350.322 1536.9215 1485.6265 909.0235 1060.609 1071.1563 790.4775 1076.5819 1440.7672 2309.1479 2208.0083 2358.6528 2551.5288 2775.689 2960.9741 2758.3975 2679.509 2607.4111 2571.2927 2828.4443 3054.8201 2658.2727 2279.8328 2247.0581
439.8867 874.0214 1076.8717 552.0704 423.7726 445.2713 516.0748 615.8387 609.9394 833.2949 1286.6978 2008.9215 1571.0791 832.281 650.6672 501.3913 367.8772 411.4239 497.0034 892.5751 1407.856 1610.8862 1331.3994 954.9658 900.9752 847.2178 705.0289 1556.4919 2135.9202 2128.064 1693.5255 1601.0052 1524.3423 1496.394 1221.6404 1394.2483 1501.9547 854.0089 1082.8839 671.0867 660.7022 804.7764 1375.2666 1653.5088 1863.9739 1875.6365 2302.4922 2828.7778 3221.8076 3044.7273 2883.7454 2643.2607 2571.7651 2725.0408 3366.6941 3281.9094 2666.6482 2416.9546
602.0883 746.2142 649.5344 311.1913 295.893 348.2581 601.33 484.78 834.5477 698.8732 1451.6517 1746.7405 1376.5356 802.486 546.0638 353.9065 303.0404 310.1018 337.7047 288.8717 423.1418 762.9603 591.575 649.9631 590.2753 650.7618 948.9471 1464.073 1890.6442 2016.5754 1254.4193 1201.1626 1082.145 1063.6489 1082.5375 1092.5369 901.9723 655.7034 760.79 747.5807 580.1698 911.6965 984.5988 1220.8689 2181.5269 2204.0515 2206.7673 2651.5544 2899.4314 3697.4973 3362.2151 2671.5137 2589.6917 2746.0159 3471.1724 3090.7937 3023.8992 3096.4834
133.6276 98.0119 262.8648 195.9035 351.444 262.2585 550.9406 549.2379 452.2024 634.0329 1030.3951 785.7946 1376.5894 979.851 492.7698 383.5672 294.076 414.0952 247.5683 224.7268 253.0061 312.1345 381.3134 466.284 378.8391 515.9506 717.8297 1160.9945 1692.6975 1707.5607 1459.3971 845.5637 819.5721 749.0839 691.2096 777.0499 830.2191 625.3093 782.8416 616.7869 614.2835 834.1519 898.5193 1021.519 1378.5297 1933.161 1830.0192 2102.5457 2974.0496 3207.5977 3066.9336 2797.5337 2667.8853 2718.1833 3048.7468 2722.6248 2731.2068 2835.4558
-111.6583 11.3705 135.0738 43.8474 87.0798 95.6972 282.3909 647.1559 382.0891 417.2808 768.1854 1620.2745 1335.4197 1838.5983 1035.0132 537.4333 339.0048 330.6035 349.5152 526.2466 305.6271 235.5268 276.1898 297.7162 323.9366 498.0719 395.9934 691.5993 1057.8187 1254.171 994.4778 848.8842 728.492 699.7035 613.7406 908.0347 754.2324 854.9893 486.451 499.6958 571.2609 766.3313 1365.7427 1315.3265 1371.2562 1608.1528 1746.4624 2690.7998 2801.0688 2429.9363 2186.125 2023.9454 1990.0382 2328.4746 2205.4077 1751.6219 1549.5621 1424.0804
-444.387 -193.1462 -126.6729 19.3573 18.3134 123.3887 152.552 387.2374 1062.8594 499.8926 652.21 1443.0012 1446.3457 2123.6653 1803.859 898.9053 562.6295 734.2911 542.2869 484.1384 443.8336 344.9711 416.4646 196.7432 225.811 258.106 708.2384 547.5722 638.48 1089.2178 1352.342 748.3846 550.7466 550.9907 535.7564 618.3579 747.1427 692.7305 503.9309 539.0283 634.5135 1016.306 1721.5289 1703.8657 1098.1554 1292.9098 1380.6207 2155.6079 2094.1865 2132.2239 1994.5709 1763.9081 2018.5286 1499.7913 1489.6091 1345.3689 1399.6327 1224.7573
-1167.3988 -750.1165 -359.7862 -98.4174 9.4114 18.9004 44.9013 308.1101 782.5217 632.9786 1199.4797 1393.1991 1267.1766 1843.7797 2116.3218 1456.9916 945.9105 893.2293 1371.5564 913.5732 836.8307 461.5747 340.1015 485.9371 381.6646 326.6157 322.768 541.1716 765.6981 799.4938 1060.1321 1119.5674 838.2959 574.7493 500.6134 498.4043 616.8755 1010.165 713.3848 447.3999 798.1268 783.7831 636.4247 738.2577 928.6644 1136.7311 1719.2135 2096.6611 1973.7859 1918.5472 1655.938 1624.9589 1680.7797 1159.2261 1027.02 1190.4958 1224.2594 1105.9382
-1491.8256 -1114.5032 -699.9132 -349.1678 -196.2312 3.4853 75.4161 565.0692 817.0416 1308.8966 1418.4106 1219.7822 1416.1251 1929.4299 2106.4617 1318.858 1063.3547 1406.3838 1507.0701 1524.891 839.5298 433.2776 398.6605 782.697 467.7609 253.1301 200.8174 345.9793 292.7936 282.3798 556.1106 1158.1875 848.5521 739.7468 389.3983 577.0087 450.0265 596.38 488.8997 416.4235 382.5514 1013.9279 792.8049 850.8068 1132.926 1488.4506 2108.5085 1348.8807 1577.702 2235.8867 1842.5188 1411.5588 1350.3556 1122.0377 953.9733 989.7902 941.3461 1067.6548
