Resources/Map/Lvl0_30x30/Ele_CH.asc
ncols         335
nrows         335
xllcorner     3405000
yllcorner     -25000
cellsize      10000
nodata_value  -99999.0
[rows 216 to 242 of 335, columns 120 to 179 of 335]
756.9752 712.5496 670.4168 671.8588 724.8695 679.9135 665.8957 672.8617 705.1422 750.093 862.3942 918.7169 922.718 953.1255 944.0421 923.7131 1008.8338 1208.7428 927.3113 794.4583 861.6253 756.1648 666.1785 512.2039 359.317 294.7782 210.2702 201.5011 143.5322 101.0797 92.7818 40.9405 8.9562 -0.1375 -17.3371 -22.414 -25.422 7.0011 8 -1.6924 31.8963 85.1287 320.2798 163.9114 192.087 167.4861 232.3039 342.838 394.8598 519.6649 406.6787 806.895 1168.0167 1011.0527 765.6627 531.8858 808.8549 587.2806 432.5833 297.0224
739.4485 687.9499 670.3398 652.8295 649.5487 654.6288 662.546 665.8478 686.2462 725.7411 782.5658 843.2613 918.4617 976.3316 1021.1186 1065.3196 1074.0775 1188.6605 1416.2373 1406.5973 985.8774 817.5864 817.016 666.2239 592.6295 438.504 342.4714 267.1607 220.9644 201.2977 177.5364 181.4139 75.7711 55.4133 50.82 42.7037 53.7855 202.8813 116.3482 129.1074 207.7296 234.822 240.6665 285.6717 277.9299 253.4948 308.4896 328.9575 411.1691 627.9377 605.6615 773.1305 897.9319 978.968 625.1243 501.0345 536.0726 581.6999 508.4666 558.6437
768.1523 688.2804 659.9225 653.2516 655.2424 663.2824 680.6909 686.183 697.689 737.0726 776.8761 833.5133 942.4525 1072.8578 1134.6924 1208.0829 1207.978 1357.6688 1262.7067 1294.1199 1237.036 1270.5559 1027.0189 788.1895 721.4355 474.7398 427.2018 394.7369 343.2393 291.7483 274.0235 230.0884 270.0522 159.8492 184.3783 190.0751 260.3687 236.9233 301.1461 377.9946 439.3416 390.5617 391.8829 354.2075 361.5323 396.7307 677.5724 370.547 377.3447 453.8882 539.0826 632.5662 690.1378 724.8576 592.5841 547.4652 556.0693 672.4885 526.0314 495.8428
779.0193 786.2259 707.3992 672.3793 673.3554 687.5288 687.2049 692.5185 722.3984 762.9886 814.6676 859.981 927.044 1039.7615 1210.4705 1459.6846 1448.8934 1534.0386 1508.5482 1316.443 1225.9166 1072.0002 1006.2877 1032.6815 806.889 788.046 846.11 732.6583 527.7319 427.7718 453.9565 467.1002 326.1867 393.2369 412.0041 411.8642 463.9475 621.6979 460.2343 594.0191 646.5082 678.3651 547.036 482.275 474.9044 493.819 502.7662 522.2261 443.1676 456.8399 498.7177 561.0812 633.9537 680.2584 667.0383 612.8059 655.9679 641.0746 636.2914 569.0373
737.1514 726.1613 711.6706 697.09 704.8588 717.5803 727.0466 739.7679 767.6376 795.5622 825.0654 885.7469 940.2133 1007.551 1116.5248 1235.5918 1324.9204 1460.75 1562.4039 1411.6821 1228.2522 1040.7775 1110.9224 1215.8547 1380.9497 1288.5914 1099.1052 1030.6093 854.3812 946.8983 1081.6932 690.2744 525.5188 561.68 571.9897 637.8773 630.7828 769.9627 634.861 774.9103 847.8994 821.4884 731.5853 643.1992 882.8079 1088.3483 965.1873 920.6319 544.5233 540.5667 590.4267 803.4262 998.0366 851.4769 753.698 720.4341 683.0545 703.5823 713.0424 906.3904
757.9679 747.2176 730.8614 737.5316 742.114 751.2369 764.1462 780.1083 816.2446 918.6628 999.8077 987.6891 1030.9552 1066.4937 1084.0846 1187.5533 1270.8618 1337.3695 1416.5322 1471.6705 1424.0513 1373.8623 1159.0759 1206.0795 1364.3855 1253.4329 1083.4979 957.9976 1012.5388 1083.6252 1082.3136 1064.7507 1003.7291 818.9059 692.2035 820.4622 766.7579 764.2748 803.0632 1168.5609 1646.6608 1429.6952 1157.7893 1327.6125 1365.8196 1365.4551 1097.1855 972.0632 801.2863 705.3357 764.699 1059.2974 1175.4038 1165.5048 986.8475 1004.4685 1031.797 783.6279 798.5328 831.4391
789.5431 776.7383 757.7186 771.6188 800.8177 814.3647 797.7585 834.7705 880.3146 988.4536 1044.5488 1284.7258 1308.0276 1235.9836 1172.7264 1185.606 1265.3083 1343.6798 1383.0313 1524.5529 1551.458 1557.6506 1474.0736 1425.9974 1330.9474 1438.1234 1150.4673 1003.6738 981.7305 1013.71 1051.1168 1022.9197 950.5018 926.1816 915.265 954.6679 1055.8782 1052.8855 1252.3019 1688.9922 1640.0991 1671.6392 1442.2832 1405.5254 1385.3153 1275.3191 1232.4733 1432.0103 1281.5394 1164.6249 1074.4001 1056.3405 1058.3881 1060.3669 1104.6414 1143.4475 1146.7742 958.6751 930.8411 995.1075
831.6259 858.0835 901.6603 923.1023 883.5399 905.4388 885.2054 915.6267 961.5792 1009.5127 1131.0728 1233.2021 1328.9446 1350.3052 1420.9502 1432.0853 1462.3967 1481.6263 1510.0527 1506.3661 1600.4159 1615.4709 1572.575 1549.1349 1550.5436 1485.2637 1295.167 1179.5239 1076.6262 1073.4761 1090.7217 1056.6832 984.0179 1018.1018 1091.449 1167.993 1199.7384 1344.0441 1441.0042 1581.4325 1513.712 1444.7675 1414.6079 1285.7069 1322.7626 1196.8059 1141.4203 1190.8499 1123.8763 1243.2788 961.5518 985.6071 984.1624 987.9199 1009.1597 990.2856 1050.8441 1134.6592 961.2774 985.9346
897.0681 982.2963 1008.2001 1133.6835 1099.1617 1057.0546 1007.3871 1145.0129 1158.4077 1172.9391 1358.3949 1441.3794 1617.8934 1541.3075 1740.3682 1911.4414 1826.1976 1750.0695 1709.3364 1683.7794 1657.6824 1646.9747 1593.1134 1574.5116 1525.5543 1439.4327 1360.0127 1308.0161 1234.8065 1161.2999 1172.0208 1120.8433 1063.3466 1109.7059 1162.7906 1208.2778 1258.7263 1316.5353 1343.088 1451.8013 1484.4766 1364.6041 1292.7563 1208.335 1173.0094 1140.8318 1092.1831 1052.1077 1009.8104 1014.9742 961.4672 904.5328 903.666 907.1713 915.3431 921.8501 984.7744 1243.849 951.426 953.2872
1005.1542 1049.6146 1098.8119 1127.047 1157.0337 1200.5206 1439.3589 1567.8585 1470.1387 1673.6846 1786.1406 1746.443 2048.3662 1858.9816 1864.0471 1886.9471 1867.4608 1760.4965 1715.8143 1648.6157 1609.7235 1568.3765 1539.2589 1565.983 1569.8052 1519.1486 1451.5872 1417.1003 1360.7544 1291.7496 1278.0128 1196.2115 1208.0488 1163.5544 1270.0438 1263.0172 1203.9355 1222.4637 1311.2103 1247.1321 1298.7604 1271.5948 1232.8097 1166.5604 1129.5845 1088.6206 1046.2593 1005.6538 962.9962 922.8039 895.8979 861.4656 836.2942 830.9724 843.3388 919.7662 942.1522 924.0337 959.4344 860.1865
1349.4696 1466.5392 1485.819 1573.1707 1540.6287 1467.9078 1684.161 1982.0792 2060.1008 2239.3826 2380.7542 2075.3159 2165.2178 2066.4463 1875.092 1842.8434 1832.3834 1791.7251 1770.0688 1700.8525 1638.9208 1575.869 1510.8739 1564.5001 1555.7217 1520.4032 1463.7412 1413.7307 1368.0599 1342.9973 1290.8693 1299.0911 1234.1334 1164.127 1209.0676 1137.0266 1132.0692 1145.4299 1165.1428 1166.4462 1135.03 1146.6929 1146.0671 1158.5546 1108.308 1063.46 1022.7255 984.5873 935.0977 889.0154 860.0167 829.0127 792.6675 774.676 789.2366 804.2273 789.0144 778.3162 771.6873 820.1788
1868.5078 1928.6094 2095.6709 2318.7297 2047.5468 2036.0216 2115.2256 2072.7556 2053.2317 2208.7471 2286.8149 2028.3668 1648.6974 1741.3452 1945.0061 1715.4325 1736.2227 1742.7338 1795.7985 1789.608 1690.3203 1595.2255 1512.8649 1494.2303 1483.5541 1448.1982 1417.1459 1420.3917 1394.8796 1336.2306 1288.947 1248.9807 1203.4252 1180.5747 1101.7678 1108.3118 1070.5632 1070.313 1086.9125 1079.1771 1067.8025 1058.5444 1069.212 1103.7955 1110.3943 1062.4655 1010.1467 985.5862 919.9664 871.3741 833.0963 795.1619 760.7583 746.5445 738.3345 737.5756 713.599 724.8338 719.8581 721.0157
2393.0525 2178.887 2329.1636 2489.571 2149.5657 1958.1827 1986.9882 2000.9399 1910.2898 1476.6173 1829.4231 1841.1215 1580.6953 1623.5157 1733.6146 1670.9375 1729.1938 1774.2311 1749.3016 1815.9479 1742.9921 1648.396 1564.0677 1480.0675 1429.673 1394.5723 1361.6379 1359.438 1350.453 1336.9268 1278.8605 1225.5466 1189.2739 1143.793 1109.2697 1058.7015 1033.7474 1013.6653 1007.7648 1012.2055 1002.7863 998.7217 1004.3253 1046.2671 1088.6377 1083.3374 1027.66 971.5071 917.3622 873.0477 830.5382 789.7237 753.5903 730.3802 711.2155 694.0014 673.5151 672.1039 678.2946 670.0228
2070.3013 1994.1888 2017.5474 2456.7527 2684.7158 1992.2874 1843.9083 1750.8737 1840.2679 1427.3922 1568.6925 1578.5182 1633.9518 1448.4366 1555.5592 1832.4924 1657.4301 1686.6964 1674.5956 1744.4659 1747.7104 1707.9749 1634.9182 1570.8932 1516.2343 1452.9052 1377.9908 1324.901 1296.6622 1273.1503 1258.5021 1252.9982 1185.2472 1124.5021 1087.3484 1052.6855 1019.6964 997.0476 978.2532 961.9654 952.6521 947.691 956.8247 989.7017 1025.6212 1055.5458 1066.7659 1021.2748 955.7512 892.5142 845.9277 792.1594 764.7703 747.2035 731.1125 719.8425 684.095 684.7278 658.1161 637.8265
1826.567 1856.8424 1882.2273 1987.5973 2228.2141 2022.7722 1615.6232 1690.1398 1851.4158 1351.8306 1459.4546 1458.8572 1415.8086 1547.3882 1406.9539 1660.1226 1628.1938 1553.4558 1589.8368 1714.5492 1694.8217 1658.0253 1596.804 1599.059 1528.6851 1482.2806 1445.3978 1352.9637 1288.4496 1256.6085 1225.168 1202.8251 1183.7275 1152.13 1106.5848 1063.8284 1026.5464 1007.4085 987.4261 961.6393 934.4304 914.7362 918.89 932.54 956.6719 1000.8981 1046.6177 1041.9441 992.8408 964.5313 871.3688 881.9819 989.2795 871.5932 869.1959 982.1417 1021.2953 988.1752 722.8799 647.8563
1804.7865 1686.2084 1860.9756 2037.2864 1961.5448 2034.5416 1624.9524 1531.5607 1755.6185 1545.1945 1348.6431 1624.6578 1264.6788 1593.8987 1390.3293 1527.3267 1739.0255 1481.2909 1520.2214 1632.035 1660.5906 1616.951 1554.0051 1562.4165 1497.8473 1464.3756 1416.512 1360.3921 1308.5812 1268.9825 1219.6558 1190.6624 1169.4843 1133.3229 1104.6207 1076.5812 1051.1807 1032.5848 1012.7869 974.9268 939.0137 908.2081 891.2412 880.1044 899.7268 945.3846 998.5494 1045.2404 1041.6757 996.5244 955.7421 894.8243 917.8672 1002.5125 993.0145 891.6778 812.2552 812.546 796.2193 667.6324
1637.2664 1352.1279 1764.8208 1760.1094 1689.4673 1919.6635 1544.8464 1430.0581 1641.9166 1455.7051 1305.7904 1520.8221 1312.2605 1432.8774 1487.5231 1359.7484 1517.9606 1547.9294 1423.3302 1512.542 1565.9058 1542.0728 1509.03 1514.3015 1461.0339 1411.8461 1428.3285 1410.837 1365.8442 1326.0792 1276.1384 1250.2791 1196.6184 1157.507 1137.337 1122.6141 1117.5282 1109.635 1070.0303 1005.3881 954.8909 910.5618 878.6096 858.4112 849.6986 898.871 958.2435 979.7282 994.4767 1009.5547 998.6257 974.1896 936.5171 869.5613 846.1299 825.7344 769.1794 725.3345 687.8144 649.9326
1441.9869 1677.1826 1678.2797 1484.2408 1574.6361 1500.4487 1437.3888 1316.371 1530.9667 1473.0499 1182.9092 1419.9502 1314.4076 1368.4352 1648.4958 1416.3922 1332.243 1452.6396 1430.5326 1411.3197 1489.1578 1523.2065 1464.1349 1492.0027 1438.5565 1371.0891 1401.4307 1379.8502 1357.1138 1339.2307 1305.075 1260.8619 1219.6365 1188.7438 1174.3542 1158.5225 1136.3003 1106.9252 1084.9539 1036.6201 981.1399 929.9462 887.9013 846.277 832.7419 862.8607 898.4165 911.8233 923.1597 931.1454 942.7194 954.4217 934.0707 857.8323 856.5911 787.2723 785.7021 724.6473 689.0085 651.0601
1298.5212 1513.3741 1689.6295 1310.1943 1431.1709 1634.9666 1344.7921 1283.6125 1445.6366 1299.647 1318.6798 1455.9373 1381.6073 1274.5557 1549.6482 1495.1941 1256.6775 1357.6177 1504.9452 1348.3878 1365.9912 1510.4044 1437.0803 1405.4207 1381.0201 1335.8842 1338.5554 1340.2925 1291.8246 1295.0635 1288.5795 1263.2876 1218.786 1170.9966 1144.0125 1129.7368 1111.2585 1090.0887 1065.3175 1042.4581 1010.1702 966.646 912.2766 863.0093 822.0135 814.9816 840.5496 842.6902 848.1455 848.7033 844.0407 901.416 944.6232 920.9138 876.487 813.3184 760.8418 746.6438 716.3564 687.8471
1376.6589 1367.5325 1404.7495 1219.8348 1396.8958 1301.6997 1320.4542 1312.1854 1348.0712 1214.1655 1248.1147 1442.9141 1404.4187 1193.2727 1419.0698 1432.3267 1345.8848 1185.5652 1327.5698 1437.4329 1287.4618 1351.8912 1431.1926 1402.51 1332.5826 1289.4497 1285.9956 1265.0077 1252.9879 1217.3184 1247.6429 1246.5319 1220.7445 1180.7853 1137.6443 1102.6932 1085.8529 1069.5897 1047.8936 1027.6028 1003.087 966.6998 925.5359 878.5983 826.2828 796.7751 804.1734 793.7422 791.8126 782.8774 789.019 832.6022 868.8573 854.2456 884.6269 858.0528 876.1392 848.2509 761.0421 728.944
1401.7286 1360.3298 1315.1332 1418.4141 1334.5891 1243.7982 1324.1792 1033.2515 1245.4929 1156.8865 1321.1113 1361.312 1373.95 1072.0795 1323.7344 1374.1902 1329.1272 1204.5734 1185.4313 1319.8571 1306.4001 1257.33 1410.1945 1400.9662 1357.0251 1320.6937 1261.145 1211.6388 1194.9589 1168.3848 1203.5295 1225.905 1192.0404 1168.6538 1142.609 1104.4617 1062.3925 1032.924 1018.0672 1008.9869 990.9186 964.3707 933.4793 892.4538 846.6139 797.6944 771.6581 768.8698 798.1138 786.5274 777.757 794.7131 821.2231 807.621 796.8441 822.714 835.6925 820.6918 801.7584 798.7687
1453.8955 1338.0017 1277.5906 1313.3822 1091.311 1170.3306 1341.9667 1188.5497 1129.8849 1123.9552 1227.9011 1301.8822 1337.1967 1200.5133 1210.161 1252.3727 1271.4048 1199.4095 1110.3829 1197.1584 1300.5348 1221.3464 1222.4792 1338.6266 1364.5089 1279.886 1262.0448 1248.4133 1194.3832 1140.9791 1130.4802 1172.7971 1154.8218 1137.8055 1114.1267 1087.5845 1053.7731 1015.5364 980.6527 967.9305 954.7136 936.601 918.049 895.7346 875.8688 827.6007 790.5937 762.2556 763.4436 763.8887 752.7284 758.0529 769.983 754.1963 748.1387 779.869 806.5941 837.703 833.1638 845.9572
1438.1379 1254.9293 1327.2683 1319.0188 1047.4749 1255.1616 1231.8669 1160.8192 1095.5735 1027.635 1173.3333 1267.8528 1340.6722 1176.9183 1017.2886 1203.2937 1226.4707 1355.4039 1135.8179 1118.2045 1214.3601 1218.8225 1171.2643 1236.5094 1331.2771 1307.9315 1218.163 1264.5332 1221.6007 1186.0465 1105.4006 1082.4709 1076.6876 1069.7039 1054.946 1046.0952 1025.01 1000.586 968.6921 934.2797 912.1458 895.6665 882.9195 865.3453 870.9194 864.1789 839.5735 809.9385 772.3168 737.9816 723.1155 735.823 748.1917 725.926 723.1324 728.6849 736.8715 747.6394 751.6561 766.0027
1192.5204 1237.0083 1302.4252 1282.3394 1155.1555 1309.1906 1160.8434 1164.33 1080.2986 1057.0625 1130.5752 1279.9552 1241.5907 1104.6971 1024.5815 1079.2504 1221.4822 1334.9519 1215.0938 1041.9708 1140.5078 1152.2582 1140.972 1139.246 1244.9396 1275.951 1212.8427 1257.146 1239.3748 1167.8239 1123.5979 1068.4041 1018.9225 1005.452 992.6954 989.9659 980.5797 965.7714 942.1799 920.5369 896.9074 861.1342 844.2772 835.6015 840.0523 846.9388 861.2528 833.1147 802.4656 769.702 736.3378 704.9061 707.4791 711.2637 684.0986 705.3982 711.688 699.2565 699.5824 706.6509
1300.5398 998.1555 1308.1077 1190.3899 1208.6587 1254.4363 1122.8582 1062.7726 1016.3562 1048.0055 1179.3558 1216.5222 1250.995 1088.255 947.8879 1014.5699 1222.2153 1245.9998 1224.2089 1069.7811 1020.4194 1080.8906 1099.0861 1089.8885 1107.7141 1227.0833 1192.1399 1197.7786 1229.1191 1199.8691 1157.2488 1113.1458 1042.7426 989.6512 938.9057 931.5062 929.2634 942.2022 920.6135 889.6894 866.3068 849.83 834.3351 806.9483 801.3832 809.0673 829.0275 829.7165 816.5081 794.2085 759.0423 719.6469 684.969 669.8648 669.5102 663.8908 675.246 681.2144 663.8238 672.8307
1381.6968 993.2731 1072.8005 1248.7141 1065.9436 1136.1088 1055.0952 955.3311 992.101 1107.9819 1216.1555 1117.8091 1199.4138 1121.6876 865.2223 960.1185 1163.3284 1232.2549 1145.2195 1137.2782 991.7365 1027.8673 1015.5236 1056.448 1053.5605 1090.4792 1123.4796 1138.7267 1225.78 1207.5118 1170.0692 1120.8329 1058.918 1012.5303 954.3439 889.5886 894.1653 915.8925 900.0674 859.6559 817.6307 813.8115 820.9863 810.2977 781.1714 767.0795 770.0685 777.6728 779.7535 784.0996 770.8207 747.2997 720.6088 676.7486 653.1912 637.1882 643.0456 646.2513 656.0199 647.163
1223.9039 1190.3345 1074.5464 1307.3673 1138.7159 1029.6633 999.1974 891.7361 949.7678 1058.0009 1077.8702 1045.8223 1072.2823 1040.5828 833.2289 901.8981 1094.5774 1128.2571 1052.7487 1115.892 1044.9272 934.1904 929.9617 1002.2036 1026.1067 996.1177 1007.8795 1070.9701 1159.402 1180.736 1152.448 1108.7614 1050.9922 990.6299 956.8125 886.6569 849.98 876.4365 866.7957 846.5748 800.2645 773.9871 780.3969 784.3343 769.601 751.8109 739.0283 732.4548 725.7245 736.7479 740.6544 740.8848 740.7993 710.5211 701.1399 669.5059 628.8547 613.4615 625.9904 629.0972
