Resources/Map/Lvl0_30x30/Ele_DF.asc
ncols         335
nrows         335
xllcorner     -3295000
yllcorner     -3375000
cellsize      10000
nodata_value  -99999.0
[rows 100 to 124 of 335, columns 171 to 227 of 335]
-2944.906 -2802.5813 -2697.5471 -2768.0693 -2986.5464 -2547.9707 -2340.231 -2671.4414 -2713.9919 -2543.8354 -2424.4253 -2366.6082 -2250.7986 -2189.3286 -2216.0298 -2611.4155 -3027.6985 -2977.6519 -2938.3 -2850.2983 -2843.886 -3022.1228 -3135.6411 -3092.7317 -2989.7981 -2989.1768 -3176.0393 -3325.9587 -3255.9658 -3196.7725 -3269.7637 -3306.2356 -3380.8833 -3461.9329 -3446.6843 -3651.1389 -3775.7654 -3735.4971 -3707.7966 -3674.0662 -3631.708 -3741.729 -3880.2271 -3876.0972 -3893.4675 -3552.9502 -3372.7241 -3520.0261 -3564.9124 -3605.3079 -3708.7046 -3741.7339 -3702.3279 -3605.9878 -3613.522 -3787.6516 -3824.2385
-2843.2578 -2569.0166 -2518.572 -2513.198 -2924.2903 -2594.9226 -2482.1057 -2744.011 -2797.9167 -2574.4124 -2442.1917 -2354.6519 -2377.2881 -2092.9934 -2263.625 -2709.8101 -2674.3003 -2465.5688 -2753.7427 -2884.6394 -2905.7312 -2929.5339 -2920.6152 -2923.6052 -2933.5957 -2993.127 -3171.219 -3334.3945 -3378.5359 -3311.1204 -3396.3013 -3467.1406 -3493.4482 -3545.0916 -3504.512 -3626.2039 -3745.259 -3833.0425 -3753.3772 -3609.0676 -3524.9114 -3550.147 -3705.5723 -3729.8359 -3885.6643 -3709.5562 -3468.0442 -3426.0771 -3523.3667 -3712.3477 -3728.5408 -3668.1272 -3594.0093 -3604.3584 -3603.3035 -3800.2764 -3878.3105
-2628.8601 -2391.7092 -2859.7668 -3002.9324 -3118.2334 -2695.6465 -2540.8276 -2595.5222 -2469.6477 -2402.2766 -2338.0798 -2136.6304 -2285.7583 -2102.7952 -2286.9016 -2623.0403 -2558.7505 -2543.9453 -2926.6248 -3035.575 -2961.9971 -2882.9204 -2943.8569 -3081.7915 -3162.0261 -3187.0508 -3265.2454 -3365.2766 -3418.9568 -3394.1941 -3409.6687 -3366.1396 -3346.4783 -3562.0161 -3670.5068 -3585.5195 -3523.2478 -3745.4614 -3888.3044 -3693.4197 -3534.2666 -3482.7009 -3600.1938 -3710.6792 -3854.8525 -3575.1746 -3437.3918 -3473.3855 -3495.2107 -3683.7471 -3650.501 -3545.8196 -3402.5803 -3570.875 -3571.5447 -3738.8884 -3878.3987
-2993.8972 -2853.8523 -3268.0271 -3542.4768 -3487.9392 -2937.4934 -2777.5857 -2660.2737 -2210.0288 -2235.9146 -2191.6021 -1912.6418 -2141.7988 -2259.6702 -2393.2781 -2656.6616 -2770.4399 -2721.4172 -2891.1318 -3047.3286 -2993.7854 -2939.1699 -3057.0107 -3196.0522 -3288.6816 -3243.8315 -3194.6978 -3352.1438 -3425.8933 -3444.2703 -3440.7131 -3356.1711 -3371.0693 -3564.0698 -3618.8687 -3435.4028 -3260.6479 -3445.7305 -3861.0806 -3795.6824 -3664.5771 -3671.9221 -3623.7041 -3669.2373 -3740.7346 -3397.4102 -3310.5581 -3415.3474 -3432.3308 -3580.397 -3508.408 -3407.0591 -3226.2046 -3477.8354 -3706.5728 -3693.45 -3840.2017
-3148.8025 -3114.8445 -3191.449 -3335.2781 -3305.916 -3099.6372 -2942.5549 -2716.2129 -2257.2085 -2258.5957 -1969.4043 -1757.3485 -2041.0167 -2331.3723 -2427.1643 -2664.25 -2781.8052 -2587.0791 -2582.2754 -2902.3379 -3026.3708 -3018.9226 -2996.5862 -3001.8079 -3165.4998 -3197.0317 -3026.1582 -3180.7209 -3333.1011 -3349.3628 -3365.5659 -3405.2971 -3474.8315 -3527.7124 -3415.8618 -3331.4998 -3302.4155 -3350.094 -3706.2253 -3718.6406 -3748.2712 -3761.6689 -3599.3159 -3534.7668 -3590.4966 -3324.0229 -3182.5122 -3353.8625 -3399.449 -3480.4905 -3385.3215 -3265.9026 -3323.3315 -3519.1919 -3613.2532 -3330.7405 -3590.2844
-2869.7612 -2863.0007 -2685.6807 -2767.5972 -2962.533 -3131.2039 -3003.8164 -2684.0723 -2603.7583 -2683.3672 -2265.6614 -1784.8428 -1815.9611 -1982.0352 -1851.2422 -1860.655 -2006.4954 -2569.6833 -2771.9785 -2982.6772 -3174.5762 -3168.6614 -2861.6763 -2324.5271 -2347.564 -2758.9319 -2884.4038 -2996.7737 -3184.5027 -3261.2058 -3238.9805 -3312.1694 -3376.1267 -3410.4871 -3356.2917 -3283.0447 -3337.5049 -3325.1348 -3455.2407 -3551.033 -3681.7246 -3511.0649 -3439.126 -3670.2053 -3776.1042 -3452.5527 -3357.8528 -3468.9573 -3467.6919 -3528.1399 -3475.2024 -3431.0342 -3574.3499 -3488.0386 -3354.144 -3336.5049 -3566.6946
-2999.1152 -2896.3762 -2604.2122 -2699.8914 -2955.0488 -3065.4951 -2974.7183 -2593.5042 -2633.3689 -2721.022 -2280.9072 -1963.8015 -1922.9659 -2243.0991 -2071.3994 -1505.6724 -1342.603 -2376.1826 -3007.4919 -3000.8418 -3003.407 -2918.8826 -2343.8198 -1580.827 -1695.1733 -2592.9065 -3084.3503 -3096.6631 -3227.5022 -3272.0825 -3195.7813 -3318.0754 -3352.0007 -3299.7063 -3300.9731 -3275.7976 -3278.563 -3322.0979 -3423.2749 -3478.0911 -3595.8379 -3470.5117 -3528.9968 -3674.603 -3745.6689 -3625.1658 -3697.0225 -3675.604 -3553.3062 -3659.3013 -3581.6228 -3549.6355 -3596.5681 -3392.0708 -3377.9937 -3614.9597 -3727.3176
-2956.6116 -2899.8757 -2708.2363 -2798.5334 -3027.8435 -2724.3135 -2670.0923 -2522.5247 -2471.3508 -2546.9104 -2314.1611 -2129.5295 -2189.5918 -2436.7522 -2550.7754 -2411.7756 -2321.604 -2610.3225 -2864.7964 -2742.9131 -2652.7886 -2715.3682 -2699.0452 -2673.1138 -2824.7598 -3121.2705 -3232.0552 -3097.0344 -3032.0159 -3003.718 -3123.7336 -3336.4746 -3314.9771 -3211.137 -3199.1943 -3209.8308 -3192.9468 -3261.9592 -3449.6108 -3380.9536 -3378.3735 -3571.8484 -3647.1956 -3354.353 -3035.7485 -3399.2876 -3728.259 -3642.0818 -3376.2578 -3764.1511 -3805.74 -3575.9473 -3414.823 -3362.1204 -3625.2212 -3812.5935 -3845.7739
-2930.1648 -2933.3687 -3017.1055 -3017.5471 -2953.5449 -2606.553 -2753.3909 -2687.5024 -2363.616 -2349.1477 -2426.9629 -2301.833 -2355.0833 -2375.5054 -2546.27 -2632.8823 -2533.821 -2599.845 -2732.1904 -2609.7454 -2747.9084 -3058.9028 -3107.5408 -3080.8325 -3073.7522 -3014.0918 -3053.8291 -3069.968 -2974.2024 -3063.3059 -3177.7878 -3228.4741 -3234.7354 -3165.1951 -3232.3274 -3195.3408 -3097.4573 -3149.5874 -3359.543 -3302.1013 -3165.3052 -3375.3037 -3362.8115 -3199.6331 -3014.2024 -3419.4543 -3483.0576 -3424.4202 -3265.7307 -3706.7896 -3811.145 -3505.2339 -3295.6157 -3398.7712 -3684.5562 -3805.1301 -3832.4314
-3148.9724 -3166.8928 -3235.7102 -2835.7913 -2573.8943 -2715.2117 -2867.0364 -2895.4441 -2383.2754 -2119.1514 -2355.9321 -2525.4775 -2537.1714 -2362.5874 -2521.4382 -2641.9663 -2475.9202 -2421.3303 -2626.2795 -2704.3362 -2898.2139 -3163.1724 -3042.1868 -3007.1809 -3089.0427 -3018.0881 -3024.3613 -3101.6096 -3027.6033 -3104.7622 -3128.5969 -3097.6194 -3190.7532 -3167.8228 -3238.6023 -3160.4116 -2945.2935 -2968.9268 -3212.2261 -3363.2007 -3358.0552 -3347.584 -3304.2571 -3479.9277 -3547.531 -3569.4497 -3343.0564 -3351.2051 -3504.0674 -3565.8484 -3460.4624 -3416.2532 -3429.5332 -3605.793 -3794.9272 -3872.0432 -3865.7483
-3186.5562 -3153.2925 -3064.3882 -2467.9968 -2152.6526 -2756.2847 -2781.4177 -2822.6833 -2547.7427 -2140.7861 -2384.9353 -2789.9175 -2677.7979 -2322.9724 -2503.3948 -2511.0784 -2407.1028 -2421.8179 -2643.6716 -2776.1902 -2790.7217 -2714.2083 -2627.9487 -2799.9167 -3013.9927 -3048.6982 -3077.1377 -3115.7346 -3055.6208 -3125.0547 -3094.397 -3065.9773 -3135.4922 -3166.4824 -3207.4265 -3262.5061 -3180.9871 -3139.7766 -3233.0527 -3408.0903 -3522.2866 -3359.4922 -3409.4382 -3682.9453 -3635.2793 -3621.616 -3540.3889 -3472.9707 -3687.228 -3605.0522 -3472.3157 -3389.2656 -3397.3665 -3546.178 -3817.7527 -3953.2715 -3813.1169
-3007.4485 -3032.01 -2891.5591 -2652.0435 -2348.6946 -2688.2007 -2516.1917 -2473.1719 -2597.4063 -2354.2791 -2464.3394 -2863.7839 -2510.5444 -2196.9409 -2498.4199 -2555.1257 -2531.825 -2563.467 -2718.2966 -2779.3811 -2594.8647 -2519.4761 -2632.439 -2780.6824 -2935.9778 -2974.7759 -3073.1692 -3149.9546 -3064.3413 -3118.9595 -3143.3806 -3169.7332 -3204.3027 -3216.7271 -3227.8677 -3306.6221 -3383.7097 -3327.3184 -3209.7656 -3361.1758 -3576.718 -3489.1038 -3477.78 -3688.4309 -3751.26 -3753.168 -3655.334 -3502.1851 -3626.2576 -3578.207 -3611.6882 -3485.033 -3491.0996 -3557.9285 -3765.2092 -3937.4385 -3767.1345
-2946.8159 -3011.3137 -2775.5894 -2810.2383 -2639.9644 -2592.1814 -2459.4556 -2374.3206 -2517.5637 -2469.6204 -2451.6294 -2825.7322 -2533.3511 -2202.4705 -2524.9153 -2637.8279 -2694.2852 -2738.3032 -2776.8679 -2741.2175 -2619.2385 -2716.7141 -2878.5171 -2950.2825 -3053.3452 -3042.9841 -3038.4563 -3144.8726 -3147.5811 -3178.9604 -3211.1824 -3169.8914 -3214.0601 -3292.7061 -3345.7537 -3327.6245 -3315.6492 -3313.063 -3332.5493 -3387.2153 -3564.9189 -3656.6648 -3573.9272 -3541.5376 -3722.8176 -3613.603 -3459.49 -3457.25 -3494.9736 -3571.9146 -3744.0696 -3751.8223 -3832.3459 -3879.4182 -3887.4402 -3919.1387 -4000.1614
-3025.5942 -3142.7402 -2831.5222 -2830.0684 -2790.0396 -2627.7578 -2549.7224 -2491.011 -2487.5706 -2506.9568 -2464.8701 -2823.9478 -2667.6746 -2299.3159 -2608.542 -2651.5181 -2687.4839 -2741.6223 -2736.8149 -2725.792 -2651.7329 -2713.988 -2833.832 -2925.105 -3069.9526 -3153.0505 -3090.0188 -3103.731 -3161.2126 -3219.4878 -3258.6501 -3222.769 -3224.4624 -3300.6812 -3393.8057 -3303.6191 -3015.1467 -3054.5574 -3421.6873 -3372.9309 -3388.5093 -3608.5896 -3597.6577 -3429.2937 -3417.4275 -3279.4351 -3265.98 -3423.6704 -3424.7446 -3600.3931 -3821.3557 -3929.6912 -3921.0037 -3914.8589 -3692.6763 -3541.6904 -3786.5957
-3348.7874 -3269.5352 -3007.9785 -2932.3074 -2818.374 -2825.313 -2775.5532 -2691.3301 -2534.3296 -2492.3809 -2354.9932 -2647.6489 -2792.5771 -2303.9993 -2275.6113 -2486.1218 -2574.7244 -2595.73 -2586.4065 -2710.8757 -2759.6748 -2820.353 -2896.8254 -2958.5969 -3072.2554 -3155.1467 -3121.5713 -3120.6699 -3138.1846 -3196.157 -3259.4148 -3263.0454 -3229.7581 -3279.1553 -3403.3926 -3395.1895 -3195.1604 -3280.364 -3441.4917 -3265.9587 -3340.2964 -3703.2139 -3673.8857 -3551.342 -3332.2627 -3341.9949 -3665.457 -3707.6858 -3595.73 -3681.2886 -3786.5588 -3899.7107 -3784.8245 -3782.626 -3580.5073 -3454.6592 -3713.637
-3224.9268 -3045.7732 -2916.7722 -3035.7339 -2941.5056 -2927.627 -2867.0022 -2742.4006 -2568.259 -2565.9199 -2389.1418 -2709.9839 -3056.1738 -2641.4683 -2282.0332 -2414.0903 -2510.429 -2555.8657 -2649.8335 -2744.6948 -2884.8911 -2972.1438 -2949.7527 -2967.7473 -3100.4722 -3170.4805 -3156.0461 -3174.7883 -3167.6323 -3187.6865 -3241.397 -3267.7385 -3300.6582 -3354.7119 -3477.9143 -3543.105 -3552.8679 -3530.6248 -3432.7004 -3495.1621 -3711.9199 -3774.7166 -3671.0754 -3731.4529 -3630.3711 -3667.6768 -3900.6494 -3731.5303 -3519.9111 -3579.8882 -3615.6807 -3760.3708 -3740.0754 -3869.2029 -3822.9597 -3696.843 -3868.6091
-3010.1536 -2937.3503 -2891.2107 -3020.3389 -3015.1526 -2973.8821 -2874.2649 -2816.0876 -2719.0059 -2612.9897 -2303.2864 -2457.9797 -2928.5256 -2822.4619 -2212.854 -2234.0557 -2431.8313 -2575.8181 -2767.4341 -2781.6113 -2885.9121 -2987.5193 -2978.5386 -3034.9102 -3149.6582 -3208.2937 -3194.9976 -3211.1458 -3196.8325 -3192.8374 -3238.3071 -3329.6865 -3394.8979 -3394.2778 -3458.0151 -3504.2456 -3551.2117 -3627.7148 -3574.4734 -3576.3987 -3673.1008 -3600.2346 -3724.4114 -3788.3049 -3440.9771 -3414.4246 -3664.5703 -3559.03 -3360.4304 -3513.5918 -3628.614 -3892.7974 -4045.2339 -4185.8018 -4127.3252 -4079.8384 -4228.168
-3049.2952 -3025.9988 -3018.2615 -2968.7332 -2944.3149 -2920.2334 -2780.8574 -2794.2588 -2816.1753 -2610.6221 -2225.6082 -2102.1265 -2622.1892 -2854.2529 -2341.5073 -2264.6716 -2569.2483 -2605.666 -2683.6448 -2767.8171 -2837.0896 -2911.2278 -2979.1772 -3100.343 -3109.6602 -3121.3833 -3189.6406 -3214.0537 -3235.7576 -3244.7827 -3218.78 -3304.7898 -3396.1997 -3413.2944 -3469.1365 -3444.6636 -3465.0273 -3666.9612 -3719.2874 -3525.1301 -3552.3518 -3625.1406 -3674.7295 -3727.9495 -3477.3394 -3594.7661 -3964.0781 -4021.2622 -3705.0713 -3924.8308 -4162.3662 -4359.5625 -4494.6694 -4603.4087 -4466.6318 -4390.3896 -4348.2969
-3043.7004 -3044.5386 -3110.8369 -2954.1865 -2913.0032 -2876.0127 -2777.9446 -2803.3896 -2862.1194 -2710.3047 -2424.6404 -2234.1956 -2753.959 -3084.4939 -2724.2319 -2675.7708 -2832.5774 -2667.9971 -2670.4771 -2829.1252 -2909.4885 -2881.283 -2914.9695 -3089.7695 -3077.7295 -3087.1548 -3142.3391 -3126.6113 -3121.4756 -3184.3325 -3175.3833 -3243.7842 -3315.6846 -3371.6731 -3420.0676 -3441.5544 -3431.8352 -3576.012 -3714.9668 -3518.5989 -3599.4009 -3813.2017 -3628.3396 -3732.4155 -3831.0588 -3962.1384 -4289.1543 -4442.1929 -4281.728 -4319.8623 -4375.4058 -4355.1382 -4240.6938 -4217.2192 -4074.9954 -3954.0247 -3918.4297
-3009.7449 -3121.292 -3200.2009 -3054.7607 -2992.1877 -2910.8242 -2877.4197 -2914.2634 -2776.1162 -2552.3301 -2484.614 -2489.012 -2911.9341 -3056.6233 -2777.1921 -2895.6448 -3006.2637 -2893.6829 -2882.8093 -2892.2061 -2907.9536 -2914.2927 -2949.6411 -3090.8425 -3084.5996 -3073.4636 -3054.3176 -3083.6367 -3114.48 -3227.6804 -3225.2649 -3250.9585 -3286.79 -3407.958 -3417.4036 -3481.8433 -3409.572 -3433.519 -3654.531 -3651.8022 -3711.0664 -3921.8308 -3863.7302 -3898.8 -3918.7917 -4082.4043 -4221.3364 -4279.3691 -4105.2095 -3949.114 -3851.7405 -3792.8054 -3692.7561 -3736.3596 -3820.3972 -3932.9854 -4081.2356
-3081.6423 -3201.2278 -3214.6726 -3127.1077 -2996.5581 -2825.7268 -2796.4265 -2812.5469 -2614.0833 -2405.9629 -2560.8037 -2757.678 -3016.427 -2989.3862 -2515.4543 -2528.9819 -2720.0779 -2890.3748 -2903.7939 -2758.6079 -2790.0476 -2908.4382 -2918.5884 -2983.5725 -3009.5771 -2959.9617 -2930.134 -3087.2854 -3202.0864 -3333.2246 -3358.5664 -3359.9426 -3375.2952 -3457.4839 -3471.9597 -3568.3677 -3478.2678 -3469.5845 -3689.436 -3785.2012 -3794.1609 -3986.3459 -3980.1274 -4119.644 -3836.5964 -3664.9412 -3716.1367 -3804.0215 -3798.4604 -3809.5337 -3847.0049 -3855.0076 -3895.6904 -3974.8904 -4185.3833 -4320.4224 -4360.8394
-3158.8 -3197.8389 -3157.6948 -3109.8682 -3032.7351 -2866.9067 -2868.7488 -2770.5588 -2836.6873 -2823.8394 -2943.3315 -3029.7986 -3118.2107 -3113.3105 -2555.0359 -2288.4307 -2407.915 -2571.7681 -2606.8447 -2620.0115 -2737.9502 -2760.4216 -2699.3994 -2835.9795 -3037.2297 -3101.3337 -3089.8843 -3200.4839 -3318.2908 -3442.3022 -3481.0229 -3480.9458 -3455.1941 -3466.2151 -3503.45 -3607.9783 -3649.9563 -3702.2405 -3788.2527 -3538.9441 -3554.4619 -3906.7212 -3871.5107 -4010.9453 -3896.0603 -3696.4575 -3900.3909 -4140.9243 -4251.002 -4324.1797 -4397.4434 -4291.3257 -4218.3916 -4212.7402 -4297.9175 -4278.1611 -4227.813
-3104.884 -3092.1431 -3075.5779 -3077.6453 -3088.5237 -3018.1257 -3022.679 -3012.2937 -3226.2861 -3142.1013 -3002.9341 -2697.0659 -2796.7275 -3156.7412 -2887.8953 -2532.825 -2443.4941 -2474.3577 -2619.1448 -2740.4678 -2860.5046 -2864.5015 -2821.9282 -3000.8145 -3267.5684 -3379.1411 -3383.2039 -3424.4304 -3502.5261 -3564.9727 -3555.407 -3552.5376 -3515.8884 -3487.6948 -3575.3906 -3638.2532 -3696.6611 -3750.8513 -3721.0696 -3383.7722 -3488.1853 -3863.8262 -4129.522 -4315.939 -4386.582 -4273.125 -4367.9482 -4465.0244 -4506.374 -4457.2422 -4382.749 -4176.603 -4022.3274 -4010.1821 -4055.6604 -4045.7651 -4078.2668
-3028.582 -2980.9609 -3044.8608 -3034.5044 -3098.8923 -2984.7393 -2890.8865 -2884.5107 -3070.0295 -2852.3953 -2695.3433 -2464.8892 -2704.8455 -3145.4102 -3144.0105 -2840.5823 -2669.7397 -2728.0913 -2989.9363 -3113.0132 -3251.1997 -3347.0061 -3378.6611 -3440.4956 -3522.4958 -3534.2234 -3521.0574 -3543.0569 -3530.0525 -3511.4282 -3502.627 -3534.1299 -3529.2869 -3513.915 -3610.8728 -3677.6121 -3718.9951 -3734.0415 -3752.0908 -3759.8237 -3819.4363 -4036.5276 -4414.4927 -4496.1953 -4456.5693 -4397.0332 -4254.2979 -4230.0513 -4260.0889 -4224.4258 -4177.625 -4103.3394 -3967.5066 -3922.8262 -3898.2808 -3963.7969 -4096.3706
-3043.7815 -3019.207 -3182.7976 -3094.2817 -3107.5 -2933.9514 -2756.1177 -2800.1313 -3019.9851 -2707.6655 -2570.5205 -2647.2327 -2887.3525 -3213.7014 -3386.2393 -3216.5959 -3184.7505 -3257.448 -3473.5544 -3581.5303 -3645.481 -3677.0554 -3645.7781 -3598.688 -3541.3027 -3472.5913 -3432.4041 -3460.8757 -3444.1265 -3444.7786 -3476.4597 -3549.0459 -3556.9409 -3561.2073 -3675.7234 -3811.4851 -3844.1482 -3805.4592 -3861.5266 -3956.2109 -3967.6956 -4135.9893 -4289.6782 -4207.4473 -4058.1946 -3950.3508 -3964.1304 -4032.9138 -4014.3611 -4031.4338 -4117.541 -4207.1548 -4116.2778 -4023.343 -3859.686 -3947.1912 -4203.146
