Resources/Map/Lvl0_30x30/Ele_FG.asc
ncols         335
nrows         335
xllcorner     55000
yllcorner     -10075000
cellsize      10000
nodata_value  -99999.0
[rows 286 to 311 of 335, columns 120 to 179 of 335]
98.9895 97.5385 96.3263 95.0408 94.2185 92.8489 91.3871 89.7441 87.9627 86.4689 84.6506 83.1401 81.1667 78.9749 77.5035 75.6842 73.45 70.9508 67.9014 64.2328 60.0786 55.8003 51.0705 46.9695 41.8241 36.9782 32.1259 26.37 21.8871 16.6932 11.3928 6.6616 1.9674 -3.136 -8.4058 -12.494 -16.5407 -19.9682 -22.8442 -25.6648 -28.1248 -30.2981 -31.2122 -32.103 -31.7685 -31.4785 -30.6719 -29.3966 -28.0759 -26.4238 -24.9051 -22.4062 -20.0422 -18.0337 -15.8355 -13.4111 -10.6839 -7.9693 -5.216 -2.5275
66.2157 63.6582 61.453 59.3302 56.9109 54.2384 51.5659 48.4626 44.9425 41.4587 37.7641 33.9504 30.1453 26.4508 22.6219 18.832 14.7506 10.8281 6.4603 1.476 -3.6342 -8.2898 -14.001 -19.3498 -25.0804 -30.8492 -35.8703 -41.6172 -46.2769 -51.6743 -56.6015 -60.5172 -64.3706 -66.991 -69.9612 -72.1347 -73.6823 -74.8277 -75.4749 -75.0053 -74.3414 -72.5869 -70.5774 -67.8911 -64.685 -61.2414 -56.4684 -51.9535 -46.6678 -40.6126 -34.4913 -28.1175 -21.2847 -14.6829 -8.3679 -2.3945 3.7756 9.61 15.1686 20.3305
51.4473 48.1107 45.4035 42.1517 38.8533 35.3827 32.3166 28.8197 24.7316 20.9458 17.5084 13.2216 8.6524 4.2058 -0.3731 -4.612 -8.5281 -12.5148 -16.8475 -20.4216 -24.0363 -27.1056 -30.9302 -34.8256 -37.0958 -40.3065 -43.2185 -45.7668 -47.3805 -48.6152 -50.0773 -51.2138 -51.7026 -52.0708 -51.1406 -50.1625 -48.2103 -46.258 -44.223 -41.5282 -38.7186 -35.232 -31.4417 -27.2109 -22.472 -17.709 -12.799 -7.5753 -2.1853 3.373 9.4596 15.4578 21.6818 27.9059 33.9604 39.5021 44.7041 49.7127 53.8371 56.7896
57.7965 54.1089 50.9617 47.2162 43.7854 40.084 36.7487 33.1461 30.0293 27.1367 24.0706 20.6501 17.4271 14.1221 10.9431 8.2011 6.0883 3.7171 1.4185 -0.1756 -1.3192 -2.6005 -3.73 -4.7769 -4.4684 -4.3603 -4.3852 -4.1124 -2.8948 -1.839 -0.5196 0.8266 2.5079 3.8653 6.5655 8.6259 11.0649 14.0705 16.5386 19.5151 22.0122 25.1398 28.4218 31.3879 34.9898 38.1658 41.4888 44.7854 47.995 50.4202 53.0128 55.0213 57.4392 59.5643 61.0019 61.9068 62.2933 61.6415 59.9663 57.3953
74.5175 71.7124 68.3257 64.8134 62.078 58.8088 55.6121 52.357 49.7438 47.5479 45.1772 42.8065 40.9768 39.0651 36.8814 35.2504 34.1028 32.8727 32.1972 31.3975 31.0928 30.8565 30.7732 30.7732 31.0306 31.9202 32.3643 33.8769 35.2719 36.328 37.6497 38.9983 41.0149 42.3773 44.0618 46.0734 47.4444 49.0903 50.5529 52.6951 53.5064 55.1817 56.7924 58.2127 59.6419 60.5633 61.9484 62.7014 63.4677 63.6657 63.3817 62.5419 61.4777 60.2715 58.4142 56.0013 53.4253 49.9831 45.1402 39.8693
89.5762 87.4432 85.2246 83.253 81.1004 78.752 76.4036 74.0553 72.1597 70.1664 68.1025 66.7762 65.6109 64.0259 62.8035 61.9494 60.4855 59.203 58.8542 58.159 57.3505 57.1519 56.6173 55.8995 55.7474 55.4127 54.7463 55.1596 54.8747 54.4612 54.7063 54.3366 54.2155 53.8101 54.104 53.9807 53.5672 53.1538 52.7743 52.4887 51.2113 50.6714 49.3983 47.8642 47.2046 45.6607 43.9292 42.4937 41.0582 39.0163 36.1067 33.8112 31.4705 28.7087 25.808 22.3988 18.615 14.6725 9.8646 5.0268
97.2677 95.9636 94.7481 93.6315 92.3275 91.0235 89.7195 88.1035 86.5123 85.2282 83.9164 82.8944 81.8724 80.2873 78.9897 78.0822 76.8865 75.7622 74.4384 73.2699 71.7285 71.241 70.4797 68.8904 67.9337 66.3662 65.2192 63.8066 62.0799 60.9808 59.5385 58.4885 56.7557 54.9946 53.5074 51.7453 50.0337 48.8786 46.5415 45.285 42.7733 41.4409 38.7473 36.5449 34.5367 31.6786 28.9027 26.8586 24.5725 21.8497 19.0721 16.6963 14.664 11.9198 9.5937 6.7791 3.8008 1.5784 -1.2458 -4.2992
101.1676 100.6852 99.9023 99.3871 98.365 97.343 96.6259 95.9354 94.7688 93.7468 92.7247 91.7027 90.2771 88.7696 87.6366 86.1617 84.8466 83.8245 82.1293 80.7805 79.0412 77.3727 76.2225 75.0014 73.3235 71.3289 70.1343 68.2408 66.1967 64.3852 63.062 61.3083 60.0068 57.2332 55.9323 53.9239 52.6078 50.8452 49.2768 47.5247 46.0637 44.9502 43.4602 42.1785 40.8343 39.493 38.3548 36.7766 35.923 34.738 33.8403 32.8011 32.3268 31.6608 30.7935 29.7522 29.1029 28.7189 28.1775 27.545
105.0712 105.0019 104.839 104.4963 103.4743 102.7492 102.2929 101.4082 100.7338 100.1319 99.1099 98.4863 97.2926 95.8116 94.7895 93.6265 92.5132 90.9912 89.5451 87.9133 86.4908 85.2314 83.5643 82.359 81.1499 79.2553 78.0607 76.1671 74.1231 72.782 71.7403 69.7586 68.6963 67.207 65.4338 64.9336 63.9489 63.4251 62.3766 61.1488 60.2481 59.8725 59.0056 58.7683 58.72 59.1237 58.989 58.6593 58.8384 59.1949 59.1071 59.2701 60.0548 60.4983 61.1063 61.8017 62.1937 62.9784 63.7631 64.5479
111.5275 111.2917 110.7379 110.9364 111.2404 110.8014 110.2312 110.0162 109.8964 109.4215 108.3995 107.4866 106.8792 106.123 105.563 104.8686 104.3434 102.963 102.1237 101.2135 100.1274 99.1053 97.322 96.0613 95.0392 93.8431 92.7848 91.5794 90.3424 88.575 87.4863 86.2624 86.0071 84.2091 82.9829 82.1658 81.2136 81.1217 80.0997 79.185 78.8785 78.1757 78.0032 77.8263 77.2654 77.4239 77.1948 76.6343 76.7046 76.8447 77.1434 77.7185 77.9335 78.055 78.6196 79.2654 79.7759 80.3774 81.4683 82.3867
116.246 116.1897 116.0574 116.122 116.246 116.173 116.0574 116.0574 116.0574 115.5826 114.9638 114.7711 114.6804 114.1174 113.6804 113.566 112.9814 111.9065 111.4919 110.7967 110.3567 109.5641 108.3985 107.9672 107.121 106.0989 105.0769 104.0549 103.0328 101.8382 100.8002 99.7782 99.7379 98.5456 97.5236 96.5016 95.5494 95.4575 94.4354 93.439 92.5799 91.5918 90.9264 90.8841 90.5381 89.7088 89.0602 88.9264 88.9264 88.6372 88.1862 88.3034 88.3034 88.3034 88.3913 88.8883 89.3997 89.4919 89.701 89.8689
116.1667 116.1667 116.1667 116.1667 116.1667 116.1667 116.1667 116.1667 115.7893 115.2542 115.1667 115.1667 114.7158 114.2395 114.1667 114.1667 113.5375 113.0581 113 112.3048 112 111.2607 110.8731 110.1805 109.8658 109.6954 108.8172 107.7952 107.5177 106.5844 105.5624 105.3401 104.5153 104.3327 104.1409 103.1587 102.9418 102.1514 101.8861 100.8641 99.9737 99.6533 98.8334 98.8334 98.5872 97.5652 96.8334 96.8334 96.8334 96.774 96.3514 95.8334 95.8334 95.8334 95.8334 95.9148 96 96 96 96
112.5793 112.8346 113.4345 113.4345 113.4345 113.4345 113.4345 113.4345 113.3689 113.2896 113.2896 112.8458 112.3561 112.2896 112.2896 111.7705 111.3433 111.2896 111.2896 111.1889 110.5314 110.1826 110.1448 110.0314 110 110 109.877 108.9837 108.8552 108.7226 108.5746 107.7449 107.5682 107.5655 107.5398 106.5655 106.5554 106.4207 106.4042 106.14 105.2759 105.2498 105.1311 104.9395 104.2403 104.0923 103.9863 103.9863 103.7004 103.1311 103.0763 102.9863 102.9863 102.9863 102.5873 102.1311 102.1311 102.1311 102.1311 101.6379
109.6115 110.2827 110.3689 110.3689 110.3689 110.3689 110.7274 111.2459 111.2459 111.2459 111.6818 112.0592 112.4745 112.877 112.877 112.8024 112.7541 112.7541 113.3445 113.6311 113.5429 113.5081 113.5081 113.5081 113.5081 113.5081 113.5081 114.1653 114.2622 114.2622 114.2622 113.3025 113.2622 113.2622 113.259 113.1392 113.1392 113.1392 113.1392 113.1225 113.0162 112.8583 112.1392 112.1116 112.0162 112.0162 112.0162 111.7424 111.0981 111.0162 110.6844 110.1392 109.7687 109.2622 108.7957 108.2622 107.8144 106.918 106.5081 105.9315
109.028 109.3695 110 110 110.3278 110.8989 111.3077 111.8989 112.3059 112.7978 112.848 113.3653 113.8525 113.8989 114.4248 114.7978 115.3633 115.6966 116.3698 116.6966 116.6966 117.3612 117.5955 117.5955 117.5955 118.3393 118.4944 119.3659 119.4944 119.4944 119.4944 119.3973 119.3932 119.3932 119.3932 119.3932 119.3932 119.3932 119.3932 119.3932 119.3932 119.375 119.1105 118.3932 118.3932 118.1522 117.4944 117.4628 117.0928 116.4944 116.116 115.4944 115.4517 114.9937 114.0279 113.4944 112.9838 112.4405 111.8947 110.9177
109.9207 110.2193 110.9207 111.2362 111.8704 112.2768 112.8738 113.3174 113.8773 113.9207 114.3783 114.8826 115.4188 115.8414 115.8878 116.4797 116.8913 117.5203 117.8948 117.9207 118.5811 118.9001 118.9207 119.642 119.8414 119.907 119.9207 119.9898 120.8227 120.9207 120.9207 120.9207 120.9207 121.8414 121.8414 121.8414 121.8414 121.8414 121.8414 121.8414 121.696 120.9207 120.9047 120.8414 120.8414 120.8202 120.7622 120.4747 119.8149 119.7622 119.3838 118.7622 118.7622 118.3177 117.7252 117.2331 116.7217 116.1925 115.7182 115.6372
110.2607 110.9597 111.3022 111.9622 112 112.3867 113 113.0247 113.4843 114 114.4969 115 115.0311 115.5881 116 116.0349 116.0574 116.0948 116.7494 117.0574 117.0986 117.8117 118.0574 118.1024 118.1149 118.8948 119.0574 119.0574 119.1087 119.1149 119.1149 119.1149 119.1149 119.1723 119.1723 119.1723 119.1723 119.1723 119.1723 119.1723 119.1632 119.1149 119.1149 119.1149 119.1149 119.1149 119.1149 118.8026 118.1149 118.1149 118.0931 118.0574 118.0574 117.613 117.0574 116.5689 116.0574 116.0268 116 115.4565
108.081 108.3947 109.0826 109.4372 110.0712 110.0849 110.1068 110.5222 111.0873 111.1068 111.1244 111.1423 111.6641 112.1268 112.1423 112.1423 112.1423 112.1423 112.1663 112.8484 113.1423 113.1687 113.1779 113.1779 113.1779 113.2074 113.2135 113.2135 113.2135 113.2135 113.2135 113.2135 113.2135 113.2135 113.2135 113.2135 113.2135 113.2135 113.2135 113.2135 113.2135 113.2135 113.2135 113.2135 113.2135 113.2135 113.2135 113.2024 113.1779 113.1779 113.1779 113.1779 113.1779 113.1621 112.6925 112.1605 112.1423 112.1423 112.1423 112.1218
102.0824 102.0865 102.0962 102.1009 102.4696 103.0962 103.0962 103.1021 103.1099 103.1099 103.1099 103.1099 103.1174 103.679 104.1099 104.1099 104.1099 104.1099 104.1099 104.1195 104.1237 104.1237 104.1237 104.1237 104.1237 104.1237 104.1237 104.1237 105.0049 105.1099 105.1099 105.1099 105.1099 105.1099 105.1099 105.1099 105.1788 106.0962 106.0962 106.0962 106.0962 106.0962 106.0962 106.0962 106.0962 106.0962 106.0962 106.0962 106.0962 106.0962 106.0962 106.0962 106.0962 106.5345 107.076 107.0687 107.0687 107.0687 107.0687 107.0687
93.9757 93.9757 93.9757 93.9757 93.9757 93.9757 93.9757 94.403 94.9676 94.9676 94.9676 94.9676 94.9676 94.9676 94.9676 94.9627 95.5886 95.9595 95.9595 95.9595 95.9595 95.9595 95.9595 96.7429 96.9595 96.9595 96.9595 96.9595 96.9595 97.8751 97.9595 97.9595 97.9595 97.9595 97.9597 98.015 98.9595 98.9595 98.9595 98.9606 98.9676 98.9676 98.9676 98.9676 98.9676 99.2336 99.9618 99.9676 99.9676 99.9676 99.9676 99.9676 100.39 100.9676 100.9676 100.9676 100.9676 100.9676 100.9676 100.9676
91.1498 91.1498 91.1402 91.1198 91.1198 91.1198 91.1198 91.1198 91.1198 91.1198 91.1198 91.1198 91.1198 91.1029 91.0899 90.5009 90.7301 91.0899 91.0899 91.0899 91.0899 91.0899 91.0899 91.8498 92.0599 92.0599 92.0599 92.0599 92.0599 92.9481 93.03 93.03 93.03 93.0301 93.0841 94 94 94 94 94.1319 94.9748 95 95 95 95 95 95.2815 95.97 95.97 95.9807 96 96 96.4098 96.97 96.97 96.9847 97 97 97 97
96.6359 96.6579 96.3176 95.6734 95.6734 95.6734 95.6522 95.6216 95.6216 95.6216 95.6216 95.6216 95.6216 95.0877 94.6431 94.6216 94.6216 94.6216 94.6216 94.6216 94.6216 94.6216 94.6216 94.6216 94.6216 94.6216 94.6216 94.6216 94.6216 94.6216 94.6216 94.5719 94.5698 94.5735 95.544 94.5698 94.5698 94.5698 94.5698 94.5698 94.7196 95.518 95.518 95.5296 95.5698 95.5698 95.5698 95.5698 95.5698 95.9076 96.518 96.518 96.518 96.518 96.518 96.9812 97.4662 97.4662 97.4949 97.518
109.2339 109.6588 108.9574 108.9574 108.9574 108.9574 108.5787 108.0628 108.1047 108.1047 108.1047 108.1047 108.1047 108.1047 107.5627 107.1783 107.2246 107.252 107.252 107.252 107.252 107.252 107.252 107.252 107.252 107.252 107.252 107.252 107.252 107.252 107.252 106.4336 106.3992 106.4027 107.3017 106.3992 106.3992 106.3992 106.3992 106.3992 106.3992 106.3992 106.3992 106.6068 107.3256 107.3256 107.3256 107.3486 107.3746 107.3518 107.3992 107.3992 107.3992 107.3992 107.3992 107.3992 107.3992 107.3992 107.913 108.3256
121.8231 122.2074 121.5729 121.6057 121.6684 121.6684 121.6684 122.0993 122.6684 122.6684 122.6684 122.718 122.7639 122.7639 122.7639 122.7639 123.3931 123.7639 123.7639 123.8303 123.8594 123.8594 123.8594 123.8594 123.8594 123.9384 123.9549 124.0381 123.9651 124.0423 124.0504 124.9184 125.0487 125.0504 125.0504 125.055 125.1459 125.1459 125.1568 125.2414 125.2414 125.2414 125.2607 125.3369 125.3369 125.3369 125.3369 125.6491 126.0345 125.7546 126.3369 126.3369 126.3772 126.4324 126.4324 126.4324 126.4811 126.5279 126.5279 126.5279
126.8827 126.8827 126.8827 127.2253 127.8827 127.8827 127.8827 128.2629 128.7653 128.7653 128.8236 129.3407 129.7653 129.7653 129.7653 129.7653 130.3206 130.648 130.727 131.379 131.648 131.7347 131.7653 131.7653 131.8598 132.613 132.7653 133.6369 132.9766 133.7983 133.8827 133.8827 134.8644 134.8827 134.8857 135.0422 135.8827 135.8934 136.1006 136.8827 136.9012 137 137.1783 137.909 138 138.0315 138.1173 138.3929 139 139.0418 139.1173 139.1173 139.5397 140.1173 140.1173 140.1747 140.6853 141.1798 141.2347 141.2347
123.9123 123.8707 123.7731 124.068 124.6339 124.6339 124.6339 124.6339 124.6339 124.6339 125.0616 125.4947 125.4947 125.4947 125.4947 125.4102 125.3555 125.3555 125.935 126.2163 126.2163 126.8527 127.0772 127.0772 127.7705 128.0531 128.0771 128.8274 128.938 129.7261 129.9293 129.938 130.783 130.7993 130.9602 131.7988 131.8085 132.0171 132.7988 132.8177 133.074 133.7988 133.8269 134.1309 134.7988 135.0296 135.7 135.7988 135.7988 136.1551 136.7988 136.8545 137.3016 137.8606 137.938 138.3585 138.8698 139.3964 139.7988 139.879
