Resources/Map/Lvl0_30x30/Ele_EC.asc
ncols         335
nrows         335
xllcorner     -13345000
yllcorner     -6725000
cellsize      10000
nodata_value  -99999.0
[rows 125 to 149 of 335, columns 0 to 56 of 335]
-4188.8735 -4384.0684 -4444.6401 -4350.8965 -4408.9941 -4448.9736 -4317.2793 -4154.0947 -3979.4504 -3883.9199 -3873.2002 -3888.8457 -3925.2341 -3943.0588 -3904.9468 -3858.0427 -3874.3547 -3921.4641 -3958.2864 -3950.3503 -3784.0298 -3645.8633 -3704.7415 -3803.1931 -3877.6912 -3853.6575 -3786.4685 -3754.145 -3725.5984 -3660.9995 -3627.781 -3601.0649 -3468.5505 -3387.2236 -3437.7883 -3512.6099 -3514.8044 -3356.7827 -3367.738 -3445.3887 -3570.9692 -3564.1575 -3452.769 -3415.6179 -3333.9314 -3316.1892 -3237.5176 -3171.2761 -3317.3218 -3352.2634 -3217.8518 -3179.8521 -3154.8838 -3212.0825 -3232.3008 -3163.9897 -3136.1472
-4194.6387 -4267.5552 -4381.0703 -4292.7578 -4247.7036 -4211.6025 -4105.7949 -4022.0388 -3869.884 -3829.8184 -3905.3003 -3903.9612 -3927.2498 -3991.0532 -3961.9219 -3935.5149 -3921.3342 -3861.7776 -3910.2605 -3997.5608 -3891.4263 -3759.8071 -3784.4292 -3828.3875 -3848.3635 -3829.3916 -3784.7175 -3801.7065 -3801.8728 -3635.2498 -3475.8311 -3472.4333 -3405.574 -3364.3464 -3372.824 -3391.7209 -3386.3064 -3252.7834 -3340.3865 -3452.7937 -3517.1021 -3504.3389 -3403.561 -3424.844 -3413.6997 -3378.8105 -3320.4563 -3190.7092 -3279.4563 -3332.637 -3225.6475 -3213.521 -3152.457 -3096.1682 -3109.2363 -3085.3779 -3045.9124
-4100.6899 -4147.7192 -4277.5381 -4171.2598 -4005.2754 -3878.0537 -3936.2759 -4040.2129 -3997.5991 -3960.6016 -3945.4829 -3862.7734 -3863.1104 -3975.9751 -3994.158 -3928.9526 -3829.6184 -3771.0491 -3810.2644 -3894.6667 -3895.2766 -3760.9685 -3743.6189 -3814.7354 -3798.2251 -3755.7373 -3710.0913 -3752.9138 -3781.2749 -3654.9929 -3600.4541 -3690.1025 -3693.7397 -3613.0417 -3437.4341 -3314.3169 -3342.4939 -3437.2913 -3443.4741 -3417.6006 -3478.9197 -3491.5552 -3430.1594 -3436.9512 -3481.8552 -3486.2007 -3452.2998 -3392.2244 -3391.7412 -3357.0645 -3336.0425 -3361.615 -3256.887 -3123.9563 -3119.6802 -3088.6985 -3096.4822
-4082.1887 -4127.6436 -4223.5039 -4232.2236 -4125.6724 -3970.5876 -4095.7029 -4226.2368 -4189.6284 -4042.3062 -3887.0518 -3839.9312 -3870.9919 -3923.6013 -3923.9319 -3853.1006 -3773.0435 -3797.3096 -3828.7566 -3849.1907 -3837.9106 -3705.594 -3676.5669 -3750.4749 -3739.679 -3703.8181 -3665.8135 -3708.9473 -3768.6279 -3743.1218 -3785.6111 -3785.4248 -3623.8103 -3472.019 -3384.5164 -3304.9863 -3228.5789 -3383.9177 -3407.3115 -3421.0854 -3487.3611 -3494.2053 -3483.2896 -3370.8264 -3293.3044 -3358.6665 -3387.6973 -3397.8208 -3419.7068 -3375.3901 -3329.9346 -3292.0183 -3301.3152 -3306.6833 -3270.2075 -3211.4646 -3160.9072
-4037.113 -4114.0122 -4136.3516 -4081.5313 -4093.9758 -4062.2839 -4115.1113 -4213.3184 -4143.5127 -3922.9141 -3783.4946 -3828.6052 -3889.5164 -3905.5486 -3874.7952 -3798.2234 -3797.7732 -3851.9458 -3857.614 -3839.5 -3783.1699 -3724.6768 -3695.6079 -3706.4426 -3728.168 -3723.2917 -3720.8333 -3761.3662 -3732.7998 -3639.2947 -3646.542 -3445.6692 -3298.2686 -3387.1895 -3536.4663 -3608.4807 -3539.4407 -3557.8391 -3558.5264 -3595.5608 -3577.7622 -3474.6619 -3550.9128 -3439.9712 -3351.0972 -3426.1401 -3452.3857 -3402.8923 -3454.0862 -3488.7429 -3337.5898 -3157.6021 -3168.4839 -3260.1016 -3204.6975 -3178.8367 -3195.157
-3991.9551 -4128.5361 -4160.1045 -4077.9143 -4109.7046 -4119.2788 -4120.4038 -4147.9263 -3991.8113 -3841.939 -3823.6731 -3869.4412 -3929.2681 -3937.218 -3819.7551 -3747.6755 -3828.9451 -3866.271 -3882.1943 -3887.8542 -3851.7454 -3876.324 -3888.9448 -3863.3394 -3844.7188 -3828.5864 -3828.7566 -3825.1736 -3620.8137 -3366.533 -3414.1174 -3458.0574 -3575.5757 -3657.8242 -3509.8154 -3536.8132 -3637.812 -3639.7664 -3640.6438 -3588.9524 -3500.6489 -3387.3311 -3485.6946 -3474.1997 -3365.9077 -3325.6843 -3345.1003 -3334.5593 -3424.4456 -3511.001 -3542.4546 -3539.9727 -3483.4534 -3396.6204 -3339.2405 -3288.2917 -3304.7585
-4205.6563 -4210.6411 -4119.6475 -4047.4082 -4058.3062 -4059.6177 -4055.7068 -3995.5044 -3849.3245 -3860.1589 -3884.575 -3840.0518 -3895.6443 -3941.23 -3837.0288 -3756.6118 -3750.9543 -3768.4187 -3857.8018 -3850.2615 -3848.1816 -3968.8816 -3979.0308 -3917.5757 -3883.2905 -3837.0796 -3755.7493 -3765.2878 -3666.6255 -3448.0093 -3436.0044 -3454.7979 -3502.2373 -3474.4917 -3151.9683 -3259.2275 -3567.1133 -3627.6702 -3598.8928 -3503.2664 -3448.5786 -3418.8435 -3294.8115 -3087.8459 -2989.5603 -2972.2449 -3061.5264 -3186.543 -3250.1482 -3208.1353 -3364.4895 -3587.0894 -3632.063 -3626.2131 -3689.2158 -3651.658 -3574.5686
-4235.6548 -4111.1597 -4017.0967 -4012.0166 -3995.0615 -3974.8196 -3950.009 -3927.0857 -3908.4773 -3903.6658 -3858.3755 -3892.8552 -3966.7026 -3995.1277 -3965.387 -3881.0413 -3800.8362 -3788.3447 -3842.7395 -3725.51 -3537.8279 -3504.6797 -3473.0647 -3456.5842 -3479.1997 -3426.5168 -3384.6877 -3553.1877 -3592.6094 -3356.9502 -3100.5305 -2968.3059 -3103.5964 -3225.1267 -3143.698 -3316.1792 -3547.0107 -3587.606 -3531.2075 -3486.0498 -3538.9512 -3572.5989 -3466.5752 -3305.7524 -3302.2444 -3309.115 -3439.3101 -3552.4836 -3514.802 -3345.1169 -3279.2576 -3351.6816 -3459.376 -3522.9473 -3516.2854 -3470.5913 -3367.3
-4065.9395 -3943.1204 -3969.0942 -4005.3662 -3911.3157 -3886.7388 -3916.4058 -3940.5364 -3990.5134 -3969.8059 -3881.9314 -3924.2104 -3950.5513 -3913.8538 -3896.8499 -3902.9377 -3958.311 -3973.0581 -3920.1729 -3787.8235 -3604.8748 -3507.53 -3484.071 -3453.0298 -3415.5784 -3457.0012 -3617.9326 -3750.0308 -3773.5591 -3696.5991 -3580.0173 -3571.4111 -3622.0769 -3520.7354 -3345.509 -3465.5652 -3533.863 -3580.4692 -3597.0681 -3519.3831 -3567.7749 -3576.0037 -3454.0547 -3520.0659 -3599.3357 -3563.1865 -3673.3171 -3684.2222 -3571.4097 -3419.6357 -3280.1265 -3308.6504 -3364.2642 -3312.0901 -3145.7546 -3023.4204 -2923.9841
-3983.2715 -3921.6763 -3968.1853 -3981.0295 -3911.0229 -3894.5806 -3900.3923 -3928.7053 -3944.6548 -3928.8098 -3940.7822 -3980.5405 -3988.0068 -3981.373 -3961.3757 -3940.5918 -3969.3496 -3943.8413 -3829.2114 -3797.6396 -3792.2302 -3787.3652 -3861.8613 -3877.1614 -3801.6934 -3799.7458 -3820.0823 -3755.9158 -3751.9668 -3703.8994 -3615.2134 -3610.4609 -3541.5137 -3349.6436 -3263.1265 -3435.2317 -3519.844 -3563.6831 -3527.7297 -3512.8333 -3594.4058 -3495.1504 -3346.3562 -3561.9856 -3668.5757 -3549.5527 -3667.6194 -3693.3572 -3549.5183 -3460.6875 -3380.022 -3436.9121 -3530.8308 -3523.4902 -3446.2605 -3483.0525 -3504.9172
-3999.6299 -3918.3948 -3885.0774 -3953.6758 -3992.9226 -3956.4092 -3908.2097 -3913.7944 -3925.7368 -3955.5168 -4016.9795 -3985.3135 -3854.9536 -3794.3271 -3863.8682 -3876.2949 -3860.3018 -3857.2578 -3757.8845 -3736.5325 -3836.3557 -3905.5879 -3943.4907 -3890.1482 -3751.1736 -3719.5684 -3598.9434 -3378.8242 -3428.5657 -3502.356 -3438.9255 -3344.3376 -3296.5867 -3318.542 -3311.4089 -3349.4519 -3437.9529 -3545.749 -3417.8899 -3391.397 -3523.2664 -3484.3132 -3497.2883 -3590.6321 -3352.8716 -2909.4282 -3044.3633 -3378.0977 -3545.8071 -3593.3486 -3470.1621 -3435.9089 -3507.7454 -3475.9873 -3432.4429 -3500.6602 -3495.395
-4011.0842 -4053.5264 -4104.5376 -4075.1648 -3941.1877 -3907.113 -3933.499 -3972.8096 -3987.8198 -3947.6143 -3915.5403 -3915.0957 -3808.5 -3728.4067 -3825.9526 -3869.8186 -3846.8809 -3851.167 -3816.4578 -3792.3762 -3837.2468 -3790.614 -3725.9214 -3762.811 -3734.1401 -3673.8174 -3627.5754 -3579.196 -3589.4758 -3635.3401 -3619.2456 -3522.3789 -3463.8455 -3439.4307 -3419.9565 -3480.8691 -3423.7795 -3474.478 -3525.2205 -3492.5347 -3524.4988 -3535.0342 -3589.5796 -3560.8574 -3450.4719 -3313.4294 -3315.989 -3356.6653 -3406.3376 -3442.9429 -3416.0872 -3436.5857 -3456.8809 -3335.6077 -3274.7444 -3342.5908 -3333.8022
-4006.0715 -4065.6814 -4047.439 -3973.052 -3912.3611 -3922.0051 -3935.6084 -4015.0039 -4004.6157 -3913.5925 -3806.0615 -3793.3574 -3801.4141 -3786.511 -3861.3398 -3894.9297 -3823.3848 -3773.6001 -3842.1738 -3863.4929 -3774.7832 -3694.6384 -3715.3225 -3773.8564 -3731.7261 -3635.6792 -3640.5339 -3709.0037 -3674.9988 -3692.6895 -3711.9817 -3682.3933 -3661.0793 -3599.8213 -3570.8074 -3598.6941 -3543.9329 -3475.4009 -3507.7832 -3505.5559 -3425.2974 -3225.9954 -3287.5571 -3443.6177 -3591.1042 -3745.1848 -3666.8828 -3510.719 -3462.9023 -3457.8765 -3431.5017 -3351.2478 -3342.6096 -3328.6133 -3318.1995 -3311.2822 -3304.0022
-3953.1152 -4113.5786 -4056.0278 -3986.9573 -3933.2258 -3907.8867 -3917.6331 -3921.5845 -3903.2456 -3853.5532 -3739.811 -3732.3425 -3780.7405 -3759.3455 -3798.2886 -3840.7581 -3811.3008 -3803.8862 -3847.7915 -3808.5413 -3720.7385 -3729.4302 -3744.7512 -3676.3 -3679.9063 -3722.0754 -3707.3438 -3705.697 -3641.3796 -3694.678 -3702.4089 -3622.8943 -3598.1265 -3535.1257 -3494.2954 -3533.3518 -3609.9951 -3607.6541 -3525.3274 -3469.6074 -3439.9529 -3206.5112 -3168.3069 -3402.7749 -3542.3364 -3625.4736 -3514.26 -3416.4707 -3435.3975 -3388.8616 -3275.8411 -3156.0391 -3217.1392 -3315.9492 -3336.4312 -3281.26 -3283.5305
-4018.0417 -4117.7998 -4069.5364 -4052.3235 -3967.6296 -3903.0093 -3920.3994 -3909.9604 -3884.3486 -3828.9751 -3763.3672 -3811.3137 -3891.0872 -3934.9814 -3909.9543 -3884.9292 -3853.3247 -3845.606 -3864.9973 -3834.5532 -3776.0278 -3763.0129 -3733.2498 -3674.7844 -3699.2722 -3779.8206 -3769.7397 -3679.604 -3602.564 -3673.231 -3706.2407 -3686.4517 -3692.1626 -3606.3689 -3516.658 -3529.7627 -3609.436 -3595.9263 -3554.1919 -3589.4639 -3609.1702 -3515.9116 -3562.9836 -3640.3958 -3580.9724 -3519.1301 -3478.644 -3555.4072 -3524.6685 -3416.7014 -3365.0693 -3321.9656 -3338.1301 -3377.7793 -3348.7141 -3281.6323 -3288.1753
-4034.0234 -4011.1145 -3979.3391 -4038.1924 -3931.5786 -3745.9517 -3714.6702 -3815.8792 -3729.583 -3545.3008 -3600.7144 -3775.3289 -3868.7334 -3942.1294 -3933.8333 -3908.689 -3884.709 -3843.49 -3819.2363 -3826.1699 -3819.5491 -3829.3015 -3801.1616 -3718.989 -3651.166 -3709.5459 -3765.0884 -3641.572 -3575.614 -3691.4905 -3734.9065 -3646.6482 -3584.7146 -3555.4651 -3554.9646 -3587.4758 -3586.1646 -3497.2429 -3518.5857 -3568.1384 -3544.7251 -3438.7881 -3453.0876 -3548.6013 -3574.8035 -3500.3242 -3433.1042 -3536.3328 -3497.5657 -3406.1951 -3416.0852 -3428.2813 -3417.8362 -3407.7104 -3332.6956 -3216.1672 -3191.8345
-4064.4497 -3936.8962 -3883.9768 -4004.4944 -3931.4431 -3710.0352 -3605.7368 -3690.324 -3564.5696 -3388.0681 -3576.2288 -3804.7766 -3890.771 -3921.1426 -3857.2424 -3767.5073 -3745.6301 -3758.9524 -3758.1951 -3791.4543 -3826.3442 -3841.8289 -3810.4041 -3758.1841 -3729.6182 -3755.7644 -3765.7515 -3689.1384 -3664.5701 -3716.8403 -3702.6389 -3567.5581 -3546.7744 -3601.7495 -3548.2253 -3469.7273 -3397.1782 -3425.2065 -3583.1479 -3542.5347 -3460.8289 -3563.3572 -3574.0586 -3487.1824 -3435.7683 -3415.3574 -3393.1362 -3460.2039 -3422.2666 -3402.0413 -3370.6555 -3381.4893 -3426.4819 -3370.2346 -3279.8779 -3232.9495 -3198.8574
-4022.0239 -3874.4758 -3819.502 -3990.7949 -4041.397 -3929.7397 -3818.3132 -3809.5911 -3755.3911 -3745.1277 -3873.51 -3891.1641 -3882.5247 -3878.0652 -3812.0862 -3775.217 -3729.2705 -3705.405 -3758.4971 -3877.6929 -3928.9429 -3892.9834 -3836.3811 -3803.9836 -3802.5625 -3808.4189 -3793.9714 -3760.3203 -3734.3494 -3753.0481 -3693.469 -3619.2417 -3641.8755 -3707.0271 -3642.3984 -3534.4395 -3549.5222 -3643.8618 -3677.0894 -3600.5474 -3503.0571 -3593.1646 -3666.3186 -3610.4124 -3497.6714 -3437.4624 -3394.6782 -3451.9414 -3501.1345 -3529.229 -3397.0332 -3341.5063 -3381.4517 -3352.8052 -3295.8286 -3230.05 -3208.3123
-3915.3286 -3902.3701 -3942.6477 -4058.4084 -4063.9324 -3972.1304 -3934.9924 -3950.7952 -3919.8999 -3889.4719 -3862.0908 -3837.6306 -3853.9788 -3890.0325 -3928.6699 -3921.8376 -3850.9434 -3837.0667 -3821.7629 -3862.2947 -3899.6804 -3894.9849 -3849.3896 -3810.1914 -3881.2412 -3904.9209 -3838.2009 -3806.5532 -3787.8875 -3776.7136 -3735.7788 -3710.3403 -3701.6104 -3760.5581 -3720.7227 -3650.6394 -3705.7151 -3727.0623 -3640.2666 -3659.1658 -3640.9009 -3664.5713 -3706.0547 -3698.9814 -3635.0027 -3502.3274 -3409.2952 -3444.6953 -3526.9604 -3513.6453 -3398.0215 -3335.8525 -3295.9482 -3362.6343 -3330.8909 -3257.7073 -3279.9724
-3803.3613 -3886.8062 -3922.8452 -3805.0042 -3583.3262 -3541.9255 -3715.1514 -3862.8115 -3859.7891 -3833.2676 -3812.3752 -3817.8262 -3835.6101 -3877.8027 -3925.1462 -3913.3096 -3907.4631 -3923.3301 -3874.8857 -3860.4529 -3863.5271 -3874.0869 -3853.0918 -3834.9785 -3885.8784 -3891.2234 -3849.4692 -3831.9343 -3823.4675 -3811.5115 -3811.5762 -3789.3618 -3768.6233 -3780.842 -3736.4985 -3690.6021 -3695.0225 -3718.4385 -3716.9958 -3704.6902 -3692.5879 -3687.126 -3641.1909 -3650.2388 -3640.2134 -3555.8152 -3489.0146 -3465.7954 -3487.9619 -3463.6272 -3422.6423 -3365.3655 -3329.9551 -3535.479 -3498.717 -3384.1243 -3360.4807
-3818.0925 -3909.5869 -3870.3865 -3511.5776 -3128.3464 -3408.6436 -3882.4387 -3905.1479 -3743.9111 -3686.8601 -3758.7183 -3780.3992 -3771.9365 -3840.5125 -3825.9336 -3769.123 -3857.0569 -3888.2705 -3810.5637 -3823.3191 -3863.9001 -3855.801 -3885.7944 -3957.5366 -3962.1106 -3913.4226 -3875.6658 -3839.1382 -3827.6125 -3878.3193 -3911.0452 -3839.2683 -3790.0586 -3781.3879 -3726.4126 -3642.1677 -3603.4355 -3657.3271 -3691.519 -3677.2395 -3733.3201 -3671.8225 -3600.9656 -3623.8137 -3603.7561 -3569.009 -3560.1924 -3528.4822 -3487.249 -3458.186 -3478.304 -3513.0049 -3519.5581 -3489.8335 -3412.8792 -3358.2012 -3345.3992
-3880.7861 -3949.479 -3929.5149 -3833.6875 -3740.0569 -3876.4705 -4008.6108 -3896.0762 -3708.2615 -3626.1487 -3708.3499 -3707.5745 -3662.0251 -3744.3083 -3759.3906 -3692.6423 -3796.2786 -3890.7756 -3819.3372 -3805.3972 -3855.5583 -3848.7632 -3867.1541 -3910.1169 -3890.9841 -3878.2656 -3894.2402 -3849.7939 -3821.6841 -3894.8 -3886.8674 -3801.6892 -3778.458 -3730.9675 -3654.9297 -3608.9312 -3567.2163 -3616.5659 -3666.8359 -3713.6902 -3720.2019 -3624.1658 -3584.2158 -3590.8582 -3598.9795 -3587.2932 -3567.8232 -3534.1775 -3476.6633 -3459.0547 -3510.7844 -3535.0615 -3513.4858 -3426.4883 -3367.5266 -3376.8503 -3347.2971
-3769.4866 -3755.4458 -3768.9246 -3810.8606 -3804.6345 -3785.3618 -3827.1079 -3841.252 -3765.0488 -3655.6243 -3646.9839 -3691.6404 -3676.363 -3718.8376 -3750.2156 -3713.2437 -3808.5986 -3904.8572 -3884.438 -3918.1448 -3948.5227 -3928.876 -3901.0696 -3864.0493 -3843.5178 -3853.5344 -3869.1584 -3865.0679 -3831.4263 -3810.3687 -3717.4272 -3708.2754 -3790.2458 -3667.9282 -3595.4624 -3667.2166 -3630.7505 -3642.9639 -3643.5403 -3612.5269 -3587.873 -3566.7825 -3538.1934 -3526.3711 -3545.3462 -3584.1912 -3587.7456 -3529.9221 -3466.5388 -3454.7805 -3504.2424 -3521.6462 -3503.4714 -3484.1558 -3442.3892 -3419.8994 -3380.9812
-3704.7959 -3655.6311 -3696.4922 -3738.0864 -3626.7363 -3563.5759 -3699.6492 -3741.4043 -3737.9895 -3720.5276 -3704.8574 -3731.7341 -3737.4302 -3789.3499 -3817.6448 -3839.5205 -3891.2402 -3757.5923 -3687.5095 -3919.8813 -4039.7021 -3952.3762 -3874.5393 -3839.8235 -3814.9072 -3735.5896 -3718.3494 -3845.4155 -3868.4712 -3772.5632 -3679.4448 -3697.4436 -3795.2429 -3709.532 -3653.1758 -3702.4861 -3636.5635 -3668.78 -3700.623 -3612.7253 -3621.5085 -3598.5422 -3561.0134 -3573.1143 -3551.5208 -3549.1675 -3508.8269 -3432.0571 -3393.7637 -3413.2876 -3471.5774 -3499.0676 -3491.0874 -3493.408 -3492.8176 -3500.8921 -3473.6536
-3707.3435 -3666.9497 -3719.0261 -3819.0837 -3770.4338 -3727.3613 -3837.354 -3808.2031 -3763.1729 -3768.417 -3785.2935 -3744.0525 -3716.5278 -3797.4578 -3830.9302 -3863.886 -3795.3809 -3400.0291 -3271.2256 -3713.9399 -3982.0383 -3856.9111 -3773.6035 -3819.7729 -3830.8293 -3713.0161 -3705.8491 -3862.5686 -3864.4868 -3779.2893 -3734.2388 -3705.9011 -3733.3691 -3719.3362 -3704.3826 -3696.2883 -3671.6392 -3671.207 -3658.5745 -3616.3828 -3695.1155 -3676.5994 -3616.7104 -3611.1917 -3519.0769 -3517.3809 -3526.9065 -3434.2307 -3424.6775 -3457.0884 -3450.1968 -3472.3293 -3519.8667 -3519.925 -3522.5842 -3557.4011 -3509.5137
