Resources/Map/Lvl0_30x30/Ele_DH.asc
ncols         335
nrows         335
xllcorner     3405000
yllcorner     -3375000
cellsize      10000
nodata_value  -99999.0
[rows 27 to 53 of 335, columns 0 to 59 of 335]
1460.4639 1519.9667 1531.3044 1463.5205 1296.9314 1310.6565 1327.2308 1499.0579 1453.1696 1331.4392 1272.5533 1236.4591 1175.9108 1133.7382 1139.3146 1136.1133 1268.6997 1251.7622 1282.1964 1267.4467 1291.1614 1211.0026 1235.6084 1250.6798 1187.6558 1141.6362 1227.4164 1201.2607 1238.1968 1209.5345 1264.0896 1198.5878 1187.647 1202.5649 1195.2648 1233.3251 1242.1085 1278.614 1364.256 1374.2446 1403.2324 1458.9515 1428.5374 1475.834 1606.13 1644.0337 1567.8109 1599.343 1658.1892 1730.5977 1760.6493 1779.2268 1776.63 1883.1005 1867.87 1476.8351 1261.5277 1314.5208 1372.4729 822.3525
1473.8505 1523.5658 1439.3105 1373.9703 1305.2266 1393.736 1416.0354 1467.9493 1389.1165 1325.0654 1313.3903 1271.4858 1173.2914 1134.6434 1180.4894 1140.6256 1146.3799 1266.0024 1363.8673 1253.2233 1191.788 1177.9742 1174.9994 1167.0458 1205.8971 1138.8528 1155.0297 1221.1514 1215.395 1188.9855 1234.4874 1241.2201 1218.8499 1203.0206 1236.354 1260.068 1303.5948 1270.3018 1320.4893 1357.2861 1422.0476 1442.2596 1478.2924 1494.8969 1614.0184 1697.0514 1623.5183 1602.3291 1641.0107 1684.5746 1716.6969 1717.4805 1674.6711 1772.606 1683.0172 1439.6749 1430.8617 1718.6738 1877.2227 1348.7943
1508.5752 1542.1058 1465.4174 1354.0259 1367.2145 1340.2865 1461.9521 1328.6582 1321.4263 1291.6903 1297.9427 1228.7015 1168.2406 1151.0693 1185.2996 1209.8253 1306.8658 1231.5181 1275.2828 1254.4845 1208.1786 1202.631 1215.1008 1146.0453 1155.6027 1193.2961 1162.3992 1147.0908 1165.9193 1186.6112 1197.4993 1209.9896 1236.0619 1238.3717 1235.4583 1295.9896 1329.4055 1331.1566 1339.5573 1361.9955 1414.879 1418.2457 1498.7557 1522.1403 1556.4694 1580.6786 1649.2263 1625.3552 1640.2198 1661.6797 1633.5355 1616.6741 1561.1639 1514.0665 1398.0585 1475.8232 1806.8947 2532.2754 2334.1533 1850.486
1572.7723 1406.7791 1354.2207 1457.3159 1449.9072 1384.6696 1383.4949 1301.0917 1278.1246 1253.1165 1241.6696 1229.08 1179.7888 1196.2308 1225.6174 1226.5513 1269.928 1332.4854 1298.3673 1280.6211 1269.5781 1191.2004 1201.2686 1169.3046 1140.0814 1253.0863 1202.1465 1154.5919 1152.3158 1173.8362 1187.9111 1211.1036 1242.4694 1271.4097 1241.6992 1281.8612 1292.8053 1331.2909 1343.6371 1358.9058 1371.0553 1393.1875 1420.5245 1455.9937 1490.5752 1562.3705 1614.3713 1628.5414 1619.3518 1628.8845 1611.667 1556.4917 1494.9429 1388.1986 1343.7285 2064.8486 2572.2031 2490.2585 2556.9788 1176.8075
1583.5608 1395.6097 1403.6272 1570.9344 1400.0635 1392.6824 1315.8928 1242.2338 1339.8728 1280.1447 1214.6642 1240.6284 1233.1724 1240.4403 1264.2656 1289.3042 1292.592 1272.4415 1337.5963 1332.6511 1290.4814 1229.2703 1234.057 1174.3887 1194.3505 1248.1138 1239.3948 1202.0664 1165.9194 1183.6952 1213.5216 1237.5754 1280.0834 1297.3521 1267.7745 1266.0264 1279.479 1304.7263 1308.8999 1337.205 1373.5811 1401.4761 1422.7147 1474.6444 1535.3424 1584.635 1644.6659 1646.8818 1632.0715 1615.4485 1644.7947 1581.8802 1537.5597 1408.0669 1569.9741 2279.2556 2622.8298 2772.5313 3026.7092 1551.2523
1594.2367 1500.0304 1567.3579 1434.0747 1301.7888 1218.5946 1170.0504 1274.4567 1302.1563 1255.4629 1198.6962 1222.7322 1235.2959 1196.9308 1228.7101 1202.6669 1234.2554 1271.9119 1314.6747 1312.2216 1260.348 1209.1761 1171.6403 1172.1233 1216.8713 1207.7411 1217.1813 1221.1273 1170.5173 1167.7687 1194.8933 1223.5339 1229.3278 1293.327 1297.4781 1301.6982 1294.2446 1297.7202 1323.7321 1337.6958 1362.2202 1363.3865 1403.4163 1485.9602 1542.8009 1594.7483 1677.4312 1673.7979 1658.8192 1666.6968 1703.9644 1739.6019 2155.9907 2152.0347 1927.1899 1781.3368 2272.4177 2394.0361 2416.8972 1277.1422
1556.3146 1606.1272 1362.0593 1276.0385 1247.3184 1195.4696 1166.5618 1260.2634 1283.7778 1219.8027 1179.5461 1193.0874 1177.746 1193.3016 1191.6465 1193.0237 1216.7415 1258.6288 1284.0146 1326.3142 1221.745 1177.9227 1224.6766 1188.1584 1150.2124 1177.8253 1220.5503 1221.4611 1186.7281 1170.9938 1187.76 1199.847 1230.5085 1264.5922 1307.9576 1322.677 1333.2223 1322.3627 1292.082 1295.556 1298.6008 1329.934 1393.876 1464.5511 1525.056 1602.15 1625.4089 1670.4156 1677.2947 1679.3867 1712.8247 1722.7769 2037.9854 2449.2454 2219.0989 1827.3961 2004.8254 1828.4835 1841.8461 1061.6211
1319.1321 1443.7368 1387.6659 1320.0566 1233.6434 1193.7281 1152.8242 1239.1466 1267.6932 1187.308 1209.4773 1166.6989 1180.9238 1186.949 1235.2833 1233.0597 1271.9458 1309.0074 1301.7771 1246.4252 1220.0573 1190.2173 1231.1078 1223.6396 1165.076 1180.4991 1172.2212 1178.5636 1167.3879 1171.899 1188.72 1193.1261 1217.481 1221.1604 1230.2151 1253.1298 1269.9019 1245.4938 1243.0676 1236.9771 1261.7645 1273.45 1345.307 1429.1776 1472.425 1553.4857 1604.3434 1657.7256 1693.1282 1668.9141 1605.2726 1483.6147 1195.457 1982.0857 2150.6453 1637.6469 1572.2566 1472.858 1205.6415 1031.8448
1366.4615 1343.6315 1351.1438 1312.6959 1317.2925 1214.584 1137.7561 1179.0721 1189.9131 1194.302 1221.4166 1187.1676 1167.4879 1212.2859 1210.8038 1192.8517 1190.2864 1232.5519 1234.8 1245.6892 1220.6655 1209.5847 1241.3431 1164.5764 1150.3929 1158.308 1171.0979 1160.7092 1165.3965 1172.5847 1189.4905 1206.4939 1185.4252 1196.2509 1191.3298 1194.3685 1200.5161 1190.4634 1203.0125 1211.6716 1201.6313 1246.8633 1296.0774 1363.6803 1389.738 1500.3311 1595.7102 1672.9481 1751.0747 1812.7632 1512.9733 1082.8865 1029.2422 1383.5874 1397.1887 1392.9302 1429.8754 1263.17 970.0182 990.2975
1284.6571 1348.0259 1367.6467 1377.2661 1364.77 1155.658 1136.4022 1168.3525 1160.8673 1196.2229 1222.4556 1186.0134 1164.3972 1197.7009 1247.3663 1182.9312 1177.6973 1160.8336 1182.1987 1198.5039 1219.8926 1331.4817 1183.8733 1164.5643 1154.0566 1158.3745 1173.3844 1182.8708 1192.6174 1188.275 1205.9181 1170.1256 1165.9883 1189.5845 1168.8503 1165.7803 1177.3407 1163.3112 1169.6261 1187.4427 1184.9974 1186.4111 1215.2704 1258.2689 1321.2573 1443.9617 1557.9045 1694.2815 1728.7256 1343.4401 1123.0627 1023 1035.222 1146.8867 1225.7644 1412.6488 1430.1631 1186.2474 953 976.7418
1419.297 1416.7406 1408.0233 1308.3944 1237.682 1137.8529 1124.5394 1154.8959 1176.891 1245.5264 1177.8088 1192.9679 1144.8884 1165.3724 1184.1318 1185.6256 1158.4233 1172.4133 1200.33 1247.0433 1217.1254 1179.5885 1194.6998 1167.6266 1160.0083 1163.8145 1190.4153 1209.061 1213.3956 1200.9968 1181.5994 1136.5806 1160.2058 1184.5757 1187.996 1138.5725 1173.5281 1142.1069 1134.917 1143.2094 1146.2074 1137.6862 1170.8989 1199.1267 1257.0112 1381.0685 1483.0502 1215.6163 1038.1809 1023.431 1023 1023.1377 1137.54 1402.0212 1502.8398 1590.1415 1647.3789 1056.8291 953 970.7553
1362.3655 1322.1711 1320.4163 1291.0835 1136.2144 1117.3907 1110.0942 1112.2462 1139.6587 1215.3903 1161.4325 1142.0736 1161.208 1172.6998 1216.2473 1137.1254 1149.2329 1159.2693 1189.4952 1279.8566 1212.4449 1205.9307 1191.1056 1200.4883 1163.3984 1163.7908 1180.0945 1191.8508 1212.027 1211.9618 1182.1082 1122.3976 1141.9021 1159.4883 1137.2069 1113.5686 1119.7424 1108.7524 1115.207 1114.243 1108.4333 1117.6086 1136.5848 1151.9049 1192.3801 1176.9456 1036.913 1023 1023 1023 1031.8391 1128.5367 1354.035 1528.9482 1716.3502 1839.6162 1745.5288 1014.1478 953 982.914
1348.8726 1293.8579 1227.4415 1134.2241 1124.4916 1162.5886 1167.1135 1096.7078 1130.0613 1135.5828 1125.941 1121.302 1171.1469 1191.955 1134.9176 1178.5586 1139.7802 1199.135 1219.5511 1287.4785 1228.5476 1203.1744 1205.2429 1175.7347 1164.3071 1159.9761 1176.016 1190.1683 1235.8739 1243.3459 1157.7123 1107.5591 1096.4458 1084.9379 1091.2739 1115.2452 1107.4812 1095.6145 1096.752 1096.9489 1091.7334 1079.5211 1092.3193 1089.3442 1064.8258 1047.1431 1023.5668 1025.1115 1045.5332 1101.6567 1263.1344 1325.1531 1451.0114 1539.7645 1789.6172 1841.8728 1352.9854 957.7227 960.5699 990.1559
1305.7083 1350.8068 1237.5807 1228.9349 1237.7778 1217.2925 1169.1492 1102.2474 1095.889 1099.7537 1122.0969 1128.7048 1159.0977 1193.8243 1192.2686 1206.7144 1200.3771 1216.9769 1228.3602 1250.6819 1184.217 1212.0887 1214.5271 1212.3969 1194.22 1174.4806 1165.3601 1171.7522 1188.9802 1145.6047 1100.3429 1071.7522 1076.6497 1067.1749 1106.4314 1098.8798 1111.2786 1089.6066 1088.8988 1075.7025 1057.8726 1055.6989 1052.059 1047.7222 1037.209 1026.442 1037.7576 1081.9091 1198.9294 1336.4532 1344.0441 1313.4215 1468.1577 1753.2675 1844.6104 1970.3687 1344.0132 956.7795 969.2388 993.5674
1279.5435 1288.8293 1179.6066 1313.4231 1249.8396 1236.7927 1121.0439 1105.8044 1089.1992 1108.3163 1093.5217 1147.7667 1131.2042 1109.9127 1148.1874 1211.8113 1234.5969 1221.7844 1203.5212 1192.3552 1278.8837 1233.4332 1226.9124 1220.854 1219.0745 1211.3654 1146.4758 1115.8806 1097.205 1087.0065 1086.8199 1092.0544 1082.5936 1082.5421 1063.9913 1061.969 1052.8375 1058.1567 1065.6837 1048.2986 1041.2542 1036.715 1032.6185 1035.8704 1033.4722 1063.1101 1129.2908 1279.6875 1367.8158 1290.2688 1297.4803 1530.2494 1914.2444 2002.7913 2116.0549 1861.8829 1248.894 976.1772 1036.1479 1075.1464
1138.9452 1197.1721 1169.3243 1169.078 1241.3262 1212.6494 1147.0804 1100.7965 1085.7275 1089.9125 1121.0052 1137.7316 1110.6727 1140.9846 1171.9648 1198.1272 1208.8988 1191.6375 1186.056 1171.0807 1203.3207 1242.5389 1232.9865 1212.6024 1236.7136 1148.5127 1129.9419 1142.1836 1128.2996 1126.0894 1119.7482 1155.0989 1155.7456 1169.558 1131.4282 1127.2915 1082.14 1062.6492 1044.1718 1039.0266 1035.9723 1033.9712 1039.1838 1065.2194 1118.4572 1332.9104 1412.3623 1364.8679 1333.7745 1371.3702 1746.2351 1934.0043 1984.0502 2100.687 2220.4702 1788.3541 1285.3832 1015.4238 1441.1967 1182.6766
1142.7723 1132.2922 1128.9697 1195.0278 1235.4017 1204.0592 1130.3195 1095.1018 1089.9916 1085.4449 1101.3663 1104.0387 1121.7341 1142.9911 1219.8368 1149.3663 1178.8489 1192.8075 1212.1364 1159.4697 1183.699 1204.6421 1196.8606 1204.64 1203.7317 1188.1151 1186.9476 1177.0609 1183.7106 1159.3932 1173.9347 1205.0315 1200.1661 1176.6073 1150.2295 1124.8279 1102.0031 1059.2703 1043.3506 1038.8876 1037.5708 1074.8899 1341.2388 1122.9182 1253.3429 1375.4558 1552.6846 1423.3413 1472.6179 1760.537 1812.4396 1818.2141 1966.738 2093.5703 2218.0015 1866.0836 1155.3818 1152.0144 1208.8025 1174.5433
1230.5787 1118.8661 1198.9318 1235.3392 1209.1042 1174.7585 1150.0168 1096.5024 1085.2959 1088.5735 1101.0494 1106.1453 1105.9192 1120.1993 1157.1097 1136.2604 1136.1174 1179.6467 1165.8208 1213.4509 1170.208 1199.6732 1225.3171 1197.8634 1187.6785 1186.126 1200.6206 1207.8065 1231.8525 1211.4917 1205.6853 1246.6808 1217.981 1191.0277 1135.8309 1123.3812 1079.3235 1056.0542 1044.9847 1039.3193 1084.278 1414.5818 1597.6458 1592.3726 1368.3256 1552.1803 1536.606 1561.1511 1687.7081 1654.6534 1705.8195 1725.5585 1865.0714 2060.1548 1946.363 1620.9135 1577.951 1410.6045 1496.7817 1176.5559
1185.6339 1120.8832 1177.1772 1209.574 1172.4995 1209.0764 1126.0439 1095.7307 1077.1455 1073.0068 1084.5493 1102.4211 1090.9789 1099.6656 1136.8254 1112.6913 1140.5616 1192.8817 1173.5675 1161.9028 1161.3306 1161.8573 1197.2477 1184.875 1197.5496 1201.1219 1230.1012 1217.6066 1242.01 1239.1129 1204.7356 1242.0885 1222.4625 1190.2457 1154.7531 1105.1976 1086.0869 1058.0688 1045.9203 1079.7864 1104.827 1485.5304 1521.8477 1553.4663 1345.3483 1498.1702 1534.5543 1545.8315 1577.6991 1620.6268 1642.2817 1758.5801 1796.813 1617.4739 1616.3582 1584.7843 1390.0385 1636.3365 1288.6917 1176.8855
1113.0477 1162.4883 1213.0155 1151.2356 1191.355 1195.5286 1120.6666 1099.6146 1075.2117 1067.4452 1075.7516 1078.739 1093.0394 1099.7538 1111.224 1102.1714 1125.4971 1134.5198 1228.3262 1193.0447 1216.7767 1192.1187 1186.6577 1260.3866 1213.2634 1192.8195 1184.6166 1203.2397 1220.718 1238.5315 1225.2836 1265.6322 1233.9281 1190.7551 1167.1992 1124.5752 1130.8676 1075.5046 1042.7393 1067.1443 1127.0756 1373.5209 1451.5195 1515.4147 1289.9065 1414.0165 1511.8031 1579.1494 1616.3153 1653.9612 1695.2578 1788.7056 1618.834 1940.9188 1687.6105 1586.1581 1605.7612 1586.1548 1267.1104 1164.5945
1095.7549 1124.4968 1114.2338 1163.1274 1199.7192 1216.5339 1150.5743 1103.8121 1076.8258 1069.3512 1085.7997 1113.8098 1093.358 1117.9802 1092.6876 1115.1239 1101.5135 1121.8837 1141.4709 1165.5403 1285.0863 1203.4709 1180.9668 1205.2678 1216.6637 1173.5632 1214.4269 1211.2804 1234.0187 1246.5803 1241.4291 1282.2285 1230.8635 1191.0648 1186.3772 1172.8481 1167.5721 1049.7451 1044.5634 1079.8993 1151.9741 1360.196 1439.1249 1505.0157 1332.2935 1411.7454 1521.3453 1538.9348 1603.7444 1602.5731 1755.3735 1689.3306 1631.9229 1878.9191 1609.1174 1533.3955 1518.4031 1615.7637 1233.3992 1171.4144
1086.3735 1101.5007 1127.766 1167.4751 1229.9589 1256.7542 1161.6571 1099.413 1070.9738 1071.3558 1071.0487 1076.7836 1080.1083 1089.6478 1081.3052 1127.3274 1142.3406 1119.978 1129.0457 1213.8119 1205.825 1213.5444 1206.9015 1179.1669 1160.8975 1175.0039 1190.5935 1204.4076 1226.6163 1261.6309 1241.4027 1231.6248 1224.558 1219.0701 1197.3032 1146.3762 1062.3984 1042.1606 1045.5532 1091.9486 1221.451 1457.3867 1417.6996 1431.6936 1423.5164 1426.6234 1514.9132 1602.2864 1596.4332 1605.3755 1665.9708 1740.1605 1519.0212 1580.08 1546.8502 1581.8374 1469.6729 1382.5439 1161.0952 1157.111
1104.785 1084.5764 1124.4805 1130.1786 1211.0486 1242.7178 1155.2717 1088.4801 1064.6633 1067.9297 1073.4203 1074.071 1096.9025 1098.498 1089.2219 1098.5052 1122.7301 1184.5426 1136.9644 1140.4917 1185.0566 1240.4834 1211.877 1164.0317 1156.2318 1180.9634 1198.2712 1224.3447 1237.3025 1249.6451 1226.5631 1221.8083 1232.6158 1240.6461 1190.1559 1070.2203 1041.7302 1041.9774 1056.1027 1105.7582 1216.0896 1344.9714 1401.9958 1435.2216 1450.614 1439.6367 1534.4823 1568.5813 1589.7605 1639.0459 1582.038 1480.3981 1480.4623 1613.4004 1600.5729 1563.7416 1501.4927 1559.1888 1321.9017 1195.4984
1168.8186 1104.3647 1073.1437 1094.1105 1142.3115 1123.043 1101.639 1073.0283 1063.3844 1067.5707 1079.6794 1073.571 1089.3882 1093.1415 1106.6725 1113.8478 1126.2109 1153.9198 1212.3224 1174.2327 1140.0975 1154.4 1175.5614 1252.3643 1155.134 1173.8119 1274.2855 1223.395 1236.6993 1239.7023 1214.4761 1195.1455 1236.3416 1199.713 1151.5665 1053.5308 1044.1927 1043.6187 1057.4746 1111.9954 1196.5302 1343.5537 1353.7399 1451.2031 1493.5701 1466.8312 1523.2819 1542.8859 1623.3046 1497.4166 1479.8502 1534.6448 1563.9071 1547.9139 1518.7808 1457.4279 1415.2562 1620.9209 1569.3784 1631.9747
1240.949 1138.0983 1075.0941 1065.8085 1077.3051 1073.8607 1066.2615 1063.7133 1065.8585 1090.6716 1083.978 1092.8531 1081.6733 1097.5444 1113.3485 1123.0338 1126.5055 1127.4071 1131.9333 1203.2705 1147.2003 1169.6458 1141.6942 1217.8329 1183.8428 1206.5455 1233.5144 1254.2468 1248.4845 1233.3082 1204.5952 1194.4346 1196.4658 1185.9139 1164.7118 1047.6018 1041.9166 1042.7017 1056.5945 1103.0814 1206.136 1255.865 1306.9821 1413.7216 1467.6028 1459.0607 1533.0804 1672.2402 1376.3168 1369.3533 1544.8875 1516.4456 1430.6786 1406.3116 1395.3541 1341.3339 1299.5104 1511.7806 1543.7123 1646.2922
1192.1975 1153.8218 1078.353 1060.7627 1057.127 1056.6306 1055.8195 1062.8242 1067.0314 1089.7625 1099.0707 1104.3373 1092.5637 1089.5978 1124.3579 1131.7046 1134.0326 1120.3247 1130.0347 1143.2592 1169.4745 1190.2117 1152.0684 1158.8248 1190.2251 1221.5679 1249.7737 1226.0089 1243.475 1228.2201 1208.1011 1201.1104 1260.3715 1212.8475 1192.4891 1062.408 1041.3186 1038.3661 1058.9431 1099.3003 1148.3704 1168.1158 1241.8977 1313.1438 1383.9786 1519.4589 1585.928 1634.6957 1376.8768 1309.0095 1445.6444 1456.5135 1299.8759 1380.5162 1428.649 1433.3558 1321.692 1322.4694 1491.9163 1554.3297
1119.8436 1136.908 1072.783 1061.2584 1067.421 1094.8019 1072.5236 1078.1306 1075.6853 1076.3005 1096.5303 1105.6239 1092.8419 1084.1733 1105.665 1122.379 1130.8538 1139.0056 1142.9637 1136.4156 1146.5557 1185.1287 1203.8246 1179.3534 1213.2007 1216.3143 1251.3519 1223.0784 1212.2129 1224.3926 1230.2029 1207.7821 1252.8126 1216.7915 1183.2964 1106.0861 1043.1915 1036.9562 1055.2285 1090.728 1122.4344 1165.3186 1239.7188 1311.1248 1427.6803 1552.9961 1556.9899 1572.6449 1489.4767 1263.1713 1372.0193 1345.4364 1258.2207 1282.7627 1280.0392 1494.2522 1332.3217 1266.4091 1346.4691 1284.4558
