Resources/Map/Lvl0_30x30/Ele_BB.asc
ncols         335
nrows         335
xllcorner     -16695000
yllcorner     3325000
cellsize      10000
nodata_value  -99999.0
[rows 286 to 311 of 335, columns 232 to 289 of 335]
-4958.2026 -4858.2988 -4854.2441 -4865.7012 -4831.9375 -4801.1733 -4905.0938 -5051.5586 -5012.2261 -4827.4751 -4778.8521 -4827.373 -4836.1577 -4846.9609 -4838.9067 -4678.2856 -4571.7725 -4701.4004 -4699.0542 -4674.8027 -4607.5171 -4672.0879 -4782.2661 -4771.0137 -4684.3501 -4583.4072 -4588.9673 -4659.2681 -4698.0078 -4674.8115 -4653.605 -4671.3545 -4722.4546 -4720.3774 -4622.2671 -4511.9219 -4517.3872 -4632.1494 -4690.9458 -4625.0952 -4598.9175 -4575.8477 -4581.2729 -4610.9839 -4619.9746 -4565.6567 -4545.9009 -4523.7764 -4553.2075 -4599.0029 -4568.4688 -4529.9038 -4528.4619 -4505.6704 -4461.6357 -4454.27 -4431.2056 -4403.3071
-4944.104 -4836.9502 -4787.9404 -4790.6362 -4784.1763 -4790.8384 -4790.5933 -4834.7686 -4868.644 -4762.1323 -4708.5854 -4714.6729 -4746.8369 -4736.8062 -4764.5928 -4794.4438 -4739.3711 -4632.4829 -4538.707 -4527.8765 -4433.3916 -4556.834 -4711.3242 -4707.0859 -4660.4058 -4561.4731 -4566.6699 -4659.0503 -4689.1636 -4705.2251 -4717.8901 -4709.5059 -4695.9058 -4702.248 -4703.0264 -4701.9072 -4699.8896 -4690.6885 -4691.708 -4670.0073 -4663.0532 -4685.7324 -4651.0942 -4624.894 -4623.7856 -4574.7153 -4560.2778 -4526.231 -4502.2139 -4561.6484 -4573.584 -4521.29 -4553.2734 -4567.5283 -4479.7441 -4411.9541 -4402.9971 -4380.3164
-4810.7695 -4760.1333 -4781.7129 -4784.3442 -4753.6045 -4751.0713 -4724.4819 -4736.3608 -4764.9912 -4718.7666 -4659.2588 -4669.7222 -4691.2363 -4639.0376 -4671.5049 -4734.2666 -4721.2632 -4670.7227 -4594.7368 -4646.9727 -4640.356 -4692.3672 -4735.6455 -4661.5337 -4550.0298 -4430.9868 -4478.6348 -4622.1245 -4698.6392 -4736.2207 -4737.2734 -4704.4102 -4681.9224 -4686.4639 -4692.4771 -4705.27 -4691.9131 -4666.3096 -4661.126 -4664.5967 -4657.5151 -4672.4673 -4660.2324 -4645.9849 -4629.2275 -4570.2231 -4566.0488 -4551.2515 -4514.3408 -4557.6992 -4538.7666 -4512.999 -4498.1538 -4509.0093 -4423.7871 -4305.2173 -4333.8442 -4333.2544
-4759 -4706.752 -4754.4634 -4766.6338 -4733.8076 -4696.9429 -4657.6406 -4670.0894 -4665.021 -4631.314 -4588.0166 -4623.6123 -4659.6108 -4554.2593 -4571.5859 -4656.8721 -4698.6768 -4732.7144 -4644.2666 -4641.395 -4627.8896 -4632.6323 -4592.334 -4422.6187 -4282.3589 -4256.0791 -4449.2964 -4626.2271 -4703.5537 -4736.7144 -4700.0195 -4649.8486 -4627.2993 -4635.5894 -4658.6558 -4710.7119 -4702.688 -4649.6138 -4619.4517 -4656.6982 -4669.772 -4649.2993 -4640.1128 -4645.6733 -4611.2881 -4584.5405 -4579.4731 -4615.6245 -4597.3833 -4561.4614 -4425.9385 -4480.458 -4384.7476 -4258.6196 -4292.5791 -4238.9644 -4314.8154 -4357.895
-4710.7314 -4706.5557 -4712.5283 -4684.1523 -4680.1475 -4674.0366 -4674.3755 -4655.3335 -4651.4966 -4613.1021 -4610.1797 -4609.7627 -4626.6826 -4575.8413 -4603.6982 -4541.6787 -4535.7349 -4538.2485 -4578.8652 -4575.7813 -4570.1978 -4569.8198 -4502.5371 -4344.3418 -4293.2695 -4408.0454 -4582.019 -4617.5874 -4641.3369 -4666.8188 -4615.1997 -4583.6128 -4601.7427 -4639.5542 -4717.8291 -4787.8906 -4707.1382 -4610.2466 -4594.8042 -4592.4902 -4585.1421 -4582.5659 -4536.5488 -4574.5371 -4606.6533 -4620.8994 -4621.54 -4630.1909 -4580.2749 -4503.3184 -4310.564 -4499.0161 -4451.0913 -4352.8062 -4534.2261 -4428.2339 -4322.0322 -4332.2627
-4651.667 -4642.4326 -4629.0586 -4618.7549 -4657.9263 -4641.874 -4671.7642 -4681.2847 -4707.145 -4672.7612 -4683.1831 -4619.7339 -4571.6582 -4600.2241 -4648.2085 -4580.083 -4536.3403 -4504.062 -4520.981 -4584.3223 -4637.1553 -4653.98 -4624.1836 -4629.522 -4618.2896 -4639.9731 -4592.689 -4513.1343 -4513.5737 -4565.6519 -4566.2686 -4501.6948 -4465.4795 -4506.814 -4563.2578 -4541.4619 -4470.2983 -4418.3564 -4412.2881 -4432.6567 -4471.3213 -4500.3853 -4527.5898 -4648.1436 -4640.9106 -4616.6729 -4635.624 -4600.4658 -4476.1777 -4446.2065 -4480.7935 -4594.4121 -4515.0747 -4435.0298 -4584.0767 -4414.8032 -4278.9517 -4241.6284
-4681.7354 -4673.4092 -4652.7002 -4659.5254 -4687.7954 -4663.9644 -4664.811 -4686.8159 -4741.4326 -4743.623 -4768.874 -4669.2866 -4575.0566 -4633.7813 -4673.0122 -4551.8467 -4636.1021 -4661.3711 -4584.9277 -4597.3916 -4645.4971 -4595.7383 -4485.6265 -4512.2671 -4503.1689 -4548.4741 -4506.9624 -4463.3472 -4468.6348 -4491.5288 -4492.7354 -4375.5894 -4284.6147 -4308.3892 -4333.0005 -4327.1406 -4322.0859 -4332.1509 -4350.8442 -4426.6074 -4488.1572 -4501.8975 -4604.3115 -4601.541 -4511.5586 -4555 -4605.0391 -4502.2266 -4375.5576 -4413.6216 -4503.3857 -4595.7949 -4610.7476 -4526.6221 -4463.4424 -4309.7998 -4310.8906 -4050.448
-4774.7676 -4723.498 -4716.4663 -4740.3423 -4724.4473 -4716.3242 -4691.2617 -4680.3286 -4719.9961 -4756.0864 -4748.1958 -4711.9434 -4626.5679 -4576.0337 -4553.311 -4400.3613 -4534.8955 -4585.7964 -4524.0674 -4415.2217 -4406.7314 -4418.8628 -4409.314 -4446.186 -4420.1108 -4385.4214 -4343.2427 -4358.6079 -4374.144 -4339.5488 -4315.2427 -4305.2183 -4311.002 -4322.7612 -4339.0386 -4352.8604 -4383.2305 -4428.2871 -4469.7349 -4383.8042 -4340.9463 -4492.8223 -4496.1685 -4396.1802 -4361.5371 -4507.2134 -4542.4438 -4478.1973 -4350.8389 -4339.0801 -4376.626 -4480.8862 -4529.6724 -4358.231 -4302.0601 -4401.1709 -4375.9746 -4195.2036
-4785.2231 -4666.4248 -4688.0928 -4714.6118 -4663.6602 -4632.1704 -4573.8062 -4535.9458 -4589.5918 -4566.9814 -4520.4365 -4497.2969 -4428.4692 -4429.6211 -4426.3135 -4385.3657 -4392.8989 -4416.853 -4381.7866 -4223.0601 -4146.0391 -4274.3252 -4348.9346 -4329.8735 -4287.3794 -4194.751 -4129.9717 -4206.4009 -4280.1333 -4272.998 -4284.6704 -4366.0146 -4426.1519 -4402.4849 -4415.0796 -4445.8926 -4429.459 -4454.0132 -4469.8877 -4318.0029 -4264.3794 -4432.4971 -4469.4126 -4512.2329 -4479.9678 -4543.0151 -4588.0732 -4504.1445 -4389.9473 -4320.25 -4403.1182 -4523.3589 -4494.4229 -4354.1357 -4236.6133 -4357.1309 -4320.979 -4311.3213
-4542.9346 -4492.1245 -4521.749 -4509.2515 -4463.1338 -4468.0928 -4445.3086 -4453.3101 -4463.4272 -4406.1538 -4414.2202 -4425.8027 -4380.645 -4416.6221 -4430.0938 -4383.8057 -4375.4805 -4321.9268 -4239.6338 -4109.7588 -4053.3809 -4186.7207 -4277.5737 -4284.9121 -4302.7646 -4246.3828 -4173.1377 -4234.0713 -4317.1221 -4340.207 -4358.9312 -4435.3276 -4480.2666 -4445.5176 -4459.9189 -4472.7388 -4452.7788 -4462.8931 -4421.1836 -4338.9458 -4299.7129 -4402.1499 -4445.3501 -4523.3003 -4482.8452 -4527.165 -4624.3857 -4524.0273 -4417.3955 -4338.0278 -4466.6641 -4606.8569 -4431.1802 -4509.4692 -4327.7397 -4342.228 -4385.4746 -4420.4873
-4337.6641 -4401.5 -4446.1211 -4410.5063 -4409.8945 -4502.2939 -4502.1006 -4486.5889 -4494.9971 -4465.4312 -4478.334 -4548.5825 -4496.0825 -4450.106 -4444.6875 -4411.0889 -4414.7681 -4325.0562 -4263.1016 -4195.4443 -4154.2236 -4205.7075 -4256.0073 -4291.5293 -4374.0371 -4339.2036 -4280.5137 -4314.4063 -4377.2983 -4406.0479 -4412.0508 -4455.3213 -4490.6479 -4453.1572 -4439.2178 -4439.8945 -4456.5479 -4461.585 -4425.4038 -4419.8296 -4387.7227 -4399.4976 -4385.1318 -4454.7285 -4476.8994 -4551.8442 -4605.4883 -4488.4404 -4412.4365 -4365.1577 -4418.1328 -4531.7773 -4190.5264 -4545.5967 -4512.8496 -4379.543 -4358.604 -4349.519
-4329.5459 -4430.5845 -4404.8281 -4408.4795 -4489.916 -4545.9463 -4355.2144 -4221.6274 -4410.7432 -4477.313 -4492.5933 -4590.7329 -4632.4722 -4552.8184 -4501.3169 -4482.895 -4474.8599 -4400.6079 -4340.5083 -4269.1797 -4224.1284 -4207.6396 -4229.0864 -4292.2642 -4364.5591 -4320.0508 -4318.3262 -4345.4473 -4372.5571 -4383.8833 -4376.4956 -4404.9375 -4449.2095 -4446.0972 -4447.2422 -4449.6104 -4466.4136 -4443.6318 -4431.2178 -4439.6553 -4444.5645 -4486.0679 -4481.4629 -4482.9263 -4488.6938 -4548.6167 -4545.3477 -4429.9131 -4411.3647 -4402.9707 -4273.6636 -4342.8438 -4263.561 -4440.8496 -4621.8198 -4459.2612 -4264.2437 -4273.3364
-4566.9829 -4556.4141 -4413.0142 -4443.3721 -4513.8188 -4505.6299 -4191.8208 -4076.2969 -4406.2554 -4507.5669 -4502.3374 -4594.7139 -4699.6055 -4607.6367 -4491.7397 -4498.7383 -4507.8809 -4444.5547 -4304.8945 -4263.5464 -4238.5254 -4190.4224 -4218.4985 -4315.7183 -4339.4443 -4309.1143 -4332.9111 -4331.7495 -4344.8633 -4385.3428 -4363.3159 -4347.5942 -4387.7666 -4422.5405 -4445.5513 -4444.7319 -4471.0913 -4452.5117 -4433.7231 -4427.0269 -4452.4277 -4521.6416 -4589.6587 -4574.0347 -4553.2891 -4582.8149 -4539.8315 -4420.7578 -4435.5396 -4407.3081 -4267.5957 -4315.1938 -4376.9341 -4372.1812 -4547.3252 -4576.1929 -4332.522 -4252.8213
-4604.751 -4556.6855 -4461.2559 -4460.5933 -4495.0259 -4544.4663 -4494.4849 -4540.4468 -4592.8003 -4531.541 -4491.6367 -4562.8315 -4640.4556 -4582.7119 -4494.9282 -4501.9478 -4508.6436 -4462.3511 -4315.2007 -4306.2129 -4270.5449 -4216.2466 -4254.27 -4313.6133 -4317.9238 -4304.7109 -4307.793 -4290.228 -4313.125 -4391.4697 -4394.458 -4360.4888 -4390.1421 -4432.3496 -4424.8359 -4418.1846 -4469.3203 -4446.2144 -4457.416 -4466.9741 -4458.4258 -4531.1919 -4614.79 -4569.8955 -4558.3296 -4589.2759 -4538.978 -4419.2168 -4453.2109 -4427.6909 -4409.6436 -4441.0532 -4434.4624 -4371.8335 -4402.7813 -4514.9346 -4396.0449 -4368.9951
-4583.1392 -4577.8696 -4491.8945 -4493.0171 -4508.5474 -4584.1396 -4671.5596 -4655.5845 -4623.0894 -4580.5142 -4541.4795 -4545.8169 -4603.5591 -4568.4526 -4519.3027 -4528.3726 -4503.2686 -4498.7305 -4422.978 -4385.5659 -4334.8638 -4302.479 -4315.8804 -4323.2666 -4317.5425 -4291.1646 -4255.0044 -4237.1807 -4294.4336 -4372.7725 -4389.103 -4377.8013 -4407.8179 -4425.4023 -4385.9478 -4394.3809 -4464.7876 -4458.0283 -4483.3452 -4515.1968 -4465.7871 -4518.7534 -4611.7739 -4559.8657 -4535.7744 -4554.7905 -4518.9585 -4426.1797 -4419.2773 -4425.5127 -4441.9619 -4459.811 -4412.3145 -4398.9595 -4522.23 -4373.2178 -4373.7222 -4409.4346
-4598.2402 -4622.2998 -4561.6353 -4571.938 -4577.8159 -4599.3232 -4586.9868 -4341.2236 -4449.3306 -4600.5718 -4609.8828 -4562.0405 -4602.6904 -4578.5991 -4541.4346 -4541.8022 -4499.5464 -4495.2305 -4469.3784 -4436.0088 -4412.0303 -4395.335 -4362.9165 -4345.0356 -4349.6743 -4312.9365 -4257.666 -4241.8433 -4303.2822 -4355.2749 -4364.9609 -4371.7563 -4407.8628 -4422.3281 -4395.9634 -4401.7051 -4473.6812 -4507.0498 -4504.0391 -4517.0137 -4473.812 -4494.8218 -4583.0254 -4556.3105 -4545.2231 -4520.0742 -4498.5703 -4434.9019 -4389.6523 -4458.8765 -4485.748 -4431.5449 -4393.2354 -4386.4956 -4532.2148 -4376.6338 -4386.8916 -4349.4351
-4591.5742 -4627.103 -4615.0327 -4569.2847 -4633.7593 -4644.8394 -4570.7832 -4329.8618 -4360.2397 -4562.0405 -4581.9229 -4565.0894 -4575.8003 -4570.9414 -4556.9839 -4521.5278 -4474.6445 -4463.77 -4455.7168 -4446.9414 -4440.0264 -4425.9189 -4396.9175 -4381.168 -4390.624 -4362.293 -4317.48 -4305.8096 -4332.9707 -4353.5088 -4357.3813 -4368.5508 -4402.7437 -4421.9893 -4421.5889 -4402.1333 -4463.582 -4507.9063 -4487.5444 -4496.4785 -4488.5327 -4492.3027 -4564.7017 -4560.3281 -4549.2915 -4478.438 -4453.498 -4424.1401 -4398.7378 -4477.8311 -4455.2876 -4384.3657 -4393.7695 -4356.2104 -4430.5078 -4381.832 -4404.0938 -4312.2153
-4505.001 -4552.1836 -4568.5425 -4473.4639 -4573.5596 -4613.8618 -4541.7944 -4462.6484 -4399.0049 -4447.0845 -4428.8989 -4468.8867 -4511.2813 -4520.7373 -4485.7295 -4383.1377 -4329.0024 -4356.3813 -4375.4004 -4400.4624 -4417.4346 -4413.2983 -4404.3799 -4408.3213 -4413.9424 -4390.0522 -4352.751 -4343.8105 -4358.9238 -4368.356 -4362.2944 -4368.1357 -4393.3643 -4405.9624 -4414.7847 -4376.8145 -4428.5659 -4482.438 -4469.6938 -4498.2705 -4501.249 -4517.9893 -4555.5513 -4557.3726 -4531.3926 -4438.7012 -4378.8096 -4409.8394 -4452.6367 -4483.6206 -4446.2407 -4400.4556 -4407.9204 -4387.4873 -4410.8418 -4331.8438 -4384.8647 -4296.3643
-4447.8999 -4487.8374 -4487.0645 -4402.1885 -4503.0649 -4521.3677 -4456.0664 -4372.2427 -4329.0566 -4286.0112 -4333.1318 -4417.9805 -4419.0464 -4214.1655 -3800.9692 -3576.637 -3763.7578 -4071.3977 -4217.1255 -4320.2202 -4380.25 -4400.2144 -4405.1255 -4431.1904 -4425.8896 -4367.0884 -4335.8145 -4358.7437 -4369.4136 -4360.9468 -4360.6113 -4375.5679 -4375.2402 -4365.1226 -4365.1846 -4339.0615 -4371.0093 -4411.4849 -4430.5688 -4482.3027 -4483.8389 -4512.3579 -4506.1406 -4505.1777 -4494.5942 -4416.9502 -4358.7085 -4366.2529 -4464.7339 -4478.979 -4460.0156 -4437.2554 -4410.7368 -4400.9556 -4406.73 -4295.8013 -4347.4624 -4298.9946
-4430.3086 -4440.0142 -4435.7983 -4399.0596 -4482.2866 -4468.2676 -4432.5996 -4367.3896 -4278.1895 -4272.1582 -4399.5063 -4433.0947 -4228.502 -3509.2668 -2329.5486 -2018.6432 -2801.0674 -3698.7039 -4089.8999 -4264.5225 -4359.0054 -4404.1606 -4427.6982 -4451.2651 -4440.3838 -4372.2886 -4345.1714 -4382.626 -4385.9214 -4373.2944 -4376.7852 -4382.7236 -4350.582 -4329.0459 -4328.564 -4318.1221 -4311.7065 -4336.5659 -4381.8945 -4447.3242 -4453.5859 -4480.5054 -4462.2148 -4441.2495 -4412.8242 -4389.606 -4358.8774 -4323.9419 -4389.7588 -4393.1802 -4395.3506 -4402.6182 -4340.3584 -4352.2188 -4355.9233 -4332.3374 -4323.0938 -4324.6211
-4438.1733 -4335.314 -4327.1602 -4389.9819 -4462.4619 -4466.9473 -4478.0903 -4444.4878 -4298.8716 -4303.6519 -4377.2202 -4310.5415 -4135.5923 -3373.9041 -2115.7205 -1687.7665 -2677.1882 -3697.9241 -4124.0532 -4239.9722 -4228.8042 -4212.7749 -4360.5986 -4420.8398 -4422.833 -4383.8364 -4358.9111 -4373.1738 -4375.3374 -4377.521 -4371.2705 -4337.8911 -4317.6973 -4303.7505 -4308.6792 -4311.4736 -4257.418 -4277.4951 -4325.8257 -4408.9756 -4429.3032 -4433.7925 -4427.3867 -4407.4482 -4349.9404 -4393.5859 -4323.0234 -4295.8208 -4333.2241 -4315.0068 -4332.1011 -4360.1724 -4297.0259 -4305.2261 -4305.6841 -4299.4697 -4283.7441 -4318.9663
-4463.6421 -4329.999 -4201.9663 -4294.1045 -4442.627 -4481.8242 -4506.2173 -4494.4331 -4407.124 -4352.2061 -4341.2817 -4279.8208 -4192.7368 -3807.8645 -3165.709 -2944.2905 -3550.7986 -4063.1504 -4246.9346 -4063.0464 -3442.8936 -3290.7209 -4075.9961 -4303.6802 -4313.7466 -4280.2368 -4269.8486 -4317.5752 -4349.6377 -4368.7759 -4346.1738 -4281.0933 -4297.6611 -4292.1836 -4301.4482 -4317.4155 -4221.8369 -4236.9453 -4286.6528 -4376.3188 -4391.1914 -4348.8169 -4371.1929 -4393.1353 -4353.8359 -4379.7339 -4311.874 -4336.4692 -4322.7407 -4267.6836 -4285.4282 -4272.8784 -4271.3638 -4267.8125 -4271.1782 -4267.8042 -4267.0649 -4268.2593
-4464.8525 -4350.8569 -4157.2378 -4217.6445 -4413.125 -4471.5781 -4533.6001 -4538.8848 -4499.3638 -4412.7568 -4336.1177 -4293.6348 -4252.9648 -4112.1538 -3906.407 -3924.6411 -4137.8359 -4257.2378 -4303.0796 -4040.3555 -3366.7952 -3208.6948 -3937.7148 -3989.7883 -3780.9224 -3889.6904 -4146.1138 -4260.7373 -4312.2295 -4329.2295 -4310.9575 -4281.625 -4304.0513 -4276.6812 -4288.9409 -4331.9673 -4307.9468 -4361.6069 -4397.7505 -4411.7559 -4404.0537 -4357.1167 -4364.5005 -4373.5107 -4347.0376 -4281.8457 -4271.9209 -4346.0083 -4264.9976 -4188.2271 -4237.666 -4242.5938 -4261.8906 -4254.5352 -4250.3047 -4261.8735 -4246.7783 -4233.3882
-4482.2939 -4374.5234 -4215.5386 -4249.2393 -4367.1021 -4335.0435 -4433.9194 -4500.667 -4461.0747 -4399.6602 -4334.4243 -4246.9907 -4249.5215 -4204.4492 -4177.9248 -4237.1025 -4297.0015 -4334.5752 -4338.7954 -4211.5923 -4012.7764 -3936.3818 -3959.5671 -3433.458 -2735.6992 -3152.4817 -3943.2004 -4201.2681 -4287.0215 -4316.4546 -4289.9087 -4282.001 -4317.7827 -4298.2998 -4302.604 -4382.2451 -4407.4063 -4379.5396 -4297.3853 -4234.4541 -4389.6318 -4421.0093 -4399.8027 -4378.1279 -4365.1489 -4288.1147 -4264.5781 -4295.4102 -4265.9478 -4218.8853 -4254.2969 -4284.1172 -4239.5938 -4205.3267 -4222.7461 -4265.3159 -4225.978 -4218.1753
-4465.77 -4409.5469 -4341.562 -4325.8086 -4376.8379 -4339.9238 -4329.9346 -4393.3657 -4339.7705 -4338.2954 -4349.7534 -4232.3037 -4236.4897 -4281.126 -4256.165 -4303.9331 -4349.7466 -4372.5347 -4390.8315 -4348.3838 -4315.3042 -4255.9419 -4049.7229 -3493.2546 -2883.679 -3249.9832 -3900.1833 -4201.7109 -4339.4277 -4372.9277 -4331.6646 -4300.1982 -4326.0767 -4324.0649 -4318.1353 -4365.5449 -4339.8306 -4210.167 -4154.8296 -4101.2397 -4343.918 -4426.3218 -4385.3198 -4343.5205 -4331.1836 -4330.5396 -4284.123 -4247.8218 -4272.3647 -4240.0981 -4252.5479 -4264.4551 -4206.1177 -4196.8062 -4242.6709 -4280.3623 -4235.7383 -4232.3765
-4440.2397 -4380.8931 -4349.1582 -4350.0811 -4404.6279 -4366.0879 -4308.8799 -4319.2144 -4316.9541 -4342.9565 -4352.7397 -4241.979 -4256.6118 -4355.5342 -4314.3169 -4377.0352 -4369.5 -4271.356 -4337.9976 -4364.748 -4349.9116 -4328.5161 -4211.9346 -4025.1184 -3811.7 -3848.1838 -3999.2566 -4155.3555 -4281.0674 -4329.7729 -4294.3003 -4262.7744 -4268.5923 -4289.1895 -4291.3481 -4301.6406 -4275.2178 -4245.3301 -4302.3838 -4297.6406 -4356.7656 -4338.6167 -4293.9609 -4264.3135 -4266.9854 -4321.6826 -4272.2612 -4232.3389 -4286.0684 -4224.1143 -4218.2568 -4236.6621 -4213.3467 -4228.9683 -4260.8862 -4275.2656 -4264.9683 -4257.5342
