Resources/Map/Lvl0_30x30/Ele_BK.asc
ncols         335
nrows         335
xllcorner     13455000
yllcorner     3325000
cellsize      10000
nodata_value  -99999.0
[rows 27 to 53 of 335, columns 0 to 60 of 335]
1097.9652 1201.8772 1237.616 1392.882 1323.7083 1187.8319 1172.5812 520.6519 515.8862 954.6335 874.4204 953.3669 1084.8439 1036.5112 1072.5676 1144.4031 1031.4187 1013.3262 989.1219 1120.1931 1107.3237 1004.8379 1020.4297 940.3412 915.2017 929.9845 864.9569 777.0988 866.4243 801.9515 631.7777 665.8103 873.2391 807.8062 663.4359 557.0112 681.6443 740.6959 778.4219 773.8518 839.4872 978.9703 965.6255 1120.4849 967.7414 1065.3854 1143.0363 1168.5969 1093.8253 1032.8492 1017.5479 1013.98 1012.0859 956.6493 1021.578 1088.7805 1159.7216 1209.2762 1160.4954 1100.6786 957.7256
1105.947 1008.7484 1111.7446 841.4773 1236.7351 872.8162 1063.1914 536.2327 1117.1471 1021.7529 1115.5443 963.832 1060.6934 1107.0125 1159.026 1102.5078 1025.0486 1087.0052 980.5908 1078.5372 1165.1106 1118.4579 1010.851 930.3943 960.4735 1009.513 937.2128 791.5377 844.995 687.9037 770.5875 757.6542 788.7579 696.5464 530.4546 632.2377 508.9564 569.6974 586.1704 618.2665 694.0522 793.8273 980.3342 988.7302 938.4266 1028.0873 1083.9689 1080.1035 1104.8571 1004.7941 903.886 963.5732 945.8038 930.1412 850.5941 953.4116 943.8412 993.9689 1022.7994 861.3767 587.561
1269.6083 1060.4362 1295.9398 969.7358 554.1115 1118.5786 657.0104 597.6429 882.1383 918.7084 1005.3003 1067.4509 1076.3423 1027.1029 1095.203 1064.9509 1057.0833 1054.5868 1057.2285 1129.8627 1131.4048 1002.2949 1131.5325 1111.9154 1132.6661 950.5936 877.5465 926.5345 894.5197 758.1285 827.64 847.2692 761.7443 640.8298 743.525 613.2586 539.8853 527.0293 605.1824 680.6199 880.4636 919.7439 987.8108 979.9632 966.3111 945.8638 951.3633 969.4727 1006.6229 994.8159 862.4351 883.8738 856.0847 825.1997 893.945 712.2999 718.4974 904.5209 607.7426 822.9376 828.9344
796.9097 642.0385 928.9355 1317.454 711.1253 974.3438 916.7946 953.2146 877.6185 817.3598 765.0963 808.9285 835.413 889.9865 1009.2156 943.4752 1021.0587 1035.1998 1019.5236 1016.4938 991.506 1076.0977 1146.4691 1124.9114 1102.1633 879.649 963.0889 913.287 850.7397 810.7817 943.7651 811.0889 712.2091 753.0004 627.6595 564.0962 689.4502 651.8839 604.6089 761.2988 806.1758 790.7817 680.2925 835.1771 904.3503 927.6365 996.1166 908.866 964.2417 1004.4972 939.7015 1007.4448 997.1139 781.8737 939.4064 1032.5424 1159.1788 979.8509 686.9014 946.9507 966.2162
970.1539 703.062 1000.9274 1191.823 1042.1887 925.2581 663.5982 726.4177 768.8419 707.1973 804.4355 680.3943 855.5359 848.2916 942.0288 899.9406 1024.7269 1020.5381 968.3716 1008.5139 1012.7896 1001.0457 945.7418 888.7767 916.7635 1009.6973 971.7538 832.0045 956.4325 966.6439 815.6011 775.8445 800.0125 654.5002 614.8783 620.8433 603.704 759.6483 672.8684 736.5981 777.084 758.6029 883.0304 867.41 860.446 828.6996 920.5088 947.6346 967.4794 888.768 932.4188 952.8032 895.865 942.0208 955.3958 1122.4045 920.3979 655.709 1034.4482 989.5327 774.5281
503.2208 539.421 628.0226 879.8394 941.706 1074.1841 1040.2622 843.4301 719.1848 757.9255 788.2209 637.015 668.0317 876.6423 951.7847 799.7589 935.8514 1019.0978 961.0289 952.1946 929.9428 928.1403 890.3145 973.3406 975.0054 889.4172 874.8204 935.2342 970.0174 1098.137 914.4366 922.4133 922.7909 708.1643 686.9442 819.0891 729.2018 719.3156 738.6469 777.0634 772.8076 837.8499 894.4598 801.531 802.5219 764.0572 806.8477 797.1449 807.7505 794.9244 870.2703 908.0523 934.0272 893.1851 755.9586 699.8855 725.7555 918.064 1273.0703 1216.729 1305.8495
649.2314 684.5771 428.1364 773.7758 794.724 884.5667 745.2291 865.8028 931.0198 702.968 833.9033 762.3639 850.3818 929.5107 760.7488 733.9401 944.4453 1016.8586 920.7259 906.7713 895.8758 920.4524 886.4063 908.2869 905.5463 814.9758 883.5892 1049.5497 1009.877 1087.4919 1072.0649 840.6275 878.6523 808.0432 842.5448 865.27 877.5162 817.5361 789.1222 797.285 834.8358 860.3143 814.2196 789.5884 798.6868 792.3197 678.5973 653.0504 648.1567 767.8474 784.0449 764.6942 794.8801 862.7171 777.5135 787.5452 791.61 882.7874 845.2459 825.4997 1014.0548
511.1176 691.393 431.0564 545.7249 693.2821 904.8304 1177.1235 1131.7646 1081.4742 827.5005 915.2126 692.2715 732.6964 854.522 966.6483 858.9516 879.4862 1098.5668 914.2416 889.2446 937.2297 991.4065 994.8733 1145.7069 1063.6774 905.45 1084.598 1208.0548 1110.6207 1145.5895 1265.4143 1002.6747 1008.082 1034.0895 820.6259 1176.5532 952.3953 1108.6586 923.2327 939.3966 880.0311 816.8633 850.4219 798.9508 694.4547 716.2876 969.3478 715.0041 889.0903 868.9722 1075.437 906.7104 1091.6245 705.0427 1049.1458 795.9971 695.0386 697.7043 716.6134 746.1948 808.7801
776.0483 707.6234 499.742 422.8391 518.3107 626.9024 742.7578 987.48 1061.9731 1118.5424 1015.1646 821.6879 855.931 961.7982 1050.2988 1130.4253 1084.7645 1144.2993 978.3631 960.9792 942.2532 1005.4105 1000.1445 1025.839 1008.4388 939.5435 1086.1876 1169.1403 1329.9622 1205.5267 1238.3535 1116.9272 1290.3395 1288.5132 1176.7623 1291.0096 1247.676 1060.8903 1024.3578 1024.2548 903.754 884.0873 893.0897 753.6865 740.4323 831.3599 844.4642 868.3006 1023.4823 837.5497 838.2557 1172.9332 1212.6453 914.9327 954.3889 878.6702 1100.3737 903.4222 1238.2809 1002.0046 934.1943
885.5982 644.7278 605.6533 789.5457 454.7789 687.9037 757.1651 1159.9055 847.039 1027.4709 773.8005 784.6655 912.4496 971.835 1113.6769 1223.7217 1148.4125 1055.6571 1006.5812 998.9103 1072.6434 991.0657 1209.0229 1075.5248 956.9575 1200.0675 1022.3718 1168.343 1339.1011 1259.2345 1311.1863 1150.8154 1151.2467 1371.6405 1196.9049 1020.7719 1014.9156 968.0835 930.1163 926.1689 927.3752 807.9536 808.2838 827.7412 816.5578 801.9124 784.8968 778.3389 870.8634 1034.5336 733.4689 1032.5803 1083.1219 935.6628 1319.5819 862.6276 1040.6284 908.8508 1076.448 1300.6417 1325.373
623.0912 570.3413 491.4367 689.7874 799.6027 622.1392 576.4203 745.0828 453.9385 516.0791 461.234 692.0717 800.663 615.648 996.7465 1044.6853 1113.145 1337.9595 1261.2189 1233.2749 1105.2097 1189.3876 1177.4139 1048.2603 1012.6754 1211.4401 1405.4906 1448.2383 1484.0305 1619.6406 1883.1062 1737.9351 1611.2437 1538.9504 1462.2803 1071.5422 1160.9106 895.4852 888.0689 926.6692 792.4994 836.9976 796.2054 807.3328 941.9224 1019.848 874.7825 867.2961 1026.3116 1068.5626 699.7702 959.1183 927.7739 1238.2552 1603.7932 1237.6469 1210.21 1122.8994 1027.5522 1185.5063 1165.8785
909.6818 928.8399 625.7906 1074.3971 891.4824 1026.3406 682.3352 484.8222 747.7829 896.395 618.7112 457.1872 641.843 726.4702 780.59 833.5812 979.8665 1102.589 1394.1785 1308.5205 1410.4749 1235.5933 1112.2251 987.9136 1190.3936 1134.3922 1228.748 1266.5302 1158.569 1209.5398 1234.3987 1318.9985 1222.9459 1252.3669 1423.0948 1257.6107 1012.9669 1189.2065 1097.4087 1120.3024 895.3947 822.0082 923.4718 842.8325 850.3441 807.8273 982.7042 1166.9871 917.0798 847.0825 1080.1234 882.5444 823.6863 972.6821 1101.325 997.9417 1179.7358 1236.2963 1173.7197 979.0475 1015.5424
1037.5359 1057.4679 811.4124 1205.0205 1179.3085 1088.6526 634.9338 466.7577 941.295 1146.6256 670.0704 531.9977 525.2268 821.0724 921.2211 810.0812 1127.8031 1024.1482 1030.7484 1049.4017 1083.4806 1007.0068 1038.0165 958.3289 957.2072 1084.9789 1263.9474 1337.5845 1312.5479 1491.7393 1370.891 1320.7627 1326.0176 1331.7841 1212.3932 1090.4004 1138.8757 1125.5509 1367.6361 1243.1776 999.1577 948.0391 953.3439 861.3867 825.2595 829.0677 949.7261 931.5981 907.4113 861.3987 862.7897 913.6185 1162.4727 936.807 865.1003 849.2726 905.2122 994.3582 1050.2084 978.1564 901.3233
1076.2532 1225.6216 987.1554 969.6464 870.0213 649.5651 699.6636 449.7616 845.5779 1049.278 802.4303 600.4909 719.1579 572.476 604.8932 950.7944 1019.0013 1035.8467 838.8998 847.1408 897.8232 917.845 751.4267 864.5327 915.0739 879.1165 1054.7131 1025.948 1087.5342 1026.9613 955.965 936.9644 970.326 1170.9353 1258.9595 1113.8479 1181.3488 1311.4576 1360.8435 1296.9772 1186.7865 1219.0917 1061.6173 901.1658 832.4457 858.4677 970.8121 1177.8401 932.3631 767.1577 984.8722 1141.676 1337.2081 1236.8708 1379.4701 1040.1763 1144.3022 1173.5101 990.961 925.4476 1047.5084
822.5778 684.1017 760.6791 583.9207 827.0871 998.3245 902.7183 613.8112 478.5062 669.4438 997.6222 782.9368 651.2454 505.178 631.0112 800.8191 1051.9305 990.2491 1083.257 773.672 871.9393 774.0981 785.0989 888.3129 910.1396 924.4481 1012.5005 1132.7758 1007.8875 811.3082 958.1081 1417.0448 1258.6648 1267.2202 1229.7937 1343.9279 1380.4418 1207.8665 1126.5873 1097.9503 1080.0148 1187.0828 905.9254 862.62 866.5005 876.8265 866.6368 867.6149 748.3719 766.219 754.9274 770.1319 811.5007 863.0814 875.0213 816.0481 840.5795 838.0977 876.6836 819.1258 851.6038
936.8486 748.0562 669.2425 982.8537 1186.7228 1227.3494 1099.9974 700.2194 601.0458 1065.6145 1020.0696 956.6766 858.4634 646.6366 516.22 882.6688 785.718 704.6476 842.9173 783.2986 958.2361 874.0121 770.2157 763.0309 816.9161 892.0171 880.1542 1025.9384 1016.1498 895.7937 822.0461 870.2886 868.8896 962.3701 982.8367 1058.7679 1249.3544 1336.5453 1264.9244 1400.4758 1351.2432 1144.5883 1122.068 1043.7072 930.0413 925.4075 888.4249 1056.0083 951.7746 960.0792 990.3557 847.6976 848.1953 833.1694 917.7523 887.2998 881.0219 859.5203 840.8504 805.6174 808.6417
1007.9152 1085.6219 954.5458 1066.7126 1067.9265 885.7918 752.4404 498.7068 682.3015 898.0144 961.1433 910.5049 883.7984 780.3336 611.2394 527.7573 564.5397 784.4676 1027.1946 701.0815 607.8038 715.2643 973.6356 759.9242 704.1229 901.3961 1007.158 938.623 1051.7321 888.1038 693.6918 746.628 1093.5371 1152.8853 1352.2616 1284.1628 1179.4396 1361.45 1187.3618 1363.2371 1190.5935 1203.3646 1104.1552 1071.3895 1032.9429 1058.8842 933.2917 979.7517 928.5661 913.2056 788.5155 861.4792 928.6591 898.5139 1096.1747 1157.2682 1018.6487 932.8558 960.8063 969.1606 997.0991
1208.0101 901.0978 1048.8495 1044.0714 896.566 1044.9843 663.4976 475.442 746.185 1041.625 999.4736 857.4964 930.0386 723.8849 759.1589 598.7395 800.7936 575.7503 594.452 538.6931 803.8939 762.1448 954.1243 675.7759 859.2657 767.179 755.4688 856.2193 683.6315 730.7692 920.0672 983.1704 834.498 1014.6678 1111.8269 967.3812 895.8897 1081.2417 1186.9514 1287.1145 1149.251 1142.7861 1025.8705 970.1586 957.176 850.6803 863.2103 810.0268 790.8029 817.0533 854.1293 1017.5351 1065.4958 1015.7904 946.7794 887.035 895.5673 950.1565 926.5385 954.9507 861.3527
791.7324 984.11 852.3278 808.825 880.873 762.8355 609.8301 532.2115 759.2026 923.5964 721.0395 972.2683 923.2865 868.646 809.3827 828.9987 782.5671 622.2005 503.0803 519.4044 596.3868 636.0972 624.4282 628.2207 667.4058 631.8865 641.0891 697.1632 758.4293 855.9214 750.2619 743.2416 898.5772 892.0685 812.5322 901.8824 1034.0455 1071.5961 1111.8909 1161.8948 1194.7902 981.9178 881.3283 952.4918 1003.0981 943.8544 1062.2085 1081.6158 951.6877 1065.6501 1063.205 963.8974 951.4469 964.8616 873.61 934.5132 942.3612 964.0773 980.4928 937.5441 950.6042
901.8315 690.0028 661.6665 825.2968 691.0727 891.7007 576.8004 473.5598 533.1667 572.9125 618.6838 804.6223 691.0895 683.7357 786.765 694.6735 592.5614 672.1441 626.0551 552.9634 590.7399 746.1399 729.3903 758.9349 680.3077 884.7892 1091.7788 839.2275 877.9896 914.3822 1046.0236 1061.4647 1022.2053 789.6136 809.2979 1072.0149 1019.8328 956.3777 925.8641 1074.1246 1086.4135 894.0662 772.7467 835.799 903.9847 837.8786 771.1336 851.8351 731.3624 890.5737 954.6726 1242.8643 1157.9528 922.1158 948.4185 968.7006 969.3933 992.0868 1032.5681 1080.4203 909.5917
685.4017 610.4249 544.1143 521.1467 536.3198 501.9766 505.0217 531.3867 688.7864 703.5421 634.1484 624.0942 862.1995 880.47 697.1902 670.3849 584.2771 735.1248 593.7878 538.1893 544.5589 602.1126 681.1286 697.8066 776.4285 810.3351 814.7733 949.2128 728.9086 946.4048 974.5219 693.6692 847.3652 1004.2468 1042.6139 1034.8143 886.0901 854.3871 981.0217 895.7438 1031.702 963.2394 830.4429 852.7813 680.0029 740.6177 680.986 855.025 774.8289 780.9255 948.374 902.1242 988.9795 817.0543 872.2285 829.8343 957.2058 995.113 1027.0289 1015.5303 925.566
547.7935 508.6954 624.3011 649.8052 663.4684 717.8308 636.4613 701.689 731.0602 814.3157 827.131 806.4598 710.5452 668.1648 783.6016 595.8315 550.8776 624.7189 571.4274 561.9491 706.6478 634.6742 543.1674 656.4796 754.5572 685.4929 700.3387 654.2016 643.1946 755.916 755.7205 796.7449 747.2967 769.4206 950.3088 895.3129 775.9167 840.5744 817.6708 903.5463 840.4577 897.5703 909.8845 711.8732 705.7601 741.3809 1034.2183 996.5228 1068.4868 736.8893 712.3312 771.7374 726.5378 713.54 781.0964 792.9627 791.8026 982.8934 993.3713 923.8895 1023.6445
535.9817 552.2042 640.5765 655.7285 750.022 880.9088 788.7165 911.1501 940.7578 818.4053 615.5923 652.858 602.2004 558.5169 600.0367 583.4628 642.4102 653.5966 649.3249 680.4079 708.5056 581.5469 530.4939 520.0364 588.3487 578.6168 571.0101 583.8293 626.6714 617.6611 658.162 682.9405 806.4609 731.7742 845.7404 756.6257 699.1503 823.8611 821.9996 701.749 810.8198 681.3619 759.6938 756.1578 696.3007 709.6603 722.8439 740.03 772.2981 655.114 639.8999 788.5648 677.5039 788.3436 816.4117 1042.7524 1107.8131 805.4998 861.6165 768.2314 833.7233
675.9257 702.6067 723.1817 606.43 637.4195 701.9669 856.1622 882.3609 690.7375 658.3843 713.6636 588.5819 679.4332 615.9904 622.1991 648.42 747.0126 684.4669 637.4399 559.6083 569.2136 560.1843 575.3481 711.5977 641.4021 538.2277 618.8337 639.3755 671.6646 674.2516 586.1035 665.4987 677.2946 652.0836 698.1392 713.314 681.6297 781.3969 801.4307 687.9999 625.6155 655.0889 642.6457 625.2518 613.4005 669.5228 756.8478 611.9901 591.0632 556.6201 664.8619 720.0146 599.41 774.9993 765.331 855.0357 833.4038 776.2156 708.6015 727.9689 681.365
883.7581 1021.4913 822.3356 697.0779 872.9826 786.7117 694.778 746.6459 811.9904 821.2225 824.2769 584.7999 580.4952 565.641 650.0133 741.8176 625.6992 621.2978 661.3884 739.2573 881.5752 899.96 846.8512 661.783 625.1208 544.702 620.8136 736.2599 755.5137 729.0971 632.861 692.0021 785.7761 763.7794 625.7277 726.7159 843.1198 776.1194 861.6714 751.9322 768.6551 608.9666 564.6467 617.8303 620.9292 558.4336 590.7192 626.281 581.5081 603.8496 633.5464 660.7806 654.1643 596.5181 762.6922 627.8584 631.1539 617.8881 707.5475 804.3091 724.9122
948.7663 721.9159 689.6293 764.517 727.141 715.616 733.2281 654.7711 685.2969 621.2266 676.2751 735.1988 648.2224 691.5985 743.0425 776.8862 900.8907 849.8018 664.8414 610.3886 629.6736 624.7454 566.2928 595.8819 602.6669 665.85 549.0379 623.236 643.6788 759.6758 669.649 802.3788 1098.2761 953.0035 756.5223 732.9788 676.9464 766.9008 704.8349 838.1536 772.9343 651.7393 590.1611 621.2275 562.3046 575.4344 539.9832 651.2883 668.3077 708.1213 610.0494 604.7222 634.302 690.9999 751.1351 752.6847 734.9776 661.1091 640.5856 689.368 745.7278
673.2198 808.9761 641.1771 691.5408 742.3124 746.9898 770.4449 830.0115 778.7728 798.3834 770.9839 703.9525 823.8091 746.9709 666.0721 677.5142 702.8045 659.0761 631.7922 577.1956 700.8635 793.3016 757.1627 693.4342 732.7772 714.5256 773.5396 649.6397 664.2186 704.5893 924.3284 826.3901 846.0033 842.0339 729.6771 692.5709 599.4539 564.6461 561.0018 540.65 561.2532 578.2007 568.5602 539.6235 526.5605 542.5565 671.2098 658.7819 705.9749 663.2478 608.5109 698.7645 628.6852 588.0513 671.9147 721.4244 692.8042 669.9182 713.7672 745.8297 633.9012
