Resources/Map/Lvl0_30x30/Ele_EG.asc
ncols         335
nrows         335
xllcorner     55000
yllcorner     -6725000
cellsize      10000
nodata_value  -99999.0
[rows 125 to 149 of 335, columns 0 to 56 of 335]
-3535.2581 -3645.6836 -3731.1321 -3691.415 -3420.8337 -2961.9658 -2566.9395 -2485.7324 -2755.0676 -3290.7659 -3642.6077 -3849.9001 -3989.6206 -3995.2175 -4044.627 -4039.5925 -3886.1204 -3550.9314 -3228.4885 -3468.3101 -3680.3662 -3743.7314 -3842.7068 -4162.5317 -4469.46 -4529.4849 -4559.0674 -4634.1787 -4667.6396 -4623.9971 -4562.6392 -4595.5767 -4679.2095 -4652.0771 -4599.7163 -4641.0889 -4686.0698 -4713.3896 -4774.4131 -4840.3291 -4865.7354 -4853.4521 -4869.0361 -4902.9819 -4890.4907 -4841.7549 -4880.3599 -4954.0029 -4883.084 -4714.207 -4718.8579 -4847.9443 -4964.1147 -4964.2368 -4854.2808 -4820.3555 -4834.502
-3274.3452 -3456.6187 -3577.4939 -3542.9712 -3267.5173 -2882.3706 -2661.3428 -2544.9456 -2482.3506 -2677.0654 -2937.334 -3194.01 -3339.741 -3228.342 -3087.1621 -2784.4175 -2282.4482 -2205.1182 -2850.0176 -3686.9839 -4032.6406 -4233.1621 -4362.3018 -4440.7144 -4522.813 -4501.96 -4527.1616 -4589.4409 -4659.3315 -4693.6943 -4639.5815 -4624.9678 -4685.4429 -4695.3965 -4677.8613 -4694.1255 -4717.0049 -4741.9941 -4773.4316 -4822.2354 -4869.8833 -4875.2505 -4894.8701 -4913.7539 -4893.7583 -4893.7109 -4956.6348 -5071.7139 -4986.3286 -4631.915 -4475.125 -4694.3599 -4973.0498 -5004.4224 -4890.4043 -4855.4785 -4839.4712
-2813.0928 -3115.0605 -3278.2886 -3238.8845 -2960.04 -2598.9104 -2250.8894 -1857.205 -1627.1227 -1601.51 -1656.8113 -1895.2614 -2116.2117 -2048.2834 -1722.6405 -996.457 -567.8643 -1015.5739 -2271.1155 -3288.1089 -3811.4919 -4148.8062 -4367.4497 -4498.0498 -4558.1104 -4553.8291 -4574.0806 -4584.2271 -4601.5947 -4630.499 -4581.6895 -4566.5117 -4623.5264 -4669.5737 -4695.6348 -4684.7993 -4689.2295 -4728.9946 -4749.8477 -4780.6421 -4821.1143 -4808.6338 -4838.0757 -4934.8086 -4967.293 -4942.2871 -4953.3154 -5043.9292 -5023.1602 -4806.2568 -4666.0459 -4777.2715 -4972.5962 -4981.4434 -4886.2017 -4887.854 -4894.7441
-2095.0876 -2536.5085 -2791.7036 -2842.0835 -2690.958 -2379.7708 -1729.1381 -992.3165 -717.6781 -696.7766 -766.1459 -971.8898 -1222.9299 -1280.0991 -1191.1033 -944.0415 -1342.7932 -2134.8286 -2871.6211 -3265.53 -3593.0955 -3906.9048 -4222.5615 -4420.8506 -4439.457 -4514.251 -4629.4004 -4617.4609 -4570.1064 -4595.3965 -4553.4219 -4536.748 -4583.5244 -4626.8662 -4676.4282 -4693.4897 -4706.0244 -4705.0693 -4698.1299 -4723.0137 -4723.9761 -4716.4702 -4787.8174 -4898.3267 -4940.5513 -4927.5005 -4895.3076 -4893.3438 -4912.3228 -4915.5308 -4910.8467 -4937.5928 -5024.6606 -5037.5215 -4981.1357 -4989.7334 -4964.6709
-1299.7448 -1710.4999 -1984.3076 -2283.51 -2428.606 -2273.488 -1558.1348 -803.1841 -538.5181 -457.0092 -496.7713 -603.9034 -719.3617 -930.9189 -1418.6959 -1966.6599 -2726.7244 -3158.5264 -3364.3066 -3460.9548 -3566.7332 -3739.6946 -4033.0771 -4272.9673 -4302.5454 -4416.3359 -4592.5117 -4625.5757 -4566.1987 -4588.394 -4619.2666 -4631.2681 -4648.708 -4669.3594 -4712.3188 -4739.7646 -4720.0674 -4684.2866 -4751.3247 -4832.3438 -4751.9609 -4683.9492 -4745.4722 -4822.4478 -4853.2153 -4872.106 -4865.8843 -4857.1865 -4875.563 -4860.8262 -4841.3462 -4895.2715 -4992.3838 -5004.8662 -4957.4595 -4921.0356 -5009.54
-893.1957 -1242.7422 -1425.282 -1742.9692 -2152.3267 -2290.6731 -1950.6394 -1305.1646 -822.501 -629.6857 -667.2123 -687.5583 -706.7039 -1270.8701 -2229.3503 -2969.188 -3313.4985 -3450.6174 -3504.9343 -3498.0134 -3584.5361 -3687.4285 -3903.4746 -4191.8506 -4319.0669 -4416.9087 -4532.7847 -4577.0664 -4562.3647 -4591.646 -4635.1597 -4651.5479 -4646.2451 -4658.3384 -4712.9492 -4750.7485 -4731.7559 -4731.0728 -4816.9795 -4856.3359 -4768.7021 -4702.4048 -4722.9092 -4783.9209 -4805.1479 -4798.9448 -4831.1304 -4892.7832 -4925.8022 -4860.6733 -4793.708 -4831.9673 -4892.2622 -4892.7578 -4875.0903 -4882.2007 -4989.3696
-997.006 -1273.8486 -1429.1926 -1698.0801 -2132.0657 -2416.6411 -2368.344 -2005.1138 -1475.2542 -1096.0989 -1077.5399 -1176.4097 -1398.6385 -2142.9434 -3000.814 -3521.0439 -3588.8315 -3487.418 -2971.5818 -2342.9514 -2474.48 -2918.4297 -3530.8911 -4159.0962 -4428.1401 -4481.3569 -4522.9092 -4543.1938 -4557.5386 -4592.145 -4631.6289 -4637.2764 -4595.9468 -4587.9146 -4590.3945 -4593.7886 -4647.1284 -4698.4961 -4743.5591 -4830.8804 -4861.3237 -4772.5503 -4723.8892 -4766.9238 -4753.9863 -4727.5391 -4791.4473 -4886.4341 -4919.1069 -4890.7671 -4859.4883 -4839.0488 -4847.3472 -4846.0063 -4874.0718 -4883.9863 -4954.1118
-1350.6661 -1448.2251 -1526.3385 -1775.679 -2188.9448 -2561.2837 -2844.0886 -2859.845 -2573.6467 -2080.8931 -1797.2374 -2121.345 -2612.7971 -3094.3689 -3462.4395 -3754.4211 -3760.0288 -3300.7747 -1889.7734 -732.0269 -932.5193 -1843.6075 -3171.6719 -4214.2925 -4539.4575 -4600.3105 -4613.9365 -4561.6738 -4573.9214 -4607.4736 -4603.9438 -4583.417 -4562.4141 -4594.3252 -4568.5015 -4532.2432 -4619.4063 -4694.9517 -4636.7939 -4626.1333 -4725.8179 -4753.2393 -4761.8247 -4789.5771 -4753.3022 -4754.8154 -4815.9043 -4885.9619 -4920.7231 -4913.5845 -4918.2441 -4897.1089 -4847.1304 -4831.1489 -4863.1968 -4834.626 -4907.8921
-1526.2076 -1572.3962 -1541.7229 -1659.7803 -2112.301 -2737.5952 -3361.7336 -3519.8142 -3372.0471 -3000.2998 -2602.8083 -2940.5452 -3352.5769 -3614.4097 -3702.7627 -3792.6648 -3787.1755 -3363.4241 -2169.3997 -1430.4681 -1985.7312 -2541.5125 -3397.8479 -4265.6357 -4612.6035 -4648.3726 -4632.8936 -4569.8101 -4566.1987 -4622.6772 -4567.4336 -4465.0532 -4486.0029 -4571.5283 -4569.373 -4513.9385 -4521.3208 -4625.873 -4656.7974 -4598.2612 -4645.6758 -4667.8149 -4668.7388 -4737.0938 -4799.8477 -4861.8228 -4892.7095 -4925.5767 -4968.2266 -4893.4844 -4805.4146 -4825.7686 -4823.4668 -4815.1797 -4854.6855 -4841.7476 -4871.0356
-1904.8407 -2125.6282 -2188.1228 -2087.9453 -2238.7351 -2992.1028 -3637.7161 -3774.8196 -3726.5613 -3544.7109 -3423.0884 -3537.1736 -3668.8689 -3744.8777 -3820.0315 -3790.7144 -3723.5823 -3635.6001 -3309.6621 -3079.7253 -3540.1262 -3882.0806 -4109.8413 -4370.0444 -4551.5405 -4563.0015 -4558.3872 -4519.4561 -4470.3984 -4503.9575 -4445.8594 -4402.7656 -4494.2153 -4530.8589 -4516.1714 -4530.5742 -4518.3389 -4604.8203 -4718.792 -4665.3398 -4620.4536 -4613.7007 -4619.2642 -4695.4385 -4791.0522 -4864.7251 -4893.1123 -4929.9976 -4977.7363 -4907.1367 -4830.9819 -4846.0459 -4803.5137 -4802.814 -4862.2876 -4863.7231 -4829.6025
-3011.7813 -3204.8271 -3349.0032 -3296.3132 -3232.0884 -3526.5701 -3874.8992 -3931.6665 -3896.3799 -3875.5286 -3873.0464 -3905.3606 -3962.5623 -3681.4224 -3052.9158 -3462.2236 -3842.4736 -3955.9812 -3998.0391 -4035.8494 -4094.8105 -4115.0806 -4187.7754 -4288.9824 -4394.3706 -4469.4512 -4461.1548 -4414.9795 -4416.4736 -4432.8237 -4426.2046 -4478.0386 -4549.9658 -4517.7036 -4496.6099 -4570.7651 -4578.998 -4581.2119 -4645.3472 -4659.1274 -4661.8438 -4684.8135 -4669.6523 -4679.3062 -4742.4155 -4811.6748 -4841.0454 -4874.1055 -4899.749 -4886.2876 -4921.0771 -4936.5161 -4822.4443 -4827.6304 -4861.0732 -4808.625 -4786.8491
-3831.3733 -3867.8879 -3872.5042 -3854.1951 -3844.3271 -3903.1194 -3980.2822 -3966.3037 -3926.2695 -3940.9919 -3950.6118 -3969.0806 -3931.0605 -3377.9902 -2809.3777 -3404.1099 -3947.2336 -4042.5742 -4069.592 -4136.4775 -4132.7075 -4074.0601 -4143.1094 -4272.0581 -4394.0859 -4444.6602 -4412.3823 -4421.6064 -4436.3467 -4428.9839 -4450.9658 -4469.8667 -4469.8604 -4461.064 -4526.1274 -4603.3179 -4580.8276 -4558.7212 -4600.5981 -4678.334 -4705.5615 -4670.5181 -4632.147 -4666.0078 -4753.479 -4828.293 -4858.603 -4840.5356 -4829.5259 -4799.7593 -4841.228 -4890.6216 -4833.0015 -4806.9644 -4786.665 -4798.9468 -4873.2236
-4058.7129 -4018.3577 -4044.3374 -3993.3516 -3964.1392 -3952.3655 -3952.751 -3934.2991 -3929.5916 -3894.5591 -3632.0063 -3670.4529 -3912.6084 -3853.5156 -3834.2424 -3895.7319 -3965.5349 -4016.186 -4066.7456 -4086.1938 -4066.2437 -4055.377 -4044.7722 -3912.1477 -3892.1306 -4189.5767 -4436.2539 -4505.6177 -4458.6089 -4427.6216 -4451.5625 -4450.9976 -4453.8389 -4488.0063 -4553.7021 -4630.7939 -4651.0459 -4654.1519 -4669.3975 -4669.7446 -4646.4941 -4614.856 -4604.9292 -4659.0356 -4754.0996 -4789.5737 -4769.9077 -4787.1626 -4829.8154 -4812.3169 -4838.0928 -4890.8867 -4859.2261 -4783.0229 -4783.3994 -4889.3965 -4887.4355
-2931.3074 -3218.9478 -3770.2175 -3933.6821 -3947.7666 -3937.0288 -3946.4526 -3927.585 -3909.009 -3681.1873 -2895.4336 -2873.2827 -3654.1191 -3896.2268 -3934.3997 -3975.0022 -3941.467 -3937.0293 -3931.9138 -3882.1736 -3855.8193 -3931.6577 -3722.3972 -2848.814 -2308.0911 -3174.8479 -4198.1235 -4494.2749 -4532.9683 -4559.9561 -4524.8359 -4439.686 -4436.6929 -4550.9087 -4633.3745 -4661.7104 -4693.2329 -4717.1499 -4731.0879 -4711.9302 -4673.3931 -4616.2974 -4563.23 -4603.2153 -4690.7271 -4696.8745 -4700.3037 -4795.9258 -4840.9531 -4708.0952 -4690.7451 -4822.8271 -4880.2686 -4797.9092 -4777.8345 -4900.1455 -4901.2461
-1532.6509 -2377.2102 -3558.1147 -3966.7983 -3984.6318 -3963.7468 -3898.4978 -3782.2673 -3693.5227 -3499.4475 -3122.7878 -3171.0537 -3692.3762 -3869.9158 -3908.5132 -3984.5632 -4042.4612 -3965.9248 -3805.9907 -3536.022 -3191.2649 -3052.2205 -3006.9241 -2684.2151 -2502.6575 -3265.5964 -4180.8989 -4475.5503 -4551.1113 -4536.791 -4473.4277 -4438.584 -4475.5664 -4557.9409 -4612.1631 -4644.667 -4721.3228 -4777.335 -4759.8115 -4715.3667 -4671.7476 -4654.3926 -4640.5342 -4635.2476 -4619.3228 -4619.5347 -4686.1689 -4819.04 -4868.2793 -4663.0298 -4580.2002 -4694.7266 -4778.6948 -4754.7617 -4712.3325 -4740.8726 -4846.6831
-2714.7146 -3099.0073 -3751.3445 -3987.7185 -3980.3645 -3900.6401 -3670.6948 -3112.4016 -2475.9382 -2131.134 -2282.001 -2941.8267 -3673.4751 -3889.4324 -3942.8977 -3948.769 -4014.9063 -3999.8557 -3865.998 -3329.3318 -2085.2107 -1048.8329 -1231.0234 -2452.6716 -3568.573 -4134.1709 -4405.2485 -4464.5488 -4520.5884 -4532.4233 -4496.4189 -4449.9844 -4426.9355 -4457.8608 -4537.3115 -4628.1997 -4737.0107 -4812.3823 -4778.7847 -4707.1494 -4667.0396 -4663.9858 -4657.1484 -4621.8428 -4591.1387 -4623.9473 -4667.6177 -4715.7139 -4786.6802 -4740.7686 -4694.6738 -4719.083 -4686.5903 -4676.4155 -4698.3696 -4654.4224 -4719.3442
-3994.0801 -3921.3999 -3960.1003 -4016.4006 -3973.4368 -3796.0059 -3226.7905 -1839.5898 -589.0732 -204.3185 -512.9931 -1925.5479 -3443.9807 -3853.0413 -3928.2803 -3999.3691 -4032.0632 -4034.5481 -3992.1792 -3503.2073 -1924.8801 -547.998 -809.2586 -2471.2664 -3849.1553 -4279.1128 -4425.7217 -4475.1104 -4474.9058 -4483.7334 -4467.458 -4422.7769 -4385.8027 -4405.2568 -4472.521 -4520.9824 -4600.9048 -4694.9028 -4701.668 -4649.8799 -4627.0142 -4626.0239 -4604.2393 -4578.4092 -4605.2852 -4661.1465 -4663.5581 -4611.3506 -4641.0601 -4720.0693 -4765.3989 -4773.3896 -4652.248 -4571.8159 -4630.8584 -4682.0571 -4703.8848
-4164.5078 -4136.4346 -4111.2866 -4078.3674 -3959.3606 -3762.387 -3223.5127 -1984.2325 -816.3697 -333.3744 -636.7464 -2114.6047 -3529.9875 -3858.9058 -3983.3679 -4182.7661 -4202.1289 -4182.9082 -4097.0005 -3677.6946 -3082.5999 -2429.8169 -2640.98 -3613.6433 -4162.0928 -4312.7666 -4436.2866 -4501.8022 -4487.3511 -4450.6216 -4438.4282 -4419.2314 -4371.0313 -4379.4165 -4420.9604 -4428.8496 -4507.1274 -4568.6396 -4559.5762 -4546.0742 -4564.9424 -4609.3472 -4623.6245 -4590.3652 -4589.2031 -4615.9487 -4653.6685 -4640.5923 -4652.293 -4723.1255 -4786.1304 -4832.519 -4789.2866 -4684.6431 -4656.79 -4712.0752 -4715.1455
-4174.2427 -4211.1602 -4187.1108 -4104.7925 -4002.5796 -3832.4419 -3528.2429 -3094.1189 -2438.3066 -1836.2207 -2187.3123 -3186.0364 -3871.5706 -4089.594 -4198.7339 -4281.9268 -4321.7109 -4329.6357 -4336.4512 -4026.2124 -3855.1628 -4101.3037 -4253.041 -4357.8032 -4427.249 -4450.2759 -4484.8125 -4488.1133 -4471.5918 -4477.9346 -4466.8491 -4416.3594 -4378.3232 -4399.4111 -4391.481 -4370.1313 -4462.5869 -4549.6792 -4553.9644 -4554.9771 -4573.8848 -4645.7964 -4692.1626 -4643.5112 -4584.647 -4574.4541 -4632.6763 -4671.8262 -4710.3687 -4761.4165 -4755.0659 -4743.9165 -4770.6914 -4743.2256 -4708.5425 -4718.2988 -4690.4126
-4203.6235 -4192.4995 -4154.9507 -4135.208 -4083.2834 -3916.1675 -3713.2881 -3650.8196 -3590.2974 -3538.3962 -3802.5691 -4062.4714 -4128.6924 -4263.0322 -4363.6919 -4316.4175 -4353.4121 -4390.2524 -4466.9985 -4476.2251 -4424.8105 -4527.9146 -4546.9683 -4516.0977 -4499.2471 -4479.9312 -4480.4077 -4477.5659 -4466.4512 -4485.9546 -4468.5649 -4406.4385 -4370.0625 -4333.501 -4284.0952 -4295.6553 -4384.2183 -4487.1357 -4535.2744 -4503.3687 -4460.3813 -4544.375 -4626.877 -4631.8755 -4625.686 -4601.6831 -4614.2764 -4637.1563 -4657.5127 -4676.9009 -4650.811 -4673.1699 -4768.9414 -4710.0718 -4627.1289 -4634.6455 -4640.6475
-4181.5415 -4175.5313 -4183.9902 -4220.4292 -4176.8271 -4074.7412 -3974.6277 -3943.8394 -3978.6794 -4070.4473 -4240.8354 -4311.3784 -4298.8169 -4376.3047 -4501.3008 -4423.9043 -4365.752 -4412.8774 -4449.8896 -4445.6738 -4436.9976 -4449.4468 -4449.8647 -4470.1724 -4478.6719 -4464.9839 -4472.7715 -4450.2793 -4442.9268 -4444.3818 -4431.9399 -4418.9604 -4353.4429 -4275.3774 -4274.4028 -4321.96 -4309.9458 -4315.4771 -4358.04 -4329.6104 -4290.8486 -4402.3096 -4494.5718 -4520.6777 -4573.1919 -4603.1265 -4598.9697 -4577.6016 -4586.833 -4624.8975 -4656.7993 -4773.2871 -4871.0898 -4704.1216 -4571.313 -4576.5391 -4606.6396
-4192.3184 -4211.4678 -4227.1968 -4240.8711 -4220.9868 -4216.1436 -4271.4746 -4305.0615 -4286.7095 -4301.9531 -4384.624 -4414.8081 -4430.3369 -4460.4282 -4542.8472 -4494.9951 -4409.1504 -4424.396 -4455.2441 -4473.0405 -4449.2114 -4422.2783 -4425.5488 -4470.1938 -4474.4751 -4475.3711 -4459.7378 -4387.606 -4400.4839 -4421.9609 -4405.1167 -4368.5288 -4337.7852 -4320.7744 -4322.5884 -4321.3823 -4277.1411 -4265.6797 -4317.4937 -4352.6592 -4384.1543 -4483.1455 -4529.207 -4532.5532 -4571.4878 -4592.2627 -4589.0859 -4581.457 -4632.5439 -4679.7593 -4639.2729 -4659.6152 -4677.2744 -4556.208 -4553.2603 -4604.3066 -4525.1636
-4245.8013 -4267.8115 -4254.5752 -4240.8691 -4231.1938 -4221.5322 -4377.4785 -4535.8745 -4505.9634 -4466.2822 -4490.2275 -4457.0107 -4451.0186 -4486.5479 -4529.9565 -4509.0967 -4474.0547 -4474.6392 -4474.9712 -4503.7612 -4501.4009 -4476.7808 -4476.5771 -4501.0239 -4473.9146 -4496.5264 -4474.4414 -4411.9688 -4392.272 -4404.8198 -4363.0693 -4350.1006 -4404.9341 -4419.8003 -4423.0371 -4413.646 -4324.3218 -4291.665 -4377.3813 -4464.6152 -4496.4688 -4541.731 -4656.7969 -4743.5908 -4744.6523 -4714.2944 -4669.6035 -4607.0156 -4614.4253 -4630.3003 -4564.3765 -4559.8467 -4586.5259 -4513.3262 -4506.6064 -4564.123 -4480.875
-4355.5039 -4376.0732 -4328.5132 -4256.9399 -4266.8608 -4304.3979 -4405.4688 -4523.3506 -4480.8066 -4438.5757 -4505.4023 -4521.1885 -4509.3013 -4510.6592 -4505.998 -4486.7314 -4475.7515 -4483.5903 -4482.8564 -4476.4634 -4482.5234 -4508.0205 -4543.2134 -4532.5176 -4499.6045 -4498.9956 -4412.3374 -4391.0635 -4366.8184 -4392.4712 -4338.3086 -4384.5098 -4465.457 -4461.9902 -4479.4888 -4511.0781 -4488.8179 -4487.2407 -4532.6934 -4540.8159 -4527.7915 -4535.7344 -4582.2612 -4651.1172 -4744.249 -4819.3657 -4782.2769 -4701.3774 -4637.0884 -4601.978 -4644.7065 -4669.8198 -4636.5557 -4579.2173 -4528.4307 -4522.8979 -4479.6372
-4359.4033 -4398.5811 -4429.54 -4370.188 -4362.0156 -4452.6499 -4453.4824 -4441.6128 -4410.7505 -4379.876 -4437.0176 -4488.0977 -4507.3472 -4523.6309 -4504.4692 -4491.2012 -4473.9912 -4476.9321 -4507.6675 -4496.2798 -4467.5977 -4508.1343 -4551.5078 -4564.2998 -4499.4893 -4442.2515 -4371.6318 -4379.3755 -4371.2241 -4449.2441 -4442.8687 -4493.2622 -4527.9375 -4522.8125 -4532.0811 -4492.5962 -4492.4297 -4531.9521 -4514.9473 -4448.7793 -4456.3467 -4438.8613 -4297.375 -4287.7529 -4547.4155 -4786.8975 -4795.0684 -4770.6685 -4729.1841 -4660.6665 -4710.314 -4686.8574 -4611.0454 -4605.208 -4572.3911 -4534.8794 -4514.1597
