Resources/Map/Lvl0_30x30/Ele_EL.asc
ncols         335
nrows         335
xllcorner     16805000
yllcorner     -6725000
cellsize      10000
nodata_value  -99999.0
[rows 130 to 155 of 335, columns 116 to 173 of 335]
-4941.5605 -4957.7764 -4964.7222 -5019.1357 -5024.9058 -4970.8926 -4908.1157 -4920.4551 -4912.208 -4883.5674 -4891.9902 -4883.3149 -4868.4839 -4867.584 -4868.3667 -4833.7979 -4805.8291 -4790.9775 -4772.6055 -4754.2588 -4729.2891 -4731.1167 -4733.1074 -4643.2051 -4583.3838 -4626.0723 -4645.0903 -4645.1792 -4687.3916 -4645.1729 -4547.6406 -4512.4785 -4348.5322 -4212.5195 -4276.0269 -4454.0186 -4492.9238 -4379.2759 -4391.0508 -4511.5625 -4575.1021 -4547.354 -4543.6797 -4499.8218 -4434.022 -4430.1309 -4372.605 -4394.2656 -4418.1304 -4354.6069 -4288.3584 -4149.3647 -3961.5972 -3853.7185 -3828.6104 -3847.7803 -3824.2104 -3793.6997
-5018.2832 -4952.5459 -4924.9629 -4997.0674 -4975.3506 -4912.7612 -4916.083 -4966.4683 -4949.8994 -4890.6802 -4873.2549 -4870.9683 -4864.2495 -4859.4854 -4853.666 -4824.2456 -4783.3013 -4725.9248 -4676.9194 -4661.561 -4671.5894 -4725.5981 -4729.4336 -4621.4087 -4556.6729 -4572.124 -4573.5776 -4606.3276 -4701.2646 -4761.2925 -4760.5474 -4748.0488 -4629.0488 -4386.4785 -4108.2329 -4149.8545 -4388.7051 -4479.9502 -4438.1499 -4482.2104 -4494.2212 -4508.9819 -4465.6172 -4423.0693 -4426.0303 -4479.4912 -4431.3281 -4407.4648 -4537.9219 -4479.3394 -4293.0186 -4115.7686 -3963.3848 -3882.9727 -3802.5713 -3786.6404 -3820.5894 -3845.0957
-4976.6426 -4930.7891 -4875.689 -4909.7607 -4927.2183 -4908.4038 -4909.3174 -4915.7896 -4912.9941 -4916.229 -4929.6011 -4901.7412 -4833.5366 -4814.7656 -4901.7529 -4951.646 -4898.896 -4796.1406 -4685.6353 -4646.46 -4702.8579 -4766.8853 -4645.7236 -4538.5161 -4646.7041 -4676.8135 -4475.1963 -4191.0557 -4133.1396 -4425.7456 -4645.2261 -4604.5444 -4561.96 -4525.4512 -4274.751 -4136.8945 -4335.7358 -4502.2788 -4503.5029 -4492.4902 -4494.189 -4490.7383 -4446.7349 -4456.0723 -4477.1587 -4448.4111 -4391.0776 -4380.8164 -4488.2559 -4436.8071 -4289.624 -4181.1099 -4059.7698 -3939.0354 -3890.4619 -3849.7271 -3746.7368 -3778.7378
-4937.2056 -4937.2261 -4926.4473 -4933.4121 -4932.0908 -4913.8032 -4905.2671 -4946.2964 -4980.1553 -4965.0884 -4953.5317 -4914.6592 -4799.6807 -4678.9014 -4750.7358 -4900.8604 -4898.5039 -4828.8345 -4763.3594 -4699.8066 -4712.5962 -4704.0356 -4557.2085 -4522.6206 -4622.0825 -4533.0347 -4156.7544 -3721.4282 -3514.0981 -3710.7317 -3993.3184 -4091.1926 -4189.9746 -4353.9868 -4506.0054 -4551.9385 -4550.2876 -4524.0483 -4516.7451 -4502.8594 -4551.4126 -4508.2368 -4394.77 -4425.5942 -4460.5811 -4432.2285 -4447.2075 -4426.6675 -4381.9434 -4294.729 -4254.3521 -4260.2607 -4113.9976 -3923.6545 -3947.1328 -3940.2878 -3764.2036 -3645.3711
-4958.478 -4964.0098 -4955.3691 -4973.1128 -4984.3091 -4985.0063 -4977.8652 -4993.7944 -4962.0776 -4865.0015 -4821.6514 -4829.2935 -4762.5645 -4605.6953 -4561.5591 -4677.2573 -4732.7192 -4698.3101 -4670.9185 -4727.4614 -4844.6577 -4788.6621 -4575.4404 -4490.7603 -4519.1685 -4414.2837 -4010.5981 -3561.0095 -3267.6125 -3152.8237 -3209.1125 -3350.2119 -3569.5427 -3843.8633 -4212.6567 -4526.8833 -4565.8828 -4534.4561 -4516.1558 -4467.1821 -4506.832 -4490.8506 -4391.731 -4386.3252 -4416.293 -4438.2764 -4412.5645 -4371.2065 -4326.8892 -4296.5298 -4284.5967 -4253.9893 -4127.7651 -3957.3745 -3869.5625 -3812.5076 -3727.5681 -3604.3752
-4995.0806 -4945.9395 -4843.9995 -4918.4907 -5029.1802 -5118.2983 -5156.6465 -5114.2744 -4950.5625 -4757.8228 -4735.02 -4782.583 -4780.6533 -4778.8945 -4756.6377 -4716.2788 -4677.9707 -4664.543 -4690.9927 -4763.0713 -4838.9678 -4810.3003 -4674.8511 -4640.0557 -4719.8994 -4515.8726 -3770.1528 -3132.9272 -3001.7021 -2947.9639 -2901.8462 -2930.2969 -3086.4495 -3345.3513 -3719.7622 -4165.4502 -4418.1528 -4525.105 -4495.272 -4482.8394 -4495.0371 -4488.0142 -4455.0283 -4099.394 -4169.728 -4388.6035 -4406.332 -4382.8296 -4321.9219 -4303.4297 -4333.3496 -4258.293 -4157.0454 -4049.1838 -3855.1975 -3701.6204 -3691.3357 -3694.7856
-4966.9756 -4875.5552 -4849.4351 -5014.9072 -5076.1016 -5053.813 -5013.1611 -4972.1191 -4950.1455 -4893.3203 -4871.9634 -4850.019 -4824.813 -4870.5 -4870.7974 -4797.5039 -4816.6782 -4901.4429 -4793.0469 -4357.1094 -4099.4502 -4371.6074 -4678.9639 -4765.9282 -4701.9351 -4257.5161 -3549.9214 -2961.4648 -2779.759 -2833.4773 -2967.0737 -3028.7178 -3060.3977 -3176.9951 -3441.7646 -3682.3313 -3991.2634 -4383.105 -4495.5322 -4594.0063 -4565.1401 -4478.0986 -4487.0898 -4375.6987 -4378.4028 -4431.5151 -4385.1216 -4347.29 -4364.9736 -4402.3203 -4419.918 -4289.6475 -4149.1543 -4036.7017 -3866.2539 -3626.1094 -3523.2024 -3597.6357
-5030.417 -4969.0132 -4971.2822 -5010.5869 -4931.8813 -4913.8618 -4870.5313 -4800.7104 -4854.9082 -4943.0327 -4958.3291 -4930.8154 -4901.666 -4867.8652 -4838.3091 -4902.1147 -4992.5371 -4979.0039 -4695.7183 -3994.3962 -3446.3484 -3816.0051 -4523.9561 -4784.2715 -4742.4956 -4387.1113 -3830.6582 -3270.7419 -2859.2261 -2841.5112 -3041.7898 -3149.3682 -3161.3523 -3175.9644 -3311.6443 -3533.6143 -3852.2129 -4380.7119 -4542.0234 -4580.5039 -4533.9253 -4471.0376 -4482.9048 -4453.3916 -4438.9858 -4407.8535 -4336.1992 -4337.3027 -4460.4204 -4457.7393 -4480.4102 -4403.5117 -4194.9995 -4093.1309 -4023.2468 -3810.7271 -3567.2842 -3520.5559
-5104.5298 -5088.04 -4973.8013 -4913.4014 -4870.0269 -4934.3223 -4943.46 -4897.4165 -4924.6943 -4962.6011 -4915.124 -4893.8447 -4887.6187 -4861.6597 -4872.2124 -4970.5107 -5000.854 -4870.5879 -4689.2803 -4443.8667 -4176.8408 -4322.6792 -4778.1772 -4859.1621 -4752.9756 -4616.1523 -4222.1143 -3768.9258 -3131.2134 -2694.6008 -2823.4077 -3111.6074 -3198.2361 -3194.1016 -3278.4778 -3542.3909 -3928.5083 -4400.6533 -4533.4668 -4503.3687 -4460.3433 -4470.7373 -4456.9536 -4452.167 -4421.1797 -4385.5713 -4294.2534 -4273.749 -4465.4248 -4464.3877 -4407.0596 -4371.2383 -4230.7021 -4205.4492 -4235.3633 -4195.3755 -3978.3601 -3638.0325
-5045.3179 -5075.6118 -5000.2041 -4964.0742 -4954.8228 -4955.4297 -4952.5859 -4958.8618 -5010.4561 -5036.9443 -4961.5552 -4954.7095 -4977.0581 -4914.4141 -4768.4033 -4527.4634 -4473.4849 -4658.7222 -4777.2778 -4842.2939 -4851.8647 -4865.2983 -4912.6782 -4811.2783 -4682.4868 -4551.8032 -4299.2246 -3930.4709 -3522.3064 -2994.8884 -2670.8047 -2886.4939 -3136.033 -3163.3398 -3178.1167 -3396.8689 -3760.4111 -4205.8628 -4422.376 -4450.3164 -4427.499 -4423.9165 -4451.9727 -4437.7349 -4396.729 -4352.7788 -4202.6899 -4177.4263 -4344.2837 -4359.5181 -4242.0322 -4199.3906 -4211.0571 -4177.8623 -4197.9297 -4262.9995 -4183.2153 -3723.2292
-4974.3149 -4985.4297 -4968.3711 -4959.3062 -4944.1294 -4932.0986 -4911.7793 -4926.7896 -4950.728 -4934.0571 -4853.4521 -4860.7939 -4957.8682 -4961.6372 -4589.3159 -3873.6191 -3611.3723 -4165.5996 -4739.7021 -4881.9863 -4835.748 -4817.9351 -4841.1763 -4765.0156 -4498.271 -4178.311 -4041.5249 -3898.0481 -3641.356 -3249.1843 -2755.3611 -2770.6855 -2999.3911 -3080.8899 -3064.4531 -3269.5288 -3620.0713 -3917.3506 -4070.606 -4122.8833 -4096.8765 -4173.7896 -4344.0254 -4396.4546 -4363.6816 -4346.2393 -4198.1011 -4224.7222 -4296.7178 -4160.4321 -4034.373 -4130.3564 -4247.8711 -4252.5903 -4238.7446 -4236.8462 -4203.584 -3945.793
-4941.1479 -4947.7471 -4936.1382 -4923.7686 -4918.6333 -4947.0693 -4958.2651 -4929.4209 -4899.6401 -4857.4531 -4857.8853 -4911.1235 -4978.7891 -5059.5156 -4887.5806 -4375.7754 -4081.801 -4383.2358 -4790.3271 -4902.8765 -4857.5991 -4830.2832 -4834.9722 -4710.2095 -4326.3716 -3865.6416 -3734.8037 -3725.4639 -3470.979 -3214.7131 -2993.042 -2852.4756 -2892.9937 -2942.2827 -3049.3845 -3253.3296 -3549.8047 -3761.1042 -3778.2368 -3720.8079 -3795.7009 -3882.2834 -4108.0527 -4336.3364 -4336.7744 -4261.355 -4066.3992 -4221.8047 -4360.2544 -4140.8779 -4060.9844 -4178.3125 -4289.1875 -4306.2207 -4269.3721 -4267.1455 -4222.2935 -4103.9888
-4969.2388 -4946.4819 -4921.4512 -4910.2954 -4885.8511 -4884.2222 -4932.6924 -4932.0474 -4914.0532 -4899.4346 -4916.8394 -4971.5073 -5033.4106 -5094.2603 -5095.1733 -5016.7881 -4900.0688 -4833.4644 -4858.8711 -4886.4966 -4880.8423 -4860.9355 -4829.0581 -4797.3364 -4586.2793 -4128.7715 -3805.7327 -3730.5049 -3562.9844 -3344.5601 -3240.9639 -3074.4834 -2869.385 -2727.7595 -2858.9082 -3247.9827 -3585.4998 -3755.6821 -3802.0476 -3786.8792 -3652.2612 -3575.7971 -3727.9121 -4077.2246 -4227.2334 -4166.6533 -4054.7354 -4230.6426 -4339.6958 -4191.6978 -4177.144 -4247.998 -4231.2378 -4172.6621 -4230.5737 -4301.999 -4199.4712 -4038.6506
-4978.0884 -4938.9404 -4936.3032 -4950.1987 -4938.333 -4917.8784 -4931.5381 -4934.5112 -4929.7944 -4926.7549 -4917.1699 -4913.5332 -4923.4385 -4934.2705 -4942.8872 -4956.1069 -4933.1592 -4885.3867 -4863.4189 -4856.9019 -4849.5298 -4821.5776 -4779.0698 -4791.6782 -4760.8242 -4560.8037 -4325.1455 -4150.3818 -3990.5051 -3742.2651 -3511.2986 -3294.8262 -3069.9065 -2809.3994 -2712.8162 -3092.6851 -3478.5776 -3724.438 -3844.4421 -3823.8333 -3655.6279 -3533.3486 -3665.9922 -3928.5081 -4111.208 -4157.0708 -4196.4111 -4272.3936 -4263.5625 -4190.4282 -4166.29 -4209.9409 -4195.5776 -4141.7427 -4218.7866 -4231.9839 -4126.4556 -3989.6089
-4932.9946 -4880.7026 -4823.7715 -4821.8833 -4867.5693 -4920.8833 -4928.9556 -4912.3931 -4914.1743 -4924.3745 -4912.2959 -4900.9395 -4922.1953 -4922.9292 -4876.1479 -4872.5498 -4889.1118 -4877.0684 -4857.0581 -4836.6377 -4815.9839 -4833.4399 -4847.6787 -4798.1782 -4720.4429 -4659.8838 -4637.9663 -4615.0239 -4514.0464 -4293.3701 -3994.5288 -3733.6211 -3574.6689 -3296.4236 -2900.6431 -2904.4856 -3279.1577 -3591.4792 -3834.3823 -3880.9482 -3771.5737 -3632.1792 -3756.5789 -3978.0908 -4248.875 -4364.3564 -4343.0796 -4285.7075 -4209.3638 -4178.8433 -4157.5723 -4120.0298 -4127.6738 -4126.1709 -4107.6865 -4103.2144 -4099.1021 -4038.3713
-4865.1221 -4845.4419 -4696.7651 -4617.6606 -4701.2026 -4839.8643 -4890.4956 -4845.3027 -4845.0615 -4868.5151 -4772.9937 -4687.5522 -4743.9478 -4751.1919 -4688.1523 -4761.2925 -4893.7139 -4938.2515 -4845.479 -4667.8618 -4605.0562 -4769.9087 -4902.2944 -4852.1362 -4750.8647 -4698.5186 -4663.8037 -4638.8442 -4652.5039 -4609.0542 -4450.4185 -4234.7734 -4114.5225 -3947.7258 -3589.2034 -3101.2056 -3283.8647 -3625.48 -3793.0186 -3965.1306 -3992.9287 -3873.3923 -3865.8098 -4090.271 -4352.4424 -4466.127 -4465.2539 -4369.9746 -4236.4321 -4267.0342 -4268.4341 -4145.3843 -4153.1377 -4138.3008 -3942.2258 -3896.8591 -4009.7625 -4057.9189
-4814.0474 -4817.292 -4788.561 -4720.7197 -4648.0767 -4710.8262 -4830.8208 -4816.3638 -4758.5933 -4708.8252 -4547.376 -4381.8154 -4394.4927 -4464.6138 -4593.7495 -4800.5757 -4954.2954 -5029.6289 -4863.7158 -4534.7769 -4520.5923 -4803.6211 -4958.3159 -4940.144 -4875.7817 -4777.5864 -4683.0728 -4637.3442 -4667.8779 -4689.1001 -4668.1997 -4569.3179 -4474.0547 -4399.5903 -4264.4556 -3822.7275 -3746.3247 -3970.8374 -3997.1592 -4069.3875 -4138.9751 -4122.6714 -4161.0225 -4367.4199 -4473.0366 -4483.6396 -4502.6431 -4366.5459 -4257.1582 -4351.2329 -4346.1323 -4168.9624 -4134.2197 -4113.9551 -3927.3562 -3855.1294 -3906.7234 -3929.0898
-4911.0293 -4866.2051 -4921.7705 -4934.2041 -4795.2061 -4722.3359 -4795.0908 -4788.3711 -4699.6953 -4643.731 -4603.2505 -4547.5498 -4508.1665 -4550.021 -4707.4556 -4877.5776 -4953.6123 -4992.4912 -4912.0688 -4686.6245 -4689.5625 -4812.8359 -4794.2524 -4810.0967 -4847.6758 -4770.6328 -4683.3857 -4641.3564 -4644.7749 -4667.4224 -4685.7266 -4690.3066 -4604.123 -4492.0513 -4386.4058 -4249.5688 -4232.4072 -4305.9546 -4257.6401 -4244.5234 -4301.0225 -4365.9121 -4441.2646 -4533.6313 -4493.0479 -4445.5625 -4466.8149 -4396.168 -4380.6392 -4434.9604 -4336.9063 -4181.1792 -4187.0103 -4110.5015 -3921.6997 -3857.4407 -3868.843 -3842.7788
-4997.1904 -4971.8535 -4976.7866 -4978.8711 -4936.7036 -4854.2583 -4759.7964 -4659.0957 -4590.4487 -4567.1162 -4606.2769 -4681.4741 -4698.1875 -4730.7114 -4804.4873 -4914.7988 -4971.2036 -4961.603 -4956.6807 -4891.0337 -4837.9019 -4724.4565 -4598.7998 -4630.8359 -4698.2515 -4705.0259 -4698.1123 -4676.1934 -4669.6479 -4650.7905 -4651.6748 -4678.7163 -4615.7344 -4491.2686 -4342.9731 -4264.0293 -4269.6338 -4282.8354 -4317.731 -4350.3389 -4353.6753 -4416.8389 -4475.9844 -4522.0034 -4493.9019 -4479.3057 -4450.4492 -4386.8062 -4430.5078 -4414.3784 -4299.8442 -4171.4946 -4122.3184 -4068.5154 -3967.6794 -3928.7905 -3851.3826 -3663.4487
-5109.3267 -5087.251 -4984.7129 -4875.2739 -4896.7407 -4895.4961 -4769.8066 -4664.5483 -4630.0459 -4625.8394 -4662.1079 -4683.9102 -4748.4414 -4907.3418 -4965.1187 -5004.1655 -5030.397 -4941.6304 -4883.7617 -4884.6816 -4872.6299 -4751.4648 -4635.4668 -4641.9883 -4683.6553 -4715.2866 -4740.7563 -4754.251 -4809.9053 -4754.6079 -4617.6182 -4603.2925 -4618.7573 -4511.4482 -4354.4785 -4255.481 -4178.4365 -4220.0547 -4372.5269 -4435.6523 -4374.9922 -4402.9536 -4438.0493 -4476.8643 -4560.3384 -4531.2642 -4451.9937 -4438.4795 -4440.4927 -4299.3989 -4256.3818 -4204.5918 -4037.6887 -3919.6384 -3858.4854 -3861.3962 -3824.0452 -3621.3628
-5178.585 -5185.3589 -5072.4927 -4891.3252 -4872.7378 -4913.522 -4850.8574 -4761.2363 -4728.7676 -4784.8696 -4814.3633 -4757.2705 -4800.0234 -4914.9604 -4917.3286 -4923.8853 -4941.7817 -4905.2134 -4878.5581 -4857.9546 -4854.6743 -4773.3496 -4658.2578 -4720.1519 -4849.5557 -4861.6265 -4799.1909 -4791.1948 -4895.5654 -4866.6079 -4662.2197 -4551.1885 -4547.728 -4451.2446 -4327.5474 -4303.0142 -4246.4497 -4275.7114 -4380.3506 -4480.8213 -4474.9126 -4484.0542 -4509.501 -4515.3516 -4573.0898 -4528.5898 -4518.6064 -4562.7153 -4435.9189 -4185.6196 -4177.8604 -4177.9194 -4007.0449 -3856.1406 -3781.7874 -3716.9502 -3724.6406 -3692.8618
-5148.7446 -5153.0908 -5119.7676 -4983.7905 -4930.4785 -4976.6514 -4942.3433 -4841.5781 -4810.1855 -4886.9375 -4893.4199 -4826.1353 -4854.6484 -4890.6714 -4843.0479 -4836.5327 -4887.8159 -4928.3965 -4903.9922 -4862.7705 -4857.9556 -4784.499 -4685.8511 -4778.6167 -4950.0137 -4974.564 -4896.1792 -4823.4824 -4839.1367 -4886.8301 -4779.3169 -4585.8018 -4521.627 -4428.2246 -4341.6836 -4397.3545 -4410.1396 -4407.3203 -4409.4629 -4520.04 -4568.6816 -4599.3413 -4633.9795 -4620.9199 -4589.2432 -4520.2734 -4548.6826 -4629.103 -4519.7085 -4320.1816 -4205.5229 -4092.2505 -3992.6162 -3913.8423 -3814.332 -3656.324 -3611.5425 -3668.281
-5075.6328 -5000.2544 -4988.5542 -4938.4609 -4904.0103 -4925.0171 -4908.6694 -4877.0757 -4888.6602 -4895.9497 -4874.415 -4862.0522 -4881.8281 -4892.5894 -4884.7661 -4871.9219 -4896.3652 -4928.4844 -4854.7842 -4811.1426 -4836.6138 -4809.3696 -4777.3096 -4833.3174 -4926.3633 -4944.2646 -4923.3555 -4872.3613 -4831.48 -4874.6377 -4829.2334 -4662.2549 -4555.6553 -4463.4131 -4441.5273 -4476.7144 -4455.207 -4474.4287 -4451.8667 -4531.2222 -4596.4917 -4660.1538 -4667.29 -4654.2842 -4630.2983 -4542.2578 -4523.6641 -4632.4111 -4617.8887 -4501.6816 -4312.9268 -4108.8242 -4056.7341 -3996.1062 -3797.1748 -3617.374 -3571.3328 -3662.5801
-5037.4609 -5001.9531 -4933.6763 -4844.7075 -4833.0264 -4890.5786 -4888.4917 -4875.1753 -4906.3315 -4896.6782 -4867.7676 -4866.9883 -4864.2627 -4851.3267 -4869.3716 -4851.4355 -4824.8037 -4814.1162 -4737.9722 -4726.6021 -4787.2612 -4796.2222 -4813.4414 -4873.9639 -4933.3804 -4896.9844 -4863.5049 -4869.3228 -4813.2231 -4793.9302 -4810.709 -4768.7935 -4659.0239 -4518.6479 -4547.0874 -4633.3823 -4577.4063 -4505.6426 -4451.2905 -4548.9258 -4648.9395 -4684.8179 -4696.3296 -4740.3569 -4697.2114 -4592.5815 -4520.4072 -4569.5537 -4597.0005 -4554.0547 -4404.0918 -4209.3022 -4092.7896 -4000.2981 -3810.7644 -3610.7188 -3550.8826 -3646.9058
-5000.3032 -5020.8257 -4975.8701 -4887.4399 -4891.3911 -4927.7388 -4897.5308 -4862.6094 -4900.5786 -4904.2944 -4852.8057 -4817.9692 -4817.4883 -4808.23 -4817.1353 -4806.0479 -4791.4312 -4789.6216 -4736.5259 -4700.4614 -4756.3491 -4791.0615 -4794.1108 -4835.373 -4874.5098 -4830.0024 -4807.4863 -4848.0503 -4771.6885 -4663.8442 -4654.2988 -4666.3882 -4686.022 -4650.4429 -4694.4678 -4764.8613 -4681.5107 -4561.7017 -4512.0977 -4587.0796 -4681.6807 -4686.8809 -4713.8242 -4795.0283 -4737.375 -4619.8545 -4468.3545 -4435.0386 -4488.5796 -4520.6548 -4432.3774 -4255.1123 -4101.5332 -4016.6328 -3864.6023 -3642.634 -3580.9792 -3682.3079
-4938.4575 -4924.335 -4928.4194 -4881.2642 -4854.7974 -4862.2056 -4840.6899 -4841.2554 -4901.5708 -4917.3647 -4835.1953 -4769.1865 -4758.0532 -4754.9224 -4752.7822 -4760.3486 -4796.5332 -4822.4731 -4810.0737 -4784.1162 -4803.3359 -4825.5181 -4827.73 -4845.2256 -4839.98 -4808.6543 -4764.7266 -4787.2832 -4771.5967 -4660.7944 -4607.1616 -4586.8511 -4671.0156 -4770.4961 -4766.707 -4730.127 -4693.752 -4669.2446 -4642.9224 -4654.8022 -4726.6709 -4689.438 -4698.354 -4767.1187 -4750.6685 -4663.7959 -4508.417 -4452.4028 -4438.0049 -4440.5225 -4393.8945 -4172.2988 -4038.3804 -4042.2178 -3908.6296 -3769.6428 -3782.2554 -3819.9011
