Resources/Map/Lvl0_30x30/Ele_BJ.asc
ncols         335
nrows         335
xllcorner     10105000
yllcorner     3325000
cellsize      10000
nodata_value  -99999.0
[rows 81 to 107 of 335, columns 61 to 121 of 335]
1154.4836 1038.4982 1107.0247 1090.3544 1090.0928 1144.0669 1174.4529 1178.4249 1257.8741 1411.9443 1349.1317 1401.2552 1196.9691 1154.8141 1214.3215 1284.9708 1336.1099 1370.7598 1413.8842 1600.1658 1518.9818 1473.2678 1479.7449 1592.0984 1687.3752 1926.8523 1689.5093 1998.849 2181.0308 2093.5305 2120.1914 2264.3953 2134.9175 2258.7244 1857.1101 1597.135 1791.2876 1489.2635 1504.6296 1632.1549 1899.0183 2147.5156 2230.1912 2069.0654 2347.8127 2127.7434 1934.3811 1880.8313 1861.9147 1667.3928 1760.1016 1621.2014 1620.5756 2044.2351 1963.6168 1506.5732 1205.9894 1241.1613 1213.5901 1029.1882 1070.5043
1191.7375 1206.376 1341.0948 1208.7621 1079.9247 1164.4063 1135.1273 1133.0887 1347.1945 1190.8883 1113.0402 1069.1373 1133.8945 1323.6952 1698.9543 1851.4473 1982.172 1975.9357 1711.4274 1613.8893 1778.755 1871.6093 1862.2697 1966.1351 1919.9059 1883.5889 2126.606 2364.7246 2362.8679 2302.3311 2376.1401 2217.2461 2165.021 2035.969 2132.4089 2192.9204 2057.2903 1799.5964 1454.0227 1445.1664 1490.8774 1899.3433 1893.5328 1825.6469 2554.8787 1965.7417 2050.7224 1809.5035 1808.8861 1784.2068 1866.7755 1656.6753 1797.2607 1541.1917 1699.5421 1468.1256 1186.163 1430.2018 1416.5521 1809.2098 1418.1617
933.7573 1002.1427 1069.7855 1038.8684 1103.5432 1025.7478 990.2384 1162.0989 1276.0392 1280.0856 1490.1677 1509.6707 1569.5186 1598.5267 1424.9669 1541.6602 1652.8649 1800.0532 2203.0012 1834.5125 1946.1953 1948.6007 2087.7473 2458.7771 2170.8887 2190.2312 1989.8145 2313.5549 2241.0979 2229.9141 2209.2563 2566.9937 2271.0715 2286.7556 2297.5547 2227.4268 2125.5073 1985.0778 1597.4398 1618.6051 1939.5806 1963.2241 2194.3894 1724.7164 2077.1589 1959.2284 2060.1621 2295.4661 2087.0923 1937.8358 1925.1882 1745.5577 1540.8738 1409.2633 1439.7803 1500.2958 1584.9021 1341.2727 1369.1949 1296.5981 1315.2156
1104.7036 954.1065 968.3499 1090.9756 1389.8419 1461.3048 1564.4857 1732.6534 1688.762 1406.276 1470.2222 1472.5956 1444.5028 1556.1295 1644.1115 1931.4604 1791.5929 2095.0332 2059.127 1954.0425 2100.7417 2013.2856 2060.1394 2000.5486 1963.9451 2043.4359 2278.5547 2031.9652 2095.3433 1872.8541 2188.5486 2068.8367 2128.7625 2158.9961 2127.6106 2062.688 1783.7336 2017.6443 1917.5215 1872.7095 1451.5159 1696.4514 1846.8594 1590.1327 1982.0165 1823.7415 2059.2012 1884.4082 2116.0764 1859.2428 1805.2324 2197.925 2045.068 1469.0836 1885.9431 1850.245 2033.4941 1817.0209 1434.5575 1501.3298 1283.5997
1012.3912 981.4704 1000.9295 1030.5062 1250.3352 1408.1566 1315.1041 1382.0773 1441.4213 1360.3463 1438.463 1548.0933 1509.6429 1457.1766 1581.6671 1592.899 1935.0154 1915.1563 1915.8761 1949.3285 1559.2772 1627.9174 1577.3323 1915.2798 1911.0458 2209.4661 2066.9539 2165.1069 2451.5344 2143.3523 2467.1003 2612.3452 2071.4746 1989.1888 1950.0402 1793.4561 2191.0938 2072.582 2045.2798 1919.5464 1950.6406 1756.3735 1771.6387 1885.4233 1636.2727 1979.0288 1998.0839 1857.9385 2091.2219 1990.2773 1760.7279 1779.512 1560.5338 1535.2366 1705.4993 2013.3015 2222.5608 2010.1942 1966.8395 1722.4165 1452.2052
1030.0012 1036.0792 996.8652 1038.3348 1156.6914 1131.1774 1248.1177 1205.7078 1206.4457 1202.0221 1240.1997 1183.2819 1134.7723 1291.6393 1358.0918 1531.6786 1628.1278 1664.7019 1275.9716 1439.9915 1636.0112 1869.7502 1960.6907 1941.7806 2040.6727 2276.0232 2017.2339 2255.731 2325.9316 2365.2979 2053.8647 2245.1582 2541.6909 2215.033 2307.115 2013.0222 2092.9995 2075.4761 2086.7058 1910.8928 1780.829 2246.7502 2165.8215 2121.6687 1824.9794 1575.8315 1755.7743 1971.3657 2112.2468 1900.9618 2164.2305 2055.8623 1898.26 2174.3264 2001.0306 2353.4314 2032.4401 2186.7002 1993.1476 2033.4478 1497.3562
1261.167 1068.4589 1191.314 1164.9272 1155.8591 1157.4275 1347.9172 1223.5612 1306.4191 1303.6747 1197.2131 1340.6913 1530.4347 1712.6133 1626.1897 1522.2341 1213.0907 1229.8356 1499.0184 2114.7517 2100.5276 2175.3413 2112.7803 1849.8517 2039.8549 2203.6804 1900.6362 1822.8911 2314.2654 2256.2419 2468.8904 2477.1763 2495.3342 2213.957 2031.5223 2352.3992 2236.1914 2093.3401 1971.3445 2137.5842 2051.8279 2026.4625 2176.8467 1874.3486 1733.895 1811.5719 1817.2941 2023.3937 2252.0908 2194.7258 2403.0022 2310.0535 2337.2053 2325.3789 2169.0173 2323.9834 2284.3862 2353.5452 2309.6614 2148.6016 2089.95
1522.4556 1296.203 1277.3918 1314.3438 1196.1879 1333.8983 1452.4575 1287.151 1338.7059 1392.3156 1419.7515 1760.295 1386.4811 1454.3317 1956.5638 1652.6006 1489.2328 1729.3506 1588.4781 1742.8009 1679.2988 1900.0793 2055.1572 2329.7136 1797.1204 1677.7739 2033.7594 2025.796 2276.7031 2156.1692 2215.1462 2519.6042 2342.5703 2707.2383 2239.5344 2450.1033 2624.5486 2258.314 2285.0706 2164.2957 1866.2679 2063.5757 1963.2421 1814.7972 1964.5679 1873.4429 1807.7201 2232.4973 2393.9055 2323.7119 2210.2898 2499.9924 2249.0303 2084.178 2125.0281 2163.9331 1932.8885 2068.7524 1660.8728 1771.8837 2066.7468
1419.5983 1613.2876 1535.0077 1612.5746 1238.8558 1579.6736 1356.2275 1395.1842 1355.3145 1398.3081 1408.6853 1335.808 1416.8413 1362.8192 1850.0222 1740.2742 1783.5027 1826.2668 1969.5634 1987.5162 1958.2192 1733.8967 1408.1124 1358.5746 1500.5071 2045.113 2165.8911 1949.557 2003.0204 2107.7461 1902.7092 2069.6565 2417.7014 2480.697 2514.0527 2744.0459 2555.7483 2307.5405 2201.5012 2160.3894 2254.1245 2264.9148 2311.8135 2101.3025 1833.6382 2018.5427 2079.8772 2081.9495 2017.208 2020.6823 2027.6766 2146.9492 2068.9905 2136.4106 2175.7991 2262.0415 2338.3171 2160.4463 2232.9973 2049.6292 2602.4065
1753.7383 1537.208 1684.4906 1844.2421 1680.6108 1460.567 1525.2025 1436.7889 1343.2762 1385.6814 1598.3951 1470.8824 1659.9333 1490.7428 1455.7664 1666.4286 1976.9606 1896.0559 2049.3733 2278.5396 1888.1233 1416.7482 1580.7683 1570.7136 1778.4197 1973.7787 1918.6741 1993.8955 2202.8674 2357.832 2383.4211 2041.0924 2118.4827 2346.8606 2327.6196 2376.3843 2264.97 2148.3413 2123.6238 2541.303 2360.9192 2387.6558 2297.874 2191.7632 2244.5552 2374.8967 2422.4285 2075.8027 2338.3435 2168.5044 2206.1672 2205.9712 2251.9661 2429.6165 2527.9507 2426.9146 2542.1836 2540.1899 2530.9097 2209.0569 2359.8069
2144.5923 1577.6234 1681.4845 1900.4948 1843.5125 1943.1616 1812.7999 1830.5035 1821.0004 1738.998 1942.2278 1713.0754 1802.4424 1649.1764 1728.1809 1727.561 1979.3711 1721.151 2070.7095 2026.0934 1780.1721 1891.1566 2031.6798 1967.953 2022.4301 1949.9352 2128.4482 2196.3672 2162.7668 2340.2622 2040.7393 2084.4978 1832.9427 2205.8362 2367.189 2100.3125 2069.5859 2292.4534 2759.2732 2339.9009 2643.2449 2503.447 2537.6064 2436.5576 2660.7705 2498.8369 2609.7495 2840.4458 2437.8079 2167.8899 2228.8821 2207.636 2458.6704 2370.7678 2203.3271 1798.019 1822.6652 1238.4088 1056.0601 1005.6998 1286.5707
1338.6553 1594.438 1889.03 2012.8324 1861.2214 2002.238 1853.45 1896.6318 1907.3342 2129.1033 2122.5605 2052.9155 2115.9299 1868.3225 1903.4315 1690.6088 2118.6892 2235.7886 1924.6018 2198.6252 1635.0326 1913.6565 2282.188 2087.897 2254.5068 2094.5884 1910.2289 2029.9409 2341.7974 2372.1799 2277.0742 1743.6906 2018.0345 2116.0649 1865.572 1751.6849 1881.0265 2393.9026 2416.4385 2359.915 2304.6887 2520.0425 2338.7703 2216.0183 1915.6147 1861.1454 1850.2041 1800.6907 1984.6008 2040.782 1834.2358 1738.9974 1427.2289 1560.0298 1537.1105 1278.4095 1083.2622 1091.9083 1055.5109 908.5032 857.5452
1391.8092 1481.1064 1756.6588 1502.6753 1895.8436 1931.7913 1583.6854 2008.4664 2253.7793 2212.1726 1975.5609 1686.8461 2009.3335 2335.9036 2344.7478 2444.8611 1764.9277 1710.5151 1733.7421 1645.0414 1317.0953 2118.4761 2037.6411 2177.2009 2054.0129 2157.2722 2358.4165 2219.2234 2511.719 1986.7303 2145.594 1830.4027 2218.1787 1888.8911 1835.9651 1711.8521 1828.4348 1635.7637 1666.6289 2536.3274 2332.1973 2557.1147 2623.1294 2371.781 2258.7705 1878.4454 1675.1343 1647 1683.4882 1850.0104 1744.7153 1754.0359 1952.0856 1947.9231 1989.4688 2013.7534 1788.8585 1611.5371 1649.7684 1429.7947 1569.7631
1338.5919 1434.8975 1396.0326 1441.7329 1663.1248 1414.87 1742.2766 1808.887 1811.1926 2089.4548 2100.1487 1643.049 1521.2877 2112.594 1968.6151 1669.2478 1438.714 1726.2559 1489.4241 1482.5482 1513.9363 1641.2604 1884.2334 2153.6301 1630.4603 1685.9934 1996.4006 1734.1646 1622.7235 1671.6061 1612.3838 1730.5835 1855.7892 1719.6724 1735.7174 1582.8003 1619.0697 1596.7424 1549.8744 2233.1438 2243.5679 2373.9827 2501.3582 2211.8892 1942.6692 1741.4011 1647 1647 1647 1654.1962 1741.0908 1928.6421 2045.8904 2047.2915 2184.2356 2164.2031 2232.3901 2098.3245 2227.2512 2446.0679 2197.4082
1249.9216 1437.0587 1232.5177 1341.0161 1221.8308 1103.6444 1375.5966 1375.9231 1511.5781 1495.7203 1769.4508 1340.8436 1138.3224 1222.4125 1557.188 1491.3854 1700.5088 2114.51 1585.4104 1161.9144 1750.0752 2227.2661 1861.4509 2046.0508 1907.9994 1935.4769 1800.3259 2107.8977 2400.231 2331.5632 1821.4825 2076.0337 1777.1385 1744.8752 1571.1219 1544.5688 1540.7515 1540.92 1546.4677 1628.5385 2283.9233 2470.7209 2409.3186 2302.8962 1704.0369 1693.0104 1930.2903 1647 1647 1647 1688.5237 1979.5201 2022.2028 2164.4192 2307.3645 2336.3347 2055.6318 2201.5481 2061.1533 2157.8479 2463.1782
1303.2914 1274.5146 1187.6804 1184.5847 1271.7716 1497.7058 1306.0204 1236.1877 1318.5031 1573.4128 1353.0612 1255.3969 1394.8463 1598.5662 1750.3325 1623.5662 2101.8999 2081.7668 1320.3597 1240.2762 1542.2827 2187.0593 2378.7576 2248.9067 1643.3641 2236.7732 2383.5027 2155.9937 2325.5544 2447.1965 2114.083 2062.1821 1985.0509 1662.1957 1585.6937 1555.3816 1538.6072 1544.1923 1549.6818 2062.1047 2279.1462 2216.5837 2466.6323 2674.0354 1647 1647 1647 1647 1647 1647 1699.444 1786.0298 2013.1101 2146.5029 2095.0298 2163.8997 2060.8098 1932.545 1693.9761 1927.5444 2039.6439
1237.7941 1570.2861 1255.8075 1535.8873 1574.3134 1576.9829 1289.7294 1159.2994 1494.8647 1640.4257 1651.4863 1679.9722 1678.4137 1758.0222 1998.7637 1818.2708 2147.8013 1736.358 1229.3707 1339.3021 2110.0027 2342.4722 2087.8621 1862.3074 2057.8721 2082.2615 2058.9907 2330.104 2399.6917 2261.6995 2451.1387 2334.4099 1949.4614 1901.9808 1658.434 1540.7355 1539.7113 1583.9253 1756.8756 2037.1736 2249.311 2107.4661 2133.7634 2339.6099 1849.3016 1647 1647 1647 1647 1649.723 1826.7423 1913.8917 2015.312 2080.9692 2068.689 1986.6329 1966.3561 1758.4512 1637.5474 1663.39 1680.4242
1089.6704 1349.0214 1429.8024 1657.5035 1345.428 1380.9025 1087.3119 1564.6628 1628.3705 1773.2584 1850.6707 1831.4224 1934.6942 1557.3802 1924.9465 1982.5881 2092.1179 1410.531 1281.7444 1488.6689 2016.6838 2290.9602 2066.2007 2463.3938 2038.9116 2216.4941 2392.0369 2207.8555 2400.127 2398.959 2319.1147 2051.9573 1780.8706 1608.4625 1647.5983 1566.9282 1540.9463 1562.5095 1749.1768 1746.1786 1938.1727 1860.4823 2169.0481 2298.4006 1979.1571 1647 1647 1647 1647 1670.8115 1787.4647 1892.9598 2059.8923 2091.2522 1820.5717 1926.0066 1766.6609 1668.0669 1794.4263 1519.6183 1719.0195
1371.2587 1408.1234 1204.2094 1480.556 1437.2963 1623.8075 1399.8318 1152.4871 1517.3094 1174.5035 1296.4094 1329.8834 1636.162 1956.7123 2198.6084 2237.8223 1842.9969 1362.234 1394.5835 2347.8523 2534.6348 2385.7478 2550.8037 2561.3943 2503.3167 2083.9424 1951.0305 2445.2986 2406.3936 2491.2776 2165.9204 1980.1733 1771.1986 1579.67 1549.854 1541.9884 1555.2786 1574.8445 1622.0116 1707.2449 1963.0863 2243.4407 2014.9147 2023.5764 1919.4893 1647 1647 1647 1647 1686.861 1847.843 1963.5421 1998.7505 1753.5402 1773.3309 1801.4829 1904.3741 1860.4777 1351.7146 1641.3043 1580.4829
1621.9224 1474.0587 1242.5894 1563.3665 1581.8048 1701.8699 1595.4713 1555.0092 1367.6261 1743.6294 1581.1699 1383.6429 1939.5393 2049.7644 1940.2451 1752.1777 1817.2449 1408.771 1390.5751 2436.5193 2189.3477 2171.2324 1984.5885 2443.8042 2503.5261 2600.6926 2503.2134 2184.3782 2433.8518 2131.1355 2002.4377 1909.3026 1715.8939 1583.7034 1558.7461 1554.879 1577.5912 1740.7037 1807.8746 1840.7068 2358.644 2481.1719 2350.2168 2187.0461 1647 1647 1647 1647 1652.7523 1826.6306 1929.1399 2027.4086 2010.4052 1890.228 1867.0242 1511.2316 1422.6992 1670.3978 1758.0455 1480.1569 1351.0581
1712.4535 1443.2006 1372.1466 1887.9828 1723.469 1448.7179 1344.3274 1240.8937 1429.3075 1517.2748 1892.649 1835.2246 1612.5098 1419.5513 1473.4034 1468.0135 1824.4084 1845.6691 1793.5649 1968.2303 1676.0261 2113.2507 2284.7722 2241.7446 2368.3096 2624.9229 2908.4429 2579.3154 2432.7559 2255.2905 2195.3247 1869.9172 1677.9425 1657.7494 1591.2037 1637.8647 1889.3882 2588.7439 2487.323 2428.6973 2467.573 2365.6077 2118.301 2409.9685 1647 1647 1647 1689.5446 1815.3971 1956.9957 2072.9233 1913.6641 1854.6254 1808.3721 1856.2795 1822.9064 1884.5181 1377.6395 1543.9143 1280.6449 1580.4464
2078.2839 1698.4875 1693.877 2038.9615 1917.3944 1798.7476 1446.167 1495.066 1357.7014 1687.1211 1665.593 1669.3857 1771.7601 1699.8582 1604.2716 1367.0919 1325.4762 1599.1594 1580.0188 1677.8893 1971.9211 2186.4851 2355.655 2489.4314 2475.3958 2323.2971 2776.5332 2550.9873 2322.209 2172.499 1903.4866 1730.4824 1627.6046 1628.6632 1647.0024 1800.3489 2088.8806 2674.2646 2412.4175 2366.6277 2257.0278 2281.991 2464.2502 2075.969 1647 1647 1651.1935 1703.1337 1848.6299 1870.1191 1741.9302 1802.5819 1925.172 1798.797 1641.8085 1772.1824 1594.5427 1614.4735 1246.4862 1389.7391 1692.6454
2472.8008 2200.6252 2346.0513 2048.1313 1969.0452 2154.9426 1895.967 1759.1057 1583.512 1660.5745 1607.8009 1491.8934 1352.3322 1298.5439 1300.4272 1301.4404 1421.7109 1753.2628 1637.3782 2305.2034 1867.2607 2157.802 2232.5925 2439.6482 2408.5342 2212.3936 2487.0222 2448.9473 2411.6062 2474.5981 2191.6533 1966.1987 1754.4657 1887.9221 1881.0848 2314.6716 2392.3923 2627.4109 2405.8198 2481.0845 2436.8945 2491.3455 2467.7002 1952.5322 1647 1647 1677.6215 1683.7206 1708.8121 1593.1259 1673.4952 1604.1216 1587.1985 1598.0035 1544.6219 1459.9155 1535.6641 1510.5953 1463.3389 1416.801 1446.1754
2295.7615 2282.3328 2493.7478 2305.6819 2527.248 2475.1851 2077.9531 2040.0505 1680.7939 1423.4987 1437.1169 1688.2644 1544.5369 1427.9054 1362.7317 1468.5024 1470.2301 1760.3181 2158.3623 2317.8474 2253.9695 2112.5999 2160.2195 1991.9023 2283.4888 2309.322 2370.2383 2430.6885 2338.0381 2139.1746 2030.6559 1914.7151 2079.5959 2441.4656 2389.4658 2299.592 2433.1335 2423.551 2447.334 2604.4639 2430.6626 2191.9304 1914.8636 1647 1647.006 1647 1662.203 1711.6533 1726.9474 1626.0188 1439.6033 1522.1597 1653.3149 1541.2021 1374.137 1436.7576 1466.5764 1382.6295 1129.6135 1127.8259 1488.6829
2019.9834 2080.2332 2532.5234 2624.2124 2371.9778 1906.7535 2004.8987 1739.3672 1863.9606 1703.2864 1858.905 1922.8522 1833.6984 1942.594 1923.23 1718.5581 1896.5123 1739.9912 2196.1592 2120.6658 2469.4883 2056.1836 2158.2732 2106.2334 2145.0364 2081.3552 2105.2903 2254.4712 2363.093 2295.9021 2141.8027 2012.4133 2060.3635 2246.0942 2047.6356 2190.0679 2200.9753 2253.8691 2378.8975 2410.5696 2232.396 2215.4949 1788.1077 1657.8008 1899.0042 1799.5836 1745.4063 1917.4171 1911.8016 1628.5369 1691.3582 1426.809 1524.1969 1268.6768 1262.2233 1285.3635 1276.4955 1276.5721 1158.5089 1265.0663 1313.7965
2454.6606 2575.1946 2501.415 2450.9666 2385.5708 2246.429 2345.8784 2158.7004 2279.4053 2145.5303 2122.2454 2163.2129 1909.8749 1791.4243 1704.7119 1838.5604 2034.8522 2010.7106 1991.8148 1932.5168 1875.5906 1884.8455 1833.3944 2165.3782 2404.21 2299.636 2307.6289 2299.9883 2254.8044 2036.6125 2017.9109 2114.7229 2209.4644 2112.6086 1988.8252 2383.7654 2526.1143 2289.5732 2134.2012 2081.2039 2169.51 1968.167 1831.5669 1698.9299 1982.5277 1909.1373 1879.7407 1984.9956 1700.5935 1711.0834 1574.5768 1435.6271 1393.7548 1466.723 1741.6591 1699.1818 1647.45 1426.9965 1475.9161 1680.7574 1614.478
2179.9861 2375.3135 2546.4285 2296.6204 2185.6362 2545.231 2332.2827 2218.5444 2026.7493 1934.6543 1930.0313 1734.3206 1749.3685 1844.2906 1978.1954 1925.4792 2110.8259 2071.7419 2109.2961 1908.5129 2000.4319 2084.532 2183.5276 2019.9664 2165.6199 2211.147 2017.6774 1985.8746 2158.7224 2019.6718 2066.1118 2058.1482 1941.0135 1866.4545 1924.1516 2093.8889 2058.9702 2193.1072 2294.3975 1998.9333 2028.6254 1864.059 1634.4454 1926.0387 1838.2418 2082.1182 1896.9097 1937.8632 1888.656 1762.4738 1670.4592 1368.0945 1552.3666 1660.6969 1866.2002 1656.0149 1616.1925 1717.6603 1740.7351 1425.6228 1324.4897
