Resources/Map/Lvl0_30x30/Ele_CC.asc
ncols         335
nrows         335
xllcorner     -13345000
yllcorner     -25000
cellsize      10000
nodata_value  -99999.0
[rows 200 to 224 of 335, columns 232 to 289 of 335]
-3241.0334 -3258.0747 -3333.5793 -3548.2332 -3580.0688 -3578.7715 -3502.4487 -3538.4236 -3813.4312 -3943.2566 -3957.0571 -4021.4573 -4097.1323 -4027.7769 -4124.6929 -4253.1699 -4112.147 -4064.116 -4117.9761 -4119.4658 -4101.2471 -4106.2261 -4129.519 -4197.2407 -4183.5815 -4109.877 -4157.0229 -4158.6401 -4191.7437 -4187.7969 -4158.0845 -4245.1255 -4326.6572 -4306.8257 -4170.5996 -4090.5381 -4080.7693 -4030.8303 -4060.7654 -4095.9148 -4083.071 -4051.4543 -4037.8394 -4056.2571 -4045.5447 -4012.637 -4016.4949 -4040.1599 -4071.0374 -4098.3413 -4104.5088 -4015.4058 -3934.686 -3937.9658 -4052.9731 -4174.3677 -4136.7422 -4058.9797
-3412.4255 -3467.3972 -3524.1599 -3581.1655 -3558.1953 -3654.9795 -3699.7712 -3836.3997 -3997.9629 -3908.6785 -3834.3965 -3950.3879 -4070.1995 -4041.8374 -4135.3003 -4221.4443 -4092.668 -4097.9351 -4148.9331 -4125.3291 -4126.7012 -4156.0391 -4183.7837 -4218.9634 -4172.6885 -4136.2129 -4191.563 -4165.2466 -4232.0479 -4286.7363 -4177.6558 -4141.8604 -4230.0464 -4279.7075 -4203.1499 -4115.6426 -4110.2407 -4116.2012 -4154.2422 -4124.2759 -4086.1082 -4061.6111 -4035.0002 -4070.575 -4063.0557 -4035.3235 -4068.5022 -4107.3374 -4126.9902 -4093.8706 -4054.5579 -3983.4768 -4017.1172 -4091.3196 -4097.6406 -4087.3892 -4061.387 -4048.4805
-3593.3508 -3470.8135 -3400.604 -3481.4312 -3591.198 -3851.8618 -4011.312 -4027.9556 -3949.1758 -3818.0686 -3798.4932 -3943.9465 -4109.0122 -4085.5552 -4083.5471 -4073.7273 -4027.7473 -4144.0186 -4178.8301 -4120.9448 -4119.9922 -4153.5781 -4170.9712 -4210.6436 -4189.1069 -4185.9038 -4211.1636 -4149.04 -4181.332 -4302.9346 -4217.6367 -4091.2769 -4075.4475 -4143.7012 -4205.3462 -4264.9453 -4176.583 -4233.688 -4249.791 -4207.1914 -4103.0435 -4068.3608 -4021.8091 -4066.3579 -4095.3237 -4127.5391 -4146.3633 -4144.9966 -4085.4573 -4017.418 -4000.1711 -3989.2451 -4123.5859 -4206.4888 -4213.1831 -4128.6787 -4038.9573 -4024.5525
-3560.0769 -3418.3708 -3416.4351 -3625.7598 -3824.9629 -4025.4697 -4057.1016 -3970.0681 -3861.1763 -3838.9883 -3861.8057 -3925.9775 -4028.4326 -4053.7346 -4066.7058 -4112.1152 -4103.835 -4154.6274 -4162.6919 -4136.106 -4166.1582 -4174.1025 -4169.9546 -4191.9507 -4218.2148 -4254.5127 -4240.0396 -4165.854 -4095.938 -4197.7783 -4202.395 -4079.3987 -3999.9465 -4048.9739 -4075.042 -4170.1914 -4171.3159 -4246.0215 -4245.2612 -4292.2461 -4157.7822 -4099.2212 -4076.8672 -4098.6699 -4094.0818 -4173.9658 -4214.209 -4169.8203 -4036.4148 -3932.9563 -3958.0808 -4036.9514 -4184.2354 -4187.5195 -4232.4863 -4153.3198 -4016.0068 -3993.6426
-3484.509 -3513.4548 -3539.9153 -3833.2458 -3909.2466 -3827.7625 -3820.5581 -3879.6931 -3833.4275 -3863.2009 -3870.189 -3884.5564 -3962.7061 -4057.3267 -4122.542 -4177.8071 -4194.6006 -4165.7271 -4144.5015 -4167.1816 -4179.0488 -4166.3735 -4171.3276 -4205.5527 -4212.9658 -4227.6226 -4263.5181 -4219.6377 -4128.8613 -4180.1245 -4171.7642 -4051.262 -4053.2109 -4156.3682 -3992.0012 -4010.7571 -4128.0498 -4212.3247 -4151.1685 -4220.8999 -4138.4214 -4033.6289 -4063.7275 -4096.6948 -4018.9924 -4042.1819 -4163.8535 -4094.5381 -4000.1516 -3938.7021 -4011.8149 -4107.7915 -4147.8213 -4088.8462 -4093.8999 -4059.5627 -3989.8538 -3972.5608
-3473.2876 -3474.7463 -3558.5266 -3773.2593 -3733.7927 -3573.731 -3672.5146 -3865.4155 -3879.2639 -3894.0657 -3854.959 -3868.304 -3968.4319 -4099.2749 -4159.2451 -4189.9004 -4238.668 -4176.6465 -4139.9971 -4184.5483 -4163.4712 -4140.771 -4178.0024 -4214.25 -4214.9097 -4233.3716 -4278.6089 -4231.6011 -4196.2983 -4168.9346 -4219.0981 -4110.5996 -4124.3994 -4342.375 -4137.0151 -4019.7966 -4173.3677 -4369.3179 -4252.2681 -4155.5708 -4093.5051 -4001.949 -4045.7075 -4054.2781 -4033.0647 -4029.9041 -4095.4202 -4111.0518 -4087.217 -4060.0469 -4162.6284 -4152.627 -4085.5378 -4070.8718 -4045.8179 -4008.75 -3983.8015 -3974.6509
-3456.7588 -3480.906 -3732.9856 -3745.1765 -3669.7021 -3671.4565 -3730.7258 -3886.5054 -3928.7993 -3923.4058 -3922.7014 -3940.3284 -3986.0896 -4012.9375 -4073.9578 -4201.5293 -4228.0166 -4095.6804 -4042.9001 -4111.1885 -4132.8047 -4117.7212 -4173.0488 -4192.853 -4202.6641 -4231.48 -4245.9683 -4229.5093 -4249.9922 -4274.0967 -4222.0327 -4139.3892 -4149.6636 -4328.6465 -4257.3726 -4076.0811 -4111.3599 -4268.7427 -4313.2095 -4220.4834 -4135.2593 -4091.8965 -4093.6665 -4081.3716 -4082.7761 -4053.3953 -4022.7273 -4078.6885 -4091.2053 -4078.1589 -4087.8711 -4049.7019 -4037.5017 -4057.1973 -4038.8821 -4008.4346 -4007.2991 -3982.1428
-3615.0303 -3718.4861 -3832.4221 -3736.7598 -3767.917 -3855.6892 -3892.0759 -3923.1167 -3928.5105 -3910.5347 -3918.8555 -3950.4348 -3985.5315 -3980.3857 -4032.4768 -4142.2964 -4129.1763 -4045.8818 -4052.407 -4116.2295 -4152.8408 -4132.8672 -4123.1323 -4119.5723 -4139.4917 -4127.6636 -4141.0645 -4188.7681 -4235.9653 -4301.7637 -4194.9209 -4119.9404 -4123.0483 -4157.8115 -4126.5396 -4118.5923 -4055.5842 -4030.0042 -4142.751 -4154.7417 -4151.1494 -4209.1274 -4131.1582 -4139.2305 -4144.5005 -4130.7461 -4089.7698 -4070.2141 -4082.7595 -4080.5142 -4027.6104 -4010.8643 -4015.2266 -4014.4802 -3990.4824 -3973.0737 -3982.5408 -3964.5327
-3899.9622 -3951.907 -3858.741 -3777.446 -3885.8621 -3987.7576 -4011.4846 -3956.5576 -3960.3359 -3944.8982 -3924.4045 -3997.9944 -3987.8025 -3992.2266 -4067.9294 -4157.6992 -4263.8511 -4373.1445 -4377.2744 -4354.9839 -4407.2871 -4410.9404 -4390.687 -4341.04 -4302.8452 -4228.2114 -4037.9258 -3958.5266 -4045.3103 -4257.2075 -4048.4231 -3862.592 -4000.9172 -4173.6577 -4113.7339 -4166.2441 -4069.4697 -4017.9099 -4101.2725 -4072.5317 -4139.2817 -4269.1924 -4228.6938 -4178.5903 -4139.3584 -4084.8772 -4041.4072 -4010.2683 -4033.3523 -4038.3225 -3998.6184 -3976.772 -3955.3225 -3946.6545 -3921.1003 -3919.8843 -3943.0061 -3934.7319
-3997.7139 -3873.6331 -3813.8528 -3812.2698 -3889.7996 -3996.2798 -4007.7358 -3929.115 -3990.8516 -3929.9941 -3942.8005 -4183.4502 -4131.3457 -4073.2822 -4129.1519 -4151.5898 -4219.8262 -4342.5225 -4207.3965 -4089.9031 -4190.7998 -4247.105 -4251.1802 -4331.9399 -4519.4771 -4563.3848 -4347.1538 -4199.2109 -4283.4688 -4469.6802 -4107.1582 -3896.3574 -4195.8564 -4317.8613 -4047.3206 -4021.3669 -4150.853 -4380.8765 -4534.0459 -4333.3003 -4112.4844 -4181.2905 -4239.1719 -4196.145 -4076.3887 -3982.6858 -3981.8655 -3973.8108 -3968.2109 -4003.801 -3990.8433 -3931.8708 -3897.5449 -3906.229 -3905.0073 -3904.0217 -3903.5935 -3888.2566
-3929.1133 -3757.8162 -3643.5317 -3875.8096 -3994.7512 -4031.0911 -4029.9141 -3885.2976 -3861.0449 -3910.2056 -3942.8301 -4085.0789 -4056.373 -4088.8115 -4164.2358 -4196.4473 -4259.1992 -4217.6631 -4037.0532 -3966.2944 -3987.3398 -4040.0325 -4069.4541 -4150.7651 -4251.9722 -4241.25 -4212.0596 -4239.9663 -4363.3521 -4361.1738 -4295.4736 -4203.519 -4320.7905 -4313.8413 -4148.1172 -4053.9487 -4259.7813 -4495.1714 -4528.8364 -4372.396 -4074.301 -4014.8433 -4071.3337 -4092.3962 -4062.7173 -3998.1331 -3978.5659 -3958.1968 -3992.7324 -4015.1011 -3996.7585 -3916.3564 -3889.033 -3895.4409 -3894.314 -3894.2695 -3875.5994 -3848.4221
-3892.7156 -3740.9492 -3733.4834 -3960.6829 -4044.3425 -4137.9492 -4100.689 -3917.688 -3840.7417 -3961.8223 -3988.4194 -3969.708 -3946.8416 -4013.0994 -4095.7488 -4113.9995 -4134.0527 -4106.9546 -4062.3914 -4057.1689 -4000.239 -4011.0488 -4040.5664 -4142.6118 -4228.2148 -4149.8281 -4073.2896 -4071.2966 -4101.7305 -4103.0601 -4139.0317 -4163.3291 -4124.3643 -4062.0686 -4092.9382 -4064.2544 -4078.3464 -4175.5791 -4240.271 -4191.3691 -4087.5242 -4023.7939 -4042.5183 -4028.3635 -4021.1428 -4050.9099 -3977.7957 -3947.3057 -3984.7129 -3998.0342 -3965.6597 -3908.3699 -3901.7751 -3926.5928 -3924.7849 -3907.5879 -3886.9343 -3855.0024
-3963.8523 -3859.8083 -3897.241 -3788.4043 -3614.8521 -4045.0195 -4265.4307 -4183.2861 -4118.6943 -4048.1602 -3984.98 -3975.2898 -3967.5483 -3978.6465 -4060.2485 -4118.8853 -4089.0249 -4025.1028 -4007.0859 -4028.7573 -3979.281 -4018.1934 -4052.9883 -4050.6877 -4090.4133 -4101.4502 -4085.8511 -4097.0547 -4099.8481 -4050.5112 -4028.0574 -4044.5693 -4069.2114 -4033.5667 -4073.5632 -4028.46 -4016.7664 -4025.0393 -4023.0198 -4048.8899 -4075.0457 -4054.614 -4047.564 -4053.2275 -4034.0615 -4044.5034 -4008.106 -3922.2332 -3912.6909 -3959.5435 -3964.0667 -3900.9756 -3902.6934 -3934.105 -3947.4084 -3906.4846 -3880.1919 -3857.7783
-3937.7375 -3843.0037 -3805.405 -3651.3225 -3506.5955 -3693.5017 -3597.1711 -3889.5203 -4259.187 -4143.999 -3991.8533 -3941.2776 -3970.3398 -4018.1189 -4046.3264 -4081.4917 -4083.2664 -4062.7139 -4031.9309 -4000.0044 -3961.5789 -4011.4529 -4063.4104 -4030.6802 -4000.427 -3986.2036 -4003.0417 -4026.022 -4017.6201 -3986.4829 -3963.0859 -4004.2144 -4033.6106 -4047.0479 -4066.844 -4038.2417 -4021.5332 -3949.4651 -3987.8813 -4051.2092 -4083.8928 -4100.1846 -4051.6091 -4030.4902 -4064.1001 -4053.6279 -3999.5845 -3965.4214 -3921.4849 -3928.1184 -3936.5261 -3879.7427 -3838.428 -3868.3452 -3892.5417 -3887.1196 -3864.8176 -3852.0779
-3993.1814 -3907.6204 -3957.134 -3915.1575 -3871.125 -3734.7632 -3345.9836 -3709.5979 -4297.7559 -4316.7583 -4168.5928 -4042.4368 -4034.3708 -4062.6189 -4036.3345 -4014.5283 -3990.2485 -3996.9695 -4021.8079 -4033.1221 -3957.3411 -3981.821 -4033.7339 -3993.832 -3980.4827 -3975.2085 -3992.9119 -4058.3284 -4029.7625 -3963.1418 -3965.645 -3973.1992 -3967.2625 -3994.311 -4018.8301 -4004.1499 -4057.0188 -3952.2678 -3953.3835 -4080.8225 -4058.0332 -4003.4343 -4007.0701 -4005.5061 -3987.7175 -3974.8303 -3959.2507 -3977.2444 -3952.1531 -3927.7529 -3916.2354 -3918.8059 -3864.3494 -3856.4517 -3854.3184 -3869.4734 -3872.991 -3874.0981
-4028.6323 -4074.4109 -4169.5166 -4287.7109 -4412.4888 -4382.022 -3881.6113 -3903.283 -4135.7671 -4149.7925 -4067.5071 -4049.9231 -4068.0793 -4044.5105 -4020.4883 -3987.916 -3999.926 -4041.2869 -4075.6265 -4074.9482 -3874.7666 -3935.4268 -4033.3955 -4007.0754 -3981.2803 -4002.969 -4068.0161 -4122.958 -4046.0076 -3950.6624 -3960.0068 -3979.8291 -3946.6033 -3974.6685 -3985.6619 -3957.771 -4018.2566 -4009.3254 -3960.2822 -4072.23 -4016.5222 -3954.1506 -3958.8416 -3998.3196 -4003.5215 -3979.1836 -3953.4609 -3920.1426 -3951.5837 -3969.9968 -3932.407 -3902.8579 -3896.3977 -3875.8496 -3849.0168 -3873.8262 -3885.9473 -3856.8025
-4143.5845 -4147.6719 -4202.9609 -4445.02 -4576.4165 -4633.3882 -4420.5322 -4131.2905 -4016.4231 -3942.3286 -3956.7234 -3990.9016 -3993.6318 -3990.4517 -3993.0635 -3975.0415 -3972.8835 -4025.751 -4061.1143 -4023.9128 -3958.8015 -3984.0598 -4046.5537 -4029.8098 -4003.3889 -4021.0989 -4066.7112 -4087.8774 -4016.9216 -3972.7151 -4005.3276 -4019.6438 -3982.8884 -3977.1426 -3998.1245 -3963.3813 -3965.6116 -3981.2339 -3976.6306 -3921.6387 -3928.9741 -3968.4194 -3971.0793 -3927.969 -3994.9824 -4071.6118 -4002.8911 -3910.9558 -3951.9497 -3929.2625 -3927.8633 -3913.0786 -3896.9172 -3879.219 -3851.1357 -3849.7854 -3845.2576 -3819.7334
-4135.106 -4160.3828 -4210.7573 -4368.8071 -4430.1138 -4626.7832 -4823.6753 -4618.6162 -4126.8716 -3906.915 -3944.4253 -3998.9077 -4059.3926 -4077.9082 -4081.4216 -3998.9309 -3952.0974 -3952.5159 -3945.7695 -3951.762 -3910.8843 -3927.3608 -3983.8381 -4018.4114 -4043.1702 -4009.9983 -3992.6794 -4002.7532 -3962.8582 -3964.3882 -4032.8508 -4015.1741 -3902.8826 -3910.5293 -3943.135 -3964.8228 -3932.9834 -3948.8799 -3989.2375 -3945.6064 -3900.5776 -4008.1619 -4052.7847 -3903.769 -3958.5771 -4020.2756 -4009.9282 -3906.3877 -3882.5439 -3913.0789 -3886.7878 -3879.9463 -3869.0713 -3866.738 -3846.3445 -3827.7927 -3820.3733 -3809.9717
-3939.9199 -4125.3164 -4212.7324 -4310.2607 -4490.166 -4680.5649 -4802.0996 -4841.7427 -4616.4912 -4236.2891 -4019.6667 -4123.3354 -4174.3257 -4106.7451 -4115.5352 -4023.8191 -3969.0063 -3982.0002 -3914.6943 -3923.4387 -3931.1689 -3974.6221 -4003.9133 -3991.936 -3991.3511 -3945.5505 -3934.3237 -3958.2075 -4036.4187 -4044.8606 -4051.0012 -4025.0056 -3945.551 -3954.7297 -3892.3125 -3969.8975 -3921.3381 -3910.4004 -3951.5381 -3961.3582 -3965.6199 -4028.9209 -3968.1836 -3883.7908 -3970.5664 -3939.0684 -3922.8162 -3795.0928 -3751.1548 -3863.4111 -3845.4919 -3859.2083 -3847.114 -3845.8516 -3860.8997 -3853.3713 -3840.6396 -3833.3745
-3919.1323 -4029.6746 -4066.5879 -4113.4629 -4354.5801 -4498.3213 -4481.48 -4491.7847 -4518.043 -4355.1685 -4145.21 -4396.4131 -4453.6777 -4141.7412 -3985.2468 -4019.5051 -4056.3274 -4184.4302 -4123.7954 -3991.0461 -3963.6584 -3948.4124 -4002.4688 -4067.8027 -4034.6016 -3957.1658 -3960.4944 -3974.6079 -3944.3887 -3951.6506 -3964.2144 -3965.0085 -3988.7346 -4048.5359 -3929.6563 -3971.2651 -3936.4385 -3911.6804 -3946.8298 -3919.8662 -3881.5625 -3914.8005 -3902.7617 -3878.4158 -3917.5447 -3945.2061 -3892.1343 -3815.3782 -3844.5127 -3865.03 -3798.9148 -3754.7236 -3807.8689 -3824.8384 -3809.7671 -3820.2505 -3850.5793 -3887.8669
-4008.4209 -3963.5864 -3929.0857 -4009.5059 -4115.3496 -4182.9517 -4171.9185 -4166.5444 -4160.3452 -4060.4856 -3977.1257 -4281.0493 -4617.1963 -4378.8062 -4005.6934 -3967.52 -4006.645 -4034.9756 -4023.0933 -3964.9763 -3944.8623 -3999.2729 -4068.0154 -4032.9841 -4005.3242 -3986.521 -3954.7737 -3935.8748 -3889.834 -3896.7649 -3898.3508 -3928.2759 -3920.5913 -3974.3977 -4025.8572 -4036.4756 -3990.2075 -3909.8645 -3912.1548 -3900.8328 -3854.8662 -3820.8811 -3884.4753 -3889.77 -3888.4287 -3895.7996 -3820.6724 -3763.3132 -3824.0972 -3857.9395 -3815.698 -3711.4189 -3779.554 -3821.1677 -3833.7935 -3819.1692 -3806.8599 -3876.0493
-3956.4675 -3782.4768 -3794.7 -3975.3081 -3986.6907 -4006.958 -4029.1707 -3986.4233 -3923.374 -3887.7261 -3823.1443 -3882.1245 -4225.374 -4404.2144 -4109.7944 -3907.072 -3978.4404 -4033.4104 -4040.3074 -4001.3591 -3935.9053 -4004.6082 -4099.7881 -4014.0649 -3992.9097 -3974.1047 -3889.9756 -3897.3921 -3823.3594 -3840.4021 -3930.802 -3930.7947 -3902.915 -3885.7432 -3997.366 -4035.6167 -4084.5039 -3987.7874 -3851.2129 -3817.0781 -3853.1531 -3808.0342 -3828.613 -3847.5754 -3856.2051 -3840.2751 -3810.0437 -3773.9041 -3816.2896 -3840.7217 -3825.3621 -3780.8098 -3812.3611 -3840.668 -3883.7058 -3840.5864 -3695.7144 -3709.7476
-3723 -3800.5122 -3950.1196 -3917.2969 -3990.5696 -4019.8796 -4041.2605 -4030.417 -3932.582 -3889.5496 -3906.3826 -3950.9905 -3990.772 -4148.2441 -4096.0947 -3919.1904 -3935.7136 -3987.9009 -3997.9265 -4002.3599 -3993.2998 -4006.7378 -3995.8154 -3971.2004 -3978.4312 -3977.9216 -3948.3184 -3936.9309 -3871.3662 -3850.5432 -3892.7397 -3847.0769 -3861.0508 -3906.7439 -3910.7676 -3864.6277 -3883.9131 -3911.3447 -3876.4956 -3821.6563 -3808.0652 -3813.9453 -3789.5996 -3762.8257 -3791.282 -3822.196 -3865.5132 -3866.5459 -3821.3083 -3763.9487 -3737.5864 -3758.0051 -3804.9436 -3842.6528 -3888.2778 -3852.5454 -3624.6895 -3609.1536
-3711.6943 -3878.1714 -3898.3398 -3885.9966 -3928.001 -3862.3433 -3921.0442 -4139.0083 -4233.603 -4092.4475 -3986.9976 -3930.2285 -3913.3364 -3949.0417 -3983.0491 -4016.5754 -3981.4521 -3939.5117 -3917.6616 -3905.2571 -3914.1497 -3922.7354 -3923.5415 -3920.3972 -3928.4521 -3956.439 -3963.1355 -3924.9958 -3889.3916 -3870.0073 -3855.0332 -3811.6499 -3804.1013 -3827.6516 -3859.1143 -3836.4419 -3814.9697 -3832.7603 -3848.2288 -3896.3093 -3874.6145 -3859.8916 -3835.9468 -3811.8728 -3795.3171 -3797.7515 -3783.0537 -3782.2136 -3770.7612 -3743.498 -3749.5266 -3771.543 -3807.8821 -3823.0576 -3843.8369 -3846.7407 -3794.1753 -3782.2966
-3800.9727 -3849.2185 -4059.387 -3882.3022 -3692.3865 -3741.5457 -3772.7734 -3920.4211 -4152.4902 -4236.5195 -4146.7915 -3967.8721 -3865.9944 -3884.6682 -3950.9885 -4062.2549 -4192.7637 -4148.939 -3968.4507 -3890.1528 -3857.1558 -3860.8767 -3930.1211 -3914.7795 -3893.4534 -3942.1516 -3935.6487 -3886.2632 -3841.0984 -3828.1067 -3803.8987 -3765.5916 -3788.1833 -3759.509 -3768.4019 -3819.2871 -3829.3323 -3801.3953 -3791.4011 -3848.9536 -3925.4653 -3900.5881 -3871.5823 -3853.0691 -3833.5576 -3786.355 -3717.7078 -3691.6902 -3687.968 -3722.3237 -3745.8984 -3759.6013 -3788.1167 -3804.738 -3811.2271 -3778.8728 -3777.3359 -3786.1106
