Resources/Map/Lvl0_30x30/Ele_AC.asc
ncols         335
nrows         335
xllcorner     -13345000
yllcorner     6675000
cellsize      10000
nodata_value  -99999.0
[rows 140 to 167 of 335, columns 183 to 243 of 335]
-307.4162 -304.1007 -299.9127 -295.2598 -290.11 -281.9966 -270.8244 -263.2614 -260.8499 -260.9572 -262.1358 -264.9302 -266.86 -267.3667 -265.2551 -263.0351 -264.9254 -269.606 -272.7986 -271.9678 -268.6433 -265.3251 -262.7078 -260.2286 -257.6898 -255.1884 -253.0791 -251.1424 -247.6984 -241.6561 -235.043 -227.1807 -219.0044 -213.0331 -209.6338 -208.8853 -208.3302 -208.6175 -209.4032 -208.664 -208.9026 -209.1758 -210.26 -212.2198 -213.1468 -213.3959 -214.3479 -213.7433 -213.3064 -211.6073 -210.0995 -209.2302 -209.2992 -208.3711 -203.5955 -196.7059 -189.8149 -182.5316 -171.5134 -157.4751 -146.9503
-320.199 -315.7461 -309.5436 -304.55 -299.6445 -292.1166 -280.9175 -272.1393 -268.3835 -266.8641 -265.4056 -264.6346 -262.9584 -259.7646 -255.1717 -250.2239 -246.7364 -245.1164 -244.4562 -243.1602 -240.605 -237.6284 -234.0005 -230.9256 -228.7299 -227.0809 -225.9259 -224.9039 -222.8076 -219.0087 -214.6716 -210.0746 -205.9055 -201.9497 -199.7858 -199.5746 -198.1103 -195.954 -194.3171 -193.5773 -192.0401 -185.8905 -179.9278 -174.986 -170.9671 -169.3832 -170.2091 -172.0364 -175.4126 -177.7012 -180.1955 -183.06 -188.3647 -192.9569 -194.916 -195.4479 -196.0249 -194.2569 -186.584 -175.2882 -162.2493
-302.679 -305.1368 -306.9354 -309.713 -312.0639 -312.5757 -309.8702 -305.8498 -301.7389 -297.728 -292.8171 -286.6047 -278.5344 -269.7107 -260.0845 -250.3487 -241.657 -235.0319 -230.4723 -226.7328 -222.1169 -217.5689 -213.1941 -209.7832 -207.5265 -206.17 -204.7246 -203.0928 -201.157 -197.2617 -191.0289 -183.6568 -175.9622 -170.1128 -166.3795 -163.8263 -161.1918 -158.722 -156.0774 -154.629 -151.7247 -145.5189 -137.9972 -131.6039 -127.3844 -125.814 -125.0029 -125.6238 -127.0785 -127.5764 -127.3552 -126.3046 -126.4136 -129.9682 -133.6613 -139.5752 -148.7441 -155.2212 -162.5168 -171.8443 -175.6757
-237.0363 -261.4209 -286.1096 -307.2405 -322.6706 -330.2816 -333.1285 -333.7814 -333.3701 -331.8906 -329.9962 -325.04 -316.4684 -307.3512 -297.285 -286.7524 -276.6585 -266.3904 -256.2782 -245.8769 -234.993 -225.9857 -219.1153 -213.6295 -208.9203 -204.6094 -200.5943 -199.3692 -199.222 -195.0121 -181.69 -164.0222 -147.5868 -138.5202 -133.6015 -131.155 -129.8936 -131.4432 -134.6292 -139.7345 -141.3506 -142.888 -142.8213 -142.4347 -140.9068 -138.17 -134.1369 -130.7622 -126.5027 -123.1368 -121.2546 -122.6511 -126.0582 -128.2181 -125.8884 -125.5423 -132.7596 -137.1954 -140.6469 -143.3498 -146.6647
-164.4133 -206.5687 -245.1333 -276.8641 -300.2135 -314.5583 -323.7899 -331.3544 -337.5566 -342.9154 -348.0357 -351.192 -351.892 -351.0312 -348.5125 -344.7087 -339.9461 -334.2695 -328.2114 -321.0852 -312.7924 -303.7989 -294.2509 -285.1209 -276.3695 -269.8207 -266.8715 -265.2064 -259.2633 -248.6096 -234.4717 -222.9548 -216.7024 -217.8266 -220.8328 -226.0896 -231.3539 -236.7407 -239.4441 -241.174 -237.7449 -231.6432 -223.5553 -215.1397 -207.1407 -201.6535 -200.6404 -202.8301 -206.1357 -212.59 -221.0169 -229.8574 -231.6861 -219.2298 -204.8475 -195.9647 -188.9542 -185.7522 -186.9771 -193.1932 -195.9559
-191.2874 -220.3177 -246.2943 -266.9499 -284.4903 -298.3234 -310.4971 -322.0278 -332.2678 -341.5767 -350.5465 -359.856 -369.636 -378.9737 -384.7481 -386.6805 -387.3604 -387.5146 -387.676 -387.4412 -387.1154 -385.2808 -381.7592 -376.0521 -364.8076 -354.6386 -358.1548 -367.1895 -367.5341 -360.8827 -354.8673 -353.7613 -356.5565 -364.5659 -372.5336 -378.5708 -380.9873 -381.1636 -375.3557 -366.2716 -354.0067 -339.7099 -325.5662 -314.2471 -306.3666 -302.0156 -303.3907 -307.3868 -314.8572 -325.5225 -337.7186 -347.3938 -347.9977 -340.1989 -325.8346 -307.0238 -287.6089 -271.2356 -268.0419 -270.3633 -260.6405
-285.5197 -302.1328 -312.1257 -317.3362 -322.559 -327.994 -334.144 -340.7179 -346.1055 -348.9924 -350.3269 -350.9478 -354.4438 -361.214 -368.0649 -371.5985 -373.6426 -375.1754 -376.3655 -377.915 -379.2101 -380.0203 -380.2946 -382.8054 -400.6458 -427.4608 -437.8252 -431.5563 -418.0876 -406.6488 -403.3203 -405.2552 -410.2592 -421.841 -434.2592 -441.1377 -440.1283 -439.7619 -435.6519 -426.318 -415.533 -405.8963 -398.5795 -391.2071 -384.5148 -379.4927 -377.9686 -377.8944 -377.9119 -379.145 -382.8057 -390.0155 -402.5708 -415.5598 -405.78 -386.6614 -370.3578 -344.0005 -326.4662 -316.6788 -294.7939
-317.3803 -334.0856 -344.1504 -350.6647 -356.2457 -362.5219 -368.3662 -372.4597 -370.1356 -359.7115 -344.5111 -328.5259 -315.3944 -304.5089 -296.1393 -288.1662 -279.4055 -269.7419 -258.0436 -242.4261 -219.7305 -188.0946 -157.6479 -147.1716 -176.0887 -235.0535 -264.8185 -255.4569 -229.2049 -206.652 -197.4065 -194.0277 -195.0303 -209.845 -232.6782 -257.0808 -278.4604 -282.8749 -277.6344 -275.1542 -264.4639 -249.6543 -242.7969 -249.694 -266.1657 -293.7379 -323.8611 -348.2472 -365.5801 -379.4763 -387.2797 -381.9851 -354.9574 -330.1046 -333.8683 -349.3314 -343.9527 -301.0862 -255.726 -227.4379 -214.0307
-250.9748 -278.1026 -298.4543 -310.2324 -316.7921 -321.1771 -324.6909 -324.1052 -312.8295 -288.2799 -260.4128 -236.0802 -217.0708 -200.0717 -184.2377 -168.8433 -153.334 -138.281 -122.8607 -105.9227 -85.4242 -61.4297 -41.7005 -26.4528 -24.9648 -34.3592 -32.8678 27.813 87.3311 194.8721 190.0057 164.3449 103.7117 101.0538 -46.2142 -54.9351 -61.1741 -59.848 -60.7508 -60.7772 73.8476 77.5152 53.305 51.3441 15.2633 -111.0098 -158.5882 -171.5537 -174.4679 -181.6293 -187.683 -181.5396 -160.4657 -141.8772 -144.645 -165.5596 -187.7677 -192.0158 -170.5971 -141.1617 -137.872
-124.2554 -150.7392 -172.1352 -183.6416 -188.4538 -187.1268 -183.045 -174.4662 -160.0469 -141.7497 -124.1837 -110.7913 -101.0929 -91.1801 -79.964 -66.396 -52.6803 -42.723 -37.1906 -31.4245 -11.8853 15.2309 63.7437 162.4829 189.8026 180.2656 223.3718 109.5292 48.2647 45.2359 34.5009 25.7659 13.7245 30.3505 19.6956 127.9867 121.6102 79.351 65.8356 39.1578 30.689 77.7476 28.9368 1.308 -12.9927 30 -41.8244 -41.5911 -35.4457 -31.4107 -30.9283 -27.2573 -13.1723 7.2609 8.0118 38.2695 -31.3806 -59.9712 -67.952 -61.6693 -72.7094
-27.3511 -37.7853 -47.5001 -56.015 -61.7387 -65.4643 -67.0113 -66.512 -63.4976 -59.5611 -56.0029 -52.3003 -48.9267 -44.836 -39.6179 -32.7968 -26.3091 -22.8736 -23.5553 -24.8652 -18.1739 -5.7895 -1.2445 -4.8352 -8.4235 -11.3196 -8.4028 0.0882 5.6438 5.6099 10.563 77.5524 137.3003 166.5902 214.7037 297.4346 261.9437 235.1697 196.2948 164.5447 182.4466 183.6709 146.545 111.9985 66.3016 15.5106 -5.786 -12.8484 -12.2402 37.0956 46.2295 71.5894 115.0114 136.8444 167.5698 129.2589 100.3956 94.2378 98.2091 7.0458 12.8575
98.5473 100.1141 118.32 108.1244 21.2958 -17.9345 -22.6087 -28.574 -33.0324 -35.6086 -36.8033 -36.5939 -34.9611 -32.0347 -26.9119 -17.9483 2.8954 49.2892 94.8822 24.5465 21.6719 19.8646 26.8806 4.6383 -14.9532 -25.7902 -27.0067 -18.6732 23.8986 165.1503 140.6283 156.933 195.3279 193.4183 219.3363 144.0076 113.2516 79.3453 136.073 179.488 189.7376 208.8834 227.9202 178.3231 176.2047 104.0349 70.5464 12.6131 65.495 24.3198 5 55.8185 155.4067 157.6944 156.9193 174.931 166.5692 155.0208 133.797 125.8544 62.0413
17.5852 11.9104 32.5935 20.4298 11.2326 5.1586 6.2399 7.5069 -7.3559 -25.5992 -31.6726 -32.0579 -27.1467 -18.9008 -7.996 31.2826 79.9407 114.4083 176.7685 221.0553 259.234 262.7735 270.0457 232.4013 96.1213 46.4267 -2.1186 -20.2606 -15.7788 4.2088 33.5437 40.993 40.542 39.2946 20.627 24.0251 42.5049 128.0021 181.4593 148.9772 150.6719 106.1062 145.1838 195.5392 144.369 156.53 181.4719 152.8866 133.0356 59.9323 168.6937 172.3997 157.8817 162.2171 167.2757 160.3766 156.6709 130.0149 115.5916 93.8249 75.7761
134.0088 86.3075 97.8405 90.8661 95.8386 150.4449 177.5969 211.1542 120.024 14.801 -19.324 -28.8789 -25.7911 -14.9252 11.0959 48.4085 69.259 123.3019 191.5394 180.187 159.7478 107.8999 182.3542 85.1371 30.9626 27.1626 13.0624 -0.7657 -13.5505 -20.0503 -19.0565 -15.1891 -5.0871 167.6959 111.5819 113.3068 193.9131 119.5417 176.9947 115.384 72.9395 133.6901 164.5545 205.7528 208.335 247.5746 219.8244 212.8935 180.0856 158.4604 156.9099 203.7734 192.2553 188.2203 174.0255 175.9073 165.362 174.9209 134.5722 97.4873 32.6081
183.6036 197.3639 168.1232 150.9171 185.0358 179.1544 129.7557 101.2386 104.0492 23.6917 -12.1497 -24.6366 -29.9356 -30.8148 -26.1752 -17.3783 -6.8879 4.9653 17.3691 41.7225 107.3625 109.4544 74.7416 62.6959 105.5181 119.4552 132.444 149.043 156.3499 124.5109 14.9065 -12.374 -18.6841 -3.5665 1.7011 12.0768 28.1239 35.9459 38.2603 93.3235 150.5484 136.4473 142.3593 175.4876 150.7795 91.4511 66.6224 72.8754 104.365 129.0226 163.0271 187.7826 147.7743 143.8939 147.1162 126.0656 140.7057 91.4203 81.6007 95.5837 101.4855
91.478 93.8324 71.7182 46.1051 11.713 10.1193 45.8492 38.0224 43.3283 22.2805 30.4276 17.6633 -1.6673 -22.6571 -28.4486 -25.66 -14.8178 67.1652 112.8515 199.0861 185.2532 162.2687 155.8525 172.4138 179.9247 134.5261 85.1043 112.6239 63.1815 20.3301 38.3936 40.9539 51.807 37.1632 16.974 -3.8903 9.7658 175.4064 181.2823 219.1809 232.2474 232.6839 246.981 217.7306 225.3047 237.4021 268.1514 225.4691 222.5402 201.952 202.4403 206.583 189.8971 149.6859 134.9982 124.0495 109.5915 128.4801 139.3302 175.0567 170.8166
54.0435 32.5125 49.7469 102.7071 91.1652 153.9415 132.5155 149.7471 93.8316 59.5198 7.7437 27.6814 24.2853 34.5745 18.2414 2.1726 -14.8146 -6.5943 25.6928 86.9651 74.5204 28.7836 13.4225 58.1295 84.665 108.3083 158.9222 234.7626 212.3413 143.0418 195.1421 174.0349 100.897 152.4725 127.1303 50.2069 11.0449 7.3055 28.124 28.0173 170.0356 146.5286 159.8654 184.2227 186.0283 170.3787 136.759 126.3779 211.9614 194.9404 197.2117 214.2444 225.2177 185.8284 175.0477 163.625 162.4383 161.7228 155.0417 184.6303 137.6662
57.9231 41.7066 3.8582 5.8843 21 55.8551 106.7582 116.4919 112.1926 106.6392 75.5364 92.788 68.8069 17.2831 31.3302 13.6517 9.0706 2.701 3.1163 2.5433 11.0655 117.3374 164.3842 182.479 201.7814 152.8231 182.1769 214.2077 207.2199 159.7244 173.3288 218.8712 143.0104 73.2743 31.5997 17.6757 39.7396 67.8762 27.7851 18.8784 110.5319 56.3129 97.5354 168.8934 148.9017 164.7103 193.1259 168.9515 197.3644 175.4581 201.3049 147.526 127.9012 166.7019 149.1853 118.3368 142.0957 159.6219 134.4329 113.5396 93.5452
-12.4327 -1.7817 20.2228 44.1101 16.9376 26.4729 38.5913 35.4873 75.6973 103.3746 34.7777 5.2269 101.9686 128.4087 144.1846 85.1765 100.2236 193.8672 179.6025 205.785 111.8051 18.7975 43.9183 60.9566 79.7049 112.7887 55.8227 21.1172 20.1091 53.244 69.9253 120.4619 167.6497 175.1302 192.1315 188.0692 198.9664 196.6691 194.5238 206.7065 187.6427 136.6925 165.4908 181.281 167.4135 191.6322 198.1078 201.4588 210.3102 217.6326 246.308 248.288 230.5584 186.2405 141.6023 93.4403 144.8936 138.422 152.9765 100.8009 50.8696
-86.2833 -74.6381 -65.0901 -48.5082 -31.145 -19.0189 -14.8848 -10.6426 -5.3051 4.9844 69 9.1554 118.6558 43.6682 37.6813 88.4625 84.609 59.3872 59.2596 57.6924 76.2915 93.0626 114.8261 90.1298 118.5025 103.2314 121.7037 123.3378 115.5972 127.2526 133.2635 134.4205 74.0834 45.0365 84.4323 86.1463 68.8522 95.1515 92.0696 135.8977 126.5834 129.5883 106.3723 87.76 88.0253 120.8391 119.543 121.0586 116.3567 95.1001 82.3542 59.4497 52.7769 36.566 30.9554 28.9992 15.8903 15.2163 18.079 12.0593 11.5144
-147.1902 -142.9627 -130.4123 -105.9439 -74.7206 -37.4628 10 -1.5736 5.8927 55.9331 147.8235 162.8359 74.5613 114.2397 68.165 96.4207 68.8878 75.6626 94.498 120.8358 112.6013 57.1274 94.9991 53.6412 99.0902 88.2091 58.9968 122.6493 87.6119 29.3844 46.2468 16.7307 36.3333 17.435 20.7327 9.7919 4.7992 -1.1156 11.2209 -1.0292 9.4119 23.931 41.9463 41.8518 59.0604 50.2294 50.7936 53.97 73.6474 101.3027 118.0331 67.7244 70.0683 81.1998 130.9447 114.1298 76.1687 50.5463 63.3024 35.5821 40.2301
-142.6393 -139.2498 -132.0792 -118.4624 -101.0923 -77.6867 -49.748 8.9795 23.431 47.7802 17.1677 12.6024 7.4324 -33.3612 -19.7943 3.0309 -9.5768 -1.3337 -1.388 -12.5793 -13.7628 -12.122 22.5074 36.5227 28 -19.5315 -25.9056 -19.1088 6.6638 -6.9401 -6.089 -4.409 -4.0201 -7.3783 -7.0495 -5.8505 -7.5859 -7.7831 32.9405 30.8974 14.7678 57.8825 115.9256 97.7654 113.6907 102.5873 88.9474 95.6685 92.7313 107.532 125.1586 124.5359 128.3322 112.8023 95.8018 99.1667 102.8662 101.8863 99.6523 100.6768 15.023
-145.0144 -151.5726 -159.1628 -163.8885 -168.4375 -166.0016 -151.2806 -129.3465 -105.9295 -91.9166 -95.8081 -112.8334 -130.4776 -141.0889 -138.1239 -126.9519 -113.6867 -101.4423 -93.4399 -88.7476 -85.8941 -87.0032 -94.7932 -112.3456 -127.3109 -125.7367 -112.2338 -92.3018 -52.9995 -24.419 -11.9774 -7.4384 -5.1042 -1.3785 -1.5967 10.5768 11.0299 8.2638 15.9085 34.2961 103.4485 116.896 136.6334 148.3146 116.6125 134.6882 158.0114 156.7011 181.5193 161.1226 152.5974 167.067 182.5242 165.2455 150.198 156.2632 128.856 116.5805 93.8491 101.8212 14.8589
-122.66 -132.3634 -144.2259 -159.9597 -178.1087 -194.4021 -197.5323 -193.1377 -176.921 -156.936 -140.411 -129.5876 -132.4675 -147.4089 -163.937 -177.7838 -177.5261 -166.864 -161.8697 -165.7741 -164.9854 -154.7889 -145.8134 -143.1693 -135.837 -115.1358 -85.6263 -60.9381 -47.117 -33.2646 7.6564 4.8777 -0.2672 8.849 13.2815 43.399 55.2582 41.0524 52.8292 73.3124 121.448 139.2895 70.8563 52.0112 55.219 98.6728 150.9644 205.9072 223.3875 207.5227 214.3034 244.7283 217.7858 174.4842 154.6468 165.9574 144.6331 52.9816 40.343 52.1841 13.0155
-97.4216 -111.7421 -134.488 -147.3378 -150.8392 -147.1996 -140.1818 -130.7642 -123.8712 -127.3006 -133.1096 -132.8243 -134.4322 -142.0083 -148.0464 -146.9982 -144.1276 -150.7313 -159.8963 -167.6125 -168.7139 -161.4496 -152.2993 -144.0033 -136.8756 -130.5562 -122.8655 -109.7518 -90.4773 -68.4624 -48.6674 -31.2449 -11.1825 32.434 22.99 30.751 42.1512 71.7661 90.0188 14.1817 29.1716 79.2713 70.416 69.6031 130.8986 138.4944 162.9701 197.8665 198.9897 211.4005 219.9386 232.3989 187.7382 162.5811 155.1454 109.7876 72.4768 54.9857 31.7157 84.2471 10.219
-96.1327 -102.2438 -116.1648 -132.1792 -133.5232 -121.9572 -113.766 -105.5035 -97.9031 -98.113 -94.0622 -84.9717 -78.0215 -72.1344 -63.7622 -54.6255 -50.6206 -56.1744 -76.2324 -107.0633 -127.2282 -129.0857 -125.5118 -121.0488 -118.3008 -121.1948 -125.3424 -120.7871 -109.0814 -88.5971 -62.184 -37.3377 8 20.598 62.9067 25.9358 26.5729 18.5588 12.2642 14.8867 21.0349 39.7168 92.4777 105.0273 129.2076 99.9892 97.287 86.8444 151.267 106.508 134.9671 143.5163 156.6985 158.0555 170.1839 173.9278 162.5246 76.0985 61.2401 16.2738 52.7154
-121.1419 -139.5584 -155.3326 -163.4689 -151.4212 -132.982 -123.3772 -118.2104 -115.0113 -113.1316 -110.2133 -104.3883 -98.6058 -94.2837 -84.0323 -68.9853 -63.4051 -63.4675 -71.1123 -90.6184 -102.0173 -100.7348 -101.4798 -105.1714 -103.6826 -105.0124 -124.2642 -145.8023 -144.6007 -118.5679 -86.1236 -62.1291 -40.3811 -16.2794 9.7509 17.0285 22.4549 22.102 23.2121 15.6989 22.7265 25.4673 26.9361 21.6899 20.1292 7.6898 16.1551 55.8397 98.358 116.1136 158.9786 142.3701 106.8619 73.144 78.8745 134.8535 235.7066 248.4739 117.8252 67.1993 25.5025
-134.9192 -141.1707 -145.1607 -155.4958 -156.321 -154.2092 -151.0631 -145.7446 -137.243 -129.291 -122.5211 -116.8866 -117.332 -118.823 -115.145 -112.6144 -113.7566 -111.8961 -110.9047 -114.2026 -117.6445 -119.7877 -120.5568 -125.5846 -128.6979 -131.6867 -141.8704 -150.6053 -158.48 -156.0926 -141.4167 -117.1308 -81.144 -43.4376 -10.7584 13.6285 -4.4612 -4.3593 14.6165 13.1937 11.3956 18.2831 40.3408 14.7975 3.0565 11.6641 29.7448 26.5712 51.6215 93.062 4.3952 7.4313 34.293 32.7631 7.7756 15.4083 43.4686 16.4896 28.1408 30.5159 1.0342
