Resources/Map/Lvl0_30x30/Ele_BG.asc
ncols         335
nrows         335
xllcorner     55000
yllcorner     3325000
cellsize      10000
nodata_value  -99999.0
[rows 224 to 251 of 335, columns 0 to 63 of 335]
-94.4644 -89.013 -95.304 -213.5683 -574.5546 -959.8409 -1195.2802 -1312.3712 -1385.9641 -1444.5726 -1496.7423 -1542.4415 -1580.212 -1564.1151 -1443.1547 -1289.4426 -1165.3359 -1090.3076 -993.6699 -835.2195 -681.0187 -522.5629 -380.8675 -221.9182 2.0305 807.3148 646.3246 150.5589 26.9696 16.8676 -1.5063 -9.1211 3.7652 -32.1559 -63.0695 -76.7505 -184.9563 -398.1759 -516.8349 -512.3599 -418.4747 -254.1801 -124.662 -108.5852 -225.1597 -671.3161 -1526.0426 -2290.3235 -2591.7751 -2690.0413 -2773.5557 -2822.8257 -2832.5879 -2816.512 -2813.1355 -2837.4055 -2835.9761 -2833.801 -2818.7478 -2776.5273 -2766.9668 -2766.1592 -2830.3364 -2862.8362
-155.9944 -160.2251 -238.3004 -514.4919 -868.514 -1104.6829 -1253.9951 -1352.0022 -1410.5208 -1459.4355 -1502.0273 -1538.9177 -1562.7997 -1526.9114 -1414.4052 -1261.8157 -1066.267 -861.1316 -671.9501 -420.9229 -251.4457 -147.8485 -14.6204 430.1553 318.5251 276.2269 120.1547 67.6835 78.0957 65.067 66.0721 153.1099 95.9631 15.6448 -59.6615 -97.528 -229.8636 -542.9578 -853.4692 -976.0396 -921.0334 -778.3874 -572.7328 -392.373 -431.3334 -826.7654 -1670.2383 -2444.762 -2690.2146 -2723.804 -2752.124 -2782.3015 -2788.6523 -2792.6025 -2816.897 -2857.4133 -2880.9846 -2870.0146 -2837.7043 -2812.2043 -2799.1936 -2797.5994 -2839.2827 -2846.1604
-545.1207 -583.3373 -702.6176 -882.8591 -1053.064 -1183.3971 -1284.3976 -1359.54 -1414.1544 -1462.0099 -1500.9614 -1528.0977 -1541.5564 -1517.5668 -1456.1833 -1343.9825 -1138.0422 -727.1373 -328.104 -174.0866 -88.5525 246.5622 408.1357 165.7481 61.6201 130.7988 134.0693 154.0217 130.4293 75.7538 143.9465 98.5758 63.8074 -17.3079 -83.683 -240.5154 -591.3682 -956.153 -1185.0419 -1309.9363 -1271.7104 -1143.6782 -971.2097 -748.0074 -724.8043 -1096.985 -1854.1144 -2505.9092 -2692.551 -2699.135 -2673.4973 -2682.6245 -2730.3984 -2785.1213 -2815.0352 -2838.6846 -2866.9602 -2883.5232 -2851.1326 -2838.1235 -2835.7974 -2832.7903 -2852.0974 -2863.2285
-955.6435 -1011.5444 -1104.6857 -1178.3365 -1231.3608 -1295.2554 -1350.9781 -1400.4171 -1440.7228 -1469.7854 -1457.024 -1448.8347 -1321.1072 -1446.4166 -1422.5466 -1338.0292 -1154.9109 -737.4588 -231.5719 -116.1655 -83.4179 60.1007 66.4924 56.7183 6.1606 73.3275 205.4246 198.8608 130.1225 77.0882 150.1677 91.4867 -7.1531 -54.9915 -169.2498 -551.3741 -1050.59 -1346.7037 -1475.4111 -1553.1887 -1516.631 -1403.4463 -1321.957 -1179.5848 -1083.4431 -1314.6127 -1889.6099 -2442.6028 -2688.301 -2716.1318 -2634.7898 -2579.9253 -2641.6653 -2748.1677 -2794.0151 -2801.6414 -2826.4651 -2853.4231 -2852.8943 -2826.6926 -2812.624 -2809.9443 -2855.6353 -2856.0366
-1150.7156 -1204.7769 -1259.3326 -1291.7483 -1311.7155 -1356.9376 -1383.0764 -1375.5159 -1326.5575 -1283.2726 -1237.671 -1198.3844 -1133.174 -1209.2439 -1184.3604 -1148.8085 -1056.4136 -816.1563 -344.4277 -116.8707 -106.5721 -90.5745 -61.3248 -51.1013 -40.782 122.3168 89.5586 54.3122 31.7383 138.9407 87.7467 25.9488 -55.8634 -155.1441 -517.2997 -1092.0361 -1459.3156 -1599.4562 -1661.6918 -1728.73 -1714.2715 -1625.9734 -1524.7582 -1407.6356 -1355.4287 -1557.4364 -2005.9819 -2420.8142 -2686.7512 -2770.1421 -2688.7673 -2598.8887 -2614.0227 -2710.8906 -2778.2761 -2808.0532 -2828.4146 -2838.6753 -2851.0073 -2847.6621 -2845.5308 -2837.5193 -2864.6965 -2865.9761
-1231.6223 -1280.0393 -1306.0667 -1303.0376 -1262.1671 -1262.6023 -1200.8723 -1103.7134 -997.3607 -940.2102 -923.0751 -907.4904 -880.4604 -833.9241 -813.2469 -854.2285 -824.7008 -672.7227 -336.7133 -187.0131 -221.8883 -226.2829 -164.5612 -119.9187 -88.3963 -44.7104 -7.9822 -6.7497 38.4335 28.6518 5.5327 -60.1099 -193.5782 -581.5916 -1091.5774 -1442.151 -1652.8298 -1755.3746 -1782.3079 -1838.1218 -1861.6492 -1774.781 -1627.6139 -1510.703 -1488.9506 -1707.2732 -2154.4722 -2461.3628 -2617.1841 -2734.9558 -2725.4717 -2655.5344 -2647.6367 -2723.9749 -2772.4307 -2828.2026 -2876.9397 -2873.27 -2861.1355 -2858.2944 -2868.4258 -2850.5054 -2872.2373 -2899.0439
-1242.6852 -1302.6122 -1307.4755 -1266.3851 -1193.6244 -1095.9708 -947.6029 -810.7694 -729.0278 -689.4173 -643.5834 -605.9637 -576.6873 -513.4844 -515.5478 -597.0109 -679.3859 -560.7025 -570.885 -562.1601 -546.9432 -511.8396 -382.3172 -215.0922 -141.801 -94.5146 -83.5585 -70.796 -43.7126 -51.4682 -176.6674 -429.2326 -739.3645 -1205.1373 -1573.2347 -1710.5924 -1812.7601 -1888.543 -1879.2529 -1894.9257 -1965.0129 -1914.4686 -1792.4882 -1686.0419 -1632.9194 -1831.2733 -2225.8206 -2437.9807 -2561.0737 -2710.801 -2751.9258 -2732.5227 -2719.3862 -2740.1396 -2748.1333 -2805.6235 -2878.4629 -2896.1016 -2900.165 -2867.7932 -2863.738 -2847.7129 -2909.6194 -2984.0437
-1186.384 -1264.2516 -1249.9923 -1181.5519 -1098.3844 -971.6365 -808.6541 -657.0718 -554.273 -432.5693 -257.1659 -155.4306 -170.973 -282.6096 -413.0306 -582.2229 -698.3874 -719.8291 -797.1926 -806.9756 -795.6088 -753.7617 -610.4879 -460.0707 -316.0182 -174.7517 -120.25 47 -88.9843 -364.6052 -931.1766 -1411.7314 -1590.5325 -1733.7965 -1923.0889 -2009.2878 -2023.3423 -2019.3535 -1955.2649 -1926.2233 -2025.454 -2045.1713 -2004.2234 -1966.5286 -1860.1458 -1928.1045 -2207.0564 -2363.3645 -2491.8008 -2686.947 -2760.2798 -2772.896 -2751.4353 -2721.6577 -2741.4263 -2766.2629 -2848.5886 -2893.8933 -2912.8794 -2864.0095 -2852.1155 -2822.3323 -2864.0647 -2944.9736
-962.5139 -1090.776 -1107.3615 -1059.0446 -976.483 -851.2544 -670.3906 -429.6812 -242.3193 98 103.3016 187.959 42.6629 -65.0825 -309.7961 -597.6997 -711.9504 -816.3469 -923.499 -955.3026 -942.6008 -859.6083 -787.7077 -722.0625 -506.9409 -207.7786 -140.3559 -159.0505 -471.9031 -1216.4832 -1810.8258 -2011.4741 -2080.8381 -2181.1108 -2210.7839 -2213.0991 -2157.1716 -2071.3027 -1985.9163 -1955.2124 -2050.3438 -2111.1511 -2100.051 -2123.6409 -2185.9958 -2285.8032 -2439.2561 -2508.0935 -2559.6858 -2678.001 -2744.5352 -2781.7134 -2797.0403 -2783.3032 -2803.3779 -2766.9758 -2766.5095 -2834.7363 -2917.3186 -2882.3052 -2844.0239 -2799.8621 -2758.1394 -2818.2402
-725.5308 -879.3605 -933.3406 -914.0557 -826.0162 -656.0445 -353.74 -164.0812 11.1556 92.9229 149.6745 18.8333 0.8924 -82.9955 -310.0811 -569.9882 -606.3408 -770.2 -969.1664 -997.349 -991.8989 -930.7633 -875.1201 -811.5067 -653.8975 -271.692 -198.6688 -513.6139 -1262.7875 -1930.1294 -2206.8293 -2260.2891 -2286.3931 -2363.7229 -2354.989 -2317.0508 -2247.3228 -2147.0283 -2076.5071 -2030.7725 -2079.6223 -2155.9836 -2147.1282 -2161.6628 -2292.4202 -2435.1687 -2555.699 -2662.0383 -2719.6523 -2714.8789 -2723.0229 -2766.8101 -2798.4592 -2784.8115 -2784.4607 -2821.2622 -2823.6819 -2856.4749 -2947.0024 -2893.3601 -2821.5967 -2817.6951 -2676.4812 -2740.6133
-542.5718 -723.503 -787.6453 -811.2028 -721.6794 -526.9029 -234.5539 -124.1198 137.3031 108.7758 65.9288 -13.9169 -77.1892 -172.5663 -348.1184 -433.3273 -577.7438 -721.0745 -887.2188 -999.2463 -1018.413 -943.7455 -769.0374 -730.9711 -696.6057 -664.7689 -915.8384 -1583.0519 -2144.083 -2296.9116 -2387.7949 -2461.4368 -2433.718 -2415.9036 -2392.7041 -2377.5369 -2358.0535 -2315.0073 -2260.7908 -2175.2791 -2163.0325 -2199.5981 -2161.6748 -2149.0867 -2270.3848 -2406.116 -2509.4609 -2604.5276 -2675.0742 -2707.4458 -2723.1907 -2765.5959 -2800.4897 -2805.2568 -2792.7625 -2801.9434 -2814.5146 -2838.3062 -2866.488 -2850.4065 -2832.9192 -2850.5857 -2797.4192 -2783.5867
-534.2233 -727.3907 -789.1432 -800.6354 -683.6736 -533.6223 -288.0004 -138.7515 -98.2133 -75.9448 -36.7437 -45.1109 -123.3609 -248.1174 -300.1741 -303.7669 -562.5317 -712.9343 -872.6003 -992.26 -994.2877 -876.7693 -696.764 -708.0905 -937.0038 -1447.9078 -1876.1981 -2313.2075 -2473.4866 -2469.8435 -2489.0513 -2542.092 -2506.3025 -2471.908 -2441.2002 -2412.8911 -2382.2732 -2354.4492 -2317.1843 -2273.6729 -2234.1411 -2179.8188 -2141.5103 -2156.1218 -2241.7314 -2361.1936 -2509.8313 -2619.0999 -2673.0442 -2693.196 -2708.0234 -2771.0508 -2787.2083 -2780.2063 -2807.6187 -2822.2822 -2834.7854 -2854.907 -2866.8625 -2859.7783 -2856.8062 -2855.7703 -2854.282 -2846.8499
-523.835 -750.9545 -831.9525 -821.7666 -641.0154 -456.2849 -281.2174 -136.0848 -97.5092 -82.7563 7.7176 -19.2997 -92.4544 -292.5076 -305.1262 -308.2251 -583.2809 -777.7145 -839.3421 -914.1706 -929.624 -782.0984 -497.9163 -710.6138 -1362.5837 -2150.3779 -2512.1484 -2578.1736 -2570.8176 -2570.5161 -2587.187 -2582.1538 -2534.7556 -2513.0161 -2491.2695 -2458.9036 -2418.8914 -2357.7061 -2246.8203 -2165.3923 -2156.0747 -2162.1531 -2194.9004 -2247.8982 -2321.0513 -2448.8367 -2577.0889 -2654.9097 -2698.5261 -2681.7659 -2685.7102 -2766.1321 -2772.5198 -2741.405 -2769.1055 -2811.7061 -2847.9573 -2862.8987 -2891.0093 -2868.522 -2848.28 -2848.5237 -2866.2747 -2873.2471
-372.5562 -629.3475 -770.261 -794.1288 -607.3144 -426.2734 -311.3946 -151.9878 -94.0327 -77.8617 -41.5235 -41.4845 -96.1486 -368.544 -478.0401 -535.5369 -664.9426 -813.0603 -871.3802 -926.6839 -1012.3405 -902.8179 -821.3208 -1231.48 -1917.9277 -2555.1711 -2609.2002 -2618.4368 -2616.4287 -2618.6794 -2627.5554 -2599.9814 -2568.3135 -2551.2297 -2549.4465 -2538.2468 -2516.332 -2440.1506 -2303.7 -2215.353 -2234.624 -2293.5825 -2354.4873 -2415.9277 -2446.6179 -2503.5398 -2604.9026 -2680.1699 -2687.6875 -2697.1416 -2740.1555 -2785.946 -2796.7598 -2793.1609 -2804.5081 -2818.655 -2839.147 -2848.2803 -2848.4817 -2878.4031 -2875.0562 -2878.98 -2910.3137 -2894.1858
-334.3764 -574.165 -728.4573 -807.8444 -671.7638 -531.9429 -455.3361 -302.4839 -279.915 -247.8444 -185.4869 -231.2787 -417.3899 -626.5609 -651.9822 -737.6039 -852.9216 -969.0331 -1028.5696 -1090.6149 -1163.1631 -1152.6185 -1624.7688 -2160.2178 -2578.8296 -2689.6885 -2667.9011 -2653.9412 -2642.8013 -2645.3706 -2655.8823 -2647.9331 -2634.623 -2594.9678 -2576.1289 -2571.3381 -2571.8108 -2564.583 -2506.4929 -2453.6025 -2499.0076 -2557.7639 -2567.8689 -2590.0862 -2583.1619 -2544.793 -2629.3486 -2719.5068 -2717.356 -2730.7329 -2765.9883 -2794.9873 -2817.1382 -2822.5623 -2834.0669 -2811.4954 -2816.248 -2848.0642 -2845.4019 -2886.7444 -2888.99 -2899.1526 -2915.8223 -2883.1301
-414.6067 -627.9246 -751.8069 -881.9062 -877.9017 -777.2863 -642.8197 -626.6602 -702.631 -699.6411 -648.915 -674.3217 -823.0397 -978.9464 -1026.5601 -1045.9752 -1074.8762 -1160.8113 -1217.2925 -1263.0612 -1429.8199 -1653.4165 -2261.843 -2649.6924 -2708.9885 -2704.5505 -2699.3828 -2697.511 -2693.5867 -2695.4978 -2698.2585 -2695.5933 -2681.2644 -2624.1375 -2571.4109 -2579.9783 -2600.8667 -2631.533 -2650.2734 -2643.9109 -2613.717 -2621.4585 -2657.1755 -2665.4758 -2664.8711 -2656.8914 -2693.6904 -2711.9009 -2712.2808 -2732.2505 -2767.5354 -2797.5522 -2823.218 -2838.2061 -2849.3386 -2827.1245 -2832.1843 -2868.8296 -2883.2656 -2912.2839 -2938.2817 -2984.646 -2940.7896 -2929.8281
-579.9812 -744.7574 -863.832 -1005.7641 -1008.0339 -962.3828 -917.2722 -1062.1461 -1172.3318 -1176.0988 -1167.5021 -1256.7855 -1354.7676 -1380.1556 -1383.6941 -1279.8047 -1198.374 -1287.933 -1455.9072 -1546.9658 -1958.4501 -2319.1663 -2684.217 -2737.1995 -2725.0825 -2727.8469 -2724.8435 -2731.0759 -2730.5017 -2735.137 -2730.3042 -2689.8459 -2659.1455 -2628.4878 -2602.936 -2613.0288 -2641.3784 -2676.8562 -2698.8137 -2701.3252 -2652.7834 -2638.2793 -2677.6201 -2690.9187 -2701.7441 -2739.8625 -2741.8875 -2700.7729 -2715.9619 -2737.9189 -2749.2837 -2791.7922 -2827.1448 -2844.2671 -2856.3523 -2818.7969 -2829.3496 -2884.2595 -2901.0811 -2959.355 -3021.821 -3155.9148 -3060.6858 -2971.2388
-757.5812 -857.1554 -898.5147 -970.1096 -1049.3351 -1167.6868 -1245.1794 -1344.1606 -1434.0159 -1563.6846 -1581.863 -1553.6248 -1533.2626 -1583.86 -1549.6766 -1431.5853 -1382.6539 -1502.7437 -1687.0548 -1899.1676 -2245.1072 -2586.8223 -2745.1436 -2742.4797 -2743.2451 -2751.6782 -2755.6897 -2759.6094 -2745.4563 -2739.616 -2738.532 -2668.9968 -2661.8198 -2719.6685 -2763.9844 -2761.6108 -2750.4673 -2744.0452 -2735.8765 -2744.5466 -2723.0786 -2691.6455 -2719.2698 -2734.5879 -2734.7393 -2739.2241 -2732.9968 -2732.2871 -2725.0444 -2687.6782 -2709.4009 -2790.9453 -2827.2842 -2853.7258 -2885.1367 -2863.4399 -2849.6443 -2846.6829 -2861.2322 -2916.8318 -2955.9878 -3044.5234 -3001.2517 -2921.9043
-980.401 -1087.5958 -1089.4869 -1071.2745 -1082.462 -1290.8586 -1438.6173 -1510.3901 -1588.6373 -1719.2393 -1754.9061 -1712.5778 -1619.2003 -1664.2959 -1698.7109 -1626.7092 -1482.5596 -1649.9056 -1935.5746 -2143.9436 -2535.1189 -2729.2644 -2751.2341 -2755.8315 -2763.5132 -2777.9243 -2781.9297 -2778.1292 -2763.406 -2754.7725 -2731.6863 -2676.384 -2694.1377 -2758.5928 -2797.5569 -2790.6514 -2801.2212 -2799.0281 -2774.9956 -2786.218 -2753.8928 -2684.8542 -2704.6018 -2751.4373 -2767.8394 -2764.9126 -2763.5122 -2754.6519 -2754.8213 -2756.9548 -2783.8672 -2827.8704 -2834.3103 -2851.7598 -2870.5605 -2883.5977 -2895.2964 -2860.1675 -2881.9529 -2908.0271 -2913.2837 -2930.022 -2919.4375 -2883.1719
-1205.0295 -1498.8074 -1663.0336 -1616.7819 -1588.8433 -1761.322 -1759.8497 -1760.5449 -1854.5021 -1973.6798 -2023.1572 -2021.0049 -1888.2126 -1699.4088 -1764.0098 -1791.7761 -1822.8849 -2019.0637 -2280.2825 -2541.1433 -2707.1729 -2749.5313 -2770.2642 -2778.5674 -2787.9785 -2795.1592 -2791.8989 -2788.4717 -2782.6147 -2789.0356 -2782.0122 -2755.4724 -2774.7305 -2802.8535 -2800.0918 -2792.8926 -2801.1914 -2798.5332 -2793.1143 -2799.189 -2780.3369 -2759.325 -2774.6873 -2779.6711 -2785.0171 -2802.0581 -2815.7532 -2825.4873 -2824.0789 -2821.9651 -2827.7168 -2834.5295 -2835.4236 -2840.4263 -2839.6941 -2861.4978 -2894.4131 -2883.8257 -2887.4868 -2905.2175 -2901.4351 -2863.2583 -2853.8083 -2863.168
-1534.6504 -1851.3055 -2068.8672 -2100.1929 -2135.2307 -2233.075 -2242.2949 -2219.1106 -2281.5068 -2372.4355 -2346.3403 -2342.5259 -2263.0051 -1997.8821 -1985.6757 -2244.582 -2353.1768 -2458.0264 -2529.0383 -2672.2534 -2726.9919 -2768.8811 -2795.8105 -2796.4248 -2800.1746 -2799.5388 -2797.9517 -2792.0635 -2773.1528 -2781.8955 -2784.2573 -2771.5911 -2793.6614 -2817.0742 -2813.9316 -2805.3872 -2800.8 -2810.0498 -2824.2334 -2827.0352 -2789.6938 -2769.4827 -2807.3552 -2830.884 -2838.9521 -2841.6121 -2832.437 -2830.7336 -2830.0076 -2832.5034 -2833.6851 -2836.1604 -2840.3303 -2856.0205 -2876.1924 -2891.5469 -2898.8052 -2869.4846 -2855.7195 -2874.7935 -2864.4675 -2849.8494 -2851.865 -2855.197
-1900.2787 -2245.5649 -2450.6982 -2490.3035 -2529.6724 -2558.1255 -2557.7705 -2552.5186 -2557.3594 -2556.0994 -2519.719 -2500.0955 -2467.9377 -2496.6497 -2522.7825 -2670.9321 -2698.0151 -2666.8403 -2684.5422 -2771.1726 -2794.4915 -2798.0786 -2801.2549 -2801.2542 -2801.5308 -2802.7246 -2803.8936 -2810.8433 -2803.9829 -2803.8875 -2778.6616 -2752.7368 -2787.1042 -2805.9363 -2830.5139 -2837.3022 -2828.6382 -2839.4397 -2842.0713 -2831.5317 -2816.9172 -2817.6743 -2833.6455 -2847.635 -2847.0903 -2842.98 -2843.394 -2843.5747 -2838.1526 -2832.3965 -2823.1277 -2815.522 -2826.6526 -2838.8757 -2848.4321 -2854.8948 -2861.8269 -2854.9604 -2853.2776 -2865.0981 -2875.9597 -2838.4387 -2845.7527 -2836.2197
-2045.1993 -2426.355 -2685.5696 -2725.7427 -2727.6277 -2695.1848 -2682.4365 -2689.292 -2694.6396 -2680.4717 -2653.4753 -2676.3823 -2725.5247 -2739.4011 -2760.7114 -2759.7146 -2774.7166 -2788.9451 -2796.5305 -2798.9832 -2800.1553 -2799.7117 -2799.5408 -2799.8076 -2801.6204 -2802.8059 -2816.1567 -2861.0417 -2853.2964 -2829.5452 -2779.9792 -2735.0032 -2784.5732 -2819.1553 -2840.0632 -2842.1238 -2832.2795 -2824.1343 -2812.2131 -2814.0022 -2817.488 -2823.8625 -2833.0146 -2831.6035 -2819.4214 -2824.387 -2841.8782 -2839.8369 -2831.8921 -2820.4363 -2817.5862 -2818.873 -2823.9155 -2828.2549 -2832.8218 -2836.9346 -2852.8516 -2854.2046 -2860.5479 -2869.0964 -2885.5842 -2832.3562 -2838.9883 -2837.678
-2250.3577 -2532.4309 -2728.759 -2748.793 -2748.1587 -2767.6719 -2773.9932 -2758.4988 -2760.1655 -2778.1055 -2757.5405 -2770.9897 -2783.179 -2778.2158 -2787.7798 -2791.1855 -2792.1565 -2794.009 -2795.313 -2796.1021 -2798.137 -2799.9839 -2801.0342 -2801.1125 -2800.1611 -2802.6038 -2826.1658 -2888.9875 -2880.1633 -2849.7051 -2810.6001 -2802.4934 -2834.835 -2842.8555 -2838.313 -2831.8455 -2826.6165 -2827.0039 -2818.7542 -2816.2285 -2815.0562 -2810.2969 -2819.6221 -2817.5447 -2808.7771 -2823.3162 -2832.8359 -2814.7576 -2811.6926 -2820.5686 -2822.6465 -2821.9561 -2822.7891 -2823.8386 -2823.6492 -2829.6841 -2836.0103 -2827.6436 -2829.1104 -2828.9812 -2832.3298 -2836.0657 -2834.3242 -2831.3623
-2494.2424 -2645.9609 -2736.7874 -2757.0342 -2757.0115 -2777.4509 -2774.6062 -2758.7659 -2768.1809 -2792.8701 -2784.2034 -2783.093 -2785.948 -2788.4883 -2788.2832 -2792.4666 -2794.6545 -2794.0161 -2796.3145 -2796.4004 -2798.2231 -2801.1111 -2801.7092 -2802.0361 -2800.2729 -2802.4958 -2820.2949 -2844.8936 -2839.239 -2837.3926 -2818.9089 -2830.051 -2842.969 -2833.2622 -2827.2515 -2825.5959 -2813.5217 -2802.4622 -2790.1204 -2778.3083 -2772.7129 -2773.2283 -2786.3936 -2789.7668 -2790.6184 -2810.4307 -2816.8975 -2801.0864 -2802.6553 -2810.5569 -2811.4509 -2810.9321 -2811.9224 -2808.271 -2803.4773 -2803.8599 -2809.28 -2812.6465 -2817.5208 -2819.7808 -2819.6121 -2817.3376 -2817.6538 -2817.4456
-2708.8472 -2736.0002 -2746.7043 -2745.1882 -2739.9131 -2755.3167 -2757.9094 -2764.1353 -2773.6592 -2789.2361 -2784.6118 -2785.3708 -2787.7502 -2787.9993 -2791.1389 -2793.5771 -2793.0007 -2794.0183 -2796.6733 -2797.0681 -2798.4341 -2799.8293 -2801.3965 -2801.6187 -2799.051 -2800.1667 -2811.9351 -2811.3982 -2802.3772 -2800.7485 -2789.5488 -2791.1418 -2795.0251 -2789.7866 -2787.9702 -2793.1494 -2790.4031 -2782.6174 -2768.8779 -2756.1926 -2750.9534 -2758.292 -2769.4624 -2778.3237 -2785.791 -2791.4312 -2793.9541 -2794.7576 -2798.1924 -2800.3472 -2800.6282 -2799.1064 -2797.5688 -2791.6689 -2785.0603 -2783.3816 -2788.4775 -2795.498 -2801.7505 -2806.0188 -2804.3713 -2799.3789 -2799.6062 -2792.5669
-2746.241 -2727.6484 -2688.2935 -2671.615 -2687.6157 -2714.2537 -2738.8906 -2764.4263 -2789.3042 -2803.6069 -2787.0034 -2784.8486 -2785.8967 -2787.8376 -2791.0886 -2792.5911 -2790.6716 -2792.5823 -2794.9639 -2796.3667 -2798.0706 -2799.7756 -2798.4248 -2798.3679 -2795.0857 -2797.2551 -2802.1619 -2793.3855 -2773.6038 -2761.4463 -2756.8 -2756.4646 -2760.5803 -2773.4873 -2780.0273 -2778.3638 -2765.8494 -2750.5542 -2738.0122 -2731.9055 -2732.137 -2743.2197 -2755.7007 -2767.7886 -2777.9014 -2783.1516 -2785.9871 -2788.4243 -2789.8452 -2790.0781 -2787.7986 -2784.2273 -2777.4368 -2769.5789 -2763.4604 -2761.738 -2767.7324 -2775.2153 -2780.709 -2783.8958 -2779.9333 -2773.0471 -2778.7454 -2767.9729
-2739.406 -2732.1519 -2674.1023 -2665.2219 -2698.8557 -2727.2822 -2753.7749 -2751.6597 -2784.2563 -2797.3201 -2791.2607 -2788.2949 -2785.1873 -2787.3953 -2788.7849 -2791.5168 -2790.3992 -2790.396 -2792.6663 -2794.3093 -2795.6821 -2796.4644 -2796.1912 -2794.6995 -2791.9707 -2789.886 -2786.022 -2780.0112 -2767.2224 -2757.5928 -2756.2456 -2764.8792 -2773.9751 -2771.9453 -2761.0427 -2743.3296 -2714.6628 -2695.7261 -2691.4958 -2692.5447 -2698.856 -2716.1423 -2737.314 -2754.0654 -2762.552 -2767.4565 -2775.1809 -2780.6914 -2780.0735 -2775.9707 -2767.0464 -2755.4136 -2743.1338 -2731.7258 -2733.6516 -2733.3289 -2729.0339 -2738.8928 -2748.5259 -2744.9543 -2739.864 -2736.3352 -2749.8992 -2733.1038
