Resources/Map/Lvl0_30x30/Ele_AH.asc
ncols         335
nrows         335
xllcorner     3405000
yllcorner     6675000
cellsize      10000
nodata_value  -99999.0
[rows 120 to 149 of 335, columns 204 to 271 of 335]
-339 -340 -340 -340 -340 -339 -339 -342 -352 -364 -365 -367 -372 -368 -357 -342 -333 -328 -325 -322 -318 -314 -312 -308 -304 -302 -300 -300 -299 -299 -298 -298 -297 -298 -298 -299 -301 -302 -303 -305 -307 -309 -311 -311 -309 -283 -256 -221 -194 -181 -175 -177 -182 -188 -195 -203 -211 -220 -229 -239 -250 -259 -264 -260 -249 -236 -223 -214
-337 -339 -339 -340 -340 -339 -338 -340 -347 -355 -356 -349 -343 -339 -335 -333 -332 -330 -328 -325 -322 -317 -316 -317 -316 -314 -311 -309 -307 -305 -304 -302 -300 -298 -296 -294 -293 -289 -285 -277 -269 -260 -253 -245 -239 -227 -220 -213 -205 -198 -194 -193 -193 -195 -198 -202 -208 -215 -223 -232 -242 -251 -256 -256 -250 -241 -232 -224
-340 -343 -346 -348 -348 -344 -340 -338 -338 -337 -337 -336 -335 -334 -332 -330 -327 -322 -317 -310 -302 -298 -306 -318 -322 -321 -320 -321 -321 -322 -321 -315 -305 -298 -295 -294 -293 -288 -277 -262 -250 -242 -238 -236 -234 -229 -226 -222 -218 -215 -212 -210 -208 -209 -212 -214 -212 -210 -207 -205 -204 -203 -203 -203 -202 -201 -201 -199
-346 -351 -359 -367 -373 -368 -355 -343 -337 -335 -332 -330 -329 -329 -329 -329 -329 -329 -329 -330 -332 -336 -340 -341 -342 -342 -340 -333 -322 -311 -308 -306 -298 -287 -282 -286 -295 -299 -298 -291 -281 -272 -262 -255 -254 -246 -241 -237 -233 -232 -231 -233 -234 -238 -246 -250 -247 -242 -236 -230 -225 -219 -216 -214 -212 -211 -208 -207
-338 -340 -343 -350 -356 -356 -347 -335 -330 -329 -329 -329 -329 -327 -324 -323 -323 -325 -327 -330 -333 -335 -336 -335 -325 -308 -289 -272 -264 -263 -265 -265 -262 -256 -258 -272 -286 -288 -284 -283 -284 -285 -287 -290 -290 -284 -275 -264 -253 -245 -241 -240 -240 -242 -243 -243 -246 -253 -254 -248 -241 -237 -235 -234 -233 -232 -229 -226
-311 -310 -310 -310 -309 -309 -308 -307 -307 -307 -308 -310 -311 -310 -309 -309 -310 -312 -316 -320 -325 -329 -333 -333 -326 -312 -296 -282 -276 -275 -278 -283 -288 -289 -284 -282 -280 -269 -257 -249 -245 -244 -250 -260 -274 -288 -288 -286 -278 -270 -264 -262 -261 -259 -252 -246 -244 -246 -249 -249 -246 -241 -237 -236 -235 -235 -236 -236
-295 -293 -292 -290 -288 -287 -287 -287 -288 -288 -288 -289 -292 -293 -293 -293 -294 -296 -299 -302 -306 -310 -315 -317 -314 -309 -303 -297 -293 -289 -287 -286 -284 -276 -263 -257 -255 -253 -251 -248 -245 -244 -244 -249 -255 -271 -283 -288 -289 -289 -289 -289 -289 -289 -290 -291 -290 -288 -285 -278 -266 -254 -241 -231 -226 -223 -222 -222
-258 -256 -258 -260 -262 -262 -264 -264 -264 -264 -262 -261 -261 -263 -268 -271 -275 -278 -280 -281 -281 -277 -271 -267 -268 -266 -263 -259 -255 -252 -252 -254 -257 -261 -259 -254 -251 -248 -247 -247 -247 -248 -248 -249 -250 -254 -256 -260 -265 -271 -276 -281 -284 -286 -286 -287 -287 -287 -286 -284 -276 -265 -252 -238 -225 -215 -210 -211
-244 -243 -243 -245 -246 -247 -249 -250 -251 -252 -253 -254 -255 -257 -258 -256 -253 -253 -253 -254 -255 -253 -249 -246 -241 -235 -228 -223 -219 -216 -216 -218 -221 -224 -226 -228 -230 -232 -235 -237 -238 -239 -238 -238 -237 -241 -244 -248 -256 -266 -276 -283 -287 -288 -289 -288 -288 -288 -287 -284 -278 -270 -261 -253 -245 -239 -235 -234
-249 -248 -246 -244 -242 -242 -243 -243 -245 -247 -250 -255 -258 -252 -245 -242 -240 -240 -240 -241 -241 -240 -241 -243 -243 -241 -239 -235 -230 -226 -225 -224 -223 -220 -218 -220 -224 -229 -233 -236 -237 -238 -238 -238 -243 -264 -278 -285 -290 -298 -303 -301 -296 -293 -290 -288 -287 -284 -280 -275 -270 -264 -258 -254 -249 -246 -243 -241
-229 -230 -233 -235 -237 -238 -239 -240 -239 -239 -238 -237 -236 -238 -240 -241 -242 -242 -243 -245 -248 -251 -256 -260 -261 -259 -256 -253 -250 -247 -244 -242 -240 -239 -238 -235 -237 -241 -243 -243 -245 -246 -250 -257 -266 -282 -285 -286 -285 -284 -282 -281 -279 -277 -275 -276 -277 -274 -269 -262 -255 -250 -245 -242 -240 -237 -234 -230
-236 -235 -237 -239 -240 -241 -241 -242 -242 -242 -243 -245 -248 -249 -247 -247 -247 -248 -251 -254 -258 -262 -267 -271 -269 -263 -258 -252 -248 -246 -243 -239 -233 -226 -221 -222 -230 -237 -240 -243 -245 -249 -254 -259 -265 -276 -279 -281 -281 -280 -277 -273 -268 -262 -256 -253 -253 -252 -249 -246 -243 -240 -238 -235 -232 -228 -224 -219
-261 -258 -255 -253 -250 -248 -246 -245 -244 -243 -241 -240 -240 -240 -242 -241 -241 -241 -243 -245 -249 -251 -253 -251 -244 -243 -243 -242 -240 -239 -239 -237 -236 -234 -233 -233 -235 -237 -239 -241 -242 -245 -250 -257 -264 -280 -287 -294 -298 -298 -293 -282 -271 -261 -252 -245 -240 -241 -243 -245 -247 -245 -243 -239 -234 -227 -219 -212
-270 -267 -264 -259 -254 -248 -244 -241 -235 -228 -219 -212 -208 -209 -212 -216 -218 -220 -221 -224 -227 -237 -253 -264 -258 -249 -241 -240 -239 -238 -238 -237 -236 -234 -232 -232 -236 -240 -240 -239 -238 -239 -243 -249 -257 -274 -282 -289 -293 -292 -285 -275 -264 -254 -245 -240 -240 -248 -261 -274 -281 -277 -268 -259 -247 -238 -228 -221
-296 -287 -281 -275 -266 -256 -248 -242 -239 -235 -229 -221 -213 -205 -202 -202 -202 -203 -203 -203 -204 -206 -209 -215 -220 -224 -226 -227 -228 -229 -229 -228 -228 -228 -230 -234 -239 -240 -240 -239 -237 -234 -235 -239 -244 -256 -262 -264 -264 -261 -254 -249 -243 -238 -235 -233 -233 -241 -255 -266 -267 -260 -250 -241 -232 -227 -224 -223
-326 -311 -296 -281 -264 -245 -233 -232 -234 -239 -241 -236 -228 -220 -214 -209 -206 -203 -200 -198 -195 -194 -193 -193 -194 -197 -204 -213 -221 -225 -225 -224 -225 -227 -230 -234 -235 -238 -239 -241 -241 -240 -237 -232 -226 -215 -214 -214 -214 -213 -211 -209 -207 -204 -202 -202 -204 -206 -205 -205 -204 -203 -203 -208 -214 -221 -228 -233
-339 -340 -335 -325 -307 -288 -275 -262 -251 -243 -236 -225 -217 -214 -212 -210 -209 -211 -216 -220 -221 -218 -215 -214 -211 -208 -211 -217 -223 -228 -230 -231 -233 -234 -236 -238 -240 -240 -241 -241 -242 -242 -243 -242 -238 -210 -202 -201 -201 -199 -196 -194 -193 -192 -189 -186 -186 -187 -193 -202 -211 -219 -230 -245 -257 -266 -270 -274
-335 -335 -334 -330 -319 -306 -294 -281 -267 -256 -245 -239 -240 -241 -240 -237 -236 -237 -242 -249 -252 -250 -251 -253 -248 -238 -233 -234 -236 -238 -240 -241 -243 -246 -247 -245 -243 -243 -241 -245 -250 -253 -254 -256 -258 -259 -260 -260 -259 -258 -257 -255 -256 -255 -253 -246 -243 -249 -263 -271 -275 -283 -296 -307 -307 -296 -282 -281
-361 -379 -383 -377 -369 -360 -354 -349 -347 -347 -349 -352 -353 -349 -345 -342 -339 -334 -328 -320 -309 -300 -297 -298 -301 -301 -301 -301 -303 -306 -309 -312 -315 -318 -320 -321 -318 -314 -307 -302 -299 -296 -294 -291 -289 -291 -294 -299 -304 -310 -317 -323 -328 -334 -340 -345 -349 -357 -368 -374 -370 -357 -344 -335 -328 -318 -307 -296
-345 -358 -364 -363 -356 -351 -346 -342 -341 -339 -340 -341 -342 -346 -347 -347 -347 -347 -346 -344 -342 -339 -336 -334 -332 -331 -330 -331 -333 -334 -336 -337 -339 -341 -345 -348 -348 -346 -341 -334 -329 -324 -319 -316 -314 -310 -308 -311 -318 -326 -334 -345 -357 -366 -370 -368 -363 -356 -344 -331 -318 -307 -297 -288 -279 -272 -267 -263
-313 -317 -321 -324 -326 -327 -327 -326 -326 -325 -325 -326 -330 -336 -339 -342 -343 -343 -344 -344 -345 -346 -346 -344 -344 -344 -344 -343 -342 -341 -340 -339 -338 -337 -339 -344 -349 -350 -349 -347 -344 -341 -339 -336 -333 -334 -334 -335 -339 -341 -343 -348 -351 -350 -344 -332 -319 -305 -295 -288 -276 -261 -251 -245 -240 -237 -233 -220
-312 -314 -313 -312 -312 -313 -313 -315 -317 -318 -320 -320 -321 -323 -326 -329 -332 -335 -336 -338 -341 -344 -346 -346 -347 -348 -349 -348 -347 -346 -345 -343 -342 -342 -343 -346 -350 -352 -352 -350 -348 -346 -346 -345 -344 -341 -339 -339 -340 -341 -344 -346 -347 -346 -339 -329 -324 -312 -289 -267 -251 -241 -231 -216 -203 -198 -194 -190
-294 -296 -297 -298 -300 -301 -303 -305 -308 -311 -315 -317 -319 -315 -308 -301 -298 -302 -309 -314 -320 -324 -327 -328 -325 -322 -327 -337 -341 -343 -342 -342 -341 -342 -343 -344 -344 -344 -342 -338 -336 -339 -341 -343 -344 -339 -339 -339 -340 -340 -339 -339 -332 -319 -307 -299 -292 -285 -281 -271 -252 -240 -231 -218 -199 -183 -177 -184
-299 -303 -304 -303 -304 -306 -308 -310 -308 -308 -308 -311 -315 -318 -318 -318 -316 -316 -322 -326 -327 -331 -332 -334 -333 -331 -334 -340 -338 -336 -334 -333 -333 -333 -334 -337 -338 -337 -334 -331 -332 -335 -336 -337 -338 -340 -342 -343 -341 -341 -340 -335 -316 -297 -287 -281 -277 -269 -258 -248 -242 -236 -228 -218 -204 -188 -179 -179
-289 -306 -311 -314 -317 -323 -328 -328 -324 -320 -317 -316 -315 -315 -317 -321 -324 -327 -331 -334 -337 -338 -339 -339 -339 -337 -333 -329 -324 -321 -320 -320 -320 -320 -321 -323 -328 -331 -333 -334 -335 -336 -335 -335 -336 -342 -344 -343 -342 -339 -336 -327 -313 -299 -291 -286 -281 -273 -264 -254 -247 -242 -238 -232 -227 -223 -219 -215
-265 -276 -284 -293 -300 -304 -308 -312 -317 -321 -326 -330 -333 -334 -335 -336 -336 -336 -338 -339 -340 -341 -338 -335 -332 -330 -328 -327 -326 -325 -325 -325 -324 -323 -322 -321 -323 -325 -327 -328 -329 -329 -328 -327 -327 -330 -333 -334 -332 -327 -319 -308 -295 -282 -274 -274 -275 -273 -265 -258 -253 -249 -246 -242 -238 -232 -225 -221
-240 -246 -249 -254 -260 -269 -281 -290 -297 -303 -309 -313 -317 -325 -334 -339 -341 -342 -340 -337 -334 -330 -325 -321 -320 -323 -327 -330 -332 -334 -335 -337 -337 -337 -338 -340 -338 -335 -334 -332 -329 -326 -325 -325 -324 -317 -311 -307 -303 -296 -290 -283 -269 -251 -240 -247 -259 -255 -249 -247 -248 -245 -236 -223 -208 -196 -189 -190
-246 -255 -253 -238 -214 -209 -233 -267 -285 -291 -294 -298 -306 -314 -321 -328 -331 -332 -329 -326 -324 -323 -324 -326 -330 -336 -341 -341 -340 -342 -345 -352 -355 -352 -348 -347 -343 -334 -329 -332 -329 -317 -310 -310 -308 -297 -287 -283 -276 -266 -263 -264 -260 -255 -252 -251 -245 -234 -227 -221 -214 -204 -194 -183 -172 -164 -164 -167
-245 -247 -248 -245 -239 -242 -254 -269 -283 -288 -289 -291 -296 -305 -318 -323 -322 -321 -318 -314 -310 -308 -313 -320 -326 -329 -329 -331 -336 -339 -340 -341 -343 -342 -340 -338 -336 -333 -330 -328 -325 -316 -305 -295 -285 -267 -259 -253 -246 -241 -236 -229 -222 -215 -207 -201 -196 -192 -187 -178 -170 -165 -158 -150 -138 -129 -129 -139
-243 -233 -240 -252 -265 -273 -279 -282 -283 -284 -282 -282 -285 -290 -299 -310 -319 -322 -321 -318 -314 -311 -311 -314 -323 -330 -335 -337 -337 -337 -337 -338 -339 -335 -327 -324 -323 -317 -308 -300 -291 -281 -272 -264 -255 -244 -239 -233 -224 -216 -208 -199 -191 -182 -173 -171 -177 -177 -172 -162 -152 -150 -148 -145 -142 -136 -127 -120
