Resources/Map/Lvl0_30x30/Ele_DG.asc
ncols         335
nrows         335
xllcorner     55000
yllcorner     -3375000
cellsize      10000
nodata_value  -99999.0
[rows 234 to 259 of 335, columns 236 to 294 of 335]
1156.8354 1149.3358 1142.8574 1134.2582 1120.7455 1111.584 1109.1359 1106.1301 1086.0154 1061.1112 1041.682 1032.0667 1025.5237 1016.0264 1011.0494 1009.7712 1004.2299 999.6423 988.5396 990.437 984.7776 979.121 971.9009 960.6721 946.5851 947.2937 947.0447 953.0734 950.9225 941.7656 928.1576 917.5573 904.5878 901.0005 903.9793 921.8364 908.3499 904.908 941.8571 962.6787 953.7066 954.6702 966.5892 981.5633 994.7531 993.2771 988.2791 1011.8719 1027.8711 1031.4178 1025.5745 1038.0229 1033.6514 1033.4921 1040.3691 1053.5106 1075.7285 1097.0167 1122.41
1161.0801 1154.797 1140.3961 1133.0466 1127.5452 1125.1954 1121.387 1092.9916 1069.2926 1051.9133 1041.5168 1027.6948 1017.8636 1014.4749 1012.252 1011.6521 1003.7343 999.577 999.0485 997.1599 993.0939 984.663 981.0883 965.6186 954.1317 948.1664 941.8513 944.5922 937.4268 935.1101 935.4072 921.3331 918.4214 917.9995 934.1316 963.418 962.3214 968.0539 983.1759 988.4429 995.985 986.9359 987.0082 995.9963 1013.0064 1014.0287 1022.4568 1032.4658 1042.1113 1052.6488 1060.8381 1073.4459 1076.0292 1071.6021 1072.2371 1078.0236 1087.1495 1083.8564 1084.8545
1156.4236 1144.7428 1139.9935 1133.896 1125.938 1118.0217 1094.7333 1075.9807 1060.1412 1047.8145 1034.2689 1025.0665 1017.6583 1015.2057 1013.3594 1009.8387 999.953 996.2338 994.3674 994.0855 993.9922 990.3455 980.7731 965.6959 970.4875 950.7943 946.5551 946.9405 939.0566 939.2183 938.4611 935.1129 953.3083 958.0811 969.153 978.175 982.6198 986.3549 1004.3514 1006.758 1009.5793 1008.203 1009.1198 1010.7038 1025.3186 1026.98 1038.4283 1046.9724 1058.8802 1071.6385 1080.8055 1090.1868 1090.3357 1087.0846 1092.8824 1090.3427 1073.5258 1039.3879 1010.6896
1148.0786 1133.8411 1122.4338 1123.3853 1109.9233 1090.4666 1073.712 1060.5416 1047.542 1037.2004 1031.1621 1023.1072 1018.2365 1015.8657 1012.3895 1010.0618 1000.7148 994.294 993.9297 988.7558 987.5711 984.2923 971.9579 964.7737 976.7832 976.0383 956.8093 948.6304 940.4741 943.2092 942.8692 956.3648 965.3734 969.1648 983.6282 985.524 988.2241 1003.4079 1015.938 1024.2006 1026.9912 1026.8732 1029.4243 1032.6615 1026.7671 1040.927 1053.5579 1063.0784 1068.8043 1078.5479 1092.5481 1101.8612 1097.6259 1075.936 1068.3359 1056.3231 1048.6927 1023.3712 1003.5311
1125.9771 1116.9548 1108.8228 1105.0867 1090.7415 1077.1128 1068.3531 1060.0863 1048.3138 1040.375 1032.6874 1024.6526 1020.245 1019.4042 1016.6769 1009.7424 1003.345 995.1527 993.8899 991.9266 986.4793 980.4512 975.2312 970.3922 973.8422 975.2961 964.491 949.5081 944.8917 954.8058 962.1901 972.7556 979.6003 982.6122 996.1965 994.6589 996.914 1012.0192 1024.9589 1035.4462 1037.2771 1041.1351 1039.9437 1046.5581 1031.9664 1050.547 1066.7574 1078.5449 1085.5287 1089.9824 1100.6931 1110.1123 1106.9255 1056.3466 1058.5337 1052.432 1030.726 999.4338 979.0679
1112.7334 1103.8839 1098.5458 1092.1207 1080.3861 1075.959 1065.0662 1059.4271 1048.907 1041.3638 1032.8005 1026.4865 1020.0895 1018.002 1014.8311 1008.0013 998.6289 997.0397 998.4907 997.4928 989.4776 986.6068 977.536 971.7698 971.3346 957.9252 957.1205 966.6758 968.5749 974.4098 978.9836 984.5388 990.0905 994.4395 1003.669 1000.7104 1002.696 1021.3 1032.1567 1039.152 1044.1691 1052.2802 1053.0544 1048.1327 1050.3219 1050.2351 1067.2925 1084.3944 1096.4609 1106.3755 1110.6681 1118.5425 1085.7317 1041.8413 1031.2478 1020.1032 1009.0237 1009.7421 1009.0471
1107.6584 1098.9465 1088.1611 1084.3811 1080.1431 1068.9916 1058.1136 1051.3766 1047.4392 1037.5889 1028.8129 1025.7466 1026.2854 1022.5237 1016.2828 1007.3569 1000.5655 998.2045 999.6467 998.6886 992.459 985.3448 977.4008 969.3945 965.4142 965.0736 974.2228 972.7299 978.7619 983.4622 987.2608 991.9601 998.3099 1005.5479 1007.8945 1010.1234 1010.9099 1028.413 1039.0182 1044.5918 1047.1547 1053.469 1066.9684 1070.8016 1057.462 1064.6255 1067.8475 1086.3101 1101.9172 1113.9926 1126.5604 1109.0547 1060.0376 1048.2279 1036.9569 1038.6563 1033.7872 1038.0909 1025.9678
1106.4608 1097.0098 1092.3032 1086.0963 1078.6262 1070.0726 1060.2587 1051.3618 1047.1416 1039.5228 1032.8036 1028 1027.8665 1023.7173 1015.9849 1005.3657 1004.116 1002.7393 1004.8696 1002.8825 995.6703 984.885 977.1169 978.257 968.7147 967.1177 973.1504 970.3438 978.751 983.8562 989.4868 995.4482 1003.5218 1010.3979 1014.1118 1015.8646 1023.6975 1036.3186 1046.2673 1048.4255 1054.1307 1060.2963 1078.217 1088.1237 1073.2188 1077.7717 1084.3491 1088.2188 1104.61 1119.1941 1139.3928 1139.3151 1108.4191 1094.3463 1082.7076 1073.9679 1070.4941 1065.8589 1044.4948
1105.4911 1097.6721 1094.3176 1086.2253 1079.7981 1069.0302 1062.5006 1054.1639 1047.7954 1040.0256 1031.2296 1027.9573 1027.0916 1022.372 1015.1259 1010.0879 1005.2435 1006.8204 1006.142 1004.7534 996.3888 982.7925 980.5654 976.325 971.0811 957.6031 969.7499 969.6711 978.3781 985.2506 992.6841 999.3802 1006.549 1015.032 1018.3214 1022.2156 1026.3831 1044.2412 1053.9424 1055.5729 1059.4955 1070.3759 1081.9131 1090.4039 1092.42 1101.5702 1107.9961 1106.6149 1116.9938 1128.265 1148.5017 1157.7856 1165.6566 1166.4718 1154.7308 1131.0129 1151.4907 1137.3785 1079.9709
1091.8103 1088.9109 1089.082 1085.3291 1079.994 1070.8385 1064.0836 1055.8419 1046.2026 1036.9462 1031.5494 1025.4131 1025.4869 1022.1356 1017.2233 1011.0721 1006.7551 1006.7104 1004.3743 999.9293 992.7659 985.7848 981.0819 981.4155 977.1761 968.1616 966.2174 973.7301 983.1222 988.6672 997.6568 1004.8684 1010.638 1018.2371 1023.6624 1025.733 1034.5958 1045.2091 1049.7361 1057.9086 1065.0817 1077.8647 1091.0398 1087.9454 1093.3087 1108.5649 1121.0929 1126.6368 1131.5194 1142.9977 1154.197 1171.6752 1188.9973 1206.7559 1218.311 1238.0342 1250.6891 1196.9055 1097.7379
1097.7191 1077.2122 1076.5956 1066.9796 1075.5308 1067.4124 1061.7893 1055.7028 1046.2506 1037.9644 1031.8313 1029.9268 1029.1173 1024.8651 1017.7194 1011.4869 1007.9421 1007.5595 1006.5542 1002.4993 993.3125 986.6506 979.8301 976.825 977.3321 968.4221 960.2758 970.1049 978.2615 988.5896 1000.6546 1006.0248 1011.4493 1019.0582 1025.8635 1030.0685 1037.9462 1047.2115 1055.2446 1063.5807 1071.2246 1084.0283 1094.4114 1094.5642 1100.8562 1109.5305 1118.4843 1134.7252 1135.6191 1154.3495 1168.6367 1185.6295 1204.7073 1221.8092 1232.5045 1240.2883 1245.1006 1140.1326 1071.4895
1093.9781 1089.6053 1083.9625 1072.871 1066.3456 1063.302 1058.1755 1051.1869 1043.8583 1036.6351 1032.2008 1034.002 1031.2346 1024.1937 1016.1634 1008.2149 1004.2742 1004.8097 1004.5599 1001.9744 992.2083 974.587 981.7825 977.3094 970.7255 972.1811 955.8746 969.3695 978.27 987.0009 997.4147 1003.55 1008.2393 1014.5392 1020.0485 1028.5809 1041.6182 1046.6764 1053.3873 1062.6742 1073.8904 1086.4912 1093.5958 1095.767 1105.0221 1114.4423 1123.5803 1132.9957 1147.5712 1157.1061 1170.2305 1187.8956 1214.4301 1230.1777 1237.5541 1247.526 1167.3716 1085.7433 1037.1018
1087.207 1087.8309 1078.771 1075.1617 1059.7388 1041.3499 1052.7501 1049.0662 1041.8666 1034.246 1027.4758 1021.3604 1012.9015 1009.5488 1009.8026 1002.3705 1004.5201 990.6854 991.0709 993.204 991.0588 992.7571 990.0317 983.5187 981.363 968.2049 969.4005 971.1642 977.5176 988.1394 996.371 1001.5141 1007.0115 1009.4285 1012.4662 1024.8599 1037.3539 1041.0558 1046.8752 1059.0112 1070.6354 1081.9214 1084.0179 1092.2434 1104.2963 1114.3506 1123.2656 1135.6514 1148.5055 1166.5568 1173.5865 1193.7023 1215.5682 1213.9357 1210.4456 1189.5881 1091.3286 1053.7097 1085.5339
1093.2938 1089.5586 1078.2699 1077.8037 1063.1245 1061.7455 1055.1261 1030.1849 1024.0205 1021.613 1031.363 1035.8503 1032.8441 1021.9044 1015.9122 1012.1852 1011.0939 1007.0812 1002.1074 997.4064 992.5428 993.1158 990.3456 983.8585 979.1125 976.2715 973.6274 969.3482 977.6533 990.7508 998.9027 1003.5195 1009.6807 1010.8585 1015.905 1028.3605 1033.549 1040.5641 1046.3448 1053.76 1063.4445 1076.2739 1077.2976 1088.6597 1101.1531 1111.0087 1121.8699 1135.3313 1148.9777 1165.1866 1180.8619 1197.3236 1202.6775 1171.3877 1112.722 1078.7339 1077.5148 1032.5831 990.35
1113.9054 1105.9453 1099.4941 1084.8988 1078.6206 1066.3916 1064.4127 1058.4343 1050.0328 1045.6276 1043.9601 1042.2079 1037.4532 1029.308 1023.594 1017.0859 1013.247 1007.9611 1006.3647 1002.685 998.2379 994.1707 991.2567 984.7534 982.2819 976.6168 976.6593 974.7019 983.3282 989.4281 994.0587 1000.3656 1008.8735 1012.4382 1015.5019 1026.0177 1033.3491 1041.7522 1046.095 1054.9447 1064.9138 1071.8877 1075.6606 1088.1965 1099.798 1112.6825 1123.5253 1138.2908 1155.8909 1171.4697 1190.1919 1214.7709 1177.8596 1092.6111 1064.0844 1031.7103 1008.1051 980.5829 958.3396
1134.048 1118.8715 1102.5199 1103.7694 1095.6141 1088.8383 1084.4663 1068.2823 1066.1542 1058.1505 1054.3855 1052.4514 1044.1123 1033.6893 1027.8301 1023.7261 1015.7887 1010.7877 1009.4206 1004.5546 998.9029 996.0764 993.0322 989.1149 986.6376 981.1581 981.4788 975.0539 987.6924 992.1522 996.1016 999.9595 1003.1943 1007.2533 1013.4046 1022.7767 1029.5173 1037.4033 1044.3413 1053.5496 1066.7604 1072.9258 1076.3074 1089.3873 1101.9883 1117.4127 1130.8871 1150.5469 1174.0396 1195.9672 1217.2501 1206.0236 1148.3801 1105.9991 1078.8053 1039.3839 1011.7761 987.7681 973.2713
1143.5741 1132.1727 1127.3292 1121.2245 1111.5042 1104.6024 1092.7683 1087.7205 1079.952 1071.0031 1063.2545 1058.8453 1049.5142 1038.9286 1032.4587 1025.7753 1014.7905 1011.2338 1011.7059 1007.7746 1003.1974 1000.4138 995.7784 996.2047 989.0878 983.1808 984.916 980.8521 980.565 990.0792 994.02 998.4232 1002.4694 1003.6967 1011.7903 1020.6439 1023.5698 1031.3168 1041.1539 1053.4825 1065.8392 1069.978 1074.8815 1088.6884 1100.6605 1114.1021 1133.7209 1153.7263 1183.63 1215.0911 1240.5216 1237.6125 1232.4302 1219.8448 1220.3235 1209.3188 1132.8899 1042.3087 1010.1467
1162.2827 1151.6698 1149.0593 1140.6281 1131.6865 1118.8772 1114.0973 1107.4479 1097.1482 1088.5736 1079.1747 1070.9432 1064.3826 1053.1897 1042.1771 1034.6078 1022.9249 1014.2946 1015.0189 1012.9479 1008.9747 1004.712 997.866 995.9874 988.4858 981.8196 988.981 982.9796 976.5552 982.8798 987.8976 994.5747 994.0368 997.8102 1011.0403 1018.7354 1026.8849 1033.5845 1043.0546 1055.8008 1069.3279 1071.4933 1077.8651 1091.1105 1104.4158 1119.6259 1148.1031 1161.6512 1190.0032 1200.8763 1257.2272 1285.3633 1303.5553 1257.1298 1216.7526 1193.8322 1166.5845 1131.4575 1058.334
1180.1793 1173.3008 1165.5515 1156.3142 1147.9468 1136.5233 1130.6138 1120.0406 1111.0261 1101.9581 1093.6583 1088.7737 1079.2928 1066.0291 1055.6987 1046.5635 1035.4097 1028.9901 1022.9847 1021.2371 1018.144 1014.0169 1007.7642 1003.3533 994.7933 988.0248 991.6683 987.451 980.1085 984 985.4232 989.8983 993.0163 993.1532 1002.9089 1012.5598 1021.8872 1031.1497 1045.084 1059.6481 1070.0427 1072.3331 1081.844 1090.5317 1104.5597 1123.4177 1150.5948 1167.2533 1176.3733 1116.6365 1130.7705 1208.4299 1253.4828 1255.4601 1198.1165 1128.5155 1105.3364 1096.7494 1056.5892
1191.1912 1184.8518 1180.0574 1168.796 1162.246 1150.1302 1139.5118 1131.6282 1121.2688 1114.563 1108.6749 1100.6362 1091.6376 1082.1846 1070.1381 1060.8479 1049.7021 1041.9675 1033.0228 1033.5372 1031.2013 1028.5168 1027.9673 1017.1829 1004.3854 1002.1296 994.4415 993.033 987.6779 984.5107 988.3221 991.6646 994.8323 996.6801 1003.4965 1010.6772 1019.8725 1031.4368 1043.1863 1057.9242 1064.5361 1068.3154 1082.7368 1093.153 1110.4333 1122.6917 1146.0581 1142.3403 1129.8815 1075.3917 1140.0431 1174.0651 1171.8713 1218.3601 1200.5947 1106.0356 1066.4122 1054.9418 1023.0167
1198.6249 1190.4108 1187.1166 1176.9642 1169.4906 1160.1737 1151.2565 1142.0485 1135.2452 1126.2174 1120.9922 1116.1731 1108.2219 1096.6592 1089.8129 1077.7964 1065.5083 1056.7388 1048.6591 1042.8495 1037.2565 1035.3173 1038.2524 1031.8906 1013.5814 1010.0702 998.7375 991.5034 986.8213 985.5016 990.5092 997.2661 996.7329 1002.3035 1008.3936 1016.2212 1021.5474 1029.4846 1042.4532 1053.2498 1060.1823 1064.49 1084.802 1098.748 1112.7545 1124.5031 1128.3142 1099.4358 1083.6798 1069.8315 1106.4674 1178.0004 1113.4476 1128.0972 1101.2822 1081.5686 1041.2623 1018.6895 981.4836
1201.0292 1193.6533 1190.7526 1184.1188 1177.0682 1167.4712 1157.3577 1152.6277 1146.3054 1139.4194 1134.9425 1129.3408 1121.9677 1109.9905 1104.5072 1094.5436 1083.0229 1076.6367 1066.7057 1061.3511 1050.5763 1044.4752 1045.1178 1036.1346 1029.7477 1024.4689 1017.3665 1002.1391 989.443 987.2748 993.2803 998.3347 1000.5283 1007.4803 1016.4182 1022.0037 1025.2755 1034.0883 1044.1034 1050.9435 1054.1992 1061.1119 1076.816 1101.975 1118.3766 1115.6066 1076.6469 1057.1765 1049.6823 1047.4081 1029.432 1027.2227 1057.0636 1062.5162 1033.5228 1019.5617 1026.7009 986.8416 963.098
1200.9252 1197.7743 1189.1563 1187.5851 1180.5706 1170.5125 1164.2482 1160.1764 1152.9347 1148.3014 1143.1427 1135.2284 1128.5833 1119.5779 1112.9203 1106.7062 1097.8546 1091.0647 1081.1599 1075.5916 1066.3398 1060.6924 1057.2318 1047.7719 1042.7251 1040.4493 1033.4464 1023.2822 1010.2278 992.5559 993.4213 994.2917 1001.0403 1007.0906 1014.5239 1021.5122 1026.5074 1035.9264 1045.1965 1053.3596 1053.0205 1060.6047 1075.4421 1088.4513 1095.9288 1057.8984 1033.1467 1021.8389 1019.2256 1010.3691 1000.3726 993.5425 1000.0214 997.3696 987.2616 971.2471 962.9246 968.1445 934.6518
1190.4186 1186.3726 1183.8154 1179.6533 1175.6969 1170.5935 1163.9784 1161.1879 1158.2297 1151.7668 1149.1958 1140.9053 1132.9142 1128.4675 1123.6571 1117.5341 1111.9362 1102.9204 1096.9796 1087.5199 1072.8422 1069.7148 1065.27 1055.5952 1055.5254 1052.3837 1048.8542 1037.5948 1033.8916 1024.2579 1012.0851 1003.9945 1006.3205 1013.5803 1015.7321 1021.2985 1023.7281 1033.9736 1044.7942 1052.3054 1051.0232 1061.3876 1071.6169 1077.6025 1052.6785 1028.8339 1011.0827 998.7658 995.9321 989.4258 972.6708 966.7449 966.9908 963.7773 966.5831 942.0352 940.9766 932.6387 912.5611
1183.3318 1179.6654 1178.5304 1171.4517 1167.053 1165.6495 1162.0836 1161.269 1159.2063 1157.4846 1151.8014 1147.0424 1141.9403 1139.4429 1128.9474 1120.5858 1117.3513 1113.3496 1109.1786 1095.6493 1084.5933 1082.1711 1076.6954 1067.4824 1062.8308 1056.0266 1054.9049 1050.1001 1050.3314 1043.9724 1040.3623 1032.5867 1030.3848 1029.3484 1027.5273 1023.6019 1024.6667 1035.1139 1044.6339 1047.3085 1048.463 1058.0728 1066.8671 1069.213 1035.0684 1010.2616 998.6524 981.7914 968.0964 963.7977 966.6136 945.3208 941.4613 928.3518 925.7441 934.787 910.968 897.51 883.3759
1179.1699 1175.1193 1171.9464 1167.5939 1160.7727 1158.6656 1156.5997 1157.3263 1157.5293 1155.3906 1152.3063 1147.7178 1143.1705 1142.356 1125.3977 1118.1714 1116.2076 1111.1332 1104.5415 1101.7581 1096.9915 1100.9094 1093.8445 1082.9056 1075.0659 1066.8672 1062.1217 1063.1934 1061.6675 1058.4733 1052.0702 1047.5155 1046.4541 1036.3276 1039.4847 1037.5676 1032.2089 1035.421 1038.2051 1036.8562 1042.9836 1057.1639 1069.3802 1071.5117 1065.1522 1037.4674 1015.8347 1001.8835 975.6694 970.6622 961.1665 950.7842 944.9219 1008.7883 985.9851 930.6635 895.5488 873.8422 862.1401
