Resources/Map/Lvl0_30x30/Ele_AK.asc
ncols         335
nrows         335
xllcorner     13455000
yllcorner     6675000
cellsize      10000
nodata_value  -99999.0
[rows 132 to 164 of 335, columns 0 to 75 of 335]
-2104.5149 -2112.71 -2127.2041 -2145.5647 -2164.1926 -2181.7061 -2195.9966 -2208.262 -2217.2632 -2222.5496 -2223.7485 -2223.2029 -2222.0315 -2221.8071 -2224.2617 -2230.6091 -2241.468 -2256.4417 -2277.1597 -2303.2947 -2330.5203 -2354.8936 -2372.9387 -2385.3252 -2391.8098 -2390.208 -2380.8591 -2366.3672 -2351.7429 -2337.7249 -2323.2783 -2309.3413 -2295.9756 -2283.5767 -2271.4292 -2259.7668 -2247.1968 -2236.2676 -2228.4128 -2222.8186 -2218.6768 -2216.2302 -2215.3933 -2215.4497 -2218.2932 -2222.4014 -2228.1838 -2238.7686 -2253.6104 -2270.9385 -2289.5688 -2306.9778 -2321.5823 -2330.5459 -2334.9558 -2337.5784 -2338.8875 -2339.052 -2336.6792 -2332.4382 -2326.9763 -2320.3877 -2311.9021 -2302.0054 -2292.1697 -2282.6331 -2272.9299 -2264.5613 -2261.5947 -2266.8677 -2279.0029 -2297.1062 -2317.2007 -2338.0686 -2356.9802 -2372.2053
-1952.0776 -1962.3966 -1977.6576 -1995.8197 -2013.231 -2027.3271 -2037.1304 -2046.8445 -2058.8176 -2073.3181 -2087.9778 -2100.9651 -2110.8723 -2119.9458 -2129.9409 -2140.3311 -2151.2532 -2162.0659 -2173.803 -2189.845 -2210.0356 -2230.3328 -2248.0537 -2264.2332 -2277.0193 -2281.1472 -2275.115 -2261.7751 -2246.5247 -2231.6577 -2216.9246 -2202.8706 -2190.8672 -2179.7429 -2170.5186 -2163.5718 -2157.0105 -2152.6121 -2150.9114 -2149.0984 -2148.9487 -2150.2083 -2152.0444 -2153.9883 -2156.8982 -2160.1943 -2164.2246 -2171.2075 -2179.0977 -2186.9565 -2195.3901 -2202.4771 -2207.8455 -2210.5254 -2212.02 -2212.9912 -2214.3013 -2214.9878 -2212.7385 -2206.1941 -2195.6655 -2182.7915 -2170.1384 -2158.3052 -2146.437 -2135.2229 -2124.3682 -2113.6045 -2104.4458 -2102.762 -2110.8923 -2128.478 -2152.1609 -2177.5615 -2198.689 -2214.1353
-1821.4519 -1827.4918 -1836.177 -1847.1483 -1856.9952 -1864.2311 -1869.0222 -1876.1731 -1890.4816 -1913.2467 -1944.4678 -1982.2147 -2017.0255 -2042.3401 -2061.5754 -2077.4277 -2091.1196 -2103.5425 -2114.4827 -2123.8474 -2132.1641 -2138.53 -2143.2607 -2148.8347 -2154.0471 -2156.54 -2154.8845 -2148.085 -2139.1316 -2129.5972 -2119.9692 -2110.5615 -2100.9744 -2092.0925 -2086.2896 -2082.5681 -2080.9204 -2080.3853 -2081.8918 -2084.0581 -2087.2588 -2091.1841 -2095.0735 -2098.6768 -2103.2153 -2107.7441 -2111.6772 -2116.8679 -2121.585 -2125.7351 -2129.2527 -2131.4858 -2132.3159 -2132.3159 -2132.113 -2131.4233 -2130.1699 -2128.2888 -2125.2771 -2119.3049 -2110.7195 -2100.1868 -2088.3972 -2075.3027 -2060.9302 -2044.9564 -2026.3635 -2005.1741 -1983.7325 -1966.9554 -1957.0708 -1956.2073 -1963.432 -1975.5521 -1988.3016 -1999.1486
-1668.8529 -1675.1902 -1682.993 -1692.5518 -1702.3933 -1713.7871 -1728.8757 -1748.1188 -1772.1743 -1800.8262 -1839.9915 -1897.0753 -1957.0273 -1997.5615 -2021.8679 -2037.6902 -2047.9646 -2055.5225 -2060.5303 -2063.823 -2066.6726 -2069.1748 -2071.0205 -2072.0222 -2071.3318 -2069.1824 -2064.8955 -2057.2166 -2046.7795 -2035.3271 -2025.2036 -2016.376 -2006.7825 -1998.7889 -1995.2096 -1994.9379 -1996.8448 -2001.1592 -2008.0179 -2016.318 -2025.9702 -2033.2847 -2039.5896 -2044.047 -2047.7859 -2051.2029 -2053.5386 -2056.5266 -2058.6885 -2060.6104 -2061.6345 -2061.8796 -2061.1108 -2060.5137 -2059.7644 -2059.3911 -2058.7612 -2057.1353 -2054.0969 -2048.7666 -2042.2778 -2035.6885 -2028.2242 -2018.9249 -2007.2072 -1988.713 -1959.9677 -1923.5907 -1887.1427 -1853.6812 -1824.9564 -1801.0358 -1774.6669 -1746.0146 -1729.8665 -1726.7329
-1493.7412 -1510.6663 -1527.9255 -1546.9562 -1567.0682 -1589.0798 -1613.8971 -1642.0051 -1672.6571 -1705.1307 -1742.443 -1792.1897 -1850.0389 -1898.4534 -1932.959 -1960.2003 -1980.8158 -1995.0688 -2002.2784 -2003.4187 -2001.9113 -2000.5914 -2000.8862 -2001.8132 -2000.9916 -1998.3586 -1992.0717 -1980.1459 -1963.567 -1946.38 -1932.963 -1921.6172 -1911.324 -1902.1271 -1896.2896 -1894.5099 -1895.4358 -1900.8857 -1910.4625 -1926.1292 -1946.5381 -1965.0562 -1979.3813 -1987.7152 -1991.0116 -1992.8953 -1993.4551 -1994.1522 -1995.2755 -1996.6437 -1997.2092 -1996.3778 -1994.8302 -1993.1578 -1991.4639 -1991.5583 -1993.2083 -1993.3977 -1990.6851 -1983.6981 -1974.5018 -1965.3962 -1954.5829 -1939.1796 -1917.1238 -1885.4758 -1842.7109 -1792.8553 -1737.8899 -1676.3613 -1616.6954 -1563.7607 -1505.7612 -1447.8875 -1412.4609 -1400.8405
-1312.9722 -1339.2896 -1365.3263 -1393.9872 -1424.0442 -1450.4802 -1471.2123 -1490.5402 -1513.5806 -1544.1957 -1585.8247 -1635.7108 -1688.8455 -1736.9159 -1768.8925 -1796.6816 -1827.9124 -1855.9896 -1873.6975 -1880.6133 -1880.8773 -1878.0967 -1876.8098 -1879.4696 -1883.1387 -1885.1772 -1879.3337 -1861.2645 -1835.6418 -1811.8147 -1794.9644 -1782.1361 -1770.7328 -1760.3536 -1754.161 -1754.9402 -1761.5281 -1772.8914 -1788.9672 -1810.9385 -1837.0228 -1862.2129 -1880.1158 -1890.5518 -1892.7754 -1889.0433 -1887.0603 -1888.3026 -1893.4467 -1900.6093 -1905.8517 -1908.2743 -1908.637 -1907.5873 -1906.7173 -1906.4038 -1905.8733 -1903.1721 -1896.4667 -1885.1843 -1871.194 -1854.9166 -1834.2122 -1807.1864 -1773.3032 -1732.0669 -1680.1096 -1613.1573 -1535.3461 -1451.9382 -1370.9282 -1302.8435 -1242.184 -1191.5502 -1160.6952 -1151.0377
-1118.0162 -1158.4523 -1180.7588 -1190.6005 -1204.7065 -1229.1055 -1259.5841 -1291.4097 -1323.1064 -1358.5741 -1401.7423 -1444.5236 -1478.9985 -1504.6733 -1522.6827 -1543.7516 -1573.6705 -1604.1866 -1626.1506 -1639.2672 -1648.0657 -1654.6398 -1661.3829 -1669.2863 -1678.5422 -1686.499 -1686.7617 -1676.0588 -1654.2363 -1631.3595 -1615.0342 -1603.5936 -1595.0709 -1588.7213 -1587.1729 -1593.1477 -1608.8821 -1633.6356 -1662.2711 -1688.1858 -1704.561 -1712.0503 -1712.593 -1709.88 -1703.6567 -1702.7478 -1712.0233 -1728.9751 -1749.8268 -1770.7081 -1787.2628 -1796.3535 -1800.0604 -1801.7864 -1804.0431 -1807.0325 -1810.7183 -1812.1254 -1805.0892 -1787.0605 -1760.9817 -1730.3892 -1694.8217 -1654.6982 -1619.4839 -1593.5217 -1558.0098 -1486.3947 -1391.6935 -1300.2866 -1217.2477 -1141.3807 -1072.3315 -1007.7219 -948.6701 -903.9507
-845.4969 -866.4316 -884.1071 -900.9572 -931.2414 -978.6473 -1038.235 -1088.1591 -1124.1215 -1145.2598 -1156.9825 -1166.9159 -1180.6129 -1201.2365 -1228.8103 -1258.4482 -1284.4901 -1308.7961 -1336.1014 -1363.2233 -1387.3752 -1407.6389 -1424.4888 -1438.755 -1453.5863 -1466.6367 -1473.387 -1471.1448 -1455.1588 -1427.7056 -1399.5398 -1379.087 -1368.1909 -1365.6964 -1370.3069 -1380.7611 -1402.1992 -1435.0031 -1468.6593 -1492.0671 -1493.5702 -1479.803 -1465.8751 -1458.2181 -1458.983 -1476.022 -1506.7025 -1544.6691 -1578.7816 -1601.963 -1616.3252 -1624.4012 -1630.1023 -1633.7307 -1636.0151 -1644.0963 -1660.4656 -1676.7261 -1682.4019 -1667.4037 -1635.2372 -1601.7228 -1564.806 -1511.4023 -1451.3451 -1404.4163 -1367.3597 -1309.9089 -1228.926 -1151.3424 -1080.9949 -1000.8985 -908.7007 -811.5616 -704.0221 -608.5273
-556.3665 -572.1824 -603.3134 -644.582 -692.8686 -739.8931 -777.6286 -797.2944 -806.6061 -807.119 -804.3048 -812.796 -842.4347 -880.2593 -911.8727 -936.9821 -959.8024 -987.8787 -1028.9236 -1076.8107 -1118.5922 -1148.7675 -1168.1467 -1185.1104 -1208.9552 -1235.6538 -1250.4142 -1243.9265 -1219.9242 -1179.9032 -1136.527 -1105.6216 -1092.9075 -1098.9583 -1116.6189 -1139.5601 -1169.1777 -1201.5579 -1227.0923 -1241.6896 -1244.8517 -1246.1953 -1252.797 -1263.6498 -1277.7936 -1300.5657 -1330.153 -1362.3054 -1388.152 -1401.8014 -1408.2115 -1415.2672 -1424.676 -1429.8431 -1428.4647 -1428.15 -1433.0485 -1438.2782 -1437.3203 -1422.0367 -1399.2843 -1388.2645 -1391.5184 -1382.3711 -1339.988 -1276.5504 -1213.9204 -1133.7642 -1035.7806 -943.095 -856.9902 -770.2014 -685.5698 -596.6203 -480.3633 -366.804
-312.6266 -331.6197 -356.6978 -377.1572 -386.2343 -391.4052 -390.7858 -393.5707 -400.1828 -408.0081 -430.014 -467.8382 -501.456 -517.0261 -522.4476 -533.7767 -569.6718 -632.8855 -706.6544 -770.9698 -813.0513 -842.4478 -872.7837 -903.7757 -930.5375 -952.3838 -961.3914 -947.553 -920.9429 -890.4628 -866.8848 -858.4897 -863.5127 -879.7773 -901.19 -923.5797 -947.2363 -970.8564 -993.2415 -1016.4384 -1042.826 -1072.9105 -1101.6211 -1123.6294 -1135.4896 -1138.2637 -1135.0461 -1143.2019 -1160.9072 -1179.4827 -1191.2139 -1196.3398 -1198.9465 -1201.495 -1205.1699 -1198.4263 -1176.8948 -1141.519 -1092.4312 -1046.4418 -1017.259 -1015.1154 -1045.4081 -1085.1086 -1096.7866 -1081.968 -1049.743 -977.5293 -873.4286 -753.171 -608.5748 -468.3913 -378.6467 -323.9447 -264.4778 -200.4202
-144.4555 -148 -154.1276 -156.348 -150.8895 -144.617 -140.8275 -145.1299 -156.058 -170.4859 -191.8598 -213.9272 -220.3736 -213.3351 -208.2419 -213.6772 -241.9306 -298.2699 -367.4755 -423.3435 -455.005 -481.0195 -521.1564 -569.1951 -606.8849 -626.118 -630.6452 -614.7442 -595.1745 -588.6015 -597.2781 -610.4271 -621.5261 -637.6741 -655.9147 -670.7812 -687.58 -716.3876 -751.7454 -784.2941 -807.5035 -806.2883 -790.2122 -780.4633 -768.2216 -759.7241 -765.8616 -797.014 -831.2727 -851.3674 -852.5809 -850.3674 -852.0709 -853.0861 -851.3649 -836.3734 -802.6801 -750.4329 -684.27 -633.4 -610.4255 -618.3041 -650.8975 -685.1913 -697.7618 -685.6843 -655.8252 -615.7318 -567.5904 -502.4207 -399.5157 -272.3142 -185.3657 -147.7339 -131.0342 -116.771
-92.2881 -92.5399 -93.7474 -94.1371 -94.1838 -93.329 -93.0508 -93.336 -95.7057 -101.0667 -105.5976 -106.3814 -102.8287 -99.2075 -98.5099 -101.0195 -109.0438 -125.8333 -149.5689 -170.4154 -184.5423 -201.1192 -229.7045 -268.0023 -302.2496 -321.7856 -328.9782 -318.9221 -304.4145 -298.9789 -301.4177 -301.8819 -301.6847 -308.9316 -320.5979 -326.862 -342.2738 -377.5225 -420.9032 -454.4216 -461.7487 -422.7635 -370.3308 -340.8678 -316.0636 -307.8228 -324.7177 -370.0256 -414.5919 -441.553 -450.3163 -456.4772 -462.6888 -455.7127 -437.6696 -414.8382 -385.6352 -346.9557 -306.7875 -279.8945 -268.5829 -274.3849 -287.633 -294.5267 -291.6201 -275.7858 -252.2322 -233.6601 -224.6569 -218.9002 -200.6171 -158.07 -119.1182 -100.308 -94.156 -91.0932
-88.0779 -88.2602 -89.0779 -89.0779 -88.9887 -88.8919 -89.3593 -89.4478 -89.7616 -90 -90.1367 -90.2147 -89.8474 -89.6407 -89.6407 -89.9934 -90.9121 -92.3981 -94.7911 -97.4413 -100.1482 -104.9725 -114.0187 -126.9018 -139.1721 -148.2499 -153.2511 -152.2262 -147.6626 -142.9331 -138.3824 -133.2413 -128.9721 -127.4348 -127.5916 -126.761 -131.8369 -146.2309 -164.5551 -179.4207 -180.796 -162.358 -140.0909 -128.0291 -118.5241 -117.1105 -125.6873 -147.0594 -171.5322 -191.7041 -202.7263 -206.7793 -204.1874 -192.7378 -177.842 -163.4026 -149.449 -135.1936 -123.3453 -116.3382 -112.102 -111.2421 -110.9213 -108.7438 -105.7251 -101.8944 -97.5673 -92.8323 -91.1122 -93.1485 -95.1012 -91.4185 -85.3541 -81.677 -80.4621 -79.7276
-83.6864 -83.7479 -84.1591 -84.6864 -84.6864 -84.9568 -85.6864 -86.0009 -86.6864 -86.924 -87.6013 -88.0118 -88.2933 -88.6746 -88.6746 -88.9998 -89.3373 -89.3373 -89.5251 -89.8698 -90.6128 -91.8449 -93.4292 -95.3657 -97.4218 -99.7178 -102.1101 -103.2432 -103.9234 -103.5319 -103.654 -102.8568 -101.5308 -100.1519 -98.1704 -96.7425 -96.6509 -96.9915 -98.3458 -99.0355 -98.9934 -97.9378 -96.6446 -96.2528 -95.9104 -98.0587 -101.1541 -106.0242 -111.1119 -115.2933 -116.5815 -114.9009 -110.5562 -104.3832 -99.2542 -95.0438 -91.7959 -89.2595 -87.26 -86.2379 -84.8962 -83.1969 -81.8464 -80.8244 -79.6099 -78.443 -77.421 -76.6061 -75.7023 -75.1314 -74.558 -74.1165 -73.2769 -72.7644 -72.6864 -72.6864
-78.5762 -78.701 -79.3254 -79.7312 -80.261 -80.5314 -81.4612 -82.0449 -82.4914 -83.0588 -83.6416 -84.5367 -85.3704 -86.2516 -86.6305 -87.1212 -87.6305 -87.6305 -88.0118 -88.3152 -88.5047 -88.8269 -89.5907 -90.156 -90.4782 -91.2873 -92.5405 -92.8915 -93.6687 -94.4388 -95.6564 -96.4689 -97.1688 -97.8686 -98.2818 -98.0216 -98.6529 -98.3772 -98.3695 -98.0677 -98.7105 -98.0543 -98.0226 -97.611 -96.9041 -96.1009 -95.0782 -94.3953 -93.949 -93.1735 -92.0688 -90.5301 -88.2931 -85.7081 -83.4522 -81.7803 -80.7582 -79.605 -78.0988 -77.0073 -76.2028 -74.8586 -74.0408 -73.7186 -73.0057 -72.3894 -71.6464 -71.261 -71.0534 -70.4796 -70.0395 -69.4495 -69.0256 -68.9457 -68.9457 -68.3891
-74.2861 -74.9331 -75.3172 -76.106 -77.0552 -77.8568 -78.6722 -79.3242 -80.3919 -80.5864 -80.967 -81.989 -83.0111 -84.0331 -84.9177 -85.4371 -85.9489 -86.2932 -86.8501 -87.7024 -88 -88 -88.645 -89 -89 -89.7111 -90.215 -90.2932 -90.5211 -91.3857 -91.8272 -92.7229 -93.1334 -93.433 -93.7327 -94.4176 -94.7456 -95.4488 -95.466 -95.4718 -95.747 -95.421 -94.613 -92.9447 -91.8846 -90.4556 -88.5344 -87.2702 -86.2481 -85.2261 -84.2041 -82.898 -80.6376 -77.4074 -73.9386 -72.2667 -71.5233 -71.2236 -70.7955 -70.1407 -69.6178 -69.3182 -68.8008 -68.466 -67.8956 -67.466 -67.2859 -66.273 -65.7593 -65.5597 -64.9694 -64.0345 -63.7593 -63.7593 -63.7593 -63.5209
-70.857 -71.0847 -71.289 -72.311 -73.3331 -74.3551 -75.511 -77.4005 -79.5164 -80.2613 -80.832 -81.4026 -82.4246 -83.4467 -84.1271 -84.2712 -84.784 -85.661 -86.151 -86.8501 -87.2712 -87.7252 -88.1749 -88.7573 -89.5022 -89.9217 -90 -90 -90 -90.2167 -90.2712 -90.4999 -90.5424 -90.5424 -90.5424 -90.7949 -90.8135 -91.0781 -91.0847 -90.3559 -90.3559 -90.2922 -89.2469 -87.977 -87.0495 -86.5099 -84.6397 -83.7604 -83.1656 -81.7485 -81.2804 -80.1813 -78.353 -74.8698 -71.2997 -69.0853 -67.5424 -67.5424 -67.2229 -66.6887 -66.5424 -66.1747 -65.2871 -64.8135 -64.243 -63.3817 -62.6368 -61.5466 -61.0847 -61.0847 -60.8941 -60.617 -60.5423 -60.5423 -60.5423 -60.5423
-67.7474 -67.8843 -68.5492 -68.9737 -69.9958 -71.0178 -72.7714 -76.4287 -79.8418 -81.591 -82.0366 -82.9043 -83.2887 -83.1113 -83.2491 -83.6176 -84.1278 -84.3824 -84.9164 -85.3934 -85.4983 -85.6535 -86.2317 -86.6645 -86.9191 -86.9966 -87.547 -87.7474 -87.7474 -87.7474 -87.7474 -87.7474 -87.0977 -86.9966 -86.9966 -86.9966 -86.9966 -86.9966 -86.9966 -85.9966 -85.9653 -85.2298 -84.9108 -83.8888 -82.8991 -81.9421 -79.9413 -78.2007 -76.3936 -74.0621 -73.0327 -71.2432 -69.3013 -67.1672 -65.5557 -64.1864 -63.2457 -63.2457 -63.4656 -63.7474 -63.7474 -63.243 -62.6163 -62.0865 -61.6053 -60.9058 -60.3452 -59.6125 -58.7546 -58.4983 -58.4983 -57.9541 -57.7474 -57.7474 -57.7474 -57.7474
-65.578 -66.2685 -66.6121 -67.2785 -67.5106 -67.9517 -69.173 -71.3774 -74.5992 -77.6982 -80.6502 -82.9409 -83.5754 -83 -82.6377 -82.3386 -82.4542 -82.0408 -81.8078 -81.9084 -82.3729 -82.6813 -83.3263 -83.6813 -83.6813 -83.6813 -83.8478 -83.3247 -83.1355 -83.1355 -83.1355 -83.7873 -83.7119 -82.9954 -82.9084 -82.9084 -82.9084 -82.9084 -82.1374 -81.9084 -81.8668 -80.81 -79.2107 -77.3987 -75.4864 -72.8501 -70.0161 -67.3335 -65.4083 -63.8456 -61.9742 -59.9301 -58.1226 -56.9429 -56.1915 -55.9594 -55.8168 -56.4603 -57.8009 -58.7184 -59.1355 -59.021 -58.9084 -58.7839 -58.6813 -58.5467 -58.4542 -57.8176 -57.3046 -56.701 -56.4542 -56.2896 -56.2271 -55.6329 -55.4542 -55.4542
-65.8278 -66.1449 -66.8368 -67.1799 -67.7949 -67.8504 -68.06 -68.6485 -70.3572 -73.2544 -77.5671 -81.2154 -82.3231 -81.85 -80.9414 -80.02 -79.6152 -78.6552 -77.8203 -77.3601 -76.6709 -76.9307 -77.3627 -77.4355 -77.4355 -78.0008 -78.8132 -78.8705 -78.8203 -79.4556 -79.6152 -79.7881 -79.8203 -79.6383 -79.6152 -79.6152 -78.8572 -78.8203 -77.8227 -77.0253 -76.9506 -75.1031 -73.059 -70.9293 -68.0461 -64.98 -61.9139 -58.888 -56.0762 -53.7615 -52.7382 -52.0932 -51.1676 -50.9581 -50.8203 -50.8203 -51.1336 -52.4477 -53.7051 -54.2806 -54.8203 -54.8203 -55.2387 -55.6152 -55.6152 -55.6152 -55.6152 -55.4847 -55.4101 -55.2706 -54.6465 -54.4101 -54.4101 -53.6413 -53.4101 -53.4101
-67.7648 -68.6332 -69.6178 -70.4942 -71.4708 -72.3057 -73.3796 -74.8502 -76.2087 -78.3841 -80.2501 -80.9643 -80.8361 -79.9194 -78.8973 -77.8753 -76.5282 -75.0994 -73.6392 -72.3363 -71.3142 -70.5202 -70.2812 -70.2812 -70.2812 -70.9923 -71.4154 -72.0812 -72.2812 -73.0805 -73.2812 -73.2812 -73.2812 -72.5563 -72.4643 -72.4643 -72.2897 -72.2812 -72.0986 -71.0822 -70.198 -68.2059 -66.8568 -63.958 -60.8919 -57.8258 -54.7597 -52.0136 -50.6175 -49.5052 -49.5801 -50.131 -49.75 -49.183 -49.183 -49.183 -49.2552 -49.8585 -50.5491 -51.0094 -51.5491 -51.9612 -52.4624 -52.5491 -52.5491 -52.5491 -52.5491 -52.5491 -52.5491 -52.5491 -52.4205 -51.774 -51.5491 -51.4084 -50.72 -50.5491
-69.8382 -70.8603 -71.7109 -72.0653 -73.0874 -74.1094 -75.1785 -76.3145 -77.3907 -78.2764 -78.483 -77.8074 -76.7366 -75.8225 -73.943 -72.4752 -71.3706 -70.7189 -69.9975 -68.9041 -67.8821 -66.86 -66.483 -66.483 -66.483 -66.5975 -66.644 -66.7656 -67.4571 -67.7727 -67.805 -67.805 -67.805 -67.6621 -67.644 -66.8625 -66.805 -65.9865 -65.966 -64.9464 -63.8827 -61.8489 -59.9418 -57.7331 -55.5245 -53.1885 -50.56 -50.1295 -49.9649 -49.839 -50.101 -50.839 -50.5329 -49.5637 -49 -49 -49.3307 -49.5568 -49.161 -49.2351 -49.322 -49.4032 -49.483 -49.483 -49.9616 -50.322 -49.8064 -49.483 -49.483 -49.483 -48.8934 -48.5273 -48.483 -48.483 -47.6921 -47.483
-70.1602 -71.0253 -71.3149 -72.0314 -72.3873 -73.1765 -73.5704 -74.3216 -74.1739 -73.3861 -72.8338 -72.3752 -70.5979 -67.8337 -65.7168 -64.6209 -63.5989 -63.5722 -63.8953 -63.7533 -63.0939 -62.6082 -62.0005 -61.6948 -61.6948 -61.0825 -60.8338 -61.484 -61.8028 -61.8338 -61.8338 -62.5599 -62.6948 -63.4589 -63.5558 -63.4264 -63.4169 -62.4414 -61.5579 -61.3973 -60.3336 -58.3444 -57.1803 -55.9235 -53.8794 -51.945 -50.7113 -50 -50.1876 -50.861 -50.8974 -51 -50.9575 -50.5329 -50.1625 -50.4016 -49.9158 -49.5838 -49 -49 -49 -49 -48.5467 -48.139 -47.727 -47.4169 -46.8023 -46.4169 -46.4169 -46.4169 -46.3192 -45.6539 -45.4169 -45.4169 -45.307 -45.2779
-70.0187 -70.2779 -71.0239 -71.3168 -72.029 -72.1169 -72.1511 -72.2338 -72.1945 -71.7584 -70.7809 -69.4757 -66.7018 -63.5221 -61.8821 -60.86 -59.838 -59.4133 -59.4677 -58.9565 -57.9837 -57.5846 -56.37 -55.7016 -55.0931 -54.7353 -54.7016 -54.7899 -55.5048 -55.7016 -56.4268 -57.428 -57.5846 -58.472 -59.3877 -59.4677 -59.4677 -59.3536 -59.2341 -59.2142 -58.1873 -56.997 -55.1481 -54.1135 -52.972 -51.8482 -50.9797 -50.7101 -50.0255 -49.905 -49.2339 -49.2339 -49.2339 -49.1955 -49.1579 -49.1903 -49.1169 -49.0683 -48.613 -48.1169 -48.1169 -47.6715 -47.1723 -46.6326 -46.1671 -46.1169 -45.5024 -45.1169 -45.1169 -45.1169 -45.1169 -45.0322 -45 -45 -45 -45
-67.4297 -68.2071 -68.4696 -69.2113 -69.2847 -69.2847 -69.2847 -69.2847 -69.2847 -69.2506 -68.8092 -67.3846 -65.6442 -64.0117 -62.4364 -61.4144 -60.3923 -59.421 -58.496 -56.992 -55.0449 -53.157 -51.1845 -49.267 -47.9752 -47.6642 -47.6642 -48.3478 -48.6431 -49.3876 -50.3906 -50.6494 -51.4475 -53.2599 -54.3839 -54.4745 -55.3375 -55.3796 -55.3796 -55.36 -54.3756 -54.215 -53.1041 -52.082 -51.1775 -51.0805 -51 -50.8041 -50 -49.9772 -49.9051 -49.648 -49 -49 -49 -48.6631 -48.0949 -48.0949 -47.6566 -47.0949 -47.0949 -46.5905 -46.0949 -46.0428 -46 -45.4637 -45.0366 -45 -45 -45 -45 -45 -45 -45 -45 -45
-63.4516 -64.2914 -64.4957 -65.2914 -65.2914 -65.5421 -66.2186 -66.2186 -66.2186 -65.8861 -65.2637 -64.7866 -64.1148 -63.1795 -62.0387 -61.5092 -60.0118 -58.538 -57.516 -55.9151 -53.871 -51.8269 -49.1848 -47.4301 -46.3838 -45.4136 -45.1457 -45.2007 -45.2186 -46.0178 -46.2784 -47.0733 -47.2816 -49.0662 -50.2008 -51.155 -52.1721 -52.2186 -53.1435 -53.1443 -52.9956 -51.1549 -50.1329 -49.2107 -49.1457 -49.1457 -49.1457 -49.1314 -49.0729 -49.0729 -49.3158 -49.9793 -49.9271 -49.6229 -49 -48.6278 -47.6345 -47.0729 -46.6346 -46.0729 -46.0729 -46.0361 -45.5119 -45.0729 -45.0729 -45.0297 -45 -45 -45 -45 -45 -45 -45 -45 -45 -45
-60.1606 -60.3763 -61.3568 -62.1525 -62.1525 -62.1662 -62.4809 -62.854 -62.2033 -62.1851 -62.1525 -62.132 -62.1016 -61.6323 -61.0508 -60.5601 -59.512 -58.4652 -56.9146 -55.4425 -53.7981 -51.7541 -50.2894 -49.2313 -48.2093 -46.5123 -45.2533 -45 -45 -45.0406 -45.0508 -45.0937 -45.923 -46.141 -47.0619 -48.0839 -48.2009 -49.1292 -49.2032 -50.1525 -50.1878 -50.9968 -50.9448 -51.0006 -51.8475 -51.5593 -49.7842 -49 -48.7932 -48.0508 -48.0641 -48.1016 -47.8111 -47.1358 -47.1016 -46.7295 -46.0816 -45.6557 -45.0794 -45.0508 -45.0508 -45.0508 -45.0241 -45 -45 -45 -45 -45 -45 -45 -45 -45 -45 -45 -45 -44.2284
-56.1151 -56.4744 -58.0922 -58.3349 -59.3276 -60.0576 -60.35 -60.7431 -60.0576 -60.0576 -60.0576 -60.0576 -60.0576 -60.0447 -60.484 -60.5092 -58.9892 -56.4551 -53.9726 -52.5075 -50.8845 -49.4455 -49.039 -48.3617 -47.3397 -46.2972 -45.2669 -44.2666 -44.0288 -43.2525 -43.0576 -43.0576 -42.242 -42.1151 -42.1413 -43.98 -45.0412 -46.0619 -48.0241 -50.019 -50.9724 -50.9382 -50.112 -51.0031 -51.0288 -50.7252 -48.8549 -48.0288 -47.8109 -47.0288 -46.7743 -46.0576 -46.0488 -45.7101 -45.0576 -45.0469 -44.6459 -44.0456 -44.0288 -44.0288 -43.5603 -43.0576 -43.0576 -43.0576 -43.0576 -43.0576 -43.0576 -43.0576 -43.6972 -44.0288 -44.0288 -43.3249 -43.0576 -43.0576 -43.0576 -43.0342
-51.1929 -52.2105 -53.2367 -54.2533 -55.2754 -56.2956 -57.0222 -57.6496 -59.0067 -59.0067 -59.0067 -59.0067 -59.0067 -58.5631 -57.5511 -56.0488 -54.0082 -51.4293 -49.4731 -47.8731 -46.4288 -46.0228 -46.6609 -47.6715 -46.6265 -44.5893 -43.2804 -42.2583 -42.0135 -41.2142 -41.0135 -41.0135 -40.1481 -40.0135 -40.0135 -40.0261 -40.9805 -42.0025 -45.013 -48.0136 -48.0202 -48.0198 -48.0141 -48.0202 -47.8913 -47.0249 -46.667 -45.0202 -44.8023 -44.0202 -44.0185 -43.7314 -43.0202 -43.018 -43.0135 -43.0135 -43.0108 -43.0067 -43.0067 -42.5495 -42.0102 -42.0067 -42.0067 -42.0067 -42.0067 -42.0067 -42.0067 -42.0067 -42.0112 -42.0135 -42.0135 -42.0086 -42.0067 -42.0067 -42.0067 -42.0067
-50.1578 -50.9875 -51 -51.2229 -52.2293 -53.2316 -53.9344 -54.2284 -55.5557 -57.21 -57.826 -57.4201 -56.8318 -56.392 -55.3999 -54.4097 -52.3934 -49.8927 -47.8557 -46.3817 -45.344 -44.9293 -44.9137 -43.5844 -40.888 -39.2692 -38.9847 -38.9847 -38.9847 -39.7717 -39.9694 -39.9694 -39.9694 -39.9694 -39.9694 -39.9694 -39.9694 -40.945 -42.9493 -44.9432 -45.8832 -45.0168 -45.9402 -45.9558 -45.8396 -44.8176 -43.7982 -42.5959 -40.9967 -40.7484 -39.996 -39.9847 -39.9847 -39.9847 -39.9847 -40.3512 -40.9694 -40.9694 -40.9694 -40.9694 -40.9694 -40.9694 -40.9694 -40.9694 -40.9781 -40.9847 -40.9847 -40.9847 -40.9847 -40.9847 -40.9847 -40.9847 -40.9847 -40.9847 -40.9847 -40.9847
-50.006 -50.206 -50.9551 -50.9085 -50.8322 -50.4956 -49.4463 -48.4243 -47.7262 -47.3429 -46.3208 -45.7014 -45.6697 -45.6101 -46.4919 -47.5698 -47.7225 -47.3185 -45.8159 -43.8265 -41.8206 -40.4376 -39.4296 -38.4076 -38.0489 -38.0108 -38 -37.9718 -37.9627 -37.9627 -37.9627 -37.9627 -37.9304 -37.9254 -37.9254 -37.8906 -37.888 -38.8636 -39.9601 -39.9808 -40.925 -41.7761 -41.865 -42.9211 -43.6981 -42.7849 -42 -41.8041 -40.7902 -40.0284 -39.738 -39 -39 -38.9878 -38.9627 -38.9627 -38.9627 -38.9627 -38.9627 -38.9627 -38.9627 -38.9627 -38.9627 -38.9831 -39.5492 -39.9627 -39.9627 -39.9627 -39.9627 -39.9627 -39.9627 -39.9627 -39.9627 -39.9627 -39.9627 -39.9627
-49.7851 -50.3429 -49.3087 -48.0266 -46.0432 -44.0758 -42.4108 -41.4074 -40.446 -39.4634 -38.4414 -37.798 -36.9637 -35.4346 -34.9091 -36.3546 -40.325 -43.2698 -43.7956 -43.3461 -42.4347 -42.0963 -41.5503 -40.61 -39.6077 -38.5435 -38.1504 -37.3635 -37.0726 -37.0119 -37 -37 -36.186 -36.0594 -36.0594 -35.1832 -35.1187 -36.0363 -38.8744 -38.8628 -37.8598 -35.9924 -36.0425 -37.8703 -39.0067 -40.7867 -41.5845 -41.4119 -40.7032 -40.4775 -39.5161 -38.8219 -38.8219 -38.5133 -37.8813 -37.8813 -37.8813 -37.8813 -37.8813 -37.9086 -37.9406 -37.9406 -37.9406 -38.4891 -38.9406 -38.9406 -38.9406 -38.9406 -38.9406 -38.9406 -38.9406 -38.9406 -38.9406 -38.9406 -38.9406 -38.9406
-43.257 -42.1666 -40.9569 -39.2039 -38.2021 -37.5116 -37.243 -36.593 -36.6204 -36.3743 -35.5186 -34.6302 -34.0814 -33.6711 -33.5934 -34.5721 -36.5363 -38.9012 -40.3127 -41.8665 -42.6744 -43.3481 -44.4008 -44.8644 -44.3978 -42.8563 -40.919 -39.5289 -38.4037 -37.3635 -37.0959 -37.0814 -37.0814 -37.1536 -37.1628 -37.2386 -37.3218 -37.405 -37.3258 -37.2426 -37.1178 -35.9592 -34.1628 -34.253 -35 -34.9876 -34.9186 -35.0985 -35.8372 -35.8372 -35.8372 -35.8372 -35.8123 -35.7291 -35.6459 -35.593 -35.6251 -35.6744 -35.6744 -36.1347 -36.6744 -36.6744 -36.7601 -37.3857 -37.8372 -37.8372 -37.8372 -37.8372 -37.8372 -37.8372 -37.8372 -37.8372 -37.8372 -37.8372 -37.8372 -37.8372
