Resources/Map/Lvl0_30x30/Ele_BF.asc
ncols         335
nrows         335
xllcorner     -3295000
yllcorner     3325000
cellsize      10000
nodata_value  -99999.0
[rows 175 to 199 of 335, columns 58 to 115 of 335]
-3250.7632 -3220.6667 -3121.021 -2956.342 -2811.3091 -2816.4465 -2861.1306 -2810.0149 -2907.1711 -3126.9443 -3282.5916 -3443.5549 -3757.6807 -4032.7771 -4166.9985 -4156.9873 -4099.0923 -4096.5405 -4027.7271 -3655.012 -3244.8643 -3048.2473 -2895.2378 -2743.4817 -2716.1909 -2884.9727 -2727.3262 -2687.8455 -2776.8345 -2953.1243 -3237.4758 -3489.3093 -3644.2039 -3781.8777 -3911.4426 -3987.3889 -4043.2698 -4098.917 -4102.3242 -4067.46 -4087.2727 -4105.75 -4018.813 -4017.1162 -4101.9155 -4154.6631 -4154.0474 -4104.7539 -4033.1528 -4068.3936 -4295.8242 -4449.4102 -4376.3916 -4437.2827 -4666.3721 -4828.2056 -4908.728 -4820.5513
-3291.2576 -3275.9597 -3229.4673 -3133.7542 -2968.793 -2869.5313 -2834.4175 -2796.7788 -2835.5061 -2881.9392 -3021.6665 -3319.6169 -3736.3784 -3940.9905 -4062.3228 -4167.0151 -4260.9932 -4368.1533 -4424.2676 -4338.2461 -4129.9624 -3916.8125 -3594.0781 -3354.5857 -2989.0706 -2811.3267 -2494.9941 -2230.1055 -2238.9636 -2509.7817 -3024.7209 -3434.573 -3675.7344 -3818.7827 -3886.9983 -3919.5117 -3991.1174 -4068.4243 -4105.5913 -4125.251 -4153.3818 -4175.0684 -4151.1895 -4139.7573 -4184.3999 -4212.6387 -4090.0422 -3971.478 -3921.4287 -3889.9717 -4117.6563 -4344.7222 -4290.0342 -4452.7764 -4726.3032 -4821.1426 -4827.2695 -4757.0005
-3328.6252 -3321.8049 -3297.47 -3248.4871 -3105.2334 -2962.3794 -2933.9739 -2924.303 -2900.3342 -2813.3232 -2822.9417 -3005.8301 -3371.5916 -3685.6167 -3880.7253 -4113.5449 -4282.0181 -4352.396 -4354.5439 -4442.5605 -4504.1777 -4470.7939 -4317.5269 -4071.3501 -3369.6567 -3176.6326 -3145.9763 -2634.9702 -2322.7468 -2243.0105 -2598.0154 -3102.6489 -3561.3813 -3814.0183 -3828.7205 -3780.3972 -3825.8997 -3910.6646 -4011.1296 -4099.1689 -4119.5254 -4110.8491 -4086.1028 -4051.6768 -4125.4883 -4237.9136 -4142.3765 -4030.2634 -3986.5535 -3901.3669 -4084.6709 -4313.3257 -4310.9775 -4506.8242 -4780.4263 -4661.7432 -4576.1421 -4543.1553
-3324.9639 -3313.1833 -3288.8943 -3129.9216 -2956.2864 -2945.0374 -3018.2234 -3017.3699 -2967.8047 -2870.009 -2760.304 -2700.1025 -2702.7007 -2869.0081 -3096.4175 -3525.8379 -4086.342 -4332.0532 -4285.1216 -4226.9312 -4170.3979 -4309.6953 -4502.0293 -4450.1172 -4052.9883 -4013.1614 -4099.4126 -3339.1196 -2792.5886 -2594.1265 -2528.9783 -2775.7319 -3289.9412 -3704.9995 -3783.3721 -3697.1079 -3700.1272 -3776.6924 -3922.5981 -4047.0144 -4072.3538 -4070.5454 -4041.3691 -4036.1479 -4160.0596 -4237.6885 -4186.3037 -4190.4814 -4200.6763 -4169.5771 -4250.4536 -4332.708 -4327.8613 -4502.8779 -4780.769 -4621.5723 -4475.9248 -4484.1299
-3357.3376 -3303.2266 -3226.6411 -3040.4346 -2886.665 -2936.1897 -3014.5728 -3000.8069 -2949.019 -2882.6082 -2844.3674 -2822.0251 -2736.3452 -2605.1731 -2520.3442 -2481.4392 -2898.479 -3532.124 -3829.6799 -3904.4221 -3835.0291 -3787.4167 -4000.9741 -4213.9121 -4419.0454 -4478.0293 -4454.9492 -4051.6599 -3696.2305 -3444.3645 -3106.3479 -3008.0447 -3249.8086 -3575.9314 -3732.3762 -3766.7083 -3824.2771 -3888.6865 -3951.4456 -4011.658 -4047.5925 -4116.0874 -4157.7598 -4172.4214 -4262.8896 -4294.2368 -4241 -4262.6963 -4325.5552 -4360.2588 -4396.2417 -4440.3896 -4483.1362 -4653.812 -4841.4805 -4775.6377 -4658.8672 -4613.8989
-3395.0298 -3348.6753 -3253.3948 -3174.4631 -3121.8257 -3063.887 -2920.7991 -2777.2793 -2749.8552 -2810.4658 -2919.3176 -2983.5193 -2986.9509 -2859.9238 -2660.7124 -2455.8643 -2407.5632 -2529.2314 -2587.97 -2766.2908 -3042.4688 -3080.5537 -3115.9114 -3557.3838 -4166.3062 -4440.5747 -4475.7788 -4180.9121 -3816.2795 -3865.2549 -3736.4849 -3360.6626 -3022.8098 -2995.2317 -3215.3877 -3501.5769 -3758.5559 -3904.1084 -3951.8572 -3987.0764 -4016.937 -4075.4675 -4146.4678 -4205.5625 -4276.7676 -4312.0122 -4275.4272 -4242.4121 -4222.6924 -4264.8218 -4363.5107 -4451.5801 -4576.8604 -4808.6948 -4941.5332 -4868.5913 -4776.0654 -4761.5425
-3404.5168 -3408.6838 -3264.6853 -3113.5635 -3115.457 -3060.9993 -2691.4458 -2266.8584 -2352.4402 -2815.4587 -3067.447 -3106.7864 -3101.8442 -3052.406 -2867.7673 -2683.5947 -2581.4072 -2452.4192 -2161.9463 -1834.0356 -1663.4572 -1817.6768 -1885.0851 -2243.875 -2999.5122 -3753.6643 -4169.8545 -4073.9231 -3515.4597 -3788.0457 -4179.6011 -3893.6316 -3222.5842 -2637.8625 -2466.7649 -2792.9546 -3324.5769 -3689.7883 -3810.989 -3915.8274 -4003.3354 -3988.1541 -3971.1792 -4014.4448 -4092.103 -4154.7368 -4138.9639 -4114.5059 -4048.8687 -4054.7769 -4200.9482 -4315.272 -4429.9746 -4790.9253 -4981.7378 -4947.4761 -4928.2261 -4988.208
-3376.3398 -3384.3975 -3260.9229 -3131.5176 -3117.8135 -3110.8752 -2973.689 -2740.9465 -2647.76 -2846.4639 -3036.384 -3068.1753 -3048.7891 -3082.0376 -2880.8384 -2595.7925 -2621.4446 -2702.9255 -2702.9844 -2432.7898 -1976.9672 -1676.6975 -1647.1825 -1826.5092 -2339.1694 -3011.4983 -3564.0781 -3682.3679 -3329.604 -3317.8306 -3914.0776 -4194.7783 -4033.2263 -3520.3506 -2842.134 -2664.0295 -3008.2556 -3413.4443 -3607.0833 -3756.0481 -3885.6633 -3888.8779 -3841.853 -3863.6404 -3994.6775 -4083.8157 -4017.0247 -3974.8711 -3981.1953 -3975.9519 -4094.0361 -4254.2593 -4436.2305 -4748.3774 -4853.3442 -4878.7646 -4893.5195 -4890.7007
-3264.0059 -3267.979 -3264.5623 -3237.1851 -3191.7432 -3162.6387 -3132.6069 -3068.2856 -2966.9404 -2940.0913 -2891.4917 -2662.2964 -2542.3806 -2804.3501 -2995.3838 -2871.5125 -2806.9167 -2877.0747 -2974.4761 -2914.0542 -2758.0557 -2600.4006 -2451.4246 -2373.2219 -2375.9236 -2675.0559 -3251.9128 -3677.0198 -3741.9224 -3720.7827 -3963.76 -4165.0664 -4272.6885 -4054.7268 -3487.8308 -3034.1382 -2999.9758 -3191.5544 -3409.8176 -3661.9326 -3883.2534 -3981.3865 -4031.4905 -4135.062 -4222.6855 -4153.3335 -4022.5547 -3994.0828 -4046.0808 -4069.1643 -4129.9512 -4197.9292 -4363.2163 -4529.397 -4546.2881 -4638.6084 -4547.791 -4398.4507
-3063.9788 -3041.6421 -3223.4321 -3289.4414 -3225.6169 -3178.5347 -3179.1768 -3135.7727 -3058.4373 -3007.7551 -2942.5193 -2805.614 -2730.0449 -2877.1147 -3063.5481 -3069.2124 -2981.7761 -2989.5574 -3103.6035 -3101.6694 -3041.4954 -2971.1721 -2799.8931 -2742.0195 -2621.6021 -2425.0457 -2553.4622 -3138.6086 -3705.854 -4059.603 -4218.5776 -4291.2368 -4331.0791 -4261.8809 -4035.7817 -3661.4265 -3118.6201 -2672.2156 -2717.0215 -3246.075 -3925.292 -4364.7246 -4562.4473 -4683.5156 -4681.0728 -4479.8286 -4243.8354 -4156.228 -4174.0933 -4187.6841 -4188.7827 -4093.73 -4053.6436 -4057.2661 -4129.4448 -4352.6577 -4263.7896 -4094.5505
-3218.292 -3170.2754 -3210.6892 -3233.3364 -3239.4966 -3253.1855 -3230.1843 -3142.3806 -3094.998 -3041.3821 -3090.8757 -3211.3923 -3215.6748 -3159.2705 -3163.5012 -3128.2664 -3098.4722 -3128.071 -3186.2515 -3150.6592 -3056.4583 -2993.835 -2945.5554 -2810.4817 -2785.6001 -2714.9773 -2512.2947 -2572.3381 -2987.2656 -3426.6338 -3752.3389 -4055.7756 -4279.3853 -4300.0161 -4221.0942 -4021.8191 -3563.8665 -2898.0771 -2503.7781 -2650.967 -3192.1875 -3809.6643 -4233.856 -4542.895 -4605.8237 -4452.2114 -4291.9785 -4123.9058 -3979.4602 -3946.2419 -4041.2266 -4079.7686 -4032.6755 -3916.0769 -4012.7412 -4233.2104 -4236.6445 -4123.5376
-3289.136 -3249.4309 -3277.3828 -3350.1062 -3363.553 -3244.5076 -3010.8586 -2802.3921 -2820.9985 -3034.2419 -3255.1169 -3325.3281 -3281.6594 -3246.0701 -3234.0303 -3202.0959 -3209.4741 -3236.9006 -3236.9922 -3205.8347 -3115.5718 -3009.1094 -2892.6951 -2766.1628 -2866.4785 -2985.8958 -2871.8816 -2725.0679 -2840.0447 -3075.9238 -3366.939 -3807.4541 -4205.1851 -4298.4087 -4252.1245 -4171.043 -3878.3999 -3256.6108 -2580.7241 -2354.2258 -2424.0859 -2698.7878 -3196.3789 -3767.5225 -4057.2307 -4236.8916 -4692.5371 -4765.3711 -4604.2441 -4766.0576 -4918.9102 -4723.1177 -4242.0801 -3855.6812 -3895.4973 -4092.6184 -4110.1191 -4055.3877
-3067.3604 -3118.4504 -3331.7747 -3402.9148 -3348.8083 -3170.5615 -2935.656 -2853.5012 -2811.8394 -3008.3994 -3279.8989 -3390.165 -3396.969 -3343.1763 -3292.1592 -3222.7898 -3254.9419 -3300.8369 -3258.3257 -3249.9487 -3177.4971 -3069.1465 -2966.1621 -2930.8447 -3044.7429 -3121.4705 -2990.9036 -2715.5391 -2574.0125 -2627.5647 -2936.6323 -3488.8604 -4029.6477 -4200.1284 -4182.1758 -4107.5698 -3791.6694 -3288.6348 -2784.0869 -2591.0564 -2617.7515 -2666.6326 -2910.2229 -3466.5432 -4205.397 -4955.0918 -5575.9912 -5816.1772 -5822.6875 -5874.6636 -5899.6323 -5853.5898 -5510.6333 -5002.6504 -4674.1089 -4432.5278 -4104.5396 -3901.2466
-3117.1663 -3220.325 -3412.0613 -3393.8857 -3338.9751 -3366.2229 -3372.0583 -3367.7671 -3361.0015 -3318.1799 -3338.9844 -3410.2017 -3419.9221 -3333.3638 -3309.6934 -3302.3765 -3374.198 -3350.321 -3196.7175 -3183.5764 -3228.1648 -3208.1267 -3123.8567 -3055.0444 -3104.1531 -2994.4751 -2720.4207 -2497.6006 -2473.9858 -2476.7573 -2570.8123 -2981.4944 -3646.6226 -3960.5801 -4113.2764 -4154.1299 -4097.873 -3878.3677 -3534.762 -3325.9094 -3295.7869 -3348.0913 -3526.9373 -3852.5435 -4329.2754 -4968.2788 -5372.1602 -5414.8691 -5381.1812 -5378.4834 -5377.0054 -5487.2559 -5531.3291 -5557.873 -5462.9146 -5037.2173 -4372.0977 -3998.584
-3355.2869 -3431.731 -3482.0315 -3472.2095 -3471.95 -3520.5857 -3508.4524 -3464.2407 -3469.6333 -3423.8379 -3430.7209 -3472.4749 -3411.9075 -3381.0706 -3376.3376 -3401.2876 -3448.6963 -3380.6423 -3240.1328 -3233.592 -3298.5703 -3323.3594 -3277.7639 -3228.0237 -3239.0083 -3129.0347 -2919.4419 -2933.1975 -2994.9102 -2879.1787 -2682.1641 -2578.6453 -2973.2153 -3550.1365 -3963.6748 -4014.6113 -4073.4456 -4201.1548 -4264.5864 -4200.4419 -4075.5068 -3895.2856 -3748.218 -3760.9207 -3849.2859 -3974.5222 -4106.3394 -4127.2881 -4025.4001 -4139.001 -4266.3203 -4300.5693 -4359.4155 -4600.5542 -4769.5752 -4615.8862 -4348.8345 -4235.6196
-3375.9414 -3452.6428 -3507.6804 -3551.0151 -3579.45 -3581.5066 -3539.8081 -3500.269 -3521.5505 -3537.3022 -3555.449 -3566.1816 -3515.1829 -3527.7949 -3516.3325 -3506.8381 -3494.0652 -3491.1772 -3464.6013 -3431.3782 -3482.1399 -3429.093 -3306.061 -3325.5444 -3354.1248 -3357.6982 -3297.8433 -3453.679 -3490.4456 -3308.9944 -2861.1501 -2300.6335 -2320.4834 -2754.4951 -3291.0442 -3482.9165 -3623.1555 -3777.8391 -3978.5178 -4238.6313 -4417.4263 -4311.6069 -4014.8235 -4021.2625 -4354.7383 -4580.2661 -4567.666 -4309.9048 -3814.311 -3796.0593 -3501.8259 -3335.7104 -3566.7288 -3794.3701 -4049.491 -4225.3101 -4252.1348 -4326.3491
-3434.7739 -3473.7139 -3616.6553 -3638.1702 -3598.4531 -3570.4736 -3568.9934 -3553.5015 -3580.8823 -3620.8223 -3641.6365 -3619.8232 -3597.3452 -3583.5 -3566.0793 -3530.9514 -3507.7705 -3542.6797 -3507.5647 -3479.6997 -3532.0911 -3370.2769 -3253.8931 -3317.0881 -3381.6228 -3524.4341 -3616.4995 -3648.009 -3617.4329 -3543.3008 -3321.8777 -2935.1143 -2710.541 -2634.9255 -2606.946 -2623.0059 -2667.4192 -2934.4424 -3292.9189 -3686.7119 -4106.0098 -4450.1875 -4611.8013 -4756.8325 -5046.1411 -5282.5317 -5357.4004 -5311.5732 -5201.8271 -4989.1934 -4433.3589 -3756.1406 -3352.8655 -3265.7712 -3619.1016 -4013.9771 -4142.3584 -4205.8735
-3451.8123 -3564.6221 -3637.2693 -3560.0483 -3519.823 -3555.3372 -3567.5767 -3531.6155 -3575.4443 -3630.7546 -3646.5896 -3616.0669 -3600.0459 -3584.1941 -3546.072 -3490.6765 -3512.6592 -3569.0911 -3563.7527 -3570.5686 -3565.1191 -3436.5522 -3340.9148 -3366.4116 -3495.6387 -3732.9456 -3742.0278 -3665.834 -3620.6599 -3592.1382 -3543.4446 -3423.9736 -3215.2483 -2908.3655 -2625.7253 -2441.699 -2587.7415 -2931.0154 -3361.1658 -3754.0535 -3890.5581 -4050.4504 -4307.9609 -4469.9648 -4592.0869 -4719.981 -4849.8379 -5055.8452 -5240.0552 -5316.3867 -5178.7983 -4680.771 -4133.665 -3774.7622 -3834.2131 -4024.6404 -4069.8689 -4088.1338
-3676.439 -3758.5933 -3642.1721 -3484.8792 -3477.1487 -3551.2424 -3551.8713 -3551.7317 -3581.8528 -3590.0405 -3584.1875 -3527.7222 -3550.0186 -3534.4734 -3453.9468 -3446.5483 -3577.7397 -3596.968 -3619.7222 -3658.8535 -3600.416 -3513.6545 -3429.3743 -3380.0015 -3568.9553 -3809.9026 -3729.4875 -3676.1792 -3624.6292 -3690.8882 -3712.9709 -3629.082 -3421.0916 -2988.7551 -2635.8152 -2689.562 -3044.7708 -3370.2124 -3683.064 -3933.2332 -3945.2778 -3936.4263 -3944.7891 -3916.8296 -3890.4819 -3927.2319 -4076.4871 -4306.123 -4559.8623 -4894.751 -5047.8281 -4924.2891 -4689.1714 -4349.1636 -4238.9175 -4266.5122 -4185.7324 -3966.499
-3771.876 -3716.3364 -3628.0278 -3645.7966 -3706.8171 -3731.033 -3711.9775 -3692.2659 -3627.012 -3602.0625 -3603.6836 -3543.6216 -3505.4812 -3493.0583 -3553.4326 -3680.394 -3717.5046 -3727.4216 -3751.011 -3751.7957 -3711.8574 -3666.718 -3667.5454 -3679.1558 -3771.2512 -3810.0981 -3727.3613 -3759.2097 -3799.8921 -3850.3538 -3873.6301 -3843.3635 -3791.1787 -3614.5386 -3456.5005 -3535.5769 -3710.2881 -3795.5684 -3828.6248 -3819.8213 -3770.4668 -3884.4082 -4253.1113 -4513.0488 -4281.9336 -4016.6536 -3943.8555 -3832.8535 -3843.3728 -4063.3899 -4383.9023 -4635.6406 -4635.4224 -4426.6519 -4376.4238 -4407.1982 -4288.7915 -3912.0723
-3693.2905 -3665.4597 -3732.7292 -3806.675 -3852.9812 -3864.3848 -3829.042 -3762.3789 -3642.6536 -3596.6826 -3585.5142 -3549.2249 -3563.2839 -3615.4087 -3730.4275 -3848.7092 -3743.458 -3735.5774 -3763.5842 -3772.7717 -3793.4045 -3771.3096 -3798.3118 -3850.9636 -3866.1282 -3866.9724 -3869.2354 -3889.7419 -3907.6533 -3931.9644 -3938.0339 -3953.6858 -3979.7417 -3971.4863 -3981.8538 -4007.2246 -3987.6152 -3982.4204 -4039.0942 -4046.0342 -4047.137 -4168.312 -4293.0435 -4258.8022 -4059.0217 -3852.4026 -3686.1897 -3503.9949 -3383.4753 -3457.3357 -3795.833 -4089.9021 -4093.8157 -4031.9226 -4156.625 -4210.4517 -4036.729 -3887.1755
-3809.8228 -3752.4963 -3730.4951 -3693.4656 -3678.3125 -3758.7668 -3763.6338 -3663.1511 -3570.2754 -3490.0574 -3438.2422 -3501.0918 -3554.2336 -3627.9736 -3728.6235 -3742.363 -3472.2319 -3481.699 -3665.1404 -3738.9785 -3796.51 -3791.6873 -3829.4475 -3825.6826 -3878.3308 -3859.0083 -3822.7148 -3885.3918 -3923.3079 -3926.0466 -3906.259 -3926.2876 -3993.3511 -4018.749 -4010.6343 -3943.8013 -3826.9021 -3817.3472 -3896.1013 -3855.1567 -3696.4072 -3678.2893 -3735.1487 -3835.0554 -3831.9155 -3844.0117 -3849.1345 -3699.782 -3475.0164 -3476.8347 -3767.5408 -3930.7607 -3817.0652 -3792.5737 -3989.8457 -4070.5745 -3975.926 -4026.1853
-3916.8733 -3741.2419 -3530.7874 -3389.9949 -3415.9851 -3602.2246 -3609.2305 -3534.8611 -3521.01 -3417.7959 -3348.3628 -3356.8416 -3376.5232 -3534.2883 -3720.1101 -3702.5393 -3469.7559 -3493.7393 -3662.0181 -3731.3821 -3753.1143 -3774.6201 -3767.0818 -3731.4653 -3860.1187 -3735.8286 -3603.0901 -3781.8655 -3930.8394 -3959.9058 -3902.7278 -3891.123 -3975.6667 -4005.1821 -3997.446 -3866.6943 -3682.085 -3581.1995 -3644.4277 -3718.3613 -3698.3809 -3694.9475 -3744.9553 -3894.689 -3904.1228 -3983.8174 -4065.8906 -3967.6255 -3783.5896 -3812.2078 -3962.4583 -4028.3748 -3994.2842 -3982.676 -4066.3816 -4077.189 -4104.4375 -4233.2681
-3921.23 -3718.7092 -3567.0747 -3532.3071 -3561.614 -3642.429 -3644.447 -3619.3906 -3597.3711 -3552.5305 -3467.3066 -3353.7163 -3332.2952 -3478.7148 -3715.604 -3741.9106 -3617.1064 -3625.3613 -3743.5691 -3773.0381 -3721.043 -3768.241 -3795.405 -3851.0413 -3936.1045 -3853.6921 -3733.0286 -3819.4602 -4014.929 -4042.7732 -3977.374 -3989.8008 -4105.0454 -4119.71 -4105.6577 -3945.3579 -3552.104 -3419.4312 -3710.0918 -3969.1023 -4010.6777 -3961.0359 -3990.4629 -4101.7651 -4138.6221 -4117.5933 -4081.3257 -4004.4502 -3865.7336 -3784.3965 -3868.5117 -3990.0632 -4021.1621 -4005.6941 -4001.7026 -3986.5339 -4117.3604 -4320.2324
-3910.2649 -3800.24 -3724.2793 -3678.8286 -3647.6726 -3675.4363 -3686.9897 -3675.5994 -3639.2017 -3568.1204 -3462.0408 -3401.124 -3446.5105 -3596.9746 -3791.9792 -3795.8406 -3686.2761 -3711.7905 -3825.3435 -3811.7849 -3689.0193 -3786.8076 -3962.5964 -4041.2798 -4040.3296 -3974.5615 -3895.5 -3954.7412 -4065.0715 -4065.3921 -3984.8943 -4007.4519 -4131.5171 -4123.1108 -4103.6182 -3985.8621 -3683.9253 -3500.979 -3731.4038 -4000.5354 -4023.488 -4018.1563 -4040.1956 -4107.2944 -4099.4722 -4050.8396 -4008.6943 -3824.5051 -3338.6663 -3182.3616 -3547.5103 -3833.2217 -3903.7698 -3870.8625 -3716.3308 -3552.4543 -3597.771 -3849.1995
