Resources/Map/Lvl0_30x30/Ele_BA.asc
ncols         335
nrows         335
xllcorner     -20045000
yllcorner     3325000
cellsize      10000
nodata_value  -99999.0
[rows 100 to 124 of 335, columns 0 to 56 of 335]
-99999.0 -4419.915 -4697.8638 -4928.7266 -5121.2017 -5024.9341 -4478.5239 -3971.936 -3910.5095 -4082.1348 -4096.647 -3867.342 -3723.6208 -3813.0508 -3925.1357 -3984.0742 -4156.082 -4435.8237 -4845.5576 -4990.7803 -4893.0322 -4824.7388 -4873.9111 -4833.2456 -4614.7266 -4380.4595 -4288.8848 -4279.6909 -4157.1797 -3900.5784 -3803.1152 -3699.2458 -3640.1882 -3566.2791 -3513.7871 -3554.3665 -3551.9773 -3614.4092 -3770.6924 -3896.3679 -3920.5015 -4010.0586 -4241.7388 -4552.021 -4525.2217 -4364.4097 -4231.4067 -4169.3892 -4120.4219 -4181.873 -4272.7876 -4499.1904 -4831.2075 -4903.6284 -4918.2227 -4960.54 -4985.9019
-99999.0 -4872.2529 -5101.8481 -5268.4927 -5172.376 -4911.3745 -4826.2368 -4747.4707 -4723.3911 -4964.2124 -5045.0024 -4872.3369 -4774.4688 -4679.2007 -4664.7925 -4766.5093 -4927.1704 -5088.813 -5212.9443 -5201.7959 -5111.1177 -5024.022 -4925.5957 -4755.8486 -4564.1865 -4489.7661 -4435.1855 -4453.1313 -4497.5103 -4188.021 -4063.2668 -4125.2363 -4153.0054 -4148.6611 -4240.0928 -4200.1807 -4106.8188 -4400.3506 -4486.8936 -4443.5732 -4334.7832 -4452.7871 -4653.2505 -4889.187 -4992.0195 -4928.9087 -4988.2212 -4989.3809 -4922.584 -5005.5464 -5029.2324 -4976.6777 -4957.3828 -5001.7285 -5175.9102 -5449.2007 -5751.5122
-99999.0 -5008.8774 -5073.3496 -5176.4131 -5201.1738 -5109.6016 -5042.5942 -5035.3613 -5016.4785 -5163.7715 -5239.0391 -5119.2021 -5029.438 -5002.6738 -5068.355 -5168.2051 -5202.5054 -5192.9736 -5172.646 -5091.8457 -5001.9897 -4920.3022 -4724.5288 -4366.6167 -4201.3335 -4367.1494 -4388.2427 -4307.0635 -4442.1514 -4387.7915 -4401.9189 -4413.4321 -4423.0923 -4542.457 -4559.0962 -4392.8447 -4341.8916 -4425.5425 -4457.9639 -4481.6104 -4560.6323 -4690.3252 -4770.2729 -4975.6016 -5164.7437 -5094.2573 -5242.0957 -5582.6104 -5741.7891 -5846.1802 -5941.3721 -5938.4775 -5936.9966 -5983.9854 -6134.9126 -6362.7559 -6493.7456
-99999.0 -4826.1875 -4839.4038 -4966.9761 -5056.2266 -5020.0698 -5026.4688 -5107.0864 -5099.5703 -5068.1152 -5040.0439 -5001.9336 -5030.0117 -4962.7524 -4916.3208 -5022.1201 -5033.9541 -4958.7676 -4893.3296 -4780.1362 -4828.4189 -5112.3521 -4987.9087 -4608.8188 -4460.876 -4627.9785 -4592.5737 -4395.5571 -4577.0122 -4855.0215 -5005.6421 -4854.0044 -4873.856 -5046.9224 -5082.3003 -4944.2437 -4985.2773 -5106.1621 -5097.2495 -5290.0923 -5451.02 -5550.8633 -5622.0908 -5815.019 -5971.3628 -5761.6465 -5699.0781 -6200.3032 -6398.29 -6522.7148 -6637.0322 -6680.186 -6688.9624 -6717.0562 -6835.9312 -6914.8989 -6893.29
-99999.0 -4961.5181 -5064.1733 -5209.4585 -5293.9106 -5272.8457 -5252.3828 -5212.7363 -5145.5376 -5088.4229 -5085.9702 -5163.1191 -5299.8608 -5283.5425 -5220.2646 -5254.939 -5322.7896 -5406.8047 -5353.5601 -5150.417 -5443.2144 -5795.6626 -5471.6392 -5161.7241 -5057.0938 -5296.5859 -5378.0718 -5269.4551 -5382.9077 -5767.8682 -5934.02 -5799.3569 -5874.3228 -6005.271 -6010.6167 -5998.6523 -6067.1616 -6207.6421 -6335.6299 -6473.9453 -6449.5264 -6472.6899 -6531.5483 -6617.7383 -6684.4106 -6420.9097 -6204.481 -6646.1455 -6910.7144 -7098.3823 -7174.9258 -7197.042 -7191.8594 -7149.7393 -7172.9976 -7215.1602 -7163.8892
-99999.0 -5920.2515 -6033.9805 -6186.6963 -6160.7197 -6081.3604 -6109.9443 -6024.9233 -5880.7964 -5833.0093 -5816.0132 -5885.3784 -6122.0615 -6241.1343 -6241.7764 -6192.1714 -6218.4404 -6344.5522 -6467.7661 -6579.083 -6447.2061 -6251.478 -6208.9233 -6316.9312 -6310.2529 -6384.8555 -6463.3823 -6452.3354 -6493.8994 -6630.2095 -6644.7666 -6617.5454 -6758.4268 -6912.4829 -6884.4209 -6876.2964 -7043.4058 -7085.2612 -7148.1538 -7094.1958 -7066.6157 -7098.4258 -7109.6973 -7157.7505 -7169.6128 -6778.7124 -6193.8936 -6497.2524 -6954.5444 -7067.6953 -7055.7725 -7059.2671 -7077.8853 -7035.3833 -6968.0698 -6932.9492 -6914.3301
-99999.0 -6827.6392 -6877.397 -6996.3618 -6865.2998 -6835.9468 -7076.627 -7045.9839 -6956.7026 -6888.1782 -6872.8174 -6853.9663 -6912.313 -6941.8003 -6895.7568 -6901.2788 -6962.8799 -6990.7505 -7106.1362 -7208.0176 -7064.4253 -7024.2056 -7029.291 -7085.4209 -7170.1538 -7139.7236 -7091.0005 -7115.6377 -7159.5034 -7111.4287 -7148.7559 -7131.0469 -7182.1787 -7270.1821 -7244.8555 -7197.0947 -7185.21 -7047.6079 -7029.0674 -6925.6826 -6898.3604 -6896.4116 -6823.8569 -6865.3945 -6926.9209 -6732.4038 -6382.6045 -6432.3296 -6643.5361 -6651.2729 -6598.2788 -6502.2393 -6464.1494 -6334.0381 -6048.7222 -5996.9653 -6182.3999
-99999.0 -7107.6108 -7088.5537 -7121.8213 -7129.0464 -7099.4512 -7145.9653 -7152.9878 -7107.707 -7058.502 -7038.4614 -7053.0034 -7124.1147 -7113.3384 -7073.0527 -7129.917 -7139.8848 -7079.7314 -7060.1147 -7066.3545 -7069.8774 -7145.7651 -7170.9995 -7147.5679 -7152.0239 -7046.624 -6957.9463 -7034.0557 -7099.7271 -6990.9019 -7066.0771 -6993.1011 -7050.9956 -7140.292 -7020.5503 -6841.4106 -6727.3374 -6498.8721 -6436.8525 -6403.6196 -6381.1221 -6322.0464 -6207.2344 -6291.3911 -6439.8823 -6282.5615 -5933.8242 -5918.1924 -6084.228 -6127.7886 -6102.5767 -5974.9756 -5910.5654 -5680.9619 -5266.8115 -5211.9399 -5487.0308
-99999.0 -6667.9849 -6641.9517 -6760.6416 -6963.9839 -6919.1709 -6798.0928 -6797.2329 -6698.8716 -6543.8896 -6507.9004 -6634.4956 -6736.3037 -6685.1348 -6713.0132 -6824.8638 -6767.0537 -6715.6406 -6684.5981 -6592.8047 -6582.2871 -6648.5874 -6685.7231 -6613.2485 -6532.1465 -6388.708 -6305.6138 -6385.9023 -6435.084 -6269.4614 -6348.0283 -6335.6313 -6548.8848 -6602.2739 -6430.5967 -6230.9829 -6081.4429 -5894.9941 -5863.5703 -5892.5522 -5900.52 -5838.5171 -5621.0503 -5698.4341 -5921.561 -5928.1201 -5858.5752 -5772.75 -5646.042 -5614.3262 -5586.9858 -5502.2866 -5474.4834 -5329.4565 -5138.6294 -5143.874 -5264.3931
-99999.0 -6241.9639 -6146.4897 -6194.646 -6473.7363 -6448.8906 -6276.7729 -6303.8677 -6273.6865 -6161.8032 -6196.8569 -6296.252 -6288.1704 -6253.2344 -6192.0835 -6128.5688 -6164.9697 -6124.5879 -6036.6567 -5995.4043 -5957.855 -5945.1108 -5873.6299 -5864.9546 -5924.6792 -5895.3662 -5861.7061 -5935.6548 -5982.4805 -5903.7432 -5904.8984 -5836.7871 -5909.2471 -5830.8164 -5785.7764 -5757.1787 -5653.0498 -5547.1929 -5534.9507 -5522.1963 -5427.1274 -5241.1055 -4789.7813 -4860.8184 -5296.4409 -5448.2959 -5410.6802 -5366.7407 -5328.7637 -5311.876 -5279.187 -5218.5757 -5208.4888 -5140.1421 -5048.3672 -5098.9688 -5155.374
-99999.0 -5815.4854 -5749.6763 -5773.5303 -5976.3232 -5971.0107 -5835.3379 -5816.5645 -5852.8936 -5889.6699 -5883.2461 -5841.5127 -5831.7305 -5815.2686 -5673.7632 -5640.6484 -5679.8325 -5649.3677 -5620.209 -5559.9297 -5417.897 -5398.8354 -5312.6143 -5406.8452 -5520.6689 -5482.7422 -5450.8413 -5512.291 -5472.3062 -5518.9678 -5511.7627 -5444.1416 -5436.0513 -5436.8857 -5394.1133 -5360.3579 -5264.9429 -5200.9468 -5253.5996 -5224.4502 -4927.1006 -4458.2441 -3927.0088 -4186.3735 -4920.876 -5186.3804 -5162.4829 -5169.6812 -5164.7896 -5127.6299 -5128.9648 -5101.0884 -5102.7275 -5072.6641 -5005.001 -5009.0728 -5026.6899
-99999.0 -5426.7642 -5462.54 -5554.9312 -5679.5713 -5547.0527 -5432.6021 -5407.2026 -5413.7666 -5451.4487 -5430.3667 -5360.1841 -5339.6455 -5303.98 -5280.1348 -5341.0859 -5319.5571 -5274.6113 -5291.2314 -5247.3115 -4965.5688 -4781.7007 -4927.6753 -5175.0557 -5194.4912 -5129.1548 -5117.3232 -5124.1069 -5062.7939 -5148.6138 -5192.103 -5142.0161 -5123.6885 -5148.8555 -5048.0483 -5033.7104 -5008.7261 -4998.1919 -5073.105 -4996.1025 -4625.7627 -4261.6943 -4088.7446 -4496.5557 -4985.2192 -5094.6729 -5060.9478 -5082.957 -5080.4243 -5037.252 -5021.0098 -4991.6792 -4986.4854 -4975.7725 -4942.1787 -4933.7251 -4960.0337
-99999.0 -5206.1074 -5207.4961 -5237.8315 -5247.7559 -5096.959 -5092.1514 -5116.1479 -5094.1807 -5120.3232 -5142.7437 -5095.3428 -5027.0083 -5005.7822 -5032.6641 -5089.9609 -5047.6768 -4985.9575 -4996.4702 -4950.5464 -4736.7886 -4556.897 -4743.897 -5031.061 -5088.8247 -4958.0347 -4920.6631 -4942.9692 -4957.2764 -5018.2466 -5066.4204 -4997.7827 -4989.3589 -4982.2529 -4895.6904 -4953.0034 -4944.1382 -4917.145 -4958.5381 -4912.0845 -4748.061 -4803.4409 -4906.5781 -4977.6069 -4995.5093 -5000.7651 -4967.6255 -4994.2437 -5019.6094 -5033.5806 -5095.9175 -5090.3623 -5097.6958 -5118.2183 -5099.0791 -5081.7778 -5037.7598
-99999.0 -5066.0415 -5017.9448 -4968.4023 -4897.0747 -4813.7231 -4864.3047 -4881.9995 -4862.9336 -4905.6616 -4910.0908 -4855.7266 -4820.354 -4824.7305 -4846.2207 -4867.6201 -4818.5767 -4781.7275 -4793.9526 -4758.3086 -4725.5176 -4683.0718 -4785.1382 -4935.8428 -4989.3267 -4929.2251 -4881.4102 -4900.978 -5047.5469 -5108.5474 -5112.606 -5006.4961 -5031.4019 -4999.2158 -4917.7227 -4966.1714 -4907.7861 -4865.0889 -4913.5439 -4902.4238 -4813.7031 -4782.9702 -4892.4019 -4981.5757 -4934.7061 -4949.2896 -4982.356 -5047.7285 -5092.7222 -5122.0767 -5190.7129 -5194.0693 -5228.1914 -5296.0039 -5261.687 -5205.6636 -5052.9771
-99999.0 -4907.2939 -4865.2012 -4849.1606 -4859.6255 -4828.1157 -4802.8701 -4789.9263 -4797.0596 -4834.9146 -4795.6826 -4729.9834 -4768.4282 -4813.793 -4812.1802 -4807.8135 -4763.3716 -4751.8682 -4755.9351 -4717.918 -4750.8232 -4799.9995 -4827.6787 -4831.1152 -4878.9463 -4902.4644 -4922.8774 -4946.1387 -5076.3999 -5095.5508 -5101.2559 -4952.5938 -5012.4424 -4995.481 -4910.8164 -4944.5405 -4887.1348 -4838.1055 -4918.9927 -4895.8213 -4734.8198 -4574.459 -4624.9429 -4867.1631 -4949.2485 -4973.1855 -5004.9004 -5085.4688 -5132.5449 -5109.8784 -5132.1035 -5152.8628 -5169.3999 -5189.5776 -5138.063 -5064.582 -4984.4956
-99999.0 -4870.4414 -4891.4487 -4914.1191 -4941.644 -4940.7964 -4913.002 -4891.9121 -4877.3491 -4872.8735 -4823.4512 -4794.374 -4852.4858 -4847.5269 -4783.4785 -4719.2769 -4695.5513 -4752.436 -4797.3843 -4769.353 -4739.5518 -4795.3105 -4810.8472 -4787.834 -4810.6846 -4848.3501 -4971.4502 -5020.7739 -4965.9307 -4909.1309 -5012.8613 -5005.4883 -4985.9541 -4966.0313 -4769.5347 -4846.457 -4843.3384 -4770.0127 -4813.3193 -4746.7852 -4604.6514 -4557.0776 -4631.2974 -4817.5596 -4949.5625 -4987.0073 -4989.4473 -5057.8369 -5075.5791 -4995.6274 -4956.4248 -4955.9224 -4983.3203 -5045.269 -5071.792 -5066.6982 -5108.2598
-99999.0 -4931.1152 -4932.209 -4947.3413 -4981.8071 -5015.7949 -5056.0161 -5037.459 -4965.9951 -4905.4116 -4859.793 -4858.958 -4917.0791 -4897.2373 -4795.5654 -4651.6133 -4610.623 -4717.5596 -4811.1689 -4790.6641 -4792.9014 -4801.9219 -4753.2236 -4736.2139 -4734.8271 -4736.5396 -4888.0747 -5064.4697 -5181.7539 -5340.1836 -5464.769 -5298.7109 -5190.4478 -5128.9204 -4840.626 -4817.1494 -4861.0415 -4876.2456 -4934.9888 -4833.1816 -4632.71 -4635.998 -4860.7568 -5034.5386 -5095.0181 -5109.7051 -5104.6641 -5144.4927 -5067.1147 -4992.4668 -4980.7559 -4910.5205 -4898.4102 -5029.7593 -5130.1577 -5191.8608 -5304.7544
-99999.0 -4955.2969 -4930.5723 -4954.6567 -4982.5181 -5017.2969 -5080.3267 -5069.6812 -5004.7441 -4917.5806 -4824.2524 -4823.959 -4909.6138 -4926.8745 -4867.248 -4773.3198 -4721.3018 -4786.7173 -4864.6016 -4837.1606 -4842.9102 -4801.916 -4664.1743 -4673.2744 -4684.2837 -4663.9175 -4725.4438 -4955.2368 -5143.4844 -5330.0586 -5419.5537 -5366.9463 -5394.4844 -5262.9092 -5036.8921 -4894.0625 -4863.2847 -4957.5615 -5081.5815 -5036.8999 -4871.001 -4841.3394 -5044.5391 -5218.9253 -5256.9561 -5302.0073 -5237.6953 -5164.6201 -5069.1626 -5055.1646 -5101.8794 -5012.6699 -4907.1743 -4993.9072 -5108.6045 -5167.8516 -5256.8242
-99999.0 -4866.8647 -4979.5381 -5056.4229 -5089.8188 -5044.0806 -5019.5986 -5110.2051 -5167.1958 -5056.3325 -4852.7754 -4780.0005 -4794.084 -4785.686 -4791.7368 -4811.146 -4827.8535 -4874.3081 -4926.7334 -4910.1509 -4921.0425 -4916.4585 -4778.0498 -4799.3896 -4761.918 -4746.1431 -4787.0283 -4868.6235 -4902.2251 -5087.2769 -5237.5522 -5317.5923 -5516.1436 -5340.9971 -5045.9199 -4854.0498 -4710.1338 -4834.8486 -5009.3438 -5051.312 -5028.4492 -4974.3228 -5046.0977 -5147.5146 -5194.0605 -5276.0801 -5212.271 -5131.3208 -5150.4229 -5145.6938 -5097.4009 -5010.4878 -4975.9805 -5062.7183 -5149.8687 -5177.4756 -5207.9546
-99999.0 -4949.1567 -5168.8477 -5199.4063 -5187.2085 -5092.584 -5098.5171 -5265.1021 -5355.2456 -5190.3433 -4910.6558 -4848.8252 -4837.9805 -4794.8828 -4821.2075 -4888.0034 -4944.9941 -4967.0483 -4995.6421 -5017.0078 -5016.165 -4974.231 -4855.0967 -4863.9893 -4832.4673 -4816.188 -4862.3706 -4890.7427 -4849.501 -4979.7139 -5171.8164 -5368.7905 -5612.1948 -5464.2109 -5111.0742 -4857.0405 -4627.0083 -4667.6357 -4797.1157 -4841.5952 -4873.1812 -4876.7104 -4937.2344 -5000.2334 -5066.4868 -5169.4775 -5185.5532 -5175.604 -5242.5181 -5209.0347 -5124.3599 -5098.1006 -5101.7451 -5152.7915 -5188.793 -5191.4097 -5252.2183
-99999.0 -5065.0049 -5095.6724 -5056.605 -5063.3057 -5050.5991 -5135.6548 -5283.6826 -5413.188 -5365.7471 -5061.1489 -4899.3257 -4913.5239 -4884.9995 -4885.1523 -4978.999 -5017.3232 -5039.1021 -5097.9346 -5142.3618 -5065.1943 -4879.2715 -4729.1729 -4732.9663 -4756.6807 -4774.5386 -4794.1035 -4792.2837 -4794.0698 -4923.3638 -5105.2378 -5236.9683 -5393.0898 -5342.9658 -5166.8359 -5003.3901 -4827.5371 -4778.2852 -4867.458 -4897.3525 -4957.3096 -5029.5864 -5084.5366 -5137.4487 -5166.5024 -5235.0698 -5277.3921 -5281.2178 -5333.5591 -5293.9111 -5237.4292 -5226.6802 -5191.8228 -5199.6357 -5220.6123 -5210.3442 -5261.4023
-99999.0 -4985.1289 -4899.2041 -4905.8008 -4948.52 -4978.6748 -5093.7148 -5275.2041 -5429.1758 -5447.4067 -5173.4951 -4913.9722 -4874.1299 -4852.146 -4855.5898 -4927.6914 -4941.9438 -4989.7148 -5070.7012 -5101.3945 -4977.502 -4762.8306 -4662.3989 -4706.5967 -4766.4429 -4795.2036 -4806.2119 -4801.9302 -4864.0513 -4973.2246 -5076.2871 -5101.8711 -4913.1406 -4829.3135 -4893.2676 -4999.5547 -5059.5747 -5131.373 -5236.7319 -5252.7891 -5294.8262 -5352.4585 -5386.0962 -5423.2485 -5392.1519 -5403.6816 -5433.4053 -5419.1733 -5410.5815 -5385.894 -5359.7373 -5352.5518 -5353.4106 -5375.4004 -5361.6821 -5318.1763 -5351.8604
-99999.0 -4909.1509 -4892.8281 -4920.9819 -4940.1968 -4973.1997 -5087.728 -5224.0386 -5265.9165 -5181.0552 -5070.9238 -5008.6011 -4969.8076 -4940.5234 -4944.811 -4958.4751 -4941.7334 -4943.9624 -4999.7329 -5059.6963 -4992.1973 -4888.7466 -4893.2065 -4923.8511 -4905.6216 -4881.6665 -4942.3354 -4979.6826 -4971.481 -4984.9624 -5064.4561 -5109.7495 -4933.0435 -4892.8794 -4952.7266 -5075.6108 -5192.1992 -5302.6001 -5361.3516 -5341.9365 -5339.5947 -5380.7178 -5433.7676 -5492.4478 -5477.5967 -5460.8403 -5486.7388 -5485.6719 -5474.3979 -5508.7358 -5528.2749 -5543.4546 -5586.5522 -5594.0308 -5514.3452 -5446.1211 -5514.0278
-99999.0 -4935.4541 -4988.6401 -5070.6792 -5113.043 -5099.8369 -5146.3447 -5217.2256 -5228.4521 -5109.7227 -5018.8193 -4992.2715 -4962.3301 -4973.7119 -5022.8926 -5062.7568 -5063.0288 -5054.4834 -5105.3325 -5163.2607 -5155.1079 -5171.1245 -5172.2939 -5125.7393 -5052.3032 -4998.9941 -4990.7173 -4981.4766 -5000.1255 -4986.9536 -5119.0771 -5296.604 -5294.4453 -5261.0449 -5229.437 -5182.7476 -5199.4829 -5308.5737 -5349.8003 -5307.9141 -5283.6904 -5330.1753 -5395.5254 -5473.0977 -5504.2764 -5500.7808 -5521.623 -5545.8311 -5586.4448 -5588.8916 -5584.7202 -5614.229 -5639.5688 -5626.2646 -5542.7017 -5500.7456 -5556.5044
-99999.0 -5108.2485 -5184.3491 -5253.4722 -5261.1699 -5232.5586 -5232.3447 -5257.4819 -5285.2441 -5213.9688 -5115.5078 -5071.3804 -5073.377 -5131.4189 -5205.8521 -5246.3809 -5247.6411 -5269.7109 -5310.3442 -5269.8901 -5254.418 -5385.7681 -5427.0273 -5358.0479 -5274.4048 -5237.9414 -5122.2524 -5079.6201 -5173.9854 -5176.2866 -5276.0522 -5450.6953 -5439.8384 -5382.6694 -5355.8853 -5269.7725 -5234.6577 -5329.6299 -5363.4741 -5312.9438 -5304.9038 -5322.834 -5369.5981 -5443.5659 -5486.0186 -5514.5039 -5535.9204 -5564.2822 -5588.1748 -5549.2725 -5508.7666 -5509.272 -5509.0288 -5483.0674 -5419.3379 -5422.1445 -5458.8872
