Resources/Map/Lvl0_30x30/Ele_DI.asc
ncols         335
nrows         335
xllcorner     6755000
yllcorner     -3375000
cellsize      10000
nodata_value  -99999.0
[rows 200 to 224 of 335, columns 57 to 113 of 335]
-2800.793 -2874.9373 -2811.1501 -2861.3779 -2993.5439 -3003.8196 -2992.3345 -2971.812 -2893.1387 -2860.2864 -2845.1943 -2824.9749 -2883.304 -3011.9175 -2796.6003 -2724.8215 -2901.748 -2906.6433 -2958.9175 -2987.7017 -2979.1372 -3116.2178 -3174.1211 -3062.4219 -3089.0977 -3136.3479 -3155.0725 -3154.8623 -3174.9624 -3146.4585 -3103.6858 -3136.3652 -3315.4939 -3496.8665 -3479.447 -3369.5793 -3569.178 -3749.4785 -3696.3489 -3690.7258 -3758.1563 -3833.2358 -3943.0198 -4047.6782 -4076.4336 -4152.4951 -4062.7412 -3920.1526 -4070.1743 -4300.5586 -4276.1973 -3851.6213 -3766.3682 -3745.4238 -3886.3481 -3969.2908 -3764.7568
-2636.49 -2835.6848 -2805.8469 -2828.052 -2899.2869 -2892.271 -2821.988 -2866.6816 -2832.925 -2861.4229 -2824.3408 -2899.5471 -2971.9292 -2924.7817 -2904.7783 -2900.6165 -2890.2227 -2965.8916 -2977.0005 -3005.6658 -3025.0315 -3096.6157 -3244.6772 -3198.8352 -3166.2234 -3133.0615 -3143.8613 -3175.5747 -3190.7139 -3168.1926 -3141.9114 -3155.3948 -3205.0229 -3310.9138 -3431.6267 -3515.6262 -3571.0349 -3549.0896 -3568.6865 -3625.4358 -3710.1101 -3690.448 -3635.2773 -3754.8481 -3829.146 -3988.885 -4039.2881 -3914.7681 -3977.3262 -3958.9172 -4057.9575 -3999.8772 -3918.5703 -4001.2673 -4165.1133 -4208.5938 -3935.2126
-2637.2122 -2700.6968 -2694.6782 -2725.8845 -2875.2246 -2841.2295 -2749.4255 -2860.8267 -2855.2866 -2892.2312 -2847.9624 -2915.5867 -3037.1052 -2887.3772 -2880.6738 -2913.6567 -2909.8257 -2999.686 -3007.8359 -2977.5762 -3064.446 -3132.2656 -3097.4443 -3147.7563 -3306.2158 -3209.4377 -3135.5178 -3155.8083 -3173.9006 -3190.4741 -3183.3342 -3186.1282 -3224.5317 -3291.1399 -3420.4294 -3421.0664 -3392.5447 -3514.0632 -3589.7139 -3477.4873 -3475.4641 -3554.4741 -3476.0225 -3477.1763 -3546.3079 -3722.7839 -3961.7051 -3987.4077 -3848.7839 -3742.3113 -4027.1897 -4167.5664 -3892.4941 -3815.3123 -4083.4626 -4123.271 -3955.0273
-2804.6665 -2720.0676 -2764.3708 -2781.7415 -2857.02 -2895.4121 -2829.3293 -2840.4336 -2917.8972 -2965.241 -2879.2124 -2782.1917 -2867.5708 -2793.5049 -2840.167 -2931.8237 -2920.3337 -2964.5234 -2988.2817 -2962.8335 -3048.8364 -3173.4402 -3022.8711 -2987.3198 -3291.0625 -3284.6301 -3214.3643 -3147.6404 -3158.5862 -3239.436 -3239.968 -3197.3149 -3249.5042 -3325.8447 -3337.2312 -3278.7065 -3270.3123 -3449.5808 -3545.7124 -3295.4417 -3239.6936 -3607.3198 -3794.875 -3802.4055 -3806.459 -3912.5146 -4159.5879 -4143.2319 -3838.9883 -3649.3376 -3856.5132 -4029.0684 -3878.2046 -3914.0095 -3969.7649 -3752.259 -3816.6255
-2839.8997 -2830.4954 -2882.2434 -2941.6423 -2933.4272 -2933.1763 -2877.4666 -2838.6157 -2930.7292 -2948.9346 -2924.4302 -2795.8386 -2836.3242 -2913.6621 -2915.6294 -2952.4697 -2976.6248 -2979.3342 -2987.4844 -3048.9609 -3103.8337 -3116.083 -3054.1333 -2955.5447 -3270.2666 -3472.3645 -3376.5542 -3168.2661 -3141.2766 -3244.489 -3186.7742 -3160.5969 -3224.8276 -3277.1174 -3237.3779 -3185.2375 -3174.3359 -3311.8691 -3508.5317 -3356.7202 -3312.958 -3763.5313 -4052.9763 -4057.1931 -3994.0811 -3965.8931 -4040.0918 -4128.7046 -3955.1692 -3611.8093 -3686.0159 -3896.2461 -3836.4717 -3881.4617 -3878.1401 -3673.5056 -3689.3853
-2519.4622 -2761.6328 -2978.6392 -2992.897 -2875.8635 -2766.5962 -2720.8303 -2738.7312 -2862.1248 -2931.3416 -2886.77 -2839.6826 -2800.6145 -2838.9011 -2882.8306 -2997.4751 -2998.2573 -2946.5305 -3054.5044 -3147.5061 -3123.1062 -3058.2188 -3035.0244 -3178.3271 -3349.0771 -3431.5164 -3421.4812 -3253.9592 -3145.604 -3223.9158 -3203.874 -3150.6287 -3211.2507 -3282.0767 -3266.4148 -3189.7849 -3173.0146 -3207.1565 -3394.396 -3563.6335 -3713.7383 -3853.2974 -3811.1042 -3732.4255 -3722.6731 -3729.8003 -3671.1929 -3519.7893 -3583.8618 -3726.6206 -3985.9631 -3959.7915 -3746.5894 -3804.988 -3980.1545 -3851.4253 -3742.147
-2399.8862 -2502.2014 -2722.2563 -2781.5984 -2720.4258 -2620.219 -2599.3696 -2726.1355 -2820.2744 -2918.0515 -2931.9194 -2917.8613 -2834.7092 -2764.1863 -2867.5872 -3016.8342 -2999.7878 -2927.5767 -3119.8743 -3274.9705 -3180.1208 -3093.6794 -3095.7007 -3372.9714 -3378.3896 -3270.8489 -3339.2314 -3328.0518 -3177.387 -3163.5942 -3189.1428 -3146.0269 -3155.5571 -3228.6782 -3230.5669 -3180.0593 -3219.407 -3254.8171 -3330.7239 -3643.4751 -3934.4836 -3877.988 -3716.7598 -3643.4119 -3682.1047 -3748.8611 -3586.0544 -3234.0552 -3443.0188 -3958.5142 -4164.6465 -4091.9238 -3800.353 -3928.7402 -4065.5955 -3985.0454 -4057.8101
-2433.6423 -2497.0815 -2586.4727 -2599.7346 -2631.2256 -2659.7698 -2730.6729 -2790.1685 -2787.894 -2803.5376 -2899.4031 -2930.0784 -2912.571 -2854.1194 -2898.5103 -2957.4807 -2993.0703 -2978.4346 -3038.572 -3158.2617 -3117.3445 -3011.8806 -3089.3794 -3393.1658 -3437.2915 -3278.2712 -3261.5806 -3304.4456 -3207.5403 -3155.8127 -3176.2151 -3236.7795 -3232.9175 -3235.8586 -3251.1973 -3177.7646 -3090.6255 -3105.6797 -3289.6125 -3619.6619 -3753.9153 -3674.0728 -3667.5203 -3694.7334 -3634.3826 -3572.5415 -3477.7781 -3478.9788 -3789.1836 -3979.7019 -3902.929 -3863.3462 -3782.1523 -3980.8101 -3963.6111 -3974.3201 -4129.8135
-2389.4863 -2558.1487 -2616.4131 -2616.2043 -2649.4561 -2778.6543 -2860.7051 -2794.1892 -2779.0195 -2769.3638 -2850.749 -2955.0859 -2955.2163 -2912.6958 -2912.3855 -2923.981 -3025.0776 -3053.5166 -3067.1841 -3085.8665 -3056.9006 -2999.7815 -3118.0889 -3347.9009 -3437.8223 -3310.052 -3268.3862 -3291.3784 -3215.8918 -3176.7957 -3166.8279 -3216.8694 -3272.4941 -3254.967 -3243.4756 -3184.0879 -2926.052 -2848.6052 -3287.7104 -3672.0688 -3584.875 -3442.0566 -3506.3594 -3590.688 -3487.2441 -3381.0632 -3485.3931 -3738.5339 -3833.5369 -3759.7866 -3563.6868 -3523.3943 -3656.8713 -3927.0112 -3919.9287 -4024.0662 -4056.3186
-2334.2317 -2508.7205 -2576.7827 -2635.1306 -2726.8513 -2801.2334 -2781.2971 -2698.6921 -2679.1262 -2769.4104 -2880.4106 -2902.2214 -2935.2644 -2924.939 -2869.875 -2949.9023 -3093.4863 -3121.3823 -3066.1731 -3054.5906 -3118.5334 -3138.0715 -3143.8777 -3297.3291 -3356.3398 -3251.7634 -3200.127 -3276.345 -3211.8257 -3151.531 -3175.3972 -3135.6235 -3187.3845 -3262.3674 -3223.4675 -3109.9414 -2935.0444 -3079.8025 -3517.2056 -3661.4958 -3472.6626 -3262.3115 -3260.4172 -3390.6292 -3458.0366 -3553.1902 -3721.2869 -3763.8267 -3610.811 -3434.5925 -3155.2212 -3290.3311 -3635.5625 -3801.8481 -3866.1521 -3988.5911 -3973.2695
-2150.7295 -2242.8254 -2394.5574 -2503.3398 -2671.8972 -2710.2344 -2627.5447 -2605.4612 -2722.2966 -2786.7722 -2883.5127 -2827.9951 -2926.282 -2972.783 -2990.3618 -3040.7366 -3103.9971 -3145.1904 -2998.9246 -3081.2795 -3418.2878 -3390.8203 -3295.3464 -3236.4553 -3243.3901 -3177.0195 -3097.6592 -3217.0588 -3211.5457 -3172.1008 -3226.46 -3134.4851 -3044.4946 -3131.364 -3187.4861 -3197.5112 -3252.2048 -3423.8484 -3527.2307 -3488.8513 -3419.207 -3221.4827 -3066.7773 -3202.02 -3499.5125 -3673.6069 -3638.28 -3460.54 -3274.4573 -3220.1868 -3317.1379 -3619.2471 -3837.5881 -3892.8818 -3983.9678 -4004.7158 -3910.5454
-2210.1494 -2215.9805 -2309.1675 -2407.4026 -2560.5625 -2652.9033 -2697.0754 -2729.7922 -2866.345 -2819.1914 -2826.8806 -2870.8091 -2984.4277 -3027.9111 -3042.3911 -3062.5542 -3141.0063 -3115.6343 -2943.4146 -3107.3354 -3480.3989 -3396.123 -3302.729 -3202.7178 -3194.9377 -3162.1545 -3122.7688 -3230.7192 -3193.2222 -3124.7927 -3157.2327 -3141.6533 -3090.5918 -3074.0518 -3257.2593 -3421.4895 -3373.6553 -3296.26 -3325.5698 -3308.8696 -3279.4058 -3201.428 -3088.9683 -3262.4021 -3533.2153 -3617.7346 -3589.9075 -3509.0178 -3383.116 -3492.2087 -3810.4053 -3837.8372 -3706.8887 -3845.6677 -3994.7505 -3898.8511 -3656.3516
-2568.9919 -2531.0317 -2481.446 -2464.665 -2503.2024 -2589.9207 -2721.6309 -2833.7813 -2873.5823 -2750.5198 -2699.9031 -2881.2668 -2971.8528 -3015.6179 -3057.1326 -3017.7412 -3075.9934 -3016.47 -2851.9387 -3114.3391 -3423.989 -3350.6345 -3248.5557 -3174.7148 -3138.2441 -3159.7007 -3175.1191 -3235.6028 -3124.5601 -2988.8735 -3014.186 -3088.1084 -3248.6299 -3324.7161 -3451.3135 -3450.4595 -3179.1592 -3012.7002 -3125.5693 -3157.6631 -3132.3455 -3202.4299 -3348.2288 -3677.3599 -3804.1465 -3710.6831 -3685.375 -3734.0977 -3719.594 -3731.1863 -3739.1802 -3723.2117 -3756.4509 -3867.4695 -3896.5156 -3792.7163 -3535.1885
-2733.6379 -2608.6689 -2429.0532 -2363.7603 -2379.6909 -2489.0537 -2668.6384 -2846.8149 -2845.386 -2697.7737 -2610.144 -2723.3533 -2800.1174 -2871.9436 -3015.5081 -2977.9272 -2927.5447 -2922.5833 -2795.0798 -3134.9771 -3433.998 -3341.2559 -3149.1807 -3091.6545 -3043.6584 -3031.583 -3044.5759 -3089.3352 -3043.1008 -2993.7861 -3116.2388 -3257.3899 -3393.614 -3451.5022 -3364.8298 -3200.6665 -3045.8625 -2965.6704 -3046.3826 -3189.9102 -3173.8083 -3059.8601 -3267.5435 -3669.1228 -3773.5674 -3597.3718 -3430.8938 -3426.9646 -3491.084 -3526.6511 -3460.7432 -3638.2957 -3876.0962 -3916.2019 -3860.5215 -3716.8137 -3589.7708
-2628.0239 -2552.2927 -2248.2266 -2064.5786 -2171.2876 -2400.3823 -2618.417 -2754.0671 -2787.6489 -2680.9434 -2546.7988 -2611.7063 -2696.3284 -2795.8057 -2966.2764 -2950.4558 -2931.2761 -2969.406 -3101.0896 -3412.4792 -3426.3767 -3182.6772 -2976.9519 -2965.8979 -2997.803 -2916.9146 -2899.0144 -3014.3635 -3122.4893 -3241.9954 -3357.2114 -3389.7207 -3354.8777 -3233.177 -3072.4753 -2984.6636 -3095.4067 -3092.9314 -3121.6775 -3321.928 -3133.7986 -2846.1306 -3160.5374 -3424.3989 -3399.9158 -3362.9622 -3270.2878 -3279.3213 -3403.0645 -3481.366 -3409.8604 -3539.304 -3786.657 -3967.6997 -3946.1782 -3712.8032 -3686.9016
-2513.7515 -2508.6545 -2205.3687 -1938.3473 -2017.0865 -2246.5557 -2491.9448 -2644.3193 -2746.6992 -2684.3918 -2489.8909 -2627.3372 -2822.6724 -2957.5056 -2927.3738 -2865.5391 -2996.6384 -3255.7959 -3419.9465 -3435.1719 -3255.2771 -3001.5417 -2887.5061 -2888.6714 -2943.1858 -2924.498 -3036.8159 -3223.0591 -3323.2813 -3383.7046 -3341.731 -3230.9146 -3027.0557 -2853.8123 -2868.8823 -2945.2925 -3190.2932 -3369.1309 -3394.9619 -3330.1306 -3138.3608 -3221.1526 -3465.6191 -3383.0542 -3197.4563 -3216.415 -3251.5823 -3338.0676 -3415.2463 -3411.0139 -3319.2424 -3440.2817 -3742.9324 -3986.3547 -3866.1926 -3675.5313 -3755.939
-2412.9248 -2440.2761 -2358.8162 -2160.033 -2079.5903 -2087.2341 -2315.9277 -2584.0259 -2713.5901 -2634.2327 -2468.479 -2798.9316 -2938.709 -2885.5808 -2804.1895 -2877.8174 -3186.0615 -3506.4246 -3369.748 -3053.1135 -2923.8828 -2918.843 -2827.4187 -2801.7588 -2975.9692 -3167.3882 -3333.8323 -3350.8726 -3370.5876 -3256.8501 -3077.9272 -2981.3594 -2843.4993 -2787.4319 -2852.6873 -2935.657 -3138.4128 -3323.2148 -3352.2395 -3319.9089 -3375.0022 -3466.6653 -3381.9211 -3253.8569 -3206.2571 -3207.2825 -3258.5737 -3368.2539 -3356.8569 -3324.5879 -3348.2368 -3551.6406 -3860.1851 -3953.0095 -3690.7053 -3690.0125 -3863.0088
-2362.9985 -2399.8442 -2540.5447 -2471.5112 -2304.8076 -2178.813 -2326.5686 -2557.5457 -2711.4988 -2661.0405 -2495.572 -2789.7161 -2665.6934 -2559.0806 -2832.6025 -3242.8979 -3392.3323 -3272.5249 -3033.2922 -2749.6599 -2681.5833 -2837.9258 -2826.0427 -2875.0176 -3186.6172 -3413.0537 -3424.95 -3232.6228 -3141.7393 -2984.9106 -2810.1736 -2777.1348 -2886.2959 -3022.3254 -3122.4805 -3073.7344 -2934.1152 -3043.6221 -3304.407 -3408.7952 -3399.5833 -3333.4072 -3215.6169 -3141.5442 -3215.6816 -3253.1309 -3209.5295 -3234.1116 -3299.3105 -3423.9912 -3621.0273 -3865.8896 -3979.4299 -3804.2129 -3622.8511 -3722.9106 -3939.5151
-2490.0085 -2507.0149 -2656.1863 -2697.9983 -2620.2224 -2466.2366 -2408.2239 -2480.4319 -2659.3069 -2664.0146 -2501.5884 -2685.9761 -2624.6189 -2658.7466 -3037.9736 -3255.1279 -3141.5813 -2903.2075 -2867.6279 -2788.3538 -2681.1682 -2795.6255 -2964.4438 -3183.9583 -3397.4167 -3413.7114 -3301.342 -3087.3071 -2844.2673 -2734.251 -2761.0176 -2833.2656 -3042.0266 -3196.6379 -3256.1858 -3067.9546 -2777.9268 -2966.3513 -3341.4651 -3334.7725 -3155.5117 -3106.3225 -3136.7974 -3128.6626 -3208.4829 -3326.3638 -3271.7468 -3257.2278 -3436.3916 -3650.0276 -3898.5979 -3942.7727 -3828.8452 -3672.9082 -3692.731 -3777.8188 -3928.3845
-2630.3677 -2633.3882 -2601.9238 -2588.3877 -2776.6614 -2822.8125 -2506.2861 -2357.7759 -2501.7073 -2648.8066 -2721.739 -3010.3989 -3031.9778 -3018.7776 -2890.2842 -2845.0862 -2716.6563 -2712.2754 -2901.8196 -2952.123 -2822.1526 -2905.5447 -3151.7256 -3333.6438 -3302.3369 -3171.4268 -3056.4233 -2913.0508 -2750.4512 -2689.1382 -2903.3721 -3025.9319 -3113.4875 -3092.895 -3070.4756 -3004.1418 -2873.614 -3005.4705 -3231.8979 -3215.5544 -3071.3154 -3005.6533 -3127.9165 -3250.126 -3342.3201 -3474.8706 -3466.6924 -3491.3892 -3696.9155 -3746.5173 -3750.1873 -3581.4995 -3457.0559 -3615.2505 -3747.0107 -3788.8984 -3797.8215
-2611.5811 -2583.1572 -2420.2527 -2323.9819 -2617.1921 -3096.5386 -2800.166 -2399.0359 -2438.0271 -2735.9087 -3076.1025 -3502.6804 -3149.7354 -2897.0891 -2537.4983 -2575.9355 -2537.6643 -2615.582 -2837.7637 -3123.0371 -3083.7876 -3108.533 -3201.0183 -3134.7559 -2987.7737 -2842.4272 -2805.2791 -2718.501 -2825.4121 -2889.6565 -2996.8933 -2946.6973 -2954.8848 -2975.4172 -3026.4805 -3058.1279 -2916.6194 -2884.6458 -3046.9456 -3172.4014 -3131.3979 -3004.783 -3143.0286 -3404.8845 -3528.717 -3534.9192 -3484.323 -3556.4939 -3773.6033 -3573.6155 -3409.9763 -3371.0774 -3353.1396 -3651.8633 -3806.6912 -3814.853 -3769.5479
-2538.0173 -2416.8687 -2333.1875 -2326.3477 -2523.0085 -3123.2253 -3032.0935 -2555.2363 -2601.6582 -2692.1707 -2716.1609 -3345.5823 -3098.3215 -2604.8938 -2464.7805 -2529.2581 -2530.9958 -2715.5183 -2907.8936 -3237.3235 -3291.2307 -3077.0989 -2936.6726 -2776.2898 -2658.7544 -2596.4087 -2758.0398 -2784.0986 -2910.178 -3032.5007 -2918.9255 -2685.0894 -2845.3367 -3022.5806 -2985.8123 -2959.6611 -2847.9888 -2739.3677 -2892.7529 -3202.1665 -3276.9189 -3149.3738 -3224.7302 -3489.7458 -3552.1514 -3379.8462 -3338.52 -3459.3035 -3573.5703 -3412.3088 -3411.4661 -3490.4851 -3450.1223 -3576.7834 -3764.8254 -3888.3181 -3951.7793
-2689.2319 -2542.5088 -2562.8955 -2637.9431 -2797.7058 -3193.0503 -3205.6963 -2908.9922 -2862.1006 -2543.5583 -2186.3967 -2816.8154 -3180.991 -2672.1267 -2429.1641 -2493.4968 -2731.4485 -3016.7454 -2885.1963 -2912.156 -3156.0188 -2968.8284 -2643.3887 -2507.9001 -2539.5513 -2640.8264 -2918.8879 -2964.0266 -2831.697 -2790.3799 -2700.4978 -2578.0493 -2834.7014 -3019.0999 -2947.9426 -2915.6929 -2927.6108 -2853.9341 -2888.6318 -3169.5632 -3322.4731 -3294.3083 -3273.1924 -3358.0701 -3405.8408 -3305.9421 -3343.8804 -3525.6838 -3483.3538 -3438.6125 -3551.6519 -3533.3662 -3452.5002 -3431.231 -3571.3521 -3844.1118 -3949.1396
-2777.4485 -2835.8564 -2916.4607 -3004.6606 -3125.9927 -3206.9529 -3145.6243 -3044.9617 -2831.8923 -2384.3696 -2134.188 -2508.9363 -3203.0164 -3268.9836 -2817.7349 -2728.9646 -2802.1489 -2899.9307 -2648.2512 -2514.7876 -2791.8455 -3050.0403 -2768.7271 -2555.3167 -2710.9988 -2865.895 -2986.8862 -2878.2791 -2638.3853 -2511.3438 -2525.1099 -2606.012 -2788.7454 -2896.7822 -2911.7441 -2909.5161 -2969.24 -2991.061 -2970.603 -3090.6226 -3193.313 -3177.1863 -3033.7288 -3012.4216 -3216.3545 -3307.0107 -3373.8254 -3564.8293 -3577.9087 -3534.2483 -3564.1597 -3453.6096 -3364.1448 -3363.8357 -3417.241 -3676.3364 -3702.616
-2838.676 -3143.3887 -3245.5845 -3163.4221 -3002.6377 -2810.0244 -2791.2605 -2806.533 -2637.7119 -2372.1196 -2426.6843 -2560.6948 -3053.0232 -3610.9873 -3163.2144 -2770.2815 -2593.9011 -2494.5759 -2509.4792 -2598.845 -2757.1807 -3180.3811 -3122.075 -2793.2813 -2769.0586 -2832.0903 -2858.0276 -2699.2566 -2595.043 -2505.2913 -2421.22 -2492.2578 -2625.0647 -2698.2871 -2771.145 -2870.5298 -2905.071 -2997.9177 -2969.615 -2996.2185 -3104.928 -3064.7993 -2916.0093 -2934.2097 -3139.8623 -3185.6875 -3248.0759 -3459.155 -3541.3667 -3536.9297 -3500.7146 -3358.5793 -3296.6167 -3275.9055 -3333.3564 -3558.2341 -3551.6289
