Resources/Map/Lvl0_30x30/Ele_FI.asc
ncols         335
nrows         335
xllcorner     6755000
yllcorner     -10075000
cellsize      10000
nodata_value  -99999.0
[rows 270 to 296 of 335, columns 180 to 239 of 335]
415.2869 412.667 409.8577 407.0204 404.9939 402.8018 400.8783 399.083 397.0113 395.404 393.6418 392.0903 391.221 389.9568 388.7547 388.0702 387.1976 386.9128 386.1535 385.3217 385.1563 385.7807 386.5539 387.9849 388.8568 390.0748 391.8257 393.6209 396.3958 399.9687 402.2795 405.3914 409.5473 414.5677 418.7677 423.8418 428.7144 434.0672 440.4972 446.3271 452.7724 459.1613 466.8441 473.9717 481.3507 489.3377 497.3042 504.7518 511.777 519.0982 527.2372 534.9264 542.066 549.2108 555.2802 560.4993 566.3513 571.9631 576.9173 580.7931
369.9731 367.2732 364.3426 362.3424 361.2288 359.9917 358.3112 357.0179 356.2636 355.5804 355.1413 354.6968 354.573 354.672 354.1789 354.4466 354.5261 354.468 354.1116 354.4133 354.7425 355.0137 355.2849 355.7867 356.5656 358.4791 359.8358 361.129 363.4019 366.2499 369.8521 373.2351 377.6442 382.7361 387.7496 393.9411 401.9821 410.4296 418.7301 426.7076 435.7622 445.4142 456.1769 467.022 477.8796 488.7253 499.686 509.8848 520.1791 530.3986 540.4257 549.637 558.1906 565.3058 571.5847 577.5659 583.7785 589.153 593.0801 595.1653
327.3503 322.5424 317.8038 313.8571 310.2318 307.0138 303.7957 300.726 298.3403 296.7599 295.5251 294.6986 294.5586 294.4238 294.3231 294.3231 295.7535 296.7465 297.4387 299.3972 301.1622 303.2453 305.198 307.97 311.2741 314.2449 317.4381 320.9312 325.1412 331.096 336.4896 341.5172 347.8014 354.2137 362.0989 371.2697 381.1302 390.5709 399.9415 410.2731 421.6895 433.7368 445.9185 458.1996 470.5281 481.8312 493.8022 505.3748 516.8647 528.3056 538.3364 547.2762 555.3065 562.5853 569.381 576.2418 581.7379 585.2014 587.8853 590.1357
327.3095 318.9363 311.3221 304.5582 297.7943 291.0304 284.4195 278.4883 273.6012 269.7991 265.686 261.9893 259.1915 257.1649 256.1823 255.5507 255.9074 256.916 257.4325 259.6094 262.3597 266.5057 270.3986 274.7717 278.9097 283.9114 289.9571 296.4551 303.2804 311.1176 317.2736 324.4911 333.0786 341.9334 350.7237 361.0667 369.7892 379.255 388.552 399.4683 410.079 420.7091 431.2843 441.7935 452.2329 461.86 472.0386 481.7424 491.5961 500.7852 508.1576 515.7021 522.7383 529.6274 535.9219 541.2448 545.1927 547.8314 551.0767 553.7283
415.4626 407.5361 400.0362 392.5362 384.8871 377.2054 370.0366 363.3954 357.2856 351.3093 345.1771 339.65 334.9594 330.7526 327.5652 324.6155 322.0302 320.3852 320.2924 320.9024 321.5938 323.3837 325.4353 327.7746 330.7609 334.4459 339.1389 343.2777 348.3531 354.1405 359.6044 365.4211 371.6287 378.7006 385.0271 392.6936 399.2758 406.3788 413.3347 420.9098 428.7555 436.157 442.5849 449.7466 456.6862 463.2839 469.8557 475.9955 482.1353 487.5366 492.2813 497.399 502.1764 506.4348 509.9779 512.6671 515.2542 517.7775 520.1672 521.8943
518.3128 513.2621 508.0679 502.8079 497.3063 491.5396 485.9538 480.0298 473.9571 468.2474 462.6306 457.4639 452.493 447.1916 442.6492 438.3569 434.6413 431.952 430.0389 427.7901 425.9523 425.3372 424.6778 424.8263 425.1274 425.7506 427.0178 428.6786 431.3418 433.6952 436.6949 439.4301 442.889 447.5489 451.3884 456.0908 460.535 465.1695 469.5166 474.7058 479.1811 483.7585 488.0331 492.7828 497.4153 501.7002 505.5229 509.0305 512.9064 516.3962 518.938 521.2831 523.8076 525.9827 527.3086 528.3306 529.3179 529.8801 530.4072 530.4059
545.5601 543.0209 540.3137 537.2593 534.2941 530.9716 527.3396 523.7012 520.1768 516.6816 512.9944 509.4111 505.4616 501.7661 498.4436 495.5547 492.424 489.5627 487.1638 484.8633 483.5677 482.5457 480.9937 480.2018 479.8966 480.2115 480.5943 481.2174 483.2032 484.6214 486.4239 488.8679 491.737 495.4198 498.8968 502.5685 506.1734 510.5777 514.6658 518.6151 522.3081 526.6794 530.6596 534.4811 538.1126 541.2828 544.7593 547.4354 550.6069 553.2104 554.5812 555.6032 556.9432 558.074 558.9202 559.5118 559.2453 558.3744 557.7531 556.9557
507.9489 506.9473 506.0849 504.6811 503.2209 501.9871 500.5572 498.9182 497.1677 495.4332 493.7943 492.1554 490.138 488.274 486.635 484.9961 483.3572 482.0105 480.934 480.2217 479.2864 478.5915 477.9746 478.5719 479.2135 480.1925 481.2145 482.0382 484.0311 486.0775 489.5393 492.6331 496.2483 499.0346 503.0553 506.6073 510.7896 515.3872 519.4753 523.5635 527.799 532.2379 535.8612 539.3967 542.6786 545.5555 548.8622 551.5232 553.7638 555.1357 556.1577 557.1797 558.2018 558.6933 558.8078 558.3259 557.9005 557.2818 556.2598 554.975
454.4141 454.575 454.8324 454.7623 454.6689 454.8666 455.0062 454.8391 454.7602 454.4338 454.0831 453.663 453.0684 452.4738 451.8793 451.2847 450.6902 450.5245 449.7652 449.5245 449.0571 448.9427 448.9427 449.9543 450.1062 450.6377 451.2322 452.7844 454.8107 456.0195 458.8214 461.46 464.0592 466.2078 469.441 472.7302 476.3256 479.7077 483.6285 486.8617 490.197 493.7029 496.9366 500.4168 503.0661 504.9979 506.8328 508.0219 508.9665 509.5611 510.1556 510.7502 510.9194 510.5723 509.8234 508.561 507.9577 506.8215 505.2125 502.823
408.0365 408.2519 408.7754 409.4652 410.2349 410.9494 411.9714 412.9935 413.7138 413.9167 414.4997 415.183 415.3568 415.6425 415.7969 416.102 416.237 415.9125 415.3718 414.8931 414.7969 414.7969 414.424 413.9742 413.9167 413.5146 413.0648 413.5726 414.2622 413.8369 414.4224 415.587 417.1515 418.2959 419.4404 420.7188 422.7979 424.5915 427.1063 428.7983 430.7642 432.598 434.5109 435.7778 436.1942 435.1991 434.661 433.5861 432.4217 431.3274 429.7736 428.1885 426.0459 423.6328 421.468 418.7748 416.2366 413.2207 409.7816 405.3543
387.6141 387.4364 387.371 387.9209 388.2626 388.5588 389.1087 389.6586 390.2085 390.4566 390.7703 391.3202 391.5327 391.882 392.3808 392.9057 393.0707 392.6741 392.5327 392.1123 392.3658 392.4566 392.0006 391.0491 390.9185 390.427 389.8771 389.8424 389.3154 389.2283 389.2283 389.2529 389.7977 390.2698 390.7419 391.2861 392.3802 393.7921 394.8141 395.7505 396.0028 395.2017 394.3642 392.2546 389.6122 386.573 383.4109 379.5521 375.1016 370.2545 365.007 360.0116 354.7834 349.3192 343.0846 336.1637 328.9218 321.7838 314.5182 306.9969
383.4056 382.7126 381.9005 381.406 380.6788 379.9009 379.4064 378.912 378.6783 378.4069 377.6303 377.2269 376.9235 376.7431 376.7648 376.4401 375.9456 376.1646 375.9243 375.8079 376.2226 376.3241 376.3241 375.8753 375.8079 376.2498 376.7443 377.2387 377.7332 378.7439 379.2269 379.2711 380.3278 382.2953 383.8118 385.3931 387.4091 389.2752 390.007 389.209 387.072 384.5335 381.8463 378.7701 375.1995 370.2957 363.9839 356.3885 348.3526 339.4866 331.0255 322.6881 313.0641 302.4125 290.6991 278.5009 266.014 253.6207 241.7325 230.3709
372.5471 371.7195 371.0086 369.9866 369.1925 368.6873 367.9318 366.9098 366.1541 365.0764 363.2494 362.1094 360.9656 359.7477 358.3823 356.8435 354.943 353.6163 351.8205 350.1512 348.6008 347.0505 345.5001 343.5101 341.443 339.8275 338.7386 337.6935 336.1531 334.5904 332.5 329.9613 328.4556 327.8598 326.8032 325.8128 325.1055 323.4441 320.9677 316.8589 312.6359 308.154 303.9086 299.4455 294.5094 287.5061 279.277 270.2872 261.3978 252.4347 243.5247 234.0913 223.6394 212.1578 200.4333 188.4182 176.1835 164.5724 154.0053 143.4844
360.4174 359.7801 359.3734 358.3513 357.5423 356.7538 355.4417 353.8806 352.6037 350.7248 348.4492 346.691 344.172 341.0497 337.5734 334.2776 330.4401 326.6847 322.6789 318.1225 313.0153 307.7927 302.5701 296.9368 291.2313 285.5258 280.2624 274.5347 268.3102 262.0639 254.8098 248.0581 240.895 235.2369 230.0706 224.9042 219.6642 213.921 207.7436 201.7163 195.8229 189.5581 184.1598 178.0276 171.9136 165.4833 158.5838 151.8147 145.1601 139.116 133.091 127.1006 120.8405 114.3377 107.835 100.7576 93.8295 87.2927 81.3744 75.1748
355.5387 354.69 353.9453 352.6877 351.3519 349.857 347.8129 346.0528 344.517 342.1198 339.9569 337.8095 334.2944 330.5628 326.7336 323.0587 319.2097 315.1497 311.1364 305.9386 300.4471 294.5238 288.9579 283.0103 276.979 271.4495 265.9795 259.0259 252.5107 246.5664 239.0761 232.5635 225.7093 220.2798 215.2705 210.2612 205.2518 199.9668 193.574 187.8812 181.639 175.4322 170.0339 163.9017 158.1017 152.4427 146.1253 140.493 135.0702 129.6598 124.6619 119.9865 115.0548 110.1137 104.9027 99.7484 94.5794 88.7497 83.5093 78.561
361.1275 360.6892 360.2509 359.8737 359.5168 359.1458 359.1357 359.3531 359.5753 359.3054 359.0743 358.7009 358.0592 357.3812 357.0335 356.8863 356.739 355.8545 355.4444 354.1808 353.3766 351.4942 350.6343 348.6827 347.0006 345.7847 344.6154 342.0779 339.8683 337.532 333.7451 330.3862 327.0564 324.187 321.7224 318.218 314.6246 310.1806 304.1341 298.4718 292.7839 286.9178 281.5195 275.2101 268.2571 260.7104 253.1337 246.0048 238.963 231.6633 224.2974 216.9214 209.5493 202.1796 194.5642 186.9271 179.5668 171.6484 164.2421 157.7591
377.6976 378.9098 380.122 381.763 383.8137 386.1048 389.1465 391.8859 394.3395 397.094 399.9343 402.7747 406.242 409.8402 413.1618 416.418 420.0984 423.2235 426.3729 429.3112 432.002 433.9803 436.9909 438.5083 441.1407 442.8975 444.5256 445.764 445.8143 446.592 445.7742 445.5484 445.2824 444.4338 443.1881 440.2014 437.5854 433.9585 429.7632 425.8824 421.4237 416.9025 411.5042 405.2457 398.2302 390.5983 383.6342 376.4339 368.6144 360.4381 351.7974 343.0855 334.4008 325.4184 316.7388 307.4651 298.6111 290.183 281.4716 273.352
378.9617 381.2423 383.9148 386.4888 389.2036 392.4518 396.2159 399.7871 403.1846 407.4401 411.7982 416.2583 420.8308 425.3126 429.9485 434.2389 438.1627 442.1854 446.2735 450.3617 454.1404 457.835 461.8559 464.7397 468.0988 470.2932 472.3373 474.3813 475.6708 477.6969 478.3199 478.7135 479.081 478.9912 477.9518 476.7402 475.2645 473.3458 470.9851 468.6335 465.1177 461.2182 456.6255 451.7502 446.9511 442.0114 436.5075 430.6054 423.6593 416.1114 408.6703 401.2454 393.8144 386.1751 378.7862 371.0709 363.1954 355.6475 347.8529 340.1667
328.6506 329.9387 331.3115 332.9204 334.7645 337.4809 340.0966 342.703 345.6217 348.9693 352.195 355.5867 359.1675 362.1916 365.6494 368.7649 371.7471 375.0811 378.5184 381.9558 384.8817 388.1939 391.0917 394.1161 396.6146 398.6981 401.3378 403.4229 404.8432 405.5982 405.9608 405.9608 405.9608 405.9282 405.5976 405.5489 404.9791 403.1283 400.5609 398.4361 395.7767 392.5087 389.5386 386.1012 382.573 378.3732 373.5026 368.6449 363.0107 357.158 351.7696 346.4525 340.7845 335.1103 329.8101 324.7706 319.1887 312.942 307.2545 301.6305
227.467 226.7582 225.8188 225.4947 225.3245 225.8221 226.2052 226.234 226.4238 226.2708 226.1564 226.3878 226.7616 226.9138 227.1677 227.3049 228.0449 229.0918 229.6386 230.527 231.2996 232.2793 233.0368 234.0316 234.7741 234.8704 235.8308 235.9201 235.6104 234.9443 234.2712 233.5981 232.925 232.3111 232.2375 231.5644 230.6821 228.6945 227.0428 225.5256 223.559 221.9299 220.2707 218.082 215.811 212.5083 209.5458 206.6678 203.5769 200.486 197.5536 194.6455 191.8894 188.7728 185.9252 183.4779 180.5322 177.23 174.2277 171.6958
118.0614 115.7874 113.5965 111.1837 108.7708 106.5091 103.928 101.1715 98.3919 95.1044 91.8558 88.7476 86.066 84.0948 81.9207 79.5079 77.8102 76.4194 74.786 73.3182 71.9274 69.975 68.4654 67.0746 65.6838 64.001 62.5826 60.8857 59.1683 57.452 56.4299 55.3768 53.7054 52.7732 52.6614 51.6393 50.5675 49.2757 48.2537 47.1607 46.0561 45.5484 44.6303 43.8651 42.6307 41.0687 39.72 38.3713 37.3087 36.3544 35.3217 34.3375 33.4973 32.4706 31.1485 30.3338 29.6805 29.0273 27.9381 27.2521
36.9038 33.2345 29.6339 25.85 22.0662 18.2824 14.3512 10.7799 7.1749 2.6928 -1.2942 -5.0895 -8.5506 -11.4234 -14.8564 -18.1534 -21.0066 -24.2861 -26.6992 -29.292 -31.4896 -33.7795 -36.4706 -38.6219 -40.6659 -43.3515 -44.7993 -47.4706 -49.5445 -50.1835 -51.9233 -53.6446 -54.9507 -56.0091 -57.3993 -58.4213 -59.4434 -60.4654 -61.347 -61.9631 -63.4588 -64.0689 -64.6921 -65.7843 -66.3219 -67.3439 -68.1017 -68.6858 -69.2874 -69.7298 -70.2874 -70.4323 -70.9423 -71.4454 -71.7497 -71.8829 -71.8829 -71.8829 -72.0737 -72.6461
-10.9666 -15.0547 -19.1429 -23.231 -27.6456 -32.1314 -36.2195 -40.1651 -44.1199 -48.769 -53.1353 -57.1084 -61.0236 -64.8297 -68.8211 -72.718 -75.4884 -78.0178 -80.2069 -82.4665 -84.5709 -86.615 -88.8928 -90.979 -93.0231 -95.3192 -97.129 -98.7261 -100.7512 -102.2434 -104.2875 -106.2858 -107.3079 -108.3547 -109.7088 -111.277 -111.6719 -112.6939 -113.6608 -114.5234 -115.76 -116.516 -116.8836 -118.0165 -118.6076 -119.1461 -119.7919 -120.1902 -120.7919 -120.9139 -121.4041 -121.7919 -121.9322 -122.0678 -122.0678 -122.0678 -122.0678 -122.0678 -122.5317 -122.9747
-43.5586 -47.1713 -51.2595 -55.0278 -58.8043 -62.6793 -66.3742 -70.4623 -74.1484 -78.0352 -82.2348 -85.8716 -89.6652 -92.7849 -95.8489 -99.1747 -101.6035 -104.1975 -106.4376 -108.4817 -110.5257 -112.5698 -114.6139 -116.6579 -118.702 -120.0646 -122.0442 -123.845 -125.8783 -127.9211 -129.2205 -131.2188 -132.2408 -133.2629 -134.3133 -135.527 -136.329 -137.4838 -138.9698 -139.3951 -140.4171 -141.1731 -141.2463 -141.7373 -142.6749 -143.5273 -144.1731 -144.5714 -145.1731 -145.1731 -145.291 -145.4271 -145.4271 -145.4271 -145.4271 -145.4271 -145.4271 -145.4271 -145.5899 -145.6812
-61.8371 -65.2879 -69.0638 -72.2676 -75.7845 -79.7629 -83.3486 -86.6521 -90.2442 -93.7945 -97.5456 -101.0287 -104.2404 -107.2424 -110.227 -113.2931 -116.1931 -119.1931 -120.917 -122.7762 -124.2035 -125.4628 -127.3728 -129.4169 -130.7765 -131.8237 -133.7813 -135.0901 -137.1017 -138.3763 -139.422 -141.4203 -142.4424 -143.4644 -144.5723 -146.2763 -147.1786 -147.7305 -149.3746 -149.5966 -150.6187 -151.3746 -151.5958 -152.4525 -153.2195 -153.7288 -154.3746 -154.7729 -155.3746 -155.3746 -155.7312 -156.1424 -156.1424 -156.1424 -156.5666 -156.9102 -156.9102 -156.9102 -156.9102 -156.9102
-68.5329 -72.1832 -75.6999 -79.573 -83.541 -87.6292 -91.6132 -95.0782 -98.6832 -102.6534 -106.6492 -110.61 -113.988 -117.0541 -119.5903 -122.3967 -124.898 -127.1571 -129.0967 -131.0901 -132.9652 -134.7943 -136.1325 -138.0561 -139.2086 -140.952 -142.2392 -144.0309 -146.0661 -147.1098 -148.9251 -150.1525 -151.1746 -152.1966 -153.1539 -153.6614 -154.6506 -155.392 -155.8958 -156.7495 -157.5788 -157.948 -158.8156 -159.5927 -160.0002 -160.8817 -161.5275 -161.9258 -162.5275 -162.8768 -163.4148 -163.9116 -164.3172 -164.3172 -164.8697 -165.3172 -165.3172 -165.3172 -165.8231 -166.1068
-88.6321 -92.1305 -95.7726 -99.0313 -102.6559 -106.3604 -109.6191 -112.7805 -115.9482 -119.207 -122.4657 -125.2335 -128.0536 -130.5929 -132.7031 -134.8779 -136.9798 -139.6221 -141.8794 -143.9235 -145.9676 -148.0116 -149.2083 -151.0998 -152.9758 -154.9994 -156.1079 -158.0876 -160.1316 -161.9858 -163.1768 -163.4437 -165.1851 -165.4507 -166.4516 -167.3062 -168.3283 -169.3168 -170.0215 -170.3944 -171.1723 -171.2225 -171.649 -172.3609 -172.6931 -173.4276 -173.5494 -173.9477 -174.5494 -174.9917 -175.1725 -175.2243 -175.7379 -175.7379 -175.842 -175.9264 -176.4106 -176.2358 -176.0472 -176.6527
