Resources/Map/Lvl0_30x30/Ele_CJ.asc
ncols         335
nrows         335
xllcorner     10105000
yllcorner     -25000
cellsize      10000
nodata_value  -99999.0
[rows 297 to 323 of 335, columns 0 to 59 of 335]
-3007.6094 -3268.6824 -3629.27 -3916.1206 -4077.9956 -4141.7749 -4109.79 -4168.8501 -4190.728 -4166.6377 -4117.9121 -4145.4766 -4140.4521 -4141.0039 -4148.4556 -4157.7881 -4155.668 -4172.3589 -4198.0322 -4222.3335 -4255.0181 -4290.0015 -4301.896 -4342.7148 -4428.7886 -4459.7417 -4476.5078 -4511.9634 -4552.6934 -4597.395 -4573.2573 -4493.4326 -4266.3315 -3806.7563 -3350.9932 -2894.1255 -2446.1509 -1999.7423 -1615.2455 -1541.546 -1602.0625 -1425.7428 -1257.0349 -1312.2314 -1326.2086 -1186.9545 -946.5814 -724.327 -530.2734 -449.2639 -679.5678 -921.9093 -980.3758 -572.0231 -242.8173 -540.834 -549.963 -617.8736 -802.6008 -974.4512
-2919.1289 -3260.3015 -3613.7146 -3876.248 -4044.813 -4114.1187 -4117.4243 -4164.7866 -4164.2554 -4159.9351 -4140.583 -4149.3564 -4157.3276 -4152.0068 -4149.6255 -4152.1152 -4175.8926 -4210.1885 -4212.9561 -4223.3267 -4244.8066 -4245.7334 -4232.2563 -4311.2344 -4471.3984 -4486.8115 -4464.1094 -4515.77 -4509.8271 -4578.6704 -4557.792 -4458.3037 -4374.4033 -4284.9233 -4091.1772 -3681.3186 -3119.407 -2447.1438 -1927.3511 -1776.2311 -1858.4969 -1697.0491 -1353.0321 -1192.5692 -1097.6383 -993.5459 -817.85 -710.2888 -522.8688 -318.0465 -305.1102 -364.8144 -538.0685 -416.3655 -218.0932 -297.7195 -230.7278 -425.9629 -761.8786 -940.1069
-2803.6589 -3123.6533 -3431.6846 -3723.8899 -3902.1079 -3986.8606 -4112.2891 -4179.8159 -4167.6138 -4153.0488 -4160.5723 -4152.8174 -4160.9507 -4156.3882 -4162.7554 -4147.0347 -4182.8433 -4228.1685 -4217.3242 -4232.7632 -4241.791 -4235.8247 -4198.2593 -4292.4175 -4449.0063 -4463.3569 -4383.5854 -4432.7251 -4442.7686 -4538.2529 -4594.061 -4516.3228 -4461.165 -4531.9541 -4498.3745 -4205.7461 -3713.071 -3096.8335 -2522.1953 -2075.8298 -1958.9521 -1859.7218 -1522.3566 -1165.4706 -818.8496 -687.9797 -608.7889 -577.0193 -496.9359 -482.252 -364.3665 -168.7228 -199.6458 -260.3273 -138.1197 -53.6177 -59.0872 -249.8914 -574.8265 -833.4019
-2646.739 -2890.116 -3241.075 -3634.7791 -3860.1611 -3948.4761 -4122.0425 -4212.9253 -4221.8872 -4163.5049 -4140.4473 -4121.1768 -4169.46 -4170.9854 -4180.1436 -4174.2856 -4172.2441 -4201.0347 -4221.6265 -4230.4111 -4235.8984 -4236.1812 -4219.5015 -4284.9795 -4367.2822 -4387.5806 -4315.5508 -4360.9058 -4399.0405 -4454.8696 -4517.6309 -4535.5796 -4555.4785 -4587.8696 -4623.21 -4507.2163 -4232.4248 -3841.0234 -3312.3894 -2626.9536 -2249.6721 -2056.9932 -1737.5436 -1258.0696 -886.9587 -764.783 -708.9785 -630.0184 -502.6291 -631.8503 -709.117 -468.4748 -220.3631 -155.5907 -62.0285 13.485 37.9632 -72.5885 -235.941 -601.9944
-2493.5593 -2768.0757 -3137.04 -3571.8794 -3838.6216 -3960.6838 -4217.1787 -4244.5054 -4206.1782 -4194.4829 -4149.8853 -4112.894 -4183.0366 -4181.6738 -4183.0127 -4190.522 -4174.7832 -4170.1807 -4210.6465 -4223.8823 -4226.3618 -4225.0718 -4248.5503 -4312.4834 -4389.1499 -4380.3721 -4331.7119 -4343.9121 -4368.8975 -4402.1255 -4432.5361 -4506.3247 -4642.6802 -4637.585 -4652.6113 -4635.9556 -4523.1978 -4407.957 -4054.1006 -3361.9663 -2730.9089 -2268.1694 -2009.0668 -1578.7917 -1340.8363 -1181.9806 -990.0377 -957.8287 -959.0383 -985.1759 -927.5748 -894.1902 -552.638 -184.8421 -18.2593 61.6897 142.8103 18.24 -30.3509 -200.1918
-2516.7161 -2859.3328 -3219.8662 -3640.5012 -3922.355 -4027.9609 -4287.3579 -4307.686 -4211.6401 -4238.1387 -4203.4482 -4131.8477 -4195.8525 -4201.6362 -4212.293 -4183.4136 -4165.1294 -4193.9956 -4242.8979 -4251.5723 -4239.9004 -4242.3979 -4281.7998 -4316.3394 -4347.5332 -4331.1504 -4318.2446 -4324.0112 -4352.394 -4411.1958 -4443.354 -4538.4053 -4664.4429 -4625.5884 -4652.5967 -4672.147 -4623.9185 -4645.3257 -4530.9819 -4078.178 -3504.7891 -3018.6829 -2609.3413 -2166.0042 -1818.1259 -1648.4895 -1508.8082 -1271.3708 -1265.1733 -1409.7985 -1215.9663 -1055.7987 -820.7671 -334.002 -60.4078 25.5651 129.4616 142.1955 68.0918 7.2526
-2686.7671 -2994.4255 -3291.2908 -3684.6907 -3986.5269 -4077.2842 -4233.4771 -4268.9888 -4204.7661 -4209.3027 -4243.562 -4183.1899 -4194.8428 -4208.0483 -4212.73 -4185.0469 -4188.9902 -4213.9565 -4228.7456 -4265.7017 -4267.5181 -4246.8599 -4285.146 -4354.5405 -4368.873 -4325.1084 -4295.0376 -4288.7803 -4338.0293 -4427.52 -4429.6484 -4485.0713 -4646.2646 -4656.8569 -4663.6943 -4680.8198 -4688.6299 -4734.9473 -4769.2617 -4648.1875 -4382.9751 -4034.6782 -3688.4978 -3151.9368 -2479.283 -2122.7854 -1880.092 -1595.4503 -1412.8245 -1394.6356 -1483.9287 -1252.8458 -1094.4249 -748.2416 -322.0312 -100.3925 -16.7955 29.2972 118.3353 30.9506
-2758.8533 -3086.5532 -3342.9751 -3655.3071 -3984.1846 -4132.4644 -4107.1035 -4222.9326 -4235.2471 -4190.332 -4277.585 -4281.8394 -4231.4683 -4217.4292 -4231.9287 -4223.4883 -4218.8247 -4217.2754 -4212.8032 -4261.1069 -4283.3423 -4266.8491 -4322.7554 -4381.4243 -4363.4072 -4314.9946 -4273.9111 -4276.3862 -4337.4136 -4504.438 -4580.2017 -4521.3057 -4612.9063 -4679.9634 -4680.1309 -4695.9053 -4689.2305 -4707.0977 -4782.9023 -4795.1265 -4769.9678 -4681.3193 -4565.7427 -4198.6133 -3298.9226 -2660.7656 -2312.5632 -1905.6755 -1545.9711 -1392.9631 -1522.7247 -1438.5565 -1273.2733 -946.033 -696.0569 -614.9487 -437.7393 -244.9315 -42.7216 29.2323
-2920.7744 -3210.4167 -3442.4343 -3709.1826 -3943.1836 -4135.3135 -4101.2109 -4162.2954 -4242.0562 -4188.4146 -4235.1772 -4263.6201 -4232.2285 -4234.8735 -4244.8203 -4238.708 -4242.9878 -4255.4824 -4252.9863 -4264.3481 -4279.9341 -4276.7407 -4318.7104 -4363.9419 -4373.6338 -4327.8335 -4289.708 -4281.7886 -4320.9199 -4425.1851 -4510.498 -4518.3789 -4579.4536 -4634.3979 -4659.7612 -4678.2871 -4672.8018 -4717.0513 -4780.6455 -4790.0527 -4806.4199 -4826.1021 -4835.5557 -4706.23 -4167.9346 -3516.0674 -3019.7295 -2612.3005 -2182.4351 -1806.5485 -1587.8535 -1508.9739 -1504.261 -1144.2687 -869.9821 -918.1037 -1005.8198 -956.8639 -456.6462 -79.371
-3092.7571 -3224.0439 -3391.9102 -3755.936 -4007.8728 -4174.793 -4279.3755 -4224.1514 -4239.2183 -4223.4512 -4200.8745 -4190.4302 -4216.2148 -4256.4907 -4270.8105 -4264.3618 -4259.3481 -4279.7075 -4288.2769 -4273.9058 -4284.0386 -4278.5444 -4306.9819 -4356.5747 -4369.1577 -4324.5444 -4289.4658 -4280.9219 -4341.0078 -4405.5425 -4462.5776 -4492.8145 -4531.0864 -4575.2524 -4604.2349 -4604.957 -4664.9224 -4725.085 -4742.0171 -4766.9971 -4797.3882 -4842.8315 -4863.7598 -4825.688 -4697.9233 -4470.2822 -4082.6899 -3858.4543 -3628.834 -3123.6851 -2485.293 -1944.1991 -1582.4637 -1387.2148 -1339.8872 -1275.6002 -1523.332 -1678.4507 -1120.5431 -446.4105
-3166.6262 -3183.7559 -3392.95 -3751.1567 -3930.5923 -4110.0591 -4370.0776 -4202.9014 -4162.5459 -4221.563 -4215.9517 -4172.1782 -4226.3735 -4259.9336 -4288.5464 -4294.4585 -4289.5835 -4281.3022 -4283.3706 -4287.1206 -4289.8462 -4277.647 -4331.0674 -4391.312 -4357.3096 -4301.1455 -4279.4443 -4287.0952 -4340.7471 -4370.6621 -4402.2129 -4433.1289 -4482.2251 -4510.3823 -4555.2964 -4592.3813 -4642.3804 -4697.2534 -4729.6646 -4748.3555 -4778.7969 -4879.8198 -4906.0688 -4862.8564 -4876.0781 -4907.6118 -4848.4019 -4819.2632 -4790.0405 -4602.749 -4102.2876 -3310.1899 -2309.2056 -1985.0157 -2116.4583 -1833.8496 -1984.6096 -1981.8396 -1350.446 -707.1939
-3179.1926 -3383.1145 -3728.1162 -3945.8052 -3926.5151 -4075.8953 -4320.4351 -4132.7529 -4161.394 -4254.1616 -4241.2964 -4243.771 -4259.2271 -4258.9438 -4270.8716 -4271.688 -4287.0029 -4296.7339 -4324.6646 -4330.124 -4315.9395 -4286.7227 -4314.8564 -4352.0112 -4326.0103 -4280.8877 -4264.9819 -4282.9478 -4329.0254 -4354.3066 -4372.4268 -4391.7188 -4450.248 -4491.2261 -4526.4326 -4554.606 -4591.1543 -4640.6284 -4680.5605 -4687.7192 -4708.6753 -4810.2417 -4843.877 -4873.6196 -4937.6167 -4847.4316 -4908.3223 -4950.1392 -4941.4155 -4938.252 -4881.5015 -4588.3706 -3899.708 -3302.7805 -3024.033 -2601.8069 -2467.9199 -2184.843 -1538.8151 -940.8539
-3587.3335 -3824.6563 -4029.0979 -4057.0928 -4040.8154 -4215.022 -4263.1499 -4160.9443 -4239.1382 -4325.1631 -4257.144 -4268.0015 -4274.6626 -4264.4297 -4268.4961 -4268.3638 -4298.8315 -4296.835 -4337.9614 -4345.8403 -4334.7871 -4306.5049 -4321.3071 -4321.7251 -4299.957 -4270.999 -4275.6953 -4293.2017 -4321.8291 -4346.1895 -4370.6675 -4389.3164 -4420.8418 -4464.4312 -4500.8765 -4522.4517 -4591.4966 -4659.1567 -4638.7261 -4622.0498 -4648.1499 -4714.3389 -4751.8154 -4813.9233 -4840.9126 -4793.27 -4928.8486 -4959.0469 -4939.1357 -5033.4722 -5023.4619 -5010.6216 -5010.7231 -4486.5806 -4164.4277 -3893.6426 -3360.7817 -2572.4077 -2093.99 -1622.7411
-3813.2454 -3941.752 -4071.5801 -4117.7275 -4189.6685 -4343.9482 -4305.999 -4260.8066 -4275.8384 -4328.939 -4283.1865 -4288.0869 -4299.5786 -4266.3462 -4264.7544 -4258.3555 -4307.8218 -4309.3477 -4319.7969 -4332.8911 -4329.5298 -4292.958 -4321.2925 -4318.6147 -4287.333 -4270.5996 -4281.2803 -4296.7871 -4323.9448 -4335.7637 -4363.0112 -4386.791 -4405.7969 -4430.8911 -4459.6621 -4494.7817 -4594.4463 -4654.9492 -4600.9346 -4550.2075 -4567.4878 -4650.2349 -4681.3184 -4711.3599 -4732.5488 -4772.2856 -4837.3857 -4877.4692 -4936.5146 -4985.4429 -4973.6055 -5099.7925 -5179.3633 -4921.3467 -4805.1353 -4614.7124 -4291.3164 -3399.3689 -2658.8523 -2229.9407
-3767.9268 -3881.3943 -4108.2886 -4210.4717 -4335.9487 -4386.2939 -4238.27 -4273.3716 -4341.7246 -4330.6328 -4298.7725 -4284.7754 -4284.9038 -4257.3735 -4263.3345 -4267.0786 -4349.5811 -4322.5947 -4327.7261 -4339.8066 -4333.0166 -4303.4624 -4325.9028 -4322.0054 -4286.8862 -4262.5391 -4281.5073 -4302.9941 -4318.7534 -4329.5479 -4349.8291 -4370.9419 -4390.9453 -4410.5166 -4435.4043 -4466.0811 -4569.8384 -4652.0137 -4583.9443 -4524.0146 -4522.9829 -4585.1465 -4635.873 -4642.6191 -4643.1323 -4666.2935 -4732.3154 -4843.6602 -4875.9302 -4946.4116 -4990.2505 -5034.335 -5011.23 -4973.1885 -4957.5952 -4737.917 -4633.0679 -4090.1553 -3386.3806 -2779.6519
-3870.457 -4020.1353 -4189.9229 -4279.6108 -4377.7114 -4377.0142 -4298.9409 -4332.4097 -4326.333 -4303.7676 -4284.2783 -4280.333 -4276.1948 -4255.4683 -4250.6572 -4263.6162 -4380.5767 -4331.8569 -4328.2842 -4329.5454 -4332.8389 -4332.9102 -4344.9536 -4331.3086 -4305.5952 -4284.686 -4288.6206 -4313.1338 -4335.9614 -4343.9756 -4345.3618 -4357.4839 -4375.9502 -4396.374 -4419.3413 -4458.2021 -4562.1743 -4593.3872 -4513.208 -4491.2808 -4504.4409 -4575.5249 -4602.8638 -4590.9761 -4624.7227 -4586.8486 -4639.4482 -4749.3315 -4788.3315 -4915.9131 -5049.377 -5067.9536 -4930.6479 -4951.1333 -4875.9312 -4615.2715 -4870.3662 -4486.9526 -4116.6152 -3448.3914
-4168.3677 -4287.8345 -4278.1392 -4302.7407 -4468.875 -4407.9604 -4379.5752 -4374.1934 -4367.6826 -4320.4209 -4273.9429 -4260.8687 -4274.0977 -4251.71 -4233.0718 -4239.2183 -4325.999 -4315.7329 -4321.5952 -4333.3667 -4334.0918 -4334.6406 -4342.8413 -4333.3203 -4308.7651 -4295.1729 -4306.0244 -4327.0015 -4337.6924 -4341.2471 -4344.9604 -4354.7769 -4365.1045 -4375.9033 -4405.542 -4470.6133 -4567.8882 -4548.0527 -4464.6978 -4449.312 -4464.1196 -4529.9243 -4538.1465 -4532.5239 -4518.6489 -4456.1519 -4588.3379 -4713.644 -4794.2524 -4859.8779 -5011.9585 -4981.3711 -4811.4209 -4854.4907 -4789.2002 -4539.0562 -4970.6265 -4839.5132 -4593.1592 -4081.8589
-4408.855 -4457.3125 -4336.0527 -4351.3091 -4637.4873 -4450.9526 -4381.9365 -4401.2861 -4383.29 -4312.1689 -4247.5889 -4209.812 -4247.3652 -4244.6885 -4238.895 -4243.4829 -4275.041 -4287.4312 -4308.4985 -4339.582 -4336.0142 -4344.0366 -4352.7002 -4338.791 -4320.1631 -4310.1792 -4316.2632 -4325.1421 -4335.042 -4343.0356 -4351.8589 -4357.5488 -4360.4536 -4364.5952 -4381.5303 -4409.8086 -4475.1328 -4493.7607 -4447.0166 -4425.7524 -4442.7607 -4458.9199 -4447.9858 -4474.1582 -4459.377 -4417.626 -4541.5122 -4659.5576 -4825.9375 -4849.4766 -4920.8911 -4906.6284 -4751.6509 -4710.4033 -4718.5596 -4723.7324 -4879.9019 -4997.6934 -5004.1709 -4746.4697
-4444.9941 -4429.1387 -4258.8394 -4388.6211 -4721.3979 -4493.6079 -4452.4966 -4507.6201 -4480.5903 -4396.8784 -4269.8062 -4178.5049 -4212.5195 -4246.2329 -4256.7827 -4264.5967 -4299.1162 -4308.6167 -4319.7388 -4344.9946 -4349.6377 -4361.4863 -4357.8892 -4342.3672 -4327.4902 -4313.0562 -4316.7065 -4324.6421 -4332.3389 -4344.8296 -4357.9775 -4361.582 -4363.5742 -4363.8467 -4365.647 -4381.9443 -4419.4795 -4417.0669 -4400.3047 -4399.2651 -4410.5142 -4408.1191 -4387.0566 -4409.2056 -4443.2339 -4430.0703 -4513.7881 -4602.1035 -4798.9526 -4882.8174 -4892.5454 -4887.5464 -4665.9116 -4592.8857 -4554.8818 -4725.6025 -4785.1807 -4951.1714 -5101.1992 -5047.0532
-4389.1992 -4386.2827 -4289.605 -4503.0801 -4789.2373 -4594.8936 -4591.3818 -4624.6753 -4651.082 -4548.2119 -4328.6621 -4256.2822 -4258.2441 -4288.4028 -4305.0376 -4328.582 -4352.6602 -4338.5874 -4332.0679 -4344.811 -4357.7275 -4372.2344 -4366.8081 -4344.8135 -4332.8545 -4323.4048 -4326.5127 -4333.9639 -4341.2412 -4351.499 -4363.292 -4363.9253 -4363.4351 -4357.0693 -4351.4648 -4366.9976 -4401.8853 -4389.6333 -4373.2739 -4377.25 -4380.1328 -4382.5405 -4375.998 -4388.7793 -4434.1001 -4433.103 -4543.1279 -4583.5967 -4686.9521 -4819.8931 -4764.3882 -4720.814 -4524.457 -4507.2129 -4518.3887 -4558.8545 -4678.353 -4915.9082 -5114.4336 -5176.5986
-4303.5444 -4330.0874 -4397.2393 -4641.8442 -4809.0679 -4650.9775 -4611.2808 -4727.4316 -4821.1001 -4583.1587 -4345.9565 -4346.3267 -4350.7461 -4353.2129 -4353.6533 -4385.5894 -4389.8872 -4347.7788 -4331.9346 -4346.2344 -4361.6587 -4372.8188 -4367.2485 -4341.3989 -4332.3247 -4334.4409 -4339.3413 -4346.4443 -4350.7358 -4356.894 -4366.3267 -4364.4995 -4358.9111 -4349.0518 -4340.4043 -4340.9028 -4353.5171 -4353.3662 -4352.438 -4359.8657 -4360.7324 -4351.4346 -4345.1152 -4383.7671 -4437.7021 -4451.5 -4602.4141 -4612.8672 -4547.752 -4684.8027 -4663.7959 -4660.3081 -4527.7261 -4463.1699 -4593.1304 -4567.8975 -4632.1499 -4890.2798 -5093.168 -5288.3003
-4348.4019 -4339.6357 -4376.8906 -4680.9956 -4785.6074 -4639.9209 -4618.9185 -4718.144 -4778.0894 -4676.415 -4544.6611 -4509.2769 -4439.4194 -4366.1138 -4365.7432 -4391.2002 -4398.7349 -4373.0396 -4351.0244 -4354.7168 -4367.5142 -4375.5132 -4367.667 -4350.4741 -4341.5435 -4344.3442 -4349.4077 -4351.7285 -4352.248 -4361.4102 -4371.9531 -4367.564 -4358.9238 -4339.8857 -4322.313 -4322.6201 -4328.7661 -4330.2153 -4330.3262 -4329.4473 -4337.1968 -4338.2007 -4336.0098 -4373.2925 -4423.8232 -4443.9351 -4503.3174 -4541.3579 -4456.3462 -4540.9712 -4578.7559 -4540.2729 -4453.0278 -4370.8657 -4503.4102 -4621.2178 -4736.2305 -4902.5396 -5070.9937 -5271.501
-4359.186 -4389.3887 -4403.5591 -4645.3848 -4675.6929 -4560.0308 -4617.2842 -4634.8501 -4672.4272 -4710.3989 -4630.1963 -4560.7397 -4454.8208 -4384.0464 -4391.9775 -4414.021 -4400.4414 -4388.7139 -4369.728 -4363.0454 -4371.939 -4380.0938 -4372.9614 -4357.272 -4350.6421 -4350.7026 -4351.2583 -4351.5098 -4357.5903 -4370.7515 -4375.7759 -4367.7559 -4363.1929 -4340.1104 -4319.0161 -4324.0054 -4318.7046 -4313.019 -4318.1157 -4321.8013 -4337.2813 -4346.2783 -4357.9722 -4383.4692 -4402.8271 -4429.3931 -4464.6514 -4487.8809 -4425.0313 -4475.3125 -4578.8472 -4473.8501 -4409.1309 -4405.1138 -4436.8311 -4621.7192 -4773.02 -4895.5845 -5068.6274 -5142.543
-4247.7935 -4341.1426 -4413.6284 -4568.4761 -4566.5303 -4474.5576 -4536.668 -4530.6396 -4555.6113 -4593.5645 -4524.4731 -4494.1084 -4438.3711 -4399.1938 -4409.0469 -4410.2471 -4401.5737 -4401.8037 -4390.625 -4383.1367 -4387.1567 -4389.9004 -4382.231 -4365.3467 -4365.5933 -4365.0005 -4363.2422 -4362.3267 -4366.2827 -4380.4653 -4381.6367 -4372.2686 -4371.4609 -4346.6631 -4329.0181 -4337.8745 -4324.8711 -4311.3555 -4319.2207 -4330.125 -4341.8857 -4355.9438 -4380.1274 -4396.1938 -4392.2725 -4407.8159 -4431.2212 -4441.4517 -4420.5815 -4442.0879 -4496.4263 -4432.2422 -4413.6387 -4469.978 -4431.7471 -4639.1055 -4764.5156 -4844.9868 -4944.8765 -5035.3711
-4173.3076 -4246.5327 -4356.5771 -4478.7197 -4491.8726 -4453.541 -4517.875 -4485.8174 -4475.2573 -4535.5605 -4487.563 -4458.0776 -4434.9419 -4414.5981 -4417.4658 -4398.3203 -4406.7305 -4421.6826 -4407.0859 -4398.0864 -4398.0098 -4393.2358 -4384.5371 -4370.0859 -4380.2168 -4382.1152 -4375.9937 -4374.4922 -4378.5991 -4392.7417 -4390.7607 -4382.5977 -4379.4854 -4353.7793 -4339.8687 -4349.124 -4341.48 -4332.3052 -4329.2031 -4332.5425 -4336.5952 -4353.7598 -4382.9487 -4398.1519 -4402.4004 -4412.2227 -4419.5908 -4410.9478 -4419.4102 -4419.4185 -4398.9048 -4359.687 -4361.231 -4431.1938 -4466.8145 -4634.0171 -4743.709 -4778.3633 -4800.4692 -4968.2466
-4202.5962 -4226.04 -4320.4292 -4486.2227 -4525.0977 -4430.624 -4472.6465 -4447.4731 -4439.7061 -4472.9663 -4446.2847 -4435.0225 -4434.3057 -4435.3955 -4436.9355 -4411.8589 -4422.7993 -4433.6694 -4416.7627 -4405.3364 -4404.6089 -4396.3721 -4391.2559 -4375.8198 -4380.7334 -4392.8154 -4389.9702 -4389.9834 -4396.3511 -4403.4297 -4397.502 -4389.9731 -4381.5132 -4360.7319 -4354.5249 -4363.1108 -4359.1597 -4351.2295 -4342.9897 -4340.1904 -4340.7271 -4357.2671 -4380.563 -4394.9971 -4406.481 -4418.1113 -4440.2861 -4412.5649 -4402.3398 -4394.6621 -4374.9302 -4361.2666 -4355.5088 -4389.5259 -4436.3735 -4591.5103 -4735.8706 -4698.3252 -4631.4404 -4815.0181
-4249.6084 -4285.9487 -4348.625 -4464.4365 -4550.0723 -4451.5767 -4487.2739 -4480.0903 -4442.9839 -4433.7627 -4437.4443 -4432.8726 -4439.7974 -4460.1309 -4463.6685 -4443.3413 -4451.3687 -4446.5503 -4427.1094 -4416.4175 -4416.6431 -4408.4741 -4402.8115 -4398.1328 -4400.7656 -4406.1836 -4406.9023 -4408.9897 -4412.3047 -4412.9204 -4405.9282 -4391.8765 -4377.2046 -4362.6504 -4365.6973 -4376.7729 -4373.4717 -4364.2583 -4361.1421 -4355.5161 -4352.8452 -4362.0171 -4376.2681 -4393.6382 -4403.2822 -4417.271 -4438.4033 -4425.0767 -4399.2827 -4379.5181 -4360.29 -4370.5415 -4367.9487 -4359.3691 -4392.0874 -4480.0156 -4625.5981 -4585.1855 -4528.833 -4647.5059
