Resources/Map/Lvl0_30x30/Ele_EJ.asc
ncols         335
nrows         335
xllcorner     10105000
yllcorner     -6725000
cellsize      10000
nodata_value  -99999.0
[rows 50 to 74 of 335, columns 0 to 56 of 335]
-4120.4136 -4138.3042 -4119.6904 -4105.5645 -3934.4521 -3874.4268 -3955.6597 -4195.9102 -4360.8359 -4267.8984 -4215.1982 -4124.7461 -3906.6765 -3877.9443 -4160.9648 -4454.7471 -4453.8657 -4336.9785 -4347.1597 -4366.9468 -4315.9468 -4268.8369 -4302.145 -4436.0791 -4465.3813 -4399.6113 -4332.6367 -4308.9927 -4260.4375 -4036.875 -4032.4702 -4336.2744 -4571.7651 -4541.0117 -4430.5762 -4489.2979 -4596.1924 -4589.7603 -4601.481 -4620.8657 -4405.4272 -4276.9126 -4382.499 -4445.5552 -4454.4604 -4438.3276 -4411.6953 -4451.105 -4495.064 -4430.458 -4457.957 -4551.52 -4548.8657 -4505.8467 -4526.3325 -4603.3052 -4669.7017
-4055.5933 -4126.8311 -4111.5454 -4045.6777 -3959.8274 -3893.0586 -4008.6299 -4236.02 -4418.9678 -4471.6509 -4384.3403 -4102.311 -3905.0938 -3968.2979 -4123.7534 -4333.3477 -4380.5459 -4198.4941 -4082.645 -4173.3281 -4226.7227 -4255.6167 -4316.8999 -4342.5967 -4370.3008 -4378.5059 -4321.2153 -4292.9922 -4242.019 -3970.2715 -3776.0901 -4002.9934 -4423.7729 -4550.0854 -4466.2627 -4453.4873 -4454.29 -4433.6147 -4582.6284 -4689.4336 -4553.209 -4414.272 -4409.96 -4460.3545 -4471.6865 -4421.7871 -4348.082 -4367.0464 -4468.2588 -4440.7998 -4485.5601 -4639.3809 -4595.4072 -4525.5806 -4513.7471 -4543.2549 -4634.1563
-4011.4321 -4090.2368 -4037.929 -3948.7776 -3933.8838 -3932.3616 -4080.1519 -4190.1904 -4279.5103 -4292.8135 -4227.0811 -3969.208 -3735.0769 -3841.7092 -3964.2432 -4132.4897 -4353.6196 -4211.4136 -3896.5571 -3999.9812 -4168.0977 -4264.6919 -4324.2251 -4240.3013 -4235.543 -4289.3813 -4301.8862 -4281.1567 -4130.7427 -3961.8838 -4040.5347 -4307.1367 -4526.5879 -4556.249 -4436.7598 -4300.4868 -4174.5615 -4125.2432 -4314.5347 -4424.0068 -4423.4224 -4357.6304 -4314.4233 -4402.8809 -4464.0313 -4425.8374 -4404.1646 -4448.6919 -4516.6851 -4500.9985 -4480.8921 -4571.0923 -4569.5557 -4540.1157 -4580.9399 -4691.2661 -4650.3882
-3941 -3996.5256 -3922.1523 -3793.9126 -3844.8254 -3969.5239 -4112.4155 -4089.2925 -4067.7524 -4134.3813 -4085.4026 -3920.012 -3702.2083 -3780.1453 -4016.9768 -4257.0386 -4448.3901 -4262.4077 -3849.5815 -3905.6235 -4066.2095 -4147.209 -4181.0449 -4152.2432 -4228.4556 -4284.9106 -4233.6968 -4110.5039 -3932.9182 -3994.5806 -4271.5752 -4392.0942 -4360.1143 -4381.2031 -4366.5454 -4265.9175 -4097.6802 -3997.5632 -4230.9331 -4431.3838 -4421.3887 -4327.939 -4317.4946 -4438.4067 -4479.4849 -4444.1997 -4406.3242 -4421.9766 -4459.8164 -4499.8945 -4470.936 -4521.9785 -4544.8247 -4433.5884 -4419.4517 -4584.5229 -4602.3774
-4009.3364 -3953.3716 -3880.1821 -3761.1218 -3786.4683 -4008.1377 -4211.3857 -4220.6396 -4185.6304 -4237.3257 -4156.8701 -4009.1287 -3812.1741 -3875.2366 -4125.6353 -4287.478 -4315.917 -4093.5886 -3905.2983 -4081.616 -4148.313 -4116.8579 -4047.7239 -4048.1389 -4180.5596 -4259.7832 -4148.7485 -4009.0662 -3984.8135 -4111.8818 -4272.457 -4251.543 -4146.8501 -4191.3159 -4264.1089 -4205.6069 -4082.76 -4118.6538 -4362.8018 -4495.4927 -4415.522 -4334.562 -4382.2905 -4501.5737 -4542.8291 -4473.7227 -4429.4004 -4403.8813 -4375.4458 -4435.3569 -4501.2637 -4544.8818 -4551.4307 -4495.2036 -4551.6191 -4585.3848 -4557.0776
-4075.8416 -4083.7332 -4107.9399 -4041.1255 -4025.0542 -4183.4707 -4302.4688 -4241.2183 -4109.7168 -4072.5659 -4059.2473 -4005.8376 -3961.457 -4047.0059 -4117.9077 -4063.3896 -4002.3135 -3882.6599 -3976.7549 -4201.9238 -4185.7646 -4100.4019 -4062.8601 -4103.6978 -4188.4028 -4220.2563 -4137.1147 -4121.5737 -4313.9189 -4475.2349 -4421.1519 -4249.8271 -4141.0825 -4154.8735 -4202.7603 -4102.9966 -3971.3325 -4139.3022 -4373.438 -4409.4985 -4347.2817 -4302.0762 -4363.0815 -4506.8198 -4507.8525 -4431.6089 -4458.1313 -4481.9795 -4400.9985 -4356.3716 -4399.0225 -4471.1431 -4590.4131 -4600.6289 -4597.2212 -4542.3564 -4527.0352
-3897.5242 -4016.481 -4142.5244 -4165.5078 -4103.9502 -4085.5786 -4046.2991 -3974.8201 -3866.4146 -3845.5474 -3869.0217 -3823.2151 -3829.4507 -3944.7783 -4074.988 -3996.2424 -3869.4478 -3828.5994 -4004.4868 -4176.1113 -4089.0198 -3990.0239 -4044.5105 -4146.1133 -4205.9766 -4201.7495 -4084.7085 -3973.3342 -4067.9636 -4300.4229 -4431.9531 -4402.4727 -4227.4941 -4077.9575 -4083.9749 -4046.8738 -4012.4304 -4180.958 -4327.2227 -4316.3931 -4312.3086 -4294.4941 -4335.856 -4480.0181 -4434.4473 -4356.5288 -4383.9575 -4406.7329 -4433.3853 -4451.0195 -4434.4795 -4455.2729 -4521.2407 -4546.6855 -4515.8975 -4493.9731 -4605.3623
-3830.032 -3919.863 -4019.3733 -4074.3809 -3975.6921 -3907.5271 -3888.6694 -3900.2405 -3898.9709 -3864.9922 -3843.0835 -3827.2432 -3903.3354 -3921.4482 -3996.2759 -3869.853 -3805.2725 -3863.1794 -3997.4807 -4136.7173 -4054.2407 -3982.5361 -4029.3926 -4059.6772 -4110.0635 -4160.9932 -4077.3066 -3861.624 -3729.4646 -3906.7605 -4243.2954 -4376.4341 -4202.1196 -4022.6895 -4007.7681 -4054.1479 -4187.9629 -4332.9575 -4410.8418 -4414.2705 -4411.7627 -4363.5488 -4303.1113 -4416.4512 -4395.8555 -4322.7109 -4279.3311 -4299.1357 -4436.8501 -4530.9575 -4441.9351 -4439.3223 -4491.5894 -4542.3018 -4545.4092 -4534.0752 -4653.8813
-3829.1013 -3847.0732 -3879.7251 -3914.0322 -3904.8379 -3934.9387 -3984.1926 -4086.7761 -4196.041 -4073.8298 -3959.0381 -3959.311 -3991.9634 -4003.0139 -3957.1428 -3787.9961 -3779.9526 -3916.5674 -4028.9363 -4056.6697 -3973.5745 -3971.3982 -4032.6138 -4031.6809 -4062.3955 -4129.9873 -4112.4814 -3984.0479 -3862.0896 -4012.9514 -4317.7881 -4403.4097 -4278.168 -4117.0698 -4058.0337 -4121.5117 -4248.5474 -4310.9072 -4357.7944 -4369.6641 -4321.5254 -4317.1528 -4338.7656 -4432.3154 -4424.7817 -4362.6782 -4271.1328 -4282.4736 -4370.0859 -4480.3179 -4424.2417 -4424.9692 -4492.2637 -4491.2832 -4489.9771 -4523.332 -4609.8115
-3820.3811 -3756.2515 -3671.4827 -3648.8901 -3854.364 -4012.8267 -3951.2297 -3948.1277 -4074.9207 -4012.5054 -3815.0759 -3728.0171 -3804.396 -3903.8232 -3890.9546 -3889.521 -3911.6572 -3955.4412 -3941.4851 -3954.0791 -3900.4072 -3946.8267 -3993.1096 -3975.2234 -4013.5808 -4084.124 -4087.9399 -4038.9871 -3962.5046 -4027.269 -4229.5117 -4297.6187 -4285.0933 -4224.8213 -4165.7041 -4171.0127 -4190.272 -4212.3726 -4305.7803 -4315.2681 -4184.2202 -4239.2983 -4416.0112 -4491.3159 -4440.7515 -4384.1987 -4403.2612 -4450.9829 -4383.6797 -4390.186 -4398.8872 -4400.4058 -4469.6704 -4440.4893 -4459.6333 -4530.894 -4497.3149
-3828.7571 -3754.6821 -3715.4561 -3732.426 -3905.6528 -4023.0833 -3868.0269 -3734.7415 -3849.4487 -3965.6409 -3746.3433 -3619.2593 -3704.3569 -3802.6396 -3842.1626 -3831.6658 -3928.2769 -3931.4065 -3815.5237 -3900.5544 -3923.0771 -3954.0422 -3971.2273 -3967.4202 -4030.8765 -4089.1389 -4066.7732 -4033.3879 -4045.5945 -4071.2463 -4139.8511 -4180.1338 -4233.748 -4241.5752 -4225.1372 -4213.5459 -4202.1719 -4276.9795 -4394.2749 -4395.8242 -4268.7412 -4299.104 -4437.6836 -4474.8081 -4418.1416 -4349.8286 -4374.8262 -4471.3276 -4451.3691 -4481.9395 -4533.7974 -4531.5801 -4519.937 -4520.1909 -4528.811 -4481.8184 -4414.0449
-3836.8325 -3814.8403 -3858.4885 -3925.5193 -3960.9907 -3948.1008 -3860.7844 -3857.7498 -3961.7751 -4037.6973 -3862.8918 -3776.1936 -3739.6423 -3763.718 -3838.7566 -3862.0461 -3960.6011 -3914.9238 -3839.9009 -3944.072 -3931.6384 -3935.3237 -3998.1941 -3975.0491 -3980.1577 -4051.2415 -4038.9084 -4020.801 -4130.7461 -4184.2129 -4138.5332 -4141.395 -4205.5825 -4224.0259 -4199.168 -4189.0303 -4198.6201 -4267.8774 -4387.0879 -4382.5137 -4305.0381 -4372.6182 -4496.5474 -4515.0981 -4426.0161 -4285.5479 -4248.3765 -4279.8218 -4353.458 -4432.4048 -4519.9683 -4581.4956 -4552.6328 -4589.0166 -4586.5503 -4450.2222 -4435.4063
-3980.9031 -3990.8306 -4002.2041 -4009.5571 -3971.4697 -3879.2251 -3831.4395 -3929.2429 -4017.6982 -3952.6892 -3876.8423 -3878.0032 -3852.967 -3872.3259 -3843.8867 -3837.3118 -3943.6387 -3960.4902 -3985.0134 -4004.7896 -3942.8665 -3940.6218 -4001.418 -3969.0432 -3936.9548 -3991.8914 -4055.4824 -4105.3789 -4204.3965 -4210.9834 -4109.7017 -4106.3101 -4162.8291 -4197.2622 -4161.0215 -4189.7271 -4264.8916 -4287.8706 -4331.54 -4278.3584 -4244.0811 -4338.7192 -4431.2104 -4426.5166 -4380.3853 -4311.7744 -4293.4688 -4225.2085 -4238.7319 -4248.5889 -4350.1733 -4491.5239 -4496.377 -4531.8384 -4561.7065 -4491.5044 -4515.2661
-4017.4001 -4032.739 -4054.4414 -4053.2935 -4007.1646 -3887.2122 -3823.2295 -3879.2378 -3978.3586 -3934.6292 -3849.5513 -3888.1748 -3937.4819 -3931.5928 -3891.2085 -3909.4912 -3955.8171 -3973.0981 -3967.9751 -3966.5596 -3975.9951 -3964.7437 -4002.8208 -4008.7649 -3953.4727 -3969.615 -4084.833 -4141.1831 -4203.7891 -4218.6113 -4156.4238 -4126.686 -4116.1045 -4127.8579 -4107.0645 -4161.4688 -4268.6782 -4323.937 -4331.1367 -4274.2998 -4333.8638 -4423.1035 -4399.8965 -4327.5483 -4321.2573 -4303.2329 -4321.5435 -4280.7661 -4296.0732 -4308.1719 -4340.7026 -4391.0493 -4403.6763 -4392.4966 -4442.8618 -4492.4492 -4502.5508
-4000.4055 -3989.1406 -4002.4907 -4041.7485 -4009.6006 -3926.3093 -3835.5796 -3856.5427 -3993.7629 -3980.5273 -3851.8059 -3894.6719 -4001.0415 -3999.3564 -3943.4023 -3911.4138 -3981.1213 -3977.8145 -3894.3291 -3925.0117 -3996.7454 -3957.0051 -3992.9636 -4058.05 -4043.7222 -4059.1248 -4142.1514 -4141.1724 -4153.4961 -4182.6133 -4163.4419 -4111.6558 -4079.5342 -4084.9102 -4125.6162 -4191.2651 -4254.4673 -4332.2979 -4358.0117 -4321.3115 -4350.4658 -4390.7495 -4348.9336 -4319.4741 -4313.8296 -4273.5474 -4285.9487 -4222.6104 -4306.3335 -4399.2339 -4392.6147 -4388.5132 -4375.9028 -4317.4648 -4322.4697 -4403.2583 -4457.686
-4013.939 -3991.49 -4007.4893 -4030.9595 -3964.791 -3913.5632 -3912.5264 -3963.9468 -4026.5071 -3996.6201 -3823.2468 -3794.1379 -3985.2234 -4043.3328 -3946.9253 -3887.8103 -3977.2141 -3992.5811 -3895.1331 -3913.3037 -4007.3853 -4006.668 -4020.0879 -4064.4902 -4113.4346 -4139.2119 -4144.9199 -4109.8013 -4097.9316 -4127.4736 -4124.1343 -4103.0596 -4092.5686 -4076.9907 -4146.0986 -4220.6572 -4257.9351 -4297.2251 -4334.8862 -4388.3584 -4366.542 -4322.6548 -4331.9209 -4346.0278 -4292.6538 -4282.2959 -4304.6362 -4172.856 -4239.1362 -4311.5249 -4339.5488 -4410.5898 -4416.9229 -4371.7837 -4326.0767 -4379.4033 -4426.5146
-4065.7427 -4005.4641 -4035.8906 -4030.5574 -3926.9041 -3897.3022 -3994.7874 -4030.4263 -4015.7849 -4025.3953 -3884.554 -3720.8613 -3903.2117 -4043.0127 -4005.2217 -3954.5706 -4011.9814 -4031.395 -3927.8896 -3922.4429 -3975.3928 -4005.4646 -4027.7515 -4064.6572 -4156.3247 -4143.585 -4084.488 -4064.0244 -4066.5845 -4121.1929 -4132.7031 -4110.5469 -4119.1162 -4133.0464 -4170.8188 -4222.0605 -4248.8882 -4276.9341 -4331.3867 -4395.2017 -4379.0986 -4331.877 -4330.8389 -4318.5313 -4288.9565 -4322.3081 -4320.1064 -4232.8042 -4282.7944 -4291.7134 -4325.2725 -4377.0068 -4413.853 -4423.5913 -4396.731 -4423.2813 -4450.9932
-4065.6094 -4006.7651 -4047.5364 -4085.2798 -4000.4226 -4000.7769 -4094.6348 -4079.937 -4033.1838 -4023.991 -4021.4707 -3854.4875 -3855.0383 -4043.9934 -4051.4041 -3986.4104 -4073.7703 -4094.2388 -3937.219 -3935.7695 -3982.7185 -4025.208 -4069.0518 -4076.8704 -4137.2251 -4114.5005 -4092.2312 -4116.2461 -4100.6987 -4142.6758 -4168.6294 -4111.5259 -4115.1084 -4192.3271 -4205.978 -4209.0864 -4217.5186 -4264.7446 -4360.6221 -4396.7725 -4391.6328 -4396.7944 -4377.7681 -4344.0239 -4347.5088 -4330.4287 -4271.9487 -4270.9463 -4306.2437 -4308.5264 -4349.2373 -4363.9976 -4378.77 -4403.9082 -4423.6025 -4429.0864 -4455.6792
-4052.7781 -4050.7075 -4072.1768 -4120.5054 -4079.5037 -4096.2837 -4174.8779 -4149.5439 -4081.2722 -4044.2603 -4039.8647 -3986.9138 -3960.0701 -4079.5273 -4040.5435 -3972.4299 -4010.666 -4065.5229 -4055.5537 -4045.7654 -4019.0271 -4050.3179 -4108.5239 -4071.3267 -4087.5344 -4088.1301 -4096.1401 -4130.7129 -4129.8613 -4165.1016 -4171.3628 -4136.2627 -4153.2197 -4222.7222 -4215.0322 -4194.5527 -4222.4507 -4263.3101 -4324.1714 -4362.0864 -4372.4971 -4385.7446 -4402.1021 -4395.2646 -4386.1157 -4291.2515 -4198.6851 -4255.8682 -4263.6665 -4281.6606 -4339.0015 -4371.8516 -4366.1631 -4359.0308 -4434.6846 -4479.0527 -4425.1938
-4067.7891 -4101.2666 -4093.8904 -4060.5151 -4067.3926 -4115.9243 -4151.2212 -4155.8188 -4103.7725 -4123.0479 -4001.9036 -3955.689 -3989.2092 -3962.5593 -3860.1616 -3825.7385 -3860.0723 -3916.0408 -4028.2583 -4080.2031 -4055.021 -4021.3345 -4042.9199 -4042.3193 -4057.4055 -4088.856 -4109.001 -4113.0698 -4140.3379 -4176.9092 -4147.4873 -4157.6646 -4192.7217 -4195.2148 -4173.6963 -4190.7583 -4247.8594 -4284.8828 -4274.4546 -4278.1924 -4336.6694 -4360.6289 -4351.0537 -4361.6563 -4359.2588 -4258.7095 -4184.9199 -4239.7744 -4178.8569 -4232.0571 -4295.9355 -4229.083 -4223.3506 -4354.5781 -4515.7144 -4518.8594 -4356.5361
-4066.0293 -4106.5615 -4105.7734 -4018.1338 -4050.1614 -4118.5767 -4113.2729 -4153.2344 -4107.5352 -4122.2393 -3972.1394 -3838.9141 -3768.7129 -3634.0403 -3548.8762 -3656.5449 -3759.188 -3795.5178 -3858.5376 -3957.7808 -4014.7686 -3939.895 -3973.5498 -4035.4434 -4048.8459 -4082.5288 -4086.7524 -4070.5288 -4115.8799 -4146.8848 -4121.9521 -4178.3159 -4220.7197 -4183.1279 -4172.1533 -4190.3638 -4190.8071 -4240.5303 -4268.522 -4273.5796 -4367.2461 -4399.5796 -4345.6177 -4322.4199 -4294.3984 -4252.7915 -4209.7349 -4191.6924 -4103.3779 -4236.8071 -4291.7451 -3971.1257 -3882.5679 -4339.9229 -4538.7539 -4453.562 -4343.3433
-3960.1719 -4043.8896 -4090.4856 -4031.4885 -4069.0085 -4111.8608 -4108.3037 -4170.377 -4113.022 -4009.6003 -3877.009 -3821.1035 -3725.2231 -3576.302 -3466.8052 -3534.2598 -3607.8535 -3675.4224 -3794.1228 -3866.8127 -3917.3181 -3930.2434 -3999.1975 -4014.2683 -4037.5901 -4093.3689 -4080.7024 -4038.5344 -4056.8223 -4095.4646 -4119.2168 -4187.667 -4200.0605 -4172.5605 -4197.7324 -4199.0039 -4168.5674 -4171.1479 -4238.9277 -4308.5859 -4387.396 -4407.7349 -4368.5981 -4344.02 -4294.3584 -4243.1641 -4183.2188 -4096.7256 -4004.2739 -4170.3228 -4276.7046 -3975.2288 -3844.8049 -4236.9424 -4428.8921 -4460.2275 -4402.7729
-3863.8264 -3968.7354 -4030.927 -4039.1035 -4076.8142 -4101.6294 -4163.8892 -4233.354 -4151.2803 -3994.4504 -3892.793 -3988.1138 -3974.3716 -3726.6226 -3550.4966 -3511.2966 -3567.8796 -3668.1692 -3845.4265 -3910.3428 -3943.6392 -4038.8401 -4069.3855 -4028.833 -4073.7014 -4136.4863 -4110.2954 -4078.3228 -4069.3877 -4087.3406 -4125.103 -4169.2534 -4165.2998 -4163.79 -4184.1221 -4150.8213 -4151.8892 -4135.0947 -4197.1992 -4338.6582 -4392.0522 -4384.0122 -4351.8691 -4309.8071 -4291.6851 -4229.5654 -4149.4956 -3981.2773 -3883.5564 -4062.9597 -4231.0659 -4203.8765 -4106.645 -3904.0635 -4106.6445 -4517.4292 -4440.9121
-3883.1104 -3947.114 -3965.0103 -4009.9751 -4031.6458 -4022.4858 -4116.4189 -4160.6831 -4095.8396 -4057.2373 -4079.2627 -4283.4976 -4310.8877 -3847.4526 -3662.7205 -3702.864 -3695.4478 -3760.9241 -3876.2759 -3899.7344 -3986.6289 -4076.6128 -4069.856 -4105.3633 -4146.4897 -4144.6704 -4072.4153 -4088.3125 -4113.3823 -4105.8062 -4133.7891 -4151.5186 -4138.4263 -4158.2979 -4183.1167 -4149.3135 -4167.8438 -4165.0928 -4206.6191 -4324.7417 -4332.7271 -4352.0327 -4349.9741 -4227.8892 -4219.1519 -4198.4775 -4130.5811 -3943.6667 -3857.6726 -4003.6919 -4159.6924 -4253.2632 -4235.8687 -3755.2908 -3843.8433 -4483.0908 -4470.9873
-3898.9854 -3933.8674 -3983.4465 -4014.8628 -4025.1877 -3999.0691 -4004.979 -4037.3911 -4050.0298 -4105.6152 -4125.2788 -4198.0229 -4112.1689 -3745.1365 -3567.3335 -3546.9875 -3529.9734 -3668.699 -3806.7231 -3807.0129 -3907.1609 -3977.0208 -4036.7112 -4102.2144 -4082.4734 -4069.1934 -4033.2034 -4073.8201 -4107.3994 -4121.2642 -4165.5317 -4143.6782 -4103.3936 -4151.8994 -4191.6846 -4160.3379 -4141.2007 -4085.3777 -4118.7803 -4253.0947 -4288.1313 -4315.2944 -4328.7773 -4256.2813 -4239.9116 -4201.354 -4137.2065 -4038.4197 -3959.7651 -3975.7639 -4059.5767 -4200.0317 -4335.8105 -3952.177 -3583.9473 -4220.855 -4535.627
