Resources/Map/Lvl0_30x30/Ele_AA.asc
ncols         335
nrows         335
xllcorner     -20045000
yllcorner     6675000
cellsize      10000
nodata_value  -99999.0
[rows 36 to 71 of 335, columns 162 to 242 of 335]
-3858 -3859 -3859 -3859 -3859 -3858 -3858 -3856 -3855 -3853 -3851 -3848 -3845 -3841 -3837 -3831 -3825 -3818 -3809 -3801 -3792 -3783 -3773 -3763 -3754 -3744 -3735 -3721 -3716 -3712 -3707 -3702 -3699 -3696 -3695 -3693 -3692 -3691 -3690 -3688 -3687 -3685 -3682 -3679 -3676 -3674 -3673 -3671 -3671 -3671 -3673 -3675 -3677 -3680 -3681 -3682 -3682 -3681 -3679 -3675 -3670 -3664 -3655 -3644 -3632 -3618 -3604 -3588 -3575 -3565 -3557 -3552 -3551 -3557 -3564 -3574 -3587 -3603 -3621 -3641 -3657
-3778 -3799 -3811 -3819 -3826 -3830 -3831 -3831 -3830 -3827 -3824 -3819 -3813 -3806 -3800 -3789 -3775 -3759 -3740 -3718 -3694 -3668 -3643 -3619 -3594 -3571 -3548 -3504 -3484 -3464 -3447 -3430 -3414 -3399 -3386 -3377 -3368 -3357 -3345 -3332 -3316 -3298 -3278 -3257 -3238 -3220 -3204 -3191 -3179 -3171 -3162 -3152 -3143 -3134 -3129 -3123 -3116 -3107 -3100 -3090 -3072 -3052 -3037 -3025 -3022 -3035 -3075 -3127 -3175 -3200 -3196 -3183 -3160 -3092 -3053 -3022 -3004 -3003 -3017 -3040 -3061
-3848 -3855 -3860 -3865 -3868 -3869 -3869 -3867 -3865 -3863 -3860 -3857 -3855 -3852 -3849 -3847 -3845 -3842 -3839 -3835 -3830 -3824 -3818 -3812 -3806 -3800 -3793 -3780 -3773 -3765 -3757 -3749 -3742 -3735 -3729 -3723 -3715 -3707 -3697 -3687 -3678 -3667 -3657 -3647 -3638 -3628 -3618 -3607 -3594 -3582 -3570 -3557 -3547 -3537 -3528 -3518 -3508 -3498 -3487 -3474 -3461 -3449 -3438 -3428 -3422 -3418 -3417 -3419 -3420 -3423 -3428 -3431 -3435 -3443 -3446 -3445 -3444 -3444 -3447 -3450 -3451
-3896 -3894 -3893 -3892 -3891 -3890 -3888 -3887 -3886 -3885 -3884 -3883 -3883 -3882 -3881 -3880 -3880 -3879 -3879 -3879 -3878 -3878 -3878 -3878 -3878 -3877 -3877 -3877 -3876 -3876 -3876 -3876 -3875 -3874 -3874 -3873 -3872 -3870 -3869 -3868 -3867 -3866 -3865 -3864 -3863 -3862 -3861 -3860 -3859 -3858 -3858 -3858 -3859 -3859 -3861 -3862 -3863 -3865 -3865 -3865 -3865 -3865 -3866 -3866 -3866 -3864 -3862 -3859 -3855 -3851 -3847 -3844 -3841 -3837 -3836 -3833 -3831 -3829 -3826 -3822 -3819
-3879 -3878 -3878 -3878 -3877 -3877 -3877 -3876 -3876 -3876 -3875 -3875 -3875 -3875 -3875 -3874 -3874 -3874 -3874 -3874 -3874 -3873 -3873 -3873 -3872 -3872 -3871 -3871 -3870 -3869 -3869 -3869 -3867 -3867 -3866 -3865 -3864 -3863 -3862 -3861 -3860 -3859 -3858 -3857 -3855 -3854 -3853 -3852 -3851 -3850 -3849 -3849 -3848 -3847 -3846 -3845 -3845 -3844 -3842 -3841 -3840 -3838 -3837 -3834 -3832 -3829 -3827 -3824 -3820 -3816 -3813 -3809 -3806 -3798 -3793 -3788 -3783 -3778 -3772 -3766 -3761
-3859 -3859 -3859 -3858 -3858 -3857 -3857 -3857 -3857 -3856 -3856 -3856 -3856 -3856 -3856 -3856 -3857 -3857 -3857 -3856 -3856 -3856 -3856 -3855 -3855 -3855 -3854 -3852 -3852 -3850 -3849 -3848 -3846 -3845 -3843 -3841 -3838 -3836 -3834 -3832 -3829 -3826 -3824 -3822 -3819 -3816 -3814 -3811 -3809 -3807 -3805 -3803 -3802 -3800 -3796 -3793 -3790 -3786 -3781 -3776 -3771 -3766 -3760 -3753 -3746 -3738 -3730 -3721 -3712 -3703 -3692 -3683 -3674 -3655 -3647 -3639 -3633 -3627 -3621 -3616 -3611
-3827 -3827 -3826 -3825 -3825 -3824 -3824 -3823 -3823 -3823 -3824 -3824 -3824 -3824 -3824 -3823 -3823 -3824 -3824 -3825 -3826 -3827 -3828 -3830 -3831 -3833 -3835 -3836 -3835 -3833 -3831 -3828 -3827 -3826 -3825 -3825 -3825 -3824 -3823 -3822 -3821 -3818 -3816 -3814 -3812 -3810 -3807 -3806 -3804 -3801 -3799 -3796 -3792 -3787 -3780 -3773 -3765 -3756 -3746 -3735 -3724 -3714 -3703 -3693 -3682 -3672 -3662 -3652 -3643 -3635 -3626 -3619 -3613 -3604 -3601 -3598 -3596 -3594 -3591 -3589 -3586
-3747 -3742 -3736 -3731 -3726 -3722 -3717 -3711 -3704 -3697 -3691 -3683 -3676 -3670 -3666 -3663 -3660 -3658 -3656 -3652 -3645 -3635 -3623 -3611 -3604 -3599 -3595 -3585 -3579 -3576 -3577 -3584 -3604 -3628 -3651 -3664 -3670 -3675 -3676 -3676 -3675 -3674 -3673 -3674 -3674 -3673 -3672 -3666 -3657 -3649 -3644 -3642 -3640 -3638 -3637 -3636 -3633 -3629 -3627 -3623 -3620 -3616 -3613 -3610 -3608 -3605 -3604 -3603 -3603 -3602 -3602 -3603 -3603 -3602 -3603 -3602 -3602 -3601 -3599 -3597 -3595
-3474 -3468 -3471 -3478 -3485 -3486 -3481 -3471 -3456 -3440 -3427 -3414 -3401 -3389 -3382 -3379 -3379 -3383 -3391 -3401 -3409 -3412 -3412 -3409 -3401 -3390 -3377 -3342 -3325 -3308 -3294 -3285 -3281 -3283 -3287 -3293 -3299 -3304 -3313 -3326 -3342 -3362 -3383 -3400 -3408 -3411 -3413 -3413 -3412 -3410 -3407 -3404 -3400 -3396 -3391 -3387 -3383 -3383 -3385 -3387 -3391 -3394 -3397 -3399 -3402 -3405 -3408 -3412 -3416 -3420 -3425 -3430 -3435 -3446 -3451 -3456 -3461 -3465 -3469 -3471 -3474
-3158 -3158 -3159 -3163 -3164 -3165 -3166 -3164 -3158 -3148 -3139 -3131 -3121 -3112 -3108 -3108 -3107 -3106 -3107 -3110 -3112 -3112 -3110 -3103 -3090 -3071 -3043 -2971 -2945 -2929 -2920 -2914 -2914 -2917 -2921 -2924 -2927 -2932 -2935 -2941 -2948 -2953 -2953 -2948 -2942 -2937 -2936 -2941 -2950 -2966 -2988 -3014 -3035 -3050 -3060 -3068 -3075 -3081 -3087 -3093 -3098 -3104 -3108 -3113 -3118 -3124 -3130 -3137 -3146 -3154 -3163 -3173 -3183 -3206 -3219 -3232 -3245 -3257 -3269 -3279 -3289
-2842 -2852 -2861 -2866 -2870 -2875 -2879 -2883 -2885 -2888 -2891 -2894 -2899 -2905 -2913 -2922 -2931 -2939 -2947 -2954 -2960 -2966 -2969 -2970 -2969 -2966 -2959 -2942 -2931 -2919 -2905 -2891 -2877 -2863 -2849 -2833 -2814 -2798 -2787 -2780 -2774 -2770 -2765 -2761 -2757 -2754 -2753 -2754 -2761 -2774 -2793 -2815 -2837 -2858 -2877 -2890 -2900 -2909 -2916 -2922 -2928 -2933 -2939 -2944 -2950 -2957 -2965 -2974 -2984 -2993 -3002 -3011 -3020 -3038 -3048 -3058 -3068 -3079 -3088 -3097 -3105
-2194 -2202 -2216 -2234 -2254 -2274 -2294 -2313 -2332 -2351 -2368 -2387 -2408 -2429 -2449 -2467 -2484 -2499 -2511 -2522 -2532 -2539 -2545 -2550 -2554 -2559 -2564 -2573 -2576 -2580 -2583 -2586 -2590 -2593 -2594 -2592 -2589 -2587 -2583 -2581 -2580 -2580 -2582 -2586 -2589 -2593 -2596 -2598 -2598 -2598 -2599 -2600 -2600 -2599 -2598 -2597 -2597 -2599 -2601 -2605 -2610 -2616 -2622 -2630 -2640 -2651 -2663 -2673 -2683 -2691 -2697 -2704 -2710 -2724 -2732 -2741 -2753 -2765 -2778 -2791 -2803
-2338 -2348 -2357 -2366 -2374 -2378 -2381 -2385 -2388 -2395 -2406 -2420 -2435 -2450 -2465 -2479 -2494 -2507 -2520 -2531 -2541 -2547 -2553 -2558 -2562 -2565 -2568 -2572 -2574 -2576 -2577 -2578 -2580 -2581 -2581 -2582 -2582 -2582 -2583 -2584 -2584 -2586 -2587 -2589 -2590 -2591 -2592 -2593 -2593 -2595 -2596 -2598 -2598 -2598 -2598 -2597 -2595 -2593 -2592 -2590 -2588 -2585 -2579 -2575 -2577 -2584 -2591 -2599 -2607 -2615 -2621 -2628 -2635 -2657 -2674 -2696 -2718 -2740 -2760 -2776 -2787
-2567 -2573 -2575 -2575 -2574 -2572 -2568 -2563 -2560 -2558 -2556 -2559 -2563 -2566 -2571 -2576 -2578 -2578 -2576 -2574 -2572 -2570 -2570 -2571 -2574 -2578 -2580 -2585 -2587 -2588 -2590 -2593 -2597 -2600 -2602 -2603 -2605 -2604 -2604 -2603 -2605 -2609 -2617 -2627 -2639 -2652 -2666 -2679 -2698 -2716 -2729 -2737 -2743 -2747 -2746 -2745 -2747 -2752 -2759 -2764 -2764 -2758 -2751 -2747 -2744 -2743 -2746 -2751 -2760 -2769 -2776 -2783 -2791 -2803 -2807 -2811 -2813 -2815 -2817 -2819 -2820
-2261 -2257 -2252 -2245 -2235 -2225 -2214 -2202 -2193 -2187 -2186 -2189 -2194 -2200 -2206 -2210 -2211 -2209 -2203 -2196 -2191 -2187 -2183 -2183 -2189 -2197 -2206 -2223 -2231 -2239 -2248 -2259 -2271 -2284 -2296 -2308 -2318 -2326 -2334 -2343 -2353 -2368 -2391 -2411 -2428 -2443 -2457 -2471 -2484 -2496 -2508 -2519 -2527 -2534 -2537 -2539 -2542 -2546 -2551 -2558 -2565 -2573 -2582 -2593 -2604 -2614 -2624 -2633 -2641 -2648 -2655 -2662 -2669 -2681 -2687 -2691 -2696 -2700 -2703 -2705 -2707
-1953 -1953 -1953 -1951 -1950 -1949 -1947 -1945 -1943 -1942 -1942 -1942 -1944 -1945 -1946 -1947 -1948 -1948 -1948 -1947 -1948 -1947 -1947 -1948 -1949 -1951 -1953 -1959 -1962 -1967 -1972 -1978 -1984 -1992 -2000 -2008 -2016 -2025 -2034 -2044 -2055 -2066 -2079 -2092 -2106 -2119 -2134 -2149 -2164 -2179 -2193 -2207 -2220 -2233 -2245 -2257 -2268 -2279 -2293 -2308 -2327 -2351 -2377 -2399 -2419 -2437 -2451 -2464 -2475 -2488 -2502 -2517 -2532 -2562 -2575 -2588 -2598 -2607 -2612 -2614 -2616
-1852 -1852 -1851 -1851 -1851 -1851 -1853 -1855 -1857 -1859 -1861 -1864 -1865 -1866 -1866 -1866 -1866 -1865 -1864 -1863 -1862 -1860 -1859 -1858 -1857 -1857 -1857 -1858 -1859 -1860 -1862 -1864 -1868 -1871 -1875 -1880 -1885 -1892 -1899 -1908 -1919 -1931 -1945 -1958 -1971 -1983 -1993 -2002 -2009 -2013 -2015 -2018 -2023 -2032 -2043 -2056 -2071 -2087 -2104 -2123 -2144 -2167 -2190 -2214 -2237 -2259 -2277 -2298 -2318 -2339 -2360 -2382 -2400 -2425 -2435 -2445 -2455 -2464 -2472 -2478 -2482
-1853 -1861 -1844 -1811 -1775 -1756 -1753 -1762 -1776 -1796 -1813 -1827 -1835 -1839 -1841 -1841 -1840 -1837 -1835 -1831 -1828 -1825 -1822 -1819 -1817 -1816 -1816 -1815 -1815 -1814 -1814 -1814 -1815 -1815 -1816 -1818 -1820 -1822 -1826 -1833 -1843 -1858 -1878 -1900 -1923 -1943 -1958 -1969 -1975 -1979 -1983 -1985 -1989 -1992 -1997 -2002 -2009 -2020 -2035 -2054 -2076 -2098 -2120 -2142 -2162 -2178 -2192 -2204 -2216 -2233 -2252 -2273 -2293 -2325 -2337 -2344 -2349 -2352 -2353 -2352 -2347
-1821 -1796 -1753 -1709 -1675 -1663 -1665 -1677 -1698 -1723 -1748 -1772 -1792 -1809 -1824 -1837 -1847 -1856 -1861 -1864 -1868 -1870 -1872 -1876 -1878 -1878 -1878 -1881 -1886 -1894 -1902 -1912 -1922 -1931 -1938 -1946 -1952 -1958 -1964 -1970 -1976 -1982 -1992 -2003 -2014 -2023 -2027 -2028 -2024 -2022 -2021 -2023 -2025 -2030 -2036 -2043 -2052 -2062 -2074 -2089 -2104 -2120 -2137 -2152 -2167 -2180 -2190 -2198 -2204 -2209 -2215 -2220 -2224 -2226 -2224 -2218 -2207 -2193 -2177 -2159 -2141
-1855 -1848 -1842 -1837 -1833 -1830 -1830 -1831 -1834 -1839 -1845 -1851 -1858 -1865 -1872 -1879 -1886 -1891 -1897 -1902 -1906 -1910 -1916 -1921 -1930 -1944 -1963 -2028 -2054 -2072 -2091 -2104 -2109 -2113 -2116 -2116 -2116 -2115 -2114 -2113 -2113 -2114 -2117 -2122 -2129 -2138 -2146 -2148 -2148 -2146 -2144 -2142 -2139 -2136 -2135 -2135 -2135 -2138 -2140 -2141 -2145 -2148 -2150 -2153 -2156 -2158 -2158 -2158 -2157 -2154 -2149 -2143 -2134 -2109 -2091 -2068 -2043 -2013 -1979 -1945 -1913
-1839 -1850 -1859 -1869 -1878 -1886 -1895 -1903 -1912 -1921 -1929 -1938 -1946 -1954 -1961 -1967 -1974 -1979 -1984 -1990 -1995 -2002 -2008 -2016 -2026 -2038 -2053 -2083 -2097 -2108 -2119 -2129 -2138 -2145 -2152 -2155 -2156 -2155 -2152 -2149 -2146 -2144 -2143 -2143 -2143 -2142 -2140 -2138 -2137 -2134 -2132 -2130 -2127 -2124 -2121 -2118 -2114 -2110 -2106 -2101 -2096 -2092 -2087 -2082 -2079 -2075 -2072 -2069 -2066 -2061 -2057 -2051 -2044 -2021 -2003 -1980 -1950 -1915 -1880 -1852 -1830
-1814 -1830 -1846 -1858 -1870 -1884 -1899 -1916 -1934 -1951 -1967 -1981 -1991 -2000 -2007 -2011 -2015 -2018 -2022 -2026 -2029 -2033 -2037 -2042 -2047 -2052 -2058 -2070 -2076 -2082 -2088 -2095 -2100 -2106 -2112 -2116 -2121 -2124 -2126 -2127 -2127 -2128 -2127 -2126 -2123 -2118 -2112 -2104 -2095 -2085 -2077 -2069 -2060 -2051 -2038 -2023 -2010 -1999 -1987 -1979 -1973 -1969 -1967 -1967 -1969 -1973 -1977 -1983 -1987 -1992 -1996 -1998 -2002 -2005 -2006 -2004 -2000 -1994 -1986 -1978 -1971
-1716 -1736 -1758 -1781 -1803 -1827 -1853 -1879 -1906 -1932 -1955 -1974 -1988 -1997 -2002 -2005 -2008 -2011 -2014 -2017 -2020 -2023 -2026 -2029 -2033 -2035 -2039 -2045 -2048 -2051 -2054 -2056 -2058 -2059 -2062 -2063 -2064 -2065 -2066 -2065 -2062 -2058 -2047 -2033 -2021 -2008 -1992 -1971 -1943 -1913 -1882 -1853 -1831 -1815 -1806 -1801 -1803 -1805 -1809 -1811 -1817 -1827 -1843 -1863 -1888 -1913 -1939 -1963 -1982 -1997 -2006 -2013 -2018 -2027 -2031 -2034 -2037 -2040 -2042 -2044 -2045
-1856 -1874 -1884 -1892 -1902 -1914 -1927 -1939 -1949 -1960 -1969 -1978 -1985 -1991 -1995 -1998 -1999 -2001 -2002 -2003 -2005 -2008 -2011 -2014 -2018 -2022 -2026 -2034 -2038 -2041 -2045 -2048 -2050 -2053 -2054 -2055 -2055 -2054 -2053 -2050 -2045 -2038 -2027 -2017 -2005 -1994 -1984 -1973 -1962 -1951 -1941 -1932 -1924 -1919 -1914 -1912 -1909 -1908 -1907 -1908 -1910 -1913 -1921 -1931 -1947 -1967 -1989 -2010 -2025 -2037 -2046 -2051 -2055 -2058 -2058 -2057 -2057 -2056 -2055 -2055 -2055
-2003 -1999 -1994 -1995 -1998 -2001 -2003 -2005 -2004 -2003 -2001 -2000 -1999 -1999 -1999 -2000 -2000 -2000 -2000 -2001 -2002 -2004 -2007 -2010 -2014 -2018 -2023 -2035 -2042 -2049 -2056 -2064 -2072 -2079 -2086 -2093 -2098 -2102 -2103 -2102 -2098 -2092 -2084 -2075 -2068 -2061 -2054 -2048 -2042 -2037 -2033 -2030 -2028 -2027 -2027 -2028 -2028 -2030 -2031 -2033 -2037 -2041 -2046 -2051 -2057 -2064 -2071 -2078 -2082 -2085 -2087 -2086 -2084 -2075 -2072 -2068 -2067 -2067 -2067 -2067 -2065
-2100 -2068 -2043 -2030 -2029 -2030 -2026 -2019 -2012 -2007 -2003 -2001 -2000 -1999 -1998 -1999 -1999 -1999 -2000 -1999 -2000 -2000 -2001 -2001 -2002 -2004 -2007 -2015 -2022 -2027 -2033 -2040 -2047 -2054 -2062 -2070 -2078 -2082 -2082 -2083 -2085 -2089 -2093 -2096 -2098 -2099 -2099 -2098 -2097 -2094 -2090 -2086 -2081 -2076 -2073 -2071 -2070 -2072 -2074 -2079 -2084 -2090 -2096 -2102 -2107 -2113 -2120 -2125 -2130 -2134 -2137 -2140 -2141 -2142 -2143 -2143 -2144 -2145 -2145 -2143 -2137
-2203 -2195 -2189 -2181 -2172 -2167 -2165 -2165 -2159 -2146 -2127 -2105 -2088 -2076 -2069 -2067 -2066 -2065 -2062 -2058 -2053 -2045 -2037 -2027 -2017 -2008 -1999 -1985 -1976 -1965 -1953 -1933 -1910 -1890 -1870 -1859 -1849 -1824 -1789 -1763 -1745 -1735 -1737 -1747 -1761 -1780 -1803 -1824 -1842 -1857 -1868 -1873 -1871 -1860 -1844 -1825 -1800 -1779 -1775 -1783 -1797 -1814 -1832 -1854 -1878 -1901 -1922 -1942 -1964 -1991 -2022 -2055 -2086 -2133 -2151 -2165 -2177 -2185 -2193 -2198 -2203
-2257 -2253 -2249 -2246 -2242 -2238 -2234 -2229 -2221 -2209 -2195 -2180 -2166 -2156 -2151 -2157 -2168 -2172 -2167 -2153 -2129 -2094 -2052 -2001 -1946 -1898 -1862 -1793 -1752 -1719 -1697 -1678 -1662 -1643 -1619 -1597 -1579 -1555 -1529 -1506 -1490 -1482 -1476 -1474 -1475 -1477 -1480 -1485 -1490 -1492 -1492 -1489 -1483 -1473 -1458 -1440 -1426 -1417 -1414 -1416 -1421 -1430 -1440 -1451 -1462 -1472 -1482 -1496 -1513 -1535 -1567 -1609 -1656 -1751 -1794 -1838 -1886 -1938 -2003 -2075 -2149
-2301 -2302 -2296 -2286 -2276 -2264 -2249 -2231 -2210 -2192 -2180 -2169 -2151 -2115 -2067 -2034 -2017 -2014 -2020 -2023 -2011 -1977 -1919 -1844 -1774 -1719 -1682 -1646 -1634 -1626 -1621 -1619 -1614 -1607 -1597 -1582 -1564 -1547 -1528 -1513 -1501 -1486 -1466 -1449 -1436 -1425 -1414 -1406 -1397 -1390 -1384 -1378 -1374 -1370 -1365 -1361 -1358 -1357 -1358 -1362 -1369 -1378 -1388 -1398 -1405 -1412 -1419 -1428 -1441 -1457 -1478 -1504 -1530 -1563 -1579 -1607 -1648 -1705 -1789 -1909 -2039
-2062 -2070 -2068 -2059 -2052 -2039 -2016 -1980 -1946 -1929 -1940 -1957 -1945 -1928 -1929 -1947 -1975 -2008 -2041 -2067 -2078 -2065 -2037 -2017 -2012 -2013 -2027 -2083 -2119 -2146 -2158 -2150 -2116 -2087 -2080 -2072 -2051 -2019 -1981 -1935 -1881 -1823 -1767 -1713 -1663 -1624 -1587 -1547 -1505 -1470 -1441 -1426 -1414 -1405 -1398 -1392 -1390 -1394 -1404 -1419 -1440 -1462 -1486 -1509 -1523 -1533 -1545 -1558 -1574 -1590 -1615 -1649 -1685 -1779 -1836 -1882 -1919 -1985 -2084 -2183 -2259
-1735 -1769 -1779 -1756 -1746 -1764 -1786 -1817 -1854 -1896 -1943 -1981 -2011 -2056 -2115 -2195 -2282 -2339 -2370 -2388 -2396 -2419 -2453 -2479 -2500 -2521 -2543 -2592 -2616 -2636 -2648 -2649 -2635 -2608 -2573 -2534 -2493 -2448 -2398 -2341 -2276 -2211 -2148 -2082 -2015 -1954 -1906 -1871 -1849 -1841 -1844 -1842 -1837 -1831 -1827 -1834 -1847 -1858 -1873 -1896 -1925 -1955 -1989 -2025 -2058 -2086 -2106 -2121 -2138 -2158 -2182 -2207 -2233 -2275 -2292 -2303 -2318 -2337 -2355 -2370 -2381
-2101 -2208 -2330 -2412 -2472 -2485 -2462 -2434 -2434 -2480 -2542 -2596 -2643 -2686 -2723 -2758 -2788 -2799 -2794 -2783 -2770 -2757 -2744 -2716 -2678 -2658 -2648 -2644 -2651 -2664 -2678 -2680 -2671 -2655 -2637 -2618 -2599 -2579 -2561 -2543 -2524 -2504 -2482 -2459 -2434 -2412 -2395 -2383 -2378 -2378 -2380 -2379 -2374 -2367 -2361 -2361 -2364 -2365 -2367 -2369 -2371 -2374 -2376 -2381 -2386 -2390 -2393 -2395 -2398 -2401 -2404 -2406 -2407 -2407 -2407 -2407 -2406 -2404 -2399 -2392 -2383
-2747 -2759 -2767 -2783 -2810 -2845 -2875 -2897 -2910 -2916 -2916 -2912 -2905 -2896 -2886 -2873 -2859 -2846 -2831 -2818 -2806 -2791 -2773 -2752 -2720 -2670 -2608 -2498 -2472 -2470 -2467 -2446 -2422 -2409 -2408 -2415 -2424 -2431 -2437 -2442 -2447 -2451 -2453 -2455 -2455 -2454 -2452 -2449 -2444 -2439 -2433 -2425 -2418 -2411 -2406 -2403 -2402 -2401 -2401 -2402 -2403 -2404 -2405 -2408 -2409 -2411 -2411 -2409 -2402 -2392 -2373 -2354 -2342 -2343 -2346 -2348 -2345 -2337 -2324 -2308 -2292
-2819 -2751 -2688 -2645 -2632 -2642 -2671 -2732 -2798 -2845 -2871 -2880 -2881 -2876 -2868 -2857 -2843 -2829 -2806 -2773 -2731 -2685 -2656 -2637 -2587 -2497 -2392 -2238 -2195 -2181 -2177 -2181 -2193 -2211 -2236 -2272 -2308 -2341 -2371 -2396 -2416 -2430 -2440 -2448 -2453 -2456 -2459 -2460 -2459 -2459 -2457 -2455 -2452 -2448 -2445 -2441 -2435 -2428 -2421 -2415 -2411 -2408 -2405 -2404 -2402 -2399 -2392 -2378 -2354 -2318 -2268 -2229 -2207 -2201 -2203 -2205 -2205 -2203 -2199 -2194 -2188
-3011 -2996 -2982 -2972 -2965 -2952 -2935 -2917 -2897 -2880 -2863 -2841 -2823 -2813 -2809 -2805 -2798 -2786 -2765 -2736 -2700 -2667 -2638 -2610 -2582 -2552 -2518 -2432 -2375 -2294 -2226 -2183 -2165 -2172 -2192 -2224 -2264 -2312 -2358 -2397 -2426 -2447 -2462 -2474 -2483 -2491 -2498 -2504 -2509 -2515 -2520 -2525 -2530 -2533 -2536 -2537 -2534 -2527 -2517 -2504 -2488 -2471 -2452 -2430 -2399 -2368 -2348 -2355 -2388 -2415 -2422 -2417 -2406 -2389 -2377 -2365 -2353 -2338 -2321 -2298 -2274
-3095 -3089 -3083 -3076 -3067 -3056 -3044 -3028 -3006 -2980 -2951 -2933 -2916 -2899 -2881 -2861 -2843 -2830 -2819 -2806 -2795 -2782 -2762 -2735 -2711 -2700 -2703 -2717 -2680 -2599 -2496 -2397 -2327 -2296 -2299 -2323 -2354 -2386 -2409 -2429 -2445 -2458 -2471 -2483 -2496 -2507 -2519 -2530 -2541 -2551 -2560 -2570 -2579 -2587 -2596 -2604 -2612 -2618 -2623 -2627 -2628 -2627 -2623 -2615 -2599 -2578 -2547 -2533 -2554 -2589 -2623 -2646 -2660 -2662 -2656 -2647 -2637 -2627 -2617 -2610 -2606
