Resources/Map/Lvl0_30x30/Ele_DA.asc
ncols         335
nrows         335
xllcorner     -20045000
yllcorner     -3375000
cellsize      10000
nodata_value  -99999.0
[rows 150 to 174 of 335, columns 114 to 170 of 335]
-4517.7964 -4538.8052 -4608.3403 -4667.3047 -4734.4404 -4791.522 -4865.9414 -4960.2275 -5045.4917 -5091.5781 -5127.7876 -5160.9946 -5169.0674 -5177.3145 -5169.2485 -5126.9146 -5069.2412 -5100.4336 -5117.3525 -5170.8101 -5251.3359 -5259.311 -5202.8218 -5241.708 -5403.1265 -5467.5806 -5311.1548 -5157.5708 -5335.3164 -5526.9722 -5477.8374 -5394.5728 -5337.6304 -5418.9688 -5552.6714 -5595.981 -5528.1567 -5414.355 -5465.6152 -5521.8091 -5436.4951 -5440.7114 -5481.0127 -5485.4014 -5560.4082 -5547.2148 -5525.1841 -5523.8452 -5518.9829 -5647.939 -5524.2485 -5374.1396 -5444.1309 -5468.7334 -5443.1221 -5465.585 -5219.5298
-4335.8433 -4278.4849 -4311.248 -4386.3848 -4503.4985 -4625.0962 -4751.6318 -4867.0488 -4980.77 -5050.2095 -5083.8364 -5104.6377 -5162.7852 -5186.8794 -5179.9165 -5152.6284 -5116.4033 -5122.3765 -5152.4292 -5193.6284 -5211.3042 -5218.7471 -5253.0933 -5339.1953 -5466.8145 -5467.2261 -5316.6836 -5190.8208 -5349.3599 -5489.0386 -5511.7583 -5501.1064 -5432.1372 -5451.4302 -5496.0098 -5519.374 -5570.3477 -5503.896 -5587.4224 -5644.9136 -5550.9023 -5516.125 -5497.4087 -5495.6924 -5543.5352 -5396.2314 -5394.9014 -5450.3804 -5475.8364 -5580.521 -5526.043 -5484.563 -5444.9507 -5434.814 -5400.5488 -5342.9395 -5200.6689
-4028.3848 -3821.488 -3811.6504 -3978.1106 -4224.252 -4445.3516 -4636.2661 -4810.7949 -4939.9121 -5025.7666 -5064.0518 -5100.9175 -5169.9766 -5194.9878 -5193.4463 -5177.4761 -5172.6353 -5157.248 -5182.6255 -5204.5044 -5190.7319 -5230.7153 -5307.0142 -5396.9634 -5460.9307 -5454.9546 -5443.0708 -5439.8477 -5501.2656 -5473.3848 -5420.4692 -5455.1577 -5514.0493 -5548.5107 -5565.4199 -5579.8311 -5606.687 -5572.5186 -5594.3999 -5510.9673 -5414.6826 -5467.6245 -5476.8223 -5471.3477 -5514.6182 -5422.8716 -5363.5771 -5373.8687 -5442.4253 -5491.3179 -5438.9976 -5513.1929 -5516.2964 -5354.2935 -5221.4321 -5143.5776 -5121.6284
-3376.6138 -3220.2361 -3221.2021 -3463.2148 -3835.4155 -4175.54 -4467.0908 -4706.4385 -4843.8105 -4962.9023 -5060.8506 -5138.3135 -5178.9033 -5205.3164 -5221.2788 -5202.0503 -5230.5469 -5202.5498 -5227.7979 -5244.4375 -5238.8071 -5232.8423 -5188.4263 -5304.1074 -5423.748 -5406.0439 -5409.8394 -5468.1274 -5522.6577 -5501.2803 -5426.9917 -5431.6626 -5467.2158 -5567.6934 -5622.5356 -5576.9175 -5525.9058 -5530.0454 -5559.835 -5499.7671 -5438.5371 -5423.855 -5331.6372 -5258.2344 -5410.5786 -5507.8652 -5557.0142 -5549.0884 -5463.2168 -5466.5122 -5436.458 -5498.6797 -5558.293 -5324.7007 -5188.418 -5068.9551 -4976.1377
-2054.2268 -2161.8154 -2234.2263 -2627.741 -3139.7434 -3578.469 -4200.1606 -4409.269 -4354.0835 -4437.1196 -4821.5063 -5087.4204 -5166.7515 -5232.3384 -5259.3423 -5227.2861 -5246.4868 -5196.7207 -5127.834 -5083.1011 -5211.3813 -5341.2881 -5222.2729 -5261.2314 -5398.4629 -5402.7832 -5406.8477 -5447.5732 -5465.5356 -5496.4331 -5562.166 -5547.4775 -5425.8501 -5562.1841 -5640.5552 -5607.7339 -5710.915 -5715.1016 -5588.1152 -5530.8652 -5501.3218 -5448.9629 -5377.7378 -5287.0107 -5390.4336 -5484.4336 -5433.0898 -5406.9268 -5318.8223 -5467.8862 -5427.6089 -5383.2783 -5406.5581 -5170.6987 -5331.9238 -5276.2051 -5059.0112
-1667.5583 -963.0441 24 -1205.1411 -1700.6749 -2617.9424 -3584.769 -3511.2522 -2849.1836 -3311.0503 -4327.3335 -4952.0161 -5139.5566 -5201.2373 -5221.894 -5211.3848 -5204.0225 -5101.7432 -4882.123 -4812.2051 -5089.1318 -5319.4009 -5286.6089 -5281.2231 -5316.228 -5272.1367 -5328.2231 -5458.5664 -5470.3491 -5473.103 -5570.6968 -5557.4331 -5502.3979 -5606.9063 -5600.9507 -5610.5386 -5768.4409 -5687.3047 -5470.6284 -5424.3931 -5397.4639 -5314.4683 -5277.8892 -5313.4458 -5387.4263 -5474.7539 -5457.8301 -5396.5259 -5362.7734 -5392.1675 -5306.8501 -5144.7085 -5074.2861 -5084.6641 -5299.5566 -5454.1553 -5381.8525
-2493.6338 -1933.1094 -1427.1809 -253.3075 -621.8635 -2160.4873 -3424.791 -3506.2952 -2930.2444 -3567.3987 -4465.978 -4955.061 -5092.3496 -5145.1348 -5194.563 -5206.9092 -5162.7178 -5039.8223 -4912.4912 -4909.1011 -5077.1255 -5246.9531 -5314.0181 -5349.812 -5339.877 -5186.4399 -5229.5527 -5472.4033 -5504.2695 -5478.4878 -5520.7056 -5477.4033 -5498.6938 -5569.689 -5631.9067 -5692.4448 -5656.4951 -5529.4434 -5392.8062 -5380.228 -5362.4126 -5324.7505 -5259.5986 -5296.6475 -5397.855 -5514.5747 -5490.0933 -5466.1748 -5555.4893 -5486.5991 -5367.3271 -5278.9067 -5222.8687 -5270.9814 -5257.0479 -5303.6558 -5449.356
-3094.0679 -2822.9663 -2546.8752 -2132.6042 -2317.8076 -3123.3999 -3991.6743 -4233.0083 -4276.1294 -4462.6533 -4812.313 -4954.5957 -4885.3896 -4883.7393 -5089.833 -5164.9644 -5047.1733 -4791.0313 -4674.7817 -4791.2632 -4949.0269 -5155.2783 -5311.3306 -5396.041 -5366.8184 -5206.9565 -5222.7412 -5500.77 -5524.4688 -5429.0688 -5473.9092 -5455.124 -5465.4468 -5544.5229 -5733.0747 -5848.8989 -5709.7085 -5583.0645 -5527.6719 -5433.2939 -5371.1968 -5355.8804 -5336.7915 -5449.8169 -5504.4023 -5523.3521 -5388.7002 -5371.9683 -5536.4238 -5534.4937 -5457.6138 -5428.1689 -5412.3706 -5480.439 -5474.8491 -5563.457 -5572.4565
-3261.8633 -3297.9834 -3248.3457 -3180.4663 -3312.873 -3649.6311 -4114.5493 -4410.5786 -4596.9771 -4753.1143 -4874.3442 -4857.0835 -4379.6685 -4023.137 -4744.7129 -5058.4136 -4864.2739 -4156.499 -3568.7422 -3974.615 -4595.0781 -5044.0205 -5284.334 -5389.6392 -5364.4673 -5296.1504 -5303.2842 -5455.9131 -5449.4067 -5398.9575 -5499.7959 -5477.2466 -5430.1353 -5505.5371 -5634.4097 -5688.6089 -5665.4912 -5563.3247 -5543.4165 -5510.3608 -5471.7969 -5408.5278 -5394.708 -5499.499 -5530.6338 -5520.5518 -5444.0874 -5401.9561 -5498.9746 -5516.8506 -5492.2104 -5496.0166 -5533.5449 -5482.7769 -5542.6294 -5823.8359 -5695.3521
-2630.9614 -3344.7368 -3739.582 -3784.604 -3774.3469 -3909.5962 -4179.77 -4444.4536 -4630.6968 -4782.5762 -4879.168 -4858.8203 -4541.9492 -4199.5923 -4787.8232 -4889.6074 -4590.8374 -3411.26 -2035.6345 -2965.3494 -4452.9717 -5089.2144 -5321.9136 -5390.002 -5282.4038 -5232.5981 -5336.1245 -5365.2671 -5381.3906 -5431.8828 -5469.6445 -5436.2104 -5391.8682 -5438.1997 -5455.5342 -5451.3418 -5482.7466 -5442.8398 -5427.2451 -5417.9619 -5433.103 -5451.8301 -5433.333 -5526.3408 -5535.2905 -5477.7627 -5512.5718 -5477.0664 -5499.4248 -5587.1924 -5611.2905 -5605.1035 -5679.6328 -5544.1133 -5630.5449 -5813.8091 -5651.147
-1800.1853 -3146.8291 -4004.0574 -4128.0864 -4103.1426 -4176.8872 -4340.292 -4543.1445 -4710.0034 -4825.207 -4914.4189 -4952.9048 -4945.5737 -4887.2466 -5025.8042 -4948.6162 -4556.7031 -3691.1182 -2933.3772 -3597.791 -4697.6885 -5214.6255 -5356.0659 -5358.085 -5174.1606 -5030.0044 -5203.8052 -5290.7974 -5298.0586 -5366.5142 -5379.9839 -5366.8828 -5342.5493 -5386.4175 -5418.8809 -5436.8687 -5453.9014 -5452.5947 -5437.8037 -5416.0669 -5445.2095 -5525.5278 -5442.1387 -5493.6523 -5598.8594 -5516.4907 -5564.8354 -5599.3496 -5542.8892 -5628.4458 -5665.6445 -5631.7656 -5674.6182 -5610.9238 -5705.6084 -5805.6235 -5717.4321
-3439.8596 -3971.1895 -4318.751 -4412.5859 -4414.8916 -4460.9756 -4510.2246 -4646.4941 -4783.0654 -4893.1875 -4947.5454 -4997.1885 -5024.8735 -5041.4985 -5072.2324 -5034.7891 -4843.0752 -4615.6665 -4535.3447 -4612.0806 -4878.1011 -5190.4307 -5304.3921 -5249.4702 -4951.6479 -4759.4038 -5036.3213 -5232.9297 -5277.917 -5259.1504 -5252.4048 -5271.0342 -5253.0791 -5304.0562 -5367.0244 -5435.8818 -5434.3345 -5420.8701 -5415.8838 -5433.2593 -5447.6001 -5508.7222 -5571.4854 -5587.1392 -5589.605 -5601.0742 -5649.2456 -5672.8853 -5615.8481 -5639.8252 -5664.6807 -5656.5171 -5749.729 -5768.873 -5819.022 -5851.8218 -5826.5098
-4386.8438 -4507.479 -4589.2778 -4611.1377 -4647.7319 -4683.1431 -4653.6714 -4759.2686 -4865.5479 -4952.667 -4936.1421 -5005.5845 -5088.7139 -5076.2441 -5095.9561 -5107.6929 -5063.7549 -5029.3545 -5030.6274 -5005.2817 -5042.0352 -5169.8345 -5223.3374 -5136.2158 -4937.4307 -4898.856 -5104.8555 -5192.4585 -5231.9951 -5216.855 -5150.0405 -5178.0361 -5229.3779 -5264.8271 -5305.0259 -5392.1138 -5424.9019 -5391.71 -5378.0835 -5464.9263 -5511.9629 -5499.3574 -5496.2271 -5510.9727 -5556.2769 -5600.0166 -5626.2637 -5653.5156 -5645.8599 -5638.4307 -5624.3872 -5658.4819 -5754.7373 -5778.8008 -5803.3784 -5789.2798 -5785.6914
-4702.4336 -4721.6685 -4767.9795 -4817.1899 -4802.7549 -4841.0542 -4833.5933 -4898.4941 -4951.6006 -5001.1543 -4927.9731 -5011.6572 -5193.2671 -5149.6343 -5132.3672 -5137.9136 -5140.9521 -5122.6113 -5084.7578 -5108.1226 -5157.7451 -5210.5664 -5186.6001 -5064.7876 -4960.8862 -5046.4507 -5172.7539 -5107.6416 -5121.1875 -5206.7012 -5109.0254 -5024.6343 -5124.1621 -5255.9253 -5302.8706 -5322.1602 -5347.5625 -5344.9268 -5364.5176 -5499.04 -5566.5225 -5554.5156 -5453.397 -5460.7998 -5528.585 -5580.9126 -5655.3096 -5698.5635 -5712.5981 -5641.8662 -5648.0181 -5664.3838 -5711.5557 -5732.9473 -5753.1279 -5756.124 -5737.2837
-4912.0874 -4911.1733 -4944.3916 -4991.5396 -4919.0767 -4948.6709 -4974.3101 -4999.0366 -5024.439 -5059.2539 -5035.7251 -5109.9355 -5294.7896 -5205.2407 -5180.1177 -5176.3755 -5133.9536 -5163.251 -5109.1987 -5144.7715 -5208.3276 -5225.436 -5190.7085 -5079.1494 -5026.0103 -5143.4067 -5169.0991 -5004.187 -4986.8564 -5078.5972 -5011.8052 -4916.1362 -5037.624 -5220.9634 -5320.2295 -5386.8423 -5417.7158 -5462.479 -5519.8652 -5524.6299 -5495.1914 -5497.8354 -5426.3604 -5389.7026 -5488.2285 -5564.8853 -5681.8687 -5777.6519 -5735.1709 -5693.2192 -5747.4536 -5747.6968 -5713.5151 -5714.9785 -5735.0469 -5754.9873 -5723.7505
-5003.9858 -4952.8247 -4989.3589 -5044.978 -5017.4917 -5024.6274 -5035.8125 -5067.1821 -5058.937 -5083.2017 -5108.811 -5168.7397 -5328.4033 -5215.25 -5193.5986 -5207.0322 -5132.124 -5175.1821 -5138.0854 -5129.7412 -5198.1265 -5191.9106 -5038.4976 -4909.874 -5050.2598 -5269.2729 -5201.4395 -4939.2705 -4900.7461 -4965.814 -4967.7417 -5080.0059 -5155.4399 -5194.7021 -5360.3125 -5542.2998 -5503.8491 -5480.8027 -5544.2158 -5539.0176 -5439.3691 -5425.2041 -5436.249 -5382.9663 -5479.3823 -5612.7192 -5710.3521 -5384.2607 -5130.2754 -5580.4805 -5803.6572 -5727.3784 -5687.3442 -5661.6484 -5692.5908 -5735.8853 -5679.5449
-5042.1602 -5011.5024 -5056.0229 -5100.1792 -5069.5845 -5051.2466 -5069.7441 -5090.52 -5080.686 -5098.5503 -5078.5044 -5153.5952 -5326.1943 -5218.7412 -5209.7344 -5237.5317 -5191.4487 -5192.6304 -5166.6035 -5122.2368 -5165.0386 -5160.876 -4884.1401 -4741.4014 -5053.5459 -5325.9883 -5182.5977 -4888.9956 -4918.2778 -5048.8369 -5113.1094 -5300.8906 -5277.7134 -5199.2461 -5362.9473 -5583.2378 -5422.437 -5285.8438 -5385.4131 -5514.2813 -5456.0625 -5418.0562 -5455.0713 -5368.1401 -5449.7476 -5644.1138 -5633.9331 -4676.4004 -4393.4238 -5481.8638 -5774.1279 -5638.9087 -5651.4404 -5596.0049 -5676.9897 -5755.0342 -5632.5752
-5050.2065 -5077.4897 -5105.7773 -5111.6934 -5082.9565 -5074.6982 -5106.7651 -5135.498 -5189.3018 -5190.0044 -5178.0479 -5259.4282 -5356.7134 -5286.9243 -5242.6934 -5246.8311 -5207.9263 -5187.0249 -5167.8506 -5160.1943 -5188.7822 -5203.9194 -5033.2847 -4948.5913 -5218.5928 -5347.2935 -5188.6431 -5058.8184 -5136.627 -5164.689 -5161.376 -5345.5576 -5436.0669 -5392.6528 -5451.1802 -5492.209 -5249.3145 -5128.8208 -5246.6479 -5359.9761 -5336.1011 -5392.9111 -5471.3242 -5364.1128 -5418.7803 -5612.4312 -5666.397 -4998.8628 -4957.874 -5689.7148 -5695.7515 -5535.2964 -5598.4321 -5588.3105 -5650.4902 -5676.0986 -5578.2852
-5081.8057 -5115.0195 -5133.0029 -5083.1509 -5081.3491 -5114.8989 -5136.1045 -5179.2881 -5263.2202 -5253.6597 -5291.3701 -5297.6475 -5363.6948 -5335.4219 -5239.7817 -5239.5552 -5202.1523 -5184.2388 -5180.8745 -5213.5425 -5197.5996 -5150.3291 -5000.915 -4987.2993 -5303.8076 -5393.7241 -5201.8208 -5210.168 -5352.54 -5293.2852 -5243.4326 -5371.7754 -5438.2993 -5390.2109 -5386.6729 -5385.4775 -5251.6919 -5173.5493 -5242.0552 -5243.6714 -5249.0762 -5307.4385 -5377.5513 -5450.1851 -5486.0425 -5521.4448 -5600.4976 -5501.1445 -5541.208 -5696.0146 -5671.2461 -5552.1157 -5482.4487 -5459.9551 -5533.604 -5615.5874 -5608.6968
-5085.0327 -5126.7915 -5149.6401 -5091.249 -5093.918 -5148.6011 -5153.0527 -5191.8848 -5324.2588 -5389.9165 -5414.4458 -5335.8857 -5386.4043 -5329.2656 -5262.6108 -5248.2778 -5180.2012 -5192.4731 -5215.1763 -5248.311 -5145.228 -4976.9648 -4896.9521 -5093.4307 -5454.8286 -5483.0566 -5258.2485 -5306.6626 -5485.0488 -5513.2354 -5486.8984 -5472.6382 -5405.896 -5350.1147 -5328.7251 -5311.2402 -5281.7212 -5221.5635 -5269.418 -5250.6704 -5227.1846 -5256.3818 -5311.0322 -5431.4614 -5395.8525 -5410.4248 -5531.5142 -5591.085 -5599.3442 -5625.8574 -5663.3267 -5633.3066 -5497.4268 -5388.1416 -5468.5181 -5633.8457 -5579.7588
-5072.3364 -5130.6831 -5156.2437 -5141.041 -5131.1094 -5170.4702 -5189.3838 -5243.708 -5323.5674 -5373.6226 -5412.9985 -5336.457 -5390.5352 -5335.5127 -5301.3857 -5270.9468 -5168.0444 -5163.4409 -5120.3232 -5190.4473 -5148.0112 -4965.394 -4962.6348 -5249.8521 -5554.8091 -5543.584 -5327.5464 -5386.3584 -5561.561 -5608.9746 -5525.2075 -5461.3521 -5401.1064 -5310.3457 -5287.7017 -5301.1094 -5292.3281 -5217.9702 -5242.2427 -5220.4561 -5178.1304 -5255.0811 -5240.8135 -5216.5972 -5277.479 -5316.6377 -5410.4175 -5539.3198 -5544.2314 -5565.8955 -5663.5029 -5660.314 -5595.1821 -5534.1641 -5535.2202 -5569.3354 -5279.3618
-5085.8135 -5128.5938 -5158.8784 -5176.9521 -5169.5532 -5204.3979 -5229.249 -5299.8184 -5213.9624 -5176.7227 -5359.3774 -5350.8384 -5350.5415 -5324.9463 -5314.103 -5298.9702 -5197.7827 -5121.8232 -5028.3252 -5148.1157 -5196.1025 -5140.0391 -5194.6074 -5442.5708 -5689.5576 -5676.6846 -5413.0859 -5255.1948 -5311.5171 -5531.1436 -5578.7593 -5515.2485 -5266.3926 -4998.9834 -5171.1206 -5356.3423 -5295.8232 -5253.7598 -5201.4482 -5102.0933 -5139.6938 -5199.0806 -5176.0591 -5159.6636 -5265.8838 -5233.1719 -5247.2051 -5444.5601 -5562.519 -5529.7373 -5635.2534 -5659.4961 -5649.6294 -5641.5029 -5575.7539 -5602.7549 -5290.5957
-5134.7559 -5142.4346 -5145.7036 -5173.8999 -5172.8545 -5215.5024 -5221.2651 -5245.0479 -5110.6919 -5087.5327 -5272.2124 -5330.7461 -5363.063 -5330.9526 -5356.3564 -5276.9312 -5181.3389 -5114.0093 -5042.332 -5140.4414 -5166.0938 -5045.3154 -4934.6074 -5264.5254 -5770.8062 -5819.1914 -5430.2314 -4658.9849 -4250.0537 -5020.9414 -5647.5063 -5615.9121 -5166.3232 -4829.0806 -5172.397 -5390.4707 -5241.1699 -5277.3633 -5176.481 -5054.1201 -5144.1919 -5124.8203 -5122.8716 -5180.8364 -5193.5547 -5159.5283 -5239.9219 -5425.0488 -5580.1567 -5566.0923 -5584.835 -5643.1807 -5675.2725 -5654.1553 -5600.1221 -5710.772 -5611.8672
-5168.4512 -5157.9517 -5146.1211 -5180.2188 -5202.3403 -5229.0356 -5230.4292 -5242.3252 -5213.9722 -5229.3643 -5236.6948 -5297.5415 -5379.2456 -5324.8511 -5342.5425 -5223.6099 -5180.9692 -5169.2881 -5157.5347 -5204.8462 -5221.0972 -4862.3403 -4285.5034 -4673.8506 -5544.4863 -5634.6313 -5338.3335 -4608.9756 -4036.3118 -4873.2329 -5638.8042 -5652.3696 -5432.1606 -5272.0732 -5445.9268 -5453.3135 -5226.5342 -5223.0117 -5164.603 -5101.127 -5102.5356 -5114.7729 -5182.7979 -5168.3857 -5143.6738 -5187.2666 -5306.1938 -5432.4238 -5536.5488 -5598.8877 -5555.3247 -5612.3789 -5685.5791 -5573.0923 -5519.4419 -5625.3975 -5553.2158
-5151.3867 -5149.9004 -5177.6963 -5223.5054 -5247.8892 -5272.251 -5282.9219 -5276.2529 -5256.5938 -5289.0103 -5254.4785 -5291.8335 -5336.9102 -5308.5083 -5304.9297 -5194.3994 -5196.9414 -5143.624 -5238.0576 -5290.1543 -5111.7915 -4462.4028 -4042.3447 -4851.396 -5644.0474 -5594.104 -5549.7026 -5462.5669 -5226.5894 -5476.7319 -5669.5269 -5610.1743 -5575.396 -5530.1025 -5572.6284 -5521.8418 -5310.3018 -5225.9751 -5171.8818 -5136.3354 -5119.8184 -5165.2715 -5238.4253 -5155.8281 -5172.8677 -5308.5859 -5377.3018 -5452.686 -5542.9419 -5576.8193 -5567.4814 -5632.1792 -5697.418 -5481.5542 -5413.8511 -5577.1943 -5454.3345
