Resources/Map/Lvl0_30x30/Ele_DH.asc
ncols         335
nrows         335
xllcorner     3405000
yllcorner     -3375000
cellsize      10000
nodata_value  -99999.0
[rows 162 to 188 of 335, columns 60 to 119 of 335]
707.7786 657.5455 646.2308 616.1905 596.3143 582.6161 592.673 618.8165 585.0517 554.9876 626.2238 580.8901 577.3164 704.4786 684.4799 635.1733 577.0933 609.9827 647.6809 641.1295 694.2184 555.1065 541.8315 549.9045 568.3143 740.3609 459.174 578.2645 675.3691 585.8359 532.6724 551.8774 567.258 509.3703 451.4937 433.3215 387.1619 359.0344 336.4473 318.3421 294.5282 273.5684 247.85 227.6529 175.66 129.5423 124.2865 160.8372 158.3012 126.6491 119.2521 38.5812 86.9649 25.5769 -72.1288 -504.6057 -1155.3701 -1905.1285 -2534.6809 -2837.415
687.0674 655.9891 622.0778 608.3936 623.2137 598.8671 680.6465 619.3569 607.5616 914.5736 896.843 600.1145 629.7208 664.4268 723.1407 648.562 605.7865 647.6351 674.8599 666.3541 591.5335 575.4646 656.2159 613.9849 597.2064 600.1845 519.3911 617.3328 739.4258 558.6586 581.3724 545.1909 514.8278 503.6293 450.6368 472.9438 411.4207 399.5117 358.2991 327.5128 255.7327 222.5768 235.1577 210.3685 184.5078 148.8687 148.705 113.1498 81.6653 120.6606 54.6717 36.9512 48.2244 25.4762 -168.8114 -653.1222 -1249.1671 -1932.6785 -2535.4663 -2769.3591
672.9547 651.2701 622.2984 620.7455 631.1797 630.5582 613.3391 581.4126 932.4089 838.4606 633.7239 618.6789 670.9879 1172.4403 693.2242 713.3724 820.1927 744.926 803.2402 729.8068 651.8849 674.1185 706.2438 618.6001 882.8397 571.8529 573.2684 581.0796 637.7995 543.2246 478.2242 476.127 455.2101 446.6266 451.6588 419.905 353.9675 341.5344 288.7437 268.595 266.8058 287.4991 232.9978 206.066 150.664 109.8069 78.5148 72.8768 44.7918 62.3089 51.4545 15.8523 22.1052 -8.8937 -259.3496 -813.2762 -1460.7633 -2136.6616 -2610.6387 -2730.7878
697.6723 681.7211 670.5289 633.6036 665.4849 650.9163 639.009 607.0624 999.0945 672.7541 714.4677 670.1838 684.2106 728.5717 875.8572 1321.1589 856.9646 767.9932 672.4257 735.391 647.5123 662.311 698.4868 613.1358 661.8086 660.0155 587.8325 639.7416 907.1474 549.6381 508.9193 460.1003 429.6124 382.1678 377.2177 384.3704 375.9341 367.8717 342.7046 319.8284 305.7712 264.9888 251.6503 224.304 170.2664 133.3553 134.1152 101.7613 82.6503 88.8683 39.9105 13.8931 9 -26.4172 -308.1577 -888.3364 -1525.8258 -2176.5239 -2602.2654 -2696.7876
751.7559 825.3165 791.0622 703.3484 669.3032 641.08 609.7762 633.8718 734.7232 759.1058 831.5109 1388.8052 1085.6226 998.1813 772.065 893.5114 825.5253 691.0062 680.7278 640.6596 652.7426 611.4849 645.8956 630.7028 595.4128 660.8121 701.0364 522.3373 547.0042 521.7276 477.4303 481.2684 456.349 404.0106 315.1266 347.2816 337.0117 363.5646 327.9572 286.2425 238.4624 204.038 185.6401 147.2243 159.2721 132.0852 130.6179 89.1049 99.4808 36.0362 6.0448 21.4683 -21.0186 -99.2454 -439.2808 -1012.7986 -1580.778 -2151.0242 -2544.0767 -2663.0503
705.2708 794.6971 744.5558 706.1646 668.6921 639.9998 683.0782 657.383 719.0281 877.2393 1052.6442 1329.4264 1201.8876 1024.464 811.6201 816.7912 759.6395 696.5455 651.3678 659.1906 635.3652 600.6307 551.1296 597.476 532.2772 528.928 535.615 470.8602 486.0653 425.1575 424.7377 408.1624 412.7477 359.3343 305.073 311.9944 309.0691 346.7802 305.5031 282.9871 238.5131 206.7858 164.6787 141.8537 120.4452 112.5239 106.4986 82.7042 82.5734 35.3124 60.0057 33.4959 -21.2955 -166.4516 -572.1348 -1117.7067 -1651.0675 -2153.1841 -2489.5308 -2635.0669
696.2161 688.8051 707.3201 694.7715 825.6546 761.2761 798.5298 712.0762 812.2841 859.347 1086.4937 1537.2893 1197.0087 1017.2114 957.4861 898.7888 742.5156 713.4066 717.5684 670.232 667.3458 611.4789 563.7527 506.2922 519.0309 533.3599 548.2544 428.629 469.9431 450.5598 371.4445 366.4432 363.6837 343.4726 310.4925 267.0464 266.3627 307.9066 279.8569 264.2567 220.5452 199.5028 149.3052 129.3538 102.2894 72.3912 101.1942 83.4094 76.3638 78.16 35.3251 15 -10.6856 -204.8479 -647.4926 -1140.0919 -1615.0057 -2103.4192 -2491.2373 -2668.9419
679.0294 687.7396 714.3229 788.7973 876.7809 749.0433 762.4281 779.2094 756.2769 708.5096 793.2563 1093.0695 955.4554 918.7004 804.9836 871.8693 762.5134 701.6218 699.4863 630.6627 634.9998 596.6672 535.1682 532.0126 504.7747 454.1724 598.3356 429.2375 562.1768 464.8251 378.4721 329.248 299.865 288.5881 276.5166 235.9701 252.6535 264.1196 261.096 218.0597 196.3439 172.0266 133.8425 98.1728 85.627 71.1095 70.1527 61.7727 38.3664 84.3579 17.0795 24.8243 -43.9706 -298.3172 -740.9136 -1168.0894 -1602.3109 -2072.2693 -2497.7495 -2710.7131
700.1257 739.501 760.8745 803.9468 792.9368 802.2436 764.265 701.6043 864.437 648.7742 643.3272 646.0074 688.6141 648.3951 659.3747 824.6794 914.5551 659.5313 639.926 594.6156 540.4955 541.1346 497.2319 431.3589 473.3421 454.354 431.9449 390.9579 413.3119 418.574 406.9515 363.3472 339.7109 444.867 222.831 202.4368 226.9632 237.7225 240.6596 237.3522 185.1198 152.6808 136.7055 129.0744 92.9277 70.5972 74.2045 41.0426 24.0273 20.9802 35.5551 -7.4635 -124.9965 -428.1792 -826.3806 -1205.0599 -1614.8082 -2041.8638 -2441.0527 -2686.999
715.9462 824.6873 797.1035 776.4656 734.1697 779.9354 703.2508 662.88 675.3199 649.7235 607.0016 608.9455 638.6124 685.0859 766.3221 724.0929 682.7163 657.5024 598.5424 542.6494 477.516 490.5955 491.7646 579.7353 394.7363 424.9517 384.4168 395.6299 368.2533 367.6065 313.1789 375.7362 307.5859 278.1333 221.8035 207.4895 189.8819 181.9276 194.2569 183.5497 172.3834 102.4828 119.7543 90.766 92.3354 76.8059 70.8218 23.3341 36.7915 30.158 4.7466 -50.2396 -235.9279 -559.1342 -908.4456 -1261.1482 -1634.1622 -2010.9237 -2364.1243 -2617.9614
750.5328 749.8098 751.3977 727.4647 729.9337 699.8569 657.3595 617.4219 651.3527 569.3555 556.7807 583.8342 590.2425 624.2022 1018.7071 651.1115 600.1624 555.3315 541.7712 561.7582 518.4297 443.0114 384.2544 441.5807 422.4952 339.1603 288.549 289.1165 449.087 316.6275 243.801 266.9167 268.2627 207.9824 224.7031 183.2224 160.6103 130.6293 171.4603 179.1168 128.6124 131.9328 63.7057 69.3379 84.1179 47.8776 66.9955 80.9336 37.268 21.1126 -24.8532 -128.3367 -389.7316 -739.4645 -1063.1742 -1367.1339 -1686.0643 -2007.771 -2319.5681 -2555.1433
731.6395 778.3867 756.2036 691.2278 689.5819 667.4716 680.7725 662.8256 601.615 558.9654 517.9849 501.8975 538.2511 516.6531 532.9753 550.4482 591.3456 565.7404 472.1643 526.416 490.4069 473.0839 442.2378 368.6826 285.4223 280.9274 297.6437 295.1487 222.813 312.0252 276.0687 207.4989 242.2914 233.1386 172.6879 133.5719 118.0484 138.5354 149.3056 158.5226 139.4729 109.7672 67.0932 39.9987 46.0351 48.7431 44.3901 37.7735 45.3697 2.3269 -68.7747 -266.7155 -589.5795 -934.7351 -1250.0006 -1514.3907 -1774.2987 -2062.3359 -2350.5845 -2535.9985
607.6752 664.8377 657.3188 600.3512 676.2468 658.3489 723.3812 805.6736 831.3389 716.338 697.0114 467.6735 459.2319 472.3355 485.4322 498.9756 655.4177 509.1155 439.6826 469.9758 482.4507 430.9037 388.7928 400.9579 393.5628 297.0616 305.9488 302.3031 345.7351 361.166 231.4957 202.8923 205.484 187.942 146.4432 111.1723 101.0141 94.701 109.7718 142.5419 103.2434 84.614 89.8187 69.2019 35.9276 10.9303 8.3952 26.9436 11.1473 -34.8134 -190.1132 -492.1758 -831.1379 -1158.2733 -1452.5833 -1681.5078 -1883.0792 -2143.4216 -2398.7815 -2532.8774
566.1489 693.3196 660.1577 597.6523 698.6451 668.3998 569.3155 589.3087 516.684 544.4614 525.4844 507.979 458.8047 470.2464 472.3163 480.1115 472.7183 430.2798 385.5316 421.8151 361.8853 352.0945 346.897 304.9839 263.5623 290.9044 349.4218 305.789 235.2807 216.7146 171.8301 190.3239 179.9063 201.5673 132.3265 101.9979 85.918 98.3385 74.6752 101.7782 87.9939 90.3164 47.741 38.6077 14.6846 8.5195 12.2707 -2.4032 -19.2831 -127.1883 -431.7418 -797.9949 -1101.62 -1383.2856 -1636.5658 -1828.6804 -1985.1641 -2201.2463 -2415.0613 -2548.4668
464.1009 455.7802 550.0367 606.2568 660.6541 617.6931 618.9438 554.6159 492.5782 449.8629 419.3157 436.7284 411.0017 418.2737 398.6156 414.8183 467.2384 440.5948 387.2582 353.3073 321.5787 279.705 279.2029 299.3871 274.4779 236.9772 229.3019 303.5295 285.2656 234.2642 197.2791 155.2086 152.5263 159.1053 149.9954 136.7114 117.2515 79.515 51.5199 74.1879 79.2475 51.1986 52.7178 40.8257 13.2034 13.1062 -2.2911 -28.4324 -113.191 -366.7682 -737.84 -1068.8229 -1352.8893 -1593.8655 -1802.0568 -1969.9055 -2088.645 -2245.8582 -2417.3896 -2551.9951
435.1951 507.6074 413.5815 917.8679 1014.1396 673.6782 615.498 543.2899 534.4683 412.893 459.4174 368.2175 353.6621 381.1584 370.8997 366.4317 348.6003 377.6818 336.9291 279.6785 252.9822 238.4137 275.981 295.4873 308.1347 232.9991 193.5467 193.8589 217.5748 210.5104 222.7684 159.6395 120.4187 116.2537 120.5366 104.8136 93.3611 82.1493 53.2558 34.7418 37.5475 18.0264 16.9675 9.8672 20.7213 12.0484 -11.8681 -85.0327 -326.8735 -700.5725 -1027.0474 -1304.5043 -1576.3552 -1786.985 -1951.7979 -2075.9536 -2155.9734 -2271.105 -2404.7896 -2520.9407
460.3784 397.9752 587.2021 680.1301 1204.8331 536.3267 586.6522 482.9159 431.2883 535.0823 386.9315 358.3386 330.3107 350.0511 371.1668 337.7967 308.5798 325.6852 325.0027 298.3028 223.5121 206.0905 216.6914 232.6289 231.1198 240.905 215.8064 176.4719 138.4788 161.3362 214.4694 211.6619 129.5434 80.3064 93.0607 80.0825 73.5414 67.2586 64.7228 32.2409 39.9757 15.6156 8.4006 13.0007 10.6267 -2.5179 -51.0406 -247.4933 -633.8319 -999.552 -1269.2648 -1523.2334 -1766.3082 -1936.8757 -2047.1312 -2116.5063 -2178.9409 -2284.3545 -2417.155 -2551.7742
461.8216 500.6971 379.916 451.0747 426.3514 391.1488 422.8597 474.4227 599.924 327.5167 305.7437 327.9503 286.9848 312.7706 393.7646 333.5844 267.1106 250.6148 265.8428 261.2516 201.2975 208.5939 159.5191 198.6581 223.9042 251.07 239.7092 176.4418 125.4385 146.8902 144.1046 162.6908 127.1581 74.9188 87.7237 82.1356 53.9949 51.987 30.2558 27.7896 19.7937 20.0417 8.0697 5.2016 -1.8918 -33.1007 -182.6033 -543.324 -951.442 -1247.918 -1472.9658 -1692.2456 -1890.8179 -2007.201 -2082.3792 -2141.1077 -2204.1108 -2319.906 -2469.0867 -2625.8967
403.0569 364.0395 371.085 366.968 323.0778 262.8927 283.1999 287.0355 268.5587 282.5939 298.4307 275.564 229.6153 307.0924 298.3139 379.0432 274.075 228.5902 246.0703 182.2711 205.0515 160.2416 179.6387 151.3584 210.0342 177.275 188.4248 162.1664 93.8452 129.6904 137.6696 119.0765 88.9918 72.9718 62.5403 74.763 56.3775 40.929 67.6685 44.089 14.4005 13.4264 7.4186 -0.1801 -17.1246 -110.8727 -441.287 -911.7757 -1242.4158 -1459.7499 -1631.5774 -1786.427 -1916.6445 -2002.2064 -2078.7974 -2148.6702 -2236.5916 -2349.8845 -2499.2993 -2639.0728
464.6671 446.3625 396.3366 352.7513 284.9523 281.7964 243.1199 246.9186 296.0906 272.1681 215.2876 210.4958 196.0118 218.0326 229.1762 290.0566 265.469 238.445 169.951 169.8878 157.7553 188.8293 153.2878 139.8112 154.8233 185.1526 123.4483 83.0092 89.6397 75.1669 84.4949 98.0745 76.7652 37.3542 50.8411 72.4626 48.6831 22.1505 13.4439 20.2568 17.9921 11.2949 -0.3213 -17.216 -70.8868 -327.6335 -838.9973 -1267.9263 -1492.235 -1632.2487 -1742.906 -1853.4261 -1938.1036 -1997.7015 -2079.9517 -2170.3743 -2267.167 -2349.7932 -2478.2983 -2607.749
364.3477 392.1075 463.4986 461.2241 358.9863 376.8008 340.1787 188.3913 225.4692 211.2804 204.9205 164.0323 209.8698 188.6459 184.9467 213.265 200.1225 221.9848 170.2505 140.6877 165.2897 166.0413 142.7015 109.2054 137.7373 129.9921 88.7107 84.9677 75.5053 83.4272 51.4616 57.2221 56.8955 36.2987 44.6328 54.2566 18.8088 31.2967 82.0511 15.747 21.2819 -0.9147 -19.6365 -81.8703 -279.903 -672.2001 -1128.342 -1456.0128 -1613.9343 -1719.9109 -1806.5277 -1893.8572 -1957.9672 -2017.8025 -2096.9932 -2188.438 -2283.2759 -2364.998 -2462.5559 -2574.896
399.1847 341.413 424.427 399.5217 409.9931 316.6847 265.0666 219.9766 199.5089 152.062 135.58 145.9833 179.6504 146.0492 177.9141 160.4056 149.1255 152.425 178.8233 107.8467 127.6326 145.5711 140.7123 86.3989 103.7623 107.6106 66.5416 68.0138 77.4086 94.8479 61.36 39.6689 49.3732 44.4523 34.8581 29.8383 23.4301 66.1852 47.4018 23.7491 -8.4751 -39.8157 -107.2999 -322.3524 -676.2594 -1033.0493 -1304.6364 -1512.491 -1635.748 -1754.8043 -1838.1617 -1914.2999 -2002.1333 -2090.4639 -2169.6577 -2259.3105 -2345.8801 -2407.1165 -2483.3232 -2566.2883
349.0542 308.793 353.381 332.745 364.114 338.1352 288.1351 241.2993 235.7312 205.3687 129.0761 120.4218 147.9011 138.1593 132.4357 138.7735 127.679 171.3875 166.5233 113.3626 121.2999 125.8087 112.2587 100.7482 78.9039 97.0071 60.3276 42.4377 51.5729 60.3095 37.294 34.9587 45.829 30.8479 18.0763 9.505 12.5858 9.1351 1.9704 -13.6389 -38.9298 -135.6271 -387.3301 -701.0636 -997.8051 -1257.7231 -1464.3793 -1574.1887 -1651.7296 -1755.9786 -1838.96 -1930.0034 -2063.0916 -2170.5596 -2251.0579 -2347.6357 -2420.2764 -2451.3901 -2523.0344 -2585.4346
294.675 331.8357 304.6143 280.7623 297.425 253.4189 237.884 259.3644 208.5247 213.3336 150.1679 94.346 128.9429 143.2947 112.7374 110.9769 113.1326 158.092 133.6122 88.6842 78.0612 96.0109 74.1504 97.11 90.8648 53.7771 45.7366 24.6647 33.914 44.6157 33.2285 25.9281 28.7496 38.1565 14.6295 9.0243 -4.4774 -15.8537 -29.8822 -70.6367 -200.3608 -437.3205 -737.1934 -1002.497 -1197.1952 -1375.1409 -1525.3801 -1601.7694 -1669.5497 -1760.9016 -1872.9662 -1981.0342 -2119.8369 -2226.0332 -2291.2197 -2386.9043 -2475.7766 -2506.6282 -2568.5273 -2626.022
325.7605 238.459 290.3199 256.3831 254.5816 240.7914 194.0842 214.0302 217.6259 179.7421 106.4608 79.294 112.6919 110.61 114.3143 88.1966 85.8226 100.6104 99.5156 60.6334 61.3509 75.9255 56.538 85.804 59.3008 52.377 59.8921 21.3184 23.7244 27.6745 34.3819 13.3507 11.3914 9.5839 9.1812 -0.284 -16.7433 -27.3452 -85.8653 -296.3773 -567.5148 -825.7518 -1028.5605 -1197.231 -1303.3684 -1410.7256 -1511.1105 -1585.3403 -1680.5425 -1795.8582 -1937.2874 -2042.9708 -2137.0171 -2241.9275 -2317.3022 -2391.4153 -2483.9927 -2543.3523 -2609.9724 -2665.7192
267.557 226.6659 243.5185 194.2884 169.1373 171.5462 173.8342 190.1921 151.2113 142.0383 128.3154 58.8397 110.0115 101.3822 64.234 51.9218 55.7138 63.4345 55.2847 44.4846 81.9427 47.7202 39.4167 47.0632 43.8766 41.4109 54.3893 42.5897 22.3138 10.0237 7.8214 17.8261 5.6058 -0.6185 -6.3568 -15.3626 -30.2795 -96.6181 -323.5169 -663.528 -963.2885 -1189.535 -1318.1545 -1378.8066 -1392.5382 -1443.1212 -1518.2013 -1598.6896 -1701.1827 -1834.9373 -1994.067 -2096.5271 -2144.1396 -2220.3408 -2307.1714 -2382.6316 -2484.5671 -2562.0063 -2633.4316 -2695.7598
243.7493 222.1857 161.0317 178.2766 169.1609 170.8243 125.1049 144.5241 131.5154 140.0434 135.4321 68.5433 101.5529 117.0761 111.9764 92.5544 37.1594 49.8727 57.2253 28.7244 36.5601 34.9651 39.0169 11.9295 13.7899 37.4094 12.9675 2 10.2045 0.3802 -5.3548 -6.5795 -13.5065 -16.7043 -28.0226 -64.0849 -177.2259 -411.0958 -727.9587 -1011.046 -1245.8441 -1430.9058 -1537.6733 -1521.752 -1508.3219 -1563.1503 -1627.2441 -1695.4894 -1790.9889 -1932.8652 -2068.4539 -2134.3254 -2171.5193 -2230.7954 -2315.9192 -2401.7388 -2472.3088 -2544.9729 -2646.1428 -2721.0618
