Resources/Map/Lvl0_30x30/Ele_BK.asc
ncols         335
nrows         335
xllcorner     13455000
yllcorner     3325000
cellsize      10000
nodata_value  -99999.0
[rows 162 to 188 of 335, columns 0 to 60 of 335]
570.4528 479.2075 351.767 411.9842 439.5422 485.029 308.7319 291.9534 271.5724 257.5091 252.1827 225.8187 215.2301 181.6199 179.5353 160.6487 156.6595 151.534 149.6397 149.3135 144.9889 141.2258 143.8035 141.6129 145.1003 141.633 136.9911 132.1606 131.3939 128.6682 126.4597 120.759 121.3095 122.6764 120.2697 120.4508 114.2433 114.0026 120.8344 122.2929 121.216 120.7419 119.9925 116.3761 122.7008 139.8624 128.3474 137.0593 128.7829 122.6394 129.0055 130.3997 138.6464 109.7826 126.6424 127.1267 140.4386 146.9957 145.303 145.9142 165.0876
485.4299 394.0662 394.5637 309.5966 364.8156 383.1358 309.7473 253.2824 242.1895 216.73 205.8465 196.4521 192.119 178.9057 174.4519 156.0838 154.9681 151.0293 147.3283 125.8503 141.5407 140.2516 140.2309 138.2533 138.2452 136.3384 131.7861 133.1385 132.1532 127.0464 125.2486 127.3287 125.9035 120.6775 121.4667 109.6863 115.7538 113 113 121.0121 124.7498 123.4549 117.8762 121.481 148.472 154.8385 148.3612 132.0946 127.5355 128.6647 130.6956 130.1411 139.827 124.1636 123.1348 145.4081 135.6067 141.0696 138.3088 149.3994 150.9905
511.7784 432.1052 404.1427 392.4065 290.3986 314.2437 299.8045 269.5007 232.7191 211.3024 198.0481 186.0368 179.2734 184.7317 172.753 163.5703 154.274 151.9505 144.9942 140.2019 146.8437 142.6418 144.4885 137.9306 136.5014 133.6953 133.1799 131.8678 139.3075 137.6761 127.026 124.1156 126.7345 131.0967 125.6369 98.5796 119.7271 113.3107 113.2543 127.7757 123.1022 124.387 115.1437 132.8725 139.6272 154.1368 149.3727 147.4357 138.5264 137.3268 150.5645 147.3673 137.4629 135.5614 157.2435 123.7449 131.8896 141.7471 134.2257 144.6088 138.8872
508.3736 426.3475 344.786 416.9081 444.6679 356.7998 300.3859 263.5955 250.3245 226.8891 196.1701 189.6308 182.2291 174.7467 168.0631 165.3422 158.6837 150.1137 152.1817 150.7636 150.8957 147.6276 146.49 147.1926 143.0676 138.8859 134.9193 133.9883 130.954 128.1123 127.5381 125.7025 130.7807 129.5063 117.7842 102.3816 116.0284 119.5536 119.3283 128.0825 123.7243 123.2257 125.3866 127.9337 132.492 141.8355 142.5767 158.5235 155.1449 156.6498 172.0603 137.9684 144.0217 174.0851 187.6444 197.0027 180.7417 144.3781 160.6381 143.7171 170.0978
402.5651 418.1761 333.2238 298.6917 343.336 363.6899 237.4715 229.7715 218.9373 211.2109 200.5294 191.7949 188.7279 179.6005 171.3266 163.0428 152.1077 154.8803 155.4126 151.1367 151.5963 146.5374 146.1128 141.7642 141.6527 144.2244 134.6607 133.0502 128.0597 119.748 126.8947 116.2112 137.0294 115.6818 106.1675 115.7036 113.4477 125.2747 127.0726 129.0089 127.7872 126.5528 128.7238 130.6024 133.736 142.8672 142.5127 180.6145 171.0391 165.2186 179.2315 194.638 184.0239 176.7632 172.2677 203.8638 204.6328 186.3716 171.7983 179.9859 218.5787
467.2238 406.5132 301.0154 307.945 254.7793 292.7227 226.2429 231.4713 212.5297 209.5304 201.1486 190.5361 182.718 178.0331 172.7558 170.1096 160.8612 156.3064 156.5842 155.4868 152.0856 150.1527 145.8822 141.0644 132.3186 134.0551 127.6816 134.3048 129.9771 118.181 128.7304 127.6619 128.1985 121.616 95.4384 114.0647 126.7347 133.2574 125.2339 137.8044 140.4466 139.3561 153.8696 165.0487 188.4296 218.959 168.8616 134.7991 179.3651 194.9734 161.7759 131.9503 144.6876 137.2734 154.4944 171.1933 188.7155 198.8386 183.1471 185.9528 199.6642
476.7381 370.816 311.8105 271.3557 288.6597 259.5526 218.4901 208.6045 201.17 198.6028 194.1154 189.0559 183.7335 180.2146 175.7794 171.8761 162.9272 161.4547 158.716 155.0509 156.1046 152.8635 149 142.9581 145.4238 135.6379 135.1216 133.7574 137.7917 136.1381 110.8722 124.9244 132.6957 105.6526 113.8448 125.0038 123.7568 130.2338 142.9676 149.5973 156.7252 168.439 184.871 201.0332 222.8823 249.4027 257.9103 214.273 142.4579 132.0548 144.0871 159.989 177.0457 160.9857 143.7486 146.7787 171.5951 188.5397 177.8507 200.703 222.996
520.8957 452.0451 364.6384 327.5976 237.9725 228.1019 219.4205 207.3476 198.4802 192.5613 185.2908 181.4942 175.9691 173.2847 172.5393 165.4905 157.8266 159.5508 156.1881 156.7577 154.0849 152.4066 148.5168 149.1852 144.3858 143.875 139.73 131.9333 135.6427 148.0957 132.2887 128.8822 114.172 100.9489 133.7806 128.3641 135.414 144.0378 153.3204 163.1042 166.2803 186.293 229.5218 243.2952 237.4955 241.9693 213.2021 226.6592 199.2295 174.6683 166.2903 164.1444 138.9894 137.1003 145.2042 210.4996 158.4185 149.3389 152.36 199.2157 209.4499
340.0179 349.6854 280.5427 240.1669 223.669 218.8186 205.6331 193.6894 195.5164 183.4814 178.6606 177.3101 180.3829 171.9118 169.247 165.8316 162.4621 158.2238 153.7359 156.0945 154.3589 151.0941 148.5271 145.4324 142.5536 142.6641 142.9116 129.8638 134.7128 131.3734 130.3812 144.3475 135.8823 126.3969 146.8344 144.467 153.301 149.0235 154.4805 183.5336 190.5698 178.4918 200.6115 224.6642 214.6355 200.224 199.8123 177.8453 180.8323 178.9287 151.8487 140.6591 152.1188 152.5452 147.5203 202.9172 191.7119 173.671 155.5692 157.5542 160.8508
260.4544 262.3896 251.4391 233.3466 205.6404 243.0284 193.4543 192.7489 189.7843 184.4283 176.8621 172.5617 173.5763 168.7493 167.3642 162.1369 166.4588 162.2808 158.1518 156.9816 154.17 151.5736 148.1322 143.6784 144.553 153.224 142.8706 139.9383 137.4839 136.6432 136.7198 140.5227 141.3484 151.9115 158.6009 152.6965 166.914 164.8726 169.5057 180.7454 195.9555 210.6866 202.3823 188.41 199.7393 184.2921 188.8479 187.0038 173.6472 155.7036 134.333 173.1389 178.0294 158.2831 146.0959 203.3441 197.1835 161.67 163.7277 163.3578 168.0421
249.464 231.2511 233.8554 214.9221 204.2639 207.623 205.519 196.6604 183.8624 182.656 175.1015 174.3906 176.5228 167.509 161.0697 157.0979 160.9819 158.7359 158.0232 156.3384 151.9437 151.3135 146.6601 149.2011 149.0678 146.9406 137.1768 137.3948 145.8127 145.8005 140.2926 138.5197 133.1987 143.3689 151.2966 163.429 172.9655 172.7393 166.9632 187.7417 199.0404 222.2652 199.952 164.3897 194.5191 179.1559 197.1085 171.1221 151.7827 145.3893 167.8223 168.8839 170.549 166.8479 151.8507 206.3051 197.9029 198.4072 248.1147 234.8343 239.18
298.3712 233.1078 219.5539 218.5158 221.8254 216.7533 200.7692 191.4461 185.9998 184.5267 178.4195 174.7917 173.7331 170.3743 162.9227 162.052 155.8815 156.32 154.965 154.5992 157.2293 148.1639 143.9391 141.0379 146.6167 139.6295 142.3968 138.5683 138.2519 138.0161 147.0231 145.5954 163.0955 160.8043 169.1011 188.9953 170.5953 174.7658 171.7703 183.1791 201.0646 229.5824 194.7689 162.7098 167.2339 157.329 167.1431 162.0399 136.9072 147.1019 193.1421 176.9763 166.024 182.9757 161.4834 177.9406 205.2363 191.0647 265.0854 239.0721 199.5666
281.4691 231.2364 232.7736 229.408 220.1719 208.5094 204.0707 199.9391 190.5694 183.2873 181.6458 180.471 175.9218 171.0314 167.7475 163.4279 160.2087 157.3399 152.9263 151.4346 148.7465 147.961 145.6102 147.8238 146.7915 149.7807 133.2386 136.513 143.3781 145.3192 147.8591 131.3468 141.4622 161.0819 175.4934 176.7634 184.6737 186.5654 187.8738 191.4199 205.6495 246.9269 208.6254 164.9311 162.8705 171.2611 159.8727 161.6318 145.2393 166.9196 199.6085 189.3977 169.9184 191.552 161.0243 195.6686 221.4671 201.6576 238.4913 232.688 225.294
268.8557 235.582 234.5817 225.2953 224.6652 210.507 206.6009 197.389 191.7313 184.4806 188.6835 179.9584 172.837 167.3144 165.6235 165.1651 163.5072 165.2026 158.3294 160.2361 148.1088 140.9502 140.5466 140.6517 140.271 137.8004 139.4779 141.3693 143.7128 139.8741 143.9639 146.1244 149.5934 161.9924 171.875 179.893 198.2097 198.9579 195.7139 201.883 220.882 235.1564 217.5383 164.2561 162.0402 159.0444 161.1153 159.5134 159.0718 180.1792 188.0625 169.6702 176.3971 200.0013 162.381 176.6558 215.5218 239.7019 292.3333 306.1566 282.7738
252.8675 241.8953 236.3309 231.3081 226.7563 214.6283 211.9491 199.7996 195.1287 192.8648 181.8368 183.6638 176.7213 171.1905 161.4126 166.2507 162.3255 159.3403 154.5303 152.0442 151.562 148.0195 137.903 136.9059 135.2076 129.9009 129.703 136.1114 136.2344 149.5316 133.6084 143.6119 168.2309 166.9585 168.9616 180.749 203.0727 207.4092 195.6066 209.7417 223.8873 242.1317 201.2884 188.992 178.2277 172.4167 167.1971 182.2675 173.2959 174.1845 206.443 180.5474 182.8782 191.5492 167.4604 196.2874 231.3586 317.4165 334.1364 264.1967 203.0526
252.8495 248.1945 241.7828 232.8467 222.5585 215.1693 211.2121 201.4011 200.9812 190.115 187.7117 183.7147 178.4885 175.5744 174.6168 168.3148 165.3956 160.5833 156.0254 149.9875 146.6571 141.9729 139.9091 143.2667 126.0797 129.8885 133.4675 126.5334 130.4036 134.1608 125.9176 135.9073 153.7207 175.0322 183.7841 186.7065 186.5485 201.3502 180.7724 192.6005 218.705 248.3894 200.5686 192.0225 173.1035 169.7314 171.5844 196.3773 191.9876 178.3879 210.6257 212.4057 207.4674 190.1972 174.8894 247.1227 303.7709 262.7301 213.0686 203.2181 176.6331
266.5106 249.4592 242.875 240.5997 221.4644 220.6422 208.6143 209.5107 205.8031 202.2424 193.8323 190.0736 178.7461 181.1577 176.4387 168.8952 166.1756 162.3872 159.4305 151.5247 148.7479 143.2532 146.7269 135.6875 135.0465 132.5872 126.0358 126.4889 123.1747 127.4085 129.1031 140.7248 165.7378 182.7948 192.31 186.011 180.4568 168.6589 180.7234 185.2243 182.1916 198.7379 220.6426 200.4862 177.2091 169.6404 171.3797 191.5306 210.2973 212.3317 208.996 234.7415 250.4137 217.0635 189.7856 249.6309 222.748 219.8263 194.9105 198.3083 194.9729
267.3519 257.786 251.3774 235.2534 230.3505 225.976 210.9182 210.7139 205.9602 200.8614 192.0284 186.7965 180.1259 173.1266 172.6773 169.0884 168.9631 165.5546 161.0146 156.2268 152.3161 147.7223 141.0635 140.543 138.184 142.3559 127.6399 117.7104 120.8309 130.2556 126.4299 128.5184 156.1474 133.5735 147.2402 152.966 148.439 140.5865 144.9046 161.1847 184.8897 182.1987 164.3176 203.4869 187.7877 180.5088 187.2637 188.1179 206.028 221.9796 207.4067 250.1689 257.0805 232.3186 202.2164 190.6136 220.278 202.8405 203.3022 223.9232 238.142
263.2318 259.6922 251.6394 241.9719 236.3103 229.3362 213.9413 215.4706 216.8686 204.1768 193.8896 183.4732 182.8797 176.6144 173.3876 172.8474 169.791 165.7103 157.507 161.1839 146.3961 141.0922 136.5356 135.0926 146.609 148.0984 143.5992 133.2413 111.0326 113.725 133.5704 147.4484 140.9883 136.8797 129.4166 125.8011 116.804 125.019 132.6527 141.5745 147.2354 146.0744 158.2557 177.3826 186.8215 180.0123 204.833 197.6797 219.1579 207.345 227.289 255.0652 236.646 219.1372 201.3018 190.178 200.2394 222.8553 244.0361 311.5824 376.7175
266.9214 258.2736 252.8564 245.9337 238.8236 231.253 218.9272 214.9484 211.639 204.387 197.142 192.2142 185.6506 182.934 175.6488 174.9856 172.6931 169.3066 164.0595 160.9404 161.4309 155.9808 154.7392 143.6827 139.1478 130.2792 120.9234 123.8089 127.6429 105.6457 141.8542 147.4523 123.1799 112.354 114.1684 114.2461 125.5652 137.7644 143.7894 152.9178 156.6836 147.1709 152.1889 167.4569 196.4866 208.9661 213.3018 203.6442 216.6948 220.5224 236.4952 263.4816 218.4271 193.3063 226.238 202.4197 222.9307 309.2359 365.9995 381.409 348.2602
271.2925 264.1692 254.3671 245.6314 240.0601 231.8863 226.8028 220.0257 208.3927 208.2269 198.727 190.211 184.3959 181.2627 179.9448 176.4646 173.5865 172.1291 165.4105 167.8416 169.5777 171.4729 170.9197 159.4525 155.4883 150.1859 136.8921 134.0256 105.3587 97.0012 131.8501 104.9931 107.3275 111.93 124.9495 127.6231 134.7863 145.9076 157.3003 166.0008 161.5635 161.2048 162.1511 188.1401 211.5569 212.8103 273.4992 333.7364 337.8282 213.7096 243.7394 227.8607 214.5102 207.0299 250.058 223.6794 303.4973 379.5706 295.4472 380.8147 352.5872
275.0643 268.6755 257.6422 249.0634 241.7914 235.3049 223.1124 218.82 216.5567 209.4957 196.0627 191.712 189.5329 186.0351 181.0241 178.3794 178.444 175.5875 173.4394 180.8483 185.7938 191.3037 182.2079 170.7067 155.3539 145.212 140.9506 133.9686 102.4752 92.7187 106.7377 100.9683 105.2917 111.2219 123.825 130.2403 153.3119 165.462 167.3868 178.2033 182.2502 173.0214 166.8248 192.2604 226.8974 276.9771 329.3669 296.7347 223.9494 239.7432 273.666 284.2777 246.8323 218.7048 232.7094 244.4352 280.8258 337.1304 355.2371 379.8623 394.1801
280.3705 279.1331 264.1754 262.3351 252.6214 236.1888 229.6933 224.9428 219.8828 209.3317 202.3471 195.8192 192.0126 188.4838 184.9272 189.3666 189.3982 187.0937 191.0426 186.2697 188.7025 192.2886 182.5753 178.6629 164.6736 145.8142 147.5845 138.8909 109.5983 130.3031 96.3375 103.0472 110.1553 137.3165 136.1106 130.8999 139.6767 147.2962 164.1169 190.5089 200.3082 204.9044 184.8652 190.2716 261.6857 301.9455 240.8173 241.0815 227.404 262.8367 259.8441 274.7869 285.4485 317.7863 327.5966 298.4377 243.1815 282.9483 363.6485 420.7498 563.0915
288.746 279.4242 266.7727 263.5057 253.8526 248.2224 233.7707 230.7886 222.837 224.0609 215.643 209.5542 210.3906 207.1268 201.8899 199.5117 194.6078 193.79 190.6808 188.4481 183.7272 178.2128 179.8324 170.6067 152.984 137.3557 139.5705 119.0423 134.7551 109.2182 86.877 97.7632 121.896 126.4231 109.5723 120.8816 135.7375 143.5158 161.041 174.9607 178.5599 224.4866 253.9872 219.6 217.6595 216.6288 226.3753 240.3204 285.2612 257.7657 304.2242 392.086 312.6595 348.342 322.5505 439.4973 301.7476 263.6281 438.4708 447.5831 610.2671
298.707 289.7273 281.3095 275.4908 265.1918 260.3971 251.2511 248.9697 243.4965 234.4184 230.6109 229.4817 223.7224 220.1862 211.7338 210.7847 213.0835 214.9621 212.5601 202.4279 194.209 187.6923 177.9043 164.5136 146.7953 150.8408 136.1128 116.5507 106.5585 90.4635 88.2035 98.9377 110.9765 106.6387 121.6467 124.0704 140.5633 153.5373 152.5289 178.1594 214.3981 298.6826 321.8434 221.2484 220.1077 243.3846 284.278 287.4258 301.4423 331.235 281.1064 312.645 381.2695 374.6707 336.352 340.7215 328.2126 298.7005 366.77 569.9961 467.4495
311.9468 301.6773 293.1118 281.779 276.1626 273.4041 267.972 260.4639 259.2887 253.9955 247.3171 246.0676 239.9848 232.0091 225.8489 223.513 220.7391 222.3737 214.1519 206.7679 208.2918 197.1606 186.7885 167.5507 152.4382 152.067 127.3758 125.1309 114.7164 85.7161 82.5454 103.3394 93.6704 120.5194 128.124 148.8318 146.0728 165.956 179.4889 191.6319 245.4715 331.3818 285.8724 259.6828 211.9221 243.8138 280.7576 318.8092 348.5615 337.3959 382.398 349.8839 324.9598 347.5083 366.2292 405.852 349.7058 402.1536 411.591 356.0088 382.6746
323.5634 315.807 308.6297 299.5503 292.5541 285.4999 284.7241 281.9536 275.033 268.2227 262.7948 261.2499 256.2262 255.7896 248.4866 241.1181 233.1599 230.0977 223.1895 222.5897 214.8569 198.328 179.7821 159.6455 157.0781 156.8367 130.5257 108.1324 103.2731 70.2121 84.3429 98.1101 95.8196 123.0651 98.8563 117.5743 131.8397 142.1138 156.8922 236.7081 298.0419 282.9667 327.7625 309.8832 254.4726 243.556 288.0718 326.6779 346.1005 315.08 358.4788 466.1997 381.9924 367.6055 378.3376 482.9763 364.5709 344.2229 354.4345 373.7411 432.7307
