Resources/Map/Lvl0_30x30/Ele_FD.asc
ncols         335
nrows         335
xllcorner     -9995000
yllcorner     -10075000
cellsize      10000
nodata_value  -99999.0
[rows 27 to 53 of 335, columns 183 to 243 of 335]
-4153.4468 -4202.4409 -4208.1172 -4156.4702 -4073.646 -3916.2488 -3795.8157 -3840.7007 -3976.927 -4060.3379 -4028.6345 -3924.8821 -3903.5386 -3986.1843 -4040.8083 -4029.4475 -4023.9504 -4044.0999 -4074.6858 -4097.0464 -4103.7686 -4086.0544 -4053.5286 -4050.5461 -4067.5317 -4051.6101 -4031.1948 -4081.5227 -4126.8125 -4125.4995 -4094.9976 -4067.1396 -4034.7961 -4006.3936 -4005.6494 -4018.0024 -4012.4749 -3991.0457 -3967.0525 -3940.8311 -3911.8508 -3891.0967 -3873.1514 -3883.2107 -3936.1899 -3971.5762 -3960.2148 -3919.8135 -3878.7808 -3871.9121 -3880.8438 -3893.9895 -3897.7361 -3879.5432 -3872.333 -3872.634 -3870.5232 -3898.6277 -3899.813 -3828.5186 -3756.4844
-4073.9473 -4129.1157 -4173.8311 -4186.7612 -4164.3906 -4114.1514 -4061.9011 -4049.7278 -4014.0129 -3911.6685 -3780.1323 -3735.8677 -3841.7156 -3963.3486 -3996.6216 -3981.4075 -3986.2881 -4018.3494 -4040.1055 -4043.2 -4052.7651 -4063.7532 -4048.0815 -4034.6199 -4039.6914 -4029.6553 -4000.8508 -4012.3081 -4048.1287 -4064.0847 -4062.8591 -4052.3208 -4038.3198 -4019.7988 -3996.3186 -3972.6519 -3958.5054 -3953.3208 -3937.6245 -3894.4866 -3833.8457 -3810.0366 -3833.5093 -3849.9678 -3845.6194 -3835.8794 -3823.1057 -3802.489 -3786.509 -3785.8289 -3806.5056 -3829.9834 -3841.7571 -3863.2888 -3882.1572 -3875.1653 -3850.0283 -3839.9868 -3844.9316 -3838.675 -3813.6045
-4074.4016 -4097.3589 -4133.9814 -4191.7646 -4233.5557 -4219.3433 -4149.3428 -4053.7979 -3920.2151 -3828.0745 -3799.2119 -3837.9729 -3917.3005 -3965.9199 -3967.804 -3952.1541 -3924.1685 -3867.7605 -3815.2888 -3823.8835 -3908.509 -3981.4521 -3997.146 -4006.0757 -4022.9158 -4011.4541 -3971.6042 -3965.373 -3992.0168 -3980.2581 -3911.1233 -3879.8586 -3933.5254 -3985.0205 -3976.053 -3942.2097 -3919.9202 -3911.2097 -3894.4397 -3862.1345 -3810.2319 -3785.2209 -3810.4607 -3829.9414 -3821.1479 -3809.3875 -3801.5476 -3773.1335 -3733.323 -3721.3228 -3740.7454 -3768.0051 -3785.1628 -3805.0547 -3843.7434 -3870 -3864.8699 -3854.6477 -3855.8909 -3856.6157 -3842.9575
-4076.4814 -4106.4067 -4147.8799 -4187.2446 -4201.5088 -4190.5586 -4163.0522 -4111.5313 -4055.1047 -4026.0459 -4001.7383 -3975.175 -3965.8428 -3965.7847 -3960.1899 -3931.8093 -3846.8511 -3674.2671 -3523.3074 -3531.7546 -3700.9963 -3879.7998 -3970.134 -4006.0637 -4007.9219 -3985.1521 -3961.0591 -3963.6804 -3976.4407 -3964.9519 -3915.5435 -3892.8848 -3929.4065 -3961.7317 -3949.9749 -3909.5254 -3880.5513 -3873.6628 -3877.4939 -3875.9482 -3861.1963 -3853.9983 -3843.7759 -3801.1506 -3731.3547 -3686.3552 -3691.252 -3703.1101 -3699.9673 -3704.1875 -3716.4529 -3714.5813 -3711.6592 -3714.0288 -3731.2471 -3781.0571 -3817.2864 -3797.623 -3796.3188 -3813.502 -3819.4812
-4153.9575 -4153.5903 -4115.2798 -4037.5981 -3945.3845 -3879.8259 -3865.6455 -3887.9502 -3909.4192 -3907.408 -3887.606 -3884.6946 -3901.8169 -3910.8684 -3908.7778 -3896.8806 -3882.0313 -3863.417 -3846.2874 -3867.8252 -3925.7944 -3968.4412 -3984.1548 -3970.7166 -3928.4932 -3890.1733 -3877.1484 -3896.7058 -3932.4287 -3961.4946 -3958.2871 -3945.1619 -3933.7847 -3903.3669 -3852.3425 -3822.259 -3838.3677 -3858.8584 -3878.5784 -3871.1003 -3856.2068 -3848.199 -3826.6157 -3783.3013 -3737.8203 -3713.103 -3707.4893 -3705.457 -3705.6853 -3716.3528 -3730.4158 -3730.218 -3695.6233 -3633.4204 -3595.4319 -3637.8462 -3716.179 -3706.3164 -3649.8994 -3665.2771 -3708.8044
-4068.4165 -4015.7749 -3908.5493 -3777.8359 -3721.8506 -3792.3591 -3899.9849 -3967.8579 -3981.1423 -3945.3442 -3880.8887 -3834.4436 -3828.8757 -3823.155 -3821.2671 -3838.0334 -3838.4937 -3833.4299 -3836.9353 -3879.4958 -3930.7791 -3930.9929 -3902.7339 -3872.5461 -3857.5103 -3858.1677 -3854.5415 -3834.9253 -3834.0891 -3855.0095 -3859.1726 -3845.4019 -3850.6074 -3864.3157 -3859.5762 -3834.3564 -3808.0557 -3804.2803 -3812.7922 -3810.4534 -3793.8853 -3777.0459 -3762.5679 -3739.4729 -3707.7383 -3676.4172 -3662.6929 -3664.5149 -3657.4417 -3634.6973 -3613.1658 -3612.7935 -3613.1003 -3591.1602 -3568.821 -3567.2395 -3558.1841 -3518.04 -3494.9709 -3506.3213 -3527.9082
-3923.0962 -3897.7019 -3857.748 -3812.3386 -3814.6506 -3896.8928 -3978.4492 -4011.2122 -3993.5042 -3934.1919 -3854.7361 -3800.2234 -3798.6428 -3791.4185 -3749.2861 -3736.2739 -3753.5076 -3765.9438 -3777.3906 -3815.5813 -3854.6111 -3857.4595 -3849.9177 -3845.0681 -3840.3254 -3836.4192 -3836.5901 -3815.5767 -3786.1145 -3783.8469 -3802.3037 -3801.3542 -3800.1372 -3816.8955 -3814.1177 -3778.5276 -3745.4866 -3731.5454 -3742.0139 -3767.3608 -3766.4854 -3737.0466 -3697.7979 -3660.4421 -3644.6309 -3633.8206 -3621.7998 -3612.1016 -3600.9302 -3594.6235 -3593.2729 -3579.1211 -3542.6609 -3513.8179 -3518.801 -3531.8015 -3513.2314 -3480.0444 -3465.8418 -3454.5618 -3450.5271
-4009.6887 -4010.834 -3984.9736 -3952.7759 -3922.2947 -3910.9351 -3895.4478 -3845.5349 -3790.2849 -3762.9338 -3749.793 -3747.2141 -3759.2478 -3777.1255 -3777.2573 -3777.7708 -3791.1177 -3799.4026 -3772.7607 -3735.6082 -3741.9993 -3748.2559 -3759.7405 -3771.0713 -3758.3369 -3740.874 -3746.9336 -3766.2373 -3771.2766 -3772.8455 -3790.7759 -3791.9172 -3759.6069 -3734.4272 -3717.6277 -3709.7339 -3722.2085 -3739.3843 -3741.7634 -3729.062 -3716.1924 -3699.7234 -3661.2808 -3601.4084 -3563.9148 -3566.3457 -3567.4456 -3546.3379 -3505.2288 -3489.6619 -3501.79 -3480.9858 -3428.9929 -3406.5396 -3417.7576 -3453.8518 -3489.2258 -3476.8911 -3441.4199 -3406.8394 -3406.3313
-3999.9858 -3952.769 -3908.0811 -3891.2998 -3893.9275 -3903.7869 -3889.1865 -3831.7612 -3780.5857 -3779.7583 -3795.5474 -3789.272 -3791.71 -3822.5715 -3848.446 -3856.2546 -3852.1099 -3830.7505 -3784.2219 -3729.7986 -3716.0945 -3720.9011 -3714.8762 -3711.0261 -3715.8708 -3731.0913 -3749.4426 -3753.615 -3749.6948 -3746.1445 -3766.5266 -3777.9609 -3740.7234 -3691.1013 -3669.6909 -3668.0996 -3674.4678 -3686.5933 -3693.7881 -3683.5464 -3672.0959 -3661.8684 -3617.5286 -3540.8 -3451.72 -3372.7988 -3343.8237 -3360.0315 -3368.9827 -3362.3518 -3351.4353 -3341.5422 -3336.804 -3329.0481 -3322.4519 -3336.1355 -3363.229 -3373.7363 -3378.1746 -3378.8499 -3374.187
-3902.2095 -3866.0762 -3855.9412 -3880.8552 -3906.9893 -3907.9143 -3875.8137 -3829.1301 -3807.1821 -3812.314 -3819.9841 -3816.1133 -3815.7844 -3819.4756 -3820.5557 -3820.0283 -3812.8149 -3789.1497 -3756.603 -3730.136 -3719.6663 -3718.7747 -3713.4106 -3695.0969 -3676.7627 -3676.9434 -3686.7332 -3691.8091 -3702.0725 -3705.3469 -3704.1023 -3693.3164 -3665.2637 -3637.0962 -3636.9756 -3643.6611 -3640.6938 -3639.8928 -3635.0977 -3617.366 -3593.9023 -3575.9612 -3563.4678 -3531.1106 -3445.092 -3326.3269 -3252.9863 -3263.2568 -3303.6951 -3313.0183 -3286.2749 -3273.488 -3284.2739 -3272.4641 -3239.9302 -3230.323 -3238.3074 -3250.0098 -3263.9939 -3278.0225 -3300.9331
-3835.2815 -3874.1685 -3883.4014 -3891.5212 -3893.5754 -3859.9539 -3797.3938 -3770.8179 -3806.1655 -3841.8909 -3839.1975 -3799.574 -3750.2246 -3725.0154 -3743.3015 -3780.5986 -3790.2937 -3764.6018 -3737.7939 -3723.2007 -3709.6121 -3702.4385 -3705.843 -3700.3423 -3676.4475 -3653.7043 -3645.4243 -3646.115 -3656.4175 -3662.9409 -3658.012 -3639.6719 -3603.0151 -3569.8374 -3557.6558 -3544.1121 -3542.9705 -3569.7017 -3594.4126 -3576.8992 -3536.1147 -3519.4082 -3537.0012 -3551.3542 -3524.5569 -3454.6895 -3366.1064 -3295.7551 -3269.2585 -3264.8584 -3237.0247 -3189.5762 -3154.9275 -3130.2004 -3094.8972 -3066.2944 -3076.9487 -3119.6194 -3127.6797 -3133.1052 -3173.9404
-3752.1675 -3746.3823 -3770.1567 -3811.7581 -3824.6973 -3804.925 -3786.4697 -3815.9326 -3860.5549 -3870.5261 -3854.1401 -3820.4973 -3770.2651 -3733.2058 -3732.303 -3748.541 -3755.0361 -3752.9641 -3751.1863 -3742.7781 -3717.1116 -3693.0823 -3680.3335 -3668.8369 -3649.5178 -3631.854 -3624.3516 -3626.0293 -3631.3872 -3629.8394 -3610.0005 -3586.5857 -3550.199 -3528.8306 -3509.4365 -3482.625 -3466.8872 -3479.439 -3502.5569 -3507.4871 -3501.8906 -3515.1284 -3540.5359 -3538.9883 -3497.7539 -3422.6787 -3321.762 -3225.5669 -3176.2637 -3163.5535 -3140.1768 -3105.7061 -3094.5247 -3078.7527 -2978.5627 -2859.1694 -2860.1826 -2938.0137 -2896.2625 -2873.2139 -2973.6414
-3654.1248 -3623.2041 -3652.9021 -3720.0508 -3757.7163 -3780.0581 -3811.7966 -3848.1697 -3865.0217 -3852.2622 -3828.3228 -3813.1553 -3805.3979 -3794.1936 -3775.2727 -3757.0579 -3744.0352 -3740.0615 -3740.741 -3731.8535 -3707.2388 -3682 -3661.4407 -3644.7769 -3631.7615 -3621.0278 -3617.8938 -3616.6665 -3612.0557 -3601.8271 -3574.543 -3546.6567 -3520.0957 -3509.1575 -3493.395 -3466.645 -3459.0691 -3484.405 -3505.8118 -3514.1355 -3529.9595 -3537.5449 -3509.3367 -3450.3596 -3380.5991 -3304.364 -3235.3479 -3183.1838 -3127.5083 -3071.0198 -3027.5007 -2995.9924 -2993.3418 -3003.4941 -2947.2939 -2864.4421 -2861.9827 -2857.1509 -2786.6296 -2774.8562 -2852.6299
-3643.7395 -3690.3755 -3729.241 -3766.4121 -3794.0837 -3817.1311 -3835.6738 -3851.0247 -3862.9109 -3860.2329 -3841.3855 -3817.2871 -3800.1072 -3788.4065 -3777.5833 -3761.2388 -3732.168 -3702.7361 -3680.5498 -3657.8323 -3634.4536 -3629.7217 -3622.4663 -3605.6506 -3598.4355 -3598.395 -3613.8557 -3612.2979 -3589.2405 -3568.6104 -3531.9275 -3509.9905 -3517.9617 -3521.4355 -3496.3818 -3455.4275 -3440.7561 -3449.9207 -3443.7495 -3421.2446 -3408.479 -3391.6917 -3362.1978 -3347.2073 -3348.24 -3327.0129 -3281.7771 -3227.9407 -3147.2505 -3064.9824 -3002.4807 -2934.9072 -2876.9319 -2857.4832 -2857.6733 -2846.2124 -2822.8674 -2793.4033 -2774.3149 -2777.158 -2790.3057
-3755.7859 -3797.323 -3806.895 -3800.1592 -3812.6902 -3844.0955 -3868.0437 -3874.2354 -3868.0527 -3855.4185 -3837.1621 -3816.5593 -3798.5437 -3794.6521 -3811.4275 -3813.4341 -3774.7798 -3721.366 -3681.8474 -3641.7268 -3601.198 -3592.9563 -3585.9031 -3574.5127 -3568.7227 -3568.7705 -3561.1895 -3529.4436 -3496.5408 -3488.7058 -3490.198 -3527.2744 -3587.5933 -3580.5786 -3501.5647 -3419.658 -3376.9495 -3360.6294 -3364.2173 -3358.8425 -3342.1956 -3331.2439 -3324.7253 -3308.6021 -3283.4971 -3257.8997 -3241.5742 -3239.2002 -3228.3647 -3183.6335 -3102.3416 -3002.394 -2910.5481 -2850.6111 -2797.8867 -2727.8564 -2667.3289 -2634.3391 -2620.4573 -2599.8474 -2589.0693
-3807.0671 -3816.9124 -3808.4192 -3789.0271 -3809.6343 -3868.3677 -3908.4287 -3901.0127 -3860.7659 -3823.7549 -3813.021 -3822.0967 -3824.2861 -3821.3113 -3828.4041 -3812.5913 -3753.7866 -3693.979 -3668.3586 -3651.8433 -3633.7239 -3623.2456 -3600.7083 -3585.5867 -3569.6545 -3552.5195 -3524.3269 -3477.7781 -3433.4167 -3429.4446 -3439.2366 -3496.9343 -3567.6123 -3539.0811 -3437.1873 -3355.3545 -3311.1934 -3291.8384 -3301.1555 -3300.3689 -3300.3513 -3317.9321 -3324.5732 -3283.4463 -3216.6106 -3172.1592 -3155.0161 -3159.6362 -3178.1792 -3170.605 -3137.8909 -3103.4575 -3054.042 -2976.1897 -2869.2803 -2742.5969 -2627.219 -2563.5083 -2533.8992 -2483.5544 -2442.1965
-3791.5103 -3784.1843 -3785.333 -3780.3201 -3802.2734 -3854.5779 -3892.2629 -3893.8896 -3866.6973 -3837.7532 -3833.0759 -3836.8657 -3814.6328 -3785.573 -3784.5703 -3777.9312 -3720.6536 -3659.6934 -3631.9629 -3625.1914 -3613.8428 -3588.02 -3554.5623 -3528.6011 -3499.7905 -3485.896 -3476.0469 -3442.8459 -3400.7397 -3389.6472 -3378.2249 -3375.9788 -3384.0515 -3371.6021 -3326.1274 -3280.7275 -3242.7729 -3210.4729 -3207.9314 -3235.0322 -3249.9939 -3245.4016 -3234.1182 -3219.4683 -3211.1113 -3205.8645 -3176.3884 -3130.3809 -3101.0842 -3089.5615 -3099.4407 -3116.5276 -3088.6909 -3014.0732 -2940.0928 -2873.4421 -2792.5808 -2711.6875 -2658.3279 -2607.8301 -2529.7405
-3796.3171 -3787.6345 -3800.2485 -3805.7471 -3795.9836 -3788.8125 -3798.8447 -3817.9177 -3820.6255 -3808.3926 -3802.6104 -3793.074 -3761.3469 -3738.4922 -3753.3218 -3770.7891 -3731.6272 -3667.4912 -3635.012 -3609.6538 -3560.7927 -3526.9067 -3523.2495 -3522.9353 -3510.3159 -3514.2373 -3484.0764 -3417.6372 -3376.2524 -3349.2817 -3319.7876 -3290.3518 -3277.6553 -3262.5659 -3237.3015 -3230.3083 -3223.6794 -3186.1133 -3157.6638 -3152.5403 -3122.2332 -3075.323 -3062.4031 -3095.8113 -3147.9309 -3186.3638 -3186.2566 -3147.3997 -3087.6221 -3033.2183 -3006.1301 -2987.2473 -2952.0664 -2923.1738 -2908.1206 -2876.2329 -2840.8423 -2807.9434 -2772.2903 -2673.241 -2409.895
-3798.3467 -3790.4365 -3799.7546 -3801.7131 -3784.7085 -3759.512 -3753.5164 -3768.7988 -3768.6274 -3753.4746 -3751.7271 -3767.0452 -3770.4224 -3766.2847 -3782.1758 -3778.1377 -3719.2073 -3653.7786 -3616.5188 -3584.687 -3543.4121 -3517.9341 -3527.7517 -3540.3628 -3532.9622 -3538.6323 -3506.5254 -3433.5298 -3357.825 -3308.0293 -3270.0105 -3237.9722 -3226.9187 -3217.5872 -3205.5718 -3218.8428 -3228.4907 -3189.3884 -3142.6863 -3103.3435 -3040.5757 -2964.1394 -2908.5518 -2898.2715 -2931.1667 -2989.0085 -3043.3357 -3071.6309 -3064.9712 -3021.2803 -2962.6509 -2901.7073 -2850.3501 -2832.8503 -2828.3025 -2799.4883 -2754.2375 -2658.811 -2429.8594 -2036.1025 -1488.6764
-3785.1655 -3770.7664 -3758.1667 -3751.2107 -3748.3545 -3748.8901 -3758.2932 -3765.3408 -3751.9221 -3735.6794 -3745.5525 -3792.7261 -3816.4602 -3788.917 -3757.5652 -3736.8857 -3700.469 -3654.271 -3614.9758 -3579.7383 -3545.6467 -3516.3723 -3490.397 -3461.5537 -3442.958 -3450.4683 -3454.0588 -3427.2605 -3364.2756 -3334.7141 -3317.7336 -3306.542 -3308.749 -3291.7402 -3244.7583 -3208.1621 -3188.0845 -3175.4805 -3177.865 -3159.4919 -3068.0115 -2925.0198 -2799.9517 -2740.344 -2733.885 -2757.5647 -2817.2434 -2918.0217 -3011.1794 -3011.509 -2959.978 -2910.1929 -2866.1511 -2831.2131 -2763.5588 -2611.7932 -2346.925 -1906.1364 -1358.5046 -904.6196 -543.6999
-3769.2119 -3759.3616 -3743.3423 -3729.9651 -3734.8931 -3758.6218 -3775.3796 -3756.9072 -3723.1846 -3701.4438 -3693.8811 -3715.3347 -3735.9749 -3718.28 -3689.7256 -3677.9324 -3667.3442 -3644.395 -3615.356 -3584.3306 -3566.3335 -3550.0376 -3506.4326 -3443.3423 -3406.4639 -3405.8147 -3424.4243 -3424.5256 -3393.4631 -3373.2349 -3371.9268 -3380.4326 -3370.4832 -3309.7798 -3242.9849 -3216.4312 -3201.5342 -3168.6504 -3138.2595 -3111.0938 -3048.7334 -2940.0491 -2841.2793 -2790.0444 -2736.4077 -2648.9946 -2607.5374 -2692.8154 -2856.4504 -2933.5698 -2909.3994 -2877.4622 -2834.3384 -2725.656 -2452.3994 -1971.3505 -1397.1958 -794.249 -406.0055 -350.4085 -408.691
-3756.969 -3762.6382 -3755.0847 -3734.0374 -3725.4753 -3739.7468 -3753.7441 -3750.5579 -3739.1184 -3720.553 -3692.9634 -3672.8926 -3669.7832 -3671.1221 -3664.001 -3653.865 -3652.5166 -3659.804 -3650.6208 -3608.0554 -3579.5852 -3574.6892 -3536.2209 -3477.6826 -3440.0132 -3432.6458 -3450.8501 -3454.0591 -3425.5134 -3396.4089 -3391.2244 -3394.8115 -3369.3274 -3298.3516 -3243.9619 -3224.9138 -3193.3501 -3110.3069 -3003.844 -2928.8062 -2886.3982 -2840.8467 -2796.0359 -2763.2078 -2701.4019 -2585.3315 -2501.7375 -2542.2961 -2674.8486 -2784.3889 -2804.9932 -2779.4485 -2632.6904 -2234.8232 -1621.4495 -998.3498 -572.2135 -317.4789 -257.0689 -330.8521 -408.2863
-3747.7668 -3754.8877 -3733.9006 -3691.4854 -3666.8423 -3677.0935 -3701.821 -3725.1799 -3740.894 -3726.7292 -3687.3064 -3662.4231 -3668.092 -3681.1396 -3668.1309 -3643.6079 -3654.5762 -3702.9888 -3702.5898 -3633.7952 -3583.186 -3588.0215 -3570.5063 -3531.8066 -3509.3901 -3499.4187 -3507.8511 -3496.3296 -3449.1362 -3402.5583 -3389.4951 -3383.2883 -3357.9458 -3298.5015 -3271.1724 -3257.2163 -3225.8298 -3146.2178 -3018.2917 -2889.7437 -2789.6499 -2711.6238 -2653.4294 -2624.8591 -2605.0652 -2556.5046 -2495.9246 -2474.7659 -2532.3406 -2636.6091 -2669.3281 -2481.5237 -2017.5175 -1317.2001 -701.3568 -404.7473 -363.2034 -363.3353 -370.3386 -383.7479 -383.4184
-3722.5203 -3712.293 -3686.7913 -3661.5623 -3656.2942 -3663.4612 -3667.6011 -3676.2498 -3693.2251 -3688.8545 -3660.6213 -3649.8242 -3673.2051 -3698.5447 -3675.2478 -3627.8296 -3611.6873 -3630.4495 -3612.0742 -3546.5181 -3510.0632 -3516.9241 -3502.1167 -3477.3616 -3471.3513 -3466.9895 -3468.8623 -3461.5435 -3419.0027 -3370.0891 -3352.1284 -3342.9502 -3317.2673 -3261.405 -3241.437 -3240.1982 -3242.4695 -3224.0808 -3152.8713 -3044.584 -2932.0686 -2822.688 -2711.1924 -2618.2603 -2569.6357 -2553.0308 -2514.4065 -2461.5239 -2445.9602 -2464.158 -2355.9397 -1914.3403 -1243.4951 -592.0161 -292.3463 -320.1058 -431.7007 -499.538 -502.0981 -477.3218 -456.113
-3716.6995 -3700.772 -3690.0205 -3694.2314 -3704.5354 -3687.9011 -3656.8313 -3658.772 -3694.5117 -3702.3125 -3676.7026 -3677.5464 -3704.4646 -3705.2146 -3657.375 -3596.2407 -3552.988 -3528.9517 -3506.1997 -3467.9473 -3441.4365 -3419.6387 -3392.1924 -3382.2312 -3377.1267 -3373.1833 -3375.4114 -3383.0076 -3366.2 -3314.5833 -3254.9976 -3207.459 -3152.8237 -3089.0249 -3054.1174 -3063.3914 -3099.5083 -3145.4243 -3147.0061 -3093.5559 -3050.1201 -3012.0959 -2949.6343 -2872.1931 -2801.0662 -2762.1563 -2703.8357 -2593.4868 -2408.5942 -2137.4104 -1724.6226 -1172.7073 -669.5371 -342.378 -294.4117 -407.8726 -534.4689 -609.8539 -597.7921 -553.874 -534.1105
-3745.7556 -3726.6785 -3709.0291 -3707.5479 -3704.9502 -3671.2229 -3640.4128 -3658.5105 -3687.2468 -3664.7649 -3630.3845 -3652.4058 -3692.0408 -3684.5862 -3635.6475 -3584.0745 -3543.5173 -3513.9465 -3496.0752 -3454.22 -3397.0962 -3331.9561 -3282.5195 -3260.9478 -3248.7175 -3226.9624 -3220.4695 -3243.8015 -3255.7102 -3209.3164 -3106.2207 -3010.2947 -2941.8794 -2878.4656 -2834.781 -2837.3416 -2866.6909 -2928.9829 -2987.0862 -2951.4968 -2925.4958 -2941.1812 -2953.3975 -2944.1931 -2904.29 -2843.6079 -2704.3435 -2390.574 -1895.1 -1358.1893 -896.6849 -571.7997 -405.0702 -354.3364 -411.6488 -493.3507 -556.2062 -575.8649 -548.8871 -524.086 -521.2693
-3737.4287 -3734.7776 -3727.1582 -3720.4854 -3705.4285 -3673.678 -3651.7693 -3660.9912 -3659.1719 -3613.968 -3567.9573 -3582.9082 -3622.1633 -3626.7832 -3589.8035 -3551.7595 -3529.449 -3511.3535 -3495.2634 -3461.229 -3395.7859 -3319.5117 -3247.8452 -3189.2649 -3162.2549 -3136.6042 -3111.3752 -3121.2576 -3133.2271 -3107.4619 -3022.1379 -2918.2781 -2842.7852 -2780.468 -2718.7461 -2683.2874 -2675.7549 -2726.6001 -2823.3711 -2827.6023 -2784.8267 -2777.731 -2772.7195 -2755.8293 -2661.3184 -2442.6055 -2075.106 -1510.6185 -929.3669 -580.228 -464.5121 -414.8524 -375.0001 -380.6121 -434.761 -471.4201 -476.3018 -454.8929 -431.6333 -418.5299 -407.2595
