Resources/Map/Lvl0_30x30/Ele_EB.asc
ncols         335
nrows         335
xllcorner     -16695000
yllcorner     -6725000
cellsize      10000
nodata_value  -99999.0
[rows 145 to 173 of 335, columns 130 to 194 of 335]
-4756.7866 -4384.1797 -4400.6846 -4660.3779 -5087.7007 -5398.2729 -5405.6646 -5237.6431 -5155.0942 -5271.2114 -5575.8262 -5817.2002 -5742.7314 -5479.6748 -5139.8076 -5237.5791 -5518.9775 -5548.2124 -5344.8521 -5172.4585 -5203.7715 -5166.3193 -5036.5269 -5074.1138 -5062.9229 -4876.0947 -4753.4409 -4792.458 -4936.2832 -5002.728 -5024.3945 -4933.7749 -4898.9854 -4992.8994 -5094.0762 -5088.8491 -4967.6353 -4886.4214 -4883.8232 -4977.4531 -5105.6807 -5105.4077 -5055.021 -5037.8745 -5011.998 -5032.9302 -5112.2988 -5130.9678 -5122.4316 -5103.0518 -5080.6157 -5031.2402 -5017.2007 -5082.6538 -5061.5186 -5054.8687 -5043.8398 -4989.8066 -4979.1304 -5021.3535 -5008.0547 -5028.6587 -5002.8115 -4942.1138 -4935.6729
-5208.7964 -5017.1709 -5226.4263 -5507.1377 -5601.8921 -5598.1963 -5495.8291 -5312.7935 -5193.9893 -5381.9292 -5733.6538 -5836.6763 -5648.2705 -5449.4126 -5092.1816 -4972.8755 -5217.2197 -5552.2075 -5168.2261 -4850.0342 -5010.2324 -5375.3813 -5338.3496 -5418.0518 -5434.103 -4957.688 -4453.1318 -4496.2607 -4832.9204 -4977.0864 -4939.4478 -4874.6045 -4979.0688 -5072.4375 -5042.5493 -5000.4375 -4997.6699 -5041.291 -5087.2686 -5146.0674 -5151.9409 -5085.0176 -4989.3882 -4911.0049 -4876.291 -4884.2056 -4958.3335 -4994.582 -4991.0425 -5030.438 -5066.373 -5045.0049 -5034.8784 -5040.8345 -5012.6943 -5003.1035 -5010.3613 -5015.9971 -5007.043 -4979.9219 -4981.646 -4973.9248 -4905.4678 -4861.624 -4917.5322
-5546.1157 -5383.6274 -5336.3984 -5315.0996 -5222.8921 -5255.8042 -5392.8076 -5308.564 -5046.7134 -5144.7056 -5396.6592 -5315.7144 -5090.7085 -5129.0513 -5079.9536 -4964.3374 -4978.6172 -5160.2671 -4942.6987 -4666.1411 -4967.1646 -5471.7227 -5369.7017 -5286.8491 -5373.5679 -5056.5913 -4544.9204 -4539.0425 -4790.3906 -4863.3193 -4816.9224 -4742.1729 -4849.4492 -5027.3862 -5014.1016 -4991.2607 -5032.3486 -5020.7705 -4997.8345 -4962.6694 -4828.0923 -4759.4272 -4862.8765 -4967.9497 -4939.7178 -4900.0928 -4953.5781 -4956.3794 -4943.4624 -5025.209 -5081.2305 -5061.5635 -5011.5435 -4962.0449 -4982.2876 -4996.501 -4994.8115 -5028.9395 -5027.2715 -4966.2251 -4991.3662 -4974.5381 -4878.3599 -4889.9834 -4993.0186
-5440.1309 -5327.6304 -5233.3789 -5202.7886 -5122.0532 -5110.8726 -5205.8638 -5234.7349 -5140.6006 -5164.7456 -5180.9531 -5007.9565 -4879.8398 -4804.6035 -4731.0024 -4786.1382 -4923.1074 -5044.6421 -4915.8628 -4753.0195 -5115.1484 -5306.9106 -5068.2065 -4881.1318 -5051.7383 -5090.0977 -4880.4126 -4942.3965 -4928.9663 -4804.0493 -4740.7959 -4729.4521 -4710.9473 -4811.8872 -4879.7754 -4939.6768 -4978.9736 -4949.897 -4929.0513 -4885.0654 -4799.9204 -4802.2358 -4968.4565 -5145.6294 -5148.7656 -5084.2739 -5071.1982 -5063.1587 -5091.9741 -5141.0586 -5135.4175 -5037.1807 -4899.6108 -4883.1558 -4964.8521 -4937.5908 -4921.4385 -5000.9844 -5003.7695 -4927.0078 -4930.6172 -4907.0195 -4879.5698 -4910.7681 -4950.1646
-5429.9155 -5442.2983 -5303.7632 -5208.8481 -5189.2842 -5156.4482 -5150.6548 -5313.9429 -5491.9585 -5408.1284 -5071.4092 -4877.4844 -4998.1201 -4994.8525 -4809.9658 -4892.4688 -5020.5498 -5065.7051 -4908.2148 -4825.0752 -5003.2563 -5068.6089 -4957.606 -4799.6289 -4702.2056 -4703.0698 -4550.6626 -4720.061 -4809.0469 -4647.7368 -4638.4692 -4821.5103 -4829.7485 -4757.6938 -4756.3848 -4788.6055 -4849.0854 -4932.8228 -4995.8623 -5013.0195 -5049.998 -5112.9229 -5143.2368 -5123.9058 -5078.4692 -5061.8896 -5093.5786 -5157.2432 -5184.8979 -5081.8623 -4996.3799 -4888.6567 -4761.2524 -4833.0796 -4909.1772 -4831.938 -4858.3608 -4929.7563 -4913.4517 -4880.5991 -4932.5054 -4881.4004 -4875.6011 -4923.5645 -4861.5356
-5198.293 -5406.9595 -5356.2725 -5110.7671 -5065.1284 -5174.1802 -5248.7358 -5461.5171 -5550.7764 -5345.3047 -5076.7266 -4945.188 -5092.0596 -5132.5879 -5051.3594 -5132.8857 -5134.1182 -5102.7544 -5006.0269 -5083.9336 -5040.5781 -4925.7539 -4935.8452 -4952.8804 -4726.2104 -4587.3237 -4472.3491 -4546.4976 -4681.1284 -4655.1865 -4683.5273 -4810.7061 -4848.2915 -4838.8242 -4774.5879 -4714.8203 -4821.2412 -5026.5991 -5086.3477 -5020.0264 -5005.0854 -5045.5757 -5026.8594 -4947.7666 -4951.605 -5093.9771 -5174.019 -5125.2988 -5008.0562 -4826.4663 -4780.957 -4788.8096 -4737.2383 -4802.1099 -4874.1875 -4867.4712 -4838.7422 -4806.4692 -4842.4009 -4846.2153 -4871.7397 -4824.8486 -4849.603 -4920.6021 -4836.5332
-5224.1719 -5537.0684 -5614.1118 -5314.6763 -5207.6333 -5386.6826 -5423.4927 -5398.228 -5203.3979 -5053.479 -5040.0376 -4970.0093 -5010.2275 -4965.5234 -4919.8101 -4963.8403 -5093.4785 -5161.0635 -5199.0518 -5210.9619 -4960.0933 -4670.4229 -4689.8726 -4894.0811 -4942.293 -4830.0034 -4783.2124 -4769.4639 -4716.7354 -4762.3306 -4886.4644 -4830.6494 -4821.6914 -4923.4004 -4894.3311 -4878.7695 -4980.4604 -5030.2544 -4869.6538 -4674.8159 -4665.5845 -4759.2705 -4841.5791 -4915.1802 -5009.6758 -5100.4004 -5035.5166 -4893.9282 -4789.98 -4688.3696 -4692.0747 -4785.9478 -4802.501 -4747.999 -4761.1499 -4852.7983 -4810.6431 -4753.1533 -4814.7725 -4809.0029 -4790.6401 -4801.0391 -4832.3916 -4883.5615 -4831.1191
-5485.1904 -5753.335 -5708.4717 -5445.2212 -5456.8745 -5683.3374 -5612.8403 -5321.7061 -5032.9824 -4948.5322 -4909.4336 -4945.1045 -5112.9595 -5012.8267 -4798.7466 -4718.5747 -4783.5854 -4943.3579 -5107.9282 -4896.1201 -4638.6016 -4495.2588 -4407.4863 -4580.2119 -4865.9282 -4994.2261 -4961.1494 -5060.8877 -4875.0591 -4862.5723 -5057.7881 -4975.415 -4840.5352 -4916.6426 -5090.0977 -5233.9321 -5209.4438 -4969.1978 -4686.8237 -4554.1875 -4609.1792 -4731.8223 -4879.8853 -4935.73 -4899.417 -4877.4429 -4851.5493 -4843.1992 -4827.5664 -4732.521 -4688.9897 -4765.3813 -4814.3701 -4728.8887 -4706.6709 -4823.3794 -4824.7783 -4772.5469 -4742.8379 -4730.1582 -4745.1094 -4760.8481 -4762.7793 -4829.9097 -4819.9272
-5343.8262 -5527.6343 -5503.1284 -5293.6484 -5269.6113 -5483.7114 -5589.9966 -5403.5317 -5185.7705 -5052.502 -4915.0552 -5063.0176 -5240.7065 -5042.4048 -4772.377 -4600.0752 -4504.7827 -4540.6514 -4727.0967 -4610.6108 -4456.3306 -4570.4507 -4675.1108 -4795.1948 -4971.0381 -4969.3101 -4945.8667 -5201.3428 -5044.8809 -4990.1631 -5065.7969 -5015.5269 -4847.23 -4863.1113 -5116.0967 -5352.0264 -5300.5757 -4993.6572 -4832.7446 -4826.7632 -4822.3574 -4766.1494 -4760.3403 -4713.543 -4670.3184 -4752.4839 -4855.1211 -4900.3506 -4896.8027 -4839.1631 -4772.6772 -4738.5757 -4766.9917 -4743.7637 -4738.8872 -4819.5908 -4843.3979 -4778.8008 -4652.7549 -4685.5015 -4785.4126 -4758.4771 -4701.9497 -4761.5303 -4762.7129
-5228.1226 -5228.8994 -5237.3389 -5085.896 -4910.2075 -4961.4238 -5230.2358 -5356.6035 -5297.0376 -5146.4233 -5053.9165 -5227.6968 -5223.6392 -4828.272 -4457.001 -4322.5996 -4348.0029 -4434.9458 -4664.6523 -4776.9404 -4724.7646 -4971.0171 -5268.1152 -5235.9658 -5085.9893 -4850.3174 -4817.7661 -5058.3921 -4980.3638 -4952.5542 -4882.6567 -4870.8047 -4801.7139 -4782.9233 -4942.7422 -5124.1274 -5110.4224 -4964.8735 -5024.9302 -5112.5107 -5014.4834 -4798.6055 -4677.3887 -4644.5894 -4687.3149 -4810.5996 -4898.5059 -4920.4829 -4946.7813 -4953.0605 -4839.8975 -4695.8975 -4717.876 -4746.5562 -4748.0752 -4774.3833 -4814.6646 -4782.6143 -4677.2534 -4745.8267 -4858.3154 -4810.873 -4737.1953 -4753.7744 -4735.834
-5401.6196 -5266.6396 -5101.626 -4926.3164 -4852.4102 -4931.8394 -5117.6519 -5209.7988 -5095.5439 -5033.8872 -5073.8081 -5150.8242 -5186.8779 -4924.7881 -4387.9067 -4039.7849 -4328.3032 -4938.396 -5357.6738 -5330.6372 -5106.8242 -5224.8989 -5289.1621 -4981.7568 -4761.2114 -4712.9878 -4757.2773 -4833.4204 -4763.9717 -4753.4863 -4730.9985 -4793.9106 -4821.6968 -4792.6846 -4830.2554 -4844.7998 -4813.0317 -4836.9023 -4922.8232 -4970.7549 -4936.2559 -4876.0742 -4863.4165 -4854.5742 -4880.5605 -4932.9697 -4957.2354 -4958.3936 -4959.52 -4982.3643 -4949.457 -4854.5303 -4792.354 -4768.8945 -4794.7705 -4810.1689 -4845.7314 -4850.4116 -4851.6743 -4875.0098 -4830.3608 -4782.6572 -4814.2773 -4868.1006 -4838.2139
-5495.9741 -5432.3965 -5223.7559 -4927.7642 -4864.4668 -5086.0239 -5272.4858 -5141.001 -4811.0278 -4845.8672 -4892.9136 -4714.1157 -4807.2271 -4959.4805 -4730.9902 -4446.2402 -4775.1323 -5458.0933 -5758.9551 -5452.0015 -5075.7852 -5052.4268 -4958.2827 -4698.3223 -4617.125 -4680.3491 -4734.6191 -4788.0918 -4735.9438 -4705.6675 -4738.4102 -4808.0259 -4900.2749 -4903.6582 -4847.7002 -4739.2852 -4687.7959 -4740.2275 -4725.9551 -4652.0371 -4718.4629 -4940.144 -5061.9819 -4981.6157 -4944.8193 -4974.2998 -5014.4297 -5045.2246 -5010.1323 -4981.7617 -5002.8306 -4985.0562 -4904.6128 -4876.4932 -4924.1226 -4945.894 -4982.4814 -5011.7773 -5015.3188 -4937.4355 -4801.1016 -4808.7383 -4874.0879 -4937.9585 -4951.1445
-5414.228 -5490.4683 -5452.5723 -5192.3447 -5059.2212 -5199.2881 -5301.4492 -5069.9946 -4744.9478 -4922.2827 -4976.939 -4606.7383 -4496.6455 -4737.1978 -4975.0059 -5170.292 -5327.8784 -5412.2417 -5425.6572 -5153.8125 -4816.5815 -4781.9907 -4784.5601 -4672.4614 -4653.2422 -4668.3047 -4673.5015 -4811.4009 -4889.3853 -4881.7334 -4959.0923 -5011.377 -5096.7739 -5125.1748 -5023.8296 -4881.5127 -4788.1382 -4707.6885 -4632.0283 -4574.0151 -4679.7119 -4928.3716 -5040.0659 -4958.1606 -4904.4482 -4923.4399 -5006.6201 -5064.1768 -5046.9727 -5035.6421 -5038.3589 -5016.5391 -5005.27 -5010.8774 -5013.2637 -4995.8325 -5009.1772 -5025.3687 -4965.0195 -4839.1963 -4759.6021 -4823.7407 -4847.9331 -4892.1289 -5010.3291
-5242.8662 -5391.2686 -5486.8359 -5353.7305 -5254.1494 -5291.4785 -5326.2588 -5222.1279 -5100.4775 -5327.0547 -5446.6431 -5099.7158 -4686.5254 -4668.3872 -5069.3213 -5545.9531 -5432.1001 -5003.6479 -4891.5518 -4798.7109 -4566.9878 -4584.8633 -4691.5176 -4632.7754 -4649.1699 -4659.624 -4581.3765 -4727.7437 -4994.5918 -5123.5059 -5113.6553 -5060.4565 -5046.4346 -5134.7915 -5178.0176 -5130.9238 -5013.6348 -4861.2271 -4794.5645 -4783.873 -4845.5684 -4943.0615 -4985.1484 -4989.0562 -4976.4331 -4942.9814 -4970.3984 -4954.7744 -4884.0615 -4922.2515 -4963.8662 -4947.6597 -4957.9185 -4976.7261 -4941.6709 -4882.2632 -4873.3921 -4854.7788 -4745.9985 -4665.9551 -4706.8188 -4769.1865 -4786.1104 -4843.2222 -4926.3804
-5180.3696 -5286.6855 -5330.0952 -5280.689 -5279.7549 -5307.5586 -5325.4712 -5370.9751 -5498.166 -5767.9009 -5932.6753 -5716.937 -5167.0361 -4846.1343 -5129.769 -5531.7407 -5160.0039 -4520.5913 -4371.0278 -4523.1597 -4522.3525 -4543.0015 -4640.2622 -4647.2324 -4703.4805 -4825.6167 -4870.7017 -4905.8164 -5068.6401 -5277.4155 -5205.9966 -5090.1016 -5083.7183 -5237.811 -5431.8501 -5399.5698 -5185.1318 -4988.8501 -4947.041 -4938.6987 -5000.2222 -5070.8833 -5043.2261 -5025.1626 -5053.8408 -5018.9297 -4978.8345 -4891.1724 -4758.0557 -4721.4556 -4713.1328 -4716.1079 -4717.5542 -4731.1216 -4757.8223 -4731.3506 -4668.9971 -4658.4053 -4751.2905 -4871.5703 -4912.9067 -4798.1338 -4798.5034 -4882.3013 -4800.751
-5126.3643 -5138.5063 -5119.9067 -5204.584 -5330.0913 -5336.5352 -5257.3203 -5294.9136 -5508.397 -5705.4873 -5800.0947 -5755.1172 -5364.4043 -4999.7354 -5083.1958 -5235.5928 -4842.5845 -4329.9736 -4206.2446 -4438.3262 -4613.7656 -4674.6802 -4737.7114 -4841.6313 -5015.4189 -5207.1152 -5318.064 -5249.5601 -5154.8936 -5258.1538 -5294.4907 -5297.9692 -5304.8223 -5273.9185 -5385.6431 -5379.5205 -5163.2168 -4877.9565 -4829.187 -4889.2222 -4986.6426 -5041.7207 -4996.1699 -4965.0098 -4962.4424 -4919.6982 -4910.1147 -4836.1904 -4669.8325 -4539.9644 -4495.1318 -4553.7935 -4593.4077 -4601.2456 -4692.6943 -4755.1514 -4684.8174 -4733.2964 -5006.9199 -5159.0103 -5075.7329 -4890.5356 -4869.5645 -4922.9819 -4839.1855
-5055.6128 -5060.271 -5093.8755 -5233.8691 -5368.0815 -5337.6768 -5169.375 -5101.6304 -5165.5571 -5223.3315 -5273.2739 -5289.9365 -5126.0747 -4953.6553 -4938.2432 -4920.5796 -4727.6211 -4549.8213 -4515.2798 -4663.939 -4888.8984 -5019.9878 -5093.7568 -5279.0586 -5552.0122 -5633.2959 -5464.3145 -5157.5288 -4782.7817 -4616.1543 -4791.502 -5103.5068 -5208.9771 -5161.5435 -5126.7192 -5149.2324 -5035.6709 -4763.791 -4679.7378 -4744.3853 -4775.9502 -4773.5615 -4795.2305 -4876.958 -4911.4014 -4892.5127 -4947.7856 -4903.3086 -4679.3672 -4511.0259 -4580.0449 -4820.5884 -4972.2334 -4947.2544 -4912.1772 -4957.7158 -4983.1187 -5018.3213 -5031.8809 -4931.0703 -4850.9102 -4868.4302 -4869.5527 -4876.8154 -4884.0664
-5036.7656 -5071.4487 -5113.2197 -5125.9297 -5177.4268 -5205.1353 -5097.2407 -4986.8984 -4896.2788 -4911.2813 -5005.5493 -5010.2368 -4928.1431 -4831.0122 -4763.1333 -4709.666 -4663.6138 -4747.7275 -4934.6431 -5113.2524 -5279.2959 -5309.9292 -5323.0693 -5442.5132 -5614.1177 -5567.0947 -5094.2754 -4599.9663 -4413.8149 -4371.6445 -4586.8516 -4983.9434 -5186.4429 -5192.9258 -5001.8853 -4951.6299 -4901.5313 -4724.5059 -4594.2412 -4593.1558 -4561.8691 -4546.1792 -4638.9121 -4815.0522 -4888.2939 -4852.2905 -4843.7051 -4792.019 -4670.1431 -4679.0757 -4980.3965 -5368.1255 -5483.4829 -5316.5825 -5088.8057 -5052.8677 -5128.5449 -5053.1899 -4790.8945 -4592.3237 -4616.5742 -4780.9487 -4776.0806 -4720.9878 -4796.6084
-4952.7944 -5016.0044 -5027.502 -5013.7861 -5090.4868 -5206.5015 -5210.6323 -5144.4175 -5020.7075 -4967.0957 -5092.4658 -5164.7046 -5042.1211 -4894.1606 -4846.0737 -4962.5249 -5091.0996 -5284.3418 -5582.2114 -5653.4873 -5441.7119 -5237.5425 -5165.5796 -4999.6973 -4972.478 -5238.6152 -5185.9253 -4902.1963 -4907.2192 -4987.708 -5030.8442 -5142.6421 -5218.3306 -5175 -5010.562 -4843.1841 -4795.4629 -4889 -4657 -4451 -4463 -4461 -5043 -5008 -4660 -4534 -4670 -4757 -4813 -4970 -5025 -4931 -4929 -4886 -4735 -4741 -4893 -4998 -5057 -5143 -5209 -5107 -4883 -4688 -4651
-4954.7329 -4976.2261 -4971.064 -5012.2324 -5052.7144 -5105.8296 -5208.6328 -5247.3511 -5153.8872 -5066.1875 -5140.1958 -5166.1465 -5046.395 -5011.4434 -5084.4268 -5275.5737 -5436.7852 -5590.332 -5874.5952 -5945.9185 -5615.4131 -5267.4829 -5013.0112 -4619.1904 -4524.0747 -5100.2847 -5542.0264 -5474.1021 -5369.4858 -5367.6987 -5272.6016 -5154.2861 -5111.1196 -5088.8052 -5052.9121 -4870.0264 -4728.5898 -4745 -4565 -4341 -4178 -4092 -4418 -4506 -4600 -5070 -5580 -5711 -5617 -5406 -5070 -4843 -4932 -4987 -4913 -4828 -4864 -4935 -4976 -5024 -5081 -5092 -5043 -5033 -4991
-5005.4365 -4969.3657 -4966.645 -5026.9907 -4982.604 -4930.9531 -5090.126 -5241.7319 -5198.2769 -5147.7661 -5207.3115 -5170.7295 -5070.4219 -5086.3276 -5183.9844 -5267.8306 -5307.8335 -5360.8345 -5570.6777 -5828.4375 -5884.5806 -5706.2461 -5282.1104 -4742.2583 -4510.4053 -4949.7158 -5513.2827 -5636.0908 -5440.9629 -5348.7144 -5295.6382 -5138.7319 -5000.3955 -4944.4897 -4898.0723 -4706.1553 -4512.0093 -4409 -4429 -4407 -4627 -5058 -5621 -5998 -6037 -5929 -5726 -5351 -5136 -5025 -4945 -5034 -5137 -5067 -4949 -4841 -4807 -4824 -4857 -4874 -4959 -5015 -4901 -4904 -5034
-5031.1631 -4958.1738 -4921.6753 -4979.8809 -4993.1099 -4955.7617 -5038.8564 -5182.2817 -5234.585 -5264.6763 -5331.1191 -5287.0474 -5230.4214 -5229.1431 -5262.9629 -5266.4575 -5220.1929 -5176.7173 -5190.7197 -5376.0762 -5650.833 -5703.3096 -5419.2256 -5022.5757 -4717.9946 -4842.4053 -5284.4648 -5553.5391 -5367.4785 -5127.0005 -5011.1675 -4891.4741 -4788.1406 -4704.085 -4536.8638 -4290.6733 -4225.1733 -4334 -4939 -5328 -5906 -6079 -5819 -5774 -5559 -5301 -5047 -4864 -4840 -4839 -4891 -5089 -5097 -4893 -4765 -4809 -4831 -4799 -4839 -4881 -4908 -4844 -4791 -4916 -5075
-5071.6772 -4999.8501 -4940.9028 -4925.3745 -4977.269 -5027.8052 -5076.1445 -5146.7847 -5214.9458 -5281.8975 -5331.4189 -5253.0156 -5169.6104 -5138.0776 -5161.6343 -5223.0986 -5197.7803 -5131.4648 -5117.7275 -5180.8975 -5225.0117 -5178.0361 -5194.2358 -5184.9995 -4999.6099 -4946.9795 -5153.0283 -5335.4922 -5216.6118 -4964.7129 -4732.3462 -4600.0967 -4685.0776 -4885.8633 -4946.0825 -4862.5801 -4955.5576 -5558 -6013 -5796 -5496 -5256 -4920 -4932 -4914 -4845 -4783 -4867 -4985 -5032 -5031 -4996 -4881 -4818 -4845 -4886 -4847 -4808 -4836 -4817 -4754 -4734 -4861 -5010 -5040
-5054.9155 -5017.209 -4978.395 -4858.1558 -4818.5688 -4898.4932 -5026.2817 -5116.0039 -5168.168 -5240.1997 -5313.1602 -5259.752 -5137.2217 -5030.1929 -5063.5527 -5205.3301 -5229.062 -5189.707 -5156.9438 -5180.4355 -5127.8838 -4967.5459 -4953.7632 -4986.0786 -4903.1943 -4901.6479 -4982.7109 -4948.9111 -4860.5781 -4862.0718 -4836.8125 -4795.6133 -5013.7925 -5529.8394 -5977.1172 -6002.6812 -5786.6563 -5694 -5334 -5033 -4880 -4840 -4864 -4921 -4890 -4838 -4783 -4889 -4956 -5039 -5016 -4896 -4867 -4952 -4940 -4850 -4816 -4820 -4826 -4846 -4795 -4797 -4877 -4924 -4899
-5020.0493 -5002.1924 -4978.1074 -4800.8682 -4682.8149 -4776.7988 -4931.1099 -5029.9419 -5126.6841 -5261.1328 -5319.4312 -5251.8481 -5178.1641 -5079.7827 -5071.0498 -5121.0913 -5151.4795 -5228.7666 -5158.0615 -5100.7471 -5139.6436 -5063.6025 -4901.9834 -4795.8438 -4717.396 -4744.3042 -4859.3438 -4849.8608 -4785.8794 -4849.8369 -4985.0581 -5288.2129 -5737.4468 -6081.981 -6079.9507 -5686.5557 -5134.9717 -4493 -4418 -4619 -4788 -4779 -4822 -4885 -4800 -4759 -4847 -4826 -4792 -4892 -4941 -4938 -4969 -4994 -4928 -4885 -4855 -4803 -4756 -4744 -4717 -4796 -4877 -4875 -4836
-5008.0049 -5011.9619 -4968.3218 -4731.1172 -4575.9419 -4691.8457 -4842.9106 -4967.0488 -5143.7036 -5305.4849 -5294.5259 -5179.2676 -5180.0747 -5210.7905 -5155.9492 -5020.8281 -5015.6377 -5139.0269 -5115.2461 -5039.4941 -5058.8716 -5026.2383 -4861.0889 -4783.2817 -4790.9932 -4833.2305 -5112.6011 -5440.9492 -5413.2261 -5193.6724 -5232.1509 -5805.3804 -6225.3071 -5980.2837 -5313.0557 -4726.2603 -4416.042 -4277 -4407 -4669 -4837 -4825 -4858 -4864 -4843 -4841 -4876 -4850 -4875 -4940 -4961 -4977 -4938 -4885 -4882 -4934 -4882 -4795 -4776 -4736 -4785 -4857 -4814 -4763 -4738
-5077.8745 -5039.2427 -4940.7417 -4723.6587 -4581.8901 -4671.9932 -4806.7529 -5000.2212 -5306.8379 -5436.4722 -5309.7729 -5116.5703 -5107.437 -5267.1812 -5293.9429 -5122.5103 -5066.687 -5144.3584 -5110.769 -5007.3101 -4941.6401 -4874.7852 -4748.6411 -4727.4639 -4818.8311 -4959.5835 -5402.6875 -5834.0479 -5674.8867 -5372.0991 -5512.3477 -6013.8647 -6014.0977 -5400.8003 -4757.978 -4457.4692 -4454.0298 -4599 -4756 -4831 -4821 -4881 -4873 -4876 -4922 -4895 -4866 -4901 -4904 -4878 -4893 -4978 -4918 -4886 -4884 -4797 -4679 -4632 -4747 -4825 -4862 -4786 -4611 -4622 -4748
-5141.3276 -5084.1025 -4912.2593 -4738.9268 -4742.0337 -4904.5659 -5023.792 -5140.6118 -5366.2266 -5418.4497 -5264.1899 -5121.9629 -5122.6929 -5232.8306 -5291.6396 -5251.9648 -5151.1392 -5015.2412 -4916.9883 -4922.3374 -4871.7559 -4744.2114 -4661.9805 -4725.3203 -4865.9312 -5079.3887 -5474.9941 -5538.209 -5138.2085 -5238.7314 -5826.1074 -6033.4634 -5609.23 -5012.0054 -4597.6489 -4478.228 -4614.3159 -4778 -4881 -4784 -4750 -4888 -4874 -4923 -4988 -4938 -4845 -4844 -4867 -4820 -4868 -4906 -4815 -4818 -4837 -4726 -4627 -4583 -4666 -4789 -4765 -4540 -4415 -4500 -4629
-5154.6914 -5140.1504 -4957.272 -4813.2544 -4957.624 -5199.5186 -5277.0879 -5273.2417 -5332.6982 -5362.1479 -5314.0195 -5299.6479 -5328.5156 -5274.0801 -5189.5049 -5243.7144 -5212.3604 -4937.2539 -4752.7188 -4819.7905 -4851.499 -4751.0176 -4760.3657 -4944.709 -5120.8081 -5322.063 -5398.8564 -4983.9019 -4636.6489 -5285.9624 -6169.958 -6043.04 -5322.6016 -4763.6558 -4482.8716 -4443.396 -4641.8511 -4776 -4840 -4833 -4848 -4924 -4921 -4949 -4943 -4875 -4850 -4924 -4920 -4864 -4852 -4861 -4875 -4855 -4779 -4645 -4591 -4689 -4771 -4744 -4571 -4361 -4425 -4583 -4528
