Resources/Map/Lvl0_30x30/Ele_DL.asc
ncols         335
nrows         335
xllcorner     16805000
yllcorner     -3375000
cellsize      10000
nodata_value  -99999.0
[rows 260 to 285 of 335, columns 0 to 56 of 335]
12.1315 31.6556 25.3699 -6.3515 -19.058 -21.3044 -20.8711 -19.5227 -19.7471 -21.7425 -21.3187 -20.4843 -23.2702 -40.4523 -91.844 -228.4669 -330.5711 -348.3353 -335.7504 -358.0315 -372.5086 -391.5051 -469.5678 -510.7811 -557.8795 -586.9156 -688.9608 -853.4629 -1026.8021 -1147.817 -1103.4578 -1067.8064 -1096.9431 -986.9772 -889.0072 -830.4508 -858.4494 -1048.8008 -1252.5613 -1308.4901 -1397.765 -1935.439 -2889.8171 -3543.0566 -3611.2432 -3399.8369 -3047.5562 -2677.8228 -2445.2029 -2301.6108 -2100.3757 -1857.6614 -1682.0088 -1604.6613 -1639.0652 -1785.4325 -1954.525
37.4833 14.761 23.3122 25.8422 -12.545 -18.671 -20 -20.4424 -21.3537 -22.3758 -21.3881 -20.7137 -21.4419 -30.3707 -43.6959 -120.2136 -265.5273 -331.6548 -347.4454 -354.2012 -379.0344 -387.318 -461.6983 -500.147 -583.9484 -640.7643 -736.2415 -935.9063 -1166.3658 -1344.3344 -1362.1191 -1277.2546 -1271.3809 -1179.1099 -1038.4747 -953.9073 -1024.4821 -1292.7869 -1593.9702 -1731.0443 -1901.4542 -2436.8347 -3198.3582 -3615.6541 -3706.0015 -3718.2473 -3494.3584 -3156.8545 -2927.0398 -2642.5298 -2310.5388 -2117.7612 -2033.3132 -1979.4509 -1964.8719 -1962.2025 -1956.3103
77.0855 49.7149 24.4295 16.9054 -6.5892 -16.2557 -20.2701 -20.7738 -21.2144 -21.841 -21.2373 -20.5189 -21.1936 -25.1312 -32.6302 -54.6485 -157.4041 -252.9725 -315.5052 -340.2418 -374.8395 -400.4576 -453.6933 -521.6275 -649.4026 -746.9679 -853.3619 -1074.9677 -1295.4781 -1454.5245 -1517.7009 -1480.6494 -1474.7135 -1431.0051 -1341.6833 -1286.0184 -1330.6071 -1617.1786 -2045.3625 -2278.7119 -2523.0818 -3011.5823 -3516.2554 -3702.4373 -3730.0139 -3798.9651 -3695.4468 -3479.1238 -3258.5564 -2915.8613 -2620.7969 -2460.0483 -2285.5046 -2126.2146 -2051.4597 -1963.4651 -1880.1901
64.7843 55.034 19.0499 28.2758 -2.2122 -11.3495 -18.6726 -21.3429 -22.1788 -22.4089 -21.6463 -21.4089 -22.2157 -22.258 -24.0833 -26.8715 -66.4075 -130.4924 -215.183 -303.9745 -358.7949 -388.7508 -432.3669 -556.2767 -687.7313 -866.2224 -1038.7119 -1210.937 -1428.4114 -1587.8903 -1692.3456 -1732.3108 -1705.6373 -1709.6749 -1711.4761 -1642.093 -1693.6979 -2123.1213 -2772.7444 -3097.4614 -3254.0276 -3517.1985 -3750.5789 -3805.0759 -3810.7585 -3868.9412 -3834.0837 -3640.2603 -3374.9841 -3144.1953 -2987.1035 -2790.0098 -2496.3816 -2234.0432 -2048.2241 -1923.3444 -1899.0336
50.9352 19.0397 44.5756 59.2356 31.1096 -3.7779 -9.671 13.4721 -16.7934 -21.563 -22.7924 -22.8619 -23.6687 -24.6907 -26.0794 -22.1991 -32.4495 -53.3278 -98.413 -221.1215 -310.4597 -359.0934 -437.7419 -558.0858 -695.9922 -914.9398 -1140.7373 -1309.8567 -1577.9838 -1827.6953 -1955.3604 -1935.9043 -1869.1567 -2019.5856 -2122.4915 -2098.0544 -2330.9534 -2889.1797 -3461.3015 -3761.1995 -3813.1609 -3870.115 -3935.1511 -3952.2317 -3976.8599 -4007.9355 -3948.1018 -3646.8782 -3258.8784 -3208.5544 -3261.9807 -3119.9956 -2881.6619 -2592.0808 -2308.749 -2113.4956 -2036.9232
64.1333 89.75 97.1358 39.282 54.5695 12.2072 5.5971 14.6697 6.1685 -12.954 -20.4001 -22.0904 -23.3602 -26.3469 -30.1493 -31.9863 -38.0297 -44.5642 -49.2027 -107.0038 -186.5436 -278.9291 -416.0544 -510.5074 -657.7123 -884.4014 -1142.8651 -1433.6222 -1807.3782 -2173.5557 -2309.6963 -2082.1453 -2054.6943 -2353.7017 -2602.1787 -2769.6646 -3194.3237 -3649.321 -3871.6921 -4023.9094 -4065.585 -4068.0933 -4055.4441 -4075.8494 -4119.9727 -4114.6353 -4010.2761 -3539.0269 -2848.8411 -2950.7439 -3419.9854 -3502.8894 -3421.7744 -3163.095 -2801.5444 -2526.749 -2317.6443
141.2089 118.6152 93.2721 168.5362 205.0117 65.7819 53.2105 169.8247 71.8186 2.8221 -11.6506 -18.0164 -21.0466 -26.4975 -33.0339 -35.331 -40.044 -42.4087 -41.2368 -43.864 -72.9959 -148.1835 -293.2208 -443.5501 -603.2135 -853.017 -1135.4111 -1575.7393 -2106.7214 -2556.7837 -2669.5249 -2355.5972 -2458.897 -2776.2698 -3114.0051 -3407.2354 -3725.5222 -3936.0461 -3991.196 -4074.3174 -4144.2822 -4167.8232 -4142.9507 -4156.2983 -4210.2373 -4165.3564 -4038.0686 -3630.5154 -2983.8298 -3101.2817 -3668.8523 -3859.4358 -3821.4351 -3634.2939 -3337.8591 -3053.3552 -2754.4946
230.6271 115.8564 320.5309 57.1735 198.6413 122.3411 57.9647 166.1905 125.3588 25.7243 34.7658 -11.4363 -18.7368 -24.0694 -30.5443 -32.3875 -34.7596 -35.9457 -35.546 -36.4475 -40.929 -55.3668 -121.3263 -274.6359 -504.2419 -774.0778 -1078.1995 -1588.9652 -2259.2717 -2769.5981 -2943.9448 -2839.8921 -3081.1787 -3387.8062 -3628.2756 -3806.156 -3864.2507 -3929.6375 -4020.1338 -4099.3726 -4182.3066 -4249.4683 -4245.0239 -4234.2432 -4289.7002 -4216.5493 -4071.2971 -3902.231 -3687.3345 -3757.8596 -4024.1702 -4138.1323 -4094.9883 -3942.6726 -3721.7988 -3431.019 -3079.3252
505.2636 185.8186 233.325 106.8125 255.3002 490.6299 51.2645 67.2674 121.1667 23.5674 14.6679 -5.5737 -15.7947 -20.2451 -25.145 -27.6644 -28.3539 -28.4044 -31.2571 -37.7073 -40.9859 -47.0522 -50.709 -89.9109 -240.9091 -513.3672 -911.2545 -1437.5226 -2148.5632 -2754.2908 -3177.1563 -3344.2019 -3514.0571 -3696.5454 -3802.3789 -3861.8103 -3871.4617 -3961.3813 -4064.8994 -4121.1548 -4200.1606 -4286.6582 -4304.8398 -4302.0439 -4338.5044 -4261.728 -3887.5515 -3374.8367 -3419.5276 -3883.793 -4153.417 -4233.8828 -4241.2695 -4165.5176 -3987.7703 -3727.636 -3295.1025
800.6551 264.6736 271.355 123.6693 118.6239 172.6295 92.01 75.7699 63.1439 43.0535 50.7784 16.5993 -13.251 -16.9555 -20.7797 -24.4674 -25.402 -25.4589 -29.2146 -35.6656 -38.7049 -43.6666 -42.6255 -35.5683 -54.0264 -205.6089 -591.5236 -1143.6777 -1827.8977 -2634.5266 -3256.8765 -3509.5664 -3572.3975 -3623.2151 -3725.5056 -3797.8677 -3894.8601 -4037.5564 -4107.6353 -4142.1431 -4195.3589 -4277.1841 -4342.0776 -4385.7988 -4408.1382 -4340.4614 -3659.3777 -2440.8381 -2434.3557 -3539.0049 -4170.6016 -4277.5103 -4280.231 -4239.4443 -4121.562 -4012.0095 -3588.5598
453.9058 449.2585 384.0672 697.0809 154.7039 481.2461 298.3102 82.7036 43.5133 37.1282 13.0153 13.0777 -8.8349 -14.805 -17.8817 -21.8018 -23.2053 -23.8268 -28.687 -34.7658 -35.4294 -37.7466 -37.394 -28.7106 -19.8293 -52.5743 -239.1275 -667.0282 -1299.7347 -2370.0029 -3143.5359 -3406.9106 -3463.9468 -3478.4583 -3649.5405 -3765.2708 -3916.1267 -4068.9207 -4139.7729 -4214.7275 -4278.1802 -4329.7358 -4391.4121 -4425.124 -4442.8999 -4416.7114 -3917.2676 -2967.332 -2856.1626 -3713.5095 -4267.5093 -4359.8286 -4380.6255 -4274.312 -4168.3081 -4240.353 -3961.5085
407.714 390.3008 545.7463 242.6598 322.2135 255.3067 327.1395 92.1817 183.5966 26.3143 36.512 42.9026 23.2677 -9.2456 -13.6009 -16.5436 -18.322 -20.4788 -26.8422 -33.0102 -33.8196 -34.2393 -32.9623 -22.2486 -11.2846 -18.1937 -69.7405 -286.7562 -853.7772 -2052.4719 -3002.4851 -3368.1228 -3452.042 -3447.4819 -3619.5374 -3791.77 -3979.1802 -4107.9277 -4189.1665 -4283.1602 -4342.1934 -4358.7754 -4364.8359 -4352.438 -4364.5815 -4399.7637 -4329.978 -4110.6802 -4044.1235 -4265.0532 -4420.4307 -4482.8472 -4547.2534 -4393.3223 -4270.9492 -4445.1577 -4231.3691
308.5213 353.9142 401.2572 351.9448 364.8979 206.1947 197.2351 153.5084 118.0274 58.6292 108.0774 76.2929 32.9027 13.4535 13 -9.7932 -13.7764 -16.9289 -21.4701 -25.7644 -26.9105 -26.9255 -26.3955 -20.8227 -9.638 16 -34.3121 -134.4762 -618.8115 -1789.7313 -2824.562 -3355.793 -3511.9126 -3525.5518 -3667.1013 -3874.4473 -4064.8062 -4165.9688 -4217.4517 -4270.7949 -4304.0508 -4322.4111 -4314.6968 -4273.8833 -4278.3789 -4345.2881 -4431.4097 -4477.1289 -4501.1807 -4516.4302 -4514.1182 -4536.645 -4579.5684 -4488.8716 -4393.2104 -4516.562 -4305.0967
356.7096 273.5052 325.2677 317.9216 479.8776 280.765 188.4652 127.3158 88.3163 88.7874 76.4036 94.976 35.7139 23.434 21.6261 9.1696 -8.3016 -14.8599 -17.0058 -19.3903 -21.0844 -21.1153 -21.6702 -17.8119 47.6337 9.8287 -21.1034 -67.2265 -387.512 -1326.7396 -2432.9531 -3224.0815 -3584.23 -3699.8357 -3847.0708 -3984.5308 -4097.2417 -4161.4683 -4204.7769 -4248.2432 -4278.3989 -4347.0679 -4370.7109 -4175.833 -4028.4834 -4200.0029 -4422.1162 -4503.3643 -4526.3677 -4522.6309 -4503.0098 -4520.6025 -4586.0601 -4595.1089 -4546.0957 -4590.2959 -4443.1074
366.9129 235.5497 308.1556 341.4574 425.9995 362.3484 416.9044 199.9362 121.7084 100.328 77.5775 56.1039 38.3599 38.8942 17.8045 17.9549 22.2782 -11.6776 -15.8196 -18.5478 -19.3368 -19.3504 -19.6338 -16.1095 8.1778 19.3542 -18.0423 -37.5573 -181.4021 -750.8234 -1867.6605 -2997.074 -3571.3435 -3771.6191 -3923.5784 -4017.7568 -4085.9019 -4139.165 -4189.3979 -4242.4536 -4279.9307 -4406.1318 -4340.1157 -3550.6038 -2773.1902 -3075.5488 -3891.7959 -4385.1567 -4523.875 -4538.8545 -4544.1577 -4595.791 -4680.5972 -4666.5864 -4623.8018 -4644.124 -4592.082
381.8592 223.9318 278.0796 337.028 341.1037 450.5945 377.1068 179.7218 123.8265 106.9495 84.5569 52.7539 46.4584 36.3004 44.7896 24.6344 17.3867 -7.2239 -12.3889 -14.869 -14.9598 -14.2933 -15.7431 -19.2734 -8.9904 38 11.7515 -33.3627 -90.4044 -372.4721 -1223.968 -2569.9014 -3381.6941 -3708.4172 -3899.0811 -3986.3569 -4064.6436 -4142.9478 -4178.3623 -4220.1958 -4263.8008 -4402.4766 -4329.2134 -3379.7241 -2293.0715 -2502.147 -3596.4739 -4351.4961 -4557.6558 -4590.1348 -4622.144 -4643.8062 -4661.4585 -4633.1299 -4606.978 -4608.0435 -4609.1001
332.0709 212.5984 271.4792 335.6617 291.1899 364.0069 458.3599 212.3721 192.0959 242.4313 98.9659 37.9731 57.9737 63.8664 56.151 35.4137 18.2409 -2.161 -8.5846 -10.8358 -10.9138 -10.6228 -13.5506 -21.6287 11 89.0971 9.8913 -39.8018 -58.4354 -181.4318 -741.6319 -2094.1975 -3124.0503 -3516.5303 -3802.8892 -3961.0422 -4049.3225 -4133.5996 -4170.2646 -4202.563 -4214.1689 -4247.6294 -4256.4512 -3652.4663 -2657.8232 -2673.425 -3707.0039 -4450.5547 -4624.7202 -4637.9756 -4645.9121 -4645.438 -4637.3428 -4627.1797 -4614.8706 -4611.896 -4606.1006
237.2083 228.801 220.4708 254.2395 319.8644 369.4968 343.9113 251.866 319.4257 304.0987 94.6329 65.6736 87.2891 83.4129 66.7223 38.9375 21.2499 14.2536 -4.7201 -9.8099 -10 -9.2905 -10.6328 5.3438 63.6908 115.5048 -7.5083 -41.951 -49.7777 -100.9348 -419.5616 -1377.2604 -2436.7087 -2959.4016 -3602.5664 -3976.4956 -4054.8242 -4121.6802 -4169.1494 -4206.4287 -4207.8481 -4047.1262 -3519.4131 -2593.9409 -2023.7375 -2746.0896 -3981.9934 -4569.9663 -4664.4185 -4668.2461 -4673.2168 -4695.2974 -4675.5679 -4620.0376 -4641.6777 -4677.6147 -4616.147
224.9709 229.8004 214.6947 241.5955 278.6274 332.6394 247.3593 223.3054 290.7613 146.0865 119.4791 82.4136 118.5933 96.5139 83.6874 50.3141 25.9957 21.8551 22.4025 -6.7502 -6.3152 -6.0248 4 61.0722 132.4114 48.7329 -32.3545 -45.3179 -50.6239 -75.9663 -236.1154 -749.334 -1562.0894 -2175.5388 -3174.4539 -3926.917 -4056.2334 -4108.3027 -4180.8579 -4266.6533 -4274.8071 -3959.3401 -2832.0945 -1776.8395 -2170.1096 -3487.6189 -4420.3071 -4644.6196 -4650.0513 -4654.5508 -4653.5664 -4701.1548 -4706.1548 -4618.6113 -4642.2422 -4697.0405 -4649.2095
205.6846 239.7751 230.5893 372.6604 322.114 248.3156 194.4691 153.9744 112.3965 96.8398 102.5109 67.0711 125.7769 115.662 79.8775 69.1374 57.366 34.7705 35.8041 48.2798 27.8031 13.8648 4.5455 57.8079 132.7709 -7.8743 -45.8871 -50.461 -54.8349 -64.704 -148.0688 -442.2055 -975.7316 -1625.8047 -2694.5815 -3750.4849 -4051.1604 -4115.4995 -4213.7109 -4339.9292 -4383.7329 -4066.5708 -3214.8711 -2921.5227 -3610.2219 -4282.0059 -4584.8794 -4644.5342 -4643.8184 -4642.0781 -4631.7119 -4639.4653 -4635.6357 -4620.0718 -4620.7515 -4658.3159 -4625.3423
188.9817 163.2938 215.6929 296.5572 351.054 187.2494 159.3149 118.1777 116.3805 193.9333 102.5754 112.2996 269.2918 160.3782 156.5778 77.6839 67.7141 52.104 57.4774 33.1435 19.2763 4.6378 4.5089 124.8168 60.2519 -38.2407 -48.4359 -51.9321 -53.8643 -64.0598 -114.5865 -264.637 -555.3242 -1327.9177 -2508.7258 -3602.7893 -4056.4241 -4170.647 -4335.1309 -4501.1841 -4555.4688 -4458.7266 -4276.4473 -4338.2783 -4530.2686 -4593.6787 -4632.1021 -4654.501 -4651.5654 -4651.4438 -4663.104 -4655.3706 -4629.166 -4647.6338 -4638.1143 -4712.1348 -4656.9131
222.0036 180.2419 143.7489 174.4834 221.6003 276.5754 126.7829 108.8557 119.3777 167.6356 399.654 119.4261 137.9292 176.4342 193.5146 104.716 77.4738 55.7699 40.6915 21.1258 12.7449 8.8211 30.449 134.0429 -6.4237 -46.3618 -50.072 -54.0534 -56.9529 -59.6332 -95.9922 -259.1113 -644.6861 -1493.2089 -2568.9368 -3597.2239 -4094.3862 -4290.7173 -4494.2197 -4624.875 -4667.3721 -4709.6797 -4818.3101 -4870.8965 -4733.5107 -4619.0068 -4638.7109 -4663.188 -4653.9224 -4659.6768 -4680.3921 -4681.5889 -4702.5464 -4713.7729 -4698.1548 -4768.4429 -4688.3379
213.8804 192.147 131.668 154.4325 154.1359 187.9744 125.7049 105.9113 135.5696 255.8265 274.2755 326.6634 231.0649 145.0168 143.3525 126.0675 76.8793 49.6871 42.3514 32.3013 24.7358 0.7703 65.4881 46.9722 -37.4072 -45.1052 -51.0024 -53.2346 -58.5365 -60.2514 -95.0148 -247.7826 -715.0956 -1621.0284 -2663.2097 -3672.6633 -4155.3477 -4399.959 -4588.1426 -4657.1172 -4673.3413 -4690.2925 -4746.4443 -4810.5728 -4622.1001 -4287.7544 -4386.0024 -4645.1377 -4663.269 -4645.7388 -4647.2671 -4674.0552 -4771.8999 -4750.6611 -4690.3218 -4705.6162 -4660.9917
240.5311 226.3577 154.3086 157.0286 203.4268 230.6426 163.9832 235.8878 245.2563 176.8535 260.0847 406.0984 190.3006 125.6468 103.236 86.4913 82.7492 40.3486 42.2753 46.1392 41.9702 12.1797 34.8305 16.9951 -45.2803 -46.1932 -50.2342 -45.8971 -56.2302 -61.1726 -83.7266 -220.0852 -731.5121 -1761.6025 -2805.532 -3711.0022 -4234.064 -4491.9346 -4603.6377 -4656.4136 -4654.9243 -4600.4834 -4572.8696 -4572.6089 -4157.124 -3275.1321 -3477.9832 -4337.2212 -4507.8462 -4509.4873 -4623.5811 -4667.1353 -4709.0923 -4705.6084 -4665.3628 -4650.5474 -4643.0005
268.4784 242.6096 238.1453 235.2746 185.5709 248.8236 243.6928 347.125 267.7378 249.3871 233.0413 397.9742 242.1851 188.8567 92.3183 103.4466 48.9275 94.5814 78.6195 45.8556 74.9115 30.4732 21.3068 4.0087 -42.9474 -49.1622 -54.268 -53.5177 -60.016 -63.0174 -72.1722 -198.5016 -728.2035 -1748.1931 -2703.3103 -3519.5105 -4249.0352 -4580.2344 -4617.519 -4664.5693 -4661.2012 -4581.1104 -4516.77 -4488.4028 -4106.5571 -3389.2317 -3567.3267 -4372.7969 -4519.7485 -4470.9873 -4605.7563 -4664.0093 -4685.5054 -4689.1538 -4657.9912 -4645.2305 -4644.4868
310.0016 336.1572 312.0658 199.6765 192.5153 206.5635 252.5994 354.6134 295.1284 219.8972 344.1399 261.2881 339.0953 343.2495 122.8577 176.0177 62.8128 66.1565 96.1194 57.2254 81.9693 40.7972 15.1434 -5.631 -39.2411 -50.3695 -55.6056 -60.5889 -63.0336 -63.6822 -68.2637 -169.4326 -626.9138 -1686.0841 -2783.1421 -3654.0933 -4372.498 -4645.1978 -4676.8213 -4658.498 -4685.7026 -4664.4199 -4540.3457 -4393.0879 -4340.6201 -4303.8013 -4418.2173 -4702.604 -4715.4248 -4669.542 -4685.2661 -4712.2041 -4782.2437 -4770.3135 -4683.0698 -4651.9521 -4644.1182
