Resources/Map/Lvl0_30x30/Ele_DE.asc
ncols         335
nrows         335
xllcorner     -6645000
yllcorner     -3375000
cellsize      10000
nodata_value  -99999.0
[rows 216 to 242 of 335, columns 244 to 304 of 335]
-2166.1482 -2081.4167 -2227.0713 -2820.5303 -3389.9194 -3630.9023 -3663.3979 -3709.553 -3744.0271 -3742.0735 -3773.0186 -3823.7285 -3837.8931 -3849.0439 -3898.3215 -3968.2627 -3989.4626 -4014.6357 -4041.8804 -4053.7971 -4053.5725 -4066.54 -4095.562 -4124.918 -4143.3066 -4107.02 -4128.458 -4091.1104 -4095.4214 -4117.0322 -4126.1963 -4126.5938 -4127.9634 -4141.7637 -4167.3188 -4229.4468 -4240.9302 -4253.7544 -4213.4038 -4181.9536 -4148.2578 -4179.2451 -4185.9292 -4166.4175 -4154.877 -4136.7314 -4153.2192 -4157.7656 -4168.6265 -4134.4604 -4102.9399 -4076.3247 -4093.7097 -4141.9854 -4130.6338 -4104.4399 -4110.4658 -4090.2205 -4093.3953 -4108.2324 -4120.7402
-863.8322 -747.2971 -1110.0051 -2275.9983 -3177.2859 -3585.5273 -3661.2354 -3710.7271 -3731.0037 -3752.4561 -3800.9766 -3847.189 -3878.2268 -3890.1587 -3948.6775 -3991.0911 -3982.5002 -4036.3677 -4051.3088 -4038.04 -4043.123 -4064.7375 -4095.6804 -4090.3237 -4132.6919 -4134.5327 -4139.0771 -4083.0051 -4123.8384 -4139.498 -4128.6016 -4153.0991 -4157.126 -4162.7959 -4179.5083 -4211.2485 -4194.582 -4211.2944 -4180.7451 -4175.8452 -4169.0977 -4200.0078 -4205.5601 -4173.2983 -4171.0947 -4168.9648 -4184.7622 -4186.1265 -4193.7471 -4149.7402 -4110.9512 -4115.3335 -4105.6401 -4096.8984 -4116.4126 -4124.4878 -4120.1748 -4098.1987 -4101.8623 -4113.8369 -4126.4341
-403.7425 -492.8058 -1013.7672 -2301.2939 -3089.5581 -3476.0559 -3617.459 -3682.8057 -3705.3389 -3743.5334 -3805.8718 -3840.2109 -3865.9961 -3898.9658 -3982.6858 -3997.136 -3965.3037 -4011.6086 -4018.0217 -3997.7258 -3996.832 -4039.3408 -4055.7671 -4037.4556 -4135.1226 -4179.291 -4139.6025 -4087.9385 -4147.647 -4144.4058 -4137.3794 -4162.04 -4149.186 -4148.019 -4185.8745 -4181.9463 -4160.2031 -4173.5073 -4167.7002 -4156.9683 -4158.6875 -4175.9844 -4199.0269 -4195.5664 -4179.4316 -4185.6055 -4203.3188 -4184.9004 -4195.6548 -4164.0171 -4142.5234 -4142.7334 -4115.1816 -4103.3604 -4136.5298 -4156.6372 -4141.835 -4136.8774 -4134.356 -4129.4932 -4132.0806
-1018.3979 -1323.3252 -1734.7134 -2489.6077 -3044.3269 -3328.9941 -3517.166 -3618.3875 -3625.4404 -3618.0591 -3705.6265 -3766.8169 -3806.4636 -3865.6831 -3922.5513 -3920.2839 -3892.7166 -3890.4341 -3873.3826 -3858.8508 -3868.6575 -3965.6663 -4002.6641 -3996.2476 -4095.5574 -4152.0117 -4118.0845 -4110.8574 -4133.0762 -4122.418 -4141.5103 -4142.9932 -4141.6294 -4152.9175 -4180.4634 -4167.061 -4151.7314 -4158.4497 -4163.8911 -4136.021 -4158.7246 -4158.3276 -4188.5229 -4219.2461 -4178.6611 -4186.4976 -4202.75 -4189.0254 -4180.7285 -4182.8491 -4180.082 -4155.4404 -4145.4531 -4144.2446 -4167.1626 -4184.9985 -4171.8018 -4178.4795 -4158.3711 -4136.5596 -4133.6069
-1675.8428 -1837.2808 -1727.6072 -1876.4325 -2648.7329 -3163.0015 -3414.0352 -3514.6404 -3398.2871 -3178.9668 -3301.0586 -3564.9412 -3656.5986 -3722.2051 -3767.1519 -3750.8296 -3587.6216 -3303.6472 -3319.1863 -3519.2046 -3613.208 -3754.6033 -3867.7219 -3895.283 -3988.7512 -4083.6848 -4143.8022 -4150.4595 -4134.603 -4140.5806 -4147.8237 -4129.2559 -4142.5322 -4148.543 -4157.2588 -4168.4326 -4135.0376 -4159.6787 -4165.0986 -4123.939 -4150.8613 -4154.1245 -4196.2793 -4242.4341 -4195.2656 -4198.5298 -4191.3022 -4194.5776 -4165.1616 -4175.2329 -4164.7964 -4142.8477 -4174.8696 -4174.8223 -4184.4224 -4192.3853 -4169.5874 -4173.873 -4169.1001 -4144.2144 -4135.7837
-2009.6095 -1949.3837 -1465.2734 -1230.9329 -2177.9219 -3015.1123 -3351.8926 -3428.04 -3189.8425 -2740.4136 -2814.6709 -3231.1301 -3363.207 -3407.2581 -3464.7993 -3427.321 -2997.3584 -2237.2566 -2361.7554 -3008.3972 -3247.7729 -3413.8091 -3627.9465 -3722.1465 -3858.7251 -4056.4033 -4189.4365 -4160.3989 -4121.6265 -4133.8408 -4147.1187 -4129.1006 -4109.7139 -4128.9844 -4149.019 -4156.4233 -4128.1074 -4161.7139 -4147.9185 -4147.0747 -4164.5 -4168.2993 -4207.5615 -4247.8579 -4217.5044 -4186.6953 -4158.0942 -4157.166 -4159.0093 -4161.5059 -4134.3003 -4123.7007 -4179.165 -4192.168 -4187.1074 -4185.5581 -4166.7524 -4152.4507 -4153.0903 -4143.8354 -4140.8672
-2057.9448 -2030.4336 -1685.7826 -1400.8575 -2102.8574 -2878.5566 -3207.8896 -3233.0601 -2955.572 -2596.5571 -2556.252 -2641.864 -2625.5901 -2616.0537 -2758.0862 -2811.9165 -2469.5027 -1910.184 -2131.4551 -2711.106 -2840.8101 -2961.6235 -3241.988 -3449.8833 -3700.8213 -4006.0464 -4171.3965 -4137.6836 -4099.0327 -4106.0444 -4093.4419 -4042.4133 -3950.7751 -3975.6865 -4066.1292 -4091.5422 -4130.3169 -4163.4604 -4141.5938 -4175.9092 -4184.5684 -4170.4678 -4180.1499 -4220.3433 -4205.7593 -4175.4385 -4168.7349 -4162.8477 -4182.7168 -4166.1646 -4145.918 -4159.9639 -4177.6338 -4195.1826 -4194.6953 -4179.0762 -4165.7969 -4151.627 -4143.5894 -4141.4194 -4149.1289
-2017.3275 -2042.7407 -1922.0564 -1869.7003 -2215.7988 -2656.7131 -2874.1294 -2622.9207 -2057.4167 -2031.0638 -2109.9365 -1629.4987 -1254.9899 -1282.0613 -1681.1438 -1934.0527 -1859.642 -1807.3722 -2132.0579 -2377.7542 -2306.2144 -2436.6282 -2793.1484 -3075.8301 -3465.3364 -3888.1211 -4109.563 -4111.811 -4111.2935 -4114.8071 -3994.7122 -3855.6118 -3651.0605 -3580.9023 -3785.1802 -3890.3442 -4028.4968 -4133.3765 -4148.8242 -4179.2876 -4196.5278 -4168.8486 -4158.8623 -4200.3887 -4191.4478 -4194.5776 -4200.5195 -4190.0605 -4179.1924 -4172.9238 -4176.439 -4198.8887 -4188.8711 -4194.2222 -4199.2969 -4185.7886 -4184.9141 -4168.9395 -4149.6167 -4157.2461 -4171.8521
-2047.8 -2066.6721 -2038.8185 -2129.6721 -2163.4441 -2240.4636 -2044.2715 -1569.9934 -1266.0558 -1693.8694 -1841.4946 -990.9965 -389.3912 -588.04 -1087.5812 -1397.504 -1098.6906 -863.3969 -1109.1112 -1229.7285 -1148.3674 -1438.4097 -2153.7222 -2716.6401 -3269.8579 -3749.9148 -3997.0425 -4048.8237 -4064.0261 -4055.6082 -3855.3894 -3576.2332 -3186.1208 -2832.2451 -3115.9407 -3532.3723 -3824.2688 -4032.5801 -4122.5762 -4161.1567 -4188.5737 -4205.8433 -4182.9956 -4158.9053 -4162.9707 -4199.0894 -4178.4282 -4199.7407 -4177.4009 -4201.0864 -4229.542 -4219.5396 -4211.6973 -4212.1885 -4203.8853 -4194.1948 -4210.1729 -4182.521 -4146.2256 -4160.6519 -4187.5288
-2046.6907 -2026.0371 -2022.7496 -1919.8372 -1494.0939 -1262.9875 -953.3646 -1105.8745 -1769.3395 -2295.9348 -2116.0828 -1302.6516 -1020.5108 -1481.3591 -1949.9236 -2113.4968 -1570.8143 -929.1818 -566.772 -374.5817 -313.0663 -569.3032 -1361.3666 -2223.5977 -3006.5232 -3522.3984 -3737.0498 -3847.655 -3882.1084 -3839.3799 -3445.2771 -2580.3511 -1894.8956 -1347.4385 -1679.5518 -2768.2239 -3452.1655 -3763.3704 -3940.3853 -4032.9026 -4083.2422 -4140.0396 -4141.4492 -4103.9717 -4125.312 -4171.8604 -4156.5464 -4229.1138 -4234.7798 -4236.6367 -4266.02 -4256.8027 -4240.4712 -4241.4492 -4232.7861 -4215.1099 -4220.8735 -4213.3159 -4188.2051 -4174.8438 -4200.8569
-1627.5428 -1387.1178 -1175.2581 -933.0912 -578.3944 -540.7417 -752.7617 -1541.86 -2537.4514 -2926.2566 -2715.8484 -2218.4053 -2205.0115 -2660.842 -3046.2651 -3138.915 -2807.9983 -2243.342 -1447.1776 -804.624 -493.5984 -509.4326 -951.4473 -1841.5629 -2455.0459 -2858.6973 -3128.7131 -3437.2568 -3615.7117 -3542.9275 -2791.7551 -1252.9481 -546.5258 -283.4131 -483.6986 -1759.6719 -2905.7046 -3316.7449 -3619.6003 -3812.8813 -3929.9712 -3999.5337 -4055.853 -4067.0493 -4077.6858 -4112.8472 -4127.3823 -4203.2222 -4244.0039 -4263.1216 -4289.46 -4282.0444 -4266.9282 -4273.8267 -4271.7515 -4236.0928 -4223.0254 -4241.7886 -4239.5845 -4208.8613 -4222.3926
-698.0493 -471.9214 -301.3443 -392.7525 -726.3553 -1207.5211 -1528.734 -2126.0286 -2817.5881 -3191.7002 -3317.1653 -3209.3464 -3234.7817 -3419.0596 -3592.8088 -3627.7524 -3465.1279 -3184.6777 -2698.176 -2142.6277 -1607.3021 -1300.0083 -1305.406 -1973.8724 -1807.4368 -1409.2319 -1581.9799 -2580.6338 -3248.2068 -3257.1514 -2358.3894 -719.9052 -124.7013 -87.424 -115.3374 -990.5892 -2414.9297 -2912.4663 -3354.0029 -3624.4834 -3753.8806 -3806.2739 -3866.1355 -3864.8157 -3848.8777 -3848.7871 -3857.5269 -3989.0925 -4157.3564 -4258.0098 -4303.2124 -4304.1763 -4300.3784 -4306.9756 -4299.3755 -4267.5186 -4261.1094 -4267.6528 -4277.8506 -4263.1133 -4189.4712
-172.7528 -251.3625 -672.29 -1432.6958 -2035.1768 -2434.1724 -2516.6272 -2794.4521 -3208.9578 -3436.6675 -3605.9441 -3747.8474 -3811.9766 -3840.7493 -3872.5598 -3871.4319 -3761.9004 -3594.4663 -3360.4141 -3047.071 -2614.9197 -2323.3894 -2275.7107 -2422.7073 -1768.2493 -846.1666 -698.2859 -2033.729 -3160.1094 -3355.2815 -2762.3315 -1314.6492 -303.6945 -95.7111 -112.9752 -822.5437 -2216.9241 -2789.3591 -3185.7102 -3403.0955 -3475.3792 -3437.2236 -3447.7844 -3479.4297 -3180.4597 -2778.6401 -2993.8733 -3432.5991 -3758.3818 -4094.1553 -4269.6982 -4319.0107 -4323.1592 -4324.7944 -4315.0591 -4297.186 -4289.8013 -4281.5508 -4289.4746 -4282.5005 -4156.4077
-608.3258 -1052.5701 -2045.0635 -2725.395 -3034.6655 -3172.0596 -3204.7056 -3348.894 -3584.2051 -3676.2712 -3758.5615 -3912.3938 -3975.9299 -3982.5005 -3997.9111 -3999.1309 -3949.728 -3823.6628 -3618.0313 -3346.2505 -3041.2983 -2878.3225 -2892.1174 -2885.8704 -2532.8147 -1985.307 -1918.015 -2750.7078 -3514.481 -3703.2351 -3446.4893 -2590.123 -1478.104 -859.619 -847.5458 -1493.882 -2415.5488 -2849.168 -2984.0554 -3002.8655 -2947.2749 -2454.0869 -2293.3342 -2828.2512 -2229.5237 -1173.0414 -1435.339 -2039.4822 -2771.7017 -3807.8508 -4197.23 -4303.3115 -4328.8711 -4331.4316 -4316.7632 -4296.8076 -4293.4375 -4302.1563 -4318.0366 -4313.791 -4252.7744
-2118.9937 -2466.4705 -3093.9119 -3366.9084 -3464.8335 -3555.7227 -3662.333 -3773.595 -3880.0371 -3885.8965 -3913.9778 -3999.1777 -3983.7344 -3924.9592 -3995.9429 -4051.8723 -4050.2144 -3992.3523 -3855.7324 -3640.5139 -3473.4766 -3317.6243 -3233.3398 -3323.7744 -3338.6721 -3277.7808 -3380.3965 -3632.0627 -3846.7725 -3953.7856 -3856.2236 -3520.6775 -2919.5168 -2356.5657 -2138.335 -2383.1641 -2772.7485 -3029.189 -2680.5317 -2012.7295 -1795.6306 -1092.0803 -1141.8141 -2568.0088 -2270.2061 -1126.7953 -933.7533 -1311.4344 -2345.3857 -3715.9126 -4209.6606 -4334.0801 -4330.9331 -4320.7822 -4302.0947 -4288.2544 -4288.7617 -4287.106 -4308.7568 -4336.1875 -4339.8223
-3154.9106 -3306.457 -3510.5728 -3623.5417 -3702.5999 -3781.46 -3883.21 -3964.9126 -3996.4451 -3995.9353 -4016.585 -4056.9905 -4021.9229 -3947.2583 -4024.5632 -4093.0972 -4101.2358 -4108.8569 -4049.8457 -3986.0366 -3972.1851 -3791.7278 -3656.988 -3737.1472 -3801.074 -3893.6348 -3995.7188 -4035.6492 -4062.5647 -4141.1489 -4080.7766 -3897.7131 -3533.1809 -3092.6648 -2873.5422 -2988.6387 -3143.9771 -3242.7637 -2651.6321 -1430.6919 -1452.4333 -1697.9142 -1874.8608 -3041.9561 -3169.991 -2811.8928 -2721.9307 -2841.1389 -3331.6201 -3999.2793 -4297.5898 -4370.3296 -4337.9761 -4332.2344 -4333.0024 -4337.792 -4324.5063 -4311.0322 -4319.2969 -4338.46 -4357.5947
-3537.3806 -3630.5886 -3695.0852 -3768.6055 -3833.2432 -3886.7419 -3965.696 -4012.9758 -4011.0503 -4017.8101 -4043.5979 -4084.4087 -4104.7026 -4099.1299 -4123.7251 -4130.1611 -4109.5923 -4146.3979 -4166.7461 -4183.4448 -4229.7144 -4129.9175 -4067.0198 -4091.8977 -4084.8391 -4149.4336 -4239.02 -4243.6357 -4213.3311 -4278.3511 -4248.2041 -4092.074 -3784.8022 -3521.241 -3465.543 -3567.5693 -3631.2539 -3585.5964 -3192.8909 -2449.4031 -2608.2236 -3093.3125 -3192.697 -3609.5713 -3776.8171 -3828.4189 -3915.0718 -4003.5813 -4102.1357 -4234.3623 -4328.3438 -4352.8174 -4321.1587 -4311.9409 -4337.1309 -4373.2642 -4348.6401 -4341.2793 -4350.6265 -4349.0332 -4379.4546
-3694.9094 -3746.2546 -3755.6768 -3810.4802 -3871.3782 -3937.5464 -4013.4277 -4032.4075 -4052.3687 -4072.531 -4083.4927 -4114.9014 -4156.4492 -4169.6064 -4170.2534 -4148.9888 -4093.1523 -4110.0815 -4183.2065 -4219.7036 -4261.2046 -4284.7813 -4279.665 -4252.1772 -4244.1846 -4256.0879 -4299.3091 -4318.6768 -4333.4385 -4350.6631 -4320.5 -4247.1035 -4080.291 -3988.6526 -4037.8193 -4083.1494 -4120.1992 -4054.1431 -3914.366 -3722.1323 -3767.2427 -3947.4277 -4001.4319 -4056.5583 -4119.3008 -4190.8994 -4232.6899 -4287.125 -4288.543 -4309.4297 -4326.8066 -4331.4619 -4285.5327 -4241.7324 -4253.0664 -4318.5581 -4343.0059 -4370.5947 -4380.0708 -4370.2705 -4405.1719
-3721.2185 -3730.5115 -3763.3267 -3833.29 -3892.189 -3943.6648 -4005.814 -4035.8528 -4086.5393 -4122.7798 -4132.5435 -4145.1348 -4176.1499 -4190.6587 -4196.7773 -4169.4722 -4102.6055 -4098.9888 -4160.04 -4208.2715 -4266.3491 -4334.5654 -4341.876 -4309.4229 -4308.6362 -4321.833 -4357.6196 -4342.9038 -4361.7671 -4381.8657 -4348.3999 -4375.4004 -4368.814 -4293.5376 -4318.8921 -4355.8931 -4363.0698 -4324.4395 -4279.5684 -4272.7817 -4277.1064 -4321.6709 -4326.9854 -4298.7964 -4302.8955 -4341.4834 -4314.9961 -4302.0942 -4315.9277 -4314.897 -4322.4341 -4322.3354 -4264.6597 -4214.8354 -4129.0225 -4132.8911 -4270.5195 -4378.9097 -4394.9937 -4405.9727 -4425.8423
-3702.5493 -3733.6313 -3787.6868 -3858.3013 -3897.8552 -3941.1558 -4005.0825 -4080.5637 -4130.0112 -4139.6382 -4146.4595 -4161.397 -4197.5049 -4227.8745 -4246.5605 -4218.751 -4177.1973 -4147.0537 -4154.165 -4207.9717 -4245.3896 -4280.6465 -4315.7358 -4363.7461 -4328.0874 -4311.9766 -4319.9331 -4290.0347 -4336.0703 -4418.3184 -4399.6636 -4454.772 -4486.9819 -4361.146 -4405.4858 -4467.5767 -4457.7988 -4445.0811 -4414.4824 -4412.5928 -4423.9165 -4414.8169 -4396.4038 -4406.0825 -4349.5898 -4350.7959 -4362.2485 -4337.8271 -4327.8965 -4316.0786 -4336.2773 -4325.8169 -4278.4136 -4245.7139 -4146.9795 -4109.981 -4255.5615 -4397.6943 -4442.7314 -4454.2134 -4444.2109
-3704.019 -3762.8516 -3816.4155 -3861.0601 -3915.8953 -3970.644 -4022.7107 -4112.0386 -4134.1196 -4110.4126 -4134.9229 -4171.9546 -4221.5303 -4246.7446 -4258.2427 -4251.0576 -4237.6157 -4215.2822 -4206.3608 -4236.0078 -4244.5435 -4250.2456 -4259.1655 -4309.6392 -4292.4048 -4278.2729 -4288.7612 -4317.0181 -4358.3926 -4412.1758 -4403.2515 -4462.584 -4502.7671 -4389.3462 -4454.0474 -4507.1396 -4514.6372 -4456.9541 -4464.2266 -4449.5894 -4422.311 -4389.9805 -4404.2002 -4466.1919 -4354.9937 -4321.9331 -4372.1294 -4351.0889 -4339.9058 -4382.2554 -4381.9048 -4339.73 -4318.5679 -4347.9355 -4329.1069 -4316.4805 -4354.4072 -4398.082 -4421.7271 -4450.9082 -4461.9136
-3746.9934 -3780.2319 -3829.012 -3879.6912 -3940.8826 -4008.0625 -4034.7446 -4084.6416 -4101.3809 -4114.7197 -4134.251 -4160.4478 -4219.394 -4235.6284 -4237.103 -4264.0913 -4236.4912 -4205.0327 -4219.3276 -4225.0737 -4253.8213 -4279.3794 -4257.1479 -4238.4663 -4233.8682 -4258.6606 -4331.7056 -4396.395 -4396.5732 -4391.8511 -4409.042 -4455.0532 -4460.5811 -4460.5566 -4465.4795 -4469.3208 -4565.6499 -4507.582 -4506.8052 -4481.4478 -4455.4175 -4471.0298 -4472.6997 -4480.3262 -4419.6582 -4394.9458 -4413.1333 -4382.9341 -4389.3979 -4424.3833 -4393.377 -4368.7568 -4370.2261 -4397.1699 -4404.0103 -4426.6465 -4427.8896 -4420.832 -4427.2031 -4481.7573 -4520.4463
-3793.2341 -3832.3032 -3869.6592 -3910.8069 -3940.4194 -3965.0537 -4024.4946 -4088.1973 -4082.6599 -4098.8696 -4094.6589 -4108.022 -4162.1943 -4157.1846 -4175.7275 -4245.0957 -4246.8208 -4247.9766 -4267.7266 -4280.8369 -4318.479 -4330.8716 -4293.1182 -4275.541 -4276.6304 -4304.9663 -4374.1978 -4408.3975 -4417.9663 -4419.5215 -4425.2822 -4440.4277 -4424.5752 -4490.9521 -4487.4824 -4473.1724 -4550.7397 -4517.8872 -4489.3794 -4487.3389 -4474.687 -4490.2422 -4465.6436 -4455.2202 -4442.8711 -4399.0767 -4415.4619 -4420.125 -4443.1553 -4445.8149 -4422.8276 -4400.7593 -4396.4233 -4412.5132 -4445.229 -4467.4106 -4461.1587 -4449.0747 -4456.4585 -4475.1924 -4488.6646
-3767.9978 -3824.2988 -3849.49 -3845.4355 -3900.3489 -3926.9553 -3962.6218 -4016.5901 -4012.5847 -4031.032 -4042.5889 -4064.7114 -4051.4846 -3993.3552 -4091.4939 -4200.0347 -4233.9175 -4321.7134 -4344.0244 -4319.1802 -4354.6885 -4352.0659 -4296.1875 -4299.8325 -4343.1367 -4381.5273 -4413.8027 -4453.0029 -4451.438 -4449.7026 -4473.0933 -4491.4512 -4482.8804 -4506.7437 -4504.2202 -4492.7261 -4507.2529 -4499.9604 -4490.3096 -4502.1826 -4517.665 -4514.9888 -4471.8721 -4438.4297 -4426.5371 -4430.1377 -4447.3833 -4451.0776 -4469.7085 -4429.8613 -4411.4756 -4385.8569 -4405.2329 -4430.4663 -4470.9644 -4483.2266 -4441.541 -4437.21 -4492.5864 -4483.665 -4470.1436
-3716.4744 -3755.3899 -3766.6826 -3729.3613 -3830.9299 -3889.1013 -3888.0811 -3932.6147 -3954.3711 -3994.7991 -4021.3726 -3965.7783 -3744.4885 -3567.4944 -3850.6335 -4132.5938 -4212.4946 -4274.6279 -4305.5132 -4313.6743 -4360.3911 -4422.0313 -4416.8906 -4392.1714 -4420.0156 -4446.8433 -4459.8672 -4469.1152 -4475.7192 -4485.2388 -4500.3936 -4493.4346 -4501.3745 -4521.9556 -4509.6831 -4505.0664 -4512.5728 -4483.4102 -4483.3042 -4510.0908 -4516.0151 -4508.1157 -4517.9785 -4470.8232 -4434.854 -4504.3701 -4520.0488 -4484.603 -4488.123 -4440.9961 -4424.1807 -4425.7676 -4448.4443 -4457.6177 -4494.0981 -4515.6235 -4459.0249 -4427.8301 -4473.5078 -4456.9854 -4451.5078
-3656.9543 -3663.1155 -3668.4868 -3687.6113 -3782.3933 -3853.6118 -3864.0732 -3893.3474 -3931.946 -3977.4868 -3895.7925 -3476.833 -2898.0632 -2807.6353 -3496.9578 -4086.4531 -4244.3936 -4271.0239 -4288.6953 -4309.8574 -4335.9141 -4411.6914 -4444.814 -4461.4116 -4484.3589 -4493.0908 -4509.6426 -4526.647 -4520.1851 -4511.3062 -4505.4321 -4486.9253 -4493.3481 -4521.3618 -4481.5874 -4527.582 -4545.2329 -4491.4878 -4488.0376 -4566.7739 -4556.0737 -4521.7017 -4567.7563 -4536.5791 -4475.2236 -4520.791 -4544.019 -4531.9434 -4522.5127 -4482.9849 -4454.1265 -4451.6323 -4466.4624 -4477.6606 -4491.1211 -4480.2935 -4446.4902 -4453.8608 -4523.0479 -4501.1626 -4450.4019
-3626.7058 -3596.6555 -3635.6465 -3716.0635 -3767.948 -3823.7207 -3841.238 -3863.708 -3913.0107 -3917.3218 -3729.8247 -3304.4573 -3019.6599 -3281.2493 -3792.4194 -4113.7393 -4235.876 -4264.6152 -4295.3652 -4338.5654 -4362.001 -4354.8706 -4369.0806 -4410.5083 -4464.5044 -4478.603 -4483.7725 -4524.5415 -4522.5791 -4573.2754 -4584.9282 -4525.5903 -4514.1719 -4515.3335 -4490.499 -4542.834 -4577.5439 -4552.8169 -4501.9302 -4556.77 -4561.2417 -4544.7285 -4559.2598 -4531.9683 -4515.7485 -4564.5649 -4594.564 -4537.2402 -4471.1646 -4480.9199 -4496.9087 -4468.7495 -4467.9233 -4481.5562 -4481.4404 -4488.1162 -4459.5732 -4439.9434 -4476.8398 -4484.2788 -4487.7588
