Resources/Map/Lvl0_30x30/Ele_CI.asc
ncols         335
nrows         335
xllcorner     6755000
yllcorner     -25000
cellsize      10000
nodata_value  -99999.0
[rows 182 to 207 of 335, columns 58 to 115 of 335]
-4044.2104 -4045.5818 -4044.5471 -4047.2261 -4048.0254 -4055.813 -4059.9973 -4061.2595 -4057.5513 -4062.1636 -4065.5913 -4062.873 -4065.9585 -4078.4971 -4088.5273 -4096.5059 -4101.1255 -4106.3584 -4119.8418 -4118.792 -4117.3481 -4125.6128 -4134.2803 -4135.3896 -4142.7837 -4153.3574 -4141.8442 -4134.6641 -4147.9004 -4156.9912 -4152.5723 -4151.7798 -4138.3218 -4145.6538 -4157.5854 -4137.8193 -4145.4316 -4156.3242 -4140.1392 -4130.7632 -4146.5239 -4164.8691 -4159.6284 -4122.3882 -4137.4805 -4105.0269 -3961.1257 -3743.1504 -3663.541 -3505.3357 -3229.8481 -3055.3789 -3153.1748 -3096.3054 -2979.9668 -2867.6563 -2508.4219 -2234.4158
-4048.4182 -4056.5217 -4055.7507 -4054.4448 -4053.8149 -4061.6924 -4064.4978 -4070.0027 -4071.1121 -4071.3425 -4076.7441 -4080.1777 -4078.4121 -4081.7622 -4094.5706 -4096.9712 -4102.9692 -4117.5605 -4129.3789 -4117.5703 -4123.0137 -4127.3291 -4134.0068 -4136.9287 -4145.2915 -4155.5713 -4150.6938 -4154.0156 -4171.3672 -4184.5005 -4178.1729 -4174.0718 -4150.0215 -4147.6631 -4163.4771 -4160.8164 -4164.0962 -4183.3569 -4177.2266 -4150.1226 -4155.6138 -4151.4805 -4089.2153 -3900.8772 -3968.5918 -4139.3301 -4041.4404 -3808.5435 -3743.8738 -3574.9519 -3275.5752 -3132.6809 -3079.1243 -2992.1172 -2919.822 -2818.8545 -2606.0315 -2360.2085
-4057.3269 -4062.939 -4064.4089 -4064.1833 -4064.1467 -4071.6541 -4074.1777 -4079.6165 -4081.2053 -4084.4102 -4088.186 -4091.9792 -4095.6418 -4092.9783 -4098.3345 -4096.625 -4107.4224 -4123.2217 -4132.3716 -4122.8862 -4129.4233 -4134.7847 -4135.2686 -4141.9097 -4149.6768 -4155.0303 -4159.563 -4160.6489 -4158.8848 -4168.2729 -4175.9844 -4186.5327 -4176.9321 -4155.6362 -4154.7236 -4174.3848 -4183.7983 -4199.1953 -4200.3979 -4178.7441 -4185.5757 -4199.6553 -4115.1655 -3904.2358 -3977.7415 -4157.9707 -4018.3411 -3694.1001 -3605.405 -3496.7102 -3305.2976 -3247.8474 -3091.3677 -2945.3872 -2880.833 -2774.6865 -2677.5134 -2489.6172
-4072.6902 -4074.0142 -4074.2529 -4075.874 -4075.6086 -4079.3708 -4081.5808 -4092.687 -4097.417 -4103.085 -4103.7129 -4103.5581 -4107.6611 -4104.4551 -4107.1875 -4109.1665 -4110.333 -4120.0142 -4130.6318 -4130.4282 -4137.5498 -4148.7432 -4149.1699 -4155.2729 -4157.334 -4161.5068 -4168.5327 -4166.4697 -4171.7559 -4179.3887 -4173.9351 -4182.9116 -4188.6475 -4171.189 -4166.375 -4186.6626 -4195.3594 -4196.3184 -4194.894 -4174.4507 -4176.6963 -4202.7256 -4192.8403 -4180.2446 -4214.2261 -4205.0581 -4011.2478 -3714.489 -3549.1335 -3408.8799 -3394.1184 -3326.5652 -3155.9504 -3015.697 -2877.2036 -2581.4402 -2530.6858 -2525.5227
-4086.0249 -4086.9114 -4088.6868 -4090.6067 -4088.9163 -4090.3765 -4092.2832 -4105.8916 -4108.6821 -4102.3262 -4112.0649 -4121.2241 -4123.209 -4121.0254 -4123.8999 -4126.9404 -4122.8096 -4130.0674 -4132.5947 -4136.9639 -4144.5566 -4154.3096 -4156.376 -4158.3511 -4167.5811 -4175.624 -4179.6592 -4177.9595 -4191.6572 -4195.9731 -4196.5947 -4241.0161 -4234.6001 -4186.7002 -4193.8271 -4197.7983 -4197.7505 -4202.8369 -4198.2861 -4177.7173 -4158.6768 -4140.0449 -4115.7666 -4142.1411 -4166.1045 -4199.2651 -4099.9956 -3823.5112 -3625.708 -3485.5706 -3442.0566 -3304.8052 -3105.7498 -2997.429 -2844.2842 -2420.5181 -2291.8799 -2411.5178
-4098.5996 -4099.9365 -4102.8354 -4105.4111 -4104.4053 -4104.6704 -4108.9063 -4113.2925 -4105.1943 -4091.5295 -4114.4966 -4132.6182 -4133.4448 -4136.291 -4134.0415 -4134.3047 -4136.1987 -4139.2524 -4138.8174 -4144.3174 -4147.4653 -4160.7964 -4161.8604 -4163.5298 -4178.5625 -4180.7705 -4187.1123 -4190.1157 -4200.3765 -4209.6714 -4237.6479 -4284.0371 -4259.2764 -4202.7529 -4194.5767 -4194.2207 -4209.813 -4217.7397 -4210.4268 -4193.397 -4172.0542 -4142.7261 -4115.0269 -4117.5259 -4130.8506 -4178.9595 -4103.8008 -3823.5737 -3690.4097 -3657.4648 -3544.9507 -3351.6528 -3197.5679 -3060.3711 -2833.9958 -2559.3918 -2410.4028 -2415.8042
-4116.9282 -4117.6411 -4117.4902 -4118.6943 -4115.8794 -4114.0864 -4116.0928 -4116.6206 -4114.9019 -4109.4658 -4127.1812 -4137.0435 -4138.917 -4140.438 -4137.0537 -4134.5254 -4140.3506 -4139.6987 -4144.2314 -4152.396 -4156.0361 -4172.8613 -4173.6128 -4175.4487 -4183.7456 -4186.1851 -4196.0356 -4204.3408 -4215.3423 -4221.3643 -4239.7227 -4244.0542 -4231.0605 -4222.8022 -4200.5659 -4204.5781 -4219.0508 -4221.7446 -4225.3853 -4217.6338 -4206.8472 -4171.231 -4129.1968 -4125.8066 -4151.1187 -4170.9087 -4061.6614 -3774.1396 -3649.2212 -3667.7507 -3548.6431 -3358.4834 -3194.7158 -2980.7729 -2757.6501 -2662.3572 -2526.9526 -2432.1511
-4133.4395 -4131.2671 -4128.6162 -4130.084 -4124.957 -4122.6772 -4120.1431 -4125.3506 -4135.9199 -4136.71 -4146.2407 -4147.187 -4145.6821 -4146.147 -4144.7979 -4140.98 -4144.5928 -4145.8403 -4151.7378 -4159.5435 -4164.8252 -4178.2891 -4184.6753 -4189.7021 -4192.7275 -4199.2153 -4203.5996 -4208.4287 -4215.4146 -4219.2627 -4227.7998 -4224.3389 -4217.6294 -4219.7969 -4200.8496 -4203.9863 -4222.4917 -4235.373 -4231.1235 -4216.272 -4215.6367 -4197.2354 -4157.5244 -4129.9268 -4146.8701 -4188.522 -4140.1289 -3838.718 -3643.0337 -3603.8889 -3496.7483 -3345.0659 -3165.2671 -2956.7876 -2759.156 -2683.9539 -2548.0093 -2419.123
-4142.8374 -4142.0879 -4138.0088 -4138.918 -4136.5684 -4134.9448 -4129.5879 -4133.5127 -4140.3193 -4139.2964 -4147.4907 -4153.2412 -4151.0962 -4152.6045 -4151.5298 -4148.2754 -4152.5254 -4153.2949 -4157.6147 -4162.5366 -4166.1172 -4179.6997 -4192.8838 -4204.418 -4208.1768 -4208.0811 -4207.7817 -4211.7661 -4217.1367 -4223.8369 -4228.8979 -4226.4448 -4217.0288 -4221.3848 -4212.5903 -4204.144 -4214.3672 -4227.354 -4227.2188 -4211.7593 -4221.4155 -4230.7847 -4207.6572 -4158.3022 -4139.9087 -4218.7808 -4327.2031 -4033.4343 -3687.9124 -3569.9448 -3534.6538 -3394.3328 -3144.6709 -2965.7576 -2872.5686 -2845.313 -2651.4741 -2391.9573
-4150.0347 -4151.7769 -4149.4482 -4147.8384 -4146.3809 -4142.6665 -4140.377 -4142.3325 -4142.5649 -4142.5225 -4145.5269 -4155.1572 -4159.6079 -4161.5356 -4161.6045 -4159.2671 -4163.5205 -4164.8882 -4166.5249 -4167.458 -4173.3027 -4189.6138 -4205.7534 -4214.9717 -4221.5635 -4221.5981 -4221.6587 -4224.4141 -4229.5889 -4233.0601 -4234.1025 -4237.9385 -4239.1768 -4248.2822 -4237.2505 -4220.9707 -4214.0322 -4216.1172 -4236.5947 -4245.9058 -4246.5698 -4244.2539 -4232.5557 -4191.895 -4164.4204 -4207.2979 -4369.2891 -4224.5957 -3730.324 -3520.0925 -3599.625 -3463.2595 -3148.1028 -2925.7866 -2880.6672 -2946.0061 -2748.7991 -2341.894
-4163.7402 -4163.2319 -4161.4893 -4160.9102 -4155.4932 -4151.1841 -4155.624 -4159.0874 -4152.4141 -4150.7578 -4152.3535 -4158.2554 -4168.5957 -4175.3008 -4171.0039 -4175.6333 -4177.7412 -4182.0781 -4183.332 -4182.7656 -4186.9063 -4199.231 -4215.6655 -4222.2231 -4229.9473 -4234.4438 -4234.6943 -4238.5776 -4245.4077 -4248.0708 -4249.3086 -4253.2002 -4254.2432 -4261.5845 -4256.2056 -4243.3877 -4239.3301 -4242.7739 -4258.4048 -4273.8711 -4269.1831 -4255.8296 -4250.1074 -4235.4849 -4225.7275 -4221.2886 -4307.9106 -4311.7705 -3845.6885 -3539.2686 -3599.2397 -3505.627 -3281.0566 -3037.9343 -2956.3445 -2983.4417 -2767.5957 -2340.2944
-4172.6816 -4174.9443 -4176.3257 -4172.2729 -4165.1045 -4164.4614 -4168.1084 -4168.9063 -4165.3442 -4164.6914 -4166.5327 -4166.8359 -4173.9868 -4184.4961 -4173.1738 -4181.981 -4184.6406 -4191.6636 -4196.0801 -4192.6499 -4196.1333 -4208.6157 -4227.061 -4231.6621 -4235.5771 -4244.4448 -4246.6792 -4250.2505 -4257.1001 -4260.0195 -4264.75 -4264.4663 -4264.6147 -4269.269 -4275.0562 -4265.0542 -4244.7192 -4245.5791 -4264.3848 -4276.3975 -4296.1396 -4309.0835 -4294.6104 -4279.6797 -4274.3096 -4280.4243 -4265.479 -4288.939 -4089.0713 -3726.5654 -3614.384 -3554.0127 -3411.2107 -3248.9353 -3151.0837 -3033.3865 -2775.571 -2391.126
-4183.0977 -4189.8584 -4190.7549 -4181.9126 -4176.7866 -4176.4541 -4176.5576 -4179.0752 -4180.436 -4181.0142 -4181.0771 -4178.3267 -4182.7827 -4191.2134 -4179.7764 -4186.0508 -4188.8154 -4199.4561 -4206.8667 -4204.4873 -4209.145 -4219.3853 -4234.876 -4239.2407 -4240.168 -4250.897 -4259.0771 -4261.9028 -4268.9878 -4270.5371 -4276.8813 -4274.7695 -4272.4878 -4275.4229 -4279.9819 -4263.168 -4232.9155 -4250.5337 -4289.4634 -4298.7446 -4344.8408 -4373.23 -4334.9888 -4313.7036 -4315.1626 -4330.6465 -4231.4473 -4218.7329 -4203.459 -3874.5859 -3628.4448 -3579.1819 -3464.8892 -3345.1079 -3242.1094 -3071.9229 -2808.718 -2450.4246
-4197.4868 -4203.1216 -4198.835 -4193.5566 -4185.2891 -4183.5161 -4186.1997 -4189.5952 -4187.9233 -4188.4507 -4191.4219 -4191.4282 -4198.0229 -4201.228 -4196.1875 -4203.2622 -4202.3335 -4211.1548 -4216.999 -4221.397 -4226.1333 -4229.0742 -4240.7075 -4243.7808 -4249.7891 -4256.9058 -4268.7109 -4266.5137 -4269.0664 -4270.9658 -4277.8608 -4281.4072 -4280.4556 -4277.104 -4277.8481 -4274.7852 -4263.9658 -4297.2378 -4336.9321 -4323.8726 -4332.6782 -4346.1133 -4320.3755 -4312.9873 -4333.875 -4341.5581 -4208.6309 -4165.4883 -4182.2603 -3901.6829 -3630.6267 -3597.2744 -3489.7507 -3286.8643 -3169.4143 -3062.6921 -2803.8899 -2533.8933
-4206.2104 -4210.6128 -4206.8687 -4204.9541 -4194.4336 -4192.2935 -4198.7769 -4201.998 -4194.3594 -4191.8174 -4198.4971 -4201.6411 -4209.8799 -4215.5957 -4214.2837 -4220.9429 -4218.7402 -4223.645 -4224.9717 -4232.7568 -4235.7188 -4234.8242 -4252.3589 -4252.9482 -4261.5049 -4264.3188 -4272.8389 -4268.9126 -4266.3809 -4264.8188 -4273.894 -4284.5308 -4286.1714 -4283.4507 -4293.3721 -4296.4072 -4282.0986 -4293.061 -4304.6079 -4302.2988 -4306.3477 -4311.1558 -4288.8413 -4287.4727 -4303.4106 -4267.6084 -4165.3848 -4129.8271 -4162.1938 -3930.9019 -3693.6497 -3668.1646 -3449.3779 -3103.3921 -2982.614 -2953.2822 -2790.8145 -2632.7725
-4215.3169 -4218.5986 -4216.1333 -4213.0293 -4208.5239 -4206.7422 -4209.6909 -4212.9209 -4206.7603 -4203.0962 -4206.687 -4209.3779 -4217.4912 -4226.1045 -4226.1577 -4225.5786 -4226.9663 -4230.8086 -4232.9854 -4238.3164 -4238.6729 -4243.0063 -4265.4888 -4266.6108 -4269.8823 -4268.4312 -4273.21 -4274.9458 -4274.8125 -4271.8608 -4279.7534 -4289.0278 -4291.4072 -4292.4082 -4299.2778 -4298.3643 -4281.2549 -4272.5054 -4277.5063 -4296.5684 -4312.9092 -4308.5049 -4284.4922 -4304.4214 -4324.0903 -4268.3022 -4175.103 -4087.7896 -4081.0774 -3919.3191 -3744.6145 -3643.9595 -3371.3413 -3065.6604 -2905.8174 -2831.3052 -2782.8579 -2640.5569
-4227.356 -4227.6821 -4225.2568 -4221.8296 -4219.5854 -4218.5259 -4221.228 -4222.9263 -4218.7207 -4219.832 -4219.938 -4219.5718 -4222.585 -4231.6123 -4234.7085 -4230.791 -4238.0151 -4241.5049 -4241.4658 -4243.5435 -4249.9346 -4258.5562 -4273.7642 -4278.8037 -4276.8223 -4272.2002 -4276.249 -4283.6123 -4287.1426 -4285.9233 -4289.3652 -4291.29 -4294.4565 -4299.8037 -4304.1167 -4305.9434 -4298.4175 -4297.7681 -4305.582 -4314.5518 -4323.6431 -4306.5898 -4293.6802 -4320.6758 -4327.8564 -4281.8677 -4222.9595 -4136.1523 -4071.2583 -3906.0803 -3721.1721 -3534.6519 -3340.4778 -3224.4258 -3046.8606 -2878.0356 -2791.0334 -2547.7551
-4234.3555 -4235.8369 -4233.4004 -4229.6382 -4227.3525 -4228.8677 -4234.2383 -4236.4209 -4231.0039 -4232.2266 -4231.103 -4230.7949 -4229.625 -4236.7876 -4240.4082 -4238.978 -4248.5229 -4255.9292 -4253.855 -4250.124 -4265.0068 -4273.4111 -4279.4536 -4285.104 -4282.6704 -4280.1387 -4284.1812 -4290.3745 -4287.8633 -4283.0806 -4287.1973 -4289.6802 -4298.1367 -4307.6123 -4307.1138 -4308.5303 -4310.0688 -4324.8999 -4313.1699 -4299.665 -4322.2261 -4303.5972 -4304.1567 -4330.8159 -4262.4624 -4152.5732 -4181.4937 -4260.9888 -4198.0088 -3985.5076 -3734.1421 -3548.6978 -3401.177 -3313.1208 -3098.9609 -2862.1516 -2759.8284 -2577.3289
-4240.9531 -4245.4751 -4238.665 -4233.6226 -4232.6401 -4234.6904 -4242.1768 -4242.314 -4240.9346 -4244.4067 -4242.0088 -4241.4092 -4240.7075 -4244.5874 -4250.8345 -4255.4302 -4259.6055 -4270.6553 -4271.4951 -4264.6294 -4280.4004 -4290.1689 -4294.0449 -4291.8623 -4290.2114 -4287.7778 -4287.4219 -4289.0737 -4285.3433 -4284.3032 -4293.165 -4299.0313 -4304.5449 -4304.7153 -4296.6709 -4294.2515 -4306.0205 -4335.6997 -4312.519 -4303.4932 -4335.3481 -4302.1611 -4310.3105 -4351.4546 -4278.7529 -4126.0918 -4170.5024 -4282.7378 -4191.2197 -4047.7959 -3823.0786 -3648.8276 -3530.9639 -3415.7483 -3150.1257 -2862.6062 -2746.1182 -2613.1802
-4253.4229 -4255.1177 -4247.4146 -4243.1079 -4240.5737 -4240.9966 -4247.2192 -4245.3281 -4249.7158 -4253.5361 -4255.1138 -4253.1211 -4250.4473 -4249.3589 -4260.4302 -4268.9541 -4270.8403 -4279.3853 -4280.7183 -4279.2153 -4298.8706 -4303.9355 -4303.1836 -4299.2617 -4300.5342 -4298.6045 -4292.3765 -4291.8833 -4295.4365 -4298.2031 -4303.3994 -4304.7393 -4304.5376 -4298.2183 -4291.7412 -4287.187 -4284.5664 -4308.2495 -4319.2915 -4334.6426 -4361.6699 -4321.6226 -4299.7769 -4324.3882 -4323.2705 -4288.3354 -4309.2603 -4208.9277 -4006.2483 -3912.1238 -3811.4343 -3708.5864 -3586.7781 -3498.6326 -3280.9954 -3049.9739 -2893.6252 -2625.3467
-4267.73 -4267.2969 -4263.0703 -4258.9736 -4253.3115 -4250.5171 -4251.6797 -4248.168 -4254.1704 -4251.749 -4256.6323 -4259.5259 -4260.4619 -4261.563 -4272.3696 -4276.7852 -4278.1924 -4282.0322 -4289.3857 -4298.6802 -4317.8452 -4315.9023 -4310.2285 -4312.5308 -4312.1182 -4310.5688 -4306.2642 -4308.123 -4312.1616 -4310.2617 -4308.4912 -4305.3975 -4305.8398 -4299.3115 -4287.1836 -4284.0898 -4286.2144 -4301.6689 -4324.1509 -4344.4883 -4361.2422 -4340.1978 -4321.937 -4381.376 -4386.0176 -4377.6499 -4385.4917 -4185.9277 -3918.9343 -3819.5793 -3824.0332 -3781.3621 -3580.5366 -3481.9006 -3340.0347 -3151.646 -2901.073 -2611.1758
-4280.0342 -4281.019 -4276.603 -4267.1709 -4259.0723 -4253.3975 -4254.0005 -4250.2666 -4252.6177 -4253.2222 -4259.4912 -4266.75 -4267.5127 -4268.3745 -4278.9302 -4287.4648 -4289.2344 -4292.3901 -4302.8726 -4308.1548 -4321.4033 -4323.0396 -4323.75 -4328.4692 -4321.0049 -4318.2578 -4318.3599 -4321.5542 -4321.5942 -4320.4204 -4317.645 -4314.3218 -4311.7383 -4304.6709 -4294.5059 -4287.6274 -4287.1289 -4294.9604 -4305.3745 -4327.1807 -4349.2378 -4348.0635 -4330.4116 -4418.3384 -4448.3052 -4337.8135 -4270.585 -4186.3672 -3988.6816 -3910.7764 -3843.0618 -3791.3333 -3681.3271 -3579.1997 -3378.3433 -3161.6497 -2848.5159 -2560.5046
-4285.062 -4287.9717 -4285.1714 -4273.6504 -4266.9668 -4260.7173 -4261.6875 -4257.5225 -4254.5327 -4256.7983 -4267.3442 -4275.8745 -4272.873 -4278.918 -4284.9858 -4293.2007 -4297.5195 -4303.6279 -4310.5503 -4310.2314 -4318.8652 -4326.9199 -4327.2319 -4328.3096 -4329.479 -4336.5518 -4334.8892 -4331.1982 -4330.5591 -4330.8687 -4330.4507 -4330.0229 -4323.9727 -4316.1318 -4320.356 -4321.6235 -4308.9243 -4306.8379 -4301.2163 -4301.9873 -4315.6094 -4324.1611 -4321.2793 -4377.5693 -4485.502 -4401.293 -4251.7271 -4212.2656 -4130.3662 -4013.6262 -3808.7202 -3716.6338 -3753.7314 -3762.2495 -3601.2629 -3403.3513 -3112.3135 -2865.3242
-4290.2075 -4291.2021 -4289.4893 -4278.6294 -4273.2788 -4267.2524 -4266.3521 -4265.8691 -4262.3369 -4263.7036 -4273.6113 -4284.8232 -4278.9365 -4289.2983 -4298.0859 -4294.7769 -4300.6655 -4307.2256 -4317.0947 -4325.209 -4328.0596 -4332.356 -4331.0952 -4331.0308 -4342.9243 -4351.4028 -4342.8237 -4339.8364 -4341.8115 -4337.8999 -4340.5034 -4344.894 -4339.7031 -4325.769 -4326.2539 -4343.1631 -4353.1519 -4353.895 -4325.665 -4304.4697 -4320.7007 -4310.2627 -4320.2393 -4363.8643 -4429.9141 -4391.3076 -4289.8506 -4242.9927 -4169.1582 -4029.1409 -3889.8745 -3828.2068 -3892.22 -3888.5483 -3713.395 -3406.3564 -3119.9363 -3042.3108
-4296.292 -4291.0029 -4289.6304 -4283.0586 -4273.8105 -4275.2666 -4273.1416 -4277.0566 -4278.5527 -4279.0459 -4285.2925 -4296.3149 -4297.6997 -4301.1118 -4305.0176 -4301.9927 -4313.4531 -4318.1411 -4325.6797 -4335.1304 -4332.7095 -4335.5532 -4346.6958 -4355.5942 -4364.5024 -4365.5894 -4352.4253 -4352.8247 -4354.5933 -4350.3926 -4351.6699 -4354.4683 -4352.7002 -4345.1987 -4338.5386 -4345.8301 -4351.228 -4369.8086 -4362.2979 -4326.5039 -4344.5601 -4378.2095 -4382.0059 -4357.0264 -4352.0767 -4311.0928 -4262.5376 -4246.9849 -4216.542 -4119.0898 -4075.8755 -4042.4189 -4016.5027 -3980.7673 -3763.1672 -3128.7087 -2584.4441 -2467.3005
-4297.855 -4292.771 -4295.1099 -4293.355 -4276.666 -4283.667 -4286.0933 -4291.0361 -4295.1504 -4297.0698 -4302.6396 -4309.7212 -4316.1006 -4317.4395 -4313.9897 -4318.3271 -4329.8999 -4337.9438 -4343.7412 -4344.8516 -4343.7593 -4342.8657 -4355.6665 -4366.9189 -4373.6284 -4377.7891 -4372.0513 -4370.6533 -4368.8745 -4364.0889 -4361.7432 -4365.064 -4367.1909 -4369.4258 -4360.5288 -4350.3364 -4356.8716 -4395.7017 -4408.7051 -4377.001 -4369.5586 -4354.6553 -4341.5273 -4338.7808 -4353.2642 -4312.2686 -4289.1284 -4271.8511 -4259.3662 -4247.2432 -4203.4434 -4154.6479 -4061.9519 -3939.2456 -3773.9866 -3192.4973 -2704.4958 -2411.4197
