Resources/Map/Lvl0_30x30/Ele_EB.asc
ncols         335
nrows         335
xllcorner     -16695000
yllcorner     -6725000
cellsize      10000
nodata_value  -99999.0
[rows 203 to 231 of 335, columns 195 to 259 of 335]
-4870 -4794 -4615 -4494 -4614 -4692 -4638 -4590 -4547 -4524 -4461 -4437 -4592 -4595 -4461 -4510 -4647 -4617 -4531 -4409 -4312 -4356 -4352 -4325 -4397 -4496 -4547 -4462 -4364 -4410 -4491 -4535 -4516 -4399 -4403 -4449 -4454 -4445 -4302 -4317 -4302 -4232 -4277 -4545 -4597 -4396 -4453 -4405 -4350 -4469 -4437 -4415 -4490 -4437 -4243 -4072 -4019 -4024 -4034 -4150 -4199 -4079 -4102 -3993 -4012
-4878 -4787 -4664 -4584 -4704 -4845 -4754 -4619 -4550 -4517 -4477 -4479 -4588 -4590 -4533 -4558 -4558 -4483 -4499 -4486 -4369 -4379 -4425 -4371 -4424 -4469 -4464 -4494 -4515 -4499 -4457 -4495 -4537 -4406 -4325 -4215 -4202 -4285 -4240 -4243 -4287 -4260 -4277 -4415 -4437 -4404 -4560 -4387 -4277 -4410 -4514 -4653 -4588 -4352 -4159 -4043 -4052 -4144 -4269 -4253 -4130 -4147 -4149 -4016 -4091
-4701 -4874 -5008 -4834 -4655 -4616 -4679 -4691 -4625 -4558 -4544 -4552 -4532 -4464 -4432 -4471 -4471 -4445 -4451 -4550 -4670 -4644 -4744 -4860 -4860 -4731 -4497 -4531 -4562 -4383 -4402 -4437 -4280 -4292 -4350 -4235 -4247 -4305 -4202 -4250 -4315 -4213 -4160 -4097 -3996 -4006 -4066 -4135 -4192 -4131 -4115 -4042 -3904 -3990 -3937 -4024 -4169 -4208 -4278 -4276 -4149 -4060 -4148 -4209 -4184
-4240 -4752 -4950 -4787 -4658 -4659 -4848 -4939 -4818 -4733 -4743 -4673 -4512 -4455 -4447 -4434 -4450 -4481 -4571 -4692 -4627 -4381 -4135 -4229 -4452 -4531 -4273 -4151 -4284 -4441 -4407 -4223 -4092 -4094 -4120 -4111 -4137 -4108 -4057 -4181 -4327 -4293 -4137 -4033 -4069 -4204 -4187 -4124 -4286 -4488 -4380 -4268 -4316 -4213 -3964 -4041 -4183 -4175 -4180 -4158 -4179 -4060 -3860 -3755 -3927
-4518 -4647 -4475 -4489 -4647 -4764 -4919 -4824 -4543 -4562 -4755 -4758 -4596 -4551 -4516 -4470 -4475 -4461 -4505 -4580 -4468 -4272 -4026 -4069 -4294 -4323 -3989 -3827 -4156 -4714 -4588 -4190 -4126 -4147 -4098 -4111 -4191 -4120 -4053 -4127 -4224 -4282 -4178 -4023 -3995 -4057 -4131 -4162 -4289 -4425 -4273 -4206 -4342 -4209 -3946 -3920 -3981 -3927 -3940 -3890 -3769 -3490 -3246 -3021 -3469
-4842 -4715 -4466 -4495 -4590 -4716 -4822 -4544 -4181 -4234 -4453 -4600 -4675 -4621 -4542 -4524 -4489 -4400 -4371 -4390 -4457 -4582 -4608 -4536 -4626 -4669 -4469 -4367 -4562 -4787 -4507 -4234 -4264 -4265 -4138 -4048 -4070 -4107 -4138 -4157 -4148 -4149 -4088 -4003 -4016 -4079 -4114 -4108 -4130 -4151 -4046 -4072 -4154 -3977 -3742 -3776 -3945 -4086 -4117 -4105 -4079 -3909 -3767 -3673 -3943
-4674 -4721 -4722 -4733 -4702 -4729 -4777 -4686 -4605 -4626 -4634 -4633 -4729 -4672 -4509 -4448 -4472 -4531 -4496 -4406 -4418 -4488 -4503 -4474 -4438 -4474 -4508 -4490 -4511 -4486 -4312 -4266 -4309 -4301 -4258 -4100 -3981 -4002 -4073 -4109 -4076 -3977 -3897 -3946 -4105 -4223 -4149 -4072 -4078 -4114 -4098 -4101 -4069 -3926 -3782 -3820 -3971 -4102 -4175 -4319 -4264 -4041 -3981 -3977 -3926
-4559 -4641 -4638 -4628 -4637 -4673 -4633 -4609 -4676 -4683 -4646 -4610 -4690 -4647 -4478 -4424 -4528 -4671 -4595 -4427 -4388 -4382 -4390 -4353 -4316 -4326 -4333 -4326 -4297 -4210 -4143 -4247 -4353 -4241 -4178 -4158 -4114 -4063 -4112 -4132 -4062 -4030 -3997 -3967 -4052 -4221 -4214 -4088 -4067 -4125 -4136 -4065 -3919 -3874 -3911 -3935 -3971 -3996 -4027 -4260 -4253 -4038 -4065 -4051 -3923
-4573 -4600 -4629 -4622 -4628 -4689 -4594 -4549 -4698 -4727 -4576 -4486 -4556 -4579 -4527 -4552 -4579 -4536 -4467 -4403 -4354 -4333 -4409 -4335 -4278 -4258 -4226 -4223 -4188 -4183 -4256 -4328 -4332 -4213 -4142 -4144 -4184 -4185 -4205 -4191 -4188 -4233 -4127 -3966 -4036 -4248 -4274 -4142 -4040 -4070 -4200 -4226 -4028 -3958 -4044 -4086 -4060 -4031 -4040 -4175 -4195 -4155 -4225 -4195 -4141
-4597 -4595 -4655 -4615 -4548 -4610 -4592 -4563 -4581 -4554 -4469 -4454 -4525 -4521 -4451 -4480 -4483 -4462 -4483 -4431 -4343 -4341 -4375 -4392 -4363 -4272 -4183 -4204 -4214 -4186 -4207 -4206 -4167 -4211 -4253 -4210 -4188 -4256 -4265 -4188 -4149 -4069 -3904 -3824 -3877 -3963 -4087 -4104 -4044 -4075 -4207 -4245 -4076 -3989 -4041 -4099 -4067 -4019 -4059 -4114 -4158 -4239 -4286 -4254 -4164
-4531 -4514 -4587 -4588 -4526 -4532 -4514 -4483 -4406 -4390 -4433 -4448 -4465 -4487 -4486 -4481 -4442 -4460 -4508 -4461 -4384 -4358 -4330 -4361 -4350 -4281 -4242 -4321 -4296 -4122 -4059 -4102 -4107 -4183 -4166 -4054 -4043 -4071 -4102 -4142 -4061 -3927 -3920 -4032 -4096 -4066 -4141 -4153 -4069 -4036 -4082 -4083 -3996 -4031 -4095 -4094 -4076 -4073 -4118 -4128 -4163 -4252 -4297 -4312 -4286
-4462 -4243 -4238 -4378 -4481 -4472 -4470 -4565 -4547 -4474 -4440 -4417 -4403 -4454 -4525 -4520 -4440 -4370 -4382 -4422 -4412 -4364 -4302 -4286 -4314 -4281 -4235 -4322 -4285 -4136 -4120 -4174 -4172 -4228 -4135 -3986 -3990 -3985 -3945 -3994 -4003 -3951 -3967 -4028 -4020 -4029 -4144 -4129 -4039 -4023 -4074 -4097 -4045 -3974 -3938 -4066 -4182 -4164 -4135 -4134 -4161 -4196 -4227 -4257 -4336
-4754 -4390 -4065 -4035 -4170 -4225 -4281 -4409 -4453 -4477 -4444 -4427 -4479 -4460 -4425 -4507 -4556 -4479 -4412 -4412 -4403 -4414 -4291 -4266 -4414 -4419 -4245 -4278 -4207 -3973 -3992 -4139 -4157 -4154 -4058 -3927 -3930 -3891 -3830 -3932 -3953 -3926 -3991 -4000 -4008 -4119 -4075 -3959 -3968 -3983 -3947 -3957 -4043 -3976 -3880 -4014 -4153 -4160 -4116 -4078 -4101 -4139 -4186 -4166 -4142
-5031 -4869 -4596 -4412 -4410 -4408 -4262 -4155 -4202 -4383 -4421 -4445 -4504 -4403 -4321 -4453 -4592 -4604 -4529 -4445 -4390 -4411 -4240 -4268 -4383 -4361 -4245 -4264 -4181 -4003 -4017 -4067 -4083 -4080 -4024 -3971 -4001 -3972 -3904 -3907 -3919 -3951 -4004 -3997 -3977 -3997 -3915 -3864 -3915 -3990 -3931 -3911 -4072 -4139 -4090 -4109 -4118 -4153 -4191 -4123 -4104 -4095 -4133 -4164 -4068
-4931 -4987 -5012 -4987 -5011 -4969 -4750 -4569 -4526 -4562 -4534 -4458 -4377 -4289 -4284 -4424 -4584 -4603 -4453 -4363 -4385 -4432 -4325 -4288 -4295 -4293 -4268 -4312 -4269 -4236 -4293 -4176 -4084 -4070 -4023 -4001 -4018 -3990 -3961 -3943 -3968 -3970 -3879 -3856 -3910 -3948 -3978 -3978 -3918 -3960 -3914 -3868 -3989 -4119 -4182 -4186 -4142 -4140 -4154 -4130 -4126 -4009 -3967 -4121 -4134
-4715 -4884 -4986 -5033 -5106 -5082 -4988 -4929 -4914 -4975 -4933 -4740 -4575 -4485 -4408 -4398 -4464 -4417 -4275 -4259 -4343 -4396 -4257 -4146 -4179 -4226 -4248 -4348 -4260 -4100 -4155 -4204 -4143 -4072 -4070 -4103 -4049 -3971 -4040 -4115 -4054 -3997 -3917 -3876 -3924 -3976 -4052 -4034 -3865 -3892 -3937 -3876 -3924 -4017 -4086 -4104 -4064 -4003 -3934 -3931 -3985 -3910 -3826 -3850 -3872
-4698 -4777 -4774 -4779 -4866 -4878 -4815 -4818 -4818 -4840 -4858 -4811 -4769 -4798 -4813 -4711 -4601 -4530 -4420 -4287 -4277 -4332 -4240 -4192 -4204 -4201 -4225 -4218 -4103 -4004 -4114 -4263 -4220 -4138 -4125 -4146 -4062 -3968 -4043 -4135 -4076 -4048 -4101 -4088 -3999 -4005 -4134 -4121 -3974 -4050 -4092 -3979 -3963 -3976 -3980 -4062 -4111 -4027 -3948 -3960 -4015 -3957 -3880 -3842 -3864
-4671 -4610 -4529 -4552 -4631 -4653 -4632 -4645 -4626 -4612 -4630 -4609 -4607 -4650 -4689 -4572 -4461 -4562 -4619 -4487 -4340 -4276 -4241 -4140 -4093 -4154 -4219 -4125 -4058 -4107 -4266 -4371 -4250 -4121 -4142 -4195 -4073 -3986 -4043 -4105 -4021 -3941 -4065 -4156 -4031 -4055 -4225 -4028 -3704 -3827 -4064 -4110 -4043 -4010 -3967 -4032 -4143 -4084 -4038 -4050 -4013 -3959 -3830 -3690 -3748
-4661 -4572 -4505 -4560 -4540 -4484 -4528 -4559 -4531 -4517 -4550 -4537 -4643 -4677 -4588 -4427 -4280 -4422 -4695 -4702 -4485 -4372 -4296 -4111 -4056 -4083 -4076 -4015 -4023 -4151 -4315 -4354 -4206 -4076 -4110 -4172 -4100 -4086 -4088 -4071 -4003 -3963 -4023 -4042 -4050 -4200 -4244 -3993 -3733 -3776 -3993 -4114 -4025 -3999 -4004 -4056 -4176 -4141 -4062 -4043 -4038 -4077 -3935 -3651 -3643
-4670 -4532 -4440 -4517 -4503 -4450 -4473 -4474 -4435 -4431 -4554 -4685 -4724 -4569 -4444 -4626 -4705 -4659 -4641 -4542 -4417 -4476 -4398 -4348 -4236 -4115 -4078 -4041 -4051 -4173 -4253 -4197 -4085 -4084 -4129 -4100 -4096 -4137 -4091 -4022 -3982 -3978 -3994 -3996 -4125 -4293 -4172 -4095 -4179 -4189 -4199 -4159 -4050 -4048 -4112 -4155 -4207 -4216 -4137 -4078 -4098 -4176 -4093 -3898 -3854
-4665 -4509 -4460 -4576 -4633 -4624 -4560 -4545 -4565 -4608 -4735 -4842 -4434 -3451 -3051 -3916 -4657 -4675 -4430 -4382 -4492 -4565 -4384 -4549 -4521 -4442 -4399 -4195 -4027 -4023 -4079 -4109 -4027 -4013 -4072 -3988 -3995 -4121 -4133 -4036 -3969 -3955 -3982 -3986 -4058 -4151 -3973 -3940 -4173 -4207 -4113 -4079 -4029 -4076 -4174 -4134 -4103 -4191 -4191 -4148 -4152 -4207 -4137 -3998 -4002
-4736 -4646 -4711 -4747 -4694 -4713 -4669 -4607 -4676 -4749 -4832 -4906 -4414 -3301 -2884 -3733 -4513 -4653 -4473 -4416 -4488 -4434 -4328 -4471 -4520 -4507 -4414 -4066 -3800 -3817 -3951 -4078 -4055 -4000 -3989 -3897 -3922 -4092 -4184 -4129 -4059 -4054 -3993 -3859 -3798 -3790 -3723 -3861 -4198 -4215 -4066 -4088 -4106 -4182 -4188 -3987 -3940 -4094 -4176 -4247 -4311 -4264 -4105 -4010 -4134
-4693 -4653 -4734 -4709 -4585 -4628 -4625 -4622 -4714 -4709 -4748 -4827 -4733 -4549 -4488 -4547 -4599 -4642 -4601 -4501 -4382 -4177 -4186 -4252 -4363 -4416 -4367 -4210 -4159 -4203 -4190 -4189 -4186 -4126 -4043 -3991 -4018 -4062 -4068 -4082 -4106 -4139 -4135 -4064 -3974 -3919 -3951 -4060 -4116 -4045 -4024 -4122 -4159 -4121 -3987 -3902 -4009 -4148 -4088 -4128 -4273 -4218 -4034 -4006 -4179
-4721 -4741 -4775 -4725 -4613 -4588 -4558 -4639 -4733 -4656 -4572 -4497 -4485 -4620 -4632 -4420 -4367 -4501 -4520 -4360 -4216 -4171 -4088 -4112 -4271 -4333 -4342 -4317 -4342 -4368 -4290 -4246 -4268 -4207 -4111 -4107 -4159 -4122 -4050 -4054 -4032 -4021 -4099 -4183 -4182 -4146 -4199 -4186 -4045 -4032 -4109 -4129 -4083 -4048 -4019 -4067 -4162 -4153 -4032 -4028 -4035 -3895 -3824 -3948 -4143
-4792 -4780 -4745 -4698 -4646 -4653 -4629 -4662 -4718 -4689 -4567 -4334 -4162 -4288 -4449 -4360 -4257 -4339 -4479 -4446 -4322 -4300 -4191 -4184 -4270 -4315 -4315 -4299 -4275 -4193 -4122 -4160 -4256 -4220 -4145 -4192 -4239 -4101 -3969 -4036 -4072 -4030 -4038 -4096 -4168 -4197 -4159 -4073 -4006 -4043 -4095 -4046 -3964 -3980 -3999 -4068 -4119 -4068 -3972 -4017 -3961 -3787 -3816 -3919 -3944
-4705 -4744 -4783 -4801 -4756 -4656 -4642 -4695 -4711 -4710 -4678 -4523 -4358 -4361 -4393 -4391 -4271 -4177 -4311 -4407 -4378 -4359 -4361 -4276 -4247 -4219 -4122 -4200 -4253 -4159 -4139 -4084 -3901 -3788 -3873 -4079 -4197 -4084 -4001 -4065 -4111 -4089 -4034 -3950 -3966 -4089 -4114 -4098 -4096 -4074 -4108 -4118 -4007 -3970 -3981 -3997 -4017 -3984 -3963 -4000 -3991 -3954 -3990 -3970 -3851
-4603 -4642 -4681 -4689 -4690 -4610 -4649 -4761 -4741 -4679 -4642 -4496 -4363 -4368 -4345 -4363 -4387 -4348 -4378 -4395 -4346 -4348 -4427 -4366 -4250 -4000 -3830 -4043 -4182 -4058 -4054 -4121 -4051 -3964 -4012 -4078 -4112 -4103 -4085 -4043 -4021 -4041 -4045 -4040 -4104 -4140 -4062 -4120 -4218 -4190 -4197 -4196 -4091 -4071 -4137 -4120 -4059 -4071 -4068 -4028 -4010 -3997 -3955 -3956 -3917
-4579 -4625 -4547 -4492 -4590 -4661 -4673 -4693 -4600 -4579 -4622 -4525 -4391 -4389 -4401 -4464 -4546 -4507 -4475 -4494 -4471 -4493 -4465 -4399 -4204 -4066 -4179 -4386 -4377 -4144 -4038 -4101 -4176 -4177 -4166 -4060 -3982 -4069 -4088 -3968 -3947 -4000 -4034 -4088 -4139 -4121 -4028 -4020 -4116 -4214 -4214 -4050 -3985 -4123 -4211 -4160 -4086 -4090 -4100 -3986 -3958 -4009 -3941 -3917 -3910
-4644 -4671 -4523 -4403 -4439 -4549 -4581 -4632 -4623 -4521 -4517 -4607 -4564 -4476 -4480 -4551 -4523 -4327 -4245 -4307 -4322 -4404 -4343 -4096 -3749 -3892 -4316 -4410 -4305 -4203 -4141 -4119 -4108 -4083 -4150 -4136 -4055 -4094 -4105 -4034 -4003 -3982 -4011 -4112 -4101 -4008 -3972 -3954 -4034 -4179 -4199 -4061 -4038 -4150 -4198 -4159 -4048 -3951 -4017 -4033 -4057 -4080 -4056 -3991 -3877
