Resources/Map/Lvl0_30x30/Ele_BA.asc
ncols         335
nrows         335
xllcorner     -20045000
yllcorner     3325000
cellsize      10000
nodata_value  -99999.0
[rows 0 to 24 of 335, columns 0 to 56 of 335]
-99999.0 -2609.5083 -2564.1101 -2508.2568 -2425.8245 -2406.6138 -2460.5388 -2365.4373 -2069.3442 -1695.8973 -1325.7511 -995.8364 -662.3461 -358.7991 -181.261 -137.5355 -146.942 -143.4391 -117.1899 -111.4215 -117.7131 -122.3925 -130.4979 -130.5691 -133.9924 -142.6165 -144.3387 -138.0935 -135.1136 -136.1267 -140.5538 -144.5786 -141.8025 -141.7439 -136.9378 -110.5316 -60.2011 -47.3825 -83.886 -120.0287 -134.1451 -138.6653 -135.3754 -125.4154 -128.0018 -130.0544 -128.1505 -127.6049 -127.4948 -129.6653 -130.249 -129.2312 -130.0496 -128.6888 -123.5101 -119.686 -112.2094
-99999.0 -2758.8093 -2720.3047 -2664.7441 -2644.1565 -2691.6243 -2755.0779 -2725.2439 -2525.9509 -2151.5691 -1698.6943 -1374.7781 -1118.1829 -846.0394 -535.2051 -291 -195.1085 -167.9852 -139.0174 -126.952 -126.4175 -124.7966 -127.6807 -132.7059 -140.1037 -140.4633 -148.2264 -156.4011 -144.2793 -137.0133 -142.7633 -158.1512 -155.6768 -146.6852 -136.6649 -128.2069 -118.4013 -114.0217 -122.4337 -131.5119 -131.6617 -126.7451 -122.5372 -119.5492 -128.6018 -131.4582 -128.8715 -128.4956 -127.9738 -127.8704 -127.4004 -128.0659 -130.8194 -131.5308 -127.1765 -121.3991 -117.1874
-99999.0 -2851.5286 -2866.5305 -2865.1704 -2894.1003 -2963.7903 -3009.6094 -2985.2688 -2924.7781 -2785.5054 -2486.0825 -2140.9856 -1768.0378 -1431.4758 -1062.027 -704.0778 -447.5319 -256.598 -180.2296 -152.5187 -137.6926 -132.7392 -135.3605 -147.936 -159.366 -170.1293 -175.5095 -185.2643 -178.3962 -178.9764 -170.6958 -167.8281 -157.8314 -134.8092 -125.9665 -132.9537 -141.9426 -143.5649 -132.3638 -128.9727 -132.1438 -121.7848 -102.5694 -90.3284 -109.3766 -128.3791 -131.5704 -124.3716 -117.8156 -116.8577 -117.8575 -123.2678 -129.1573 -132.4668 -133.3419 -129.7285 -123.8409
-99999.0 -2981.4763 -3029.5742 -3053.0916 -3064.3237 -3072.6436 -3063.0144 -3071.2368 -3121.8323 -3159.9854 -3110.5303 -2942.6865 -2513.437 -1804.1589 -1315.7953 -1230.0563 -985.7878 -556.8395 -338.7864 -234.775 -189.866 -171.6427 -167.4748 -186.8994 -231.0466 -248.67 -232.8271 -210.5707 -184.9134 -182.2033 -178.5616 -165.5281 -134.0192 -109.0377 -107.1415 -123.9718 -141.6545 -150.1355 -145.2495 -137.5564 -133.8548 -123.6239 -108.9552 -103.9124 -124.5548 -131.9609 -129.5523 -113.2156 -101.9531 -102.4691 -105.7813 -115.5496 -124.4175 -125.6502 -128.6171 -130.5636 -130.4558
-99999.0 -3125.084 -3138.0679 -3160.2961 -3179.2336 -3170.5195 -3155.6897 -3145.5127 -3144.5454 -3163.1299 -3147.4817 -3009.9714 -2725.3577 -2302.3706 -1997.6724 -1827.5118 -1359.6918 -775.7487 -428.44 -284.5255 -227.2442 -213.4369 -248.5704 -300.4147 -315.1729 -306.0561 -271.0857 -208.5473 -170.5137 -156.94 -151.816 -156.6854 -158.7961 -148.6103 -139.9902 -133.8404 -133.5312 -146.5746 -146.9012 -140.8395 -135.5661 -130.7812 -131.8572 -132.335 -122.591 -112.6462 -113.5293 -117.055 -116.5412 -118.7742 -124.4576 -128.052 -131.4486 -134.8687 -134.4576 -128.7053 -106.5303
-99999.0 -3241.3914 -3243.6667 -3250.8542 -3253.8591 -3251.3489 -3237.3147 -3219.1921 -3207.7805 -3200.9531 -3173.8701 -3088.4468 -2951.2617 -2729.7776 -2348.4636 -1880.0229 -1408.4055 -871.4823 -520.283 -411.818 -403.1583 -405.6286 -420.1999 -415.3103 -393.2075 -390.4811 -339.178 -261.8022 -203.0284 -168.1622 -164.4024 -170.4664 -173.5023 -173.5942 -166.0176 -156.2009 -156.4784 -151.7489 -140.8987 -139.464 -140.5721 -139.8804 -141.7104 -140.1424 -126.3532 -122.8391 -131.4485 -138.0045 -132.0162 -124.1432 -125.9697 -130.9164 -137.1022 -146.0959 -142.3248 -132.4209 -122.5167
-99999.0 -3355.4482 -3345.2517 -3352.4795 -3340.5784 -3332.8345 -3318.6733 -3296.2312 -3268.863 -3233.4963 -3192.5662 -3139.8904 -3092.759 -2949.9768 -2536.728 -2076.3137 -1594.824 -1127.1844 -883.8505 -794.1459 -720.851 -635.1984 -569.8346 -537.7739 -501.0181 -463.7239 -371.8637 -263.935 -196.8356 -161.8125 -150.2442 -127.4222 -153.7853 -181.7857 -168.581 -183.6132 -173.1028 -148.9673 -144.7002 -152.1628 -147.2197 -137.0842 -133.8869 -136.2431 -145.5044 -148.8594 -145.6268 -141.9427 -136.7496 -126.8528 -127.0737 -128.7222 -135.7512 -149.5016 -145.0034 -134.6482 -133.5309
-99999.0 -3405.6587 -3390.6995 -3382.9001 -3373.0083 -3363.3389 -3338.0476 -3289.3691 -3221.334 -3144.0857 -3084.5818 -3041.6167 -2964.6748 -2729.9683 -2283.6201 -1791.1936 -1283.3658 -803.4235 -438.7155 -307.4072 -294.7815 -281.8159 -309.7885 -376.4866 -441.0948 -424.4124 -339.4601 -231.7486 -180.853 -176.0055 -168.923 -130.4672 -148.0197 -167.7338 -165.0026 -182.0582 -163.1093 -143.3874 -139.6283 -136.6085 -130.1857 -126.1356 -122.2722 -124.3234 -135.2599 -133.9349 -132.7601 -143.5883 -150.1632 -140.9124 -129.5558 -120.7579 -121.8742 -132.5781 -145.3787 -151.9326 -148.4826
-99999.0 -3477.0269 -3454.4253 -3432.6533 -3413.7266 -3388.5679 -3352.4373 -3299.4565 -3232.7854 -3170.1726 -3119.0864 -3065.1812 -2947.0806 -2599.9426 -2074.6113 -1564.87 -1128.4459 -684.5924 -313.6751 -163.557 -144.0489 -138.7916 -157.8523 -198.4879 -226.2345 -249.8271 -240.6831 -180.8583 -149.9665 -160.2676 -161.7523 -149.9314 -166.1193 -186.2006 -198.7115 -201.1746 -177.503 -146.8442 -134.6669 -137.4391 -149.2682 -155.489 -140.8907 -126.3617 -122.4142 -114.7603 -113.7927 -129.2615 -135.8398 -128.3128 -123.887 -123.4936 -126.0221 -129.1823 -132.9621 -133.5119 -129.0735
-99999.0 -3465.1648 -3457.936 -3454.8032 -3425.1384 -3375.7104 -3327.5461 -3287.4414 -3250.9336 -3202.1685 -3135.8132 -3072.2634 -2974.4531 -2764.1716 -2496.1208 -1976.2881 -1434.1628 -925.803 -493.2251 -224.3297 -159.4756 -155.2857 -135.0189 -132.1371 -133.5037 -115.293 -108.9558 -128.6082 -140.99 -142.5974 -152.2591 -170.1801 -171.2634 -161.9094 -209.1649 -258.8195 -242.3108 -179.3435 -115.3351 -107.9298 -133.2059 -142.8189 -139.2809 -135.3019 -145.6721 -145.2128 -120.8307 -102.7648 -115.8993 -138.5229 -152.2889 -161.3737 -147.5108 -115.2034 -105.844 -122.4112 -127.276
-99999.0 -3507.9817 -3505.002 -3474.9131 -3433.7092 -3402.1252 -3378.0398 -3346.1028 -3296.9629 -3250.5205 -3242.0039 -3240.2551 -3216.8235 -3135.8496 -2873.8342 -2331.7795 -1816.0195 -1479.5983 -1012.1922 -524.027 -303.0148 -192.529 -142.515 -162.6058 -173.3016 -125.2183 -88.1879 -110.0276 -167.4641 -153.7375 -136.2521 -151.4718 -151.3006 -141.5349 -151.7074 -175.6392 -188.8707 -171.2903 -117.2389 -92.0827 -106.2676 -145.5613 -151.3198 -143.1222 -166.7434 -185.8531 -163.1166 -148.3084 -160.5722 -153.1261 -135.901 -138.2768 -129.2724 -96.7832 -87.691 -113.513 -133.8248
-99999.0 -3559.6621 -3537.0232 -3505.3811 -3478.3064 -3457.6248 -3436.2478 -3404.6648 -3383.4404 -3384.8635 -3372.4409 -3344.8108 -3306.2571 -3252.3101 -3195.4419 -3047.0645 -2671.373 -2168.1731 -1626.6215 -1203.9399 -844.7097 -482.0322 -308.6469 -281.0855 -286.4822 -219.7702 -166.5318 -137.0237 -152.3005 -132.4364 -126.7386 -130.9058 -185.5334 -202.9699 -165.547 -118.8513 -119.8475 -149.8641 -150.0917 -114.4528 -79.4849 -100.9704 -132.1805 -136.1959 -133.176 -149.2778 -167.8727 -214.5888 -230.8204 -176.2137 -124.7597 -118.084 -126.4695 -126.0119 -125.6173 -135.4407 -141.1129
-99999.0 -3580.4199 -3553.2773 -3523.3354 -3513.5479 -3506.708 -3495.1377 -3479.8042 -3464.9158 -3453.7329 -3434.8818 -3407.2656 -3385.2644 -3364.9529 -3344.4246 -3294.3186 -3112.3708 -2700.4438 -2218.207 -1757.5021 -1213.2596 -776.7445 -518.5323 -446.8661 -476.6963 -483.3809 -308.8073 -197.6207 -166.657 -139.3868 -136.3686 -119.4303 -140.9996 -180.6286 -162.5867 -132.0587 -145.2804 -202.9967 -218.2534 -170.3826 -130.9234 -107.354 -125.9334 -150.2802 -155.7046 -159.9111 -141.3868 -153.7707 -183.5499 -165.6015 -116.6818 -99.3901 -122.518 -142.9507 -140.4473 -137.3382 -129.1612
-99999.0 -3581.9004 -3578.7888 -3576.2759 -3571.0657 -3554.4285 -3538.3726 -3531.1641 -3519.6409 -3500.0579 -3476.0081 -3451.1711 -3427.5281 -3405.7644 -3378.1047 -3337.7698 -3224.4365 -2993.9919 -2715.0325 -2207.5266 -1612.8406 -1120.3042 -796.1096 -658.6352 -663.9927 -844.8495 -805.9449 -729.4578 -630.4778 -285.7836 -180.3804 -152.5953 -135.0489 -130.0791 -129.2586 -132.3319 -129.1392 -148.1347 -185.6564 -196.0188 -158.5425 -141.6982 -151.0144 -145.1589 -127.5428 -141.3195 -144.3368 -135.8465 -141.8641 -137.3097 -120.3783 -114.1484 -137.8342 -163.311 -158.7563 -157.7342 -167.7581
-99999.0 -3599.9521 -3592.4429 -3604.208 -3608.2625 -3580.4446 -3558.1008 -3554.9626 -3544.2791 -3523.0315 -3501.1289 -3481.708 -3459.4685 -3437.7258 -3426.1389 -3404.5845 -3341.9204 -3222.2654 -3055.5054 -2663.4236 -2049.291 -1593.6552 -1218.4097 -931.639 -818.5073 -913.2698 -1160.76 -1491.2854 -1579.7183 -1046.474 -560.8405 -377.649 -302.1743 -232.9001 -260.3933 -259.5233 -241.2245 -214.0168 -197.6373 -195.5064 -209.1302 -226.1357 -214.8456 -189.8861 -163.9495 -147.4799 -134.7429 -125.5829 -131.0174 -133.8676 -127.2078 -143.9109 -188.4799 -241.2071 -293.4717 -345.81 -372.4248
-99999.0 -3653.4519 -3645.3745 -3660.4199 -3662.3628 -3623.4224 -3593.5208 -3580.4058 -3565.8259 -3553.1599 -3538.4434 -3521.9092 -3502.6021 -3476.8547 -3451.5317 -3414.6431 -3355.7017 -3291.5464 -3219.7021 -3034.865 -2752.3784 -2279.5195 -1677.0369 -1254.0007 -1178.2219 -1374.1742 -1461.8994 -1726.8721 -2118.3289 -2259.5166 -1869.9335 -1317.6786 -989.2531 -809.4019 -968.1857 -849.881 -815.7029 -746.8622 -642.4907 -577.8972 -666.3749 -813.6887 -733.8928 -571.4802 -483.3845 -416.7935 -308.1283 -240.4396 -189.0434 -129.8759 -106.2144 -136.5539 -197.0646 -328.8643 -556.0855 -787.6 -888.8708
-99999.0 -3651.4321 -3660.8472 -3682.2126 -3674.4958 -3635.072 -3612.4041 -3605.2185 -3594.6155 -3585.2703 -3568.1609 -3543.9019 -3519.2524 -3492.0728 -3462.429 -3438.4246 -3422.2808 -3391.2327 -3349.1343 -3313.7588 -3220.3647 -2927.6775 -2327.5081 -1773.2942 -1712.538 -1867.8053 -2034.7188 -2303.97 -2672.4333 -2883.2847 -2568.5474 -1970.3184 -1951.2866 -1925.5616 -1946.7706 -1539.8008 -1560.8779 -1742.2698 -1701.9413 -1500.5157 -1544.7877 -1842.2379 -1851.0601 -1672.4718 -1548.9331 -1364.8795 -1033.3397 -747.1096 -487.3605 -258.8882 -162.6865 -139.5508 -157.9341 -259.9304 -516.062 -924.4999 -1198.37
-99999.0 -3650.4434 -3651.9917 -3667.562 -3661.1829 -3639.3274 -3630.7913 -3629.8904 -3622.8262 -3608.3643 -3588.6702 -3567.2515 -3546.2759 -3528.2322 -3509.8438 -3489.0139 -3470.3601 -3442.7751 -3405.4214 -3351.8074 -3272.72 -3157.8601 -2924.8662 -2764.4773 -2777.0149 -2665.4741 -2400.4216 -2561.167 -2994.1785 -3082.4656 -2835.4663 -2593.4907 -2777.6343 -2758.9546 -2673.9075 -2330.7676 -2187.9338 -2529.0928 -2672.7678 -2497.7502 -2402.6484 -2466.4404 -2570.9756 -2513.1533 -2352.2417 -2155.3564 -2006.7686 -1773.2058 -1260.9443 -713.5574 -423.9337 -293.7669 -245.1997 -278.9485 -406.0526 -721.5797 -1045.0756
-99999.0 -3687.3899 -3681.0808 -3671.5122 -3645.4272 -3622.1191 -3630.0627 -3644.4834 -3644.259 -3637.3542 -3623.7371 -3605.9697 -3585.9587 -3564.1458 -3543.7793 -3526.187 -3506.4602 -3479.3591 -3438.4854 -3376.9741 -3332.4509 -3330.7078 -3306.4749 -3283.6628 -3255.4224 -3104.5786 -2748.8145 -2878.9172 -3188.3225 -3216.3911 -3068.9858 -2973.9956 -3050.7471 -3006.1106 -2845.8938 -2566.1506 -2474.2317 -2937.1309 -3098.752 -3016.8428 -2931.4272 -2914.6318 -2934.2517 -2779.0588 -2560.3196 -2511.2053 -2490.9194 -2229.9048 -1669.0233 -1138.2533 -775.0699 -583.6504 -547.0943 -614.8986 -703.6708 -821.2906 -1026.7469
-99999.0 -3702.0713 -3702.561 -3683.9739 -3649.927 -3622.3711 -3628.9048 -3650.167 -3654.6477 -3654.2363 -3653.2341 -3636.8193 -3615.0664 -3600.0549 -3584.073 -3569.0527 -3550.0908 -3524.7881 -3488.8652 -3463.2046 -3459.7649 -3448.5503 -3421.0652 -3396.936 -3355.6606 -3200.4424 -2996.6265 -3114.1533 -3291.644 -3297.365 -3227.1182 -3220.8069 -3164.4561 -2928.1118 -2642.625 -2464.6541 -2630.2175 -3071.5315 -3216.7617 -3173.9067 -3118.866 -3037.127 -2897.3635 -2749.5955 -2703.7783 -2676.7524 -2452.9153 -2044.4393 -1518.6049 -1164.5293 -958.0919 -965.0191 -1127.9872 -1360.0509 -1468.0442 -1337.224 -1411.075
-99999.0 -3667.7913 -3688.3616 -3702.1201 -3699.655 -3683.8755 -3679.417 -3686.5042 -3688.7117 -3697.0164 -3714.8977 -3700.594 -3662.8403 -3641.2117 -3627.9714 -3612.1626 -3594.8779 -3576.4392 -3557.6367 -3545.4058 -3534.1392 -3514.23 -3491.834 -3476.2673 -3456.0935 -3414.6167 -3334.9929 -3352.8606 -3390.0835 -3353.9634 -3288.4409 -3263.031 -3121.7222 -2792.9182 -2557.9219 -2680.5432 -2980.1296 -3265.3896 -3291.5227 -3220.7356 -3127.6426 -2977.833 -2804.6829 -2785.1165 -2893.8655 -2769.8455 -2460.9036 -2120.061 -1715.641 -1371.2581 -1163.8513 -1220.3918 -1523.5293 -1943.1091 -2183.3601 -2005.354 -1945.673
-99999.0 -3683.6355 -3691.0579 -3708.978 -3723.5129 -3718.9883 -3716.6917 -3729.4006 -3749.9355 -3774.2788 -3783.1892 -3754.3643 -3710.6553 -3682.7439 -3663.594 -3651.1836 -3635.7441 -3617.3538 -3603.6267 -3591.585 -3581.9026 -3567.8896 -3553.2148 -3543.2654 -3535.2358 -3526.2659 -3490.8774 -3443.9102 -3414.6262 -3293.7612 -3095.6445 -3076.8538 -2987.907 -2914.698 -3000.0393 -3185.0679 -3336.3069 -3366.6206 -3273.0964 -3175.7358 -3113.3235 -3028.4014 -2979.709 -3100.8694 -3175.0601 -2982.2725 -2678.0056 -2417.1294 -2145.2336 -1799.2709 -1496.078 -1432.8505 -1722.5984 -2156.9617 -2495.5283 -2513.3071 -2483.4998
-99999.0 -3732.3032 -3734.3296 -3759.0173 -3781.5479 -3775.582 -3767.8501 -3770.9138 -3772.7451 -3776.6099 -3766.5696 -3736.8916 -3718.5554 -3711.2786 -3690.292 -3676.5417 -3668.6821 -3654.1167 -3641.9998 -3634.3105 -3628.54 -3618.0068 -3608.2815 -3599.9207 -3583.3164 -3563.1555 -3520.1682 -3395.5984 -3303.8503 -3207.9744 -3024.165 -3061.7917 -3138.3657 -3276.6968 -3450.2043 -3476.4241 -3462.5862 -3407.9326 -3298.7371 -3222.4099 -3227.2876 -3257.8333 -3279.802 -3297.6006 -3205.9971 -3006.6265 -2780.5564 -2629.6704 -2556.593 -2335.2676 -2022.4158 -1983.573 -2261.6023 -2527.7463 -2765.4829 -2913.634 -2859.2432
-99999.0 -3779.9429 -3777.0017 -3788.6243 -3813.9968 -3821.4292 -3830.5083 -3848.4971 -3834.8579 -3792.5679 -3748.4329 -3718.1958 -3711.5137 -3709.9219 -3695.1465 -3685.6709 -3686.8669 -3682.8079 -3675.3992 -3668.3875 -3662.8105 -3653.9011 -3642.9124 -3629.5471 -3601.6372 -3571.1838 -3531.3674 -3420.689 -3299.5742 -3349.3162 -3441.8042 -3450.9976 -3467.4795 -3548.4961 -3593.9946 -3550.8979 -3503.4829 -3460.6792 -3381.7241 -3357.3945 -3395.2122 -3386.1147 -3338.2466 -3271.7644 -3202.0176 -3089.1353 -2928.3669 -2810.9827 -2757.2061 -2539.5969 -2392.4392 -2621.9585 -2929.3318 -3040.6189 -3013.7556 -2898.1475 -2754.5693
-99999.0 -3794.5664 -3789.0962 -3774.9966 -3772.4639 -3773.5659 -3791.4204 -3830.1589 -3830.7251 -3780.2625 -3734.2839 -3717.167 -3717.1841 -3707.0125 -3690.8416 -3692.0193 -3698.9478 -3697.6223 -3692.541 -3685.0901 -3676.8083 -3667.1047 -3658.895 -3652.1858 -3642.875 -3629.6006 -3622.7522 -3607.0745 -3593.7063 -3606.3374 -3609.3582 -3595.7612 -3582.7808 -3587.8003 -3590.6758 -3552.7986 -3516.0706 -3473.395 -3401.5334 -3367.7388 -3352.22 -3275.761 -3163.5552 -3080.6313 -3070.8611 -3001.3267 -2822.2512 -2616.8269 -2449.8259 -2320.0293 -2523.3801 -3004.7795 -3215.8594 -3093.7222 -2790.7373 -2488.4919 -2489.1746
