Resources/Map/Lvl0_30x30/Ele_DF.asc
ncols         335
nrows         335
xllcorner     -3295000
yllcorner     -3375000
cellsize      10000
nodata_value  -99999.0
[rows 25 to 49 of 335, columns 114 to 170 of 335]
-5174.5503 -5343.8628 -5476.2886 -5402.3218 -5318.9521 -5474.5293 -5464.1611 -5169.8901 -4969.8926 -4966.8491 -4915.9531 -5059.0493 -5035.9595 -4811.752 -4566.8994 -4260.0708 -3981.1477 -4088.7986 -4295.7124 -4473.7661 -4630.3389 -4708.9014 -4558.7329 -4423.9302 -4316.0513 -4165.791 -4039.2383 -3992.5349 -4103.375 -4238.9546 -4233.5044 -4194.3306 -4166.0293 -4062.7544 -4012.8455 -4107.5762 -4092.4844 -3933.9746 -3894.1116 -3859.6687 -3720.363 -3643.3867 -3730.5298 -3901.8132 -3976.2336 -4009.7185 -3969.9946 -4020.0491 -4048.2483 -3885.7168 -3694.1931 -3855.4543 -4143.7588 -4179.5732 -3995.8547 -4118.585 -4181.9141
-5039.854 -5157.4844 -5314.4658 -5242.7393 -5026.1089 -5156.9824 -5055.0713 -4708.6094 -4628.6948 -4917.8394 -4954.2266 -4952.3091 -4953.7197 -4888.4316 -4847.23 -4782.3413 -4749.0073 -4774.6104 -4811.6982 -4887.0557 -4904.75 -4843.8491 -4735.7578 -4755.0664 -4669.3164 -4483.1421 -4350.8779 -4283.0322 -4292.4282 -4304.4932 -4370.1074 -4421.769 -4339.7207 -4165.3872 -4074.6348 -4172.1304 -4156.1689 -4006.9045 -3945.052 -3936.8032 -3875.3179 -3853.999 -3947.4758 -4090.9988 -4189.7148 -4333.1191 -4242.5078 -4182.2061 -4260.5132 -4079.8125 -3827.115 -3927.6213 -4260.1187 -4365.7344 -4204.8242 -4227.1108 -4105.231
-4525.8232 -4685.7524 -4885.3403 -4796.7402 -4515.0264 -4739.4063 -4765.7964 -4632.502 -4696.2539 -4821.6646 -4920.9526 -4717.7329 -4539.126 -4441.791 -4610.3535 -4667.667 -4780.9697 -4963.8804 -4947.9893 -4954.4038 -4967.4111 -4935.5356 -4898.4106 -4934.9976 -4879.5103 -4754.1929 -4661.5532 -4705.6187 -4750.9224 -4725.2822 -4727.5898 -4733.4287 -4654.9302 -4508.415 -4331.4336 -4321.5229 -4331.6704 -4210.8257 -4173.5542 -4173.9473 -4113.6343 -4145.3887 -4146.1465 -4181.6665 -4245.1563 -4453.7021 -4483.4116 -4437.772 -4552.873 -4489.5029 -4336.4619 -4426.4375 -4525.3838 -4465.8086 -4379.4707 -3941.6692 -3689.4097
-4596.3174 -4671.7412 -4858.0098 -4946.7456 -4755.8774 -4887.7622 -4987.6143 -4945.9634 -4981.3174 -4867.4961 -4888.2534 -4818.6753 -4719.7842 -4561.561 -4590.147 -4569.3447 -4603.853 -4719.5718 -4651.6919 -4666.4067 -4721.4019 -4653.1636 -4573.8276 -4512.8408 -4613.7231 -4653.8208 -4624.6147 -4733.6211 -4817.0332 -4898.7783 -4903.3306 -4827.0088 -4806.9272 -4747.9634 -4525.5972 -4458.1313 -4536.5327 -4479.332 -4398.4722 -4369.9019 -4314.7202 -4404.8784 -4465.7109 -4427.2021 -4382.5337 -4531.002 -4648.2007 -4677.3125 -4673.0566 -4614.6255 -4571.2129 -4515.2197 -4410.395 -4192.5947 -4075.7576 -3785.969 -3613.2036
-5011.2939 -4965.7788 -5082.7568 -5141.8564 -4957.4023 -5026.7305 -5119.0605 -5058.3203 -4938.1348 -4734.7021 -4827.9468 -4993.9585 -5010.645 -4877.731 -4842.167 -4825.2988 -4721.2676 -4671.521 -4625.8291 -4605.2275 -4567.0605 -4423.9258 -4279.1992 -4158.3154 -4226.1792 -4315.6782 -4362.5723 -4505.3613 -4596.3359 -4683.7817 -4650.8994 -4463.2319 -4428.3047 -4385.394 -4287.5103 -4443.1191 -4586.3037 -4525.7749 -4351.9819 -4187.481 -4153.9824 -4292.4893 -4364.8945 -4287.1187 -4273.7891 -4233.9438 -4237.2134 -4238.6064 -4124.8965 -4074.2659 -4210.8042 -4160.8403 -4083.219 -3885.9558 -3801.7822 -3874.3452 -3734.2798
-5203.9492 -5145.666 -5272.8994 -5239.1641 -5153.1655 -5208.707 -5117.2217 -5041.9224 -4941.0249 -4798.5073 -4913.6836 -5023.1587 -4941.5254 -4836.5483 -4863.3359 -4975.4619 -4905.4487 -4795.9536 -4713.5439 -4665.7021 -4522.8472 -4374.2217 -4280.7642 -4164.7354 -4114.6509 -4212.438 -4331.2754 -4509.3296 -4526.54 -4482.8882 -4514.8706 -4423.6465 -4369.2788 -4324.27 -4325.9927 -4542.7178 -4551.9233 -4430.2466 -4331.0156 -4183.5039 -4137.7085 -4241.8892 -4254.3872 -4054.0188 -3968.6724 -3841.2476 -3860.4695 -3812.6589 -3704.4077 -3812.9048 -4035.2595 -3981.9307 -3960.7876 -3824.2161 -3781.6318 -3748.6592 -3624.8311
-5116.2295 -5068.3506 -5267.1729 -5231.3174 -5134.1973 -5205.8335 -5038.5098 -4960.0073 -4943.5171 -4983.5571 -5113.0586 -4943.2236 -4711.7852 -4696.1606 -4760.7754 -4848.2495 -4897.6704 -4967.9365 -4882.2329 -4694.8828 -4448.147 -4353.7944 -4345.0527 -4284.915 -4310.9951 -4403.2529 -4434.3418 -4555.1836 -4535.5938 -4436.9556 -4517.3286 -4551.792 -4524.3247 -4542.645 -4599.3369 -4726.8682 -4595.168 -4359.9131 -4286.1772 -4223.6055 -4206.5713 -4298.1914 -4351.9229 -4172.7598 -4078.0173 -3997.9797 -3968.345 -3925.1079 -3853.1301 -3872.125 -3932.4077 -3868.0127 -3826.4744 -3806.5806 -3793.8003 -3596.1704 -3570.7688
-5051.3682 -4997.1196 -5049.8008 -5041.2471 -4917.0601 -4946.915 -4801.3369 -4777.8857 -4804.1782 -4808.1597 -4947.9878 -4731.4521 -4584.2954 -4701.9214 -4770.6494 -4673.293 -4655.9136 -4847.6968 -4848.998 -4747.7993 -4561.8081 -4496.2192 -4516.8813 -4508.1899 -4579.272 -4576.2217 -4494.4565 -4540.4595 -4538.021 -4432.5269 -4415.0322 -4443.7124 -4499.9844 -4581.0278 -4634.7119 -4724.9658 -4596.2573 -4350.6348 -4220.271 -4161.1963 -4130.1567 -4124.4634 -4033.9783 -3984.7876 -4096.7964 -4110.6079 -4047.2695 -4090.1829 -4089.5735 -4043.001 -4003.6519 -4030.4187 -4009.2288 -4098.5317 -4024.28 -3817.7915 -3742.0566
-5030.3008 -4945.6743 -4895.4839 -4970.2461 -4956.6426 -4931.7095 -4793.1958 -4807.6812 -4804.9419 -4708.3228 -4820.6816 -4675.6035 -4602.3931 -4755.9639 -4774.1904 -4651.728 -4573.9717 -4637.8135 -4630.5596 -4698.2632 -4655.562 -4594.5352 -4566.3643 -4577.813 -4666.6343 -4681.1914 -4539.2451 -4490.7515 -4519.6274 -4419.3418 -4322.7686 -4308.4141 -4388.3188 -4455.1587 -4431.354 -4491.2598 -4436.751 -4328.6191 -4239.0991 -4147.0791 -4085.4395 -4059.8835 -3941.4375 -4022.5825 -4211.9033 -4313.8154 -4269.228 -4350.7021 -4381.6343 -4313.6147 -4267.8867 -4200.8208 -4192.9521 -4246.791 -3983.8206 -3817.7979 -3794.9648
-5020.186 -4909.8833 -4916.4756 -5028.1089 -5092.4771 -5119.1978 -4965.2109 -4886.7949 -4823.8447 -4756.8936 -4860.0088 -4737.0571 -4657.814 -4760.9824 -4760.3359 -4757.8203 -4675.1084 -4623.6504 -4611.1538 -4718.4658 -4658.9517 -4546.2881 -4477.7124 -4514.8452 -4589.1797 -4609.4854 -4452.6904 -4326.3369 -4390.356 -4392.0522 -4309.564 -4294.1479 -4358.7598 -4357.1577 -4254.5806 -4235.6875 -4163.1782 -4225.4014 -4320.3896 -4251.6045 -4188.0137 -4206.271 -4204.0459 -4310.7617 -4418.4634 -4445.9854 -4374.5747 -4428.1738 -4399.6299 -4268.3335 -4184.5122 -3982.4932 -3894.5605 -3913.7659 -3675.7905 -3711.9343 -3609.7258
-5007.9019 -4932.2988 -4956.8818 -4916.2349 -4930.333 -5062.8486 -4948.7344 -4800.3672 -4717.3833 -4677.6367 -4728.8628 -4718.959 -4649.1357 -4683.5332 -4706.8696 -4759.2285 -4646.0264 -4599.1729 -4639.6963 -4688.7896 -4573.1357 -4453.1128 -4377.9082 -4435.167 -4473.7891 -4435.8228 -4314.2383 -4237.394 -4340.6323 -4432.1963 -4373.3818 -4345.4644 -4435.5361 -4461.9165 -4410.8164 -4384.2373 -4257.1587 -4233.9395 -4343.561 -4354.9473 -4349.79 -4386.8442 -4404.2163 -4390.377 -4393.2739 -4263.0229 -4094.8186 -4077.429 -4018.6846 -3863.3796 -3801.8286 -3641.4622 -3532.7012 -3615.1829 -3651.0505 -3913.8328 -3670.7747
-4926.1738 -4891.8184 -4894.3579 -4785.0234 -4792.4849 -4924.7944 -4891.5024 -4746.1118 -4686.188 -4651.3687 -4586.2114 -4623.7471 -4539.8726 -4533.3052 -4595.2939 -4653.9629 -4575.8188 -4553.6465 -4577.9307 -4566.9224 -4475.3867 -4422.2344 -4355.6343 -4398.1172 -4423.3989 -4411.5879 -4250.5576 -4215.5444 -4392.9229 -4480.751 -4521.4829 -4548.1104 -4605.7676 -4632.7295 -4627.5762 -4614.4395 -4550.5103 -4407.2861 -4279.436 -4239.3657 -4279.9731 -4339.9492 -4317.8726 -4211.7886 -4125.3906 -3929.6206 -3799.4741 -3785.8599 -3717.4004 -3622.835 -3579.5037 -3496.7024 -3512.7661 -3691.8894 -3828.1138 -4054.3643 -3885.0903
-4795.7495 -4765.6553 -4794.4482 -4754.0776 -4733.6724 -4721.6753 -4790.5073 -4742.2778 -4710.4336 -4701.9575 -4542.6396 -4504.2314 -4348.0732 -4347.7817 -4451.8647 -4540.2285 -4551.1963 -4554.4097 -4572.3071 -4530.3696 -4505.5195 -4535.1465 -4472.7788 -4452.1572 -4507.7485 -4601.7329 -4467.7114 -4426.7432 -4577.9375 -4652.5825 -4759.8086 -4749.6021 -4652.0137 -4577.4121 -4552.3228 -4538.8325 -4506.4619 -4383.0205 -4196.2212 -4074.5867 -4044.3677 -4119.1992 -4175.7593 -4068.5151 -3924.2939 -3793.9551 -3719.0894 -3697.9805 -3620.5281 -3557.0938 -3606.1304 -3690.9775 -3855.7239 -3980.1714 -3956.2063 -3971.0642 -3824.1729
-4757.6836 -4678.8237 -4713.604 -4746.9141 -4641.6064 -4516.5278 -4625.6597 -4632.396 -4574.7319 -4596.8823 -4481.0859 -4404.4023 -4210.3569 -4243.2207 -4349.2012 -4493.4873 -4594.3911 -4599.3491 -4646.9746 -4669.3999 -4700.6094 -4711.8989 -4678.2124 -4637.8008 -4680.5547 -4777.8369 -4771.5723 -4733.8301 -4706.2446 -4684.0688 -4648.8774 -4516.0732 -4354.7197 -4196.4482 -4210.687 -4327.9111 -4316.4785 -4201.5698 -4068.1841 -3968.3208 -3892.2209 -3985.6826 -4139.2012 -4032.3755 -3844.262 -3744.9502 -3712.3127 -3744.0483 -3704.5906 -3697.8936 -3854.356 -3985.4326 -4014.2571 -3966.7468 -3932.8906 -3787.5535 -3671.3237
-4895.4053 -4759.9258 -4733.6592 -4770.938 -4608.8823 -4520.4448 -4622.519 -4594.252 -4581.1689 -4691.834 -4615.7295 -4480.209 -4330.0894 -4418.3877 -4504.5352 -4625.5259 -4781.7124 -4820.0283 -4885.0186 -4962.6353 -4934.519 -4820.6582 -4759.4263 -4654.1255 -4575.7056 -4611.2017 -4655.9917 -4631.6367 -4484.6924 -4344.6211 -4244.4956 -4126.7725 -4024.8008 -3870.1267 -3967.8867 -4236.7217 -4192.6606 -4047.103 -4016.4209 -3987.4126 -3927.1729 -3989.9294 -4109.9253 -4012.9546 -3855.4277 -3812.2061 -3848.7727 -3909.9365 -3915.9548 -3954.4634 -3997.6772 -3996.0498 -3880.3147 -3776.2878 -3805.6741 -3721.5056 -3732.022
-5142.2183 -5021.9102 -4969.2344 -4960.6196 -4796.6426 -4754.5503 -4849.6533 -4822.4175 -4860.312 -4906.854 -4732.6577 -4613.8662 -4575.854 -4618.6943 -4658.4971 -4721.9546 -4854.4287 -4878.584 -4911.106 -4984.2979 -4807.7524 -4556.0054 -4436.041 -4329.0635 -4284.7637 -4388.1572 -4428.9722 -4384.6055 -4209.5688 -4015.1118 -3969.5603 -3948.0916 -3962.1082 -3875.5583 -3932.7234 -4188.9561 -4147.2573 -4047.9666 -4051.7913 -4001.9495 -3950.3054 -3990.2478 -4077.7285 -4030.2212 -3944.4719 -3953.9143 -3985.9917 -3959.0425 -3949.4731 -3981.728 -3871.9758 -3813.6274 -3728.6433 -3667.8604 -3707.2227 -3725.2642 -3726.2288
-5133.6216 -5082.624 -5043.0596 -4979.6577 -4835.1465 -4761.6592 -4824.1348 -4828.2871 -4847.3047 -4770.8687 -4466.2969 -4429.0591 -4537.7124 -4499.5742 -4484.4302 -4574.9302 -4663.6304 -4626.0317 -4614.0381 -4684.0288 -4492.4966 -4252.481 -4148.502 -4182.8955 -4228.5991 -4278.021 -4228.5566 -4161.0781 -4022.9404 -3874.6921 -3985.7173 -4127.6885 -4236.8115 -4187.2861 -4090.8794 -4182.0166 -4195.0439 -4153.6333 -4113.9893 -3992.437 -3909.3135 -3976.9573 -4069.8611 -4035.7129 -3969.9292 -3988.1692 -3940.5635 -3831.1423 -3773.428 -3749.8281 -3697.0793 -3713.1348 -3697.9399 -3656.9619 -3608.218 -3588.5354 -3489.4949
-4882.293 -4829.0366 -4753.1772 -4651.5493 -4554.2896 -4489.7666 -4495.6836 -4505.3594 -4521.4814 -4518.5239 -4275.458 -4233.0771 -4352.7471 -4270.9575 -4221.8853 -4354.3882 -4432.9478 -4355.377 -4319.3838 -4347.3232 -4247.5288 -4131.0698 -4186.2656 -4412.8657 -4468.2739 -4330.5972 -4231.2891 -4167.123 -4077.7517 -3962.1199 -4190.873 -4375.835 -4390.2739 -4371.8755 -4267.9648 -4207.5259 -4229.749 -4197.1704 -4127.0522 -3960.0603 -3857.6643 -3968.0515 -4054.6536 -3999.4861 -3908.209 -3915.0083 -3825.7737 -3717.8223 -3646.2019 -3573.7368 -3710.0022 -3757.197 -3694.3191 -3659.7566 -3528.6775 -3514.9292 -3386.0017
-4715.1304 -4617.9038 -4511.5664 -4437.4458 -4377.5059 -4319.2075 -4317.7021 -4325.312 -4270.3408 -4375.3301 -4325.4131 -4240.6953 -4174.6372 -4015.8489 -4042.2375 -4171.9048 -4230.2388 -4169.8794 -4191.5591 -4202.1318 -4146.3032 -4057.0896 -4296.981 -4585.395 -4601.8394 -4445.689 -4346.5757 -4275.0298 -4340.7153 -4317.3999 -4375.6196 -4347.6333 -4198.7783 -4218.1812 -4323.0742 -4253.8115 -4175.1968 -4120.8198 -4017.2827 -3876.5447 -3841.9451 -3924.8586 -3995.9443 -3942.281 -3842.627 -3839.5071 -3765.1487 -3657.0388 -3605.875 -3624.1116 -3794.0688 -3695.6477 -3554.4412 -3648.2087 -3670.8494 -3774.8931 -3750.8748
-4597.8359 -4551.1177 -4536.7075 -4503.9932 -4423.082 -4365.4087 -4419.4829 -4496.4976 -4417.3652 -4503.2793 -4500.6567 -4481.2158 -4357.5845 -4183.9121 -4246.3789 -4360.2139 -4328.1968 -4303.0654 -4459.1011 -4502.8071 -4474.9995 -4247.2764 -4403.9624 -4469.5259 -4412.063 -4376.98 -4387.9282 -4387.998 -4481.3184 -4493.6255 -4358.377 -4198.8672 -4027.0432 -4056.4182 -4293.5967 -4216.0239 -3994.6968 -3962.2869 -3947.6907 -3958.0457 -3993.4717 -3888.9658 -3929.4795 -3875.2974 -3756.2061 -3813.1934 -3720.8655 -3629.3643 -3672.7864 -3804.8928 -3862.1709 -3746.5325 -3724.6465 -3868.1982 -3915.71 -3963.7751 -3999.2063
-4518.3857 -4629.1016 -4751.9404 -4776.0239 -4782.5811 -4771.9155 -4781.3447 -4862.2793 -4834.8755 -4860.7954 -4802.376 -4838.0513 -4814.8628 -4643.5659 -4593.0176 -4740.6934 -4658.2031 -4691.7378 -4836.3677 -4841.5649 -4836.9888 -4598.8481 -4447.2119 -4237.7715 -4132.2529 -4218.4678 -4405.4053 -4430.7046 -4374.4189 -4318.854 -4177.9595 -4079.5237 -3995.5664 -3984.9602 -4129.165 -3993.0669 -3794.7612 -3945.5537 -4127.5586 -4242.2764 -4152.02 -3760.5952 -3925.3025 -3916.9985 -3624.9863 -3781.2954 -3762.4236 -3747.8955 -3828.6265 -3992.3718 -4058.6057 -4042.6321 -4025.5615 -4010.4739 -3961.666 -3933.7573 -3865.5291
-4595.6387 -4817.7769 -4968.8677 -4985.9634 -5041.9287 -5048.1118 -4937.501 -4879.0151 -4843.3701 -4835.2485 -4783.625 -4780.1455 -4819.5371 -4694.1064 -4475.0933 -4710.2739 -4701.686 -4747.8857 -4792.521 -4770.5938 -4764.7095 -4710.4541 -4542.6646 -4290.8423 -4117.7422 -4238.3623 -4432.3047 -4330.3496 -4116.7949 -4047.1467 -4052.8845 -4047.219 -3995.1062 -3931.8716 -4020.0813 -4010.9563 -3956.2266 -4135.4897 -4261.7017 -4320.0039 -4109.0249 -3660.6187 -3975.031 -4003.519 -3752.9456 -3874.9177 -3924.3494 -3936.5745 -3979.072 -4105.7158 -4157.6382 -4035.4944 -3907.6992 -3847.3811 -3810.8293 -3783.6013 -3578.7942
-4817.3218 -4915.1479 -4910.5259 -4799.0693 -4763.7056 -4786.9248 -4699.5869 -4587.8818 -4557.5 -4526.3984 -4474.1479 -4450.3286 -4490.5703 -4493.5713 -4312.3203 -4545.9111 -4569.8589 -4496.7998 -4464.7114 -4508.8545 -4483.5117 -4539.7871 -4563.7397 -4423.665 -4299.1484 -4392.3135 -4371.6641 -4175.5664 -3979.771 -3950.4507 -4031.0269 -4033.2798 -3975.7053 -3891.3569 -4012.9722 -4151.144 -4139.1187 -4145.3203 -4066.4116 -4072.2505 -4039.1829 -3871.5315 -4043.0115 -4031.3677 -3947.2622 -3969.4111 -3978.822 -3922.5913 -3958.7441 -3981.8669 -3838.8804 -3647.1018 -3586.2307 -3528.1665 -3475.1504 -3524.1912 -3414.9136
-4829.1563 -4743.8301 -4648.5049 -4496.6802 -4399.813 -4440.9131 -4436.1987 -4358.1899 -4387.5205 -4356.9473 -4310.4907 -4261.793 -4254.3062 -4352.1128 -4307.2241 -4416.5259 -4432.5352 -4310.5645 -4267.7383 -4295.0371 -4267.3281 -4304.4995 -4362.7852 -4322.0293 -4326.271 -4339.6191 -4133.1797 -3994.9805 -3914.625 -3858.0803 -3891.3611 -3885.0908 -3920.2449 -3963.4912 -4039.3096 -4080.4883 -4023.3152 -3915.4539 -3757.4858 -3782.5938 -3918.5002 -3915.3162 -3944.0166 -3984.1372 -3907.6245 -3829.9377 -3846.3608 -3742.8743 -3782.7129 -3719.3882 -3562.9839 -3520.6265 -3521.928 -3227.7659 -3231.0422 -3587.447 -3680.6919
-4624.6494 -4563.3345 -4581.5205 -4511.4287 -4416.2793 -4380.9282 -4325.0005 -4350.645 -4423.7397 -4396.9297 -4383.2085 -4336.2813 -4281.7642 -4374.3018 -4351.9175 -4279.5327 -4283.5435 -4203.415 -4158.7397 -4205.1182 -4188.418 -4126.7612 -4138.001 -4256.7378 -4306.8755 -4127.8311 -3868.4836 -3867.5715 -3843.9636 -3757.064 -3761.6091 -3772.3 -3935.6404 -4073.8057 -4035.6074 -3904.7161 -3796.3452 -3748.0605 -3656.5596 -3653.9844 -3739.8462 -3734.8909 -3733.5806 -3780.2556 -3691.2241 -3646.1301 -3713.0837 -3563.5146 -3575.4351 -3648.4084 -3777.4136 -3888.7517 -3861.0195 -3621.3574 -3717.0381 -3918.1938 -3890.3784
