Resources/Map/Lvl0_30x30/Ele_FE.asc
ncols         335
nrows         335
xllcorner     -6645000
yllcorner     -10075000
cellsize      10000
nodata_value  -99999.0
[rows 104 to 129 of 335, columns 0 to 59 of 335]
-422.7812 -532.3906 -580.6855 -555.6438 -528.5703 -547.8039 -612.2141 -672.8499 -694.3525 -676.4962 -633.5532 -629.8051 -680.4069 -723.3613 -714.7314 -686.0535 -691.9794 -738.6306 -781.7046 -788.339 -753.8099 -696.1168 -648.6971 -622.2163 -587.9008 -544.0731 -522.7859 -523.2927 -512.2862 -480.3035 -439.0654 -388.6468 -331.0475 -276.685 -243.3825 -245.0525 -294.5315 -395.9025 -517.6252 -636.1611 -732.623 -789.7346 -838.0486 -945.6038 -1138.0404 -1343.1746 -1499.5632 -1600.686 -1662.4497 -1687.9578 -1720.0826 -1808.251 -1948.7737 -2087.2371 -2169.9478 -2190.5149 -2201.9995 -2236.2708 -2271.9951 -2300.7173
-507.2649 -601.9402 -616.7429 -544.6367 -478.5675 -493.5538 -571.0804 -634.4362 -663.4864 -669.5299 -647.6385 -632.3594 -651.1788 -677.4257 -683.2177 -681.8751 -676.8922 -662.5645 -646.6959 -641.6341 -640.1945 -624.8745 -593.8052 -551.584 -501.1753 -470.7511 -488.7018 -521.4335 -505.0032 -435.843 -371.6911 -331.0749 -288.1245 -235.5322 -209.1494 -248.0774 -371.6875 -560.0906 -718.3151 -782.8073 -790.2683 -827.8062 -950.1006 -1161.6715 -1404.0823 -1586.5784 -1681.2971 -1736.9264 -1780.483 -1804.0107 -1830.5139 -1883.6561 -1961.8907 -2033.9572 -2076.2717 -2099.5535 -2149.8135 -2235.8816 -2321.0259 -2366.6611
-603.6504 -636.1207 -565.0466 -450.0921 -400.5428 -426.9973 -495.5417 -558.379 -606.9779 -644.0343 -640.1697 -608.7838 -592.9257 -611.3712 -638.9329 -646.6828 -621.401 -588.5654 -569.5795 -559.0724 -541.6088 -511.412 -472.3292 -431.2791 -393.3755 -363.4148 -339.4684 -303.0193 -249.7624 -203.999 -193.7121 -213.7904 -223.5543 -209.0079 -205.2135 -269.4103 -435.4354 -662.4432 -839.774 -932.9456 -1011.2672 -1134.5297 -1291.8502 -1453.2716 -1596.5317 -1695.1326 -1733.6201 -1743.1603 -1754.2704 -1777.5364 -1832.1669 -1900.319 -1957.2374 -1998.2179 -2045.9116 -2121.9666 -2240.7761 -2377.7402 -2482.3118 -2516.9338
-408.9214 -430.8557 -412.302 -372.3084 -369.7106 -412.1089 -473.5201 -506.1631 -514.6766 -531.0073 -551.1877 -551.6822 -536.8775 -535.9304 -548.8066 -540.9728 -501.7813 -480.7611 -493.4362 -517.5426 -522.2522 -501.8306 -473.3976 -454.5728 -440.3779 -398.277 -310.2768 -202.2477 -121.1679 -110.1358 -173.4993 -274.2242 -348.5706 -371.219 -381.1998 -441.9749 -588.6179 -806.2322 -1030.6606 -1216.5757 -1346.5317 -1412.7871 -1432.2842 -1449.5341 -1521.0586 -1632.8108 -1707.4506 -1693.3942 -1669.7092 -1733.45 -1895.2864 -2035.6514 -2091.2686 -2101.4863 -2148.1318 -2259.4944 -2419.8921 -2555.2593 -2602.5923 -2574.7305
-260.2341 -273.5343 -308.1327 -333.3572 -345.2149 -373.9284 -416.4293 -436.5291 -447.066 -469.0301 -501.3212 -521.4712 -522.428 -511.2341 -483.6134 -435.575 -391.2018 -397.9529 -455.2314 -520.028 -545.3604 -527.4301 -495.3075 -475.5223 -462.7251 -419.7807 -322.6194 -202.1264 -121.4849 -130.0029 -218.063 -334.8965 -430.2813 -500.4799 -577.9086 -672.4385 -776.0458 -910.0822 -1088.3723 -1263.0389 -1364.8003 -1393.1023 -1407.0277 -1450.1156 -1548.9198 -1677.269 -1763.651 -1768.2397 -1774.9218 -1858.8033 -1998.2828 -2104.875 -2155.7603 -2182.0012 -2225.8088 -2298.9919 -2389.0095 -2454.1687 -2469.9009 -2460.5894
-255.1661 -295.871 -343.8591 -381.1377 -401.1035 -420.0551 -433.1159 -416.1483 -399.5769 -409.4715 -445.4678 -487.7797 -538.1047 -582.2458 -589.8408 -555.8187 -510.2531 -494.9412 -523.4149 -568.5173 -580.7582 -539.6198 -466.2768 -411.6645 -405.0879 -411.9847 -372.5121 -278.6788 -182.2216 -140.2243 -165.2705 -232.9409 -314.8844 -422.2118 -591.2814 -786.9345 -933.7132 -1026.9846 -1109.6001 -1189.3765 -1266.3242 -1367.6836 -1492.1095 -1607.0538 -1690.7975 -1738.6372 -1737.7168 -1720.9877 -1765.058 -1880.79 -1996.0215 -2070.564 -2128.4363 -2183.5034 -2227.2397 -2254.6189 -2277.0493 -2313.2502 -2365.8523 -2421.8625
-244.9067 -335.9766 -402.2318 -429.4007 -460.5546 -515.3806 -539.4996 -486.392 -422.0132 -381.4057 -388.7033 -455.6338 -563.3297 -651.15 -675.8326 -646.678 -595.8224 -559.5798 -556.8684 -571.3607 -567.8955 -531.1758 -461.8951 -390.7475 -358.0828 -354.429 -337.8341 -295.0853 -241.9188 -195.834 -171.7637 -193.2946 -276.1109 -432.6079 -665.2048 -899.9112 -1063.7533 -1165.9141 -1243.4835 -1311.7504 -1394.2052 -1505.0334 -1607.5447 -1658.7054 -1651.2971 -1611.2046 -1561.7197 -1550.6577 -1632.4305 -1789.1959 -1935.3511 -2028.8501 -2085.3477 -2122.4453 -2143.4282 -2132.8796 -2110.4226 -2140.3828 -2243.6343 -2382.8826
-126.7268 -210.295 -260.7349 -272.3836 -313.5374 -396.0069 -452.9597 -423.9257 -350.1941 -275.4885 -267.2882 -359.5629 -504.0847 -600.6304 -610.2779 -570.8347 -534.8809 -524.4949 -532.3728 -543.8005 -550.3441 -549.1741 -529.6528 -488.6481 -433.7845 -361.6779 -281.4201 -228.8952 -221.4496 -230.3044 -227.2966 -235.3463 -293.0705 -431.287 -657.444 -892.93 -1067.7241 -1186.7748 -1270.9235 -1323.3634 -1351.9631 -1380.2285 -1419.5427 -1469.0303 -1519.0271 -1555.2311 -1574.2177 -1598.6201 -1667.0093 -1778.2639 -1880.7372 -1934.129 -1954.3392 -1987.3151 -2023.6835 -2029.1738 -2023.3396 -2057.4221 -2128.5105 -2207.6062
-39.089 -63.6534 -93.4765 -129.5866 -195.4225 -272.5937 -302.3864 -265.2012 -220.8488 -194.9532 -218.292 -293.4715 -379.6661 -421.1266 -423.3411 -425.4888 -450.0944 -486.8001 -521.7192 -550.9119 -576.892 -598.6511 -603.2162 -577.2337 -517.048 -416.9901 -308.9577 -249.161 -240.0037 -242.506 -246.423 -276.2829 -340.296 -451.6745 -635.8492 -854.5333 -1048.9231 -1189.0476 -1262.0072 -1283.7938 -1289.212 -1305.1774 -1336.1101 -1386.4653 -1469.9036 -1569.9655 -1645.9116 -1675.267 -1698.4491 -1752.6498 -1818.5798 -1858.8079 -1880.2681 -1899.8358 -1907.4296 -1902.1278 -1939.1096 -2034.9685 -2127.5698 -2158.0127
-77.0841 -69.3588 -80.744 -120.727 -206.3179 -301.4228 -346.8509 -339.1309 -336.1423 -348.9842 -356.4868 -350.4707 -333.1096 -313.3984 -301.6813 -303.7105 -318.4106 -352.1882 -408.6058 -475.6014 -535.4847 -585.2248 -612.2907 -603.2495 -570.8393 -530.0604 -488.2471 -455.9295 -419.0719 -361.6037 -311.5911 -312.2559 -368.0707 -475.8125 -642.7621 -832.8106 -998.2173 -1112.9541 -1177.3733 -1215.3163 -1248.4581 -1282.4998 -1316.5066 -1361.6362 -1439.703 -1540.728 -1610.3264 -1596.276 -1542.5779 -1520.1886 -1578.9584 -1705.0499 -1857.4404 -1946.8101 -1937.3978 -1874.5905 -1859.1423 -1954.7604 -2101.7737 -2175.9319
-131.1469 -155.9569 -187.65 -224.8363 -264.5871 -306.5884 -349.8121 -391.5175 -426.1951 -435.7305 -398.6634 -334.5396 -293.5191 -318.8088 -385.3399 -432.8862 -422.0453 -383.9583 -380.9156 -433.2824 -504.946 -559.8031 -591.9017 -608.1312 -610.3682 -597.3292 -579.3857 -565.6329 -540.7654 -495.1485 -446.5421 -415.976 -415.5425 -456.8951 -551.7188 -684.8723 -829.6275 -965.4854 -1080.2114 -1166.902 -1208.2372 -1195.1477 -1157.7527 -1154.3735 -1221.916 -1327.948 -1415.0612 -1430.973 -1406.1279 -1406.702 -1507.4993 -1674.3451 -1831.4397 -1901.3689 -1889.9553 -1838.0563 -1817.4797 -1891.5974 -2037.2765 -2149.5767
-158.1606 -212.7619 -266.423 -309.4518 -331.6905 -347.6745 -377.8754 -410.3861 -440.3275 -455.2155 -433.254 -404.2497 -418.4125 -476.2679 -520.8418 -529.4677 -507.1383 -479.8573 -475.8955 -501.2181 -536.9921 -568.2299 -584.8397 -575.726 -538.1965 -489.1732 -463.9321 -476.6078 -511.756 -548.0151 -560.0533 -525.7399 -478.2051 -477.511 -527.2119 -577.1708 -617.6618 -702.227 -853.9686 -1016.4146 -1106.9889 -1099.0962 -1050.4877 -1039.4657 -1094.1018 -1171.2598 -1239.0524 -1289.6871 -1335.4098 -1394.5048 -1487.9104 -1591.1691 -1668.7651 -1705.5758 -1727.3192 -1755.9161 -1816.6677 -1928.0714 -2066.5571 -2148.929
-112.97 -153.1801 -165.8936 -127.9169 -101.3199 -167.1351 -299.5082 -378.9703 -437.2245 -513.2994 -561.6346 -564.0978 -573.1267 -606.8054 -612.0934 -579.1663 -540.1721 -536.6143 -571.7732 -611.771 -616.6109 -584.8105 -530.9754 -470.9056 -420.325 -383.5321 -363.0225 -372.015 -422.1782 -493.7098 -536.3652 -515.8669 -459.9247 -421.947 -416.4635 -426.8776 -459.962 -551.231 -704.1732 -859.9796 -949.2368 -962.2204 -961.0892 -1008.3925 -1096.1681 -1176.7816 -1235.8583 -1285.4767 -1339.361 -1398.4838 -1463.2285 -1523.895 -1571.2233 -1603.1305 -1639.5593 -1708.6012 -1817.459 -1938.8514 -2037.5007 -2079.3411
-274.0178 -281.7607 -261.1516 -212.9726 -184.3885 -234.6653 -337.5816 -408.1387 -449.1873 -489.8243 -525.4749 -518.5805 -482.2738 -465.1573 -481.6602 -515.7007 -547.3979 -575.8602 -607.6778 -633.0204 -634.022 -600.3228 -532.7104 -450.044 -378.7516 -334.3667 -312.2007 -312.6124 -347.2504 -397.0239 -420.6577 -398.378 -348.4504 -301.8802 -277.3644 -284.9496 -327.955 -408.1788 -530.3724 -683.3549 -825.4017 -923.8773 -993.0889 -1062.1007 -1129.5217 -1179.2177 -1203.814 -1231.6348 -1288.411 -1370.6852 -1462.0049 -1541.6056 -1593.8075 -1621.1278 -1656.2411 -1711.844 -1776.1366 -1829.4116 -1878.6382 -1923.6068
-251.1435 -228.3634 -225.7939 -241.2168 -260.6831 -292.3824 -342.0945 -389.2272 -405.5406 -404.7548 -420.8514 -434.843 -425.4906 -410.3062 -417.3837 -452.946 -505.2581 -552.5386 -572.465 -554.9813 -524.1473 -503.8769 -486.5858 -456.5186 -408.2576 -345.7885 -289.5603 -267.3487 -281.0757 -301.7318 -302.5113 -282.321 -256.1164 -245.4738 -266.8197 -303.0172 -327.8768 -353.7776 -431.1594 -575.2599 -735.2604 -847.4921 -908.5521 -941.1992 -961.8656 -981.9555 -1015.1916 -1070.2988 -1151.715 -1257.616 -1367.6281 -1448.3948 -1482.5419 -1481.3041 -1495.8346 -1554.145 -1638.5756 -1709.8115 -1769.5532 -1808.6431
-210.5778 -174.6517 -176.1469 -214.8601 -252.1911 -270.1848 -277.7631 -285.9986 -289.3579 -285.3224 -298.8443 -334.7931 -368.4456 -374.9568 -372.1737 -389.2094 -428.356 -456.4351 -458.2061 -441.8043 -446.7963 -486.0924 -533.1053 -553.9573 -538.813 -492.1116 -420.518 -347.5444 -307.8652 -305.9019 -311.0405 -304.055 -296.6598 -315.5207 -366.4596 -407.3137 -402.8013 -389.8561 -435.608 -537.7796 -635.8947 -686.5227 -705.9461 -720.7037 -739.9088 -778.8905 -858.9562 -946.9944 -1004.2119 -1043.2875 -1091.3832 -1153.3196 -1230.48 -1319.3481 -1415.7542 -1514.8525 -1592.2487 -1633.5457 -1659.5442 -1700.7485
-263.6167 -259.3028 -267.8561 -287.1918 -282.2804 -244.6956 -202.4699 -188.0932 -184.3614 -185.5513 -225.1104 -312.7487 -389.9218 -423.6513 -445.7856 -468.7119 -477.0753 -460.1555 -428.278 -402.7107 -423.1394 -495.7582 -577.1087 -614.5977 -589.0953 -514.2977 -405.1077 -297.535 -262.7829 -295.6925 -315.8117 -295.5119 -274.6962 -288.9294 -328.673 -350.6429 -334.3373 -315.759 -337.8056 -389.3628 -433.5488 -453.0262 -466.9853 -501.7784 -555.704 -625.8215 -726.9879 -833.6022 -904.2881 -945.9219 -996.2454 -1054.3844 -1104.5934 -1160.1949 -1246.8657 -1352.5713 -1425.2817 -1460.8149 -1495.9124 -1550.766
-217.9196 -140.0008 -116.3094 -143.6769 -164.5209 -145.5869 -141.7069 -203.5292 -281.2229 -334.4742 -368.8523 -396.7807 -401.8809 -392.326 -417.5484 -465.2404 -485.0451 -481.0304 -477.8787 -467.0527 -433.7482 -410.3378 -424.8625 -455.2672 -455.6585 -412.543 -336.3064 -264.7437 -246.3912 -278.0121 -310.7044 -315.7964 -304.7576 -295.1518 -291.1876 -290.0465 -290.8043 -292.6077 -289.2964 -283.0951 -286.8886 -297.2254 -313.2047 -347.7204 -401.6507 -457.3466 -517.4352 -602.3995 -701.9974 -794.9955 -877.9211 -956.4971 -1034.8514 -1112.7305 -1175.7871 -1229.0695 -1276.3795 -1323.3811 -1370.9822 -1422.5698
-175.5087 -90.6464 -62.5181 -97.6206 -175.3161 -254.9578 -325.587 -390.2476 -438.2207 -451.7127 -429.5418 -397.6934 -359.5557 -313.6074 -297.2968 -327.2005 -383.7553 -436.5175 -476.8423 -480.8844 -440.9164 -386.5363 -349.556 -337.0529 -323.0561 -294.0868 -251.7085 -211.5016 -204.5953 -247.6877 -306.9143 -332.0869 -312.6606 -278.1835 -257.857 -261.9535 -284.989 -310.7328 -319.0821 -316.5816 -327.4082 -346.669 -363.0262 -382.2908 -384.8879 -374.1981 -376.5445 -412.695 -487.2535 -557.3677 -609.993 -689.4875 -832.3436 -997.1539 -1101.6632 -1132.6918 -1126.0156 -1149.099 -1219.7943 -1301.3457
-232.1846 -229.7566 -225.8385 -219.4508 -248.5287 -314.0491 -375.4846 -400.1241 -386.4753 -361.8977 -358.1295 -365.2149 -364.9016 -345.6136 -321.8351 -336.0214 -389.5283 -445.0165 -479.9811 -481.6913 -457.2108 -424.9465 -397.2693 -379.0413 -362.3288 -337.4423 -307.6678 -289.309 -295.5199 -320.3934 -340.8947 -341.938 -329.0928 -321.0814 -322.1052 -325.0455 -330.9674 -343.0264 -355.9512 -364.793 -368.4858 -370.3546 -374.3029 -377.7639 -356.0138 -326.527 -294.2242 -273.9675 -291.6621 -354.7817 -462.114 -599.708 -734.6549 -825.8033 -870.8934 -876.3429 -869.0797 -931.4937 -1074.3339 -1203.6707
-294.4784 -275.5483 -262.9734 -242.7743 -209.5804 -201.4352 -231.674 -256.6154 -252.088 -249.6795 -285.5055 -337.7872 -373.3929 -383.6762 -381.0047 -386.4638 -396.8107 -386.2569 -352.7562 -322.0168 -327.2563 -359.2774 -385.9115 -396.8326 -397.7991 -390.5548 -369.9492 -348.5731 -350.1375 -370.4893 -384.1532 -383.645 -377.9919 -376.3505 -373.0974 -363.5474 -357.3544 -362.2237 -373.3757 -385.4464 -396.1692 -393.1737 -360.0315 -308.7152 -286.471 -304.7977 -334.7529 -344.004 -336.7261 -337.6092 -383.8914 -467.9373 -554.9691 -607.4924 -636.618 -675.9327 -742.7006 -830.3571 -941.3333 -1055.5807
-328.1852 -208.9421 -130.0556 -93.7886 -71.6722 -66.3255 -100.067 -161.6019 -207.3322 -243.7614 -284.0513 -330.5413 -369.4266 -388.7469 -387.0137 -379.0556 -375.6739 -366.1741 -342.2057 -317.8074 -315.8885 -335.2634 -353.946 -354.6928 -346.4359 -340.498 -331.7617 -324.34 -334.6239 -353.9415 -360.45 -350.3632 -341.5059 -356.584 -398.9115 -439.2805 -460.0698 -454.5023 -419.9572 -374.8149 -356.6463 -360.0198 -348.7141 -320.2993 -318.8121 -356.929 -407.1043 -440.5271 -445.2088 -424.4097 -394.1751 -374.3052 -382.0145 -420.9453 -466.9403 -525.0588 -589.7349 -636.4984 -701.7802 -785.958
-317.5324 -244.2304 -180.1739 -119.5087 -96.3079 -85.7143 -81.8854 -135.957 -226.7817 -286.4704 -310.8715 -335.8234 -366.5805 -387.1386 -393.687 -395.3912 -393.9101 -380.1329 -354.0136 -325.8567 -314.9008 -323.9411 -333.3315 -328.2331 -318.4498 -317.0093 -325.7056 -345.8929 -375.4654 -399.5409 -403.7879 -385.1545 -358.6717 -344.2147 -359.2367 -395.4509 -423.3348 -424.2549 -393.3929 -353.5099 -330.4725 -321.0689 -311.0203 -302.3816 -311.8987 -342.6246 -390.4326 -440.3057 -469.4092 -461.8626 -420.7926 -375.1876 -361.7672 -385.8323 -409.9776 -419.4693 -429.5741 -447.4534 -484.1319 -564.2408
-433.5411 -416.163 -355.9371 -285.3613 -263.5204 -263.6664 -271.8584 -292.8346 -321.6368 -338.6346 -357.9901 -381.2039 -390.6748 -378.9521 -364.4304 -357.6193 -358.5474 -361.6302 -360.3015 -355.2432 -347.4037 -335.3498 -318.4562 -306.3836 -310.674 -327.6815 -341.2297 -348.4817 -362.9692 -388.9834 -410.9246 -413.7255 -399.4004 -377.1058 -355.7629 -352.7262 -373.0789 -402.0401 -423.6279 -434.7079 -438.1519 -425.1825 -388.3515 -343.2984 -318.4838 -320.304 -350.0358 -398.4787 -435.6792 -438.3497 -405.1187 -368.1145 -354.0627 -372.7874 -398.3268 -407.8292 -410.6516 -427.4833 -459.0025 -513.9713
-456.677 -465.1954 -433.9419 -433.6636 -445.324 -463.3528 -473.649 -458.3528 -431.1634 -403.3929 -383.3218 -367.5122 -359.9099 -355.8966 -355.3802 -350.9939 -340.4797 -334.416 -338.044 -346.7228 -353.4065 -352.4858 -347.3026 -343.9472 -348.4145 -354.3442 -345.985 -326.1996 -331.6612 -374.5534 -420.9633 -440.1111 -429.5859 -407.3088 -388.3128 -387.9294 -407.5477 -432.701 -450.031 -449.9755 -430.7922 -392.2651 -372.8346 -386.1109 -394.575 -387.7753 -375.6714 -371.4081 -371.2996 -374.6114 -384.1969 -396.7486 -410.6568 -421.6942 -422.7397 -416.5976 -411.3841 -416.2721 -417.1221 -415.424
-398.8481 -405.3779 -402.0664 -423.6266 -447.5306 -520.3929 -574.9194 -557.4655 -523.0228 -478.0438 -435.7283 -406.0833 -401.4732 -417.6977 -432.8732 -426.4985 -395.3833 -362.3578 -349.939 -353.1266 -357.916 -357.8481 -358.4019 -361.2299 -364.8287 -357.0552 -321.5845 -277.4901 -273.8222 -324.3653 -390.151 -431.0465 -442.0711 -437.112 -428.786 -423.4717 -419.4279 -420.2087 -427.6154 -430.7182 -413.331 -376.4133 -367.806 -393.9307 -411.0337 -412.4544 -410.4565 -396.6624 -367.9526 -344.4116 -356.3058 -396.1331 -434.4583 -442.9019 -438.0749 -432.2032 -408.6069 -359.5402 -305.2329 -276.0195
