Resources/Map/Lvl0_30x30/Ele_CB.asc
ncols         335
nrows         335
xllcorner     -16695000
yllcorner     -25000
cellsize      10000
nodata_value  -99999.0
[rows 25 to 49 of 335, columns 57 to 113 of 335]
-5011.1147 -4983.4463 -4909.2285 -4774.6543 -4668.6187 -4673.7178 -4565.6431 -4655.0786 -4837.8755 -4882.293 -4854.6401 -4888.5581 -4969.3999 -4953.3896 -4924.2295 -4909.7905 -4922.7734 -4947.752 -4918.2373 -4913.2939 -4966.5503 -4988.5415 -4959.8696 -4930.5625 -4939.04 -4953.104 -4947.0938 -4990.9248 -4987.9214 -4864.521 -4869.6294 -4946.5977 -4958.2285 -4915.3506 -4837.2446 -4826.6377 -4753.7705 -4790.2432 -4930.7158 -4569.3013 -4176.8281 -4348.3384 -4641.3276 -4841.7158 -4969.479 -4841.4224 -4420.5698 -4077.0388 -4516.7256 -4875.9727 -5005.3945 -5096.5894 -5028.6919 -4943.7876 -4785.6436 -4583.3384 -4697.981
-4901.2007 -4909.2783 -4953.8169 -4871.3457 -4737.8877 -4537.5908 -4392.0669 -4613.1323 -4791.9014 -4719.7773 -4605.1143 -4643.9692 -4800.9214 -4795.3989 -4859.7891 -4851.499 -4848.6182 -4880.2998 -4875.6177 -4835.9775 -4874.7134 -4960.8052 -4967.4731 -4944.9312 -4918.958 -4898.4941 -4944.2061 -5030.1938 -5019.2778 -4892.2393 -4896.7075 -4971.2759 -4920.7964 -4881.7349 -4839.8271 -4731.6406 -4668.8721 -4727.168 -4555.8926 -4006.6912 -4117.0581 -4710.1807 -4856.8594 -4939.3418 -5060.4419 -4958.1255 -4684.5684 -4680.1245 -5019.8394 -5124.856 -5058.1138 -5044.3018 -5005.2573 -4871.2515 -4382.5796 -3878.7935 -4324.3555
-4834.4424 -4897.5781 -4936.0151 -4870.4458 -4810.6235 -4414.5757 -4204.7739 -4490.9077 -4650.4277 -4515.8296 -4491.8276 -4523.5356 -4777.1626 -4837.168 -4879.4785 -4852.1768 -4877.5 -4916.0391 -4931.7349 -4923.8735 -4959.7114 -4980.1743 -4952.8315 -4950.5034 -4922.8105 -4889.0425 -4928.2637 -4971.7295 -4962.5923 -4904.0879 -4905.9009 -4918.7534 -4833.2642 -4783.3755 -4798.146 -4773.709 -4751.4526 -4642.6694 -4359.6836 -4314.8955 -4797.687 -5135.0171 -4837.085 -4742.6714 -5005.5918 -5026.4805 -4990.4526 -5070.1826 -5068.959 -5048.4292 -4908.5488 -4921.624 -4934.5049 -4636.21 -4092.7209 -4060.3652 -4696.5049
-4999.1079 -5022.165 -4897.4424 -4822.9063 -4872.7129 -4555.2188 -4352.3242 -4699.48 -4807.1392 -4749.0532 -4810.6245 -4786.042 -4910.897 -4932.9917 -4887.4189 -4859.7256 -4827.6802 -4874.3877 -4905.0278 -4903.9697 -4918.2969 -4916.3188 -4937.7754 -4954.9312 -4915.8086 -4909.7163 -4895.248 -4797.4043 -4774.1787 -4802.5952 -4797.5464 -4785.5322 -4768.9995 -4766.7261 -4812.5708 -4799.54 -4663.7485 -4521.6885 -4546.5269 -4801.9927 -4967.0566 -4905.1279 -4529.0493 -4655.1411 -5067.2969 -5076.9629 -5062.5718 -4952.7651 -4815.5146 -4988.3989 -4919.8799 -4934.061 -4946.7935 -4778.4302 -4634.8936 -4734.6401 -4943.6377
-4951.5308 -4968.2446 -4877.2876 -4880.2905 -4976.5737 -4834.6802 -4678.374 -4831.6812 -4848.4585 -4845.0986 -4932.6235 -4914.5684 -4936.9414 -4893.374 -4803.2603 -4811.2397 -4789.1309 -4811.3511 -4818.8921 -4843.916 -4906.3843 -4922.0049 -4958.1719 -4979.1992 -4959.6211 -4946.6846 -4868.6982 -4725.0894 -4750.2793 -4744.9067 -4764.9028 -4792.1577 -4805.4248 -4885.2437 -4894.8145 -4775.2891 -4704.8208 -4722.3491 -4799.376 -4947.2617 -4960.4038 -4861.8862 -4682.1328 -4753.4756 -5058.8184 -5042.3691 -4991.6729 -4858.5825 -4836.0894 -4966.5845 -4931.772 -4907.7515 -4918.1714 -4921.2236 -4949.3774 -4925.4834 -4908.6338
-4924.3101 -4872.1992 -4851.4194 -4915.9175 -4961.5972 -4880.001 -4795.2681 -4854.2886 -4872.7158 -4897.2388 -4919.3213 -4927.5 -4935.9287 -4886.3398 -4814.4243 -4796.5371 -4750.0425 -4729.9399 -4799.4063 -4906.7056 -4983.9995 -4962.5796 -4914.6602 -4892.9526 -4892.0303 -4880.6182 -4853.4907 -4795.7378 -4758.9971 -4736.499 -4820.439 -4883.4434 -4843.9277 -4891.6445 -4888.8428 -4790.2886 -4838.6865 -4881.4497 -4828.0156 -4804.3857 -4917.4541 -5029.4937 -4925.5366 -4843.9297 -5032.6123 -5034.3862 -4899.001 -4728.458 -4791.6948 -4857.4414 -4846.1377 -4812.335 -4753.5244 -4822.0723 -4909.731 -4919.9624 -4897.0884
-4583.3418 -4559.3027 -4807.458 -4798.7573 -4815.8555 -4852.3174 -4812.7549 -4810.1899 -4834.2993 -4832.4355 -4853.4648 -4873.0488 -4885.4478 -4830.5786 -4774.2471 -4840.314 -4849.0376 -4861.8003 -4895.4497 -4895.5054 -4883.3125 -4823.3916 -4736.4937 -4731.769 -4824.9673 -4896.5361 -4857.73 -4809.1519 -4728.3613 -4681.5669 -4814.1099 -4927.522 -4876.231 -4805.645 -4720.0903 -4721.8218 -4804.3501 -4780.2871 -4798.6606 -4787.2808 -4772.1714 -4872.8691 -4862.0498 -4852.0781 -4936.5273 -4952.2534 -4772.4204 -4690.5532 -4786.9502 -4821.3677 -4851.3843 -4819.4844 -4764.5049 -4816.75 -4866.8218 -4923.2676 -4878.1919
-4152.082 -4442.0947 -4866.3374 -4806.3721 -4804.9443 -4870.1382 -4806.6396 -4744.4551 -4779.2354 -4784.5586 -4791.0435 -4793.8047 -4838.0972 -4832.6836 -4832.8325 -4888.355 -4889.0259 -4861.9976 -4831.7998 -4795.1533 -4805.3179 -4833.3643 -4818.0107 -4863.5752 -4980.9805 -5007.9438 -4872.1533 -4780.5122 -4778.3481 -4816.7778 -4863.2158 -4864.5967 -4792.2622 -4748.0732 -4679.8447 -4677.7661 -4735.7012 -4647.8936 -4729.8257 -4781.5479 -4736.9238 -4828.5059 -4840.8696 -4857.2339 -4867.7969 -4838.2222 -4695.6074 -4698.4072 -4843.707 -4830.5835 -4780.189 -4812.4668 -4799.1069 -4804.4771 -4863.314 -4918.9834 -4819.7144
-4691.2334 -4801.2847 -4902.2153 -4837.501 -4795.5864 -4852.522 -4819.5864 -4752.6294 -4738.708 -4787.6299 -4792.3735 -4813.7725 -4874.8047 -4821.4004 -4741.2603 -4753.2344 -4786.8521 -4791.7456 -4796.5664 -4793.5439 -4833.4043 -4858.8335 -4893.2651 -4930.3169 -4978.6143 -4897.7173 -4800.0625 -4800.3984 -4827.8984 -4850.083 -4809.3311 -4712.9263 -4653.8452 -4651.1978 -4663.9766 -4663.9883 -4712.9365 -4662.5386 -4699.4902 -4760.312 -4738.771 -4772.478 -4823.5991 -4830.1094 -4793.1831 -4810.2305 -4845.0264 -4787.186 -4859.0347 -4814.1426 -4719.2813 -4847.9893 -4902.1084 -4833.1978 -4835.7407 -4944.5444 -4832.8145
-4937.27 -4939.5908 -4930.7554 -4896.1299 -4838.9307 -4869.1616 -4906.4692 -4840.1147 -4825.7451 -4850.1304 -4772.7749 -4690.4399 -4735.0459 -4614.0674 -4458.9551 -4739.6704 -4768.377 -4753.6255 -4774.5313 -4778.6772 -4734.9551 -4733.6133 -4856.5176 -4952.5625 -4929.3848 -4713.1567 -4682.8813 -4796.063 -4818.6499 -4830.5981 -4864.084 -4861.7441 -4743.7471 -4658.5112 -4716.4209 -4732.4058 -4790.938 -4765.3594 -4746.0923 -4776.4907 -4735.7852 -4779.8242 -4800.9849 -4750.7715 -4744.0107 -4787.0757 -4848.5591 -4854.2598 -4817.8081 -4736.98 -4734.5645 -4832.0532 -4872.3779 -4791.2334 -4736.3818 -4713.8345 -4718.0854
-4782.8818 -4941.4858 -5020.1685 -5015.2964 -4969.3516 -4946.7222 -5009.9858 -4951.583 -4860.874 -4788.4644 -4696.4956 -4678.1611 -4750.5474 -4733.2241 -4761.6582 -4870.665 -4814.3438 -4695.3193 -4735.3276 -4771.4536 -4734.5811 -4736.8716 -4767.2065 -4808.8481 -4853.9263 -4761.6021 -4725.1489 -4737.4302 -4742.5981 -4757.2949 -4806.3989 -4857.9556 -4731.6543 -4664.0728 -4679.6348 -4688.3208 -4701.2017 -4692.9204 -4790.9888 -4800.6558 -4737.353 -4766.8354 -4783.6216 -4802.5918 -4783.1958 -4774.1763 -4730.438 -4756.6235 -4796.8384 -4712.9238 -4719.25 -4791.2632 -4778.856 -4780.6064 -4720.6846 -4610.5171 -4634.355
-5106.0049 -5114.123 -5097.5874 -5118.1055 -5112.2534 -4935.2676 -4899.0718 -4916.7397 -4832.2178 -4828.623 -4850.0996 -4876.9697 -4906.082 -4827.7075 -4749.5239 -4833.6509 -4880.9805 -4772.916 -4680.8481 -4701.9966 -4816.2344 -4846.605 -4779.8574 -4769.3369 -4768.8574 -4705.0718 -4688.418 -4691.7686 -4698.6772 -4714.8066 -4680.1221 -4678.2764 -4632.6968 -4626.084 -4646.4023 -4716.1587 -4653.4609 -4631.8003 -4744.8193 -4822.8032 -4877.6362 -4827.7612 -4738.5688 -4802.2534 -4798.9565 -4750.8569 -4758.0029 -4763.043 -4782.6279 -4686.6299 -4666.4556 -4713.3403 -4685.3271 -4740.0684 -4737.4395 -4682.2729 -4665.0977
-5249.9741 -5232.1479 -4822.0068 -4487.4468 -4991.6738 -4381.9131 -4449.5112 -5024.3706 -4953.7881 -4840.3784 -4941.1973 -4941.189 -4964.6606 -4991.1138 -5010.3633 -4978.8882 -4963.0483 -4913.5396 -4780.5493 -4761.6313 -4831.3647 -4785.6978 -4731.7017 -4722.7378 -4684.5132 -4639.6514 -4631.042 -4580.4858 -4583.4053 -4615.3774 -4602.3491 -4605.021 -4598.5332 -4629.6025 -4676.688 -4778.8589 -4773.7788 -4746.502 -4809.106 -4901.7075 -4985.085 -4908.5337 -4742.4395 -4732.7236 -4772.4932 -4758.0991 -4753.2134 -4786.2002 -4824.7183 -4726.4136 -4621.4741 -4586.7075 -4681.3091 -4762.749 -4756.0337 -4751.1074 -4715.2637
-5194.3242 -5125.7979 -4902.4966 -4905.7065 -5167.4429 -4946.9854 -4855.0259 -5151.1631 -5041.0728 -4873.6831 -4935.0762 -4950.1729 -5040.7925 -5148.5127 -5147.2886 -5048.0156 -5000.2949 -4989.4951 -4936.5127 -4856.3003 -4782.1099 -4722.6206 -4697.3843 -4675.9834 -4703.7642 -4732.4683 -4663.292 -4551.0332 -4517.1108 -4556.1528 -4598.1553 -4624.7891 -4629.3862 -4664.2324 -4675.646 -4685.2334 -4753.959 -4813.1348 -4936.7969 -4997.0527 -4927.5605 -4808.3955 -4753.1836 -4758.4985 -4725.0977 -4624.0332 -4596.749 -4677.3564 -4762.7759 -4716.4785 -4651.1255 -4636.186 -4691.1089 -4735.8594 -4709.3965 -4721.2012 -4717.5815
-5060.9614 -5001.9102 -5012.9976 -5191.709 -5250.7227 -5224.3198 -5165.3833 -5170.5127 -5104.8037 -5008.4868 -4966.2646 -4912.125 -5018.8657 -5125.7397 -5079.8545 -5050.2827 -5021.1235 -4976.5347 -4900.7598 -4798.853 -4750.355 -4752.8687 -4691.0811 -4684.6694 -4808.7246 -4801.6646 -4652.2617 -4581.6357 -4584.0239 -4608.7734 -4650.3682 -4686.354 -4640.7368 -4605.7402 -4601.7769 -4693.8354 -4809.4243 -4804.8276 -4825.7075 -4867.8906 -4848.3276 -4850.0913 -4793.7334 -4760.0342 -4669.25 -4535.2109 -4626.5728 -4680.769 -4695.5449 -4664.1118 -4674.6943 -4723.3687 -4713.0112 -4711.2856 -4710.0928 -4764.0576 -4781.855
-4964.5107 -4997.6152 -5020.4746 -5168.8623 -5099.8984 -5139.1606 -5124.5 -5067.1504 -5047.1216 -5003.7305 -4974.7456 -4870.2173 -4914.3755 -5055.0786 -5045.4912 -4991.917 -4923.124 -4897.9932 -4858.167 -4786.4756 -4814.3301 -4836.8545 -4687.8101 -4628.6558 -4728.1265 -4745.0049 -4686.9736 -4724.1953 -4731.6597 -4644.1577 -4671.4189 -4780.3047 -4760.3472 -4642.8442 -4638.4287 -4878.5225 -4986.9595 -4890.5195 -4828.7856 -4822.2627 -4785.2832 -4846.5039 -4792.4795 -4708.4775 -4600.8262 -4470.6665 -4593.8994 -4707.3569 -4778.0796 -4725.5752 -4733.7456 -4751.2529 -4730.4526 -4726.5918 -4693.1152 -4643.4663 -4674.4688
-4912.0425 -4975.9858 -4931.9058 -5023.2871 -4952.6582 -5028.9077 -5035.8037 -5077.1138 -5102.5635 -5029.4648 -5008.1294 -5009.8105 -4995.042 -5018.7246 -5014.3643 -4931.604 -4962.4966 -5003.7168 -4933.6104 -4852.5664 -4866.937 -4863.3843 -4783.5122 -4693.6123 -4667.0918 -4725.2432 -4762.8511 -4716.9536 -4658.8726 -4683.8711 -4735.7407 -4792.0249 -4786.0239 -4663.1953 -4660.7759 -4857.4741 -4909.5103 -4849.4663 -4801.4272 -4732.5981 -4664.9531 -4723.9453 -4716.6763 -4677.2407 -4663.0122 -4595.3159 -4629.3452 -4707.501 -4755.084 -4768.3135 -4802.1401 -4802.8154 -4808.3975 -4790.2368 -4737.123 -4644.4121 -4718.0728
-4925.5015 -5015.0596 -4978.5195 -4908.4707 -4868.9438 -4920.9111 -4935.4741 -5025.2637 -5038.2007 -5000.8496 -4968.4751 -4972.2544 -4994.3467 -4978.7471 -4908.3789 -4881.271 -4937.9028 -4948.2944 -4898.9946 -4855.7813 -4872.6333 -4844.5317 -4814.6631 -4781.6821 -4697.4707 -4688.9116 -4682.1699 -4616.1357 -4597.1592 -4642.9814 -4651.6284 -4600.4653 -4536.7173 -4561.1152 -4720.9458 -4943.9751 -5000.8755 -4922.0776 -4800.0698 -4634.4155 -4613.5908 -4666.5288 -4675.7578 -4691.583 -4751.8115 -4738.9243 -4667.0952 -4694.5 -4791.4097 -4821.1289 -4855.8926 -4917 -4919.7925 -4865.2334 -4773.7949 -4726.8062 -4793.0508
-5053.6411 -5043.6826 -5008.2046 -5009.2622 -4976.9053 -4906.688 -4926.4102 -4940.5015 -4989.4092 -5008.9751 -4987.6636 -4982.623 -5019.9956 -5022.6523 -4917.4258 -4850.6035 -4799.1899 -4766.0654 -4815.9453 -4829.3291 -4842.4121 -4801.3438 -4803.5459 -4861.7925 -4839.3955 -4775.605 -4745.1743 -4752.5708 -4753.5054 -4728.7573 -4770.3403 -4783.0015 -4722.0073 -4845.5938 -4944.144 -4940.5117 -4923.04 -4858.8242 -4821.1064 -4688.2813 -4643.2969 -4662.999 -4680.0605 -4740.6997 -4889.2158 -4903.8618 -4767.1724 -4706.6021 -4776.8047 -4818.8384 -4866.8945 -4815.5396 -4788.8193 -4783.9829 -4743.5972 -4782.1045 -4860.5474
-5086.7813 -4994.7632 -4979.5669 -4986.5112 -4875.3066 -4923.0088 -4934.3008 -4849.3711 -4902.8394 -4960.5469 -4960.2061 -4971.437 -4966.9604 -4914.1094 -4835.6606 -4795.4902 -4771.6499 -4783.7109 -4773.1567 -4773.5063 -4815.6548 -4839.4556 -4833.48 -4874.8311 -4905.1025 -4891.2241 -4858.936 -4734.3345 -4621.7881 -4643.2593 -4774.8184 -4834.4956 -4824.7803 -4898.7847 -4859.6533 -4770.0654 -4759.3345 -4730.7656 -4750.416 -4691.6045 -4632.5093 -4672.5244 -4702.2949 -4697.0903 -4843.2012 -4912.6182 -4856.4966 -4730.9307 -4696.3926 -4772.1226 -4876.2417 -4708.1387 -4659.2007 -4688.4707 -4821.6616 -4804.9771 -4809.4951
-5044.8867 -4977.1528 -5046.3423 -4992.7627 -4799.1992 -4925.4448 -4966.9326 -4883.0698 -4899.6899 -4929.187 -4919.8848 -4897.5049 -4896.894 -4875.1465 -4782.856 -4748.0708 -4752.1948 -4774.5532 -4798.4517 -4800.6001 -4844.2202 -4909.751 -4868.9258 -4838.6436 -4867.0557 -4888.6499 -4865.6147 -4724.0317 -4601.5825 -4592.0801 -4632.3979 -4607.8257 -4652.1792 -4727.3589 -4694.7261 -4688.9692 -4709.6118 -4677.9819 -4677.6309 -4653.0186 -4565.1265 -4592.5308 -4671.6387 -4599.3906 -4624.8911 -4727.1367 -4726.8301 -4624.2646 -4581.5244 -4663.7222 -4830.981 -4693.0845 -4636.0781 -4660.6982 -4771.8682 -4772.1167 -4781.0908
-5088.4434 -5019.4116 -5046.9072 -5004.4648 -4865.4717 -4914.1714 -4976.8687 -4922.314 -4920.3892 -4958.9771 -4938.9619 -4881.2471 -4951.5996 -4969.6265 -4819.7178 -4799.0659 -4812.7466 -4796.3379 -4829.1807 -4875.5254 -4866.6836 -4863.4453 -4869.7065 -4850.3281 -4838.1597 -4902.6118 -4905.4028 -4821.4712 -4749.4263 -4672.4609 -4622.1265 -4567.3228 -4607.9526 -4645.1348 -4602.7197 -4606.4634 -4638.4937 -4625.4292 -4610.4478 -4589.9897 -4512.0122 -4533.0454 -4630.2515 -4585.665 -4631.1279 -4766.4131 -4746.4644 -4645.1982 -4587.2197 -4637.291 -4758.8696 -4671.5698 -4605.7095 -4602.8564 -4687.7192 -4745.4551 -4789.3237
-5099.5054 -5062.5698 -5011.3853 -5010.4312 -5001.6084 -5014.998 -5018.8164 -4908.5098 -4879.853 -4951.4258 -4983.561 -4943.2676 -4937.4033 -4955.7061 -4931.0068 -4951.8032 -4977.9795 -4932.1924 -4892.0273 -4934.2061 -4947.8125 -4880.4526 -4833.9712 -4830.5195 -4843.9043 -4881.7339 -4845.2441 -4803.9419 -4801.3467 -4740.3188 -4688.5166 -4633.041 -4562.9741 -4567.0303 -4594.939 -4580.209 -4588.4756 -4610.583 -4615.5332 -4542.6455 -4516.8901 -4578.1997 -4692.4683 -4684.4741 -4707.9854 -4764.2275 -4743.9155 -4673.3721 -4639.2515 -4649.9165 -4683.0229 -4674.8013 -4625.1006 -4650.5625 -4675.8452 -4744.2764 -4771.1499
-4997.688 -5039.7778 -5003.5688 -5006.8794 -5044.2554 -5088.8384 -5032.7046 -4886.9287 -4881.1978 -4893.1631 -4941.7056 -4925.8369 -4938.1577 -4990.9253 -4970.5112 -4923.6865 -4986.0283 -4988.1089 -4936.2861 -4920.5288 -4890.0923 -4874.522 -4864.561 -4841.3628 -4875.3901 -4907.5923 -4884.3623 -4844.0835 -4803.8984 -4734.6655 -4711.5293 -4683.4409 -4564.4927 -4565.5518 -4658.4702 -4676.5991 -4655.3848 -4658.2168 -4667.5581 -4608.2622 -4630.8262 -4665.3384 -4719.8862 -4772.4902 -4762.668 -4772.793 -4755.5825 -4676.9697 -4636.1094 -4627.3804 -4692.5259 -4707.1309 -4640.3877 -4669.3838 -4697.3062 -4744.3867 -4762.3745
-4987.0801 -5050.252 -4978.8198 -4940.5757 -5005.6802 -5131.6118 -5064.0762 -4977.3057 -4980.1963 -4925.5645 -4960.4448 -4946.3916 -4975.6396 -4997.0264 -4886.5498 -4856.252 -4939.7891 -4919.1343 -4854.9043 -4820.2617 -4775.1533 -4802.084 -4863.7446 -4850.3062 -4850.9116 -4862.979 -4839.6313 -4796.7012 -4752.5356 -4713.6128 -4685.5972 -4653.2515 -4599.7935 -4611.6729 -4665.1816 -4712.8325 -4710.6768 -4683.29 -4709.9141 -4702.2993 -4744.7373 -4829.7339 -4751.6265 -4800.27 -4765.5879 -4758.3945 -4774.6582 -4741.501 -4679.1558 -4577.1064 -4665.4707 -4748.3271 -4669.6577 -4661.9663 -4677.7646 -4736.7583 -4794.9736
