Resources/Map/Lvl0_30x30/Ele_DA.asc
ncols         335
nrows         335
xllcorner     -20045000
yllcorner     -3375000
cellsize      10000
nodata_value  -99999.0
[rows 150 to 174 of 335, columns 0 to 56 of 335]
-99999.0 -1619.5404 -2031.4749 -2142.0945 -2072.0515 -1980.8384 -1917.3933 -1911.6207 -1986.1064 -2061.6089 -2034.5439 -2021.3441 -1978.0737 -1821.0339 -1879.3787 -2146.333 -2306.7402 -2365.6934 -2347.8994 -2109.3472 -2195.0427 -2390.9919 -2372.6426 -2244.1487 -2245.7429 -2195.7615 -1917.188 -1461.9347 -1551.5833 -1700.7345 -1739.8977 -2220.3555 -2043.8027 -1664.1831 -1602.3761 -2232.0696 -2274.3159 -1855.3247 -1867.0482 -2525.791 -2938.314 -3159.1912 -3618.1326 -4078.1045 -4233.459 -4436.1851 -4742.7036 -4718.5181 -4376.2837 -4047.0149 -4032.9302 -4302.4429 -4505.9619 -4552.248 -4445.8018 -4350.0488 -4449.8872
-99999.0 -2298.2666 -2248.345 -2166.2542 -1996.849 -1686.5714 -1634.9303 -1875.8632 -2127.3164 -2261.272 -2184.0669 -2111.1443 -2105.4631 -1902.3639 -1810.1108 -2086.8792 -2275.1028 -2261.8179 -2099.7917 -1950.5557 -2178.4355 -2286.3542 -2200.2053 -2067.6794 -2148.1802 -2127.8179 -1980.5632 -1752.1055 -1875.0021 -1780.915 -1354.028 -1692.9604 -2157.2263 -2171.8054 -2255.1667 -2507.3137 -2573.1008 -2328.4607 -2042.6096 -2171.7485 -2325.3403 -2496.9993 -3196.0032 -4047.5801 -4395.5679 -4603.7134 -4935.3335 -4991.2295 -4555.9912 -3989.0759 -4029.0823 -4433.5352 -4534.7046 -4455.2183 -4365.1245 -4321.5249 -4308.2905
-99999.0 -2400.2273 -2317.3479 -2213.1318 -2070.1533 -1916.1416 -1968.7113 -2170.7217 -2306.0415 -2315.3269 -2215.6042 -2169.1814 -2102.8074 -1729.0328 -1688.0751 -1976.6362 -1980.0116 -1889.1497 -1831.7836 -1669.4082 -1753.0525 -1840.2906 -2073.9602 -2089.0466 -2119.8621 -2232.2117 -2119.7876 -1976.9996 -2119.6394 -2121.2695 -1871.4323 -1909.7661 -2182.3884 -2275.0022 -2420.5266 -2542.1245 -2548.9883 -2496.2771 -2275.5063 -1939.0684 -1707.4326 -1837.1652 -2555.4954 -3610.7578 -4183.7344 -4501.5244 -4937.6143 -5228.1069 -5025.8936 -4367.6577 -4170.8193 -4419.0645 -4461.9502 -4422.6753 -4341.5034 -4290.811 -4201.3896
-99999.0 -2307.9304 -2353.771 -2329.3398 -2179.1313 -2141.2712 -2213.3003 -2232.6931 -2291.0469 -2266.3694 -2238.2307 -2372.7273 -2102.886 -1866.1725 -2074.4456 -2052.2422 -1810.1274 -1689.9224 -1734.7003 -1573.637 -1394.25 -1514.4745 -1588.3118 -1683.1267 -1926.2389 -2171.959 -2203.1169 -2023.9119 -2047.6841 -2082.0845 -2021.99 -1998.3428 -2108.3154 -2140.1597 -2225.8379 -2232.4829 -2211.6401 -2268.9351 -2358.6863 -1932.8014 -1408.8192 -1392.7206 -1897.1666 -2897.106 -3641.6528 -4103.8081 -4766.4253 -5397.6885 -5418.2983 -4896.3389 -4517.8394 -4479.8081 -4406.9043 -4391.7832 -4347.4976 -4314.313 -4188.6758
-99999.0 -2282.6829 -2351.698 -2314.7366 -2181.0349 -2157.1309 -2189.8154 -2222.6995 -2225.0068 -2065.5249 -2164.5903 -2335.3499 -2085.1147 -2174.0173 -2357.8508 -2130.1943 -1744.5062 -1608.157 -1704.1747 -1579.1057 -1271.645 -1458.844 -1622.0806 -1775.8831 -1810.1617 -1791.1328 -1924.4255 -1883.3773 -1964.0054 -2005.4849 -1996.2926 -2014.8738 -2033.4833 -2092.7058 -2146.2078 -2038.9005 -1985.9513 -1938.2585 -2210.1025 -2117.8965 -1860.7207 -1716.5251 -1785.9849 -2242.731 -2735.1851 -3202.6353 -4096.1934 -5188.5503 -5526.1572 -5299.8726 -4996.8477 -4761.2583 -4559.6294 -4427.3008 -4300.0786 -4208.2568 -4181.3418
-99999.0 -2345.7847 -2356.6919 -2265.1277 -2245.1279 -2363.3252 -2354.3528 -2340.343 -2261.3394 -2117.4099 -2291.6926 -2390.0139 -2166.0378 -2231.594 -2349.4812 -2228.7117 -2120.8918 -2143.7 -2273.5938 -1998.6692 -1317.0273 -1244.5215 -1698.7343 -1895.5597 -1802.7513 -1747.7009 -1703.1101 -1545.1199 -1903.5629 -2033.0439 -2026.2142 -1921.7769 -1732.7227 -1966.7589 -2047.1298 -1992.6246 -2025.7645 -2001.8298 -2105.6841 -2114.1055 -2058.1282 -2095.8406 -2021.5079 -1909.6716 -2285.3933 -3077.208 -3758.9536 -4288.8896 -4572.7451 -4723.3696 -4911.0962 -4877.3994 -4697.9927 -4594.6396 -4515.4097 -4416.6313 -4297.8276
-99999.0 -2397.7273 -2458.9221 -2365.4858 -2308.73 -2492.2876 -2546.0779 -2417.9583 -2334.9456 -2368.5686 -2483.3022 -2455.4326 -2205.177 -2155.7502 -2279.405 -2287.2849 -2364.8469 -2457.4329 -2437.0212 -1932.0668 -718.5997 339 -815.8846 -1642.8521 -2166.8662 -2034.2983 -1592.5885 -1126.4231 -1371.049 -1667.1241 -1756.2506 -1350.8503 -1342.2533 -1881.1285 -1944.5814 -1879.3125 -1911.4966 -1978.1576 -2029.5227 -2010.1819 -2065.1787 -2168.0706 -2191.4512 -1855.9391 -1892.9146 -2334.6743 -2629.8491 -3034.7158 -3255.5405 -3585.0779 -4288.9697 -4754.2778 -4881.9844 -4897.3633 -4771.0684 -4597.561 -4424.7837
-99999.0 -2503.4536 -2609.2654 -2483.0239 -2255.4829 -2385.873 -2605.3682 -2432.6172 -2325.4509 -2382.3831 -2424.2825 -2413.7673 -2173.5369 -2091.1279 -2217.3176 -2238.8474 -2267.0198 -2212.1335 -1693.0156 -1632.8022 -1310.4786 -736.7612 -295.9503 -634.5578 -1635.686 -1985.9377 -1774.4576 -1413.3585 -1318.7177 -1470.1182 -1490.3594 -883.4483 -1310.7603 -1843.4178 -1931.3237 -1875.8514 -1835.2885 -1866.6919 -1959.4498 -2010.8783 -2090.2947 -2151.7332 -2128.9397 -1387.0043 -478.4474 -533.3157 -1179.7209 -1970.7161 -2273.8882 -2589.9417 -3394.802 -4272.0981 -4886.5459 -5141.1191 -5122.0698 -4923.5762 -4755.7368
-99999.0 -2567.2881 -2662.0547 -2574.8506 -2424.1797 -2469.1826 -2625.0215 -2413.1248 -2224.3486 -2288.6238 -2355.0725 -2395.5491 -2224.1311 -2114.2546 -2173.5911 -2221.686 -2248.2341 -2281.0029 -2208.6604 -2146.155 -2235.2114 -2265.822 -1684.1442 -1540.6777 -1692.519 -2053.0029 -1990.519 -1645.0558 -1586.6589 -1262.8678 -1471.3763 -1072.8053 -1192.6588 -1784.1017 -1900.1622 -1875.0166 -1926.2935 -1889.83 -1896.7037 -1913.5868 -1979.2467 -2010.3992 -1927.2516 -1393.5867 -519.9327 -321.7618 -880.0573 -1172.6619 -835.0529 -1038.8676 -2329.2498 -3766.6514 -4535.8208 -4779.0884 -4727.2744 -4423.0864 -3899.5935
-99999.0 -2517.0737 -2560.031 -2565.0156 -2560.5271 -2558.6467 -2607.7368 -2468.4351 -2270.9158 -2353.613 -2439.3364 -2396.4033 -2179.5557 -2092.5977 -2208.8455 -2289.7366 -2335.8289 -2370.6484 -2325.8564 -2231.1396 -2182.8577 -2165.2805 -2253.6423 -2248.2842 -2370.9792 -2401.3394 -2134.1616 -1797.8735 -1772.5413 -1246.9612 -1508.8099 -1622.8766 -1267.3402 -1587.6494 -1805.01 -1945.7366 -1983.3909 -1833.3947 -1782.0377 -1791.4685 -1874.5188 -1778.9968 -1666.1797 -1569.4258 -1140.2262 -743.3777 -1056.8517 -1305.8574 -729.9614 -801.6136 -2223.0603 -3395.2153 -3479.9485 -3382.2556 -3292.9343 -2935.3235 -2343.6636
-99999.0 -2383.644 -2427.0493 -2469.7751 -2545.9312 -2565.0042 -2471.2988 -2386.7576 -2303.0063 -2359.7402 -2431.2166 -2298.0046 -2028.3687 -2076.1343 -2262.5535 -2261.0505 -2228.9026 -2292.0471 -2309.5522 -2221.4077 -2145.9956 -2044.8909 -1974.9808 -1806.6036 -1978.4369 -2092.1179 -2008.1378 -1645.1237 -1539.598 -1548.2869 -1510.5621 -1583.446 -1297.113 -1469.1381 -1712.5105 -1791.1472 -1631.2252 -1459.6631 -1623.8169 -1786.8585 -1858.4768 -1811.1895 -1732.6322 -1627.2588 -1547.428 -1566.3566 -1739.8134 -1857.2076 -1698.1378 -2084.5962 -2970.8906 -3063.8364 -2565.979 -2363.8696 -2236.3928 -1958.7312 -1616.1099
-99999.0 -2364.5344 -2362.1169 -2359.9351 -2489.229 -2582.6145 -2502.3105 -2408.5208 -2335.2832 -2313.6147 -2326.5259 -2175.905 -2056.1028 -2243.6738 -2342.7664 -2290.3706 -2207.9097 -2198.8108 -2253.1394 -2188.3474 -2036.4333 -1837.0284 -1697.5293 -1425.6096 -1391.4769 -1805.0912 -1843.7524 -1403.7966 -1154.3976 -1320.8792 -1528.3889 -1575.7848 -1402.4146 -1500.3024 -1610.4047 -1619.9177 -1489.3877 -1439.0959 -1687.074 -1859.8516 -1832.0314 -1859.7023 -1846.4609 -1757.9464 -1829.8776 -1879.6113 -1823.9564 -1754.1564 -1919.0594 -2294.5105 -2761.0059 -2837.8801 -2435.5754 -2101.2163 -1939.6256 -1904.1116 -1947.0465
-99999.0 -2400.4434 -2372.0061 -2322.3276 -2429.3191 -2542.0144 -2559.5505 -2526.4387 -2473.3159 -2374.6538 -2270.2581 -2122.2026 -2172.1211 -2408.5027 -2442.6426 -2361.2786 -2349.4028 -2324.7144 -2310.7722 -2195.8882 -2044.6165 -1886.7915 -1637.5969 -1226.4789 -1258.4033 -1612.7869 -1758.9301 -1567.3777 -1285.8557 -1262.8242 -1453.5126 -1513.9659 -1438.7209 -1454.8379 -1538.3413 -1616.2004 -1594.3669 -1575.4347 -1712.3268 -1797.9648 -1830.8334 -1896.2781 -1888.5043 -1917.1138 -2021.7208 -1972.793 -1811.6787 -1731.4491 -1798.2732 -1782.3309 -1790.7444 -1972.3818 -1959.2047 -1926.6908 -2070.0864 -2226.6116 -2244.0298
-99999.0 -2480.1455 -2370.4126 -2264.5327 -2355.1165 -2385.2971 -2445.645 -2470.5535 -2428.6213 -2356.9863 -2272.0276 -2170.4521 -2210.7695 -2353.5583 -2430.6033 -2379.8774 -2375.5603 -2342.188 -2274.6113 -2146.6003 -2028.4678 -1873.8718 -1603.7874 -1199.4065 -1181.6084 -1466.1487 -1617.8657 -1555.6611 -1452.3406 -1552.6897 -1345.8668 -1207.3926 -1369.1953 -1555.7798 -1591.4943 -1619.4578 -1611.1725 -1623.2682 -1807.9531 -1877.942 -2018.2473 -2001.7543 -1917.2137 -2003.2153 -2109.2917 -2067.2893 -1915.6808 -1839.0492 -1772.6401 -1733.4087 -1723.8372 -1702.9132 -1661.2615 -1734.1563 -1977.6683 -2204.9661 -2292.5674
-99999.0 -2626.8401 -2476.7603 -2291.1675 -2380.3091 -2430.6665 -2472.7959 -2391.3989 -2288.4846 -2300.1846 -2243.6772 -2109.7161 -2157.9663 -2323.7764 -2407.9875 -2341.8813 -2322.584 -2333.0469 -2329.9495 -2197.7603 -2003.2196 -1838.5835 -1625.576 -1323.1793 -1162.6442 -1428.4175 -1522.3988 -1449.8805 -1352.8866 -1628.9647 -1385.182 -1066.7526 -1433.6267 -1791.2114 -1747.0198 -1693.3323 -1573.807 -1497.701 -1798.3411 -1867.1864 -1922.6399 -1852.178 -1897.277 -1994.6853 -2032.3254 -1974.2679 -1873.3507 -1828.2499 -1729.6464 -1545.8568 -1559.682 -1510.2201 -1520.7739 -1672.7328 -1865.8571 -2046.6333 -2036.7548
-99999.0 -2569.2351 -2511.396 -2427.9656 -2637.6746 -2795.9063 -2689.5996 -2429.9822 -2343.2051 -2453.5129 -2368.0093 -2159.2432 -2267.8157 -2416.063 -2345.9968 -2267.8313 -2228.2783 -2300.2434 -2252.6743 -2046.8397 -1892.222 -1749.3754 -1643.8815 -1341.4194 -1125.5359 -1423.6545 -1503.0488 -1486.9064 -1307.5613 -1568.0255 -1509.9015 -1280.9716 -1614.8148 -1920.17 -1890.1196 -1783.1952 -1580.8831 -1265.1472 -1132.7737 -1438.2787 -1739.405 -1785.09 -1896.4264 -2009.5114 -1937.6499 -1810.5164 -1798.5364 -1781.6121 -1659.0533 -1492.8757 -1590.2107 -1709.7717 -1812.7086 -1932.4792 -2020.7661 -2002.7494 -1914.717
-99999.0 -2550.0281 -2594.354 -2546.4272 -2696.2642 -2843.0002 -2649.3276 -2435.5605 -2621.6758 -2789.8811 -2567.1387 -2409.2617 -2436.3289 -2374.1992 -2285.8074 -2270.916 -2185.3262 -2159.7881 -2051.3582 -1897.1145 -1737.9087 -1653.8046 -1692.7762 -1416.2506 -1125.604 -1304.7251 -1382.8981 -1483.7234 -1588.9502 -1593.6407 -1581.8811 -1629.4199 -1660.4999 -1907.0876 -2034.9655 -2016.8458 -1848.0778 -1388.4198 -978.7571 -1514.7192 -1935.4318 -1946.3264 -1902.7909 -2044.4462 -1912.6509 -1811.9694 -1764.2847 -1715.8855 -1711.6171 -1779.8837 -1911.5016 -1963.6555 -1992.7118 -2101.4443 -2175.3779 -2000.7375 -1886.894
-99999.0 -2717.7329 -2670.3506 -2496.4436 -2488.3376 -2621.8147 -2534.2595 -2566.2539 -2987.3303 -2852.0859 -2373.2148 -2480.5103 -2660.8955 -2504.7175 -2360.9333 -2365.2683 -2226.7263 -2023.76 -1960.8845 -1913.0975 -1794.0846 -1817.2227 -1914.7477 -1730.1 -1413.3597 -1451.2504 -1456.3416 -1553.1573 -1832.067 -1351.5844 -1616.5143 -2059.863 -1724.0214 -1687.6556 -1954.785 -2108.592 -2112.1255 -2092.3147 -1966.7003 -1978.9019 -2068.4797 -1993.3181 -1844.2639 -1940.9706 -1934.0597 -1847.1974 -1747.4221 -1629.1846 -1644.6431 -1774.6107 -1881.7493 -1933.3459 -1864.3612 -1953.2362 -2154.0706 -2117.0383 -2057.2583
-99999.0 -2683.3186 -2687.4939 -2622.396 -2565.7056 -2580.6045 -2626.0759 -2869.7737 -3124.2468 -2617.2651 -2100.2729 -2307.5388 -2626.0615 -2650.697 -2513.3503 -2453.2375 -2192.2676 -2033.3717 -2130.0847 -2047.9524 -1866.9462 -1858.7463 -1875.5059 -1845.6354 -1751.205 -1847.9601 -1650.6404 -1604.8005 -1829.2775 -1250.7649 -1752.129 -2258.739 -1860.6012 -1544.3073 -1570.3082 -1811.4885 -2053.8992 -2361.3708 -2179.4468 -2009.5714 -2025.8695 -1862.5945 -1778.5056 -1984.8138 -2008.2533 -1827.7136 -1659.2441 -1458.4939 -1391.9739 -1595.873 -1796.9092 -1971.4783 -1904.4044 -1895.5176 -2059.6086 -2083.6238 -2097.1541
-99999.0 -2633.6812 -2717.4917 -2771.9109 -2738.0562 -2599.3667 -2616.6604 -2925.6738 -2936.5354 -2346.4087 -2069.5752 -2297.4683 -2427.5415 -2427.5701 -2482.3088 -2432.2361 -2159.5061 -2118.9512 -2233.9702 -2177.1934 -1971.8076 -1864.8976 -1850.5504 -1890.0302 -1921.5088 -2033.0903 -1983.7239 -1933.0029 -1957.5062 -1912.4803 -2245.9343 -2234.6353 -2022.8202 -1766.7052 -1624.9137 -1594.5902 -1998.4056 -2484.2598 -2141.4653 -1935.7091 -1925.7203 -1877.3834 -1984.0825 -2063.1851 -2022.1097 -1878.1117 -1762.4956 -1530.0043 -1186.0706 -1375.3929 -1768.4625 -2018.3611 -2062.9675 -2026.9611 -2027.3575 -2017.6241 -2035.3596
-99999.0 -2666.6929 -2804.679 -2897.5974 -2802.6914 -2546.3542 -2524.3274 -2821.5828 -2748.8672 -2288.7979 -2206.7646 -2417.0349 -2556.0425 -2384.4153 -2287.4353 -2271.3474 -2078.3723 -2015.5176 -1991.8687 -1981.2443 -2027.5164 -2047.9733 -2119.1599 -2066.8005 -2040.0162 -2016.8971 -2067.2847 -2016.1381 -1968.708 -2246.7507 -2473.9128 -2247.9097 -2221.7437 -2157.5466 -2015.3779 -1820.2817 -2139.0271 -2449.7229 -2063.0415 -1949.9407 -2044.897 -2104.0286 -2103.4946 -1981.6129 -1997.5874 -2013.947 -1968.786 -1670.8762 -1156.4697 -1160.0739 -1717.1234 -2005.6255 -2050.8445 -2049.1519 -2020.5137 -2021.2487 -2013.7399
-99999.0 -2148.019 -2541.3091 -2765.5608 -2609.2305 -2436.3518 -2552.3711 -2654.2483 -2528.4165 -2347.6489 -2365.4023 -2477.2729 -2610.3452 -2576.6365 -2439.7971 -2368.3943 -2189.9822 -2058.1797 -2039.0665 -2015.3446 -2155.2673 -2245.4978 -2244.49 -2148.3428 -2128.9194 -1978.5786 -1810.8083 -2035.451 -2100.8022 -2336.9634 -2508.2705 -2306.9092 -2289.1753 -2359.9487 -2171.0874 -2040.0693 -2262.1416 -2323.8638 -2087.7634 -2118.8413 -2233.2922 -2122.4524 -2058.7937 -2033.9276 -2080.1272 -2170.262 -2225.4734 -1961.3663 -1210.5817 -919.8981 -1628.7043 -2041.8719 -2087.4934 -2107.4543 -2085.8423 -2080.9326 -2098.0691
-99999.0 -855.5903 -1254.0907 -1566.9718 -1750.8698 -2154.6826 -2422.6191 -2271.761 -2179.071 -2341.1013 -2520.5481 -2552.5771 -2587.3633 -2621.4382 -2565.3472 -2491.7361 -2376.4412 -2328.4912 -2289.6243 -2079.5469 -2098.7166 -2256.6326 -2256.1819 -2221.0286 -2193.1448 -1989.5055 -1694.9564 -2158.0767 -2372.1831 -2463.5662 -2431.8994 -2212.4385 -2225.4905 -2363.1555 -2074.7734 -2127.6023 -2294.9468 -2144.2258 -2072.3135 -2096.6707 -2174.3657 -2139.6018 -2127.9709 -2140.8777 -2148.7126 -2182.2419 -2220.6443 -2124.124 -1694.4468 -1383.7998 -1746.6396 -2121.082 -2232.3975 -2195.2388 -2098.8669 -2097.8093 -2133.5579
-99999.0 -590.8417 -479.4374 -489.659 -848.9771 -1636.3417 -2042.9403 -1770.8937 -1552.1224 -1794.4784 -2318.0203 -2590.4399 -2659.9775 -2686.627 -2683.9343 -2628.7021 -2515.9138 -2617.24 -2570.7471 -2159.5452 -1935.6774 -1913.9154 -1934.7511 -2023.4282 -2156.8503 -2208.2334 -2145.0698 -2372.6328 -2403.3708 -2364.1602 -2301.1001 -2160.1187 -2210.8101 -2260.1394 -2167.0437 -2151.0378 -2029.8304 -1560.5454 -1889.233 -2055.2805 -2225.6628 -2260.1152 -2223.8186 -2220.7161 -2220.5864 -2209.7217 -2174.8611 -2166.7336 -2186.7595 -1984.475 -1856.8132 -2100.4651 -2233.5068 -2189.2668 -2106.7319 -2084.2231 -2084.541
-99999.0 -1482.1829 -1295.7638 -1127.4359 -1137.7142 -1338.8231 -1370.8906 -975.1224 -653.351 -836.7472 -1647.6597 -2410.2761 -2689.6682 -2720.8145 -2766.3384 -2797.4055 -2717.8381 -2670.4998 -2426.2834 -2105.6563 -2199.9302 -2061.9521 -1710.6776 -1564.1436 -1963.8042 -2419.7458 -2567.1792 -2488.8967 -2314.1589 -2204.6489 -2237.3247 -2265.1028 -2145.8713 -2108.9736 -2442.9082 -2351.3228 -1864.8248 -1197.7456 -1928.4094 -2255.4375 -2309.8496 -2246.9802 -2204.3108 -2260.6597 -2287.8728 -2254.5461 -2163.645 -2095.4919 -2165.8625 -2166.312 -2092.2319 -2166.6353 -2190.8008 -2129.54 -2094.8052 -2111.3218 -2106.3594
