Resources/Map/Lvl0_30x30/Ele_CG.asc
ncols         335
nrows         335
xllcorner     55000
yllcorner     -25000
cellsize      10000
nodata_value  -99999.0
[rows 56 to 83 of 335, columns 126 to 188 of 335]
874.5075 891.6976 858.2405 859.3544 847.7968 758.7725 801.0977 787.8972 798.8608 734.7546 746.9908 742.5389 698.6276 686.7691 676.9948 654.1579 643.7271 627.2107 627.0731 618.0966 600.8331 595.696 576.6322 563.089 552.7105 560.1384 556.452 561.5101 562.5868 492.0097 479.3384 491.7118 508.0237 520.0569 530.8129 554.0273 576.4605 609.69 614.8904 608.3245 662.6756 630.0295 559.2368 532.7829 564.8273 518.6152 472.9623 497.4958 524.989 542.4545 510.7579 471.6066 458.2688 445.8753 445.8265 446.4637 437.0607 430.8977 436.2231 432.3849 428.8213 429.7294 434.5243
897.3641 882.6944 814.988 860.7614 805.3816 787.0742 758.3696 735.8185 743.9645 754.6657 714.491 720.1644 700.3641 690.9896 668.276 662.9784 647.3621 636.1127 628.9229 617.5627 598.9191 593.9834 580.3184 566.6262 562.3008 564.3344 558.7318 555.7666 533.2372 481.2314 487.2291 497.7025 503.6234 532.9681 561.915 536.1352 560.6577 597.3957 606.1154 630.8395 641.7664 620.9492 555.6429 522.6665 505.7384 488.454 495.5243 508.0418 547.8133 536.795 508.9011 474.1715 462.9607 447.8219 449.4723 446.6915 444.6243 440.1505 446.7562 459.6468 430.133 436.1815 444.2154
880.8936 903.7189 858.5707 849.2678 834.0095 805.3341 827.8843 783.8208 768.4959 739.825 745.2104 709.1502 700.6193 692.6546 676.2565 671.3169 645.1617 639.275 629.809 614.4696 605.7266 592.7657 583.9851 574.9767 579.4022 576.1523 564.1469 551.5443 526.1455 496.1516 513.7427 507.0266 519.5717 551.9609 581.0036 576.256 569.8103 583.3677 605.4866 621.4908 646.9017 584.6191 535.5461 520.4027 512.5109 492.4112 521.757 546.2462 542.1575 524.4184 502.7253 472.3041 464.4119 460.6591 460.1647 454.8881 459.8004 459.4516 467.2206 468.7681 461.3109 449.8419 454.7494
903.6395 919.0524 863.4808 835.1516 832.2339 816.1354 799.933 789.7559 789.2377 741.6226 735.598 714.0402 694.0134 688.8712 674.4433 671.3813 649.7269 637.5533 626.9598 615.0432 603.5021 593.4749 588.237 592.1987 585.8304 582.6157 564.1049 550.0466 499.4203 495.4721 521.9595 504.0865 521.3608 537.235 565.2457 620.3713 680.6582 656.863 598.953 611.6083 595.2673 526.7444 517.0352 516.4545 512.3837 514.1204 556.6699 584.4592 584.1746 568.0881 533.5003 491.7757 478.2597 479.3484 479.3468 502.6162 487.0126 475.1199 473.5551 468.9274 463.9249 470.8333 456.7391
921.172 883.0818 908.4684 895.4246 841.2371 861.5521 826.6633 823.7488 785.4992 757.9368 741.2831 732.0852 701.6685 676.7556 680.8203 664.0009 647.5834 642.1492 628.023 620.8719 604.6284 596.5526 601.9921 597.7626 570.8333 570.4306 554.9601 525.1955 497.0537 504.6275 531.5809 526.2263 501.9417 504.3012 528.5096 581.9764 601.2421 577.1636 603.8421 591.8821 561.4237 526.6923 532.339 528.5962 519.4354 561.8223 623.1201 622.2406 606.9336 572.7473 529.3202 506.1384 494.2415 519.4954 512.2871 517.73 501.6789 496.3372 494.2673 478.4517 473.1516 465.7343 468.654
928.1448 927.8158 901.5213 852.4852 857.4965 849.2361 827.3991 819.8544 757.9061 738.5775 732.7972 718.0386 698.9166 693.256 683.4325 661.9824 652.2407 637.2932 624.6569 615.1473 623.451 611.2291 594.3014 604.8726 592.2262 577.3589 556.4785 513.8149 517.3817 516.8957 557.3197 528.1859 484.8161 496.6465 526.9716 546.0729 568.8177 563.5429 574.959 526.944 533.3721 554.8928 553.9578 555.5897 557.2505 634.9464 676.9234 648.9789 613.2426 565.9007 524.4393 516.195 506.769 534.551 530.7621 514.2067 507.1254 507.8459 494.2277 486.0579 482.6956 489.5463 489.7666
938.5854 915.5645 882.3809 883.6139 835.2349 839.3406 822.8431 775.8984 776.2429 753.7745 737.076 715.5015 713.2307 685.3539 678.645 660.668 650.2743 637.5331 638.6708 642.9777 629.5478 606.4127 606.8265 600.0663 585.3653 575.8547 538.9954 493.2444 500.9517 521.0271 520.0931 523.9502 489.865 509.92 513.5718 526.9008 526.0262 553.2714 516.618 519.9774 533.9011 553.3118 577.8837 601.3727 644.1027 692.5856 677.7344 647.0704 616.6039 553.6036 541.8653 525.8924 538.6689 545.4598 547.8021 525.5286 515.6369 506.1835 500.852 498.4648 497.7655 492.0648 489.3905
993.0835 930.9616 887.0954 876.1388 845.681 850.5949 813.3102 781.4451 773.7951 752.6136 734.13 722.5888 703.6713 683.189 673.7473 661.7861 657.9483 652.3425 641.9236 654.5644 633.7032 617.3474 595.9825 586.249 581.4858 553.7371 538.8643 516.2142 514.7767 517.1595 519.2384 489.0933 506.1918 518.6475 556.5397 540.5657 536.1769 511.8656 502.1139 519.2132 523.0686 573.8472 611.9075 688.0846 690.779 693.168 678.5631 635.0706 590.2993 560.8848 546.4033 539.3657 539.4586 552.7071 539.5677 531.1505 519.2195 516.5925 528.5327 500.0079 497.6867 510.6313 488.1345
970.942 929.1519 902.4005 880.7885 868.2651 849.3438 815.2298 799.722 779.6772 748.6452 734.741 723.8342 698.0612 683.077 666.7686 667.2721 677.9042 662.2985 658.109 633.8416 621.0875 596.8337 593.9418 597.7901 577.9146 557.4317 541.4521 515.4977 516.8325 523.9995 505.3353 510.4953 509.6951 544.7648 546.7473 551.5481 555.2623 505.2273 495.9563 538.055 571.2915 601.0328 617.1218 714.4784 718.4614 708.2049 676.5771 625.9124 588.0983 570.5775 550.7435 556.2808 550.4219 544.6216 541.2851 541.604 535.5806 537.4999 528.1914 524.407 507.8704 498.4247 490.9866
980.0677 942.4448 907.9708 892.6261 865.6474 842.8489 827.2723 802.762 773.6218 752.3444 736.7353 719.6104 702.3769 686.1648 679.8912 679.1951 681.6145 666.9039 632.6949 619.8318 605.9943 603.2759 590.3091 584.1487 577.3353 542.2286 523.7401 537.1259 543.0695 517.4294 536.3185 534.8381 529.1046 570.8158 553.8414 580.7676 510.1255 508.4188 550.6672 580.0427 635.7581 683.8766 606.4375 696.3881 738.1479 712.5104 678.8027 626.9123 599.7755 579.061 577.0702 569.7386 564.001 559.9437 551.8263 549.6938 539.1274 538.0392 542.0181 525.5066 526.1572 501.9814 496.4276
1002.9344 952.5052 913.2733 892.1313 879.1541 853.7889 823.4219 797.4952 780.8146 756.9443 738.4988 720.1238 696.447 700.7047 695.6016 682.9274 662.9063 656.9988 639.0818 623.7835 618.9701 599.8482 606.4338 585.622 565.8519 546.5215 538.6035 548.2255 547.5731 536.5667 535.2219 570.8379 552.5935 564.7896 568.4619 618.1269 527.2093 484.8653 611.9987 614.0867 655.114 641.0659 611.7783 611.1075 706.5675 708.9711 663.459 624.7018 600.4404 593.2835 594.5411 583.8503 578.7155 570.1516 566.7673 561.1921 555.3599 542.0993 526.7889 545.905 516.5087 509.0341 499.7731
1000.6046 963.629 929.6573 904.1132 884.0654 852.8839 826.8165 799.9033 775.3097 756.4128 734.0482 719.9759 701.3882 717.5486 704.4207 680.4299 675.8192 658.3798 643.7172 633.4741 628.5163 619.9639 608.1975 585.1679 552.2554 547.8223 559.2608 566.0389 541.2297 536.8307 560.7126 560.5963 605.6526 570.6804 597.837 538.1184 512.877 512.5836 636.7568 663.1473 650.7618 636.3618 621.5993 630.1475 624.0668 675.9578 665.0902 629.3322 619.0178 604.1711 604.5754 589.3262 595.9514 583.4919 571.1449 557.7501 563.497 558.448 545.9327 540.1245 520.1627 514.0646 506.072
1022.7432 990.9566 961.2337 919.1694 891.6208 850.8118 822.9959 801.2777 777.0522 756.1321 735.1484 717.5706 718.8505 703.0099 699.8662 680.4666 682.8934 662.2836 646.8867 633.6447 621.0475 629.775 584.1973 576.8117 581.5938 561.636 576.4205 567.6614 554.7513 547.2097 575.9919 577.5941 596.6197 600.2873 556.4241 508.029 527.5715 506.9684 615.2352 698.5364 680.4881 650.5354 626.7294 640.1918 644.2522 584.7043 658.107 644.174 634.9161 618.497 594.5735 615.8442 594.4974 609.7399 599.0452 591.3967 587.4921 588.0717 559.9696 541.817 525.2347 517.7439 520.8033
1060.3517 1012.198 972.2822 941.5391 905.7286 853.4859 819.4777 795.538 778.9393 757.7932 725.2881 741.6614 729.8431 718.8644 695.299 687.2704 678.3147 658.4673 651.7789 630.1586 615.5541 588.9207 595.0066 604.0505 592.2705 582.624 579.3372 572.6173 578.5803 585.4229 580.0751 628.5441 605.7834 564.2269 535.9575 544.406 585.3737 557.3193 718.3236 721.9568 690.7208 672.2994 649.5648 655.7509 645.6332 637.8938 658.6447 663.7488 641.021 631.8839 628.199 625.6418 602.0138 592.8304 606.74 602.8986 594.8051 565.5102 563.8058 531.3565 527.1283 522.7521 515.2225
768.9927 1018.5941 978.2781 941.0502 899.3339 855.751 820.7803 797.6196 775.0581 757.2352 758.7037 742.3147 733.7422 721.6458 710.2101 686.3943 674.5327 643.8646 670.9676 635.1284 600.577 598.0919 604.724 616.2377 612.0277 627.1504 599.3734 603.9426 634.9075 657.829 603.0182 626.0572 558.9456 537.5093 530.6061 558.6935 565.0557 636.2874 759.0657 751.7743 698.9778 672.5127 668.0237 648.1804 643.8715 627.6191 630.5154 634.0145 609.5659 635.4453 656.1262 649.111 619.8973 613.1706 600.0707 606.7968 590.6542 560.965 542.671 539.1815 532.2816 531.5746 521.1933
802.0417 776.3647 954.0776 938.921 893.5233 842.5684 813.964 797.3313 781.0696 772.9038 763.6035 737.1531 738.8024 718.582 700.9291 701.3328 660.0178 655.466 639.3923 625.405 618.1808 622.7933 630.9528 627.8232 627.4468 611.8314 661.5769 718.8035 697.2888 665.6134 618.5574 603.2491 551.1006 558.2042 578.5383 603.3528 606.0969 680.8661 781.2921 781.6188 730.1057 698.1024 677.455 663.2682 637.6957 634.3207 621.2296 607.8402 622.6611 663.0635 678.2739 649.0633 631.8635 625.845 602.7114 578.8911 562.2618 551.3474 549.3588 544.424 539.1959 535.1019 523.6353
832.2125 794.343 787.9396 881.2245 860.3953 836.9519 816.9112 807.8343 807.7645 775.6156 766.7126 740.6168 732.6507 727.2029 706.6013 681.5098 659.2708 655.6902 637.1271 640.0757 642.9495 649.3326 649.3638 659.3931 648.2256 615.4789 653.9679 719.7883 670.4835 596.4802 574.312 565.3013 555.1802 566.487 600.4437 628.9511 702.7461 798.2526 847.5651 851.8527 756.2015 724.2357 705.4907 684.2067 656.4398 649.4475 638.8546 628.7309 620.291 668.787 659.4047 624.5023 596.6051 582.7122 579.2938 573.3291 565.2468 560.4058 558.0815 557.0485 558.5143 572.2158 525.0888
813.2789 790.4899 779.3839 782.3255 882.6704 863.4398 839.0742 834.344 830.7711 783.0795 748.1069 757.2321 720.2687 705.0349 689.7344 677.7418 652.5668 666.013 653.5953 660.327 659.8147 676.7187 672.0851 715.0403 648.2382 740.1145 754.0984 648.986 615.8275 640.6344 582.3056 585.6486 576.6099 611.093 647.6224 693.5897 749.2427 843.0213 879.4778 919.2936 786.0743 754.09 724.7629 703.7732 674.801 664.3447 647.9152 625.1907 650.4546 644.0882 640.0826 625.1025 591.3365 591.5428 588.1299 584.0217 573.8229 568.1089 592.9743 596.835 561.5039 570.5315 545.066
848.069 852.8342 823.4766 850.0273 924.7236 872.4022 864.1272 835.6826 817.4892 793.7968 776.9331 758.0719 738.5545 718.9404 687.2275 668.2005 679.9973 677.6004 680.0502 683.7719 701.3978 685.7971 712.7977 726.9705 740.921 718.465 643.5504 640.9745 674.7353 573.7164 563.2321 579.958 579.5418 633.0847 703.5492 773.6606 856.36 918.3024 917.5456 892.8571 806.7076 758.3456 750.4792 716.2889 694.5485 671.048 663.8092 675.4404 669.1208 642.2969 633.1319 636.812 612.1751 625.4485 599.7804 590.9714 584.0294 607.5579 628.5452 599.7471 577.7839 591.7758 569.4014
859.0723 842.6128 818.3178 785.4158 862.4458 869.667 847.7336 823.5461 802.3306 776.163 775.8676 753.2916 723.1365 703.7399 712.0692 692.2595 710.2944 714.754 714.03 718.2076 728.1774 740.6411 725.2181 734.978 708.3221 674.8754 663.3231 669.175 667.7646 586.2316 549.5873 541.863 594.687 652.3835 707.2133 786.4427 843.9576 917.8062 956.5427 942.7676 827.9865 784.0961 766.2153 737.8075 708.0768 691.794 682.8914 666.5554 658.6354 655.3992 665.8013 636.5433 621.9449 615.1014 605.6756 595.9992 590.2663 619.233 649.3238 620.8386 611.0304 607.2004 578.2808
901.1587 856.5669 807.0649 804.4774 942.1559 893.7945 889.3514 858.6115 821.2707 794.5034 798.5073 766.4229 749.7455 732.6771 729.2155 716.0011 736.8141 747.9654 743.1191 770.578 795.8317 750.4726 746.1163 722.2603 694.7516 720.7351 718.4303 683.5384 717.9141 600.1843 572.7509 574.1018 611.3085 642.3732 716.541 796.3729 931.9734 958.8375 988.0804 1014.4974 860.7663 816.3369 790.9281 774.8829 752.5681 750.2422 713.1504 705.7285 679.884 686.1583 682.1436 638.2357 632.7789 616.6424 606.4688 602.1446 642.1505 640.0492 668.5892 662.3631 625.0836 609.6074 595.339
945.1574 865.0186 817.3106 916.9981 976.2958 925.1335 898.3103 875.0456 840.9902 851.4474 819.7907 782.407 778.5455 768.2725 776.011 737.3188 786.5502 792.2844 806.8269 818.5684 794.9742 760.8353 751.84 723.9642 693.91 699.3444 706.2809 728.3438 698.4499 630.1353 582.7285 578.9476 614.2401 648.311 715.4231 765.4362 892.2232 1054.1017 965.5353 1027.1011 944.6851 842.6459 831.5322 792.313 784.1516 759.9497 728.0592 705.9979 691.93 674.7971 676.214 666.4747 651.3136 630.1138 621.4228 628.1509 665.0134 644.4722 667.269 663.7492 638.4224 644.2888 615.1718
984.9615 862.7904 835.1748 836.0409 987.3641 941.923 915.8431 908.0273 883.1882 873.238 820.2955 811.8751 804.6569 808.4134 819.5834 818.4907 826.7488 836.5505 840.425 775.2112 737.3354 727.4874 721.9977 705.2756 683.3353 687.6462 712.9832 745.9282 679.9116 610.4137 577.0831 576.3914 617.974 645.3093 739.6992 776.6641 867.0447 871.7755 935.0078 955.795 862.0414 851.851 802.606 813.08 771.5765 735.9517 728.1486 729.65 712.7651 688.9999 687.7551 694.7308 682.1298 639.9741 659.3357 656.741 650.4294 681.9011 681.9112 670.2723 656.5208 647.0604 616.0855
917.6247 899.1392 872.9832 913.9739 997.3441 983.1715 956.8105 920.2946 882.3879 840.6969 836.9109 845.1985 832.753 852.3784 857.5345 851.064 866.8472 872.0774 859.8715 794.7317 759.6228 704.472 688.6666 695.1039 660.6224 681.6665 893.7836 736.3405 684.1837 603.7506 571.6507 563.2184 595.3699 619.592 723.5568 784.0502 875.1066 860.8063 996.6441 1044.0865 870.3307 827.1524 806.2301 798.7047 786.2827 758.7693 778.3799 765.1907 723.7599 710.2081 716.9279 710.9137 694.2039 649.3085 663.9884 691.8713 678.9956 699.8141 700.8284 693.4955 680.8803 693.121 639.6837
961.6437 938.9594 918.3812 805.6004 997.278 979.308 949.7986 913.4945 894.1693 875.3038 868.4137 876.8481 868.1534 872.7921 866.3777 873.9207 883.0402 876.0578 846.9639 771.3984 715.8997 710.778 675.7599 661.3259 654.2884 647.5286 804.5825 667.7008 632.4196 592.412 561.3028 559.5138 593.6987 611.1518 703.7782 795.2186 822.6708 940.1342 965.9892 957.6802 873.8043 853.7863 856.5921 830.2358 800.1152 785.312 777.2838 774.5734 730.6761 743.4539 761.3736 733.5135 691.012 660.6874 692.7101 714.6774 727.0823 734.7758 743.5648 737.0452 706.0909 670.9366 642.2
1001.9448 991.837 872.8118 760.8465 805.169 968.8344 907.9291 935.7468 906.6776 888.6252 881.5222 883.0546 877.9113 870.7185 832.9351 839.3066 845.6923 811.9194 814.312 761.6573 711.365 711.0111 708.7914 695.0427 649.47 630.0067 648.9677 622.9432 589.5196 569.4699 550.9082 544.8862 571.4236 581.7267 714.3512 772.3747 862.2592 853.2261 955.0778 984.3331 894.746 920.4432 870.5109 835.3934 816.9349 822.5569 811.1398 781.9495 756.6721 763.5016 781.743 733.7226 702.9763 681.3458 721.4826 708.4619 739.3395 756.4763 770.1033 793.8716 738.1935 682.8611 677.1229
956.8312 942.8397 898.6747 757.9501 705.9534 666.6568 652.7747 860.231 877.4599 882.0629 884.8629 888.8787 886.2574 889.3217 879.4667 870.1715 857.8107 849.8649 765.2839 754.5591 773.7975 798.5118 871.0594 700.859 646.8237 617.7075 614.7216 599.3994 571.8616 564.1444 560.1034 548.7179 560.4173 570.4737 666.4359 686.3581 790.2306 804.2113 863.3412 905.7729 944.3916 1024.8813 891.2157 840.3949 853.8426 843.9101 821.3535 794.0117 794.5561 780.8657 809.1099 754.5523 703.4436 690.1985 719.8625 754.8904 744.5466 766.3723 780.6666 738.9825 745.6646 725.7061 718.3267
781.504 909.6412 947.1223 859.4697 787.5579 874.3761 805.2269 778.1868 741.9738 862.8787 875.2238 882.3585 884.6876 889.0676 882.7877 888.4074 871.2206 859.851 867.0657 868.2861 854.4918 868.9182 825.4682 637.6724 646.2081 601.0983 599.663 565.0768 557.9122 534.4897 556.5695 555.9924 544.5756 547.9119 613.1747 732.0732 788.6171 849.3021 839.6139 897.618 930.6604 935.7154 929.439 887.8488 868.6541 876.5696 821.7651 794.0303 831.0568 826.5549 786.4882 741.3135 703.3557 743.3127 740.7227 730.555 780.0772 772.2574 797.8895 796.2114 751.8646 748.8782 744.3578
