Resources/Map/Lvl0_30x30/Ele_FB.asc
ncols         335
nrows         335
xllcorner     -16695000
yllcorner     -10075000
cellsize      10000
nodata_value  -99999.0
[rows 0 to 26 of 335, columns 183 to 243 of 335]
-4341.5459 -4314.7759 -4302.48 -4357.834 -4430.0659 -4455.5366 -4460.1821 -4446.79 -4381.5977 -4308.4971 -4277.0698 -4309.9458 -4394.731 -4433.8784 -4390.3306 -4320.1045 -4303.8442 -4365.9473 -4439.061 -4458.8198 -4408.9385 -4336.3545 -4317.5654 -4330.4917 -4338.6919 -4334.2202 -4292.9795 -4191.1089 -4046.9368 -3950.7078 -3987.4956 -4091.1404 -4159.8311 -4223.5444 -4323.9404 -4404.2363 -4400.6885 -4356.4385 -4342.2905 -4217.0605 -3642.4836 -2631.2517 -2001.5974 -2305.332 -3214.189 -4043.2795 -4469.0645 -4583.0303 -4530.7651 -4429.0405 -4325.0669 -4256.8174 -4289.3975 -4370.4072 -4418.8608 -4392.4189 -4334.8164 -4308.4048 -4310.1538 -4350.5283 -4393.4883
-4273.7886 -4281.2754 -4313.7051 -4371.8325 -4404.2666 -4394.5234 -4377.918 -4343.7969 -4290.9668 -4290.5391 -4322.9824 -4330.248 -4357.542 -4404.2788 -4390.998 -4347.2432 -4404.856 -4532.2588 -4548.605 -4454.0869 -4360.1553 -4361.7871 -4431.4175 -4490.0581 -4507.0625 -4477.3398 -4369.0513 -4199.3877 -4057.467 -4025.7161 -4122.7646 -4262.2959 -4360.7744 -4425.3105 -4460.1597 -4413.5884 -4283.6689 -4196.5366 -4211.2104 -4002.0698 -3170.4106 -2027.8257 -1671.2915 -2335.5447 -3318.4622 -4066.5984 -4482.7158 -4652.6968 -4624.1714 -4478.4399 -4318.9385 -4224.6353 -4268.3989 -4382.853 -4449.8438 -4395.627 -4257.498 -4139.7344 -4110.7329 -4179.5918 -4279.9321
-4172.0796 -4235.8481 -4337.7046 -4424.2939 -4455.4736 -4443.811 -4418.877 -4388.2046 -4348.6313 -4346.3901 -4376.3306 -4358.5928 -4316.2202 -4323.3359 -4351.6133 -4396.4063 -4491.248 -4572.7627 -4539.8818 -4440.8628 -4357.4595 -4350.5371 -4394.6064 -4447.8159 -4509.4614 -4544.6167 -4479.124 -4330.5029 -4227.0513 -4230.5391 -4308.0703 -4401.4741 -4482.2402 -4516.3618 -4453.2231 -4301.6001 -4171.5225 -4165.9775 -4206.9673 -3874.6516 -2972.3318 -2149.428 -2408.9692 -3405.1699 -4167.1479 -4470.6172 -4593.7627 -4630.1582 -4527.2744 -4375.8027 -4313.5347 -4358.0586 -4436.7192 -4484.1611 -4455.0591 -4313.2617 -4093.2219 -3932.7942 -3916.113 -3993.4932 -4099.394
-4184.8999 -4310.1753 -4438.5718 -4507.5449 -4488.9673 -4415.3081 -4376.7676 -4423.8218 -4470.3037 -4467.5103 -4449.7607 -4406.3521 -4339.104 -4285.9385 -4263.5308 -4306.6685 -4383.4482 -4436.3691 -4450.0649 -4423.0913 -4355.6938 -4304.9932 -4321.6309 -4396.9854 -4497.4893 -4556.2637 -4521.2466 -4428.2139 -4374.7441 -4380.1069 -4402.7925 -4429.6255 -4464.02 -4451.5073 -4348.3799 -4225.9897 -4201.5356 -4268.103 -4286.6704 -3954.4956 -3245.6079 -2778.9302 -3217.9028 -4054.6794 -4532.0845 -4609.2969 -4545.3149 -4440.0166 -4318.4614 -4259.4292 -4273.5181 -4322.1191 -4416.6157 -4520.2573 -4513.2607 -4364.2227 -4143.0601 -3954.8787 -3884.2346 -3921.9409 -4034.8247
-4313.064 -4398.105 -4451.5063 -4455.728 -4412.0088 -4348.7407 -4331.666 -4401.5498 -4460.3398 -4437.1719 -4379.7881 -4337.2036 -4331.0884 -4322.0273 -4296.2134 -4315.5962 -4368.3555 -4415.2861 -4440.4946 -4384.7842 -4239.897 -4130.0586 -4147.9321 -4258.6333 -4388.2295 -4473.9849 -4480.4478 -4417.3667 -4359.0547 -4356.3911 -4392.3525 -4435.9644 -4466.8667 -4449.1177 -4389.8467 -4350.603 -4356.1006 -4373.1997 -4352.2466 -4177.7861 -3847.9099 -3667.6907 -3941.8562 -4384.353 -4623.2773 -4590.748 -4436.2144 -4316.3892 -4288.7036 -4227.7485 -3989.7119 -3782.8145 -3947.5002 -4348.7754 -4545.1621 -4453.1968 -4242.6157 -4048.9709 -3971.624 -4019.3135 -4158.9888
-4377.7734 -4374.5396 -4356.4829 -4329.1489 -4338.2002 -4385.7769 -4418.189 -4434.1689 -4407.5332 -4315.7119 -4231.3315 -4247.5825 -4374.0054 -4489.1162 -4536.3335 -4553.5288 -4560.3994 -4555.8672 -4525.458 -4396.0122 -4180.9888 -4050.5928 -4083.595 -4213.8242 -4359.5215 -4473.209 -4526.6465 -4502.4795 -4442.9287 -4416.3384 -4437.5571 -4469.5298 -4489.7686 -4496.1558 -4483.5576 -4442.1089 -4386.9141 -4347.665 -4314.7866 -4271.46 -4244.6021 -4295.7114 -4434.0718 -4539.7915 -4537.667 -4456.4072 -4397.7656 -4430.2905 -4471.5674 -4308.6772 -3910.9133 -3668.4956 -3889.8306 -4297.2788 -4452.2075 -4339.8105 -4190.1372 -4120.7173 -4104.9995 -4143.9717 -4260.4824
-4357.6201 -4338.1143 -4322.9897 -4298.5889 -4337.6372 -4433.7417 -4483.335 -4463.1421 -4398.9453 -4336.9053 -4340.2832 -4437.8745 -4557.4922 -4604.9219 -4579.1479 -4548.7417 -4541.5298 -4543.1372 -4521.2744 -4429.3911 -4296.6191 -4213.0444 -4189.5298 -4233.9771 -4377.7983 -4554.9175 -4661.9634 -4647.0498 -4562.8252 -4505.895 -4514.2925 -4559.4756 -4606.832 -4614.4482 -4526.8706 -4341.5845 -4192.729 -4186.4644 -4252.5913 -4327.8149 -4432.4937 -4548.8335 -4581.2061 -4493.6655 -4363.0615 -4331.6006 -4424.5464 -4568.8926 -4630.1465 -4521.3198 -4323.8784 -4247.3408 -4330.5928 -4392.5459 -4328.4473 -4205.3384 -4141.5776 -4140.1206 -4134.4287 -4155.8271 -4244.1416
-4296.667 -4304.4712 -4315.0576 -4299.2495 -4319.6699 -4385.2349 -4443.0645 -4464.0288 -4461.5698 -4504.4697 -4611.3818 -4710.4478 -4699.5264 -4595.1675 -4488.9771 -4466.2749 -4487.627 -4500.27 -4479.0117 -4431.2891 -4382.8569 -4346.0791 -4318.9331 -4354.3579 -4495.2788 -4642.7935 -4684.8789 -4602.126 -4489.4482 -4451.8755 -4501.5889 -4586.4653 -4648.7402 -4612.7583 -4436.9204 -4197.9741 -4105.5537 -4226.2471 -4395.2588 -4490.5801 -4529.3291 -4536.9658 -4486.2163 -4395.9834 -4323.2427 -4325.4897 -4388.7261 -4489.7305 -4567.1343 -4555.9448 -4492.916 -4440.1963 -4383.4917 -4275.1167 -4129.1162 -4054.7849 -4088.3655 -4153.7417 -4179.02 -4204.1899 -4270.7031
-4356.6772 -4348.3306 -4311.8057 -4258.5752 -4246.0098 -4286.6646 -4375.5796 -4493.8062 -4598.9751 -4680.3477 -4715.9492 -4664.2773 -4532.5952 -4406.8218 -4378.0996 -4454.1357 -4501.0093 -4464.3975 -4398.2012 -4368.7397 -4385.0972 -4450.1313 -4556.3525 -4659.9648 -4689.7632 -4627.7104 -4513.6489 -4399.8838 -4340.4648 -4355.3516 -4396.1958 -4408.6152 -4378.4214 -4295.0718 -4181.8086 -4136.5962 -4252.3638 -4444.0981 -4554.8501 -4548.3506 -4494.582 -4441.6167 -4390.6538 -4356.2744 -4346.0435 -4330.2241 -4324.1479 -4387.8037 -4474.7988 -4487.5938 -4423.8535 -4351.9292 -4287.6011 -4161.8188 -3978.6548 -3907.6628 -4031.9639 -4242.4395 -4368.1626 -4431.2842 -4499.501
-4470.4502 -4422.6543 -4347.0479 -4283.9697 -4308.2808 -4402.8521 -4492.5283 -4560.4614 -4599.2754 -4577.2998 -4474.1992 -4327.6738 -4245.832 -4277.9556 -4406.6919 -4539.3916 -4557.3594 -4442.708 -4294.4551 -4241.5986 -4325.438 -4521.3931 -4722.3691 -4820.1128 -4743.4346 -4574.3433 -4430.271 -4364.7695 -4361.6543 -4370.7314 -4327.3535 -4227.7412 -4137.0664 -4109.5757 -4165.4849 -4312.4702 -4494.2036 -4595.772 -4573.4546 -4497.0415 -4458.7476 -4456.0688 -4426.438 -4367.8818 -4332.2358 -4342.6777 -4381.1021 -4438.4819 -4469.9409 -4446.5454 -4396.3564 -4383.708 -4393.6479 -4343.147 -4235.9917 -4204.5137 -4310.9688 -4476.7817 -4569.6406 -4605.9336 -4629.7778
-4380.8472 -4380.5073 -4401.1841 -4427.3203 -4509.9468 -4629.8955 -4674.1968 -4610.7339 -4470.9243 -4309.3169 -4183.5483 -4134.3833 -4189.1724 -4332.2886 -4538.0649 -4700.9009 -4720.5991 -4594.6538 -4410.1426 -4308.1929 -4358.2002 -4520.1265 -4664.1704 -4727.5044 -4692.0596 -4608.6787 -4542.8555 -4520.3184 -4512.8975 -4482.3013 -4403.0459 -4306.3135 -4270.5674 -4331.2422 -4446.2759 -4561.1675 -4624.7349 -4610.0869 -4541.4463 -4486.0732 -4491.4678 -4509.1934 -4450.5938 -4349.5889 -4313.6147 -4374.4604 -4445.5903 -4469.1934 -4458.3857 -4461.7549 -4512.605 -4604.0112 -4670.2168 -4681.5693 -4685.6123 -4717.8784 -4748.1519 -4730.7197 -4648.8887 -4552.7461 -4487.0718
-4413.0835 -4496.2998 -4593.7549 -4670.9536 -4727.6094 -4756.4155 -4722.293 -4609.4927 -4417.0059 -4247.8486 -4223.6309 -4318.3506 -4393.5 -4451.2817 -4588.9771 -4775.3062 -4864.1475 -4803.5225 -4648.0039 -4516.5195 -4468.9893 -4509.1938 -4571.1602 -4618.4907 -4647.7231 -4659.8843 -4649.6694 -4615.1606 -4552.8394 -4479.1738 -4429.7739 -4426.0098 -4470.0249 -4534.5298 -4580.3872 -4602.478 -4603.4434 -4581.4165 -4547.5132 -4527.7002 -4537.2856 -4548.7593 -4511.5225 -4447.9512 -4421.4229 -4451.6826 -4496.5098 -4530.2461 -4571.6572 -4641.5234 -4734.1411 -4798.1143 -4802.8579 -4809.5205 -4887.1021 -4992.8999 -5031.3486 -4933.3428 -4717.48 -4483.6523 -4321.6602
-4555.7905 -4615.7295 -4689.4927 -4757.9004 -4781.8672 -4747.7554 -4687.0752 -4603.0283 -4445.8809 -4293.0435 -4288.5786 -4405.1724 -4490.7632 -4557.2432 -4702.8555 -4906.7368 -5015.4414 -4960.1216 -4814.8887 -4684.6592 -4596.7236 -4582.4111 -4617.7876 -4644.3159 -4643.0542 -4630.7979 -4603.8052 -4551.4141 -4485.3691 -4455.7021 -4494.7231 -4564.9321 -4617.3535 -4631.0166 -4612.7305 -4589.7266 -4575.1885 -4563.8765 -4559.6846 -4572.8306 -4592.5698 -4603.3066 -4597.6919 -4578.5962 -4567.7168 -4600.7554 -4671.6274 -4744.7383 -4791.6646 -4791.9551 -4718.855 -4543.9282 -4375.9619 -4402.6265 -4678.291 -4989.9395 -5155.7031 -5102.6802 -4875.2969 -4600.7202 -4364.7666
-4427.3301 -4388.9653 -4385.8501 -4439.5708 -4517.189 -4556.5615 -4540.6499 -4492.1196 -4407.3242 -4302.707 -4241.7998 -4242.7573 -4302.1426 -4440.2388 -4678.5054 -4924.5317 -5020.708 -4929.0449 -4770.3472 -4643.6255 -4552.123 -4534.2339 -4584.978 -4625.0664 -4601.8901 -4546.6055 -4504.0054 -4501.7188 -4547.3794 -4631.8892 -4710.7949 -4734.2051 -4710.2642 -4677.5591 -4642.9741 -4591.7534 -4545.5063 -4538.4756 -4571.3657 -4622.5137 -4664.5991 -4677.6074 -4662.0615 -4641.4888 -4644.6499 -4687.623 -4745.2461 -4783.2095 -4772.71 -4688.9595 -4512.9531 -4285.7065 -4154.6704 -4217.5928 -4462.5527 -4729.9902 -4904.3623 -4971.1885 -4937.0127 -4825.5962 -4663.7109
-4368.6636 -4259.46 -4180.9048 -4268.9712 -4464.7515 -4564.6055 -4475.1328 -4325.6392 -4276.874 -4284.436 -4248.5171 -4195.0391 -4221.334 -4344.2744 -4544.9971 -4725.3848 -4770.7495 -4667.1504 -4493.4717 -4349.0444 -4286.5996 -4335.5234 -4434.7715 -4508.2329 -4532.6563 -4551.5659 -4606.8633 -4714.5229 -4838.0508 -4899.9795 -4848.5464 -4719.6235 -4604.4946 -4569.8071 -4593.5029 -4609.5938 -4610.1406 -4625.5 -4652.5215 -4672.126 -4685.9951 -4688.8164 -4670.2441 -4639.6748 -4600.0688 -4549.9902 -4508.9126 -4511.605 -4551.5723 -4568.5483 -4534.9204 -4507.2241 -4535.7871 -4566.6528 -4537.9497 -4483.835 -4501.96 -4648.7383 -4860.1826 -5000.7676 -5019.1709
-4417.7334 -4299.7363 -4194.1157 -4283.9175 -4488.3457 -4607.5635 -4562.6035 -4461.7876 -4448.3135 -4474.7837 -4445.0728 -4377.6699 -4343.877 -4395.2993 -4555.7603 -4709.6367 -4711.9536 -4557.6987 -4351.9116 -4229.6714 -4243.4482 -4358.9917 -4474.3691 -4544.1479 -4584.9976 -4657.5991 -4780.5679 -4902.5186 -4936.8066 -4836.7212 -4634.5498 -4443.2642 -4358.9072 -4391.6572 -4493.1768 -4612.251 -4699.7925 -4733.292 -4722.5391 -4686.4688 -4641.8823 -4598.29 -4583.8457 -4594.0869 -4581.4214 -4529.4204 -4485.5127 -4502.8535 -4573.542 -4628.6914 -4649.3838 -4693.2974 -4763.8691 -4782.189 -4687.0869 -4517.5049 -4413.1348 -4466.4819 -4665.3892 -4894.8921 -5063.8569
-4233.2969 -4144.8984 -4115.5068 -4237.5039 -4441.98 -4615.5947 -4698.771 -4717.3862 -4727.2104 -4721.6328 -4667.4194 -4554.1606 -4434.5103 -4442.498 -4636.9111 -4856.9722 -4899.8374 -4757.7852 -4576.4395 -4487.4629 -4498.4238 -4562.9663 -4629.9038 -4670.4844 -4682.9814 -4713.8521 -4760.1597 -4748.3032 -4644.6958 -4499.3003 -4383.9106 -4356.4297 -4429.126 -4545.3003 -4639.7246 -4700.1416 -4726.7373 -4716.9585 -4682.7998 -4656.4404 -4634.1895 -4586.2495 -4533.6729 -4527.9971 -4577.3271 -4644.3076 -4682.1343 -4687.9736 -4682.5825 -4672.5757 -4668.9048 -4710.3662 -4779.5347 -4823.002 -4796.2012 -4664.8584 -4498.125 -4416.1563 -4459.7002 -4577.374 -4727.812
-4305.1499 -4270.1274 -4274.6245 -4391.8994 -4553.6763 -4661.3945 -4678.6484 -4646.543 -4630.5737 -4634.1855 -4604.687 -4498.1514 -4385.3657 -4406.396 -4585.3428 -4806.5898 -4938.4648 -4939.9751 -4865.5234 -4791.4189 -4726.3765 -4686.5977 -4696.7847 -4726.8003 -4727.7056 -4705.0425 -4666.1523 -4599.3892 -4539.3115 -4529.5332 -4563.8335 -4620.2651 -4694.7358 -4754.3594 -4758.29 -4713.1533 -4667.0459 -4652.1113 -4661.9063 -4696.6846 -4728.8955 -4700.3428 -4602.2559 -4528.8452 -4552.6943 -4644.1636 -4701.5464 -4683.7485 -4637.3911 -4627.6001 -4667.9629 -4738.1895 -4797.3511 -4837.5454 -4855.6328 -4796.6084 -4640.6489 -4473.3984 -4401.3281 -4414.5151 -4479.3535
-4549.063 -4519.0679 -4435.7412 -4461.0625 -4536.8188 -4549.1729 -4491.9253 -4430.6772 -4425.8599 -4440.4048 -4399.8076 -4311.5972 -4280.3096 -4337.8394 -4453.3877 -4608.2402 -4761.3071 -4862.2871 -4907.9263 -4910.1973 -4859.0122 -4784.2305 -4739.6357 -4725.1089 -4723.0083 -4719.3892 -4704.5205 -4693.3374 -4714.4956 -4752.625 -4779.4146 -4807.6758 -4844.1177 -4839.3296 -4765.104 -4667.8364 -4624.897 -4659.8628 -4727.0894 -4778.3164 -4790.313 -4755.0366 -4697.7471 -4670.8286 -4683.479 -4707.666 -4707.8257 -4674.2002 -4639.3223 -4647.3296 -4705.2124 -4766.7935 -4772.5166 -4743.5376 -4748.2505 -4777.3379 -4746.3735 -4662.0508 -4630.7671 -4683.8281 -4762.8486
-4544.1411 -4501.7056 -4464.6299 -4496.415 -4516.6929 -4494.8774 -4479.2031 -4481.8369 -4483.5547 -4456.1582 -4405.814 -4385.9858 -4407.4087 -4396.3188 -4334.3296 -4287.4746 -4307.4756 -4431.1733 -4672.1641 -4885.2432 -4956.0205 -4899.1758 -4814.6592 -4755.5142 -4757.6597 -4788.8989 -4806.0142 -4822.833 -4864.3857 -4898.5962 -4901.7471 -4907.957 -4933.2847 -4925.0508 -4849.8833 -4755.3716 -4721.5317 -4768.1841 -4837.3096 -4869.0024 -4857.2456 -4838.5879 -4853.564 -4887.1226 -4894.063 -4865.7939 -4831.1611 -4808.6958 -4803.4116 -4804.998 -4809.8584 -4792.186 -4710.0161 -4609.3291 -4610.4727 -4746.23 -4875.2827 -4924.1123 -4964.2783 -5048.0166 -5127.2266
-4493.876 -4485.5591 -4593.625 -4710.792 -4704.9438 -4624.1885 -4596.1475 -4630.8315 -4663.4263 -4647.6851 -4614.0601 -4601.1855 -4568.5449 -4469.5347 -4335.0449 -4236.0239 -4224.1885 -4363.7329 -4654.7524 -4900.52 -4970.7075 -4878.293 -4738.6406 -4637.4038 -4638.3062 -4687.3408 -4718.8384 -4741.0181 -4782.7754 -4835.3486 -4873.1914 -4879.311 -4859.1367 -4818.8794 -4763.6035 -4717.7939 -4727.5342 -4793.436 -4857.0356 -4868.5479 -4841.0542 -4829.9521 -4861.9302 -4892.9131 -4892.9937 -4893.8315 -4908.1948 -4920.6104 -4930.8989 -4926.3374 -4895.1753 -4842.5806 -4770.0332 -4718.895 -4759.0605 -4894.3491 -5017.562 -5067.8818 -5079.8726 -5096.2021 -5091.7637
-4598.4229 -4594.6968 -4674.0596 -4759.5649 -4762.7305 -4710.3159 -4695.2568 -4743.2852 -4811.6187 -4843.9468 -4815.458 -4713.7808 -4565.1553 -4447.1465 -4411.0288 -4455.6855 -4542.3022 -4662.0391 -4796.2734 -4878.9521 -4873.9126 -4780.6699 -4645.9258 -4537.5728 -4512.7998 -4535.2207 -4561.6157 -4581.9028 -4599.4634 -4636.2632 -4691.0288 -4710.7178 -4677.9072 -4636.6318 -4623.9097 -4642.7617 -4690.1968 -4744.3716 -4760.5757 -4712.7065 -4644.6948 -4628.2158 -4655.0107 -4638.0532 -4580.0737 -4594.1084 -4694.8994 -4816.1675 -4911.4443 -4951.688 -4921.3291 -4847.7119 -4791.0244 -4813.1851 -4905.5923 -5002.9404 -5077.1313 -5120.5259 -5117.3379 -5065.248 -4971.7837
-4630.4536 -4625.7441 -4599.498 -4573.7251 -4570.4331 -4605.6763 -4661.792 -4707.8916 -4728.6475 -4761.5537 -4798.0952 -4775.3013 -4688.3779 -4634.3447 -4648.7842 -4695.0425 -4739.2759 -4762.7744 -4748.4995 -4721.3457 -4714.2583 -4731.9619 -4741.7183 -4725.6533 -4694.3057 -4670.6992 -4668.002 -4677.0654 -4688.6206 -4711.0835 -4729.9907 -4708.894 -4654.3828 -4619.208 -4637.7207 -4684.9834 -4717.6006 -4724.0151 -4711.7856 -4681.8359 -4654.8604 -4665.0474 -4690.8818 -4674.147 -4636.6558 -4676.3569 -4791.1426 -4906.3774 -4970.8203 -4970.1274 -4923.7681 -4867.5146 -4832.0947 -4845.915 -4895.8354 -4931.6978 -4960.8398 -5004.5112 -5037.0317 -5042.6548 -5038.5723
-4476.8457 -4521.5601 -4545.2773 -4562.936 -4600.6592 -4645.6919 -4658.9282 -4633.1758 -4593.4844 -4586.5117 -4599.5259 -4582.5044 -4544.4341 -4563.7837 -4642.208 -4708.6768 -4739.8887 -4729.1108 -4665.9868 -4592.0859 -4569.1235 -4623.3965 -4698.6611 -4737.4512 -4740.6396 -4752.1479 -4766.7793 -4757.1963 -4736.5938 -4734.7432 -4737.1665 -4714.1006 -4674.7749 -4653.9282 -4672.8452 -4711.3203 -4732.397 -4729.54 -4725.3545 -4738.4512 -4774.875 -4830.2407 -4876.0767 -4880.5483 -4850.8428 -4837.4453 -4870.5117 -4932.5166 -4978.0322 -4988.103 -4985.9443 -4981.7695 -4952.9839 -4900.8682 -4839.2778 -4794.2446 -4795.9795 -4863.8301 -4965.5781 -5046.7817 -5094.9102
-4294.1196 -4433.0591 -4645.4829 -4771.5234 -4781.5562 -4752.498 -4749.3872 -4755.6133 -4732.5728 -4691.3384 -4658.9229 -4611.3296 -4554.9453 -4570.4292 -4679.4995 -4804.021 -4862.147 -4827.9434 -4719.6172 -4600.1841 -4531.8281 -4556.6211 -4627.3989 -4696.5688 -4754.4663 -4802.6738 -4821.1592 -4790.1968 -4736.1875 -4695.7974 -4677.1812 -4669.5142 -4676.2124 -4709.8945 -4755.8999 -4766.8882 -4717.2476 -4642.6519 -4602.7021 -4649.791 -4771.5063 -4894.3677 -4955.1006 -4950.647 -4903.4146 -4850.4658 -4838.7529 -4883.6338 -4944.0894 -4983.0283 -5003.3428 -5011.6299 -4993.0063 -4942.1177 -4878.1831 -4836.6372 -4835.3291 -4880.0933 -4946.4858 -4985.9111 -4999.6479
-4191.5923 -4383.3608 -4574.6255 -4596.8066 -4508.8276 -4525.167 -4701.918 -4883.9575 -4920.9834 -4851.5132 -4795.4277 -4764.5591 -4731.3672 -4742.5273 -4822.916 -4913.2295 -4942.4409 -4899.2715 -4817.7651 -4748.0713 -4729.3716 -4771.5635 -4805.4844 -4803.0664 -4790.3242 -4781.7441 -4769.7969 -4754.9814 -4747.4106 -4743.8447 -4733.4092 -4720.1836 -4718.147 -4739.2461 -4775.2148 -4792.8994 -4778.7695 -4758.7769 -4761.0093 -4782.4307 -4799.9282 -4806.2153 -4829.6675 -4868.4258 -4867.3374 -4764.1167 -4604.479 -4508.5571 -4531.3716 -4627.5771 -4748.9648 -4861.7988 -4926.7949 -4937.2554 -4917.0684 -4905.9399 -4895.9058 -4879.3652 -4851.8394 -4814.6621 -4821.9819
-4388.5874 -4534.1646 -4538.855 -4384.5742 -4234.9302 -4295.5649 -4547.0903 -4785.54 -4857.9263 -4802.1919 -4747.3252 -4730.0034 -4731.5591 -4762.376 -4819.7847 -4852.0698 -4844.3418 -4828.1934 -4826.7749 -4824.5615 -4829.4609 -4859.6333 -4877.0068 -4856.7231 -4815.1309 -4770.2446 -4740.1997 -4743.4873 -4778.4033 -4818.8691 -4839.9331 -4836.9702 -4807.938 -4755.8594 -4719.3394 -4738.7744 -4804.9355 -4872.5801 -4899.6309 -4851.8262 -4748.9697 -4685.6943 -4749.3809 -4866.5459 -4908.9946 -4799.8955 -4602.8901 -4448.5605 -4401.2749 -4425.6504 -4499.2139 -4620.0972 -4742.4424 -4822.6255 -4849.3813 -4857.9668 -4881.6484 -4921.27 -4945.8281 -4939.7861 -4970.0078
