Resources/Map/Lvl0_30x30/Ele_FD.asc
ncols         335
nrows         335
xllcorner     -9995000
yllcorner     -10075000
cellsize      10000
nodata_value  -99999.0
[rows 0 to 26 of 335, columns 61 to 121 of 335]
-4666.2109 -4748.5884 -4847.4116 -4936.6689 -5002.5938 -5045.1431 -5071.042 -5068.5229 -5035.8809 -4993.627 -4955.4033 -4927.23 -4922.896 -4912.1875 -4858.0938 -4792.1211 -4786.8623 -4878.6016 -4910.439 -4897.6602 -4958.3418 -5031.2905 -5072.6011 -5072.0957 -5047.6626 -5022.356 -4996.7339 -4973.8169 -4965.3994 -4967.5283 -4972.6621 -4974.311 -4977.8433 -4984.3672 -4988.3643 -4983.811 -4974.2837 -4967.8843 -4970.6724 -4977.7471 -4982.6118 -4976.1699 -4975.9204 -4990.9917 -4992.9688 -4984.5371 -4977.9927 -4981.3135 -4991.6768 -4987.4072 -4970.6582 -4984.6094 -5011.7578 -4994.1904 -4937.979 -4913.5718 -4941.1719 -4973.8403 -4991.1841 -4995.418 -4978.4316
-4627.1426 -4722.8428 -4830.6221 -4918.7109 -4968.5708 -4991.2832 -5001.9194 -4991.9141 -4964.647 -4943.874 -4946.0581 -4981.1265 -5037.0283 -5082.042 -5079.7495 -5025.5747 -4959.2114 -4941.2983 -4911.3506 -4887.6045 -4932.6367 -4989.6304 -5017.3506 -5003.0869 -4976.4268 -4960.4941 -4960.7075 -4963.2896 -4956.626 -4951.4253 -4956.5449 -4961.3179 -4964.7666 -4969.6172 -4971.6587 -4970.3857 -4968.77 -4964.8657 -4958.5786 -4953.1313 -4958.4741 -4958.9077 -4957.5107 -4970.9712 -4976.3315 -4972.7534 -4959.9678 -4966.2197 -4991.2705 -4992.6558 -4959.5605 -4943.1685 -4951.3477 -4941.8804 -4912.1763 -4898.103 -4899.6685 -4945.8853 -4976.8154 -4976.1489 -4974.6196
-4775.2095 -4771.8452 -4787.7612 -4822.0454 -4854.2388 -4897.7148 -4947.6099 -4960.7051 -4930.5361 -4895.0273 -4884.5103 -4929.0034 -5019.1646 -5111.1177 -5141.6172 -5097.3262 -5020.2539 -4960.9082 -4925.9287 -4908.6157 -4898.3003 -4895.9956 -4924.4336 -4947.0562 -4955.3569 -4962.3301 -4967.5815 -4960.957 -4939.9526 -4927.8052 -4936.4463 -4949.2598 -4953.479 -4948.9517 -4942.4736 -4943.5381 -4948.0781 -4949.2012 -4946.5894 -4942.3223 -4948.1426 -4950.2007 -4949.8477 -4960.5962 -4972.0215 -4975.8438 -4954.5088 -4938.5225 -4951.5283 -4967.2515 -4958.252 -4946.7319 -4948.603 -4944.2793 -4931.9731 -4905.022 -4861.0918 -4892.8604 -4943.8535 -4966.5151 -4973.707
-4711.6934 -4585.0664 -4522.9702 -4550.5605 -4604.7485 -4693.7031 -4827.4766 -4912.6245 -4897.8701 -4840.3037 -4796.0928 -4828.4043 -4938.8564 -5029.3286 -5042.9053 -5005.2153 -4965.353 -4946.9858 -4955.0474 -4974.7847 -4945.7188 -4890.5889 -4882.2905 -4915.1538 -4957.8794 -4991.1899 -4993.3696 -4969.312 -4945.3574 -4939.6899 -4943.5034 -4946.2827 -4943.8335 -4935.3003 -4925.5815 -4921.8105 -4926.6465 -4937.937 -4947.0356 -4943.0903 -4941.9834 -4941.6665 -4944.1938 -4957.0171 -4969.6987 -4976.0879 -4962.7349 -4934.5688 -4926.0869 -4946.0283 -4960.8389 -4957.3584 -4953.5396 -4959.1167 -4963.522 -4933.5132 -4890.1426 -4896.6099 -4937.8193 -4975.5396 -4990.4028
-4726.1206 -4613.9219 -4536.1201 -4508.6172 -4473.6362 -4446.7881 -4516.9121 -4610.873 -4624.6055 -4672.8867 -4741.5542 -4782.6392 -4884.9756 -4940.4722 -4937.6099 -4915.8062 -4913.3188 -4934.0537 -4964.5488 -4986.2783 -4953.6084 -4872.8584 -4807.5308 -4817.2437 -4886.3022 -4954.292 -4978.3901 -4967.5405 -4956.6509 -4956.6353 -4954.4346 -4947.9434 -4942.7793 -4937.7061 -4930.0908 -4924.6436 -4927.9937 -4938.6187 -4944.5532 -4937.0181 -4933.5781 -4934.1196 -4937.3965 -4950.2646 -4951.6821 -4953.1899 -4958.2305 -4946.2769 -4937.9839 -4948.1851 -4952.0171 -4935.582 -4930.2192 -4952.7998 -4966.6514 -4950.2627 -4929.9624 -4931.2485 -4945.2588 -4975.3105 -5004.9775
-4935.4971 -4890.0288 -4831.251 -4778.814 -4711.6221 -4596.2339 -4526.832 -4445.978 -4369.0522 -4518.2153 -4700.2671 -4747.9766 -4819.7773 -4881.0835 -4902.8896 -4904.7036 -4919.1885 -4943.8667 -4971.7832 -4982.1997 -4942.2881 -4851.9282 -4762.6372 -4737.939 -4767.8296 -4812.6499 -4865.8599 -4911.064 -4929.4033 -4924.6221 -4917.0117 -4915.5879 -4920.3379 -4923.5122 -4920.2852 -4919.6104 -4924.4175 -4928.2256 -4928.7305 -4930.5532 -4931.5195 -4927.8789 -4926.0698 -4931.5034 -4932.5859 -4934.1768 -4940.6895 -4940.7197 -4938.7729 -4939.2124 -4935.8872 -4919.3311 -4912.8735 -4931.3452 -4946.1768 -4945.2886 -4943.5596 -4944.9629 -4944.0728 -4950.3462 -4968.2979
-4897.1572 -4945.7788 -4959.3892 -4961.8706 -4940.0938 -4865.8062 -4800.6289 -4673.7642 -4584.9048 -4678.9043 -4782.4058 -4804.9858 -4815.3154 -4860.9609 -4897.5015 -4897.5791 -4909.084 -4931.937 -4948.6167 -4953.8228 -4939.582 -4897.1997 -4841.6621 -4800.6997 -4762.8105 -4727.1543 -4764.8901 -4842.5811 -4885.4824 -4889.25 -4890.5962 -4900.7642 -4913.3237 -4915.5078 -4907.7505 -4904.6709 -4909.998 -4917.5151 -4922.3213 -4925.0718 -4924.4214 -4921.7256 -4921.1313 -4923.9678 -4924.6479 -4923.876 -4932.7173 -4943.9473 -4939.4214 -4923.8452 -4913.4175 -4906.1289 -4903.7627 -4914.6943 -4927.5923 -4935.8174 -4943.5732 -4942.813 -4923.3667 -4888.6162 -4869.2466
-4768.7373 -4891.0498 -4924.9458 -4902.5894 -4835.9951 -4744.4121 -4687.6187 -4660.5024 -4653.1602 -4663.2969 -4705.4028 -4779.9819 -4836.0181 -4877.3174 -4900.9907 -4886.3472 -4877.249 -4889.6255 -4900.229 -4907.3965 -4923.3628 -4918.5024 -4878.0615 -4814.4688 -4751.9048 -4713.168 -4739.7056 -4794.7065 -4834.6802 -4860.8228 -4881.1445 -4893.668 -4903.9575 -4911.2666 -4910.3765 -4905.7632 -4905.8594 -4911.5293 -4916.3638 -4914.0791 -4911.4546 -4919.4438 -4932.6797 -4934.0366 -4919.915 -4914.8755 -4932.2339 -4956.7134 -4951.103 -4916.3257 -4890.1899 -4898.0459 -4923.8247 -4937.9067 -4930.9009 -4926.7305 -4930.8882 -4927.0229 -4904.439 -4840.9507 -4771.8154
-4827.1758 -4909.9106 -4923.1104 -4904.605 -4853.7148 -4761.1895 -4672.3701 -4614.2095 -4539.04 -4439.9854 -4423.6567 -4562.3647 -4751.647 -4873.3555 -4910.6846 -4914.2349 -4903.4336 -4899.7432 -4893.9287 -4891.0942 -4909.7568 -4907.6035 -4851.291 -4737.3071 -4642.3452 -4643.4263 -4720.356 -4791.7061 -4833.0513 -4861.2339 -4878.3179 -4878.5107 -4878.3506 -4889.0757 -4900.709 -4901.5645 -4897.0605 -4898.8311 -4900.644 -4899.6777 -4898.5029 -4902.6689 -4915.8408 -4918.1685 -4901.958 -4892.9111 -4906.8013 -4936.5229 -4952.5112 -4945.5767 -4934.7441 -4943.2954 -4960.9326 -4949.8218 -4911.2788 -4891.748 -4896.8843 -4898.3828 -4869.8047 -4791.4585 -4724.8975
-4904.9131 -4944.5693 -4963.8818 -4982.314 -4975.1348 -4916.1689 -4828.1445 -4747.7373 -4622.4404 -4432.9058 -4334.4648 -4461.2368 -4692.5454 -4864.4746 -4927.2988 -4934.6675 -4918.0703 -4903.9272 -4884.3003 -4870.8032 -4873.6504 -4881.313 -4858.4072 -4752.1636 -4618.7202 -4598.2036 -4710.2627 -4828.0518 -4877.1699 -4881.8994 -4877.7539 -4871.9395 -4870.9858 -4879.0977 -4891.1704 -4893.4668 -4884.5044 -4878.0298 -4870.686 -4864.207 -4873.5835 -4880.2329 -4881.6411 -4879.5337 -4870.71 -4855.6187 -4846.4644 -4863.0156 -4908.5327 -4968.5278 -5009.6494 -5025.9639 -5031.1768 -5014.8965 -4975.8057 -4941.2456 -4905.5615 -4874.2827 -4815.6997 -4719.2148 -4748.0981
-4897.5005 -4927.4473 -4939.3286 -4934.3979 -4893.6714 -4828.917 -4773.5493 -4748.7998 -4677.9307 -4514.2793 -4401.0933 -4492.3364 -4698.2559 -4865.6079 -4931.3296 -4929.8223 -4899.7734 -4882.4453 -4868.0542 -4839.8784 -4811.4604 -4833.6528 -4867.5723 -4823.3687 -4712.1699 -4666.7983 -4746.5234 -4839.1626 -4856.2954 -4852.1807 -4871.5293 -4886.5581 -4891.3926 -4892.1978 -4899.2275 -4896.8462 -4880.3481 -4867.9355 -4856.4082 -4845.1729 -4856.207 -4860.6768 -4850.6719 -4843.5562 -4842.6655 -4832.3115 -4811.2246 -4798.9482 -4816.2339 -4863.7393 -4909.998 -4957.9849 -5001.0107 -5060.9414 -5086.3911 -5058.0898 -4944.2144 -4865.6958 -4789.8091 -4694.1021 -4794.6709
-4858.3696 -4876.186 -4857.4375 -4756.1392 -4569.4429 -4415.7744 -4362.8687 -4398.5703 -4418.2036 -4371.8481 -4352.5977 -4467.3726 -4668.5161 -4848.3735 -4941.8765 -4962.3579 -4930.2427 -4897.0303 -4868.876 -4805.1743 -4744.0073 -4774.6367 -4839.7925 -4841.7915 -4787.9731 -4761.9922 -4801.6406 -4839.4858 -4822.4189 -4818.3652 -4866.1328 -4906.9033 -4915.8462 -4907.5908 -4906.5303 -4892.8062 -4885.7065 -4897.0713 -4896.7842 -4877.8604 -4861.6255 -4844.2178 -4828.5815 -4820.0811 -4812.1968 -4797.6162 -4787.4575 -4789.7939 -4797.5986 -4804.0161 -4816.1567 -4859.4775 -4904.4014 -4980.0522 -5034.8647 -5021.2637 -4917.5732 -4843.272 -4787.7188 -4743.4038 -4804.0796
-4875.8687 -4856.7231 -4803.1792 -4665.2959 -4458.5596 -4309.249 -4259.502 -4285.1504 -4334.2383 -4364.1113 -4379.3003 -4447.5703 -4601.3984 -4791.7036 -4911.9468 -4946.4355 -4920.7246 -4893.4287 -4865.9897 -4797.6138 -4715.7388 -4718.0298 -4790.3633 -4820.7021 -4826.6201 -4849.541 -4876.8555 -4883.4102 -4866.0107 -4856.4727 -4873.4092 -4889.4487 -4886.085 -4875.5273 -4870.2939 -4861.1274 -4873.2051 -4905.6089 -4918.2749 -4895.8071 -4863.3511 -4856.061 -4857.7051 -4843.4775 -4814.2358 -4785.3877 -4775.3755 -4795.0298 -4821.1792 -4827.0298 -4825.0576 -4838.4565 -4856.7495 -4891.085 -4916.6216 -4902.0396 -4862.8789 -4816.3076 -4781.4702 -4789.1514 -4822.3389
-4910.1089 -4887.583 -4859.6055 -4792.897 -4694.6045 -4632.9521 -4622.9849 -4635.0542 -4649.1445 -4639.1143 -4565.6963 -4492.4233 -4541.2856 -4722.4399 -4875.8086 -4916.7393 -4886.9067 -4864.9434 -4853.8013 -4822.0981 -4739.7983 -4671.4863 -4702.356 -4731.6938 -4775.1172 -4841.2227 -4892.4424 -4906.4453 -4896.0498 -4877.4741 -4857.9629 -4835.6719 -4814.5815 -4811.2881 -4823.2231 -4827.2695 -4833.3511 -4859.0649 -4875.1704 -4864.5884 -4848.5977 -4861.438 -4876.1074 -4860.3843 -4830.1577 -4809.811 -4808.9351 -4829.8027 -4849.2256 -4837.8413 -4812.8506 -4814.3467 -4843.6626 -4881.6626 -4884.9277 -4854.4185 -4837.7808 -4809.501 -4766.5493 -4765.5117 -4791.7178
-4919.6753 -4910.2505 -4896.5542 -4852.3223 -4786.0562 -4750.8452 -4766.6919 -4788.2148 -4771.8906 -4720.1616 -4607.9229 -4455.4194 -4416.0298 -4591.4253 -4817.4263 -4891.4624 -4873.9795 -4861.6396 -4861.3179 -4835.3696 -4738.8633 -4613.3545 -4555.4541 -4551.0313 -4605.3994 -4712.3174 -4813.5229 -4849.8721 -4834.6328 -4805.7603 -4786.5234 -4774.7734 -4762.1147 -4767.5283 -4813.7285 -4857.0977 -4864.2261 -4851.4409 -4829.9453 -4821.0469 -4831.6216 -4836.769 -4822.9604 -4799.5176 -4774.3633 -4770.5854 -4808.394 -4885.7251 -4942.5259 -4934.397 -4882.4316 -4848.0776 -4846.6035 -4857.1382 -4845.9038 -4822.043 -4814.709 -4811.6465 -4795.4185 -4781.0781 -4762.46
-4921.8706 -4899.0742 -4848.0171 -4768.9741 -4709.0146 -4697.751 -4739.2124 -4789.3008 -4779.1426 -4723.3306 -4656.0732 -4575.1123 -4543.8657 -4657.0068 -4813.2329 -4874.9277 -4898.7798 -4912.2314 -4906.0596 -4855.0879 -4748.7017 -4631.7222 -4571.7363 -4575.2012 -4621.7896 -4708.7554 -4797.9194 -4832.0205 -4815.0581 -4784.7354 -4770.1582 -4773.4585 -4778.105 -4793.0083 -4840.8838 -4894.6255 -4913.7129 -4896.8994 -4875.4927 -4881.3931 -4905.2139 -4901.4302 -4868.8501 -4816.1284 -4764.5952 -4748.959 -4802.5708 -4919.0352 -5000.3066 -4983.749 -4903.1396 -4834.6665 -4795.0728 -4775.7974 -4768.3911 -4762.7314 -4766.9951 -4788.6162 -4812.8872 -4821.3662 -4807.3813
-4923.665 -4916.2686 -4878.2017 -4820.0854 -4776.6304 -4764.9565 -4796.0601 -4843.6748 -4846.3887 -4807.2378 -4773.5942 -4773.3262 -4785.8989 -4814.3809 -4844.2891 -4874.6191 -4903.1362 -4907.2729 -4884.207 -4838.5952 -4792.8926 -4766.9785 -4763.6294 -4765.8921 -4769.6626 -4796.7515 -4835.3833 -4838.0962 -4802.8921 -4773.0864 -4771.1802 -4775.2046 -4772.3711 -4771.6675 -4788.6416 -4817.2197 -4835.1577 -4845.4692 -4869.335 -4909.9194 -4952.502 -4977.2061 -4976.5933 -4939.0884 -4872.8525 -4823.9297 -4828.6973 -4891.9077 -4932.8521 -4887.6196 -4793.8408 -4725.0049 -4692.9995 -4696.375 -4720.1646 -4739.6421 -4757.8579 -4786.6299 -4811.2568 -4821.814 -4823.4575
-4918.106 -4924.4282 -4908.2607 -4879.2778 -4856.6978 -4845.5762 -4846.0186 -4849.7495 -4831.6045 -4789.521 -4755.0435 -4775.834 -4820.1333 -4808.3965 -4799.8853 -4827.2544 -4856.4805 -4871.271 -4865.6772 -4841.9561 -4823.1572 -4818.3472 -4814.3979 -4794.8125 -4762.6328 -4752.4551 -4769.6519 -4769.1343 -4744.313 -4739.8442 -4760.4604 -4774.6299 -4776.3594 -4766.7871 -4759.9224 -4755.3755 -4745.1895 -4742.439 -4758.6016 -4782.917 -4814.2363 -4860.6934 -4904.7939 -4924.2749 -4916.5161 -4903.4277 -4884.7344 -4859.248 -4838.2939 -4812.915 -4779.9043 -4745.8511 -4714.1777 -4705.8174 -4722.6758 -4747.6812 -4773.0317 -4785.5615 -4787.5239 -4791.7886 -4797.5645
-4890.6294 -4890.6489 -4873.6953 -4851.1567 -4837.082 -4833.377 -4821.9541 -4790.332 -4747.2549 -4734.5591 -4752.021 -4779.9536 -4754.7983 -4670.7622 -4649.0229 -4692.6914 -4755.8604 -4813.4409 -4850.8311 -4857.1792 -4835.687 -4810.8896 -4794.4629 -4767.6006 -4707.1689 -4646.1436 -4629.4312 -4643.8926 -4667.6885 -4706.2954 -4737.8276 -4744.8765 -4750.8604 -4769.915 -4796.1362 -4807.814 -4795.5933 -4767.0029 -4736.1367 -4721.6943 -4738.9507 -4780.5112 -4803.4175 -4792.5049 -4794.2529 -4838.4487 -4876.0459 -4836.4307 -4774.8081 -4761.9399 -4784.8608 -4791.6421 -4767.3403 -4748.2988 -4751.8301 -4775.8506 -4809.5054 -4807.0854 -4774.8813 -4750.3906 -4764.105
-4850.7969 -4850.0127 -4838.3691 -4802.0015 -4771.6123 -4781.2026 -4800.1724 -4797.6528 -4778.5029 -4781.8633 -4810.374 -4825.332 -4787.1704 -4706.3389 -4648.4067 -4627.7217 -4633.0542 -4669.9292 -4719.6729 -4757.1128 -4774.4097 -4789.3208 -4805.2524 -4799.874 -4763.7949 -4724.3574 -4705.6582 -4702.3418 -4702.7651 -4695.4561 -4666.3608 -4635.2993 -4632.8081 -4665.1875 -4715.8662 -4753.8374 -4763.4961 -4743.5659 -4706.1509 -4688.3818 -4715.8979 -4756.4312 -4744.9648 -4666.7422 -4599.5435 -4613.3022 -4677.23 -4705.73 -4704.1396 -4723.2573 -4761.1069 -4789.6362 -4794.6309 -4778.7891 -4763.1064 -4768.1792 -4813.6348 -4848.5898 -4826.0586 -4776.5474 -4774.6191
-4819.6265 -4835.187 -4832.3555 -4780.1978 -4720.0547 -4705.4976 -4729.0352 -4765.5684 -4796.1162 -4813.7705 -4830.292 -4836.7476 -4825.4771 -4795.5649 -4739.6138 -4660.0835 -4588.9058 -4585.0977 -4622.6074 -4657.0469 -4669.4761 -4682.1079 -4698.7412 -4689.563 -4664.5708 -4672.2119 -4715.7295 -4751.54 -4754.4028 -4734.8257 -4703.7007 -4661.791 -4624.3535 -4609.9819 -4625.9023 -4651.9609 -4667.5884 -4664.9668 -4649.106 -4649.8535 -4685.1675 -4722.6416 -4717.5566 -4665.9697 -4620.6094 -4634.0327 -4688.5879 -4720.8306 -4717.0708 -4715.6987 -4739.6191 -4781.3896 -4811.8184 -4799.0972 -4774.9336 -4776.1196 -4819.7261 -4852.1851 -4833.1235 -4813.6675 -4823.0571
-4818.3472 -4800.7437 -4767.9375 -4734.9321 -4717.5034 -4700.8335 -4682.7285 -4700.0635 -4759.3081 -4801.1885 -4810.2432 -4813.064 -4815.3613 -4815.0117 -4802.6929 -4749.6255 -4677.293 -4660.1323 -4683.4297 -4691.7227 -4663.7021 -4636.6772 -4635.6123 -4643.8989 -4654.2646 -4681.3027 -4715.3555 -4732.7788 -4736.1323 -4744.8901 -4756.8521 -4742.3833 -4700.7607 -4664.6377 -4657.8228 -4659.6157 -4647.9072 -4627.0298 -4618.1123 -4639.3877 -4680.1045 -4711.9629 -4734.6733 -4753.8252 -4766.1533 -4774.729 -4781.1748 -4769.1367 -4741.6743 -4725.8867 -4745.1543 -4791.1206 -4816.2451 -4786.1724 -4754.8379 -4762.9556 -4786.2319 -4784.7783 -4775.3242 -4814.2061 -4816.2417
-4797.9141 -4792.8296 -4800.3159 -4810.166 -4806.1362 -4775.8848 -4730.3584 -4711.2144 -4719.5405 -4732.8794 -4742.8159 -4754.8286 -4775.8716 -4798.5278 -4823.2271 -4815.2783 -4788.9834 -4776.1631 -4770.1104 -4751.8364 -4722.3076 -4699.3569 -4693.6167 -4708.8086 -4737.126 -4760.7354 -4763.3477 -4749.3022 -4734.9683 -4721.7808 -4723.7915 -4729.5952 -4712.6113 -4679.0264 -4651.7324 -4636.2334 -4625.9922 -4615.8276 -4614.4961 -4636.498 -4674.7188 -4706.5601 -4738.2905 -4770.6982 -4773.2222 -4739.2773 -4698.5342 -4677.9697 -4681.061 -4702.6445 -4733.6831 -4746.7622 -4723.458 -4688.7622 -4694.4717 -4733.8486 -4766.2451 -4762.8984 -4765.75 -4836.7344 -4849.6563
-4773.3159 -4811.9282 -4852.8535 -4873.917 -4863.2456 -4837.9829 -4817.0259 -4802.6533 -4776.395 -4751.9976 -4750.1152 -4747.5034 -4731.1333 -4734.0562 -4766.1885 -4773.3491 -4768.7705 -4780.5073 -4792.1968 -4791.8442 -4780.1299 -4762.2979 -4740.4072 -4733.769 -4743.6353 -4752.0415 -4751.6543 -4746.1455 -4718.8257 -4662.2671 -4639.876 -4669.4229 -4693.6475 -4683.9443 -4655.5073 -4629.7656 -4618.3965 -4615.7681 -4616.9292 -4635.9463 -4678.6597 -4711.9326 -4722.7373 -4719.0737 -4699.3857 -4662.1963 -4633.3467 -4639.8179 -4664.4121 -4682.4077 -4680.6904 -4654.3525 -4629.0083 -4642.7046 -4696.3721 -4735.3545 -4731.3682 -4713.6001 -4728.1997 -4786.9282 -4810.2476
-4753.0146 -4784.2798 -4798.4473 -4797.3647 -4798.4624 -4804.6299 -4814.8403 -4823.9497 -4816.5967 -4803.2144 -4802.9063 -4788.0869 -4751.3418 -4740.0259 -4760.3086 -4753.522 -4738.4102 -4734.6284 -4730.4863 -4737.0293 -4758.873 -4767.2334 -4753.0537 -4735.3418 -4727.3145 -4720.6445 -4709.4961 -4697.541 -4686.084 -4672.4575 -4677.2051 -4691.7466 -4684.8433 -4653.4199 -4617.7524 -4596.9204 -4603.2915 -4632.3691 -4657.0527 -4668.5464 -4675.6001 -4678.063 -4665.7871 -4640.8218 -4606.5015 -4575.3237 -4583.8242 -4644.7515 -4693.3159 -4681.7622 -4635.1514 -4608.686 -4627.5542 -4685.7153 -4735.5552 -4743.0884 -4722.8809 -4714.5137 -4729.7236 -4773.9077 -4784.5171
-4784.8721 -4754.0254 -4744.3472 -4748.667 -4767.6543 -4779.6323 -4783.4683 -4805.0605 -4831.7998 -4847.2524 -4839.3208 -4797.7461 -4736.7188 -4716.3579 -4741.4727 -4751.2764 -4745.0308 -4736.085 -4707.4766 -4688.1016 -4714.2148 -4744.147 -4749.9775 -4739.145 -4724.2769 -4697.2051 -4658.4175 -4632.2959 -4621.5483 -4621 -4629.2026 -4635.9204 -4626.3955 -4603.6738 -4581.8169 -4571.1392 -4581.8281 -4612.9229 -4641.6387 -4646.8052 -4631.001 -4624.8555 -4631.2891 -4614.2998 -4560.7139 -4527.1284 -4561.3418 -4640.4287 -4684.5806 -4655.6406 -4602.0342 -4599.3867 -4657.1162 -4713.4043 -4701.9087 -4664.6943 -4662.9766 -4672.9009 -4694.4536 -4738.6436 -4758.626
-4796.6357 -4778.0669 -4755.4341 -4749.8799 -4753.8394 -4761.9883 -4782.8613 -4820.6846 -4861.4126 -4877.0479 -4857.2891 -4810.2793 -4761.4355 -4742.6567 -4748.8984 -4753.7871 -4750.2661 -4754.8672 -4741.6797 -4718.1821 -4713.0806 -4727.4829 -4742.0254 -4732.2471 -4698.3687 -4662.8921 -4646.7905 -4643.6855 -4633.4546 -4620.3271 -4610.6924 -4607.5146 -4611.563 -4613.0273 -4599.2378 -4575.1313 -4562.2729 -4573.7471 -4595.1997 -4590.626 -4552.1226 -4531.2852 -4550.7969 -4563.438 -4536.5137 -4520.7778 -4551.0249 -4589.3813 -4580.9575 -4538.0308 -4518.5176 -4556.061 -4628.3345 -4665.7246 -4619.166 -4560.0864 -4563.3164 -4599.4834 -4622.8892 -4650.9551 -4692.2568
