Resources/Map/Lvl0_30x30/Ele_EI.asc
ncols         335
nrows         335
xllcorner     6755000
yllcorner     -6725000
cellsize      10000
nodata_value  -99999.0
[rows 234 to 259 of 335, columns 57 to 113 of 335]
-3068.9822 -3255.8757 -3195.4795 -3116.0005 -3106.5398 -2945.467 -2797.6738 -2812.3916 -2859.9331 -2886.8513 -2827.5452 -2783.6306 -2648.4915 -2506.3027 -2485.1787 -2473.4692 -2394.7808 -2340.9541 -2309.3057 -2231.8545 -2178.9944 -2142.7124 -2132.0884 -2119.9043 -2170.9004 -2281.468 -2390.9648 -2492.7456 -2549.5459 -2552.0493 -2542.8459 -2437.6616 -2364.3701 -2424.446 -2512.9285 -2557.7034 -2578.0422 -2621.4822 -2596.6196 -2533.6504 -2459.3367 -2307.6897 -2101.668 -1891.614 -1724.5345 -1607.6746 -1476.3149 -1360.4751 -1255.002 -1072.871 -836.1449 -607.4034 -473.2946 -447.1377 -430.8317 -330.3414 -194.5034
-3014.811 -3377.1082 -3335.4937 -3079.5701 -2962.0425 -2968.7705 -3084.8916 -3198.4602 -3103.8445 -3012.5232 -2947.0159 -2907.6296 -2805.6794 -2700.4885 -2684.6086 -2607.1582 -2507.8372 -2561.46 -2555.3035 -2424.0212 -2334.1306 -2326.0354 -2345.0498 -2396.4688 -2452.7258 -2522.3777 -2583.5764 -2617.0261 -2697.6897 -2747.1499 -2734.7937 -2583.2122 -2432.1594 -2472.856 -2583.6426 -2659.1509 -2698.1167 -2738.3081 -2661.1348 -2499.6716 -2361.0249 -2167.5513 -1915.5491 -1732.226 -1638.3795 -1540.1289 -1440.6578 -1385.3842 -1327.6782 -1203.6674 -971.8674 -655.118 -458.7863 -475.2576 -604.0597 -640.423 -579.2246
-2788.6931 -3053.5356 -3195.489 -2997.8989 -2821.8804 -2918.4639 -3174.4736 -3259.5237 -3031.1406 -2762.8789 -2602.3003 -2543.2102 -2514.4172 -2532.3115 -2544.7148 -2464.3274 -2475.0181 -2601.0742 -2529.9722 -2385.2466 -2432.6904 -2615.5039 -2756.645 -2857.4614 -2821.5066 -2780.9468 -2838.1045 -2894.5671 -2967.2153 -2987.5444 -2913.9861 -2723.6458 -2625.0701 -2718.8936 -2743.1672 -2733.3064 -2714.1001 -2657.0803 -2545.0081 -2349.1848 -2127.0137 -1921.7479 -1751.4148 -1634.4788 -1567.6599 -1502.6958 -1451.3392 -1452.8035 -1438.6007 -1367.323 -1179.698 -778.3173 -476.0049 -588.5267 -957.2178 -1169.4692 -1205.1206
-3506.3225 -3531.7683 -3698.3271 -3707.5127 -3534.5481 -3441.0696 -3474.2283 -3383.0425 -3076.823 -2735.5627 -2467.4941 -2291.5464 -2211.1267 -2247.7009 -2240.9746 -2167.439 -2212.908 -2309.9946 -2249.3682 -2228.2983 -2554.2583 -3054.064 -3342.0786 -3391.416 -3253.8015 -3076.7368 -3061.4929 -3083.9956 -3041.9609 -2982.2739 -2867.7175 -2710.6855 -2718.4802 -2787.9434 -2670.5854 -2549.103 -2487.2632 -2384.7288 -2275.741 -2138.2993 -1973.7767 -1816.2651 -1678.3827 -1597.2245 -1603.2543 -1653.9672 -1684.8665 -1731.8124 -1771.8274 -1777.2881 -1682.4832 -1354.6571 -1079.8921 -1237.9862 -1711.2478 -2043.1852 -2116.4255
-4108.7251 -4080.425 -4061.9963 -3991.7996 -3876.0393 -3803.5034 -3779.4309 -3729.0764 -3557.5571 -3342.7124 -3204.6433 -3087.6721 -2985.1848 -2983.1274 -2864.8169 -2647.2607 -2609.3169 -2733.3704 -2865.3157 -3039.5669 -3287.5542 -3508.4631 -3557.5945 -3526.158 -3410.3127 -3265.8645 -3211.4758 -3148.4053 -3054.9231 -2991.2302 -2913.269 -2842.6702 -2816.4846 -2707.4402 -2500.1199 -2355.7466 -2303.7324 -2192.2219 -2047.219 -1942.8936 -1864.3225 -1756.2734 -1680.6599 -1727.7223 -1877.7401 -2045.761 -2166.4709 -2276.334 -2308.9531 -2345.5771 -2370.5305 -2281.5562 -2199.7051 -2306.4182 -2530.2756 -2647.1379 -2587.9353
-4207.9795 -4131.4072 -4073.8848 -4031.3354 -3980.3699 -3900.9675 -3865.3921 -3905.9182 -3952.8362 -3981.8445 -4037.3967 -4133.793 -4111.8164 -4056.0332 -3922.3728 -3691.0308 -3595.0554 -3638.4426 -3753.4063 -3850.9771 -3785.4309 -3655.9626 -3500.2178 -3358.5522 -3268.2808 -3300.6851 -3371.8718 -3333.0791 -3317.9546 -3319.3462 -3278.9565 -3150.6792 -2950.0664 -2672.2375 -2421.1511 -2292.3176 -2253.7244 -2171.8809 -2042.5627 -1933.9282 -1858.2395 -1795.4988 -1823.999 -1974.0189 -2173.1929 -2393.1924 -2581.6755 -2732.5781 -2760.2756 -2750.2407 -2789.6377 -2918.4155 -3022.6667 -3056.0745 -3058.7292 -2954.1963 -2716.1279
-4216.7373 -4121.8945 -4064.1008 -4019.5166 -3994.5242 -3985.5908 -3988.2148 -4020.1399 -4073.9131 -4104.3037 -4140.0469 -4263.2661 -4268.417 -4222.5894 -4264.4082 -4212.4644 -4125.1191 -4061.5803 -4073.4763 -4018.3242 -3800.9895 -3709.3191 -3555.6899 -3347.9668 -3241.8408 -3319.8293 -3503.0217 -3598.5422 -3658.5432 -3649.1257 -3590.4885 -3391.2363 -3127.2683 -2862.6243 -2638.4475 -2534.3601 -2464.8726 -2337.657 -2193.2832 -2089.4058 -2039.7144 -2030.459 -2111.0745 -2295.2129 -2516.5098 -2723.2058 -2881.323 -3008.1018 -3019.1626 -2985.4041 -3022.9934 -3100.772 -3137.3281 -3124.3572 -3075.6467 -2898.1465 -2612.5913
-4178.7817 -4140.8506 -4133.7842 -4041.2708 -3974.1956 -4036.7639 -4056.2454 -3998.7871 -3981.5457 -4065.259 -4124.9248 -4125.1597 -4060.8647 -4016.7483 -4075.6931 -4075.0798 -4034.635 -3971.9827 -3964.2898 -3913.5813 -3754.5593 -3783.3398 -3747.1411 -3568.824 -3444.4121 -3503.9097 -3712.4023 -3878.1323 -3907.9668 -3790.6331 -3734.6211 -3655.2451 -3504.3257 -3333.519 -3134.3862 -2918.9871 -2729.1514 -2616.1833 -2582.0642 -2580.1252 -2488.4302 -2377.7373 -2449.2666 -2656.0999 -2854.2803 -2991.79 -3081.4651 -3107.9233 -3057.8398 -3043.6953 -3078.7615 -3077.533 -3060.3208 -3037.385 -2967.6023 -2769.1941 -2471.6858
-4204.582 -4177.7866 -4221.2627 -4191.0986 -4112.6084 -4113.4556 -4115.1631 -3998.1658 -3926.2158 -4036.5076 -4070.0317 -3975.4873 -3930.6401 -3935.6057 -3960.9854 -3961.1904 -3905.7351 -3866.1897 -3893.4575 -3877.4841 -3768.7764 -3787.0986 -3890.2043 -3891.5396 -3818.5901 -3822.7688 -3879.4746 -3960.802 -3950.9802 -3839.4482 -3838.2195 -3833.3845 -3766.0249 -3664.2241 -3573.4844 -3390.1208 -3147.7222 -3054.4285 -3065.7427 -3071.4111 -2993.7021 -2887.1704 -2924.0833 -3081.3835 -3119.4763 -3024.1709 -2956.6982 -2934.1804 -2924.7856 -2928.4861 -2932.1567 -2980.7441 -3075.2693 -3113.3608 -3041.6624 -2812.6887 -2450.54
-4326.6685 -4216.0342 -4218.229 -4265.7813 -4229.333 -4157.7407 -4172.1724 -4132.2539 -4080.5269 -4120.9482 -4073.1936 -3994.0154 -4025.4854 -4022.3125 -3931.8252 -3886.6599 -3801.1353 -3754.1399 -3819.4775 -3831.6936 -3778.3008 -3718.3279 -3763.283 -3887.0898 -3921.1267 -3900.261 -3831.1489 -3835.4099 -3844.8767 -3800.5884 -3847.792 -3879.5747 -3834.6428 -3728.3347 -3717.4128 -3699.9082 -3572.9683 -3520.3655 -3472.0698 -3327.3147 -3235.5203 -3251.1125 -3301.1113 -3362.77 -3332.7278 -3172.1108 -3019.6277 -2976.5657 -2971.115 -2944.2854 -2938.3665 -3000.0222 -3151.1802 -3245.3708 -3129.0972 -2838.0195 -2453.522
-4405.8022 -4296.0967 -4236.71 -4250.2236 -4207.9858 -4162.1855 -4220.375 -4252.6572 -4202.6025 -4209.5464 -4206.0962 -4151.2549 -4109.1606 -4032.6843 -3930.3135 -3911.5242 -3875.0947 -3842.394 -3893.3027 -3881.2283 -3913.0566 -3930.9385 -3897.6453 -3915.0127 -3951.897 -3985.7302 -3935.6028 -3848.2673 -3815.866 -3827.0364 -3850.0498 -3854.5933 -3834.3025 -3755.9814 -3746.9709 -3812.1868 -3806.2671 -3769.6787 -3705.4033 -3558.7637 -3446.1487 -3453.5491 -3483.2456 -3434.1328 -3345.2773 -3295.8398 -3274.4011 -3254.2202 -3250.9844 -3262.061 -3258.4297 -3222.1035 -3179.3411 -3136.0637 -2980.7095 -2700.2344 -2377.6655
-4442.9092 -4412.7432 -4365.3965 -4342.5117 -4259.5615 -4174.4775 -4229.1602 -4317.0889 -4305.8184 -4312.9126 -4306.4194 -4243.1357 -4201.8208 -4203.1328 -4137.9722 -4036.2068 -4005.7161 -4054.6384 -4133.0264 -4107.0439 -4132.0508 -4223.9648 -4198.1343 -4085.6045 -4027.3804 -4058.4661 -4054.9404 -3950.3635 -3859.3538 -3876.1584 -3902.6453 -3914.4507 -3899.3198 -3846.2429 -3876.248 -3975.6985 -3979.1172 -3882.0071 -3818.6997 -3757.9873 -3656.6111 -3596.3127 -3596.0332 -3543.8018 -3469.7725 -3498.9136 -3544.145 -3514.2007 -3521.9468 -3568.2393 -3559.2913 -3435.5388 -3173.0122 -2937.3889 -2778.2778 -2584.2329 -2325.3403
-4488.73 -4506.0781 -4470.7397 -4437.4932 -4406.2935 -4339.7251 -4312.5859 -4318.1968 -4342.3491 -4426.1245 -4440.605 -4347.8447 -4300.9717 -4362.624 -4323.2427 -4167.4194 -4124.9155 -4205.4448 -4321.4297 -4339.3784 -4320.8813 -4325.2944 -4238.1855 -4105.7935 -4075.8875 -4132.0483 -4118.5381 -4047.5916 -3997.2617 -3951.2805 -3967.011 -4075.9939 -4098.4536 -4011.9805 -3992.5315 -4090.0535 -4115.2837 -3973.1042 -3865.2764 -3846.9114 -3794.8542 -3719.301 -3698.7324 -3687.4895 -3683.4548 -3735.2075 -3745.5767 -3717.676 -3713.4565 -3652.9839 -3525.603 -3344.0864 -3146.3486 -2954.5728 -2770.6675 -2601.2473 -2391.3845
-4550.7358 -4563.5083 -4547.7598 -4488.4443 -4474.833 -4507.313 -4443.1157 -4277.4863 -4257.123 -4406.2637 -4494.502 -4448.1763 -4397.0132 -4409.4717 -4376.9487 -4315.3486 -4296.8091 -4264.4985 -4304.1128 -4398.96 -4430.0498 -4391.5527 -4282.9917 -4204.8643 -4263.7656 -4318.8652 -4204.2583 -4117.0767 -4165.8618 -4137.3232 -4086.1453 -4158.0732 -4191.2378 -4104.1084 -4007.29 -4065.7178 -4113.2788 -3978.8022 -3866.8557 -3870.949 -3828.9792 -3749.2637 -3755.908 -3791.8718 -3804.1558 -3820.2891 -3802.5969 -3753.1768 -3684.7944 -3586.043 -3467.3696 -3347.301 -3273.8962 -3121.5564 -2909.3333 -2738.2039 -2570.2769
-4589.4487 -4588.0396 -4611.7583 -4563.748 -4505.8984 -4525.6372 -4483.103 -4370.9697 -4354.8071 -4424.0889 -4461.2109 -4408.8286 -4382.3628 -4405.3794 -4374.9741 -4344.9497 -4327.2417 -4261.936 -4276.6792 -4375.8843 -4396.959 -4388.9976 -4377.1899 -4357.4004 -4395.5488 -4406.604 -4267.7627 -4170.3018 -4228.4253 -4221.564 -4103.6582 -4080.1404 -4129.3501 -4119.8984 -4038.387 -4051.8201 -4090.5569 -4007.2654 -3933.8628 -3934.5085 -3896.2725 -3838.5386 -3844.4189 -3857.4417 -3839.75 -3809.7786 -3750.9084 -3664.4424 -3598.4836 -3558.8718 -3518.9954 -3471.1111 -3425.1853 -3306.2336 -3161.0911 -3002.929 -2844.864
-4604.8931 -4595.3115 -4617.9482 -4608.2637 -4545.0742 -4519.0498 -4506.7979 -4499.0664 -4508.2246 -4507.9512 -4467.7808 -4370.2515 -4364.6558 -4423.8892 -4409.125 -4378.4634 -4358.0142 -4336.1548 -4354.6685 -4361.8721 -4329.6636 -4354.8823 -4389.1543 -4371.5059 -4343.916 -4344.9985 -4316.9346 -4285.6548 -4279.1899 -4237.8735 -4166.8511 -4143.0815 -4168.1504 -4173.626 -4122.5029 -4065.2874 -4058.3999 -4044.5403 -4012.137 -3986.5364 -3969.3931 -3952.9268 -3928.7166 -3912.4573 -3895.7649 -3848.6775 -3767.073 -3688.9709 -3641.2446 -3609.5454 -3601.6741 -3599.7456 -3581.624 -3567.5193 -3522.4326 -3333.2009 -3147.5872
-4529.5298 -4511.9644 -4554.8838 -4570.7236 -4509.832 -4490.4014 -4502.8672 -4473.9585 -4455.6646 -4495.0146 -4507.2432 -4433.1289 -4408.9976 -4451.7612 -4445.0239 -4442.2329 -4478.7959 -4472.8496 -4433.1646 -4383.8467 -4363.9692 -4410.9917 -4424.3452 -4369.6875 -4332.6797 -4348.0415 -4355.2456 -4364.7134 -4356.7744 -4298.6558 -4266.6475 -4226.8335 -4143.1719 -4110.3013 -4126.0063 -4088.0579 -4065.3469 -4079.0449 -4071.4336 -4031.6326 -4003.6199 -4004.7222 -4008.2891 -4030.2271 -4028.3889 -3967.7893 -3898.4907 -3851.6555 -3804.1704 -3749.8325 -3724.7944 -3713.0359 -3692.9006 -3721.6235 -3714.3862 -3493.7244 -3265.448
-4515.9233 -4461.5679 -4509.6011 -4545.166 -4508.9546 -4493.7153 -4504.5815 -4508.7642 -4497.1567 -4500.2612 -4513.8604 -4478.8306 -4473.6152 -4509.9473 -4477.1499 -4456.2666 -4501.8721 -4499.1118 -4463.3208 -4442.7764 -4425.5313 -4420.145 -4404.9736 -4352.5742 -4333.1284 -4380.4473 -4362.5645 -4325.938 -4356.252 -4339.6836 -4323.6191 -4307.439 -4194.9814 -4105.8081 -4124.208 -4140.2524 -4118.7041 -4097.3823 -4106.6479 -4110.0723 -4072.0354 -4034.4133 -4065.3936 -4123.2935 -4099.7031 -4044.3357 -4003.1816 -3966.8232 -3952.1736 -3911.2129 -3850.8523 -3812.3943 -3736.0996 -3686.0642 -3664.8936 -3486.1372 -3234.5193
-4578.5439 -4523.1372 -4522.4683 -4550.2725 -4559.5327 -4542.7441 -4530.2559 -4566.7329 -4586.8433 -4542.0088 -4494.4966 -4465.5645 -4487.6426 -4531.6631 -4530.8208 -4540.6377 -4556.5156 -4534.2329 -4511.0767 -4482.3638 -4450.0928 -4444.5234 -4468.9863 -4420.2603 -4335.3755 -4375.3101 -4413.3589 -4345.4414 -4310.6519 -4304.8408 -4338.6138 -4381.21 -4327.0142 -4231.9028 -4209.7954 -4189.1704 -4127.187 -4088.9167 -4116.4663 -4144.0854 -4106.4829 -4044.9775 -4060.6948 -4100.1055 -4075.489 -4047.3772 -4016.7249 -4001.8083 -4033.5554 -3980.1682 -3872.2119 -3839.2512 -3756.5291 -3607.79 -3531.8 -3455.3672 -3288.4434
-4570.7329 -4544.7666 -4521.5806 -4557.2578 -4582.0435 -4537.0313 -4532.6499 -4585.2744 -4611.5039 -4569.3369 -4538.3828 -4519.0938 -4494.6743 -4495.1382 -4554.9756 -4608.29 -4605.0981 -4621.5723 -4614.7358 -4528.061 -4456.5908 -4462.9897 -4529.7505 -4498.7666 -4364.438 -4363.9604 -4442.8809 -4384.7456 -4278.8403 -4262.9229 -4328.3589 -4363.0771 -4351.6865 -4344.8115 -4308.3755 -4197.0107 -4130.6123 -4140.9878 -4157.3394 -4150.9121 -4122.3813 -4081.6414 -4069.6177 -4067.3118 -4062.5762 -4054.4333 -4005.6743 -3979.8645 -3974.4832 -3908.575 -3829.2969 -3804.0837 -3776.4443 -3641.0127 -3523.3425 -3494.5713 -3413.9636
-4524.8867 -4504.1694 -4506.6772 -4575.3877 -4613.394 -4570.103 -4566.3325 -4592.3232 -4593.6079 -4585.7622 -4622.126 -4583.4106 -4419.1948 -4363.9922 -4500.0654 -4554.8413 -4555.415 -4647.1958 -4609.4556 -4412.9224 -4298.4155 -4315.8823 -4434.3071 -4528.9321 -4473.2104 -4431.4302 -4455.6235 -4401.2383 -4328.4629 -4323.8628 -4360.5317 -4371.8975 -4354.4629 -4381.4116 -4353.8438 -4244.9077 -4217.395 -4245.9395 -4222.064 -4177.0825 -4136.7495 -4070.7297 -4033.9207 -4031.6196 -4040.1052 -4048.6091 -4043.6104 -4021.2351 -3912.2085 -3826.6047 -3793.8081 -3747.6682 -3744.9048 -3667.4614 -3577.5356 -3585.0291 -3548.9236
-4482.4824 -4463.3823 -4489.8174 -4553.022 -4596.7646 -4580.1313 -4557.9453 -4557.3555 -4562.3989 -4582.9819 -4645.6011 -4600.3081 -4383.7549 -4314.5127 -4461.2529 -4484.8032 -4486.2974 -4596.6704 -4590.9277 -4435.4429 -4340.293 -4375.0449 -4479.4072 -4565.7168 -4554.4883 -4509.6587 -4470.1479 -4416.355 -4392.1118 -4377.4385 -4374.9468 -4386.2925 -4355.4434 -4355.3247 -4346.6968 -4284.2456 -4263.2544 -4267.1172 -4202.5195 -4141.4526 -4161.2783 -4135.1641 -4061.1563 -4053.3306 -4060.6992 -4014.7126 -3968.7139 -3926.0164 -3832.8679 -3774.658 -3738.0396 -3687.6729 -3638.8606 -3557.4258 -3542.5669 -3597.9985 -3558.606
-4478.9785 -4491.6567 -4518.0405 -4523.2446 -4532.7939 -4556.5815 -4569.5981 -4564.7129 -4546.2075 -4550.2036 -4585.2568 -4585.6714 -4516.6699 -4493.3779 -4533.7002 -4495.6982 -4457.9629 -4520.5244 -4581.0317 -4539.1016 -4454.5537 -4472.1729 -4548.8345 -4566.7139 -4527.0254 -4497.6973 -4458.9419 -4412.9043 -4388.8657 -4352.5259 -4318.1353 -4322.1587 -4303.4326 -4289.7188 -4293.3525 -4266.0825 -4258.127 -4263.54 -4192.1421 -4121.8589 -4169.7642 -4184.4312 -4094.1919 -4050.5847 -4032.9043 -3958.9419 -3860.6533 -3763.5806 -3708.9644 -3684.5513 -3646.5508 -3621.0662 -3564.584 -3519.2417 -3551.4192 -3554.7649 -3400.5015
-4513.3677 -4507.9517 -4544.3657 -4531.0156 -4476.2632 -4487.0566 -4541.731 -4574.3203 -4538.9019 -4526.4023 -4534.7295 -4548.2798 -4593.8843 -4620.835 -4568.2344 -4466.5864 -4429.4912 -4457.1812 -4485.1572 -4463.834 -4388.6353 -4415.3359 -4507.4326 -4522.8989 -4489.5508 -4459.4375 -4396.0708 -4305.2246 -4259.2842 -4244.75 -4246.7207 -4290.7676 -4284.397 -4227.7373 -4231.3462 -4241.937 -4217.4946 -4205.2554 -4185.9375 -4147.4297 -4151.6782 -4145.5234 -4063.0139 -3957.4067 -3837.1396 -3762.7549 -3772.0964 -3769.062 -3706.7778 -3608.8489 -3535.6226 -3535.9041 -3560.6235 -3629.0227 -3683.3828 -3583.6738 -3275.9888
-4548.2642 -4492.7715 -4501.5972 -4505.1973 -4444.5688 -4396.9312 -4416.5361 -4496.4023 -4523.6221 -4534.1025 -4520.2793 -4496.4463 -4535.2822 -4561.3301 -4494.8379 -4423.6255 -4442.187 -4444.0156 -4434.1904 -4433.8057 -4391.062 -4416.0186 -4453.8799 -4423.4951 -4430.9443 -4440.9878 -4391.9688 -4310.1685 -4244.4561 -4218.0518 -4255.2021 -4317.2349 -4296.4795 -4232.5381 -4244.4204 -4246.8506 -4167.4878 -4097.1396 -4105.2573 -4138.5068 -4129.791 -4071.8975 -3990.4238 -3919.7209 -3841.5557 -3761.1394 -3721.6458 -3706.0017 -3651.8369 -3550.2112 -3500.9475 -3545.9126 -3576.9163 -3606.0493 -3632.1423 -3516.6089 -3234.4919
-4546.7529 -4488.6309 -4478.5459 -4504.7925 -4505.4731 -4484.0879 -4458.0303 -4456.7065 -4495.8799 -4523.7446 -4495.373 -4484.0552 -4501.5962 -4496.7236 -4467.751 -4465.373 -4479.0645 -4434.7729 -4428.1772 -4450.873 -4419.9985 -4411.3423 -4404.3931 -4355.2231 -4372.9658 -4416.3169 -4411.4365 -4384.5132 -4354.4307 -4316.9121 -4318.9717 -4318.5024 -4261.022 -4218.0708 -4213.6265 -4193.876 -4146.8662 -4073.7717 -4042.0266 -4084.7227 -4093.8086 -4049.0181 -3987.2847 -3920.3054 -3866.0125 -3791.8792 -3686.3267 -3608.7163 -3583.6521 -3545.1125 -3501.3596 -3523.1172 -3510.2549 -3443.2676 -3447.6694 -3379.675 -3178.5503
