Resources/Map/Lvl0_30x30/Ele_CG.asc
ncols         335
nrows         335
xllcorner     55000
yllcorner     -25000
cellsize      10000
nodata_value  -99999.0
[rows 224 to 251 of 335, columns 252 to 314 of 335]
530.7735 527.0295 537.6079 568.892 568.4969 613.6699 628.3081 621.9355 592.1154 597.6253 588.299 574.2818 563.1852 560.7515 558.3793 551.1666 538.3151 512.9365 508.573 523.6877 522.8447 520.0405 542.784 546.7769 536.9881 508.1212 504.1231 480.3447 472.6525 483.5132 471.6927 464.1392 457.6797 475.5428 449.6457 441.1816 436.4628 417.3871 415.165 413.4567 414.0822 410.449 408.6972 406.0617 405.8369 404.7532 404.5641 405.9695 404.1328 402.8133 399.0232 396.4576 396.672 396.5254 395.1133 392.6888 392.1397 392.7992 392.375 393.1356 391.5257 390.0203 384.8877
563.7617 537.0742 545.1938 584.47 649.5474 698.8909 821.5635 630.9243 616.5256 598.9959 603.6097 598.9843 572.9927 579.2036 580.4258 551.3397 529.4487 518.7386 532.3472 542.5479 519.4137 539.54 542.1369 624.0535 567.0646 574.6729 495.241 570.0887 483.7519 479.7663 480.3636 489.8275 460.9513 481.602 459.1524 453.5991 432.8463 421.4316 416.1392 413.4288 413.6307 410.0201 409.7789 409.2267 407.4188 406.7775 406.9179 408.3926 407.3383 403.1028 398.502 397.9056 396.373 398.1414 395.5881 393.29 392.5136 392.5219 389.0766 390.5457 390.7819 384.4828 383.6108
548.249 579.9147 585.9017 619.8021 693.5549 827.3754 673.3477 648.8376 636.5167 611.2241 634.1677 596.0776 597.3744 570.5071 549.627 534.6284 542.3523 540.9341 542.2665 564.3717 542.0538 541.9482 567.3334 579.7358 617.9163 556.0881 665.7836 516.4199 513.1103 526.3868 501.7994 487.989 474.8966 483.119 476.3566 460.6566 435.1171 447.0024 433.5096 418.8776 415.4017 413.0321 412.2243 409.5048 410.0139 409.6435 409.6931 411.9927 411.0556 406.1348 400.0876 399.9984 399.7474 397.5344 394.3738 393.9056 392.3466 391.5593 388.52 385.4876 388.3263 382.3568 384.4789
568.4794 646.3066 646.1248 635.3864 713.4705 795.1481 713.3636 660.8792 639.797 649.8663 653.6178 629.0164 612.4541 577.8213 550.5564 559.9251 559.8411 551.9175 565.9751 593.9136 559.2138 564.595 584.4792 562.8045 539.0096 523.92 527.9794 536.4651 534.7758 530.8538 516.2736 498.6082 476.9747 497.5789 475.7024 452.4872 448.3665 453.9482 437.5114 427.2244 417.6764 416.0699 414.877 413.1141 412.8933 414.4352 414.3873 413.4299 411.1548 410.1937 405.6154 399.9936 398.7959 392.8284 392.0999 392.8166 390.418 388.7469 389 386.2196 388.1705 383.866 386.5933
645.3993 652.3706 740.1966 917.7156 824.1091 865.6373 695.0937 696.0505 688.1787 651.7726 625.9247 598.8218 596.3455 562.4326 574.113 575.4126 567.8832 576.7316 611.0371 605.219 576.3273 575.5308 603.4226 586.0021 557.0897 557.8072 549.4763 577.0699 562.7271 533.8199 514.8694 498.5 494.0489 496.2965 480.1978 464.0534 463.4254 464.3867 456.9259 446.1164 428.0005 420.2756 419.1477 417.3334 415.4412 415.6669 415.9727 413.4144 408.3197 408.8923 405.0155 400.3027 399.0909 397.2299 394.5427 397.2698 396.0117 391.8211 388.3333 386.7547 384.8128 388.1191 387.9889
648.0935 727.0331 740.537 1011.456 816.3233 773.2723 749.745 740.1087 682.0569 635.1946 612.863 583.6008 575.1048 591.4884 603.0487 587.7957 621.5127 620.7902 658.3129 625.1644 597.0046 584.0263 618.0161 606.3489 621.8605 597.475 591.6755 569.9357 544.4477 529.5481 525.3608 515.5273 509.8305 519.1231 507.1093 483.2725 476.5385 467.0583 477.8005 458.4274 449.8219 428.349 423.4721 422.4115 421.3197 418.7976 417.8933 414.02 411.6225 411.804 408.4751 401.4352 396.5087 394.9268 398.5048 398.9674 396.6446 393.2677 390.7346 386.3194 388.0861 387.4271 385.6696
816.3817 819.8666 978.2402 944.7703 826.4191 883.1847 745.2904 766.4498 681.261 650.3932 622.201 590.1703 608.4258 650.2153 630.0641 621.187 658.5557 641.2055 660.2393 620.8922 609.0969 608.421 656.5891 666.8073 641.61 627.7604 589.0967 570.4117 553.9917 535.0609 515.7624 509.9204 488.0615 500.1461 496.9467 481.421 485.1822 466.7532 452.1662 444.7021 438.9056 432.1745 430.261 429.3588 426.7714 420.5806 417.7903 415.39 410.2879 406.8797 402.2449 397.9203 396.0444 400.9998 397.9008 397.1908 394.9529 393.0886 392.3893 389.6041 388.8606 392.1164 388.2052
782.1538 835.9845 912.2495 1012.7052 847.5505 862.5357 806.4836 723.621 660.7505 624.9017 625.7509 624.8607 633.6517 693.0648 664.2658 652.3146 746.1193 687.9383 679.1341 642.6606 651.1147 617.0242 665.2933 662.5861 610.7967 588.7673 578.7489 541.9651 585.2302 573.462 537.1886 509.5086 484.4352 489.9337 507.8789 492.0212 468.6992 449.3964 447.2627 448.3549 453.2942 434.8759 437.2317 451.801 422.6862 420.1244 418.81 416.0288 410.2326 406.7808 397.2213 394.4451 393.9007 393.8057 400.3812 399.7205 396.8548 395.2023 395.0413 393.324 393.6933 393.6051 390.5056
920.9882 938.9462 867.6455 954.8615 977.5458 936.9744 800.9304 732.3666 671.6604 650.2343 653.9656 667.3112 687.2198 737.0591 802.183 680.7091 789.9778 743.8245 710.714 687.514 708.2304 666.3688 697.0278 621.9661 589.3972 574.7293 549.0078 546.4263 555.0239 541.0353 536.5886 527.4157 518.3247 490.7305 475.7082 467.4596 455.8647 470.654 477.2991 462.6912 462.8741 436.0787 456.4355 459.8974 435.9059 421.5225 420.4125 417.0367 413.9306 406.1044 401.8692 397.0795 396.8564 396.4325 400.0774 399.3878 397.503 396.9639 393.594 395.536 390.8549 391.2355 390.536
921.6438 911.7034 902.0464 918.6176 945.6567 843.3411 753.307 724.9391 688.6839 693.074 676.6076 707.902 721.7647 774.1205 1069.2776 761.1816 739.146 800.9543 733.4359 716.8833 744.4891 754.8107 683.6028 656.1292 657.8701 589.8019 573.4669 587.6075 545.6165 538.5608 515.6736 510.9985 506.4786 479.4078 476.1166 484.4946 494.1034 488.7413 478.8966 483.2681 469.1482 449.0225 456.1115 475.8529 460.7477 429.4868 418.1848 414.9694 410.3576 407.9229 407.9408 398.9679 397.3296 396.6976 402.1939 398.6163 395.9761 396.3012 397.3631 393.6256 397.7649 395.0127 391.5191
881.8981 862.689 902.0571 879.9526 880.4839 845.2859 792.6202 753.0507 729.4893 744.528 746.5095 751.1551 807.512 911.3262 1066.2847 897.029 846.6899 840.4237 795.8728 722.907 719.1998 737.1734 687.6535 709.7869 637.1432 608.2346 550.2816 542.4844 558.3484 557.6872 512.5744 496.1007 481.8558 499.1315 488.5072 516.0552 497.7389 481.8379 500.084 500.9637 485.0222 451.6012 454.0955 479.473 449.0677 435.1542 422.3833 413.2849 407.0634 404.4212 406.6601 389.7576 399.9128 402.1986 400.0316 399.6877 398.5605 397.6951 395.4507 393.8031 396.1971 397.4519 396.2442
837.5754 788.9752 813.0595 851.5184 940.1592 850.996 895.7207 854.8281 834.3128 818.4612 827.3593 849.2601 882.6599 978.2169 1007.1589 1000.277 865.1381 779.9313 799.8842 758.218 696.8862 698.3646 678.8118 650.7423 625.6146 572.6545 548.4275 533.5355 539.4681 531.7934 509.6203 497.2198 512.792 489.5049 485.6337 516.4879 507.5272 510.6418 515.062 487.1619 470.7135 461.0239 456.1957 473.5501 471.9648 454.5248 451.2945 416.8505 411.4327 410.091 406.0231 403.6219 407.3702 405.2899 404.0222 404.6882 399.8541 394.8567 394.2403 395.7548 397.1392 397.722 393.0603
814.6171 772.1122 788.5994 856.0857 873.2253 798.821 881.1016 818.5855 794.2783 824.1147 810.2977 863.276 915.4526 868.1542 919.2427 1009.8121 833.7531 802.2592 752.841 754.5613 723.1377 687.918 653.9011 630.3688 639.6297 623.7687 599.494 637.6218 563.793 523.7292 536.9863 527.5591 507.6781 520.4022 513.2327 528.7331 514.9025 518.2849 489.022 486.5618 462.0386 488.4308 471.3941 473.6568 467.8249 459.6596 444.0457 432.7088 425.8839 419.6869 413.256 411.0063 406.6363 406.7702 403.6132 403.3347 400.3944 399.4207 395.9488 395.9214 394.5399 393.6813 391.6771
832.7463 788.6763 807.0394 868.2598 869.709 776.4083 871.7438 792.988 787.9673 775.3789 831.2068 869.2195 873.5164 833.8085 811.713 809.7146 768.8315 738.6268 737.6251 725.2931 696.2059 683.1661 695.4959 689.0314 677.5631 650.8188 615.6381 596.9378 566.1365 532.9581 562.7116 548.9092 507.924 541.0953 555.9942 559.8701 541.9981 523.9496 496.2941 476.7921 476.6795 485.5882 474.8672 496.0146 473.898 454.6733 443.8998 452.3022 450.4406 417.6093 410.0855 399.926 406.3877 406.0836 406.4991 406.8031 399.9652 399.3261 399.5134 397.1521 394.5012 391.4084 392.0341
929.1006 870.3537 762.048 806.0866 846.5859 774.7775 757.8428 770.3521 774.5267 781.2931 830.2955 882.4985 848.697 810.5732 795.0513 761.7583 744.9907 730.1164 710.3688 711.8116 709.6525 726.1848 726.853 703.7176 633.9772 618.8228 589.903 572.8614 562.3958 596.1367 582.4116 555.5098 516.9523 561.4242 597.312 567.3135 541.9503 504.9635 471.4925 511.9658 495.9925 508.558 481.5299 504.5183 467.3682 460.9723 461.2981 465.0373 450.4998 444.4086 430.178 409.0635 409.8302 408.0114 410.7918 406.9331 404.2728 400.4329 398.2538 397.1936 397.0786 394.3682 395.4777
891.8552 915.5839 778.0469 771.7731 774.7748 796.3082 729.3392 735.4984 757.369 788.212 818.9664 883.2677 863.1014 834.1313 809.9142 817.223 813.3861 772.3588 755.072 734.376 751.0345 723.1287 684.6765 655.338 605.3099 582.1797 568.9478 591.7477 606.783 617.3396 623.7571 578.5674 559.6075 569.3944 594.6707 545.565 528.9662 506.6805 488.2103 546.0895 528.9896 531.2338 493.7422 510.188 495.6518 489.4377 480.632 474.2618 439.1521 448.2351 444.7716 424.41 427.4543 412.8552 410.9161 408.6846 406.1632 401.0908 398.7656 400.5984 397.8859 394.6491 394.7153
822.2061 821.6356 767.7438 715.1087 733.6716 730.9338 734.5737 782.9568 811.1752 881.1835 873.8333 887.5858 883.2098 849.5299 849.632 855.2393 839.2974 823.3282 788.596 773.2679 753.9813 726.5171 701.6088 655.2086 645.5838 640.7556 599.076 603.3835 638.133 631.4084 664.1318 628.2918 598.11 583.6378 567.4689 542.3859 516.2545 490.8351 508.3428 557.0875 549.3111 541.5027 518.6834 519.0423 518.7485 509.1865 478.9829 460.0799 469.158 438.8333 457 462.9482 448.3991 423.7388 412.084 411.8008 409.1283 406.6793 401 399.0695 397.8644 396.2678 396.0036
759.845 821.5202 768.8147 741.0251 724.6842 698.5323 737.7373 825.0554 847.375 938.22 885.1835 845.1405 838.4726 795.66 790.6441 857.0224 854.798 842.2477 827.5686 813.8039 782.4031 753.1063 695.5692 683.1709 663.2151 670.5899 658.0056 668.9491 675.0404 678.6754 685.3022 649.9297 597.0659 615.1174 582.385 525.2411 494.101 521.4916 516.7996 558.6232 558.7162 529.6597 558.0846 518.9267 491.2219 494.1371 519.7055 471.0154 444.4817 449.0685 474.3185 459.231 448.4908 421.9282 414.2097 413.5059 409.0205 407.9382 402.6435 400.7929 399.7964 399.3977 401.354
745.5235 739.2421 765.5698 766.3788 702.2224 680.1212 737.1957 784.4198 808.417 963.7865 880.8679 826.8362 778.2673 773.651 760.6058 758.8829 832.5961 802.6009 790.8429 819.5474 769.4543 733.8175 719.9514 747.8705 717.0142 681.8143 680.2263 751.3087 724.3071 717.2161 640.661 618.9629 590.9929 599.4307 559.9061 538.7585 506.948 539.6403 545.9216 555.1149 577.7379 553.1776 563.2693 538.1859 511.0667 478.3169 480.0307 455.6297 456.6284 461.707 475.3954 459.1578 454.6292 434.8142 418.6151 421.6156 406.9456 407.9822 404.2155 400.0525 399.0488 401.0217 402.5056
685.954 737.4031 834.3266 772.2545 677.3565 691.7486 752.7692 770.4584 821.6413 880.2635 854.5998 797.8558 772.6443 750.4221 726.9714 755.1183 804.1237 777.7091 739.1506 767.9983 806.191 770.4697 752.6152 761.5662 716.463 690.8858 718.1298 725.896 712.5031 705.8015 655.6273 639.1583 618.1039 604.3729 578.5893 550.9738 518.7369 543.1373 567.6497 573.7444 586.5937 609.0569 579.7598 570.8171 523.5604 501.6544 463.3271 468.7499 486.7797 458.1451 457.9925 466.9952 436.5307 429.3453 424.597 424.9067 411.5494 412.2703 407.0351 402.091 396.9135 398.5192 402.6499
669.0977 741.9449 766.0552 674.1374 717.033 743.5273 757.392 738.8344 779.0306 849.9856 797.9844 776.5665 754.7579 756.6887 713.067 724.3357 774.2914 747.7744 717.3931 734.0828 738.9808 786.1494 781.7621 756.5621 767.7482 741.9027 725.8066 728.7715 690.593 650.0957 645.6537 619.2939 631.0971 578.5917 555.7963 531.6868 520.6617 555.6725 571.5381 598.457 625.7122 634.5187 612.6356 578.3918 525.9606 482.5556 489.9262 474.7117 490.4029 458.5228 448.6005 452.2314 438.0197 446.1102 439.0758 437.7933 419.0655 429.8085 408.0858 399.0323 397.9198 405.1267 406.0891
656.7366 683.0646 651.4786 663.7297 710.3034 712.2433 726.9933 714.6705 760.0583 800.478 763.0656 731.5062 755.5382 715.8964 696.4296 722.2365 740.8157 749.9045 697.9937 713.784 722.0015 786.4417 758.223 801.6283 742.6476 731.9432 731.2054 715.9622 694.3577 692.2095 636.4556 682.7994 633.5676 577.4196 558.8913 555.5138 548.5785 541.8042 559.9702 594.8489 615.0727 581.8123 586.4744 566.3216 518.3846 504.6572 478.8605 494.0583 508.4919 479.9014 459.66 460.1411 480.2642 456.9486 442.5372 444.3238 433.8206 429.3926 406.9264 398.0588 401.3675 409.1079 409.3153
637.7334 646.9008 693.1312 698.8455 692.9827 705.3699 712.3769 735.3923 777.6653 794.6737 773.1579 734.124 731.3425 744.0423 712.1256 703.6473 729.4876 719.1786 708.8442 704.6689 741.4814 744.8526 731.066 765.6115 791.0414 773.4797 759.3926 721.3681 689.0455 661.9225 701.5601 629.0135 608.2625 592.4136 583.1742 589.84 565.2347 553.7784 579.5129 592.098 594.7623 553.762 547.1253 529.5248 515.595 486.3179 497.0465 506.7809 469.6051 458.9314 465.661 516.9553 474.9984 456.3748 429.1829 454.1149 469.5102 440.1628 428.5181 402.1907 401.4895 409.5252 409.1649
708.3436 750.162 771.4559 688.2291 695.3446 733.5727 721.575 770.1497 754.465 742.2162 760.1948 767.0472 709.3479 727.9164 701.7657 684.4478 714.3569 696.3907 687.705 737.3524 703.1262 738.451 771.2824 801.8862 740.7225 735.5013 755.9462 681.6796 676.8491 682.4462 692.167 639.3076 609.5414 625.3129 606.8084 604.9856 582.8511 568.6829 603.036 582.6311 558.9356 548.1329 518.6611 501.6958 523.3096 519.0068 522.9684 497.6139 476.8698 491.9771 479.8439 506.5372 488.2987 475.1428 425.8347 459.9904 467.8084 440.5655 419.6873 422.6866 408.8367 414.0949 413.7688
738.1303 725.6992 762.2911 730.9072 759.3047 714.9675 758.0085 766.0904 772.0838 707.4007 736.3187 744.6097 713.4639 714.3356 696.7688 672.855 677.7519 690.1993 721.4504 689.4735 727.8444 745.7169 789.666 737.7734 709.1705 696.9266 693.6625 677.3382 762.168 681.0678 664.9174 626.4658 607.2347 662.303 636.8439 628.9468 580.8276 564.5793 600.1054 569.0431 541.8425 528.7135 504.407 523.2139 554.3869 538.0917 511.2278 493.5043 497.0217 524.2369 502.8594 494.8212 471.1203 461.5518 467.0187 444.0857 490.5711 461.2862 433.8592 425.1657 428.8049 415.5362 416.968
768.3412 751.495 831.7366 732.9196 748.1825 706.4598 718.7065 732.7574 734.3687 707.2002 716.0518 729.7704 745.2346 700.0726 697.6138 663.7509 673.7474 695.0799 670.9474 718.0369 712.2104 729.2794 784.9781 765.1511 785.4154 755.104 744.4944 749.7898 692.1877 734.6995 666.3207 633.483 636.2648 655.8789 651.1654 611.7044 596.9486 582.3295 606.857 573.1783 572.0311 535.0301 539.998 553.1949 567.2098 553.8954 517.3626 511.4639 524.3496 502.3145 491.1657 475.6066 444.3389 478.0258 486.985 444.7527 452.0064 483.2878 441.7908 431.3596 439.8929 421.7736 425.0084
717.1045 769.5624 741.7246 731.0612 719.3512 675.1075 710.3149 759.5485 724.3598 711.4299 679.624 717.9052 711.2234 693.569 676.7811 666.4565 668.8338 691.3716 669.6696 688.5506 701.1906 729.8906 749.4186 734.5657 805.5157 765.1458 786.5977 752.8956 715.2195 779.4356 664.7056 680.6078 678.8998 662.0374 617.48 597.1194 592.8859 593.021 613.7852 600.9316 592.681 522.9916 557.8492 579.9967 586.1442 550.5181 557.2836 526.6315 496.8604 503.3604 474.0367 450.0565 482.8483 503.282 467.7203 458.2982 472.1634 478.6142 482.966 456.331 456.0527 427.2621 426.1392
720.1865 763.152 696.5399 688.7452 747.168 723.5936 675.3224 728.5662 710.1459 702.437 673.4968 705.9178 700.8759 722.0435 672.4688 654.1896 666.5505 669.3749 686.2314 700.4254 666.816 719.801 724.5397 712.4318 745.4373 746.8696 778.2713 742.0753 812.9438 734.1602 696.1612 686.2375 711.1093 718.804 657.3945 620.1301 591.1379 598.204 627.0054 577.9401 558.069 540.6141 576.4218 581.2518 540.9766 547.0217 518.4891 526.8473 483.4008 463.008 473.1251 485.3518 525.5853 483.116 468.9572 472.9038 527.0405 525.4856 479.893 481.3506 461.9561 439.9829 435.1602
