Resources/Map/Lvl0_30x30/Ele_BK.asc
ncols         335
nrows         335
xllcorner     13455000
yllcorner     3325000
cellsize      10000
nodata_value  -99999.0
[rows 189 to 215 of 335, columns 122 to 182 of 335]
-16.502 -49.8079 -53.3037 -52.2995 -26.1898 59.8363 22.6464 151.8932 96.9282 83.5572 16.9927 67.2927 115.3006 21.8171 35.1256 147.1673 380.1938 307.2501 290.1531 325.0091 51.4516 335.9431 215.0447 204.4456 22.3753 -76.0544 -109.2098 -147.9194 -201.7851 -251.0355 -421.0608 -584.2253 -730.1024 -1117.9083 -1536.3126 -1830.761 -2325.3787 -2828.2808 -3147.6777 -3321.9238 -3388.5986 -3438.6411 -3486.2217 -3524.8271 -3547.6184 -3556.9397 -3569.3054 -3579.0349 -3581.7937 -3582.873 -3555.7593 -3095.4187 -3316.2117 -3621.1704 -3632.2944 -3637.2336 -3638.8188 -3635.6985 -3633.1177 -3635.4294 -3643.5066
-57.142 -64.1985 -66.9594 -67.182 -54.9368 22.0679 9.5333 -2.8621 25.2384 -3.6951 30.8748 133.5713 22.1346 229.8595 648.273 491.0081 359.1168 276.0517 57.4979 46.7605 23.8552 13.4266 -52.2692 -87.6027 -132.1241 -167.1763 -184.3767 -219.9161 -252.5549 -414.6565 -728.5627 -875.796 -966.1304 -1229.2395 -1523.2317 -2101.3196 -2699.1274 -3046.5996 -3314.449 -3444.126 -3467.2146 -3492.6487 -3512.9219 -3536.5322 -3553.0815 -3560.8894 -3575.124 -3584.167 -3580.6064 -3574.9258 -3368.8074 -2656.1738 -3283.5381 -3620.4221 -3639.1606 -3644.9119 -3643.5271 -3636.6499 -3632.5569 -3631.5981 -3644.8665
-58.7811 -67.4527 -71.8877 -72.2921 -59.0627 18 -41.7771 -55.7684 -61.151 -52.2759 -22.4149 44.8996 -11.9598 56.6387 91.7097 117.8665 67.3253 22.3875 -41.5642 -72.0823 -100.4498 -127.5963 -161.2409 -208.1296 -238.5409 -257.9272 -275.3612 -326.273 -546.2346 -902.9745 -1183.0239 -1297.0494 -1361.5671 -1489.7896 -1865.9941 -2630.9536 -3058.2239 -3264.8352 -3458.2192 -3512.8914 -3510.0278 -3515.7773 -3528.0527 -3553.8406 -3570.1001 -3560.748 -3557.1606 -3583.5774 -3579.7844 -3431.3816 -3006.168 -2739.3992 -3425.7012 -3623.2261 -3636.873 -3644.0618 -3646.1772 -3638.4946 -3634.4585 -3637.8354 -3646.7778
-65.7816 -76.8804 -77.8737 -77.5102 -77.7089 -70.1756 -80.2444 -85.2871 -85.1091 -82.2459 -74.6113 -75.1781 -75.3773 61 4 -91.0867 -139.3935 -150.6408 -145.1466 -157.368 -192.997 -264.541 -405.9077 -581.3156 -653.8216 -576.4118 -573.4174 -818.519 -1138.3022 -1397.6992 -1726.1791 -1982.1865 -2085.5037 -2373.0574 -2839.3123 -3089.2725 -3203.5649 -3392.1001 -3507.2471 -3531.4856 -3534.2002 -3537.3965 -3545.1492 -3566.2644 -3577.8391 -3557.5503 -3557.5869 -3583.7078 -3479.5205 -2824.3542 -2905.8972 -3284.3638 -3568.1343 -3623.2732 -3630.3865 -3642.1848 -3644.6389 -3639.9001 -3638.8284 -3646.604 -3657.1213
-100.4 -97.6497 -89.2796 -86.6426 -89.775 -100.0975 -109.9353 -111.3383 -135.7498 -205.0998 -209.1164 -270.5236 -404.8642 -393.5558 -441.0758 -462.4514 -383.9278 -391.2661 -426.8904 -421.5692 -465.1967 -589.3864 -816.2156 -1030.7177 -1156.6355 -1193.2678 -1450.72 -1901.3867 -2185.0229 -2355.6584 -2705.2471 -3086.5488 -3180.7219 -3287.9971 -3484.3325 -3401.7698 -3371.9136 -3479.0798 -3536.4172 -3550.6865 -3552.6399 -3554.8965 -3560.1267 -3571.46 -3581.9563 -3582.209 -3583.9792 -3576.0537 -3146.1416 -2112.8665 -3048.2271 -3549.1912 -3611.1418 -3625.1707 -3629.6758 -3642.2581 -3655.5833 -3653.1042 -3651.3318 -3652.7141 -3597.4346
-273.8132 -201.8966 -182.0281 -201.9421 -214.2175 -296.7893 -381.1973 -318.2856 -490.5858 -1102.0131 -1202.2452 -1352.3506 -1883.0798 -1975.9733 -2005.0859 -1965.8059 -1705.1753 -1790.8967 -1896.0677 -1777.8291 -1693.9506 -1773.7788 -1968.6771 -2272.1377 -2432.6895 -2503.6792 -2726.6885 -2904.6018 -3027.0657 -3245.345 -3451.8574 -3613.3162 -3648.9543 -3602.0166 -3582.054 -3535.4565 -3518.0854 -3541.6685 -3560.571 -3567.8096 -3568.8679 -3570.9373 -3574.6194 -3581.8674 -3588.9207 -3590.9617 -3588.4263 -3571.0757 -3045.2671 -2243.303 -3258.032 -3605.1531 -3615.7344 -3626.8325 -3632.0361 -3636.6406 -3645.7739 -3658.2751 -3655.1028 -3628.6814 -3531.782
-1095.9175 -953.9525 -963.1091 -1027.1084 -1055.6366 -1290.436 -1642.27 -1274.2694 -1596.4199 -2474.2939 -2700.9409 -2739.3167 -2851.5144 -2897.4922 -2805.3462 -2682.0542 -2705.0298 -2835.0278 -2925.0093 -2914.0732 -2824.7852 -2906.2739 -3064.4355 -3241.0952 -3373.7356 -3399.6599 -3365.5051 -3323.4553 -3322.1404 -3431.3403 -3566.9326 -3601.7529 -3575.5161 -3579.6345 -3569.1294 -3541.8877 -3550.1626 -3570.3474 -3580.8462 -3583.406 -3583.3982 -3583.52 -3585.4551 -3586.7964 -3590.2732 -3597.3533 -3595.7427 -3590.6348 -3334.8184 -2860.6006 -3550.3252 -3614.6621 -3620.3867 -3630.7805 -3636.6931 -3637.3657 -3644.6685 -3663.2063 -3663.1611 -3632.2405 -3559.8086
-2153.0239 -2218.8247 -2326.8435 -2374.8174 -2362.0139 -2421.4297 -2593.2329 -2513.4741 -2677.668 -2975.0146 -3077.7761 -3068.6975 -3096.9148 -3082.4539 -2978.5615 -2915.6396 -2932.6333 -2917.4658 -2956.9573 -3020.9531 -2941.4844 -3001.3115 -3183.094 -3294.2122 -3344.55 -3427.7048 -3474.4272 -3476.0305 -3498.7781 -3561.8855 -3642.8845 -3662.0879 -3607.7766 -3574.4133 -3570.4114 -3558.8433 -3564.6455 -3582.2104 -3590.4368 -3591.5283 -3590.6377 -3587.5703 -3586.8022 -3588.042 -3591.2083 -3595.478 -3596.8855 -3596.1155 -3562.0979 -3295.0337 -3579.6448 -3610.7278 -3615.627 -3620.7505 -3627.6233 -3636.0833 -3649.4626 -3665.4397 -3660.7705 -3645.5498 -3606.6326
-2661.4429 -2738.4968 -2854.2224 -2787.6836 -2770.8906 -2743.3171 -2760.3093 -2932.9038 -2976.9731 -3097.3347 -3165.7922 -3182.5796 -3223.2195 -3193.7214 -3164.0627 -3206.3252 -3211.1277 -3122.6533 -3046.9893 -2978.7424 -2757.0078 -2748.5974 -3044.5435 -3128.7478 -3042.1743 -3152.926 -3326.2007 -3399.2732 -3515.1799 -3609.1204 -3622.0637 -3633.2896 -3628.3127 -3610.6003 -3597.918 -3564.5261 -3554.6746 -3569.9875 -3577.6641 -3581.6331 -3584.7683 -3584.4006 -3588.1018 -3592.3176 -3593.9119 -3595.0942 -3595.4487 -3595.2649 -3599.2512 -3591.0017 -3601.2861 -3605.561 -3607.6548 -3609.144 -3617.938 -3625.6487 -3641.1648 -3651.6289 -3643.0398 -3636.2439 -3633.3601
-2274.4255 -2586.1394 -2947.6655 -2906.917 -2844.6748 -2805.8765 -2686.9087 -2660.905 -2813.9995 -3125.614 -3258.3994 -3303.9319 -3297.8591 -3287.3679 -3298.5613 -3331.4258 -3335.3381 -3266.2368 -3159.1094 -2942.989 -2463.0483 -2496.6023 -3054.7588 -3073.8293 -2845.3362 -3041.769 -3301.8684 -3372.2922 -3477.3643 -3596.8894 -3651.2856 -3655.5793 -3610.5278 -3589.2598 -3585.0156 -3555.2407 -3543.03 -3559.7649 -3571.2102 -3576.0889 -3578.092 -3579.1143 -3580.4165 -3582.4353 -3583.6917 -3584.4817 -3585.0928 -3587.637 -3589.772 -3591.6187 -3593.1013 -3596.71 -3598.7991 -3605.6682 -3609.9893 -3613.5332 -3624.9751 -3638.9182 -3640.5273 -3633.0217 -3634.6257
-2235.8677 -2526.0713 -3027.7292 -2974.6421 -2793.3699 -2722.7136 -2368.9272 -1952.62 -2265.489 -2938.7969 -3310.6455 -3407.6543 -3408.5066 -3379.2168 -3385.4404 -3417.24 -3419.8723 -3409.0847 -3377.4526 -3168.1438 -2668.8877 -2788.5527 -3361.4841 -3243.1438 -3014.2686 -3297.2549 -3490.9956 -3504.0115 -3537.8235 -3572.3501 -3570.0493 -3534.4607 -3514.9893 -3541.605 -3553.3005 -3540.6572 -3535.6638 -3551.1423 -3568.0132 -3573.2136 -3574.1506 -3574.7561 -3573.9316 -3572.4829 -3572.0415 -3568.8457 -3566.9775 -3568.1289 -3569.906 -3570.7817 -3573.9111 -3579.2217 -3581.1226 -3587.3013 -3597.5125 -3602.8777 -3607.7102 -3623.5703 -3630.3428 -3626.9243 -3629.1177
-2797.1191 -2916.2515 -3154.28 -2851.8953 -2514.3792 -2582.7441 -2271.7002 -1869.6921 -2213.6072 -2909.7004 -3371.405 -3457.3027 -3463.0537 -3414.8787 -3403.4644 -3441.2327 -3463.1765 -3471.4431 -3465.7864 -3394.5732 -3176.0176 -3278.1699 -3598.2029 -3495.4016 -3358.5439 -3489.3699 -3562.2153 -3554.6006 -3536.1438 -3494.8335 -3400.4988 -3328.2544 -3410.2339 -3528.407 -3558.2563 -3543.1111 -3533.9746 -3543.8367 -3561.3579 -3566.5745 -3566.6201 -3566.1301 -3564.5964 -3562.6318 -3559.3767 -3556.8694 -3554.1477 -3553.3162 -3553.4651 -3553.248 -3557.2759 -3562.9011 -3563.0271 -3567.1418 -3577.5449 -3588.6035 -3597.7383 -3608.8633 -3623.6523 -3622.9768 -3623.4604
-3045.4167 -3099.2903 -3216.7852 -2909.5125 -2564.918 -2712.2017 -2709.4717 -2520.6748 -2712.6416 -3229.5564 -3439.6704 -3428.6921 -3437.7151 -3404.7527 -3381.3362 -3439.1404 -3450.8469 -3459.5342 -3494.322 -3518.783 -3466.9097 -3486.262 -3564.5645 -3528.302 -3510.1143 -3511.5137 -3486.467 -3478.8149 -3488.2046 -3500.5322 -3457.2197 -3425.644 -3508.6609 -3572.3489 -3582.3716 -3556.3291 -3533.3237 -3537.9622 -3549.7412 -3551.7974 -3553.5527 -3556.3118 -3557.2383 -3558.5676 -3558.6169 -3559.9631 -3559.948 -3558.134 -3556.5955 -3555.7908 -3559.697 -3569.835 -3569.3496 -3568.9829 -3566.9885 -3569.9778 -3583.8508 -3592.71 -3619.6936 -3624.3989 -3617.8616
-3190.719 -3230.6411 -3275.626 -3186.8569 -2893.9785 -2909.1609 -3106.7708 -2912.9971 -2857.4944 -3356.2756 -3450.9551 -3394.0886 -3413.21 -3414.3748 -3402.1501 -3439.4829 -3456.2341 -3478.4785 -3507.1121 -3496.5601 -3466.3611 -3472.3069 -3482.0757 -3506.0647 -3558.8347 -3530.0361 -3467.0703 -3466.3933 -3492.4827 -3535.3381 -3556.2478 -3560.23 -3593.9624 -3601.3584 -3579.3259 -3552.2126 -3531.4983 -3532.4373 -3537.7156 -3531.5122 -3536.0435 -3545.5667 -3551.1265 -3554.4863 -3558.1245 -3563.0803 -3566.5654 -3564.1589 -3563.5159 -3563.7671 -3565.6897 -3566.9509 -3570.1614 -3573.2483 -3571.5781 -3571.8232 -3578.3647 -3580.3164 -3602.5632 -3618.6726 -3619.4617
-3270.2063 -3301.0217 -3327.6589 -3378.7144 -3028.1519 -2815.4114 -3248.2261 -3156.9023 -2913.1772 -3386.1868 -3464.0881 -3415.9978 -3413.6567 -3420.3022 -3419.6458 -3434.8972 -3450.0171 -3478.9509 -3496.6292 -3473.9834 -3450.3237 -3449.0186 -3469.9424 -3508.6802 -3519.0601 -3504.1494 -3498.7065 -3511.8428 -3526.2607 -3564.7349 -3601.4658 -3598.0413 -3594.5872 -3609.8635 -3633.5242 -3606.2295 -3543.3452 -3525.7739 -3527.7141 -3524.3169 -3532.9636 -3541.2297 -3545.8613 -3548.6462 -3551.0522 -3553.1873 -3554.9307 -3550.7073 -3546.5854 -3545.9495 -3550.5916 -3546.3467 -3543.2988 -3543.4033 -3549.2063 -3563.0776 -3570.9036 -3572.4414 -3585.2031 -3608.0615 -3618.0249
-3321.4961 -3323.0076 -3350.8132 -3446.4736 -3252.825 -3019.9773 -3373.5388 -3366.0791 -3236.9624 -3426.2039 -3479.0562 -3387.9602 -3393.241 -3437.5801 -3423.3921 -3436.7666 -3447.2366 -3456.3157 -3439.9666 -3422.0562 -3452.4917 -3480.4363 -3507.3135 -3513.9814 -3494.9756 -3515.6929 -3525.5115 -3495.5615 -3476.5977 -3528.1016 -3597.2139 -3595.583 -3580.124 -3621.0715 -3643.3362 -3603.3232 -3537.5344 -3512.8384 -3511.6912 -3515.3958 -3526.0747 -3529.8967 -3531.082 -3532.4487 -3532.9766 -3532.7432 -3532.8958 -3531.1907 -3524.7126 -3520.3215 -3525.8992 -3519.4304 -3512.6201 -3510.6963 -3517.9697 -3534.3218 -3548.1453 -3570.5217 -3587.2124 -3606.5742 -3610.5669
-3373.5266 -3367.3848 -3390.5254 -3506.1348 -3464.458 -3327.6748 -3443.063 -3457.6482 -3372.9338 -3386.2871 -3446.0371 -3352.7085 -3332.2166 -3416.4629 -3458.8391 -3462.7595 -3459.0527 -3463.8501 -3450.0725 -3451.8438 -3472.5559 -3517.55 -3569.9292 -3557.4924 -3544.6357 -3569.0449 -3532.0125 -3477.6956 -3461.9097 -3493.2393 -3547.1445 -3560.1243 -3563.3721 -3530.865 -3327.1975 -3306.033 -3447.4199 -3499.9709 -3502.4292 -3503.7932 -3507.7681 -3508.5361 -3509.5317 -3511.1633 -3509.7771 -3506.7051 -3499.667 -3499.9233 -3499.5193 -3487.0754 -3480.4797 -3471.3979 -3464.0876 -3462.9399 -3472.6194 -3484.0098 -3507.9922 -3549.3066 -3577.5984 -3584.8584 -3587.1233
-3376.873 -3377.5896 -3395.3638 -3455.4749 -3509.1763 -3424.9885 -3449.717 -3499.5325 -3411.3555 -3372.5393 -3409.188 -3386.604 -3352.6492 -3416.8425 -3467.6033 -3479.0957 -3484.8723 -3486.1282 -3484.8215 -3496.697 -3497.0276 -3547.0632 -3607.7952 -3593.1521 -3609.7249 -3636.3052 -3563.2344 -3484.3142 -3451.019 -3462.8179 -3517.1389 -3567.4788 -3590.1284 -3501.4792 -3101.6909 -3044.7046 -3355.5925 -3494.7466 -3504.3057 -3502.7295 -3501.5369 -3497.4612 -3496.9099 -3493.8804 -3494.8733 -3489.7217 -3476.3052 -3475.4622 -3468.9109 -3446.2458 -3434.4673 -3419.8945 -3411.3206 -3409.0061 -3413.0674 -3421.8237 -3449.228 -3501.2444 -3541.1323 -3552.9822 -3557.7432
-3385.4944 -3385.1226 -3391.2278 -3415.4673 -3456.304 -3413.2388 -3401.8936 -3452.0933 -3417.9128 -3408.7246 -3409.8721 -3397.7581 -3385.0713 -3437.1633 -3477.7717 -3497.4788 -3488.437 -3472.4329 -3479.2104 -3483.9329 -3517.1421 -3561.9963 -3584.8071 -3587.2007 -3609.9805 -3601.939 -3518.2373 -3413.1653 -3413.2327 -3489.4631 -3541.6477 -3575.082 -3588.9521 -3556.7544 -3317.7979 -3253.5242 -3422.9814 -3504.4241 -3508.1506 -3503.5334 -3498.7871 -3491.9182 -3485.0618 -3473.3923 -3475.8914 -3475.438 -3463.8665 -3457.5974 -3442.0259 -3424.9622 -3412.3086 -3399.2419 -3390.7017 -3386.6907 -3385.147 -3379.5222 -3403.4688 -3457.3252 -3503.5005 -3523.6057 -3528.6377
-3380.2659 -3400.1323 -3395.8328 -3419.0203 -3413.5984 -3340.2351 -3303.1357 -3374.7166 -3411.1792 -3439.9575 -3445.8826 -3433.6047 -3441.2458 -3476.8438 -3495.178 -3495.4443 -3474.0874 -3459.6404 -3473.9614 -3466.1667 -3494.8914 -3524.4956 -3541.9287 -3570.8328 -3601.4805 -3582.2151 -3476.6948 -3351.8411 -3393.8879 -3510.7825 -3556.9092 -3567.0889 -3549.4221 -3537.2727 -3538.2571 -3526.9314 -3520.2463 -3516.9822 -3510.7495 -3502.376 -3490.4795 -3473.5857 -3458.0481 -3444.0098 -3440.6721 -3449.7285 -3447.7927 -3439.7471 -3426.9885 -3416.2388 -3409.8904 -3391.3499 -3375.29 -3366.2825 -3357.9597 -3342.4697 -3382.9167 -3425.6716 -3466.3477 -3499.3362 -3512.1816
-3351.0808 -3404.1968 -3410.0374 -3442.0989 -3396.646 -3289.2202 -3273.447 -3380.1377 -3447.7439 -3475.77 -3463.6614 -3442.1838 -3448.4285 -3488.3237 -3477.2175 -3466.0996 -3478.1392 -3469.594 -3472.2092 -3463.4358 -3487.4221 -3505.052 -3507.3013 -3526.126 -3550.5491 -3551.2371 -3469.6848 -3378.5564 -3446.8342 -3538.8374 -3564.2869 -3568.9111 -3542.8276 -3517.7065 -3531.8831 -3529.7759 -3520.4243 -3515.8042 -3505.7188 -3489.2549 -3458.9893 -3421.6038 -3399.6533 -3393.218 -3397.8032 -3414.2544 -3421.3186 -3416.8403 -3405.6221 -3395.8381 -3393.9507 -3377.0972 -3359.179 -3345.1592 -3320.9697 -3289.6702 -3338.9827 -3378.9734 -3414.022 -3451.2786 -3483.7869
-3332.5706 -3387.7046 -3408.5222 -3417.6099 -3384.22 -3333.7642 -3357.6138 -3412.0881 -3434.9421 -3471.8354 -3459.7585 -3449.2078 -3446.8398 -3474.0549 -3472.5076 -3463.3594 -3474.127 -3474.8318 -3477.4666 -3475.4814 -3486.927 -3510.4832 -3521.729 -3528.6147 -3514.5796 -3513.2749 -3498.9194 -3476.8984 -3506.0774 -3541.1033 -3556.5186 -3566.8237 -3551.2388 -3530.2854 -3530.7007 -3521.3447 -3511.3452 -3502.5039 -3481.3213 -3451.6489 -3385.2244 -3296.5994 -3259.5649 -3282.5049 -3321.9819 -3355.0725 -3381.4854 -3386.5227 -3375.9385 -3363.7251 -3352.9114 -3342.7566 -3331.0696 -3323.5891 -3296.5381 -3241.2283 -3275.4082 -3310.6514 -3337.3694 -3373.606 -3416.4924
-3366.6611 -3371.0503 -3367.9746 -3304.9736 -3271.9917 -3313.7236 -3345.5083 -3365.0967 -3379.2549 -3429.2905 -3474.719 -3468.0378 -3438.6833 -3445.354 -3473.8003 -3432.2473 -3391.3669 -3434.0952 -3462.7678 -3462.363 -3466.3069 -3501.9468 -3527.6868 -3533.7305 -3511.2429 -3507.9978 -3519.8794 -3527.7839 -3526.8604 -3530.2278 -3535.0906 -3532.1606 -3505.249 -3462.2112 -3436.5867 -3445.7637 -3423.0042 -3411.9465 -3408.5757 -3340.8545 -3179.1917 -3004.8606 -2946.8237 -3039.3164 -3191.7849 -3284.3452 -3331.4734 -3339.7043 -3332.3384 -3324.1064 -3316.8735 -3304.3706 -3288.6174 -3287.2908 -3271.6731 -3226.1335 -3237.0425 -3248.9631 -3254.7832 -3275.4548 -3315.2451
-3463.114 -3346.603 -3281.175 -3249.479 -3195.5132 -3197.8162 -3223.7854 -3302.5452 -3362.8269 -3388.5422 -3454.5347 -3458.9739 -3434.7803 -3437.5762 -3444.1882 -3409.0928 -3376.1462 -3436.8831 -3464.4333 -3466.2539 -3465.5615 -3479.9871 -3492.7209 -3496.9302 -3495.3145 -3497.105 -3503.6978 -3516.3911 -3523.0698 -3512.7466 -3491.0613 -3424.8992 -3335.2239 -3252.1719 -3190.3032 -3182.7749 -3149.095 -3169.0562 -3195.5398 -3161.0313 -2895.1128 -2669.2114 -2693.2563 -2901.979 -3115.0427 -3244.6367 -3271.5259 -3237.0442 -3242.8538 -3262.9282 -3272.4377 -3266.2959 -3247.2136 -3247.1902 -3233.0713 -3220.7073 -3229.0776 -3231.4619 -3228.3074 -3229.1033 -3241.8872
-3386.165 -3048.1133 -2772.6453 -3028.405 -3291.7378 -3233.647 -3241.0146 -3317.3787 -3382.5508 -3401.0679 -3436.2878 -3435.9307 -3440.7991 -3443.6208 -3431.0371 -3433.9226 -3432.6216 -3456.3872 -3456.1899 -3462.5945 -3464.98 -3463.0093 -3464.4526 -3476.9312 -3470.0254 -3432.1785 -3372.9229 -3392.6152 -3456.1912 -3442.0313 -3383.4861 -3261.467 -3125.1287 -3044.7229 -3000.4126 -2947.5601 -2913.1711 -2949.4272 -3010.5969 -3053.5994 -2850.291 -2728.1257 -2856.7554 -3039.074 -3154.6594 -3219.2163 -3207.9907 -3166.5405 -3160.0774 -3192.8701 -3222.2451 -3232.7073 -3220.5491 -3212.6121 -3208.7383 -3210.9292 -3212.4512 -3210.312 -3198.2817 -3203.875 -3192.5632
-3215.8154 -2802.6506 -2350.8752 -2830.1057 -3408.4075 -3371.022 -3363.0535 -3380.4448 -3399.832 -3429.4397 -3434.6404 -3409.4343 -3424.0249 -3428.3433 -3421.4622 -3422.0562 -3437.3386 -3432.2295 -3402.8064 -3434.0061 -3451.6367 -3448.186 -3414.5776 -3408.8171 -3366.0176 -3291.5645 -3188.7744 -3206.4102 -3319.4377 -3308.8408 -3223.175 -3087.4634 -2966.6208 -2927.2466 -2929.2263 -2870.7053 -2869.7737 -2936.6438 -2994.3389 -3012.6394 -2975.7852 -3002.4614 -3086.8999 -3142.1948 -3167.8357 -3159.9812 -3115.4858 -3096.8542 -3086.8682 -3119.6252 -3169.3286 -3211.8259 -3208.8049 -3201.1621 -3200.7639 -3207.4446 -3198.1572 -3164.2368 -3130.613 -3121.6736 -3096.0366
-3318.8457 -3144.4971 -2719.6497 -2939.4858 -3395.324 -3399.2903 -3393.1785 -3395.9739 -3403.6323 -3406.1052 -3420.031 -3412.3958 -3399.1069 -3405.7854 -3415.1743 -3418.3291 -3413.7556 -3398.5647 -3384.9607 -3428.3223 -3433.5347 -3399.1367 -3303.7336 -3252.5598 -3218.7502 -3198.9431 -3122.2488 -3084.8118 -3155.4624 -3140.5315 -3047.6963 -2924.0046 -2859.2649 -2868.0657 -2890.4307 -2853.5823 -2893.4878 -2964.7617 -2869.1255 -2834.9907 -2972.8994 -3070.9958 -3096.0623 -3097.2495 -3078.5542 -3056.5251 -3032.1553 -3021.4685 -3030.8391 -3068.3374 -3126.5 -3207.8953 -3215.1309 -3196.5508 -3156.4587 -3169.7717 -3150.1453 -3069.6641 -3039.6453 -3002.5378 -2944.1133
