Resources/Map/Lvl0_30x30/Ele_DK.asc
ncols         335
nrows         335
xllcorner     13455000
yllcorner     -3375000
cellsize      10000
nodata_value  -99999.0
[rows 84 to 111 of 335, columns 252 to 314 of 335]
11.7927 22.5474 25.084 16.383 26 6.1702 7.2696 11 0.0006331118 2.6293 0.3946 -3.8136 -4.9778 -4.4647 -2.198 6.739 16.2916 24.6744 7.0015 15.4819 30.4051 33.9244 25.954 185.6492 176.6234 390.9766 641.7953 796.8392 231.2413 82.1776 106.5413 55.2493 41.0755 107.327 440.3751 1505.6816 1973.6732 2099.4258 1884.868 951.7754 930.8424 1546.486 1016.6407 807.3813 381.639 74.5764 -67.4991 -214.8011 -648.4816 -1318.0773 -1394.1488 -1494.8007 -1396.5137 -1442.6515 -1825.5468 -2444.0085 -3269.6797 -3651.0591 -3869.0598 -4564.856 -5109.2485 -4783.6943 -4804.6299
21.1507 28.4003 21.7649 22.6797 2.7094 -2.8399 -2.5917 -1.9877 -4.2033 -4.9303 -4.4939 -4.9505 -5.951 -5.9732 -5.4481 -4.8071 -2.3511 -1.8388 3.6628 9.6991 26.0084 15.0239 33.4617 63.2871 18.0227 21.2315 211.4333 136.5721 231.379 40.5179 46.0592 20.9921 63.9086 55.691 378.414 1423.4202 2387.6199 2708.8191 2704.1123 2067.3923 818.6888 800.7273 1602.2258 1027.9559 709.4863 288.5381 21.1662 -46.0273 -273.2925 -511.7239 -547.5934 -735.4024 -959.1636 -959.6561 -1286.642 -2089.0276 -2934.0002 -3353.2681 -3681.5762 -4337.1372 -4639.9355 -4168.7632 -4245.1787
11.4489 11.7421 20.0288 11.8028 1.173 -4.3808 -5 -5.4413 -5.9612 -7.3927 -8.0009 -9.0069 -10.5271 -11.0692 -14.3431 -24.4557 -29.0494 -38.3011 -31.447 -34.0822 -20.0873 5.2098 13.7005 27.712 22.1785 73.1814 27.6691 38.489 23.7489 32.4143 12.2688 24.7575 70.4976 52.667 203.7037 1817.6796 2249.5686 2515.2222 2813.3638 2424.2942 2437.3337 779.7625 472.8576 957.9695 645.0858 242.1584 68.5052 16.6304 22.6715 -49.7721 -87.3387 -255.1681 -588.1849 -521.7932 -731.8695 -1530.7172 -2319.8672 -2912.634 -3475.9724 -4097.5854 -4355.3105 -3999.2166 -3871.8262
15.0905 11.7258 6.6376 3.5346 -1.9683 -5.1058 -5.5307 -6.8587 -8.4232 -10.8993 -12.552 -15.5794 -22.3405 -28.2663 -28.6621 -62.8915 -65.735 -86.1328 -112.7378 -146.1607 -155.8795 -64.1533 -16.2542 -12.1082 -6.7616 6.2006 20.2531 20.8463 16.0021 14.0664 13.0098 22.129 195.8678 253.2619 817.2009 816.7281 1410.4424 1545.0724 3027.9148 2869.54 3190.377 1878.0616 597.6606 528.3586 1108.5903 287.1587 172.0362 33.9766 29.8663 41.9254 97.2297 -58.466 -245.7242 -168.0898 -188.521 -758.4396 -1682.7904 -2495.0447 -3046.8635 -3640.5542 -3789.2664 -3551.9648 -3378.3381
10.1093 11.156 -1.7452 -3.4377 -4.7336 -5.8235 -6.4674 -8.7675 -11.3765 -15.401 -19.1793 -25.8862 -40.7242 -55.4738 -47.3004 -74.3741 -90.8458 -89.9871 -133.2585 -192.7418 -247.5114 -132.5434 -32.7893 -27.8483 -23.3564 -19.8818 -14.4216 -9.0118 8 13.556 9.8383 10.5413 49.3095 439.2358 1025.343 884.6141 1853.9623 2226.2993 2778.8591 2032.3055 2704.5229 2942.4949 1693.4438 980.0383 550.8453 645.7848 291.9489 69.4762 54.6358 59.9002 98.8658 -5.6928 -75.8634 -58.702 -52.6609 -242.9243 -930.4158 -1663.5974 -2110.3938 -2578.7671 -2495.4512 -2211.1455 -2050.877
5.5432 1.9423 -3.2587 -4.9062 -5 -6.2969 -7.9063 -11.251 -14.9045 -20.9054 -28.8005 -37.3748 -46.3558 -77.1906 -70.7273 -68.4531 -83.3559 -70.6896 -88.9098 -147.2689 -195.4118 -139.0742 -51.7302 -39.9013 -42.7504 -38.5881 -37.4358 -30.6091 -15.5049 -0.4774 12.1615 16.9455 14.0015 245.2549 189.461 828.112 1049.4424 1870.7699 1597.7664 1933.76 1706.6115 3043.9326 2289.8516 2153.2412 689.3044 293.346 283.8697 143.8865 57.1534 24.233 24.9591 27.8931 -30.3602 -51.2493 -57.2607 -64.6019 -264.765 -629.6788 -918.452 -1286.1897 -1144.6456 -815.7427 -621.0704
25 18 -3.9319 -5 -5 -6.6471 -9.1958 -13.0672 -18.7482 -29.5775 -43.2453 -48.9396 -58.1196 -85.1887 -83.3728 -82.6485 -81.0935 -83.7814 -92.6778 -109.6277 -126.9467 -131.5441 -96.1946 -72.4284 -86.4883 -95.5606 -115.1461 -105.034 -66.1853 -24.6922 5.573 11.9826 12.4261 35.4456 105.7155 627.9282 1028.6168 1307.3989 1178.0381 1462.9906 2276.7749 2972.4028 3074.3462 2448.1094 1226.1523 585.9766 329.4549 89.9253 37.7117 28.2703 22.5263 21.6905 -25.9835 -44.1698 -43.6778 -43.6167 -65.2494 -132.772 -238.2261 -427.8307 -404.9648 -212.6167 -102.3158
16.823 5.8843 6.3204 -4.0447 -5.496 -7.2659 -10.1555 -14.6262 -24.2178 -44.3012 -60.5006 -66.7532 -104.8879 -100.2342 -88.7713 -91.2704 -89.0419 -93.3433 -111.2048 -116.0388 -123.4431 -138.0911 -166.2377 -203.0098 -266.6982 -324.4044 -380.7181 -342.1336 -222.8497 -73.6663 -1.6175 75.5093 12.4446 19.1311 37.5753 286.2778 965.8147 924.7766 881.0592 1731.298 1910.1779 2197.2488 3090.1956 2894.7432 1443.9883 1060.368 944.235 179.6841 51.9504 29.1165 22.0205 21.8435 -16.0256 -36.6927 -39.2768 -63.9998 -106.6291 -74.0077 -77.7827 -119.9368 -149.7814 -95.4703 -125.4871
6.3054 3.9508 2.6409 -2.3158 -6.0607 -8.8157 -11.8184 -17.1758 -31.449 -57.0874 -69.2256 -85.188 -151.2276 -132.7159 -92.6005 -78.5324 -86.6803 -95.1669 -107.7723 -123.7394 -131.3454 -155.4326 -309.3649 -448.7461 -535.3089 -623.4872 -702.375 -649.9115 -471.906 -183.502 -20.3164 34.6553 43.9516 20.4641 26.872 194.8726 609.3665 565.4434 803.7593 1550.3729 1652.7339 1869.8224 2894.7793 2325.0127 1326.2375 1126.6014 1144.6635 341.7994 70.7322 44.7062 38.1093 26.9248 -9.0211 -30.5646 -38.8016 -64.5887 -126.6887 -126.856 -67.8141 -49.4181 -58.7284 -54.8935 -110.9421
13.5395 4 -2.3033 -4.9132 -8.3263 -11.4593 -13.4044 -19.4437 -38.9882 -63.501 -70.0265 -80.9042 -133.0076 -120.1492 -93.8016 -86.1607 -114.4182 -130.4748 -114.3743 -127.348 -162.338 -247.4193 -472.6166 -670.7783 -751.9561 -845.7135 -911.1568 -844.0403 -618.7487 -279.703 -59.8324 1.4751 4.1832 17.4442 23.2228 164.983 382.2869 363.2732 810.5785 1546.2958 1999.5232 1971.1257 2208.6006 3016.7129 1725.5422 676.8646 625.1274 652.7446 206.2628 54.955 61.0809 46.054 27.5093 17 -26.1067 -45.2862 -81.9425 -144.8065 -172.8948 -114.6598 -146.8829 -147.7711 -86.102
-1.003 -3.3545 -5.8714 -8.9966 -13.2422 -16.5803 -16.7969 -25.7843 -53.1103 -66.0575 -71.7197 -77.7893 -93.0024 -129.5964 -117.7646 -112.6338 -215.3674 -362.0985 -209.477 -163.6471 -326.4351 -527.4063 -715.3505 -834.9907 -909.0887 -1003.3328 -1050.6039 -917.116 -656.7094 -426.524 -181.5429 -41.384 -4.208 9.9211 10.1784 146.1879 102.6427 446.1278 1075.8134 1339.2214 1149.7111 1751.4469 1996.5923 3278.7988 2405.8293 1110.236 829.4285 1369.1826 892.7856 198.7327 87.6227 95.8345 60.5183 38.5306 16.7946 -28.5904 -57.4072 -97.9835 -160.5092 -173.226 -227.1261 -224.98 -119.2598
-4.0799 -5.5142 -8.9287 -12.9458 -17.2688 -21.1737 -23.9713 -36.0008 -62.4715 -67.5151 -72.6491 -84.14 -91.0455 -229.0539 -226.0979 -113.3842 -190.9338 -343.0632 -256.0217 -282.7092 -565.9481 -803.7071 -968.87 -1035.6615 -1071.2092 -1127.5724 -1158.9319 -972.2438 -773.0377 -763.6015 -539.6203 -171.0841 -23.0039 3.1756 21.7518 76.2016 33.2221 213.3576 440.3402 784.3215 987.1413 1473.4388 1688.7673 2651.51 2872.5103 1041.5531 478.6923 789.834 843.3867 143.1055 163.8656 241.8563 180.5532 84.3626 30.825 -11.1996 -43.3489 -71.389 -87.62 -113.2977 -126.6606 -152.5726 -95.4935
-5.52 -8.272 -12.7689 -16.4657 -19.8087 -24.9529 -31.764 -46.2435 -63.638 -66.4537 -74.614 -85.7805 -92.6676 -154.4496 -168.8473 -112.492 -133.5452 -171.0008 -201.1141 -440.4917 -765.3194 -980.9946 -1129.548 -1204.869 -1260.097 -1301.176 -1309.7533 -1222.6429 -1157.1001 -1121.8024 -875.4195 -421.5948 -123.0779 -14.195 51.9775 73.8993 14.9234 95.3565 211.1541 478.6992 761.7594 1109.7874 660.0037 1253.3997 2767.5293 2312.1685 1019.5388 426.2856 540.4895 341.7056 330.9703 697.6441 493.657 423.6593 195.3113 8.9112 -34.377 -59.52 -64.5884 -62.2905 -54.9958 -75.4621 -59.7747
-7.3206 -11.747 -16.2225 -20.1769 -23.4087 -28.9454 -36.1337 -51.1348 -61.6991 -62.2891 -73.6856 -83.3375 -89.6135 -102.483 -122.9634 -111.0759 -118.6077 -131.6973 -252.5992 -606.157 -911.8725 -1100.381 -1235.9375 -1323.1737 -1401.6693 -1471.443 -1509.0372 -1506.2859 -1484.3108 -1432.7179 -1289.0865 -944.6321 -501.0451 -147.3548 41 37.4822 22.7181 9.8823 63.6165 228.048 518.036 493.7513 362.61 1302.4862 1774.5841 2179.9214 1792.4636 1877.1635 1246.5118 817.1992 460.7466 737.2296 777.3349 1521.1031 786.4575 154.3218 -29.0581 -36.623 -41.9256 -47.911 -41.9951 -41.5865 -34.8874
-10.5026 -15.7693 -20.7076 -23.7781 -26.1041 -30.8507 -38.9995 -50.1765 -60.8612 -63.2027 -71.1265 -76.5881 -78.1466 -94.3585 -106.2038 -111.6498 -114.0633 -133.4643 -359.0075 -779.8711 -1058.4725 -1214.8877 -1321.9996 -1407.4528 -1494.2914 -1582.459 -1642.847 -1667.4254 -1678.0192 -1657.9154 -1566.8781 -1347.2057 -954.0186 -453.6082 -56.4853 14.9697 11.816 7.8797 7.6536 14.0394 100.8413 241.3016 411.7439 985.4189 870.6716 1004.1102 1834.3743 2534.3037 2483.3091 1793.601 867.3322 1251.726 896.0139 795.9874 671.7117 282.2561 -12.7305 -35.7084 -38.076 -28.0895 16.2368 24.4488 297.6587
-14.9164 -19.8574 -23.7631 -24.2899 -25.8079 -32.287 -41.2004 -51.2663 -62.3763 -71.2127 -74.7751 -78.7986 -75.0883 -92.2017 -100.6283 -111.2214 -134.7865 -238.4206 -498.1016 -934.7407 -1185.3298 -1303.4656 -1388.299 -1461.0698 -1547.0319 -1632.2688 -1706.4741 -1751.579 -1773.858 -1774.7489 -1722.8191 -1553.1321 -1206.3247 -720.569 -258.8576 -63.6381 -23.0676 3.1705 15.9474 11.3663 18.5914 42.0711 261.668 355.6645 643.2994 963.4238 1616.6783 2468.9312 2781.5437 2274.064 1257.4299 1267.6154 909.9235 606.1016 723.5156 726.1156 35.0907 15.6496 22.2482 26.8795 85.2482 479.82 847.9025
-19.0076 -20.7247 -24.0741 -25.4944 -27.8923 -35.0397 -44.7525 -58.4895 -62.8707 -73.7896 -80.4995 -83.9449 -80.7949 -91.1809 -103.1878 -144.1157 -337.6657 -645.0512 -923.1724 -1169.3778 -1330.5907 -1402.0616 -1461.9825 -1521.1057 -1593.7949 -1681.8508 -1753.8439 -1804.9263 -1827.1062 -1830.8499 -1799.548 -1663.6283 -1332.3329 -890.28 -603.34 -398.7036 -143.0331 -9.5523 13.9713 17.6162 14.6483 93.526 246.9727 421.7094 668.8299 1051.1688 1508.5085 2356.207 2827.062 2715.5405 2052.0322 1022.8761 884.3402 704.5159 724.4383 318.6927 150.5551 18.8406 34.4993 34.7091 78.5498 610.1997 329.9492
-22.2309 -22.6358 -24.4368 -24.4712 -28.0713 -38.3527 -43.1357 -55.9292 -59.4403 -70.5833 -79.7463 -86.3971 -88.6683 -100.229 -118.0992 -322.2001 -701.1451 -980.7117 -1219.3755 -1364.0409 -1449.1072 -1487.7449 -1538.3138 -1587.3783 -1651.2317 -1749.3505 -1804.2513 -1848.4243 -1866.9775 -1868.2661 -1838.022 -1751.5656 -1554.6182 -1185.9349 -952.9001 -713.761 -238.1519 -18.961 9.4793 78.7804 31.2764 72.1407 144.7934 391.4595 798.0765 1132.3416 1452.1621 1146.3184 1672.1394 2318.5754 1925.8357 1216.1237 860.294 1582.662 1199.3934 790.1183 236.0323 39.4396 45.8923 25.9429 22.8957 113.8155 55.566
-22.7134 -23.6333 -23.4191 -19.8129 -25.6012 -37.1599 -25.676 -28.6134 -34.2848 -69.3805 -84.3424 -91.8576 -86.6798 -93.3865 -137.1781 -411.5066 -872.5457 -1171.3032 -1361.0966 -1486.8108 -1538.0337 -1553.2233 -1581.5032 -1626.1067 -1696.8904 -1784.7201 -1833.1083 -1882.5928 -1909.7303 -1909.3931 -1874.8352 -1793.1935 -1694.6414 -1557.8578 -1365.187 -1073.3165 -619.6528 -238.1573 -51.8248 81.5019 83.4675 41.7289 176.9498 540.0451 556.4154 511.6776 505.4289 834.8635 851.7649 1246.8534 2056.0615 1685.5856 960.7215 513.1091 564.6428 423.9021 343.2996 125.0343 53.4809 32.8833 58.5575 47.2527 32.8798
2 -19.0854 -18.1573 -15.8685 -22.5637 -32.0504 -23.6095 -12.3108 -18.563 -81.9653 -98.5042 -98.3416 -72.4551 -49.6075 -63.9882 -203.2505 -909.8801 -1325.7311 -1477.4515 -1577.6427 -1598.2535 -1602.2225 -1628.2422 -1664.5872 -1737.4037 -1803.0425 -1855.6414 -1910.8059 -1942.7252 -1946.0884 -1920.2056 -1870.3209 -1835.2062 -1819.7057 -1763.833 -1557.1238 -1369.6361 -1130.7318 -561.9879 -122.3453 5.7978 11.6927 45.5568 688.528 581.1241 284.5249 397.3304 702.5208 654.876 1383.5106 2207.6277 1451.3127 959.7695 751.5557 402.9247 204.7119 185.9873 257.3361 466.7015 605.5763 445.6554 396.7399 187.7365
-7.6422 -7.181 -2.2878 -7.6135 -16.0561 -27.3113 -20.0776 -7.8854 -26.3717 -92.8534 -74.6671 -92.6551 -66.0978 -20.4706 -105.5223 -503.4581 -1144.5227 -1500.4473 -1621.2849 -1667.444 -1671.4023 -1660.0916 -1676.0995 -1716.796 -1770.3538 -1816.4402 -1853.281 -1940.7755 -1989.1677 -1986.5049 -1962.8622 -1940.8345 -1940.0938 -1965.8474 -2009.7308 -2018.1279 -2012.3783 -1903.9376 -1500.5166 -1004.7619 -484.5027 -124.1127 54.7351 68.3074 432.9861 273.5334 267.9103 220.2596 515.6729 625.5754 1333.5676 1503.0009 1189.6707 715.4962 731.0118 358.54 239.8305 133.2419 201.7486 624.6845 1753.5754 2062.8125 860.0964
-6.0417 -5.318 -4.6874 -5.1304 -7.9864 -10.8995 -9.1365 -8.7747 -52.4081 -103.8832 -85.5299 -105.0058 -152.9565 -153.3906 -146.9433 -773.5154 -1359.473 -1608.5282 -1713.587 -1821.6804 -1822.7458 -1741.0605 -1683.0928 -1731.7427 -1754.2455 -1799.5565 -1886.9565 -1984.4467 -2026.0918 -2030.0652 -2012.0924 -1998.5122 -2017.4515 -2024.7468 -2058.5278 -2113.9753 -2125.1873 -2113.196 -2007.1495 -1613.0516 -1078.7473 -589.6422 -175.4372 72.6255 154.2869 183.733 127.5418 181.826 246.4266 351.2988 596.455 1022.37 1351.3937 1161.2426 1087.8945 588.3064 446.3802 502.7915 484.1923 797.9951 2544.6882 2592.2617 1354.3414
-6 -5.9628 -5.9494 -5.9494 -5.3102 -5.2353 -5.1675 -13.4326 -56.6894 -139.4603 -191.9347 -255.1693 -330.2434 -419.3639 -332.2892 -938.0142 -1413.5266 -1658.1481 -1763.7906 -1826.1652 -1771.5411 -1658.6957 -1566.9154 -1595.0046 -1572.2751 -1693.1863 -1917.871 -2034.9441 -2047.2905 -2066.3909 -2072.9573 -2062.1799 -2073.4812 -2079.2856 -2100.2439 -2127.4441 -2127.5701 -2162.0994 -2173.1584 -1883.0104 -1383.8065 -1016.58 -533.0074 -104.7766 85.3363 177.4161 51.2803 79.3179 290.6852 271.3692 416.5766 380.4651 635.8925 880.4666 613.7527 891.1596 515.4509 1186.5115 1040.5342 1221.5857 2454.1123 1697.438 1639.9983
-6 -6.7144 -6.2356 -6 -5.9771 -5.9714 -6.7928 -42.5882 -190.0877 -317.1367 -392.6173 -515.9802 -496.9812 -737.9762 -1018.8593 -1425.8127 -1614.4635 -1725.2576 -1754.0852 -1673.2939 -1405.5302 -1143.0354 -1185.3462 -1286.7769 -1228.6479 -1478.8712 -1924.6874 -2085.7292 -2079.761 -2085.3604 -2102.4722 -2112.1206 -2133.0911 -2148.1838 -2169.3538 -2190.3096 -2202.7957 -2217.6411 -2208.6863 -2098.3906 -1811.5129 -1372.9076 -758.2145 -210.4723 43.1164 95.3754 120.4537 26.8351 116.621 213.7878 199.3947 296.7257 210.223 257.9677 211.0845 532.1561 1184.8231 974.0104 761.7299 1037.3038 1235.7788 1340.116 601.9202
-5.7152 -6.0048 -6.754 -6.2191 -6 -2.7275 -33.1125 -220.8923 -436.9986 -471.9518 -438.2555 -392.8978 -286.7963 -691.2927 -1389.4796 -1696.3691 -1743.5049 -1757.8716 -1674.4158 -1325.4854 -712.4832 -341.8587 -470.8488 -639.4554 -701.6865 -1140.2161 -1843.9858 -2069.532 -2102.5344 -2106.2085 -2125.3425 -2152.4119 -2187.624 -2212.6355 -2241.427 -2281.853 -2305.9065 -2314.0171 -2294.9583 -2295.6372 -2164.8118 -1810.8141 -1225.8425 -462.9346 -55.3592 81.1643 44.5878 20.6069 111.9826 71.0024 35.9173 34.7881 19.8148 96.5795 73.4565 132.2291 301.2184 308.1117 673.4326 422.5569 494.7229 469.0667 258.1057
-6 -6 -5.9883 -5.9845 -6.0093 -12.685 -175.2873 -448.7382 -558.8427 -478.1041 -248.7851 -113.4134 -38.1265 -576.5352 -1380.4042 -1697.1797 -1814.8669 -1801.8792 -1703.8057 -1224.861 -372.3055 -30.6754 -35.0541 -62.9745 -240.6856 -965.1597 -1766.2594 -1966.9727 -2073.5034 -2150.9526 -2163.9478 -2145.8108 -2186.5977 -2235.1582 -2244.1934 -2217.6934 -2242.5544 -2306.8367 -2347.1118 -2376.6978 -2321.3618 -2175.5708 -1871.7285 -1102.6027 -339.7164 -54.6032 9.9689 30.2239 7.4011 15.9016 16.4126 10.6997 15.0294 192.6092 102.5226 28.6287 32.566 115.0618 241.5966 321.9073 104.8971 442.2374 74.4872
-6 -6 -5.2426 -5 -6.8435 -75.4587 -335.2779 -525.4078 -615.2333 -386.4063 -70.1465 -38.1671 -88.487 -636.517 -1410.1056 -1682.733 -1837.2623 -1804.6563 -1717.5464 -1335.0409 -724.389 -249.876 -51.4712 -31.9063 -310.204 -1234.7292 -1747.2537 -1864.395 -2036.5651 -2106.9158 -2056.4407 -2031.7363 -2151.1089 -2199.9402 -2119.5708 -2029.1757 -2077.2969 -2218.2222 -2326.5066 -2381.9612 -2371.1306 -2301.4614 -2200.8201 -1880.7134 -1168.1709 -777.0683 -428.3299 -164.3087 -47.3909 -1.1757 7.1127 3.3622 26.6644 2.8031 13.0852 14.4166 12.9497 16.1565 14.776 71.8546 59.246 22.1153 27.6183
-5.9405 -5.9405 -5.2281 -5.0928 -14.4704 -185.7576 -400.208 -523.3542 -599.377 -270.0766 -45.3953 -93.1171 -585.8075 -1150.0806 -1465.2576 -1667.6276 -1762.1401 -1755.0184 -1668.3074 -1439.0663 -1205.2452 -749.4215 -331.6498 -261.7389 -684.6691 -1418.486 -1749.9735 -1897.5737 -1994.6198 -1962.3241 -1865.6799 -1880.8624 -2068.9934 -2102.9778 -1970.6743 -1866.5626 -1933.6775 -2078.0999 -2222.6389 -2353.47 -2364.1653 -2334.9558 -2278.0049 -2241.4917 -2164.1096 -1910.5747 -1580.1205 -1088.6857 -601.8538 -353.5707 -210.7909 -80.9327 -23.2258 -11.9647 0.7135 6.085 5.1077 2.1965 1 3.2342 12.4235 16.1127 10.0066
