Resources/Map/Lvl0_30x30/Ele_AA.asc
ncols         335
nrows         335
xllcorner     -20045000
yllcorner     6675000
cellsize      10000
nodata_value  -99999.0
[rows 180 to 215 of 335, columns 81 to 161 of 335]
-184 -182 -182 -181 -180 -179 -179 -178 -177 -176 -175 -175 -173 -172 -171 -169 -168 -167 -164 -162 -161 -160 -158 -158 -157 -156 -156 -156 -155 -155 -156 -156 -156 -157 -157 -157 -158 -159 -159 -161 -161 -162 -163 -161 -160 -162 -164 -167 -169 -171 -173 -175 -177 -178 -180 -182 -183 -183 -183 -182 -181 -179 -176 -172 -168 -165 -162 -159 -156 -153 -150 -148 -147 -147 -147 -148 -150 -152 -155 -158 -161
-174 -173 -172 -171 -171 -170 -170 -170 -170 -169 -168 -167 -166 -165 -164 -162 -160 -159 -155 -153 -152 -150 -149 -148 -147 -146 -146 -146 -146 -146 -147 -147 -147 -148 -148 -148 -148 -148 -148 -149 -149 -150 -151 -152 -153 -153 -155 -156 -158 -160 -162 -163 -164 -165 -166 -168 -169 -169 -169 -168 -168 -167 -166 -162 -159 -155 -151 -146 -141 -136 -131 -126 -122 -121 -123 -124 -125 -130 -136 -141 -143
-163 -162 -160 -159 -159 -159 -159 -159 -159 -159 -159 -159 -159 -158 -157 -155 -153 -151 -147 -145 -143 -141 -139 -137 -136 -135 -135 -135 -136 -138 -139 -139 -139 -140 -139 -139 -138 -137 -136 -135 -135 -135 -136 -138 -140 -141 -143 -144 -148 -150 -151 -151 -152 -153 -154 -155 -156 -156 -157 -156 -156 -156 -156 -155 -151 -146 -141 -135 -129 -125 -122 -119 -116 -115 -114 -111 -111 -111 -110 -117 -118
-142 -140 -138 -133 -129 -127 -126 -128 -135 -142 -147 -148 -143 -140 -138 -137 -136 -135 -134 -133 -134 -135 -135 -133 -132 -131 -129 -125 -122 -120 -120 -121 -121 -120 -119 -118 -117 -117 -116 -117 -117 -117 -114 -110 -108 -108 -109 -109 -110 -114 -118 -121 -119 -118 -117 -117 -116 -115 -113 -111 -109 -107 -104 -101 -98 -93 -87 -82 -79 -77 -75 -73 -73 -72 -72 -72 -72 -72 -72 -72 -73
-130 -131 -132 -130 -128 -127 -127 -127 -129 -130 -131 -132 -132 -130 -128 -127 -125 -124 -123 -124 -124 -124 -123 -123 -122 -120 -119 -118 -116 -116 -115 -114 -113 -112 -111 -110 -109 -109 -108 -107 -107 -107 -108 -104 -100 -99 -101 -104 -106 -107 -108 -109 -109 -109 -108 -108 -107 -106 -105 -103 -101 -99 -96 -83 -76 -71 -68 -68 -67 -67 -67 -67 -67 -67 -67 -67 -67 -67 -67 -67 -67
-104 -109 -117 -119 -118 -118 -119 -118 -118 -117 -115 -112 -109 -107 -104 -103 -103 -103 -105 -106 -107 -108 -108 -109 -109 -109 -110 -109 -109 -109 -108 -108 -107 -107 -106 -104 -103 -103 -101 -100 -99 -97 -96 -95 -94 -96 -98 -100 -100 -99 -99 -98 -98 -97 -97 -98 -98 -98 -97 -96 -93 -85 -76 -63 -62 -61 -61 -62 -62 -63 -63 -63 -63 -63 -63 -64 -64 -64 -65 -65 -65
-87 -93 -99 -103 -105 -106 -106 -104 -103 -103 -100 -93 -86 -82 -78 -77 -77 -78 -84 -87 -90 -93 -96 -98 -100 -101 -102 -103 -103 -103 -104 -104 -103 -103 -102 -101 -101 -100 -99 -98 -96 -93 -89 -87 -91 -95 -94 -91 -88 -86 -84 -83 -81 -81 -81 -81 -81 -81 -81 -79 -75 -69 -66 -62 -61 -61 -60 -60 -60 -60 -61 -61 -61 -61 -61 -62 -62 -62 -63 -63 -64
-73 -84 -92 -97 -100 -101 -101 -100 -99 -95 -88 -81 -76 -72 -70 -69 -69 -69 -70 -72 -74 -78 -81 -84 -89 -92 -94 -96 -99 -100 -101 -101 -101 -101 -101 -100 -100 -100 -100 -100 -100 -99 -96 -85 -85 -85 -82 -79 -75 -72 -71 -70 -70 -70 -70 -71 -72 -72 -71 -71 -69 -67 -65 -62 -61 -60 -60 -60 -60 -60 -60 -60 -60 -60 -60 -60 -60 -60 -61 -62 -63
-71 -79 -89 -93 -93 -92 -91 -92 -92 -89 -82 -75 -71 -68 -66 -66 -64 -64 -65 -66 -69 -71 -73 -75 -79 -83 -87 -91 -94 -96 -97 -99 -99 -100 -100 -100 -100 -100 -100 -99 -98 -95 -89 -78 -75 -74 -72 -70 -69 -68 -67 -66 -65 -65 -65 -65 -66 -67 -66 -65 -65 -64 -62 -61 -61 -60 -60 -60 -60 -60 -60 -60 -60 -60 -60 -60 -60 -60 -61 -61 -62
-69 -72 -81 -89 -90 -83 -79 -81 -84 -82 -78 -73 -69 -68 -66 -66 -65 -65 -65 -65 -66 -67 -68 -71 -72 -75 -79 -84 -88 -91 -93 -95 -95 -97 -98 -98 -98 -98 -98 -97 -94 -88 -80 -74 -70 -69 -68 -67 -66 -65 -64 -63 -63 -62 -62 -62 -62 -62 -62 -61 -61 -60 -60 -59 -59 -59 -59 -59 -59 -59 -59 -59 -59 -59 -59 -59 -59 -60 -60 -60 -61
-67 -69 -75 -86 -90 -82 -75 -77 -81 -82 -78 -71 -68 -66 -66 -66 -66 -66 -66 -66 -66 -67 -68 -69 -69 -69 -70 -77 -85 -89 -90 -91 -91 -92 -93 -93 -94 -94 -94 -92 -91 -88 -83 -77 -70 -65 -61 -60 -61 -61 -62 -63 -64 -65 -64 -62 -61 -60 -60 -60 -59 -59 -59 -58 -58 -58 -58 -58 -58 -58 -58 -58 -58 -58 -59 -59 -59 -59 -60 -60 -60
-67 -68 -71 -80 -84 -77 -72 -75 -80 -80 -77 -72 -68 -65 -64 -62 -62 -62 -64 -64 -65 -66 -67 -69 -70 -68 -63 -61 -68 -75 -79 -81 -83 -84 -85 -86 -88 -89 -91 -90 -90 -88 -83 -73 -64 -59 -58 -58 -58 -59 -60 -61 -63 -64 -61 -60 -60 -60 -59 -58 -58 -57 -57 -57 -57 -57 -57 -57 -57 -57 -57 -57 -57 -58 -58 -58 -58 -58 -59 -59 -59
-65 -68 -73 -79 -76 -69 -68 -72 -78 -79 -75 -71 -66 -63 -61 -60 -60 -60 -61 -61 -63 -64 -65 -67 -68 -69 -68 -67 -67 -67 -67 -66 -65 -65 -67 -69 -72 -76 -80 -83 -85 -85 -81 -72 -63 -59 -58 -58 -58 -58 -59 -59 -60 -60 -60 -59 -58 -57 -56 -56 -55 -55 -55 -55 -55 -55 -55 -55 -55 -55 -55 -55 -55 -55 -56 -56 -56 -56 -57 -57 -57
-64 -69 -75 -75 -70 -68 -68 -70 -72 -74 -74 -71 -67 -62 -60 -58 -57 -58 -59 -60 -61 -63 -64 -64 -66 -66 -65 -65 -66 -65 -64 -62 -60 -57 -56 -57 -58 -60 -64 -69 -76 -81 -79 -72 -64 -60 -59 -58 -58 -58 -58 -58 -58 -58 -58 -57 -56 -54 -53 -53 -53 -53 -53 -53 -53 -53 -53 -53 -53 -53 -53 -54 -54 -54 -54 -54 -54 -55 -55 -55 -55
-63 -68 -70 -68 -66 -66 -68 -70 -72 -72 -72 -70 -68 -64 -61 -60 -59 -58 -59 -60 -61 -62 -63 -64 -65 -64 -62 -61 -60 -60 -60 -59 -59 -59 -59 -59 -59 -59 -60 -64 -69 -72 -73 -70 -64 -61 -58 -57 -57 -57 -57 -57 -57 -57 -56 -56 -54 -53 -53 -52 -52 -52 -52 -52 -52 -52 -52 -52 -52 -52 -53 -53 -53 -53 -53 -53 -53 -53 -53 -53 -53
-63 -68 -69 -64 -60 -60 -62 -67 -72 -73 -71 -69 -67 -64 -62 -61 -60 -60 -60 -60 -61 -61 -62 -62 -63 -63 -62 -61 -60 -60 -60 -60 -60 -60 -60 -60 -60 -60 -60 -61 -63 -65 -66 -62 -59 -57 -56 -55 -55 -55 -55 -55 -55 -56 -55 -53 -52 -52 -52 -52 -52 -52 -52 -51 -51 -51 -51 -51 -52 -52 -52 -52 -52 -52 -52 -52 -51 -51 -51 -51 -51
-60 -61 -60 -59 -59 -60 -60 -63 -67 -67 -66 -65 -63 -62 -61 -60 -60 -60 -60 -60 -60 -60 -61 -61 -61 -61 -60 -60 -60 -60 -60 -60 -60 -60 -59 -59 -59 -59 -59 -58 -58 -58 -58 -55 -53 -52 -52 -52 -52 -52 -52 -51 -51 -51 -50 -52 -52 -52 -52 -52 -52 -52 -52 -52 -51 -51 -50 -50 -50 -50 -50 -50 -50 -50 -50 -50 -50 -50 -50 -50 -50
-57 -58 -58 -59 -60 -61 -65 -68 -67 -66 -66 -67 -66 -61 -59 -59 -60 -60 -60 -60 -60 -60 -60 -60 -60 -60 -60 -60 -60 -60 -60 -59 -59 -59 -59 -59 -58 -58 -58 -58 -58 -58 -58 -57 -56 -55 -54 -52 -51 -51 -50 -49 -51 -52 -54 -53 -52 -53 -53 -53 -52 -52 -51 -51 -51 -50 -50 -50 -50 -50 -50 -50 -50 -49 -49 -49 -49 -48 -48 -48 -48
-57 -58 -59 -59 -60 -60 -60 -61 -62 -62 -62 -61 -61 -61 -61 -62 -62 -60 -60 -60 -60 -60 -60 -60 -60 -60 -60 -60 -60 -59 -59 -59 -59 -58 -58 -58 -58 -58 -57 -57 -57 -57 -56 -56 -55 -54 -52 -51 -51 -51 -51 -51 -52 -52 -52 -52 -52 -52 -52 -52 -52 -51 -50 -50 -50 -50 -50 -49 -49 -48 -47 -47 -46 -46 -46 -46 -46 -46 -46 -46 -45
-56 -58 -58 -59 -60 -60 -60 -60 -60 -60 -60 -60 -60 -60 -60 -61 -61 -60 -59 -59 -59 -59 -59 -58 -58 -58 -58 -58 -58 -58 -57 -57 -57 -57 -56 -56 -56 -56 -56 -55 -55 -55 -55 -55 -54 -52 -50 -49 -49 -50 -50 -50 -51 -51 -51 -50 -51 -50 -49 -48 -48 -48 -49 -49 -49 -49 -49 -49 -48 -47 -46 -45 -45 -45 -45 -46 -46 -46 -46 -46 -46
-55 -55 -57 -57 -57 -58 -58 -58 -58 -58 -58 -58 -58 -58 -58 -60 -60 -59 -59 -58 -58 -58 -58 -57 -57 -57 -57 -57 -56 -56 -56 -56 -56 -55 -55 -55 -55 -54 -54 -54 -54 -54 -54 -54 -52 -50 -50 -51 -50 -50 -50 -50 -50 -50 -51 -51 -51 -50 -48 -46 -46 -47 -47 -47 -47 -47 -46 -46 -47 -46 -46 -46 -46 -46 -46 -46 -46 -46 -46 -46 -46
-54 -55 -55 -55 -55 -55 -56 -56 -56 -57 -57 -56 -56 -56 -56 -57 -57 -58 -57 -57 -57 -57 -57 -57 -56 -56 -56 -56 -55 -55 -55 -55 -54 -54 -54 -53 -53 -52 -51 -51 -51 -50 -50 -50 -49 -49 -49 -51 -50 -50 -51 -50 -50 -50 -50 -50 -50 -51 -51 -49 -49 -49 -48 -47 -46 -46 -46 -45 -45 -45 -46 -46 -47 -46 -46 -45 -45 -44 -44 -42 -42
-55 -55 -56 -56 -56 -56 -56 -56 -56 -56 -56 -55 -55 -55 -55 -56 -56 -56 -56 -56 -55 -55 -55 -55 -55 -55 -55 -55 -55 -54 -54 -54 -53 -53 -53 -52 -51 -51 -50 -50 -49 -49 -48 -49 -49 -49 -49 -49 -49 -49 -50 -50 -50 -51 -49 -49 -50 -50 -49 -49 -48 -48 -47 -46 -46 -45 -45 -45 -45 -45 -45 -45 -45 -45 -45 -43 -42 -41 -41 -37 -35
-55 -55 -56 -56 -56 -55 -55 -55 -55 -55 -55 -55 -55 -55 -55 -55 -55 -55 -55 -55 -55 -55 -55 -55 -55 -55 -55 -55 -55 -54 -54 -54 -53 -53 -53 -52 -52 -51 -50 -49 -49 -48 -48 -48 -48 -48 -49 -49 -49 -49 -51 -51 -52 -51 -50 -51 -50 -49 -49 -48 -47 -47 -47 -46 -45 -45 -45 -45 -45 -45 -45 -45 -45 -45 -45 -44 -44 -44 -43 -41 -40
-54 -54 -53 -53 -53 -53 -53 -53 -53 -53 -53 -53 -53 -54 -54 -54 -54 -54 -54 -54 -54 -54 -54 -54 -54 -55 -55 -55 -55 -55 -55 -54 -53 -53 -53 -54 -54 -53 -51 -50 -50 -50 -50 -49 -50 -50 -50 -49 -49 -49 -50 -50 -50 -50 -51 -50 -49 -48 -48 -46 -46 -46 -46 -45 -45 -45 -45 -45 -45 -45 -45 -45 -45 -45 -45 -44 -44 -43 -43 -41 -40
-51 -51 -51 -51 -51 -51 -51 -51 -51 -51 -51 -51 -52 -52 -53 -53 -53 -53 -53 -53 -53 -53 -53 -53 -53 -54 -54 -54 -54 -54 -53 -52 -52 -51 -52 -52 -52 -50 -50 -50 -50 -50 -50 -49 -49 -50 -49 -49 -49 -49 -49 -49 -48 -48 -49 -49 -49 -48 -47 -46 -45 -44 -44 -44 -44 -45 -45 -45 -45 -45 -45 -45 -45 -45 -44 -43 -43 -42 -41 -39 -37
-49 -50 -50 -50 -50 -50 -50 -50 -50 -50 -51 -51 -51 -51 -51 -51 -51 -51 -51 -52 -52 -52 -52 -52 -52 -52 -52 -52 -52 -52 -52 -52 -51 -51 -50 -50 -50 -50 -49 -49 -49 -48 -48 -48 -48 -47 -48 -49 -49 -49 -48 -48 -48 -47 -46 -46 -47 -49 -48 -48 -47 -47 -46 -45 -45 -44 -43 -44 -45 -45 -45 -45 -44 -44 -43 -42 -41 -41 -40 -39 -39
-50 -50 -51 -51 -51 -50 -50 -50 -50 -50 -50 -50 -50 -51 -50 -50 -50 -50 -50 -50 -50 -50 -50 -50 -50 -50 -50 -50 -50 -51 -51 -50 -50 -50 -50 -50 -50 -49 -49 -49 -49 -48 -49 -49 -49 -49 -49 -49 -48 -47 -47 -46 -44 -43 -43 -43 -44 -45 -47 -47 -48 -48 -48 -48 -46 -45 -45 -45 -45 -44 -44 -44 -43 -43 -43 -42 -41 -41 -41 -41 -40
-48 -49 -49 -49 -49 -49 -49 -49 -50 -50 -51 -51 -51 -51 -51 -52 -51 -51 -51 -51 -51 -50 -50 -51 -51 -51 -50 -50 -49 -49 -49 -48 -49 -49 -49 -49 -49 -48 -48 -48 -49 -49 -49 -50 -49 -49 -48 -46 -44 -43 -44 -45 -45 -45 -45 -45 -45 -45 -45 -46 -46 -46 -47 -47 -46 -45 -46 -45 -44 -42 -42 -41 -40 -40 -40 -41 -40 -40 -41 -41 -41
-46 -47 -47 -47 -47 -48 -48 -48 -49 -49 -49 -49 -50 -50 -50 -50 -50 -50 -50 -50 -50 -50 -49 -49 -49 -48 -48 -48 -46 -47 -48 -48 -48 -48 -48 -48 -47 -47 -48 -48 -48 -48 -48 -48 -50 -49 -47 -43 -42 -42 -44 -45 -45 -45 -46 -46 -46 -46 -46 -46 -45 -45 -46 -47 -46 -45 -45 -44 -43 -42 -42 -40 -40 -40 -40 -40 -40 -40 -40 -40 -41
-44 -45 -45 -45 -46 -46 -46 -46 -47 -47 -47 -47 -47 -47 -47 -47 -48 -48 -49 -48 -48 -47 -47 -46 -46 -46 -45 -45 -45 -45 -45 -45 -45 -45 -45 -45 -45 -45 -46 -46 -47 -47 -48 -49 -49 -48 -45 -44 -46 -47 -47 -47 -46 -46 -46 -46 -46 -47 -48 -47 -46 -46 -46 -45 -45 -45 -44 -44 -43 -42 -41 -41 -41 -41 -41 -41 -40 -38 -37 -37 -39
-43 -43 -43 -44 -44 -44 -44 -45 -44 -44 -44 -44 -44 -44 -44 -44 -45 -46 -47 -47 -46 -45 -44 -44 -44 -43 -43 -43 -42 -42 -42 -42 -42 -42 -42 -42 -42 -43 -43 -43 -46 -47 -48 -48 -47 -45 -43 -42 -45 -48 -50 -49 -49 -47 -46 -46 -46 -47 -47 -47 -46 -45 -45 -44 -44 -44 -44 -43 -44 -44 -43 -43 -43 -43 -42 -42 -40 -37 -39 -40 -37
-40 -41 -41 -41 -42 -42 -41 -41 -41 -42 -42 -41 -41 -41 -41 -41 -41 -42 -44 -44 -42 -42 -41 -41 -41 -40 -40 -40 -41 -41 -40 -40 -40 -40 -40 -40 -40 -40 -41 -41 -42 -43 -43 -43 -43 -42 -40 -39 -40 -43 -46 -49 -50 -50 -50 -50 -48 -47 -47 -47 -45 -44 -43 -42 -42 -41 -41 -41 -41 -40 -40 -40 -40 -40 -41 -41 -39 -38 -41 -41 -40
-37 -37 -38 -38 -38 -38 -39 -39 -40 -40 -41 -41 -40 -40 -41 -41 -41 -41 -41 -40 -40 -40 -40 -40 -41 -41 -40 -41 -42 -42 -42 -41 -40 -39 -39 -39 -39 -39 -39 -39 -39 -39 -39 -37 -37 -38 -39 -39 -39 -39 -41 -43 -47 -50 -50 -50 -50 -49 -50 -50 -48 -46 -45 -44 -43 -43 -43 -41 -41 -41 -41 -41 -42 -42 -40 -38 -36 -36 -36 -37 -36
-35 -35 -36 -36 -36 -36 -37 -37 -38 -38 -38 -38 -38 -39 -39 -38 -38 -38 -38 -37 -37 -37 -37 -38 -38 -38 -37 -37 -37 -38 -39 -40 -40 -37 -37 -37 -37 -37 -36 -36 -36 -35 -35 -35 -35 -35 -35 -37 -39 -40 -41 -43 -46 -48 -49 -49 -47 -46 -47 -49 -49 -48 -46 -45 -46 -45 -45 -43 -42 -42 -41 -41 -41 -40 -39 -38 -37 -36 -36 -36 -36
-33 -33 -34 -34 -34 -34 -34 -35 -36 -36 -36 -37 -37 -37 -36 -36 -35 -35 -34 -34 -33 -32 -30 -29 -29 -30 -30 -30 -30 -31 -32 -32 -33 -33 -35 -38 -39 -39 -38 -37 -36 -35 -33 -32 -32 -33 -33 -35 -37 -39 -41 -44 -45 -46 -48 -49 -46 -46 -47 -50 -46 -48 -50 -49 -48 -46 -46 -45 -43 -41 -40 -40 -40 -39 -39 -39 -39 -39 -39 -39 -40
