Resources/Map/Lvl0_30x30/Ele_DB.asc
ncols         335
nrows         335
xllcorner     -16695000
yllcorner     -3375000
cellsize      10000
nodata_value  -99999.0
[rows 0 to 24 of 335, columns 228 to 284 of 335]
-4372.7852 -4465.5806 -4503.0972 -4502.5229 -4488.4126 -4437.3599 -4389.8711 -4391.8599 -4507.9106 -4516.6631 -4544.8013 -4569.3008 -4608.3486 -4656.5737 -4579.9707 -4545.6421 -4525.2349 -4548.1626 -4694.855 -4640.0327 -4524.9316 -4504.4575 -4609.3047 -4659.1821 -4641.5547 -4537.9502 -4403.5508 -4410.2969 -4536.3662 -4504.4209 -4442.9507 -4555.0542 -4608.1577 -4599.686 -4619.5117 -4610.1812 -4647.3633 -4674.6519 -4650.1963 -4670.1113 -4672.2813 -4659.6577 -4715.5293 -4669.9966 -4636.4478 -4678.1318 -4696.9648 -4656.1636 -4635.0806 -4632.2891 -4606.6792 -4603.8555 -4605.98 -4681.9902 -4660.2144 -4420.5137 -4167.7104
-4306.1289 -4448.8862 -4520.9272 -4535.4004 -4550.3481 -4531.1494 -4425.9966 -4458.7964 -4532.7202 -4582.5825 -4600.7129 -4574.5811 -4618.8311 -4631.5908 -4588.7705 -4584.7119 -4573.9478 -4563.0327 -4664.8496 -4568.3433 -4488.1802 -4581.3267 -4697.9136 -4644.165 -4586.5239 -4532.1924 -4392.7183 -4387.4268 -4574.7993 -4582.1416 -4495.8604 -4591.209 -4647.3398 -4633.4116 -4645.8438 -4614.606 -4619.8555 -4665.6426 -4678.0645 -4688.0078 -4707.1162 -4693.498 -4729.3052 -4693.1484 -4650.7295 -4682.1577 -4705.7949 -4668.3071 -4641.6904 -4612.8516 -4584.7378 -4564.8325 -4597.7339 -4645.5376 -4593.0137 -4309.6797 -3760.6753
-4344.2583 -4474.0645 -4515.8071 -4559.0166 -4605.6436 -4583.6206 -4499.9849 -4544.9268 -4612.5806 -4656.5254 -4612.3096 -4560.3892 -4554.8501 -4608.3311 -4644.165 -4627.8809 -4627.2236 -4609.939 -4625.7588 -4567.1294 -4476.8286 -4550.9185 -4681.9854 -4565.6563 -4507.9756 -4491.7358 -4391.623 -4381.8657 -4531.5576 -4557.4102 -4497.478 -4516.0781 -4573.2417 -4599.8296 -4629.4546 -4626.3105 -4624.0508 -4652.0645 -4682.2144 -4696.8394 -4710.9028 -4687.9312 -4691.6206 -4687.334 -4673.9321 -4698.1592 -4663.7207 -4615.4814 -4635.5908 -4602.7925 -4588.5166 -4565.4858 -4615.9521 -4680.2075 -4562.9717 -4202.8838 -3777.7476
-4421.1318 -4493.707 -4504.7676 -4565.7363 -4628.0586 -4561.3037 -4479.5171 -4562.8433 -4680.7681 -4725.9116 -4643.1836 -4569.7524 -4567.293 -4590.876 -4567.3892 -4617.584 -4662.8574 -4598.8862 -4547.2134 -4572.5459 -4536.5186 -4465.0562 -4533.9932 -4466.3857 -4441.6548 -4435.2246 -4404.6636 -4426.8047 -4504.8066 -4468.4307 -4457.9546 -4502.7373 -4557.231 -4577.4302 -4581.7192 -4614.4326 -4642.6528 -4656.0859 -4686.5039 -4703.1743 -4707.1016 -4675.7578 -4655.9868 -4658.7505 -4679.2065 -4692.2866 -4627.2412 -4571.2036 -4594.8789 -4589.687 -4589.1553 -4636.1763 -4642.0103 -4643.437 -4557.1216 -4140.6133 -3841.416
-4483.04 -4533.251 -4551.9478 -4588.5698 -4635.3286 -4573 -4512.7559 -4606.4521 -4704.9072 -4736.5591 -4632.6563 -4564.104 -4616.249 -4610.1084 -4515.3711 -4544.2266 -4640.5938 -4568.751 -4482.4414 -4523.6514 -4579.1724 -4425.7729 -4471.3027 -4500.1509 -4478.6572 -4449.2637 -4428.6611 -4473.167 -4566.4985 -4480.249 -4424.585 -4520.0869 -4578.7944 -4560.0771 -4548.0313 -4589.583 -4636.938 -4664.1377 -4699.4248 -4703.606 -4703.3525 -4656.3994 -4622.3569 -4628.5449 -4668.4478 -4696.6025 -4662.2349 -4600.8281 -4594.3701 -4591.3252 -4589.2891 -4710.0806 -4641.3394 -4579.6919 -4536.8506 -4112.5845 -3897.2549
-4493.3945 -4553.1328 -4590.6377 -4601.9653 -4632.228 -4633.6245 -4616.1079 -4642.3623 -4700.7886 -4695.0732 -4577.8579 -4485.1782 -4549.8408 -4563.8813 -4488.9673 -4472.4951 -4602.8276 -4578.9663 -4499.8457 -4486.8643 -4546.9155 -4463.582 -4477.4507 -4513.605 -4525.605 -4502.5386 -4473.8828 -4554.8257 -4672.2222 -4597.5488 -4508.6489 -4556.3945 -4557.3511 -4519.209 -4538.2144 -4598.1577 -4638.9795 -4659.3486 -4684.8223 -4676.8701 -4665.7178 -4606.7495 -4609.7603 -4628.625 -4656.3623 -4727.9019 -4709.6484 -4665.8691 -4647.8672 -4620.083 -4606.644 -4718.3701 -4588.8428 -4547.626 -4555.5396 -4183.1045 -3951.3284
-4555.8906 -4581.019 -4602.9473 -4611.1777 -4622.104 -4654.397 -4622.5107 -4569.7266 -4642.2739 -4675.2168 -4540.7915 -4507.7827 -4546.438 -4533.167 -4564.7012 -4546.5029 -4502.9966 -4530.8257 -4506.5459 -4416.1738 -4364.1816 -4385.6948 -4389.8496 -4431.1499 -4496.9941 -4523.5088 -4487.8037 -4550.5264 -4652.4961 -4561.5288 -4488.6904 -4540.2529 -4541.9219 -4554.189 -4583.3599 -4620.1289 -4634.3823 -4625.8989 -4618.5093 -4618.4639 -4612.167 -4568.8804 -4579.5649 -4593.8643 -4630.8555 -4748.0269 -4733.5068 -4735.207 -4744.084 -4692.2773 -4627.9795 -4663.6016 -4543.894 -4569.9429 -4545.0874 -4273.5977 -4073.4048
-4581.873 -4581.2114 -4595.5698 -4629.0933 -4606.5825 -4595.8018 -4582.1299 -4545.2476 -4573.0596 -4609.522 -4485.7168 -4550.3267 -4566.1968 -4514.4004 -4472.6675 -4418.5449 -4413.3276 -4474.3618 -4410.6172 -4345.7749 -4313.7729 -4348.8311 -4382.5977 -4409.8628 -4475.0024 -4528.2964 -4480.5957 -4471.4033 -4551.0483 -4474.4346 -4435.6128 -4512.0342 -4545.2021 -4583.7402 -4591.104 -4590.1836 -4605.7534 -4598.6055 -4574.8359 -4582.3452 -4588.416 -4562.748 -4557.8662 -4557.8389 -4594.2729 -4700.8906 -4692.4634 -4714.4219 -4762.1948 -4720.8628 -4646.2671 -4587.8916 -4524.7129 -4608.0352 -4555.2866 -4298.0664 -4197.8555
-4572.5269 -4577.7012 -4568.5762 -4598.4521 -4550.6201 -4518.5161 -4526.2124 -4520.8555 -4540.687 -4537.0229 -4431.8984 -4483.3369 -4461.5757 -4441.7583 -4414.9663 -4331.8643 -4432.5049 -4476.2183 -4398.96 -4419.293 -4436.7891 -4419.2861 -4432.8955 -4421.3071 -4494.7612 -4568.0376 -4510.7783 -4464.1558 -4533.5854 -4534.9448 -4553.1816 -4567.7593 -4533.5566 -4574.4355 -4609.9224 -4618.7754 -4639.1069 -4604.3257 -4564.0552 -4556.4609 -4575.188 -4573.7764 -4570.6846 -4576.9844 -4598.5645 -4639.4629 -4636.8003 -4633.626 -4655.2427 -4665.3564 -4619.71 -4490.3657 -4490.3379 -4592.8931 -4604.8032 -4386.7397 -4261.647
-4580.2476 -4596.7036 -4585.8203 -4575.8179 -4558.1909 -4529.9883 -4461.5449 -4461.8374 -4510.4648 -4393.4849 -4290.5737 -4402.6108 -4378.2808 -4425.6948 -4492.938 -4386.0713 -4444.6143 -4429.1108 -4469.2109 -4526.3296 -4430.9746 -4354.6948 -4434.4521 -4447.0962 -4534.0313 -4633.5454 -4574.5308 -4497.4678 -4579.2603 -4613.0649 -4581.626 -4536.4248 -4517.5376 -4567.2969 -4605.3916 -4626.1191 -4622.4092 -4577.5698 -4572.2261 -4533.2114 -4541.2905 -4570.7529 -4554.8213 -4555.6548 -4594.4253 -4606.8149 -4609.7588 -4613.1602 -4571.4854 -4571.4556 -4604.897 -4534.2554 -4513.1567 -4600.6763 -4640.2334 -4490.4185 -4338.4844
-4575.5537 -4563.0225 -4511.2915 -4462.666 -4516.9736 -4493.7769 -4439.6479 -4407.1489 -4446.272 -4323.209 -4261.373 -4423.9976 -4405.1099 -4338.1899 -4392.8945 -4365.7822 -4418.0317 -4395.9482 -4487.0811 -4608.2402 -4494.1313 -4467.6357 -4557.2275 -4520.0176 -4539.8613 -4592.2969 -4575.9502 -4529.8486 -4562.749 -4558.1475 -4537.4927 -4542.4658 -4552.8716 -4585.2993 -4603.4556 -4605.542 -4591.1396 -4558.772 -4571.293 -4543.1772 -4529.5684 -4560.2222 -4527.1919 -4513.106 -4555.1343 -4558.4131 -4563.3813 -4613.3887 -4575.7197 -4572.2979 -4625.3569 -4633.5483 -4639.0742 -4638.7788 -4632.5708 -4523.5635 -4395.1714
-4572.1968 -4549.0332 -4475.6978 -4437.6465 -4477.3438 -4443.3696 -4446.0479 -4434.1289 -4405.9946 -4238.8931 -4246.5649 -4368.2842 -4404.5684 -4325.4302 -4337.6377 -4332.7617 -4427.2163 -4521.2646 -4543.4883 -4688.689 -4674.3765 -4595.0107 -4583.7397 -4587.5571 -4560.2256 -4548.7349 -4569.8047 -4585.8232 -4600.8867 -4558.8047 -4556.2637 -4577.1362 -4580.0308 -4608.5142 -4617.1753 -4604.4077 -4594.6689 -4594.8462 -4567.7959 -4573.3257 -4596.7153 -4572.8726 -4493.3984 -4508.9302 -4563.3032 -4560.8848 -4567.7549 -4590.4033 -4547.8262 -4570.0229 -4617.2666 -4670.7715 -4744.9058 -4676.0405 -4683.6328 -4586.1973 -4468.3271
-4514.7944 -4519.5288 -4487.5342 -4507.5879 -4441.0352 -4374.4805 -4391.9473 -4443.3838 -4397.0552 -4180.145 -4271.2925 -4429.25 -4517.4922 -4374.5127 -4275.6748 -4250.647 -4384.3833 -4558.7061 -4577.9731 -4708.2158 -4663.4868 -4459.1074 -4438.7627 -4513.2656 -4491.6113 -4497.9854 -4561.6108 -4625.4346 -4663.6699 -4589.5122 -4559.6216 -4594.312 -4593.5444 -4609.3418 -4608.0239 -4614.2515 -4606.8687 -4630.1377 -4611.7905 -4626.1323 -4656.5361 -4599.5459 -4527.0205 -4542.0801 -4569.1455 -4564.6235 -4570.3066 -4558.854 -4506.73 -4546.0605 -4609.1235 -4637.0815 -4712.6709 -4673.1401 -4640.5894 -4604.0415 -4558.6567
-4532.0938 -4516.8491 -4437.2793 -4497.1816 -4435.8159 -4378.3564 -4351.189 -4370.1899 -4390.5 -4236.6914 -4339.9434 -4432.7915 -4390.7705 -4286.9536 -4235.9238 -4250.4424 -4400.8672 -4426.8428 -4473.4395 -4546.2407 -4468.2271 -4400.019 -4396.1333 -4460.0786 -4503.7432 -4517.4644 -4558.1504 -4611.3555 -4622.2808 -4553.9272 -4524.5796 -4594.6484 -4631.7544 -4613.9302 -4611.7559 -4654.1821 -4649.168 -4647.4316 -4665.9292 -4679.5098 -4644.7153 -4594.7593 -4574.917 -4553.0029 -4565.6343 -4565.1177 -4580.6221 -4585.4077 -4538.3037 -4565.6479 -4579.2261 -4541.6421 -4563.1919 -4610.7471 -4637.5596 -4645.1406 -4646.3862
-4615.8018 -4565.1318 -4509.125 -4539.4302 -4475.2222 -4419.5229 -4404.1846 -4389.4688 -4364.4624 -4305.6396 -4409.1099 -4436.4209 -4372.7813 -4331.4248 -4329.9253 -4339.7847 -4412.7017 -4350.1743 -4425.3516 -4486.4771 -4429.356 -4462.6606 -4451.5195 -4526.874 -4605.6611 -4557.8066 -4524.8569 -4536.0669 -4547.9834 -4578.9048 -4570.4624 -4615.8828 -4663.2075 -4616.0313 -4619.1855 -4684.6479 -4699.1157 -4682.1885 -4682.8525 -4689.2764 -4637.8975 -4597.2173 -4592.2617 -4565.624 -4588.8042 -4571.9526 -4548.6006 -4554.0972 -4550.8691 -4581.2861 -4580.9482 -4544.1338 -4558.6699 -4584.6577 -4640.9341 -4675.4033 -4693.3955
-4654.5205 -4592.4634 -4521.2871 -4478.5132 -4438.4922 -4457.9082 -4445.2793 -4475.1914 -4431.0317 -4416.2622 -4302.9131 -4219.8008 -4255.4644 -4213.9482 -4242.5518 -4396.4009 -4495.3672 -4397.4424 -4400.7183 -4452.6743 -4424.2759 -4424.4756 -4441.0083 -4494.707 -4526.3955 -4492.6377 -4551.6138 -4601.1338 -4575.125 -4638.8022 -4651.4888 -4662.9766 -4677.8867 -4622.1729 -4628.3433 -4683.4712 -4713.083 -4683.6772 -4663.6123 -4668.1211 -4673.519 -4673.834 -4637.1113 -4586.5146 -4601.7095 -4605.4126 -4575.8599 -4558.4048 -4547.4023 -4588.4287 -4604.2783 -4592.8667 -4662.8428 -4674.4214 -4681.3677 -4677.3076 -4657.7334
-4613.0259 -4585.1763 -4524.7197 -4476.8003 -4428.3779 -4490.0444 -4489.2358 -4485.2192 -4446.7612 -4320.0479 -4155.3843 -4203.4619 -4284.4155 -4340.4771 -4292.9897 -4369.4321 -4427.0493 -4358.8662 -4427.4424 -4406.0366 -4419.5386 -4406.4487 -4415.2832 -4472.729 -4479.9663 -4493.2427 -4583.1919 -4641.7573 -4604.2222 -4634.1367 -4655.5024 -4703.3115 -4717.4189 -4678.2622 -4661.3916 -4659.3208 -4653.1045 -4664.2153 -4680.8569 -4674.6401 -4671.0449 -4665.936 -4639.1738 -4605.1816 -4616.9678 -4640.3433 -4589.5791 -4572.3101 -4599.3179 -4619.3232 -4637.9829 -4621.0957 -4718.9663 -4750.6357 -4734.4966 -4707.1216 -4653.1577
-4595.7715 -4535.7012 -4515.417 -4531.042 -4444.834 -4414.2119 -4479.6641 -4488.9575 -4375.4414 -4251.4629 -4246.7188 -4396.9766 -4330.2837 -4314.1074 -4309.668 -4383.3618 -4458.7446 -4334.439 -4414.4609 -4454.2129 -4460.4639 -4417.2891 -4404.0811 -4480.5723 -4515.0591 -4505.3174 -4551.8325 -4610.3218 -4580.9233 -4596.313 -4633.8911 -4658.6694 -4657.9175 -4688.4766 -4697.1699 -4687.1406 -4660.4424 -4668.2764 -4701.1064 -4695.6367 -4659.2583 -4625.5796 -4630.2163 -4618.1167 -4613.626 -4610.9365 -4574.9771 -4591.1538 -4643.5249 -4660.3071 -4688.5522 -4661.3325 -4676.2676 -4673.4644 -4693.1138 -4697.0083 -4653.8535
-4591.9146 -4524.3657 -4531.4009 -4579.8882 -4504.3599 -4420.8022 -4481.2837 -4546.0098 -4374.8794 -4292.2412 -4297.3682 -4391.3535 -4444.2471 -4339.4199 -4295.5527 -4374.0562 -4491.0142 -4403.8809 -4402.8652 -4410.2505 -4405.8438 -4409.5718 -4422.7314 -4501.8062 -4573.124 -4564.1123 -4535.6494 -4577.2847 -4547.1025 -4581.104 -4648.9297 -4645.5356 -4623.6147 -4633.8408 -4630.5166 -4645.5439 -4642.3994 -4647.7368 -4686.6045 -4697.0688 -4670.832 -4633.7021 -4645.5728 -4625.3809 -4597.5181 -4605.3667 -4588.0229 -4589.3599 -4625.5356 -4671.3848 -4701.3066 -4674.5298 -4677.9609 -4647.4902 -4704.915 -4703.2998 -4649.7622
-4631.188 -4532.7314 -4482.6563 -4545.8633 -4534.6104 -4478.603 -4418.6582 -4454.4302 -4460.3223 -4507.5356 -4463.8247 -4527.4541 -4670.6475 -4441.2432 -4355.9697 -4419.291 -4456.4692 -4430.9023 -4446.4434 -4449.6899 -4475.6826 -4469.5415 -4483.5527 -4528.3618 -4536.25 -4523.9736 -4487.438 -4511.9365 -4521.6719 -4539.2642 -4576.6035 -4591.8696 -4602.292 -4602.9922 -4631.8311 -4646.79 -4609.958 -4599.8799 -4612.9072 -4610.9497 -4614.2803 -4607.9302 -4616.814 -4624.4224 -4609.6611 -4613.1694 -4594.23 -4566.6836 -4602.7036 -4691.1147 -4725.8027 -4673.9043 -4670.6563 -4694.4985 -4708.9092 -4707.5776 -4714.7251
-4560.2148 -4541.1709 -4534.6978 -4573.0586 -4517.9678 -4424.5645 -4401.4951 -4404.8428 -4463.6611 -4570.2778 -4532.8276 -4500.9224 -4612.7646 -4510.9907 -4434.3872 -4509.6821 -4538.3169 -4534.9883 -4489.5137 -4454.4521 -4479.8076 -4480.0391 -4501.7485 -4544.7979 -4532.5298 -4481.2378 -4472.3076 -4495.5254 -4513.0225 -4526.8447 -4548.7373 -4582.231 -4604.7021 -4597.4653 -4633.3394 -4640.0078 -4592.0063 -4568.1904 -4560.3838 -4558.1636 -4558.5493 -4566.3882 -4587.9478 -4607.3281 -4622.6768 -4609.5176 -4596.9307 -4592.6821 -4606.9053 -4679.8193 -4723.0483 -4690.7646 -4654.6436 -4683.8608 -4671.5786 -4690.4814 -4682.7471
-4555.3735 -4521.1108 -4509.8384 -4531.9023 -4502.1538 -4385.0684 -4429.6743 -4429.9321 -4392.8105 -4517.9077 -4570.3037 -4453.0352 -4562.1323 -4539.9063 -4499.7148 -4567.8467 -4581.0854 -4525.5264 -4413.7739 -4417.0967 -4462.5498 -4488.9902 -4502.3418 -4526.1313 -4499.6704 -4474.9058 -4474.5527 -4486.8423 -4487.5664 -4515.1753 -4540.5645 -4561.1089 -4576.7197 -4588.5864 -4599.7041 -4585.8921 -4556.3696 -4527.1245 -4520.4204 -4562.5771 -4566.1982 -4558.7832 -4590.5361 -4611.6226 -4633.8926 -4631.937 -4628.3584 -4627.6484 -4634.7642 -4676.5063 -4677.9551 -4667.0234 -4682.8394 -4684.5815 -4648.5908 -4676.834 -4707.8789
-4528.5908 -4547.6162 -4543.2227 -4532.1323 -4542.5752 -4464.6782 -4439.7632 -4421.9365 -4377.7637 -4487.751 -4568.9141 -4582.8389 -4600.4604 -4524.9214 -4628.2832 -4575.0786 -4502.4907 -4476.0483 -4445.624 -4491.9663 -4517.8521 -4484.7627 -4505.915 -4560.3389 -4548.4878 -4527.8379 -4509.4985 -4524.7764 -4502.9526 -4508.4048 -4528.5898 -4537.417 -4558.6421 -4595.2949 -4580.2651 -4555.2139 -4533.4912 -4491.6792 -4481.8203 -4491.1206 -4519.7524 -4555.5859 -4591.2446 -4617.769 -4633.5967 -4645.3501 -4637.752 -4626.5493 -4627.7979 -4681.8506 -4655.1865 -4605.769 -4673.481 -4666.4331 -4659.8535 -4657.2773 -4685.7876
-4514.4375 -4539.7153 -4505.2803 -4507.2959 -4539.0239 -4492.5923 -4404.9067 -4350.3208 -4370.7827 -4480.0503 -4575.3169 -4594.793 -4573.8901 -4623.7729 -4649.4849 -4549.999 -4496.9126 -4519.5381 -4499.4712 -4493.4819 -4508.8296 -4473.2451 -4536.4536 -4571.5098 -4526.918 -4505.7183 -4509.855 -4541.1675 -4527.27 -4514.0488 -4527.5649 -4533.189 -4554.0166 -4608.3516 -4599.1782 -4547.3916 -4517.7617 -4495.8579 -4490.7939 -4487.4053 -4536.0205 -4578.5737 -4600.9492 -4632.2212 -4649.1162 -4659.3057 -4660.9482 -4659.4253 -4618.7539 -4650.3071 -4642.4692 -4603.1548 -4656.4536 -4644.6411 -4654.002 -4670.2188 -4651.4619
-4503.3979 -4526.707 -4517.5571 -4538.4805 -4541.2144 -4448.8286 -4401.166 -4396.8325 -4420.3032 -4399.8877 -4514.752 -4550.9204 -4487.2017 -4596.498 -4544.9673 -4506.3945 -4563.1519 -4594.0825 -4545.2754 -4492.8071 -4482.728 -4459.7275 -4537 -4564.2109 -4507.4131 -4512.5117 -4516.459 -4505.479 -4509.4751 -4509.8809 -4517.8789 -4541.1387 -4564.8711 -4601.6724 -4629.7451 -4576.4131 -4522.5171 -4561.5044 -4581.9053 -4555.0581 -4575.3638 -4586.5205 -4602.2417 -4628.3896 -4654.8877 -4680.5576 -4685.374 -4686.873 -4644.0986 -4620.7969 -4615.5913 -4626.0757 -4633.3145 -4623.0229 -4649.4253 -4684.2979 -4640.1899
