Resources/Map/Lvl0_30x30/Ele_FI.asc
ncols         335
nrows         335
xllcorner     6755000
yllcorner     -10075000
cellsize      10000
nodata_value  -99999.0
[rows 108 to 134 of 335, columns 240 to 299 of 335]
2231.0547 2232.9351 2247.5095 2258.6992 2261.1614 2273.948 2284.1646 2292.1399 2309.4883 2320.9419 2308.916 2332.0247 2336.4919 2361.7498 2364.0264 2364.5613 2354.5244 2375.9602 2386.9873 2379.9988 2384.8235 2393.063 2402.6184 2402.3193 2415.9241 2417.1401 2428.2305 2427.5132 2427.7263 2444.3877 2450.7646 2440.8582 2427.2859 2452.0576 2464.5969 2464.1663 2464.5227 2482.1011 2475.9509 2476.4783 2487.5588 2493.981 2495.4875 2499.1174 2509.5603 2497.615 2511.085 2533.9595 2542.5244 2522.8584 2506.6768 2525.5752 2542.0039 2532.343 2530.8096 2536.9854 2539.9089 2558.1248 2562.655 2564.2356
2269.3276 2289.8225 2293.3186 2300.1775 2313.4282 2318.1479 2322.2405 2322.8896 2339.8574 2339.0012 2355.9937 2364.8333 2375.271 2390.8411 2400.1675 2410.0842 2433.7202 2412.9211 2416.7065 2434.1184 2436.9746 2450.178 2444.2786 2434.6733 2449.9473 2451.7888 2454.5769 2458.6936 2459.9663 2459.9219 2469.4705 2478.3647 2487.1675 2498.0242 2492.7651 2485.2844 2496.624 2513.4612 2518.5876 2525.3123 2523.8374 2524.8167 2585.5217 2537.1279 2535.0154 2564.4871 2573.7661 2584.033 2552.5652 2548.7068 2556.0906 2562.8838 2562.5022 2568.814 2564.5588 2574.1333 2584.1235 2586.4634 2574.2944 2554.3726
2309.0042 2323.9819 2348.1689 2358.0618 2365.7935 2371.1667 2373.9456 2360.9998 2394.5305 2391.3474 2409.1807 2415.4785 2426.5178 2434.2708 2434.9287 2450.7324 2459.2791 2462.9888 2465.0247 2466.2527 2474.0654 2469.282 2467.6299 2480.9568 2494.5056 2495.0327 2501.5991 2490.6243 2496.1108 2504.1665 2510.802 2514.9988 2505.7036 2521.2793 2527.1082 2538.6609 2545.0354 2548.894 2553.6018 2563.6663 2570.3215 2582.2844 2552.8313 2648.2048 2580.3262 2600.8623 2599.3296 2574.5923 2579.8086 2587.0559 2584.9531 2588.8381 2600.2793 2592.0942 2610.2603 2625.2214 2620.825 2611.3752 2608.0908 2626.8223
2349.4709 2363.8174 2372.9893 2383.5383 2398.5261 2413.5454 2424.4651 2437.0178 2442.4092 2450.9346 2459.5015 2448.9946 2474.2778 2480.0022 2483.6973 2477.5908 2480.2263 2481.7908 2495.7615 2503.8938 2479.7339 2498.7021 2508.4116 2520.1394 2509.1367 2514.7549 2513.3201 2522.8616 2519.5657 2538.4185 2534.9543 2538.8491 2543.0562 2552.7109 2556.7627 2567.0339 2575.9434 2576.4492 2586.3789 2681.2073 2759.3196 2643.302 2625.6143 2590.7915 2580.1912 2628.1282 2599.3369 2611.6052 2669.4084 2595.4404 2595.7776 2603.0825 2609.7019 2614.9937 2619.9312 2619.4219 2622.0276 2635.7107 2635.3767 2648.2717
2421.1731 2422.9651 2428.8259 2438.8457 2465.3887 2465.4221 2461.1362 2468.9141 2481.2092 2490.6821 2473.217 2504.6843 2500.8892 2497.5049 2504.4778 2514.4507 2518.344 2531.9526 2536.3538 2550.4333 2552.1045 2545.429 2541.71 2566.3223 2563.9915 2558.8596 2565.2268 2568.1548 2555.9099 2553.0154 2566.2446 2553.1062 2572.9512 2576.1494 2587.6316 2589.7236 2597.2932 2591.6826 2629.4622 2592.6782 2632.8782 2630.9624 2742.9045 2529.5642 2616.2573 2629.3713 2634.6167 2606.978 2571.113 2622.2249 2636.4255 2636.2107 2635.2876 2639.6399 2647.3235 2658.0825 2667.3484 2667.4207 2674.3792 2679.7458
2467.2776 2476.5107 2486.9775 2480.8064 2478.199 2450.2686 2470.9316 2474.4663 2485.9031 2499.0857 2510.6965 2528.0073 2532.4275 2539.0039 2553.106 2556.5046 2567.1746 2575.9556 2586.6836 2576.9998 2574.3555 2573.7754 2570.7588 2551.9336 2524.3105 2536.3438 2576.5093 2593.7378 2583.9688 2603.9265 2612.3333 2602.1086 2615.3096 2613.176 2606.6563 2626.6021 2648.9924 2653.2153 2677.7725 2615.7483 2667.0085 2544.4146 2604.7292 2613.5535 2665.425 2659.6265 2667.4016 2655.9165 2636.6699 2650.8755 2659.707 2663.1768 2652.123 2660.1675 2682.2302 2691.3618 2691.093 2687.7893 2697.5925 2703.2354
2488.502 2506.6787 2519.6548 2516.7512 2513.5906 2512.8928 2519.575 2534.1177 2549.3713 2555.438 2571.4573 2567.5762 2566.929 2584.8145 2589.7402 2602.2117 2603.0784 2611.9502 2614.9316 2605.114 2606.5806 2611.2556 2617.2522 2618.4812 2614.3103 2616.467 2627.1448 2595.3359 2613.4297 2638.1707 2639.8318 2617.5435 2652.3689 2659.0725 2663.6113 1498.6458 2607.7112 2697.2217 2450.8191 1679.7982 2342.8938 2764.5417 2712.9939 2697.9814 2694.2686 2681.3491 2693.4719 2682.4766 2675.5647 2677.9805 2671.2017 2686.2786 2687.9368 2702.5901 2704.2871 2709.3782 2704.4434 2708.4053 2708.7346 2720.8582
2540.4268 2537.8364 2541.8748 2541.6299 2536.2705 2538.3779 2562.104 2552.3521 2573.1575 2566.675 2575.1077 2588.2205 2599.1946 2604.021 2619.95 2628.5398 2636.2773 2630.8481 2627.4729 2636.6226 2645.7688 2648.3286 2649.1484 2651.269 2643.0515 2647.8433 2665.5515 2655.7659 2662.2935 2677.1536 2660.6775 2674.7502 2685.3044 1995.8494 1744.1395 2707.0352 2737.4756 2716.1775 2857.1335 2680.3159 2715.634 2706.324 2737.0349 2634.5923 2707.8933 2714.6506 2710.1018 2719.8723 2718.6497 2713.3069 2720.4758 2732.9131 2742.8782 2742.1584 2748.3733 2741.343 2725.0098 2733.0491 2746.488 2753.5303
2575.8137 2574.738 2544.5618 2563.7725 2563.416 2576.9534 2587.0647 2603.2671 2594.0154 2602.8789 2603.4983 2621.7263 2629.063 2631.8911 2636.8203 2641.0315 2641.1714 2641.5713 2648.4561 2655.6597 2672.8838 2677.5286 2686.6038 2673.4958 2680.1345 2693.646 2702.4592 2703.7046 2736.6118 2703.249 2707.1819 2728.9648 2736.3933 2521.782 2749.4365 2741.5571 2760.2046 2662.4636 2749.5601 2734.7507 2740.7493 2759.0571 2781.8418 2754.0735 2732.4011 2754.5037 2729.7219 2739.0203 2725.1975 2746.0215 2755.7585 2765.4954 2767.2927 2771.9348 2774.0593 2774.2422 2767.3223 2769.1648 2770.665 2776.7798
2619.1477 2614.5342 2606.2981 2597.4695 2611.9844 2620.0869 2630.5164 2625.0071 2627.2141 2637.1199 2645.498 2651.6924 2652.0322 2662.4912 2665.4375 2664.9395 2679.3992 2695.5991 2670.7898 2683.6057 2700.4167 2701.6709 2705.7649 2709.4385 2715.2102 2725.6187 2736.1804 2740.8843 2752.7612 2745.2058 2757.9617 2178.8 1762.4524 2761.4536 2768.5898 2737.0171 2771.2139 2782.3667 2774.3369 2835.168 2790.1726 2802.6111 2779.8523 2746.5496 2758.6438 2753.4614 2758.8142 2758.5791 2772.2434 2778.6619 2789.937 2794.8433 2796.2085 2798.4106 2800.4299 2800.3586 2798.8579 2810.5371 2814.7798 2810.7888
2637.4502 2621.9885 2626.8857 2653.0283 2641.2039 2650.0217 2661.322 2653.4194 2663.7083 2670.49 2677.3213 2689.4072 2698.4507 2699.8704 2684.4636 2705.7703 2721.7532 2730.8679 2727.49 2730.6492 2731.7339 2737.3533 2740.407 2731.1575 2750.3706 2764.2766 2770.657 2764.3259 2768.3059 2724.6206 2786.2673 2642.1909 2802.2302 2450.2786 2810.9587 2806.8672 2809.175 2806.5266 2794.8794 2800.6016 2812.083 2897.0032 2579.5989 2780.9338 2781.1377 2787.5693 2786.9712 2806.1445 2806.5986 2814.4333 2824.6428 2826.645 2822.7534 2825.1545 2827.4514 2830.3103 2832.5627 2841.6653 2840.553 2857.6641
2668.3342 2663.8342 2677.6738 2684.3303 2686.7932 2686.4146 2688.6304 2694.4023 2700.5591 2706.0122 2719.1543 2720.9297 2728.5437 2729.8391 2729.5513 2741.6523 2744.7021 2755.4287 2736.1138 2724.4883 2737.4126 2758.4187 2764.7109 2775.9656 2783.7373 2785.4653 2795.5103 2799.2822 2808.2566 2816.062 2810.8259 2798.5676 2817.6545 2832.6228 2826.5503 2881.3845 2845.761 2839.8223 2846.8228 2905.1985 2770.1284 2568.2498 2811.0618 2807.6951 2817.1379 2828.9915 2840.8665 2853.9233 2845.6724 2854.0017 2856.8923 2859.7798 2863.0022 2860.938 2848.2268 2848.6643 2860.6052 2868.1956 2878.5251 2876.1345
2709.9316 2729.9448 2700.9668 2695.1638 2703.9988 2710.0195 2710.3564 2724.9775 2728.0051 2740.1895 2751.5078 2757.8469 2756.3105 2760.5637 2740.947 2757.9624 2762.4744 2764.5679 2774.1099 2780.2549 2783.9631 2788.5591 2797.3071 2811.0669 2817.5317 2789.1953 2803.1797 2811.7021 2823.4963 2827.675 2844.2134 2822.8059 2849.1799 2899.239 2878.1946 2788.0723 2651.7756 2602.2739 2795.0046 2954.0562 2872.8003 2810.0366 2659.0254 2500.8523 2756.0071 2855.8398 2822.8025 2834.5679 2875.3474 2889.5938 2877.2424 2881.7681 2879.1296 2896.7227 2891.0093 2895.7102 2898.917 2935.7322 2898.7981 2915.8503
2935.7979 2703.2449 2707.6907 2717.6931 2732.2322 2744.1257 2742.4951 2750.6865 2759.3835 2765.0281 2763.8379 2770.9731 2775.8008 2770.0833 2774.9092 2780.8738 2787.7593 2789.7351 2804.7192 2800.8406 2811.7798 2815.7998 2827.2927 2832.4458 2850.4333 2819.7639 2847.1965 2802.6699 2832.4941 2842.2512 2855.8027 2860 2878.2749 2952.7627 2838.428 2872.3479 3019.8027 2924.7432 2887.8589 2920.019 2940.2949 2742.7854 2834.6135 2706.4854 2259.0591 2187.5483 2742.1965 2562.9165 2590.3894 2558.3999 2596.647 2792.1416 2891.5493 2907.4539 2904.2039 2908.407 2915.5591 2919.4651 2914.8625 2917.8059
2728.2949 2738.0557 2745.8452 2749.4824 2749.9385 2756.1741 2763.2642 2775.7971 2779.2786 2775.7805 2776.1938 2798.4236 2786.5054 2791.2869 2807.9448 2813.6919 2818.8806 2819.9082 2824.1357 2821.0247 2830.3501 2842.0208 2825.6611 2845.5061 2846.5015 2690.71 2543.1914 2849.6282 2864.3286 2870.5347 2944.8938 2893.3281 2888.7603 2930.5095 3075.4504 2922.5466 2973.2173 2890.0713 3103.1011 3258.9216 2450.5466 2263.2097 2239.9504 2335.7056 2280.3975 2501.1189 2634.3401 2889.3081 2860.1672 2859.1938 2536.28 2924.9346 2913.3362 2929.3076 2930.7319 2942.2625 2932.9702 2941.1228 2955.647 2960.6694
2738.6489 2752.4397 2762.1599 2768.4546 2772.2437 2777.6653 2790.7571 2792.562 2795.9421 2796.8018 2810.1008 2805.3291 2817.3943 2803.4292 2819.9446 2824.8325 2815.3406 2822.6748 2834.0178 2841.0996 2693.5769 1674.5443 2833.5652 2848.9348 2859.7168 2866.3401 2860.533 2879.5249 2893.9673 2897.3835 2863.0229 2703.3542 2938.4524 2909.4558 2893.2542 2941.0061 2812.4138 2688.2451 2521.6709 2273.7737 2306.2585 2712.4138 2510.8481 2550.7324 2426.7224 2595.9446 2720.2695 2685.4622 2747.9146 2867.4028 2933.9629 2933.7817 2938.3591 2946.3491 2955.4219 2966.3906 2964.9961 2963.6304 2981.0005 2981.2568
2768.2788 2773.9854 2780.4944 2789.5464 2790.9004 2804.2417 2802.5251 2817.9219 2799.1482 2813.4199 2823.9609 2782.9346 2811.2686 2820.261 2832.2632 2839.7043 2846.144 2808.9788 2653.2371 2536.1821 2864.4031 2540.272 2659.0842 2882.1648 2846.2468 2871.5574 2898.2288 2899.6726 2929.9141 3259.1946 2959.5916 2684.001 2786.717 2880.8435 2911.55 2683.1165 2706.0359 2363.5215 2250.0771 2368.9875 2320.0896 2396.2905 2493.5669 2435.1855 2496.2104 2385.3525 2388.6418 2512.1833 2494.3069 2731.8196 2597.4529 2421.49 2560.2039 2943.3545 2869.1899 2900.1799 2930.415 2960.0637 2962.8716 2949.8386
2772.6328 2777.4438 2792.5408 2798.9968 2811.9131 2816.0635 2810.3977 2806.8455 2830.188 2835.7864 2838.2268 2816.9854 2856.9485 2851.1936 2860.8259 2865.5459 2843.8975 2871.5859 2872.1238 2891.4451 2811.8872 2394.7441 2283.9543 1860.4089 2073.4521 2904.4126 3065.9402 3044.3726 2960.594 2917.3647 2929.0305 2944.5874 2800.9294 2760.1438 3183.8472 2612.095 2522.7109 2463.0706 2381.2856 2306.0125 2657.2156 2655.7856 2469.5115 2394.3191 2447.7334 2530.2715 2722.2913 2599.7571 2558.4736 2541.4214 2972.0037 2840.1963 3125.9348 3381.7368 3006.9236 3003.4976 2758.4238 2312.531 3070.2078 4072.9082
2798.9026 2811.1443 2811.6357 2821.7463 2825.238 2807.7998 2828.9543 2843.3979 2839.498 2835.1506 2849.0698 2842.4854 2850.5334 2859.2273 2831.2363 1750.0267 1954.9127 2840.2485 2905.4329 2478.0999 2039.2123 2649.6045 2682.8821 2804.7646 2932.104 2655.7554 2893.4553 2714.4065 2731.092 2619.7664 2923.7952 2969.96 2938.3352 3844.7808 2575.9434 2217.4866 2521.9302 2500.8386 2697.2368 2984.8359 2479.1477 2538.9258 2482.7014 2456.0393 2950.3528 2674.9031 2519.8391 2610.5723 2545.322 2670.0461 2579.5889 2694.0667 2702.6663 2566.6477 2739.1865 3038.9553 3028.3054 3171.9226 3708.3779 4285.7915
2816.5063 2818.4543 2826.6064 2837.7341 2842.8599 2843.2776 2856.2361 2835.4668 2855.9714 2858.3342 2854.9709 2866.429 2870.7124 2874.5681 2891.8574 2819.9844 2835.6931 2803.7427 2023.3552 2262.7009 2930.5735 2856.2571 2279.717 2948.5557 3112.106 3142.4709 2914.439 2776.1331 2781.5637 2959.8364 2956.3933 3920.835 2243.3569 2245.2935 2282.0764 2274.6807 2470.7283 2960.7246 2662.0796 2344.4502 2435.6621 2720.3042 2682.1956 2517.6807 2777.1404 2962.5693 3000.7891 3100.3752 3095.0876 2975.1926 3308.6245 2925.458 2540.4053 3305.2319 4600.4028 3987 3898.2302 3765.186 3470.5232 3037.2861
2833.4041 2841.4871 2851.803 2856.7542 2858.4099 2858.4514 2878.5522 2864.9011 2875.9646 2881.272 2884.3391 2810.5474 2748.541 2910.9153 2877.1326 2869.5408 2597.5886 1840.5118 1878.8639 2918.1123 2953.1064 2947.7473 2629.8186 2390.7305 3134.897 3156.1218 2670.3533 2959.8669 2972.1389 3280.1611 4413.3154 2234.6455 2250.9631 2328.8831 2618.5903 2905.4773 2916.5828 2500.8757 2329.4783 2455.8342 2952.751 3132.1621 2776.5181 3352.8354 3216.8174 2991.6887 3018.7979 3490.5137 2638.1248 2474.8948 2967.2024 2836.5793 3072.4514 3145.9397 3080.2468 3092.5742 3179.6743 3073.542 3085.0232 3095.1829
2849.0542 2856.1523 2861.4656 2858.9568 2855.0503 2867.1135 2882.9592 2888.2 2887.4651 2895.1182 2782.9204 1745.9052 1956.1414 2482.5146 2947.2146 2932.2803 2702.7009 2325.739 2692.9143 2965.4048 2962.4294 2491.5044 2784.1428 3338.1853 2780.9922 2970.2556 3004.634 2985.3582 4021.6125 2441.6033 2464.9707 2555.6169 2736.769 2967.9968 2909.8008 2906.4673 2948.3667 2917.5227 2975.9431 2985.8418 3023.0386 3039.2222 3011.2402 2938.3062 2844.3965 2939.1235 3404.7061 3219.6829 3110.3584 2834.4692 3074.4517 3681.8669 4041.2515 3356.5347 3653.2307 3114.9409 3090.4004 3100.8347 3118.7849 3122.0049
2875.0383 2867.9954 2873.7417 2875.5735 2887.7512 2882.1028 2896.1931 2899.9126 2881.0291 2775.6565 2272.832 2070.2119 2781.9453 2948.4573 2908.2437 2961.6455 2968.5012 2928.7012 2221.3401 2709.7861 2507.4143 2872.4741 2712.5303 3210.8821 3380.4067 2999.6904 2976.9839 2422.0991 2703.4944 2305.5081 2794.655 2925.1914 2932.7749 2991.9746 2977.4824 2988.4353 2983.0432 3003.0435 3029.1099 2999.8914 3034.6685 3037.2981 3035.5972 3053.6765 2960.3159 2892.5984 2783.5481 2855.5264 2908.8118 3579.1165 4298.4863 4754.1777 4985.1128 3152.4351 3103.1533 3101.9775 3113.1865 3111.113 3105.4609 3099.1772
2877.147 2890.5317 2889.499 2897.2268 2897.9265 2889.9009 2909.0632 2145.7476 2197.2988 2828.8027 1934.8235 2590.8201 2770.5762 1919.7385 2861.5562 2258.8542 2336.4929 2968.3013 3001.4033 3071.4043 2967.6489 3072.4697 3034.9783 3003.8362 3001.0103 2439.2214 2491.4358 2797.5725 2962.8875 2978.4307 3005.479 3015.72 2994.6614 3004.2124 2999.7866 3028.8005 3027.6462 3050.7981 3046.7422 3042.7512 3025.3098 3019.6716 2549.8684 2850.0781 3114.208 3387.75 3096.6277 3163.9275 3730.3628 4648.4829 4122.4854 3278.1157 3116.854 3084.8923 3105.9763 3126.3833 3110.4163 3123.8511 3125.7842 3098.6465
2897.0388 2895.717 2881.075 2889.3628 2886.905 2019.8275 2921.9241 2125.8787 2907.3677 2956.7302 2917.9993 2563.7278 2207.0654 2943.9595 2969.7412 2977.7761 2983.354 2987.4282 2976.05 2989.843 3010.2114 3015.394 3008.1257 3106.3018 2443.8455 2571.1289 2978.5251 2976.9739 2988.1707 3007.0452 3021.7468 3008.7202 3018.5469 3026.1816 3033.2966 3029.616 3031.8286 3029.3357 3035.0044 2903.1646 2625.0747 2822.7622 2602.8145 2847.4297 3066.8777 3281.96 4784.5933 4520.564 4783.0952 3406.0195 3075.0996 3131.7834 3140.2207 3133.6133 3103.3523 3133.2463 3086.4185 3106.8865 3139.3809 3154.8384
2887.2964 2896.1099 2897.6531 2038.2308 1971.5232 1934.3521 1989.7422 1407.0758 2406.895 1979.9423 2949.6072 2395.4182 2992.9536 2940.6062 2849.4922 2828.4756 2986.6536 2974.3469 3000.5327 2996.1782 3007.7551 2998.0308 2778.9668 2731.874 2943.5483 2994.1414 2993.5991 2975.6892 2981.1506 2987.5864 3005.8457 3026.2578 3036.4065 3041.1267 3052.9722 3026.3943 3046.9878 3056.6611 3067.0415 3084.874 3004.5 2668.8552 2667.2727 3110.1873 3133.4067 4176.5923 3244.8999 3137.0042 3130.4221 3143.7844 3152.7568 3154.082 3138.1165 3136.3909 3105.1899 3133.176 3129.4731 3133.1055 3143.4368 3147.8518
2906.6484 2910.7532 2908.4497 1812.3973 1861.7281 2017.2377 1993.9751 2160.9443 2099.7493 2949.4792 2942.8416 2121.7954 2123.5962 2991.0249 3013.2705 3005.5837 3009.2625 3017.3213 3005.3169 3021.2358 2629.6375 2501.1501 2882.4797 3018.3696 3012.3057 3040.6299 3037.5154 3022.1179 3026.9744 3018.7878 3017.3381 3014.6194 3056.5791 3035.3311 3061.2898 3074.668 3062.0708 2749.0996 3008.4299 2951.9275 2670.5693 3075.1948 3002.9177 3194.7144 3127.9536 3365.1958 3133.4834 3160.2888 3156.9167 3162.5864 3152.9861 3155.929 3160.0308 3165.3879 3153.5356 3146.4299 3167.1946 3162.8958 3182.6626 3316.2639
