Resources/Map/Lvl0_30x30/Ele_AK.asc
ncols         335
nrows         335
xllcorner     13455000
yllcorner     6675000
cellsize      10000
nodata_value  -99999.0
[rows 165 to 197 of 335, columns 152 to 227 of 335]
-27.1993 -29.1197 -31.5441 -33.6343 -35.6165 -38 -39 -39 -36 -34 -32 -30 -29 -27 -25 -25 -25 -24 -24 -22 -21 -21 -20 -20 -19 -18 -15 -4 12 17.4581 16.4912 46.1768 55.3318 35.9265 50.9074 42.1011 35.7243 39.7723 53.2366 59.751 77.7392 62.5369 87.6434 96.5034 142.7363 129.2041 152.4686 129.8365 133.4425 103.2402 115.8517 100.1884 72.8605 86.0091 50.8328 28.0394 27.882 22.256 20.8228 20.2495 21.6941 15.0676 16.499 20.9365 17.9496 15.7668 23.5742 28.016 38.2666 28.493 27.8856 13.8351 14.9624 14.1715 14.9091 18.2948
-24.2587 -24.8825 -26.5221 -28.8283 -30.2964 -33 -35 -35 -36 -36 -35 -34 -32 -29 -27 -26 -25 -25 -24 -23 -23 -22 -20 -20 -20 -21 -21 -20 -17 -10 16 18.1925 15.3644 18.0587 13.1617 14.3026 20.7237 23.3362 39.4997 56.708 93.2458 106.893 140.3923 140.4716 102.8436 96.5418 78.7998 87.5263 81.3584 53.5943 117.5819 103.9907 49.7651 36.1281 49.2355 20.8975 13.044 8.7098 9.2792 13.8248 15.0676 16.847 15.3791 14.0386 15.1623 52.1737 34.2932 31.4412 35.0169 33.0134 26.607 27.7161 18.0307 19.8903 11.5755 17.1291
-22.2898 -23.9158 -25.4062 -26.4282 -27.8717 -30 -31 -31 -32 -33 -34 -34 -34 -33 -31 -29 -27 -26 -26 -25 -25 -24 -23 -22 -21 -20 -21 -21 -21 -21 -17 -9 5 2 8.8587 7.5048 9.7628 14.2926 25.3862 49.9276 80.1448 75.63 92.1022 93.6053 131.3571 120.1612 97.2429 87.397 89.6736 86.6251 73.4657 61.7376 49.7849 13.449 13.2202 18.8077 11.9625 6.7507 8.7584 10.2632 6.6667 12.4412 19.392 25.8183 64.5044 37.8299 40.9404 30.0008 23.9894 17.1424 27.0433 23 23 11.1941 8.3187 4.9274
-21.1056 -23.1427 -24.5537 -25.5757 -26 -28 -29 -29 -30 -30 -30 -31 -32 -32 -31 -29 -27 -26 -25 -25 -25 -25 -24 -24 -23 -22 -22 -21 -21 -20 -20 -19 -17 -15 -13 -8 2 15.264 20.1482 28.1862 43.7463 60.6165 81.4718 69.5974 57.357 73.3739 116.8271 149.5866 166.0946 103.7125 117.2187 132.1593 50.4607 16.8804 8.6793 9.9487 5 1 3 4 17.2943 17.3983 29.7225 43.2964 31.0797 35.5999 23.1994 23.0684 23 24.2851 33.333 25.8241 14.4925 4.8595 5.9128 1
-21.7167 -23.5316 -24.5537 -25.4654 -25.9229 -26 -27 -28 -28 -29 -30 -30 -31 -31 -30 -29 -27 -26 -25 -25 -25 -25 -25 -24 -24 -24 -23 -23 -23 -22 -22 -21 -21 -19 -18 -17 -16 -13 2 21.4138 19.8566 47.1118 92.0476 86.9681 93.1424 34.6828 70.9841 141.7175 133.4417 102.9343 180.4807 89.5186 29.4895 7.9402 10.6674 15.4117 -1 -3 -5 -5 -4 0 15.2553 2 2 0 -3 -7 -10 -11 -11 -13 -13 -13 -14 -14
-22.1871 -23.1044 -24.0082 -24.4822 -25.1705 -26 -27 -27 -28 -28 -29 -29 -29 -29 -29 -29 -28 -27 -26 -25 -25 -25 -25 -25 -24 -24 -24 -25 -25 -24 -24 -24 -23 -23 -23 -22 -20 -18 -16 -11 1 10 21 20 10.6994 8.7288 11.3405 11.2907 17.4015 15.5136 20.6595 10.0197 10.941 9.066 12.2177 1.9938 -5 -7 -8 -8 -8 -9 -11 -13 -15 -17 -18 -19 -18 -18 -18 -17 -17 -17 -17 -17
-20.7644 -21.1707 -21.6592 -22.2044 -23.1265 -25 -25 -25 -26 -26 -27 -27 -28 -28 -29 -29 -29 -28 -27 -27 -26 -25 -25 -25 -25 -24 -24 -24 -24 -24 -24 -24 -24 -23 -23 -23 -22 -22 -21 -20 -19 -18 -15 -11 -7 -3 -1 5 10 12 14 12 6.4241 6 -1 -7 -9 -12 -13 -15 -17 -18 -18 -18 -18 -17 -18 -18 -18 -19 -19 -19 -19 -19 -19 -19
-19.616 -19.7423 -20.1533 -20.633 -21.186 -23 -23 -24 -24 -25 -26 -27 -28 -29 -28 -28 -27 -27 -27 -27 -26 -26 -25 -25 -25 -24 -23 -23 -23 -22 -23 -23 -23 -22 -22 -21 -21 -21 -21 -21 -21 -21 -21 -20 -19 -18 -17 -17 -15 -14 -13 -13 -13 -12 -11 -11 -14 -18 -20 -21 -20 -20 -19 -18 -19 -19 -20 -20 -20 -21 -20 -20 -20 -20 -20 -20
-17.6705 -18.4583 -18.7203 -19.296 -19.8875 -21 -23 -24 -25 -26 -28 -29 -30 -30 -29 -28 -28 -27 -27 -27 -26 -26 -25 -24 -23 -22 -22 -21 -20 -20 -20 -20 -20 -20 -20 -22 -21 -21 -20 -19 -20 -20 -20 -20 -20 -21 -21 -21 -21 -20 -20 -20 -20 -19 -17 -19 -23 -24 -24 -24 -23 -22 -22 -23 -23 -24 -23 -22 -20 -19 -18 -17 -17 -16 -17 -17
-14.6044 -16.3185 -17.7306 -18.5757 -19.5978 -21 -23 -25 -27 -29 -31 -30 -30 -29 -28 -28 -28 -27 -27 -27 -25 -23 -22 -21 -20 -20 -19 -19 -19 -19 -19 -19 -19 -19 -19 -19 -18 -18 -17 -17 -17 -18 -18 -19 -19 -21 -22 -21 -20 -20 -21 -22 -22 -22 -21 -21 -22 -21 -21 -21 -21 -21 -20 -19 -17 -16 -14 -13 -12 -11 -11 -10 -10 -10 -11 -11
-11.5383 -13.6236 -16.3153 -18.1146 -19.6611 -22 -25 -28 -32 -32 -29 -27 -27 -26 -26 -26 -26 -25 -24 -23 -22 -21 -20 -19 -19 -18 -18 -18 -18 -18 -18 -18 -18 -18 -18 -18 -18 -18 -18 -18 -18 -19 -19 -19 -20 -20 -20 -20 -20 -21 -21 -21 -21 -21 -21 -20 -18 -16 -16 -16 -16 -16 -14 -12 -11 -10 -9 -8 -8 -7 -7 -7 -7 -7 -8 -8
-9.6792 -11.4111 -14.1238 -16.4598 -18.8949 -24 -28 -32 -30 -19 11.7918 14.9169 -10 -18 -22 -23 -23 -22 -21 -21 -20 -21 -19 -19 -18 -18 -18 -18 -18 -18 -18 -18 -18 -18 -18 -18 -18 -18 -18 -18 -19 -20 -20 -20 -20 -20 -20 -20 -20 -20 -20 -20 -19 -19 -18 -17 -16 -15 -15 -15 -13 -10 -6 8.7372 11.9348 13.7509 11.3441 10.003 12.6216 11.0915 10.1229 8.1828 9.228 -2 -5 -6
-10.5553 -11.6034 -13.2715 -14.9397 -16.6078 -21 -24 -28 -29 -22 1 15 4.3746 40.9667 60.0954 23.2082 -18 -23 -24 -24 -22 -21 -20 -18 -17 -17 -17 -17 -17 -17 -18 -18 -18 -18 -19 -19 -19 -19 -20 -20 -20 -20 -20 -20 -20 -19 -19 -18 -18 -17 -17 -17 -16 -16 -16 -15 -15 -15 -15 -14 -10 -6 -1 9.6272 12.6658 6.4937 11.436 7.1246 17.2483 19.7279 12.8668 18.184 8.059 0 -4 -6
-12.2894 -13.1041 -13.9436 -15.1901 -16.3775 -18 -20 -22 -24 -26 -25 -20 -4 46 38.551 57.1427 24.6519 9.7077 -12 -17 -20 -20 -19 -18 -18 -18 -18 -18 -18 -18 -18 -19 -19 -19 -20 -20 -20 -20 -20 -20 -20 -19 -19 -19 -18 -17 -16 -15 -15 -15 -15 -15 -15 -14 -14 -14 -14 -13 -13 -12 -10 -7 -2 10 9.3436 9.4306 11.7637 15.6363 9.1317 11.9529 11.487 6.7194 6.2884 -2 -4 -5
-14.1235 -14.8499 -15.7895 -17.1501 -18.4216 -19 -21 -22 -24 -26 -30 -32 -34 -33 -9 32 59 41.693 63.0043 33.2829 -13 -16 -18 -18 -19 -19 -19 -18 -18 -18 -19 -19 -20 -20 -20 -20 -20 -20 -20 -20 -19 -19 -18 -17 -17 -16 -15 -15 -15 -14 -14 -14 -13 -13 -13 -12 -12 -11 -11 -10 -10 -10 -9 -5 7 9.8529 12 12 9 3 6 5 -3 -6 -6 -5
-15.4423 -16.9312 -18.1813 -19.0097 -20.0317 -21 -22 -23 -24 -26 -27 -28 -28 -26 -23 -19 -13 16 23 -5 -15 -18 -20 -20 -20 -20 -20 -20 -20 -20 -20 -20 -20 -20 -20 -20 -20 -20 -20 -19 -17 -17 -17 -16 -16 -15 -15 -15 -14 -14 -13 -13 -12 -12 -11 -10 -10 -10 -10 -10 -9 -9 -9 -9 -8 -3 -4 -3 -4 -4 -4 -5 -4 12.1584 9.4915 -2
-16.6988 -18.2769 -19.2525 -20.0317 -21.0537 -22 -23 -24 -24 -24 -24 -24 -23 -22 -22 -21 -21 -20 -20 -20 -20 -20 -20 -20 -20 -20 -20 -20 -20 -20 -20 -20 -20 -20 -19 -19 -18 -17 -15 -12 -11 -12 -14 -14 -15 -15 -14 -14 -13 -13 -12 -12 -11 -11 -10 -10 -10 -9 -9 -8 -7 -6 -6 -6 -6 -6 -5 -5 -4 -3 -2 10.7621 10.2299 8.6721 12.1262 10.2853
-17.5096 -18.5316 -19.5537 -20.5757 -21.8835 -23 -25 -25 -25 -25 -25 -25 -24 -24 -23 -23 -22 -22 -21 -21 -21 -21 -20 -20 -20 -20 -20 -20 -21 -21 -21 -21 -20 -19 -18 -18 -17 -17 -17 -18 -17 -16 -15 -15 -15 -15 -14 -14 -13 -12 -12 -12 -11 -11 -10 -10 -10 -9 -8 -7 -6 -5 -5 -5 -5 -5 -5 -5 -4 -3 11.1437 11.8651 11.1257 12.1535 18.316 12.5921
-17.2548 -18.0316 -19.0536 -20.0756 -21.3965 -22 -23 -24 -25 -25 -25 -25 -25 -24 -24 -23 -23 -22 -22 -22 -21 -21 -21 -21 -20 -20 -20 -20 -20 -20 -20 -21 -22 -22 -22 -21 -21 -21 -21 -20 -19 -18 -17 -15 -15 -14 -14 -13 -13 -12 -11 -11 -10 -10 -11 -12 -13 -14 -13 -12 -10 -8 -6 -5 -5 -4 -2 0 1 8.2942 10.9845 7.6173 17.2994 7.8453 19.9661 20.4558
-16.744 -17.2541 -18.0316 -19.0536 -19.7636 -20 -21 -22 -23 -23 -23 -23 -23 -23 -23 -22 -22 -22 -22 -21 -21 -21 -21 -21 -21 -21 -21 -21 -20 -20 -20 -21 -22 -22 -22 -22 -22 -22 -22 -21 -19 -17 -16 -16 -15 -15 -14 -13 -13 -12 -11 -11 -10 -10 -11 -13 -15 -14 -1 21 21 8 9 10 4 13 14 19.7969 12.9713 74.522 9.2711 12.295 11.487 23.2828 12.8147 13.4847
-16.2323 -16.7452 -17.2524 -18.0316 -18.7811 -19 -20 -21 -21 -21 -22 -22 -22 -22 -22 -22 -22 -21 -21 -21 -21 -21 -21 -21 -21 -21 -21 -21 -22 -22 -22 -23 -23 -22 -21 -21 -20 -18 -14 -12 -13 -13 -14 -15 -15 -15 -15 -14 -13 -13 -12 -12 -11 -11 -11 -11 -10 -9 40 28.7748 14.7832 64.0823 15.3873 12.406 -4 -6 -6 -6 -6 -6 -5 -3 7 11.0149 16.0954 35.1283
-15.4338 -15.6645 -15.8677 -16.4434 -17.4654 -20 -21 -21 -21 -21 -21 -21 -20 -20 -20 -20 -20 -20 -20 -20 -20 -20 -20 -21 -21 -21 -22 -22 -22 -23 -24 -24 -24 -24 -23 -23 -21 -20 -19 -17 -16 -16 -16 -16 -16 -15 -15 -15 -14 -14 -14 -13 -13 -13 -13 -12 -12 -11 -11 -9 -9 -9 -10 -10 -10 -10 -10 -10 -10 -10 -10 -10 -10 -9 -8 -6
-15 -15 -15 -15.2371 -15.6579 -16 -18 -20 -20 -20 -20 -20 -20 -20 -20 -20 -20 -20 -20 -20 -20 -20 -20 -20 -20 -21 -21 -22 -23 -23 -24 -25 -25 -25 -26 -26 -25 -23 -20 -19 -18 -18 -18 -17 -16 -16 -15 -15 -15 -14 -14 -14 -14 -14 -13 -13 -13 -13 -12 -12 -12 -12 -12 -12 -11 -11 -11 -11 -11 -12 -12 -12 -12 -12 -12 -12
-15 -15 -15 -15 -15 -16 -16 -16 -17 -17 -17 -18 -19 -20 -20 -20 -20 -20 -20 -20 -20 -20 -20 -20 -20 -21 -21 -21 -22 -22 -23 -25 -25 -26 -26 -27 -26 -25 -23 -21 -20 -19 -19 -18 -17 -16 -16 -15 -15 -15 -15 -14 -14 -14 -14 -13 -13 -13 -13 -12 -12 -12 -12 -12 -12 -12 -12 -12 -12 -12 -12 -12 -13 -14 -14 -15
-15 -15 -15 -15 -15 -15 -15 -16 -16 -17 -19 -19 -20 -20 -20 -20 -20 -20 -20 -19 -19 -19 -19 -19 -19 -19 -19 -20 -20 -20 -21 -21 -23 -25 -25 -25 -24 -24 -24 -22 -21 -20 -20 -19 -18 -17 -16 -16 -15 -15 -14 -14 -14 -14 -13 -13 -13 -13 -12 -12 -12 -11 -11 -11 -11 -10 -10 -11 -12 -13 -13 -14 -14 -16 -17 -17
-15 -15 -15 -15 -15 -15 -15 -15 -15 -16 -17 -18 -18 -18 -18 -18 -18 -18 -17 -17 -16 -16 -16 -16 -17 -17 -17 -18 -18 -19 -19 -20 -22 -23 -25 -24 -23 -24 -25 -25 -23 -20 -20 -19 -18 -17 -16 -16 -15 -15 -14 -14 -13 -13 -13 -12 -12 -12 -11 -11 -11 -11 -10 -10 -10 -10 -10 -13 -15 -13 -11 -11 -11 -10 -11 -11
-12.9709 -13.3305 -13.6473 -13.2579 -12.9709 -12 -12 -12 -13 -13 -13 -14 -14 -15 -15 -15 -15 -13 -13 -13 -14 -14 -15 -15 -15 -16 -16 -18 -19 -19 -20 -21 -21 -23 -24 -24 -23 -24 -25 -24 -22 -20 -19 -18 -18 -17 -16 -16 -15 -15 -14 -13 -13 -13 -12 -12 -11 -11 -10 -9 -8 -7 -6 -6 -6 -7 -9 -10 2 133.9886 117.5013 19.4775 22.3386 18.5405 16.7925 8
-13.3968 -13.5571 -13.3117 -12.4243 -11.5825 -11 -11 -11 -11 -11 -11 -11 -12 -13 -15 -15 -14 -14 -14 -14 -14 -16 -17 -17 -18 -18 -18 -19 -19 -20 -20 -21 -23 -24 -25 -25 -24 -25 -24 -22 -20 -19 -18 -17 -17 -16 -16 -15 -15 -14 -14 -13 -12 -11 -11 -11 -10 -9 -8 -7 -6 -5 -5 -5 -5 -6 -7 -7 -7 -2 19 24.4998 167.3716 213.7087 33.5264 23.3329
-17.6021 -17.2191 -16.328 -15.306 -14.2839 -15 -15 -15 -15 -15 -15 -16 -17 -17 -17 -17 -17 -18 -18 -18 -19 -19 -20 -20 -20 -20 -20 -20 -21 -22 -22 -24 -25 -25 -25 -25 -25 -24 -21 -20 -19 -18 -17 -17 -16 -16 -15 -15 -15 -14 -13 -12 -11 -11 -10 -10 -9 -8 -7 -6 -5 -5 -5 -5 -5 -5 -5 -6 -5 -5 -5 -4 -1 12.593 12.2748 16.3752
-20.1066 -19.6055 -18.9312 -18.3366 -18.0734 -19 -18 -18 -18 -18 -18 -19 -19 -19 -19 -19 -20 -20 -20 -20 -21 -22 -21 -19 -19 -20 -21 -22 -23 -23 -23 -24 -24 -24 -25 -25 -23 -21 -19 -19 -18 -17 -17 -16 -16 -15 -15 -14 -13 -12 -12 -11 -11 -11 -10 -8 -5 -3 -3 -4 -4 -4 -4 -5 -5 -5 -5 -5 -4 -3 -2 0 3 14.3053 10.2724 11.7397
-20.1155 -20 -19.8696 -19.7645 -19.7645 -20 -20 -20 -20 -20 -20 -20 -20 -20 -20 -20 -20 -20 -21 -21 -22 -23 -22 -18 -16 -19 -23 -23 -24 -23 -23 -23 -23 -23 -23 -23 -21 -19 -19 -18 -17 -17 -16 -15 -15 -14 -13 -12 -11 -11 -10 -10 -11 -10 5 15 8 2.7719 13.8936 4.2975 7.137 6 6 4 5 5 2 1 1 11.1549 12.6973 20.2878 9.717 17.6905 16.8281 20.5869
-20 -20 -20 -20 -20 -20 -20 -20 -20 -20 -20 -20 -20 -20 -20 -20 -20 -20 -21 -21 -21 -21 -20 -20 -20 -20 -21 -21 -22 -21 -21 -21 -20 -21 -22 -23 -21 -19 -18 -17 -17 -15 -15 -15 -14 -13 -12 -11 -11 -10 -9 -7 -4 4 20.2475 24.3379 32.5234 31.0096 20.782 22.5504 13.7604 15.8409 17.2335 13.5118 15.8405 12.7097 8.903 10.32 12.8125 22.2163 35.3207 12.2239 19.7758 21.649 14.3728 25.5028
-20 -20 -20 -20 -20 -20 -20 -20 -20 -20 -20 -20 -20 -20 -20 -20 -20 -20 -20 -20 -20 -20 -20 -20 -20 -20 -20 -20 -20 -20 -19 -18 -18 -17 -17 -18 -17 -16 -16 -16 -15 -15 -15 -14 -13 -11 -11 -11 -10 -9 -5 1 13 19.3639 17.485 26.7178 17.8561 18.3212 7.3712 21.3462 10.0151 9.3662 11.4008 7.69 9.6554 9.4321 10.9053 7.4912 18.4172 12.7252 34.2536 129.9657 189.5267 111.2054 142.2404 80.9326
