Resources/Map/Lvl0_30x30/Ele_EA.asc
ncols         335
nrows         335
xllcorner     -20045000
yllcorner     -6725000
cellsize      10000
nodata_value  -99999.0
[rows 272 to 305 of 335, columns 154 to 230 of 335]
-4966 -5186 -5339 -5397 -5339 -5217 -5030 -4766 -4466 -4267 -4412 -4678 -4729 -4639 -4687 -4784 -4838 -4907 -4964 -4973 -4897 -4741 -4622 -4663 -4880 -5202 -5474 -5526 -5314 -5018 -4892 -4966 -5117 -5224 -5246 -4695 -4444 -4295 -4162 -4177 -4389 -4678 -4742 -4466 -4237 -4242 -4453 -4514 -4424 -4363 -4436 -4583 -4623 -4541 -4449 -4370 -4340 -4282 -4243 -4230 -4176 -4159 -4189 -4230 -4228 -4174 -4187 -4194 -4164 -4202 -4268 -4269 -4291 -4396 -4367 -4255 -4181
-4754 -5137 -5369 -5450 -5437 -5427 -5389 -5221 -4941 -4731 -4759 -4778 -4571 -4309 -4256 -4344 -4546 -4797 -4941 -4949 -4898 -4810 -4661 -4596 -4758 -5038 -5207 -5229 -5268 -5497 -5731 -5710 -5439 -5248 -5266 -4984 -4818 -4727 -4491 -4354 -4523 -4758 -4778 -4532 -4347 -4406 -4623 -4515 -4341 -4271 -4490 -4797 -4889 -4774 -4570 -4392 -4346 -4271 -4232 -4227 -4133 -4066 -4082 -4081 -4069 -4134 -4290 -4359 -4204 -4119 -4255 -4338 -4333 -4322 -4237 -4276 -4319
-4378 -4577 -4833 -4975 -5115 -5332 -5493 -5433 -5221 -5070 -5051 -5021 -4922 -4710 -4429 -4205 -4240 -4452 -4698 -4875 -4848 -4702 -4569 -4551 -4646 -4691 -4601 -4483 -4531 -4919 -5388 -5596 -5390 -5080 -4955 -4851 -4839 -4944 -4937 -4903 -4871 -4682 -4449 -4338 -4439 -4626 -4550 -4257 -4201 -4249 -4463 -4570 -4585 -4600 -4567 -4548 -4579 -4505 -4386 -4286 -4150 -4037 -4005 -3991 -4023 -4194 -4394 -4432 -4279 -4123 -4085 -4057 -4342 -4367 -4297 -4297 -4244
-4769 -4643 -4542 -4384 -4439 -4728 -4980 -5086 -5052 -5018 -5015 -4975 -4934 -4855 -4665 -4411 -4221 -4169 -4300 -4473 -4441 -4353 -4375 -4493 -4572 -4530 -4496 -4532 -4598 -4725 -4898 -5096 -5216 -5176 -5113 -4974 -4931 -5010 -5046 -5039 -4974 -4723 -4307 -3982 -4127 -4457 -4428 -4160 -4144 -4425 -4667 -4647 -4550 -4525 -4589 -4672 -4669 -4539 -4382 -4317 -4251 -4108 -4015 -4068 -4170 -4310 -4397 -4347 -4267 -4251 -4284 -4333 -4401 -4463 -4394 -4279 -4192
-5129 -4953 -4709 -4552 -4515 -4456 -4420 -4598 -4793 -4943 -5009 -4974 -4921 -4954 -5044 -5020 -4709 -4340 -4228 -4324 -4323 -4262 -4254 -4321 -4327 -4225 -4251 -4438 -4600 -4636 -4700 -4864 -4954 -4946 -5035 -5233 -5195 -5194 -5164 -5141 -5114 -4941 -4548 -4218 -4336 -4611 -4603 -4452 -4436 -4590 -4728 -4706 -4618 -4624 -4668 -4609 -4532 -4491 -4385 -4333 -4361 -4217 -4023 -4062 -4170 -4214 -4221 -4202 -4228 -4337 -4420 -4409 -4364 -4323 -4243 -4247 -4315
-4830 -4892 -4971 -5067 -5033 -4843 -4606 -4543 -4550 -4503 -4522 -4677 -4908 -5098 -5234 -5292 -5165 -4924 -4770 -4766 -4711 -4490 -4162 -3959 -3880 -3845 -3924 -4063 -4191 -4298 -4397 -4444 -4372 -4341 -4489 -4876 -5013 -5147 -5250 -5328 -5267 -5136 -5053 -4988 -4977 -5010 -4975 -4843 -4703 -4628 -4563 -4448 -4360 -4460 -4545 -4428 -4348 -4417 -4420 -4393 -4443 -4439 -4286 -4258 -4268 -4254 -4326 -4419 -4460 -4460 -4425 -4415 -4312 -4129 -4153 -4350 -4454
-4279 -4399 -4594 -4794 -5031 -5189 -5158 -5026 -4837 -4641 -4430 -4485 -4759 -4994 -5100 -5124 -5159 -5219 -5234 -5179 -5095 -4930 -4683 -4514 -4391 -4263 -4198 -4079 -3921 -3907 -3958 -3940 -3936 -4115 -4434 -4513 -4425 -4579 -4906 -5155 -5112 -5074 -5173 -5127 -4843 -4631 -4672 -4755 -4704 -4608 -4499 -4327 -4208 -4282 -4349 -4294 -4283 -4347 -4343 -4299 -4375 -4535 -4515 -4418 -4344 -4356 -4497 -4534 -4482 -4452 -4441 -4434 -4400 -4285 -4285 -4352 -4364
-4626 -4482 -4296 -4157 -4350 -4685 -4902 -4990 -5066 -5164 -4944 -4711 -4705 -4803 -4881 -4928 -5056 -5266 -5369 -5283 -5161 -5064 -4982 -4950 -4914 -4846 -4794 -4645 -4340 -4074 -3888 -3666 -3608 -3882 -4275 -4248 -4013 -4028 -4264 -4537 -4747 -4879 -4909 -4819 -4651 -4470 -4327 -4286 -4336 -4408 -4392 -4275 -4164 -4155 -4170 -4184 -4260 -4380 -4423 -4369 -4399 -4488 -4573 -4681 -4673 -4572 -4428 -4281 -4307 -4404 -4438 -4448 -4498 -4431 -4307 -4207 -4184
-5096 -4860 -4396 -3923 -3855 -4090 -4375 -4514 -4534 -4550 -4539 -4476 -4405 -4457 -4588 -4744 -4932 -5059 -5042 -4973 -4945 -4950 -4994 -5065 -5110 -5121 -5170 -5238 -5165 -4862 -4463 -4062 -3935 -4103 -4266 -4102 -3993 -3963 -3928 -4020 -4353 -4576 -4588 -4679 -4930 -4965 -4628 -4371 -4366 -4333 -4172 -4066 -4022 -3978 -4029 -4162 -4268 -4339 -4405 -4447 -4451 -4451 -4506 -4573 -4531 -4348 -4128 -4013 -4179 -4268 -4316 -4402 -4483 -4408 -4264 -4197 -4149
-4939 -4787 -4448 -4140 -4134 -4321 -4517 -4533 -4356 -4173 -4166 -4220 -4282 -4422 -4517 -4577 -4700 -4753 -4709 -4785 -4936 -5031 -5132 -5218 -5173 -5055 -5063 -5240 -5403 -5293 -5029 -4809 -4721 -4595 -4308 -3859 -3920 -4088 -4197 -4294 -4458 -4394 -4137 -4110 -4404 -4666 -4770 -4802 -4699 -4410 -4104 -3942 -3916 -3973 -4110 -4245 -4242 -4157 -4141 -4235 -4324 -4427 -4474 -4398 -4308 -4316 -4299 -4269 -4317 -4240 -4198 -4241 -4305 -4292 -4203 -4244 -4275
-4688 -4622 -4586 -4657 -4773 -4861 -4901 -4862 -4666 -4321 -4010 -3855 -3924 -4214 -4422 -4467 -4492 -4601 -4723 -4832 -4897 -4954 -5089 -5233 -5272 -5238 -5224 -5208 -5124 -4945 -4790 -4807 -4949 -4916 -4651 -4231 -4150 -4147 -4226 -4336 -4393 -4171 -3810 -3715 -3936 -4217 -4519 -4713 -4595 -4313 -4176 -4102 -4065 -4144 -4176 -4100 -4118 -4197 -4209 -4176 -4184 -4298 -4394 -4365 -4331 -4403 -4442 -4386 -4338 -4178 -4136 -4156 -4148 -4143 -4177 -4280 -4324
-4423 -4407 -4511 -4655 -4648 -4615 -4692 -4849 -4926 -4772 -4424 -4095 -3942 -4115 -4308 -4307 -4297 -4564 -4795 -4806 -4753 -4746 -4797 -4905 -5079 -5247 -5307 -5273 -5193 -5097 -4960 -4861 -4964 -5111 -5152 -4951 -4737 -4447 -4189 -4011 -3907 -3839 -3844 -3979 -4119 -4073 -4018 -4217 -4392 -4314 -4175 -4096 -4106 -4172 -4143 -4112 -4193 -4233 -4180 -4110 -4064 -4127 -4232 -4269 -4254 -4273 -4312 -4242 -4241 -4251 -4252 -4261 -4227 -4214 -4286 -4359 -4354
-4692 -4600 -4445 -4268 -4148 -4242 -4508 -4726 -4896 -5019 -4961 -4647 -4181 -4012 -4070 -4151 -4373 -4653 -4577 -4463 -4484 -4560 -4675 -4763 -4805 -4833 -4871 -4927 -5014 -5162 -5248 -5192 -5092 -4994 -4870 -4637 -4583 -4515 -4327 -4018 -3724 -3648 -3784 -3989 -4037 -3856 -3766 -4091 -4491 -4491 -4180 -3996 -4044 -4081 -4018 -4091 -4181 -4098 -4032 -4078 -4067 -4067 -4139 -4201 -4211 -4222 -4273 -4250 -4223 -4262 -4317 -4331 -4230 -4118 -4098 -4156 -4156
-5317 -5008 -4590 -4276 -4254 -4450 -4578 -4516 -4612 -4941 -5145 -4977 -4514 -4225 -4256 -4460 -4737 -4858 -4652 -4396 -4345 -4484 -4716 -4775 -4581 -4410 -4465 -4569 -4634 -4785 -4996 -5152 -5225 -5125 -4811 -4338 -4417 -4609 -4699 -4601 -4307 -4036 -3967 -4008 -3897 -3770 -3903 -4265 -4514 -4372 -4036 -3899 -4016 -4141 -4147 -4153 -4121 -4025 -3991 -3992 -3972 -4016 -4124 -4209 -4244 -4236 -4179 -4161 -4206 -4202 -4180 -4166 -4151 -4172 -4127 -4116 -4154
-5583 -5438 -5117 -4879 -4828 -4804 -4647 -4462 -4555 -4873 -5041 -4954 -4693 -4493 -4501 -4679 -4906 -5039 -5022 -4875 -4739 -4681 -4699 -4724 -4612 -4557 -4619 -4651 -4698 -4788 -4738 -4519 -4476 -4706 -4991 -4834 -4524 -4352 -4329 -4364 -4409 -4397 -4340 -4215 -4037 -4060 -4245 -4365 -4357 -4219 -4042 -3915 -3926 -4050 -4105 -4042 -4031 -4140 -4191 -4084 -3998 -3995 -4038 -4085 -4100 -4185 -4159 -4218 -4361 -4332 -4169 -4039 -4059 -4150 -4200 -4098 -4009
-5123 -5443 -5472 -5386 -5283 -5125 -4958 -4866 -4847 -4809 -4661 -4469 -4326 -4285 -4308 -4391 -4545 -4758 -4946 -4954 -4855 -4792 -4793 -4808 -4777 -4762 -4704 -4610 -4658 -4723 -4509 -4078 -3796 -3880 -4228 -4795 -4809 -4661 -4423 -4194 -4162 -4185 -4118 -4009 -3983 -4079 -4091 -3992 -3923 -3920 -3988 -3953 -3820 -3838 -3933 -3951 -3974 -4017 -3992 -3931 -3979 -4134 -4145 -4129 -4032 -4067 -4183 -4290 -4395 -4317 -4139 -4020 -4061 -4046 -3893 -3748 -3762
-4575 -4757 -4855 -5084 -5394 -5536 -5507 -5402 -5220 -5005 -4826 -4616 -4435 -4391 -4352 -4275 -4321 -4516 -4675 -4655 -4635 -4751 -4859 -4815 -4689 -4618 -4479 -4413 -4481 -4563 -4519 -4458 -4341 -4067 -3775 -4204 -4684 -4878 -4767 -4560 -4390 -4079 -3699 -3525 -3527 -3525 -3543 -3687 -3833 -3851 -3875 -3876 -3762 -3743 -3880 -4002 -4001 -3937 -3861 -3815 -3927 -4184 -4150 -4140 -4143 -4144 -4144 -4184 -4330 -4270 -4202 -4179 -4192 -4037 -3769 -3718 -3865
-4400 -4035 -3682 -3901 -4660 -5344 -5715 -5786 -5614 -5297 -5022 -4773 -4586 -4548 -4557 -4571 -4624 -4645 -4611 -4588 -4614 -4685 -4693 -4646 -4648 -4700 -4682 -4615 -4495 -4450 -4491 -4664 -4764 -4584 -4311 -4330 -4394 -4384 -4369 -4365 -4344 -4233 -4044 -3792 -3503 -3285 -3341 -3636 -3840 -3779 -3690 -3702 -3753 -3860 -3997 -4014 -3954 -4013 -4088 -4034 -3971 -4036 -4075 -4022 -4046 -4107 -4123 -4167 -4185 -4116 -4078 -4124 -4142 -4133 -4084 -4081 -4158
-4805 -4427 -3875 -3492 -3579 -4045 -4683 -5258 -5625 -5734 -5643 -5448 -5184 -4961 -4906 -4994 -5007 -4804 -4566 -4498 -4504 -4526 -4561 -4565 -4538 -4542 -4584 -4593 -4566 -4561 -4457 -4330 -4277 -4269 -4313 -4367 -4333 -4359 -4337 -4243 -4195 -4282 -4401 -4304 -4031 -3830 -3834 -3908 -3889 -3769 -3644 -3611 -3745 -3948 -4031 -3916 -3764 -3776 -3946 -4106 -4106 -4078 -4058 -3923 -3812 -3886 -4036 -4142 -4099 -3873 -3743 -3805 -3916 -4023 -4057 -4092 -4177
-5149 -5097 -4821 -4321 -3922 -3787 -3966 -4317 -4709 -5098 -5473 -5728 -5753 -5534 -5266 -5064 -4947 -4793 -4572 -4381 -4266 -4287 -4435 -4475 -4352 -4286 -4354 -4458 -4584 -4643 -4467 -4133 -4045 -4185 -4288 -4344 -4398 -4499 -4476 -4332 -4203 -4229 -4396 -4494 -4467 -4413 -4376 -4293 -4109 -3891 -3738 -3778 -4001 -4087 -3990 -3844 -3760 -3764 -3910 -4131 -4213 -4173 -4103 -3937 -3788 -3931 -4184 -4284 -4150 -3759 -3556 -3634 -3872 -3905 -3879 -3952 -4096
-4925 -5161 -5246 -5070 -4731 -4626 -4503 -4349 -4168 -4045 -4280 -4805 -5368 -5603 -5492 -5222 -5050 -4965 -4771 -4465 -4274 -4308 -4443 -4465 -4400 -4448 -4576 -4609 -4593 -4542 -4364 -4096 -4023 -4169 -4233 -4345 -4305 -4324 -4348 -4325 -4231 -4210 -4329 -4489 -4602 -4677 -4741 -4693 -4554 -4430 -4323 -4289 -4287 -4129 -3928 -3786 -3699 -3679 -3797 -4077 -4294 -4309 -4126 -3872 -3792 -4034 -4284 -4334 -4164 -4078 -4134 -4228 -4246 -3960 -3732 -3674 -3764
-4529 -4848 -5183 -5342 -5283 -5181 -5043 -4914 -4597 -4195 -4040 -4191 -4603 -5040 -5374 -5582 -5615 -5479 -5218 -4890 -4608 -4464 -4441 -4449 -4471 -4573 -4716 -4719 -4561 -4417 -4337 -4262 -4193 -4180 -4241 -4353 -4210 -4104 -4131 -4253 -4304 -4300 -4296 -4319 -4382 -4522 -4752 -4801 -4657 -4565 -4562 -4496 -4341 -4225 -4183 -4123 -4016 -3963 -4007 -4134 -4222 -4190 -4032 -3898 -3938 -4030 -4042 -4042 -4055 -4151 -4280 -4347 -4158 -3924 -3899 -3935 -3918
-4359 -4410 -4640 -4974 -5223 -5294 -5249 -5212 -5041 -4823 -4598 -4255 -4207 -4302 -4511 -4856 -5209 -5419 -5488 -5406 -5166 -4856 -4635 -4604 -4687 -4731 -4654 -4509 -4401 -4417 -4466 -4506 -4547 -4513 -4377 -4247 -4232 -4122 -4106 -4249 -4302 -4242 -4218 -4283 -4326 -4349 -4463 -4467 -4253 -4111 -4228 -4304 -4236 -4249 -4350 -4415 -4411 -4374 -4298 -4195 -4102 -4021 -3962 -4006 -4124 -4094 -3948 -3922 -4011 -3989 -3951 -3971 -3878 -3843 -4076 -4275 -4216
-4494 -4337 -4320 -4471 -4715 -5003 -5294 -5463 -5407 -5167 -4871 -4628 -4672 -4329 -4201 -4221 -4496 -4913 -5308 -5530 -5604 -5560 -5419 -5266 -5083 -4818 -4559 -4390 -4379 -4469 -4520 -4591 -4708 -4659 -4414 -4437 -4590 -4502 -4388 -4318 -4216 -4151 -4209 -4356 -4440 -4388 -4201 -3959 -3847 -3970 -4169 -4194 -4088 -4096 -4145 -4185 -4320 -4484 -4563 -4463 -4274 -4147 -4133 -4128 -4060 -3937 -3850 -3900 -4062 -4074 -3947 -3919 -3811 -3824 -4046 -4230 -4202
-4738 -4570 -4458 -4401 -4379 -4507 -4808 -5070 -5139 -5066 -4952 -4831 -4732 -4621 -4585 -4476 -4569 -4778 -4980 -5149 -5372 -5536 -5522 -5387 -5164 -4909 -4757 -4661 -4594 -4580 -4599 -4649 -4562 -4362 -4299 -4720 -4739 -4516 -4292 -4146 -4197 -4285 -4315 -4279 -4308 -4422 -4376 -4111 -3968 -4016 -3988 -3895 -3894 -3965 -3921 -3800 -3877 -4135 -4375 -4426 -4355 -4319 -4337 -4294 -4173 -4065 -4072 -4146 -4295 -4249 -4015 -3984 -3924 -3837 -3815 -3893 -3971
-4800 -4822 -4816 -4755 -4672 -4654 -4768 -4956 -5028 -4939 -4904 -5000 -5066 -4934 -4752 -4665 -4619 -4566 -4631 -4856 -4782 -4619 -4335 -4086 -4017 -4358 -4924 -5276 -5350 -5236 -4994 -4778 -4660 -4559 -4491 -4276 -4224 -4266 -4269 -4281 -4344 -4325 -4223 -4100 -4166 -4304 -4425 -4547 -4508 -4196 -3931 -4041 -4256 -4271 -4241 -4198 -4158 -4200 -4309 -4380 -4371 -4333 -4246 -4136 -4062 -4049 -4114 -4285 -4434 -4149 -4060 -3935 -3891 -3879 -3966 -4051 -4042
-4990 -5049 -5053 -5027 -5054 -5131 -5162 -5078 -4924 -4751 -4662 -4748 -4992 -5159 -5103 -4897 -4690 -4676 -4870 -4964 -4891 -4795 -4776 -4553 -4068 -3869 -3918 -4125 -4575 -5063 -5283 -5279 -5169 -4951 -4665 -4193 -4091 -4147 -4235 -4287 -4313 -4366 -4472 -4522 -4392 -4148 -4158 -4288 -4306 -4112 -4015 -4160 -4307 -4369 -4428 -4395 -4315 -4330 -4367 -4262 -4093 -4039 -4091 -4099 -4135 -4264 -4313 -4050 -3628 -3504 -3530 -3674 -3828 -3996 -4146 -4143 -3993
-5020 -5022 -5035 -5027 -5064 -5127 -5073 -4909 -4757 -4590 -4411 -4426 -4730 -5052 -5078 -4889 -4735 -4720 -4791 -4830 -4873 -5039 -5265 -5161 -4807 -4413 -4121 -4024 -4164 -4461 -4660 -4801 -4966 -5083 -5037 -4496 -4307 -4261 -4290 -4330 -4313 -4277 -4319 -4403 -4339 -4150 -4083 -4167 -4194 -4115 -4137 -4250 -4308 -4373 -4456 -4429 -4333 -4306 -4270 -4145 -4009 -3881 -3791 -3827 -3993 -4185 -4276 -4244 -4002 -3911 -3813 -3716 -3723 -3728 -3715 -3767 -3851
-4834 -4897 -4943 -4868 -4857 -4936 -4884 -4718 -4642 -4620 -4553 -4575 -4796 -5053 -5084 -4925 -4755 -4671 -4669 -4740 -4872 -5039 -5146 -5113 -5009 -4873 -4754 -4580 -4293 -4233 -4136 -4142 -4365 -4678 -4907 -4897 -4830 -4688 -4539 -4445 -4370 -4281 -4258 -4364 -4421 -4250 -4024 -4036 -4144 -4125 -4190 -4281 -4235 -4251 -4312 -4356 -4354 -4323 -4251 -4150 -4032 -3825 -3671 -3765 -3899 -3876 -3856 -3922 -4042 -4166 -4162 -4020 -3856 -3684 -3557 -3498 -3476
-4724 -4839 -4838 -4723 -4716 -4808 -4817 -4744 -4722 -4761 -4786 -4797 -4879 -5016 -5072 -5006 -4908 -4861 -4804 -4699 -4642 -4725 -4903 -5018 -5042 -5023 -4963 -4811 -4615 -4469 -4334 -4263 -4250 -4271 -4307 -4547 -4712 -4796 -4811 -4780 -4631 -4408 -4275 -4327 -4389 -4282 -4099 -4062 -4145 -4214 -4252 -4101 -4071 -4262 -4351 -4373 -4359 -4335 -4239 -4071 -3954 -3833 -3749 -3800 -3811 -3686 -3616 -3624 -3687 -3838 -3939 -3904 -3830 -3851 -3980 -3992 -3817
-4842 -4819 -4755 -4750 -4798 -4767 -4670 -4637 -4657 -4697 -4695 -4629 -4628 -4770 -4917 -4993 -5070 -5155 -5130 -4952 -4761 -4679 -4724 -4803 -4869 -4927 -4945 -4893 -4793 -4700 -4627 -4513 -4419 -4350 -4269 -4153 -4211 -4331 -4558 -4817 -4852 -4722 -4646 -4611 -4491 -4336 -4212 -4107 -4020 -3995 -4054 -4100 -4155 -4205 -4267 -4386 -4298 -4204 -4102 -4016 -4036 -4026 -3976 -3942 -3847 -3691 -3617 -3636 -3698 -3758 -3764 -3686 -3633 -3775 -4054 -4178 -4040
-4909 -4838 -4784 -4816 -4864 -4820 -4713 -4673 -4704 -4754 -4736 -4655 -4651 -4809 -4942 -4961 -5005 -5094 -5100 -5039 -4992 -4934 -4845 -4789 -4771 -4712 -4574 -4430 -4394 -4519 -4653 -4628 -4482 -4431 -4462 -4300 -4161 -4006 -4101 -4182 -4290 -4503 -4822 -4991 -4879 -4697 -4561 -4427 -4279 -4168 -4146 -4135 -4112 -4138 -4254 -4342 -4161 -3963 -3947 -4108 -4194 -4090 -4021 -4048 -3992 -3822 -3736 -3791 -3833 -3740 -3705 -3718 -3768 -3873 -4005 -4060 -3944
-4722 -4698 -4710 -4737 -4790 -4829 -4799 -4735 -4672 -4614 -4575 -4570 -4627 -4717 -4753 -4696 -4654 -4681 -4729 -4803 -4855 -4847 -4811 -4782 -4719 -4566 -4364 -4254 -4348 -4532 -4587 -4504 -4395 -4364 -4435 -4577 -4502 -4425 -4075 -3861 -3883 -3949 -4217 -4531 -4717 -4795 -4846 -4878 -4849 -4747 -4568 -4358 -4268 -4342 -4355 -4270 -4123 -4007 -4027 -4142 -4121 -3994 -4016 -4089 -4019 -3872 -3879 -3978 -3950 -3782 -3741 -3860 -3977 -3975 -3944 -4005 -4035
-4394 -4369 -4428 -4512 -4650 -4771 -4777 -4725 -4635 -4502 -4461 -4512 -4579 -4612 -4611 -4537 -4462 -4500 -4628 -4733 -4701 -4612 -4633 -4715 -4704 -4558 -4375 -4288 -4371 -4479 -4462 -4410 -4418 -4446 -4503 -4743 -4740 -4572 -4312 -4362 -4326 -4210 -4150 -4221 -4270 -4273 -4363 -4603 -4811 -4889 -4833 -4694 -4616 -4605 -4476 -4269 -4139 -4108 -4092 -4054 -3982 -3980 -4065 -4088 -4014 -3951 -3963 -4007 -3991 -3933 -3924 -3946 -3947 -3926 -3944 -3961 -3872
