Resources/Map/Lvl0_30x30/Ele_FB.asc
ncols         335
nrows         335
xllcorner     -16695000
yllcorner     -10075000
cellsize      10000
nodata_value  -99999.0
[rows 216 to 242 of 335, columns 122 to 182 of 335]
448.0991 452.7187 469.6167 456.8345 451.7195 461.2114 464.0798 468.5767 458.5717 456.5415 465.2942 485.6625 480.0226 493.4447 482.692 498.6938 503.5105 511.4124 475.6985 576.84 679.0692 546.9032 543.2273 487.3999 518.6281 492.7443 533.1906 524.681 551.5599 604.1326 550.7553 545.867 628.7762 591.8676 605.7036 562.4935 544.4229 656.3066 638.7556 778.9017 841.5667 702.5179 740.1709 474.2074 560.8539 547.8881 685.3383 610.8918 610.2198 736.8416 740.0403 700.8654 722.3054 620.5944 752.3527 728.6255 763.2143 765.249 780.1822 849.3184 803.0073
440.8275 447.4615 451.4641 452.655 463.3916 454.54 457.8289 465.9405 472.9429 469.0914 480.2274 492.0789 514.6149 515.5148 509.8875 497.6553 581.2975 510.5543 483.2976 513.1464 508.3597 503.3857 523.7635 536.161 537.5679 529.3731 556.2795 616.6507 618.5268 808.7701 575.6091 561.9882 529.4986 630.8307 586.402 698.9727 566.8976 601.4042 629.7701 671.1893 619.0933 649.4435 699.2078 637.5512 596.1227 657.4425 642.5255 660.1465 686.6192 681.538 710.1607 669.573 682.0577 706.7491 755.3536 780.2308 753.8936 754.6979 770.8419 793.3201 803.5638
423.0616 428.2251 427.497 431.0027 437.9936 445.3957 443.5377 448.7688 451.0512 457.2703 470.0032 463.0373 474.9799 514.5713 495.2438 493.0907 524.1194 534.4788 523.1561 519.6298 525.2603 533.7799 539.78 527.5096 540.123 537.162 540.6929 638.6696 583.2911 593.9079 592.5746 561.9637 624.2032 542.2915 578.6563 595.8215 596.6577 593.9926 603.1697 639.1541 633.085 638.756 647.1762 653.5684 655.7527 674.3307 667.0953 664.2092 665.9615 700.5261 732.8427 743.1695 730.0646 784.9244 787.6334 810.0609 799.2612 830.9407 825.4231 831.3617 839.751
492.4733 486.9743 496.5225 496.5373 499.3555 515.0793 527.0836 522.2655 531.7861 526.6182 542.8602 547.8076 549.1901 560.8978 569.843 597.4407 580.4691 580.2753 574.7496 497.2094 485.0982 663.1382 502.2097 523.8087 538.2739 566.1383 566.2375 572.9069 560.9025 590.9023 595.9851 597.0955 601.4326 587.0952 581.398 634.1229 665.0198 675.4023 652.752 655.3408 654.6975 656.6409 666.777 687.4774 698.5314 699.1478 700.1046 710.3831 723.2711 723.7209 719.4827 747.2524 770.5928 766.4191 782.9313 813.8161 784.7264 829.346 837.9634 845.5845 841.3124
474.545 490.8596 518.6957 474.303 510.9129 595.6848 603.0016 581.4181 593.6056 616.2448 664.1955 685.4633 597.0491 976.1589 756.7639 790.4232 688.3862 973.8854 1108.5824 910.3938 522.6478 546.9188 667.3357 574.2288 596.1241 608.4243 607.6723 595.7473 639.5292 624.1272 642.7064 630.8466 651.1453 633.0078 629.7401 714.9521 667.4794 656.5269 673.5572 668.7053 658.1985 691.4413 693.7292 689.0767 684.7776 702.5616 702.9735 697.35 722.2628 729.4106 747.9337 755.645 744.7669 755.6613 790.3564 764.5306 783.3243 808.7907 765.3467 592.3726 737.8722
155.2359 211.4809 236.1126 125.6834 117.7008 143.7265 211.9262 337.745 278.7953 486.2478 497.5737 411.1054 559.3133 599.8536 581.3514 643.5547 637.5244 665.8885 516.525 280.1857 506.2599 543.3497 641.0779 625.4734 631.2634 625.9669 622.7049 646.1185 633.3203 629.0155 658.4434 646.6558 648.7886 639.9568 747.7786 623.8649 672.0754 672.8834 666.2016 680.5129 695.9899 698.6439 708.3424 708.5773 721.3278 719.5113 720.8148 733.9172 758.9713 742.6329 670.1447 624.4493 506.7183 567.5966 535.3383 565.6942 565.3589 725.0607 836.0656 829.6097 911.4841
552.0203 486.5838 565.7844 589.7825 540.3106 427.9712 576.635 570.4949 559.5942 526.6345 574.1046 561.3199 577.5228 578.0687 581.3882 600.72 608.404 582.1736 596.3571 556.4783 570.7513 567.1718 579.3079 571.9066 562.2669 616.7792 621.1646 640.4042 639.8427 594.3674 650.1199 635.5558 662.3029 657.5554 655.2594 515.8071 518.7136 655.1524 644.2891 670.0808 550.7742 393.5908 500.8705 478.3947 544.5936 612.9552 638.7396 588.5494 591.9829 635.1107 399.0957 253.4496 206.0443 217.4507 244.61 332.0337 567.5871 510.1275 581.3839 847.8156 870.986
491.7714 554.3057 531.6832 515.5622 525.0331 535.6756 536.3309 548.0881 536.0104 539.0326 552.0995 544.0453 552.2927 555.6144 549.0408 561.1887 575.5196 577.8849 579.0618 589.8199 588.5201 590.2279 599.4612 593.4856 587.9255 611.5118 609.1122 613.0378 609.396 622.5559 641.2577 636.0585 652.0807 627.5753 617.4057 582.0621 588.5637 610.8967 625.0819 601.3923 568.1774 415.7346 425.604 437.8 401.7581 227.6184 377.6315 535.3607 499.8755 411.8099 331.6549 482.0636 213.8645 152.1254 191.2271 252.1385 511.5446 540.3378 491.9728 548.032 571.7658
508.7834 500.8429 517.2991 519.8455 510.0073 514.1851 510.8239 521.8369 518.7924 516.1445 524.372 529.9825 540.9258 548.5122 522.7227 501.0989 511.3716 515.0332 536.2083 538.258 550.9284 530.9399 580.3882 594.076 545.7037 535.8578 532.6297 582.7071 576.8598 581.5868 583.2536 618.1165 624.0525 597.8556 602.5302 576.5608 391.4008 389.4298 501.4274 499.5811 472.6254 394.6349 384.28 431.3466 345.1969 345.2878 440.2168 642.3829 656.2129 651.6444 372.5035 243.9897 154.1147 132.1262 134.5049 355.4405 384.0581 501.8318 646.5379 560.595 679.9765
419.3156 443.771 469.9868 500.6847 463.1004 452.9209 444.4572 463.9612 462.5145 483.9057 514.3599 509.1383 486.598 487.0683 500.2788 498.5777 505.8491 533.1471 548.1237 580.6494 555.2028 592.3958 567.7968 563.7739 547.7676 552.9416 745.1717 712.847 568.5974 551.0896 566.6623 671.3517 592.4821 598.4973 629.3004 633.3198 685.6678 567.5661 502.9104 453.815 464.3702 539.0352 463.7447 423.2805 439.0598 408.6278 451.8055 525.9484 609.6318 681.9905 608.1237 559.783 588.247 555.6501 563.52 659.6249 577.1932 738.9623 762.5073 701.9094 793.5349
426.6643 462.2987 470.7143 462.0745 461.8132 444.1171 447.8948 455.3572 468.1842 462.9548 473.0525 481.3636 481.6815 480.1128 484.0659 482.3446 485.8017 491.5262 496.7615 508.5963 499.8301 489.2539 491.5506 479.9361 474.8 497.7374 517.3723 524.977 544.9776 562.028 565.6555 530.6718 529.862 578.2393 605.5529 605.5651 598.5881 594.3214 592.2535 551.9001 583.0027 617.5403 618.8578 597.1299 616.8425 646.4959 662.9592 692.8361 692.8975 729.1304 752.7816 705.3788 846.0922 854.629 950.6755 796.6224 732.7898 778.5928 747.2084 761.8198 741.462
430.5092 419.4127 411.086 460.8323 420.5854 445.1452 457.9988 463.7981 457.3437 439.6924 438.9103 457.6479 461.7668 465.3042 479.0941 470.0164 473.1638 500.454 519.5814 524.5139 499.7823 505.0831 499.4554 488.2903 495.4656 498.2751 510.9114 526.2068 523.6584 528.0209 550.4542 569.3101 574.8661 566.2541 582.0386 744.1897 603.9547 658.4334 819.9125 625.4662 570.6263 561.2658 572.4564 622.2518 638.242 683.0942 676.7333 695.7407 753.7868 721.2868 734.3 760.6516 774.2304 762.6519 768.6168 774.2365 769.087 776.4283 770.2023 771.3964 766.0269
377.2449 387.4404 406.7694 377.3411 343.167 339.3626 356.7835 377.4536 375.5822 413.9488 441.5757 414.4459 438.0976 447.6051 453.0753 463.4458 480.9299 463.1432 469.5205 486.2867 510.0626 495.2394 510.3745 547.5403 549.419 585.6626 529.8792 504.0013 516.7949 546.6511 521.4854 518.0306 524.3077 510.8303 531.1321 560.2769 574.9034 580.842 580.768 592.8135 679.058 588.7336 619.1414 634.2421 653.4628 680.5267 679.4574 683.8063 709.7944 707.5162 717.0373 702.1272 708.7311 704.3243 721.687 724.7553 704.7354 717.2458 723.4815 713.5647 712.3138
404.2242 387.3822 390.89 390.0786 399.4507 398.7726 380.7181 385.5187 405.5616 410.3613 407.5115 408.4972 407.6814 394.9608 402.0309 413.1777 407.4642 407.0285 413.3355 417.7699 400.0167 428.782 453.4763 452.7482 462.2151 486.1282 502.0155 486.1555 491.7651 523.2538 507.3242 512.5024 521.2485 518.3894 547.367 569.3766 593.6193 616.1055 616.8661 613.5435 627.7222 633.3178 655.3202 654.2691 654.0987 659.0993 655.9756 657.3663 660.9099 674.1139 691.6062 712.3474 702.102 698.9944 708.4265 733.9486 713.4853 740.1243 725.3702 719.0637 703.5933
379.1658 385.5116 393.8741 403.778 410.3933 406.3011 408.2152 429.9727 433.1935 442.3775 443.7511 428.6687 438.8295 439.1149 458.7764 469.1568 464.4674 471.2458 496.0484 491.7151 493.9135 509.2909 485.7288 491.8167 499.9068 495.8814 492.6123 486.8904 529.1978 490.2828 489.6006 496.3128 492.3433 486.1073 479.4339 498.5886 535.1378 555.509 571.1973 570.6309 573.2273 574.1371 580.6851 592.1376 588.3873 597.4897 598.0588 605.5056 599.0357 620.2877 660.9908 628.6137 659.1564 616.9587 674.4247 614.5794 639.8403 650.2745 689.0916 694.9915 709.3655
375.3946 393.3175 348.819 355.7173 356.3155 394.7175 442.3695 438.0997 420.6155 424.277 444.5762 458.0974 467.6714 483.2286 460.6892 462.4737 480.9268 503.2869 498.3205 500.0504 545.9586 517.1808 491.4102 509.8025 528.1007 525.0665 517.603 534.1381 528.3108 513.0721 506.6687 522.0357 521.1411 516.2966 515.3289 527.4398 538.2148 547.5872 554.8373 566.0426 560.022 583.8657 608.1226 612.7667 610.9167 601.0289 626.0015 622.5911 629.3519 639.759 644.9095 643.6484 647.3318 645.9966 643.8484 645.7892 656.7523 643.9208 639.0509 654.416 676.0967
335.8741 333.0321 378.0915 384.9248 391.8259 393.7394 400.7258 401.2608 415.5476 423.8455 434.2256 434.1755 438.0453 438.7739 440.3734 447.2002 433.5601 428.1971 433.183 429.806 435.397 416.4379 423.8474 473.6501 505.8355 521.3539 502.0398 506.6591 510.4323 524.4142 527.7965 539.233 543.2537 539.0215 543.9243 552.939 563.0051 576.8296 651.2433 617.4807 623.7507 621.3541 629.1651 627.5871 624.3743 618.965 619.0486 604.637 617.1254 625.0647 634.608 638.1593 652.9277 657.3176 674.3849 661.1909 638.1435 629.1368 622.6763 625.3334 635.2184
365.61 371.1522 364.1958 373.9333 379.4222 387.8524 381.8755 459.1235 414.4481 427.8904 426.6508 430.0341 426.0328 416.101 414.7546 428.7159 432.4221 434.3053 407.5889 515.7957 523.2845 412.3792 505.7442 492.6401 468.7861 413.5445 482.5944 460.8792 478.2589 498.2494 643.3815 516.7377 518.4924 534.5961 533.8176 567.2955 556.9915 543.3419 536.56 566.9744 563.6548 574.2519 602.8729 601.7414 605.6833 610.3281 609.3157 622.8804 626.7963 631.6376 636.8889 631.6539 603.6783 624.6028 614.9123 623.0905 648.4948 644.8237 653.7858 660.5281 663.8653
679.9464 774.8765 1279.7035 5895.8208 3939.6289 4197.7998 1527.6937 3031.3442 3237.0461 548.2306 930.5472 604.5721 2168.6814 437.3292 865.642 962.9426 726.0577 586.9552 1369.3014 1687.6439 2754.9561 1654.9106 2975.6526 2810.7607 1868.8013 2033.1437 1390.8558 4699.0708 2082.5786 1065.1802 1631.6346 2079.8994 2795.4817 886.9663 -634.0265 -623.3234 -612.7693 -603.4329 -595.3699 -588.3469 -583.7953 -581.1527 -580.5179 -581.9857 5570.1597 585.7556 600.2586 607.8303 638.1462 633.7935 636.7176 633.4426 614.0801 610.6939 622.5593 622.0873 615.7225 624.0767 652.698 636.8055 645.0801
-632.9666 5926.8555 -634.6008 3455.5034 8883.5635 8941.4453 5770.9731 2737.2183 4445.8579 6686.8652 3727.9915 7057.416 8605.1309 7570.7085 7758.2881 7493.6763 7329.0137 6623.2002 -651.2239 -652.2027 -652.774 -652.3902 -652.3241 -650.9288 -648.9244 -645.9189 -641.8695 -636.2466 -629.5674 -622.3226 -614.0033 -603.783 -593.447 -582.2046 -570.9622 -559.8145 -549.2999 -539.8042 -531.6237 -525.2401 -520.5161 -517.9826 -516.121 -515.9895 5144.4253 502.8969 484.581 598.1282 650.1779 643.4753 638.3169 652.3528 659.8538 658.6418 661.0945 650.1512 650.045 644.2874 655.3063 651.1826 629.6955
7292.2559 2724.136 2289.2195 2868.083 4238.9238 3811.7019 648.7988 511.5167 1256.4407 1236.3884 337.0862 2583.9543 3415.6108 2172.5579 1875.9946 1651.3168 1206.1666 700.9353 185.8917 290.4051 646.451 2392.874 3090.7668 987.1767 520.1267 6044.5591 -619.5463 8264.3906 8396.7412 8390.0029 8915.7422 -588.6149 8064.3877 1236.516 1859.916 1392.6725 265.0351 152.6775 40.9367 175.6958 98.9226 129.792 179.1932 766.1593 251.9811 76.8754 80.7096 18.2379 85.5914 171.0899 975.1334 756.7112 1290.4424 533.2362 447.6876 575.181 959.924 1469.9711 1353.2605 670.0244 657.0309
2840.7595 1225.2136 1170.9191 1072.7769 649.8117 1365.7798 1201.3394 1219.2677 700.1119 757.3125 550.5026 1229.1078 1149.1411 196.456 230.9323 134.3764 134.6341 93.7209 407.0301 337.1597 460.8955 407.2149 381.6886 427.2958 459.1361 664.9983 2214.4355 566.2481 409.4954 389.3169 3183.5513 3185.908 2586.4329 969.2219 403.5696 232.5996 16.281 41.6925 81.0999 482.2905 547.7565 277.12 210.2971 282.2528 492.3708 478.0025 322.196 354.4196 301.5744 609.8471 135.5804 3909.8955 576.3779 399.1952 173.1118 257.1813 429.0434 532.9302 521.7629 487.7032 533.1678
804.4171 1215.1233 768.402 378.5607 280.2855 798.0619 816.0034 368.8509 946.2103 1222.0005 647.0251 443.8245 275.6975 206.7312 348.303 372.4949 206.7054 191.2209 403.476 507.0771 390.185 296.059 331.1511 215.641 248.9482 268.8932 546.7045 474.9004 43.0152 283.3637 675.4308 623.3795 373.8047 548.0251 236.9194 120.5418 53.2567 34.3349 87.6497 126.9122 244.6489 226.6773 241.329 254.1031 336.4198 277.83 108.4335 21.0877 51.8145 253.0556 556.2607 777.2536 459.4117 494.5634 417.4455 401.784 352.9728 434.2283 246.03 398.3834 390.517
372.795 556.4144 487.027 486.1617 476.4912 550.507 355.7219 500.4076 406.7259 530.0033 379.0494 465.3637 382.4982 456.8208 508.3317 502.608 482.9299 429.9703 346.8967 440.1323 522.6902 419.0911 485.0938 499.0988 233.8064 412.4048 485.0583 326.7099 333.5051 513.0084 824.9725 585.5483 496.8298 375.5014 457.8443 251.3466 250.227 118.8842 9 9.7018 65.0138 131.1395 176.4353 383.3915 596.2618 510.4126 130.6438 194.6552 394.8644 314.8443 368.9663 444.7579 263.7318 219.8671 228.4316 286.3546 467.3024 329.8366 426.7588 420.4983 482.8459
112.0337 84.7688 228.9386 541.9042 145.9827 394.6622 352.559 385.7769 143.8524 -554.5947 -555.7969 -556.999 -557.9231 200.4519 314.0489 253.1962 214.2481 349.9146 391.4267 197.0187 37 271.5179 208.5625 -542.4445 187.5333 442.3966 587.9086 410.4523 468.1219 425.3441 545.9361 218.324 279.9519 350.0353 357.9124 302.9714 648.6133 573.6586 497.3664 497.0651 562.2009 644.9235 371.3869 387.5615 386.0952 314.3647 -553.9977 642.5023 664.4775 444.3375 332.8837 314.013 651.0396 426.4387 559.977 281.5448 437.3605 191.4026 639.0493 804.1417 374.39
126.0185 103.6894 119.7283 157.3027 227.7565 159.3212 70.8484 96.3346 201.2453 138.7018 22.1096 -585.7408 -589.0316 150.2412 134.984 213.7096 41.9833 198.0362 211.8661 272.0192 210.0863 108.9906 88.3527 115.9506 310.7782 213.7312 436.0323 348.8305 166.6385 370.8261 407.5293 317.0636 204.2009 197.3803 184.0182 272.0002 320.57 453.4462 306.4529 212.3486 427.2737 395.0736 480.0075 281.6229 331.6665 308.4003 416.5201 397.937 502.1798 279.3907 198.9308 308.8406 320.9016 474.7077 449.6902 263.7939 288.9182 325.5096 391.4317 405.94 250.2764
508.9691 488.4119 512.0834 496.9319 671.7884 625.7091 603.6472 522.749 111.5803 344.9166 231.7587 157.6512 120.1343 201.4092 483.9846 388.6225 207.4059 273.8338 544.7616 304.5257 545.8403 277.3482 258.7101 275.1777 342.8387 604.6695 555.7759 344.7849 314.9531 632.7077 581.1061 724.1022 421.7732 246.4689 296.6265 542.7559 588.4813 767.1287 469.216 438.1566 723.243 581.2481 773.6682 659.1639 299.5981 559.2658 542.624 720.6538 721.7474 501.4505 256.0147 211.14 572.5128 595.2595 537.0784 210.367 458.5118 229.0076 441.6549 612.1112 455.5887
