Resources/Map/Lvl0_30x30/Ele_EF.asc
ncols         335
nrows         335
xllcorner     -3295000
yllcorner     -6725000
cellsize      10000
nodata_value  -99999.0
[rows 100 to 124 of 335, columns 57 to 113 of 335]
-4070.4868 -4030.3843 -3991.0774 -4009.9316 -4029.2058 -3994.6853 -3977.2986 -3982.5952 -4004.5674 -4086.3108 -4149.8599 -3983.3484 -3821.8022 -3902.9502 -4019.0432 -4001.4407 -3924.2351 -3915.2522 -3930.9497 -3865.7239 -3896.4001 -3934.28 -3910.0786 -3882.2412 -3802.4185 -3762.1396 -3851.7173 -3868.3291 -3815.2783 -3767.8884 -3706.2292 -3578.0525 -3496.2964 -3689.3606 -3814.9658 -3684.1169 -3510.0132 -3553.7515 -3717.677 -3870.8516 -3928.9978 -3767.8772 -3569.0801 -3603.0977 -3595.2046 -3551.3638 -3505.7771 -3456.5747 -3512.9011 -3509.8149 -3438.4741 -3404.3018 -3410.5103 -3406.0442 -3371.6086 -3350.196 -3323.4006
-3864.2517 -3845.9697 -3772.3926 -3840.1389 -3904.3728 -3823.9189 -3783.5657 -3847.4785 -3933.6755 -4020.2571 -4016.1082 -3787.8865 -3658.3684 -3697.4902 -3819.7158 -3863.9358 -3818.1865 -3788.4385 -3780.8694 -3793.0166 -3874.1853 -3903.7957 -3871.9482 -3808.1985 -3718.4587 -3727.0005 -3811.5786 -3794.9653 -3661.9729 -3491.9446 -3558.1978 -3755.7561 -3744.9534 -3700.5752 -3755.2532 -3723.7095 -3591.6543 -3653.1094 -3856.6819 -3938.0962 -3871.5278 -3639.3162 -3491.2092 -3584.0581 -3572.6365 -3488.0759 -3456.9202 -3498.2124 -3526.9761 -3429.5181 -3401.7515 -3455.4814 -3429.2441 -3369.4395 -3330.9653 -3350.918 -3334.6187
-3825.5281 -3804.811 -3770.5242 -3831.8613 -3863.9917 -3787.2695 -3760.9307 -3863.0259 -3977.3735 -4003.9404 -3895.5645 -3789.0662 -3781.7813 -3729.4834 -3796.4453 -3863.8513 -3857.1567 -3871.7532 -3816.9658 -3807.6792 -3854.5847 -3866.2041 -3882.5564 -3789.3772 -3670.3062 -3691.7354 -3776.4182 -3760.9548 -3642.3618 -3582.0366 -3661.3184 -3736.9309 -3716.062 -3653.7764 -3687.9436 -3688.1853 -3618.7754 -3748.8992 -3915.4636 -3893.3186 -3720.8579 -3542.7998 -3584.8955 -3703.5874 -3632.3254 -3554.5085 -3587.844 -3608.4336 -3541.5276 -3424.7046 -3445.6792 -3503.022 -3422.176 -3328.0837 -3330.7397 -3405.2988 -3355.6296
-3862.1145 -3829.9075 -3844.3423 -3890.7646 -3897.3555 -3880.0544 -3861.3845 -3899.6321 -3983.7285 -3966.5784 -3881.062 -3927.9783 -3927.5894 -3805.9136 -3873.1409 -3926.4158 -3859.1477 -3857.1196 -3774.0488 -3728.5742 -3828.6597 -3857.041 -3885.1013 -3850.584 -3773.0283 -3735.2451 -3807.5361 -3811.5605 -3719.7822 -3729.895 -3734.6873 -3766.5352 -3828.0913 -3818.8291 -3797.6604 -3738.3926 -3656.3958 -3699.2588 -3744.1934 -3744.7378 -3585.1497 -3468.0759 -3617.0688 -3736.6924 -3644.7827 -3556.8643 -3567.4395 -3539.9539 -3490.0088 -3442.311 -3458.4426 -3510.6216 -3437.521 -3320.2566 -3331.2642 -3427.8093 -3366.0198
-3945.0747 -3858.9924 -3861.5195 -3907.0217 -3928.3821 -3963.2124 -3906.2869 -3899.3174 -4015.9253 -4037.2361 -4011.3604 -3998.4067 -3923.3091 -3862.6982 -3954.1638 -3985.9194 -3929.6321 -3940.511 -3854.3059 -3796.0156 -3900.7249 -3892.2456 -3880.4004 -3870.8318 -3838.5205 -3758.8718 -3802.5093 -3834.666 -3770.0645 -3741.4565 -3769.4023 -3889.6355 -3909.3083 -3831.803 -3883.5159 -3869.5659 -3749.7451 -3659.4785 -3579.8818 -3605.3638 -3582.9946 -3573.6143 -3702.8657 -3729.2041 -3587.5237 -3447.896 -3414.4175 -3425.4077 -3453.5818 -3469.1504 -3470.6262 -3481.7375 -3419.3911 -3330.9282 -3310.5342 -3385.4343 -3340.2163
-3998.8735 -3936.0425 -3915.3506 -3933.8997 -3971.2446 -4004.7256 -3930.3325 -3943.9006 -4063.53 -4086.2878 -4064.2014 -4003.1382 -3951.9077 -3930.2961 -3964.0076 -4009.9653 -3987.2993 -4008.0872 -3938.7759 -3841.0466 -3898.9036 -3874.6809 -3905.5027 -3915.1526 -3864.4854 -3819.4875 -3799.5549 -3756.9868 -3695.8831 -3673.8574 -3768.7822 -3860.4238 -3784.6882 -3599.2676 -3696.6196 -3821.0938 -3786.8462 -3725.5498 -3601.6519 -3566.2917 -3640.6895 -3663.6846 -3681.6714 -3660.6006 -3575.3694 -3430.7654 -3335.3528 -3363.6045 -3415.8079 -3456.6135 -3477.511 -3459.2539 -3433.1038 -3407.5095 -3327.1182 -3314.2529 -3285.3269
-4028.0393 -4011.9111 -3977.05 -3994.3616 -4067.2158 -4074.5435 -3989.0173 -4024.0283 -4105.6504 -4109.4468 -4116.1421 -4117.915 -4116.5166 -4077.2156 -4027.3699 -4055.9089 -4028.0408 -4036.6306 -3959.1541 -3865.8831 -3930.3958 -3927.8164 -3978.031 -3953.8545 -3826.9324 -3778.6628 -3779.1052 -3682.8345 -3616.2795 -3653.6899 -3734.3904 -3733.9844 -3687.6567 -3564.8354 -3541.7949 -3642.6475 -3700.3416 -3724.8188 -3666.9871 -3610.0461 -3631.77 -3630.8525 -3633.2827 -3631.094 -3600.1638 -3482.5315 -3412.4956 -3423.8962 -3400.6282 -3451.5769 -3508.3533 -3455.531 -3437.209 -3429.7651 -3321.3267 -3298.6079 -3319.6245
-4049.6785 -4046.8135 -4023.5977 -4047.8296 -4117.7578 -4118.7383 -4015.4771 -4033.7029 -4113.2881 -4115.0225 -4120.168 -4157.2642 -4197.6704 -4176.2437 -4120.0356 -4110.5469 -4062.3838 -4056.4238 -3979.8025 -3897.6204 -3931.491 -3950.354 -4032.4363 -4012.793 -3823.8125 -3719.8135 -3740.1443 -3649.918 -3656.7161 -3742.2993 -3762.2578 -3746.9966 -3749.7576 -3698.0381 -3605.8535 -3646.7622 -3727.8855 -3777.8174 -3771.522 -3705.3259 -3670.0955 -3716.5 -3749.4285 -3715.1631 -3652.1455 -3555.8098 -3571.2441 -3587.1313 -3492.064 -3523.3052 -3578.5654 -3506.2781 -3448.4319 -3407.812 -3314.0698 -3308.2629 -3385.5391
-4048.3425 -4060.97 -4062.4209 -4096.1226 -4146.2334 -4137.7393 -4051.3508 -4064.7532 -4128.7017 -4120.7778 -4081.7354 -4136.2334 -4221.0381 -4133.7051 -4068.0815 -4121.0996 -4093.6323 -4044.7378 -4000.5283 -4002.5413 -3999.7129 -3965.47 -4011.4358 -4000.7444 -3838.1443 -3736.1289 -3735.3657 -3662.7568 -3717.6443 -3796.4644 -3806.3096 -3806.2478 -3788.3687 -3746.6462 -3678.5994 -3702.48 -3773.3792 -3807.667 -3822.8003 -3789.2727 -3759.1509 -3823.9978 -3823.5181 -3758.3948 -3706.8525 -3639.9155 -3654.9861 -3671.5339 -3591.2063 -3582.1758 -3597.8782 -3532.1333 -3474.5522 -3403.8137 -3326.4221 -3315.6907 -3382.5156
-4077.239 -4092.6458 -4104.0942 -4147.2695 -4193.6426 -4183.2495 -4115.6147 -4118.6763 -4139.1484 -4123.2754 -4115.9272 -4172.6558 -4245.3608 -4164.0791 -4045.3894 -4058.0061 -4089.1389 -4046.0083 -4013.1582 -4042.6287 -4032.8281 -3980.2363 -3969.9785 -3892.688 -3748.5227 -3711.1211 -3824.3936 -3830.3123 -3832.6389 -3813.1362 -3758.5911 -3760.3086 -3717.2004 -3695.8811 -3692.8311 -3721.3235 -3768.7651 -3736.731 -3748.1021 -3786.1055 -3767.606 -3823.0007 -3779.9822 -3707.4226 -3748.2625 -3729.9185 -3629.5029 -3611.1226 -3599.3147 -3572.6904 -3564.2451 -3488.209 -3485.3855 -3454.1423 -3367.9668 -3351.5122 -3396.6331
-4111.6479 -4136.1323 -4140.6006 -4158.2241 -4191.8848 -4181.2578 -4094.1829 -4096.9258 -4106.5854 -4082.0134 -4110.1426 -4160.583 -4236.3354 -4288.438 -4164.4072 -4043.8838 -4083.9409 -4033.5491 -3962.8003 -3991.4209 -4037.3342 -3991.8237 -3932.4255 -3834.2197 -3675.02 -3548.4028 -3801.4646 -3902.0547 -3856.3899 -3743.0688 -3688.9441 -3735.7061 -3701.4814 -3679.397 -3684.6028 -3716.7996 -3742.6626 -3637.0256 -3617.3662 -3731.0557 -3738.9241 -3750.2966 -3698.2715 -3646.8091 -3748.6619 -3772.7585 -3607.5632 -3566.0088 -3584.6836 -3562.2534 -3565.6033 -3487.1653 -3516.9153 -3583.9832 -3541.2849 -3473.1479 -3471.1162
-4138.0981 -4147.6519 -4135.5078 -4142.5659 -4176.9502 -4187.0347 -4136.3901 -4112.7505 -4081.4836 -4049.8213 -4049.3062 -4070.083 -4145.3013 -4246.0933 -4201.6514 -4147.0376 -4167.6206 -3955.5833 -3879.1348 -3984.7468 -4059.1995 -3989.0032 -3902.9287 -3875.2368 -3828.0762 -3633.448 -3700.8313 -3667.1042 -3609.3884 -3558.24 -3614.6052 -3652.6863 -3624.1619 -3578.8479 -3537.6699 -3576.5405 -3611.8557 -3565.9932 -3625.0171 -3771.2383 -3768.4207 -3741.9172 -3754.052 -3730.8503 -3764.6011 -3771.063 -3650.7925 -3620.2256 -3624.7458 -3592.0718 -3581.4299 -3496.4221 -3505.0413 -3621.6184 -3662.5896 -3555.6978 -3486.9893
-4161.6797 -4134.4004 -4099.9688 -4117.9897 -4150.5605 -4156.4697 -4144.5503 -4110.1748 -4079.3242 -4069.5083 -4038.0156 -3998.657 -4039.4587 -4131.7651 -4122.5669 -4133.6299 -4153.8926 -3934.8394 -3861.7805 -3801.5898 -3840.5024 -3911.792 -3808.9907 -3742.9497 -3833.2405 -3801.8489 -3616.2107 -3397.5579 -3389.7041 -3479.2832 -3520.4248 -3492.6458 -3545.5652 -3513.1084 -3481.5503 -3541.3967 -3554.1416 -3607.0991 -3791.7959 -3950.425 -3946.2703 -3896.0923 -3885.6582 -3816.6514 -3722.936 -3655.1101 -3589.4272 -3543.4075 -3555.6948 -3598.4436 -3527.5435 -3358.2007 -3312.6501 -3400.7102 -3452.469 -3389.321 -3361.4534
-4138.4243 -4119.541 -4086.834 -4084.4158 -4090.7087 -4095.0178 -4104.6235 -4085.0208 -4074.2964 -4055.0117 -3997.4685 -3948.7234 -3987.3044 -4091.4968 -4059.6001 -3989.6365 -4024.1238 -4071.5933 -3916.2847 -3488.6226 -3500.7698 -3688.655 -3463.0938 -3343.8298 -3504.645 -3583.283 -3538.5857 -3502.5872 -3634.3433 -3752.4136 -3717.0347 -3670.926 -3764.0464 -3734.2422 -3714.1182 -3733.9963 -3722.3206 -3809.2922 -3939.1941 -3958.324 -3852.1838 -3724.5889 -3641.0203 -3596.7244 -3549.8257 -3462.1931 -3376.603 -3315.4109 -3374.0645 -3508.0417 -3388.9133 -3172.1572 -3104.8647 -3171.9851 -3200.6472 -3187.7842 -3228.0327
-4122.0024 -4102.9722 -4065.6499 -4025.1292 -3996.1255 -3996.709 -4028.2644 -4052.498 -4036.5872 -3982.9817 -3955.8994 -3951.1946 -3971.2019 -4033.1379 -3974.8008 -3831.261 -3832.4626 -3955.7849 -3887.748 -3630.9238 -3644.2529 -3704.2236 -3492.3149 -3456.8071 -3597.6492 -3700.3445 -3805.677 -3891.4854 -3962.2397 -3966.426 -3974.9143 -4000.0229 -4006.4065 -3830.4993 -3765.1467 -3735.1362 -3654.8889 -3706.3655 -3657.0315 -3500.3845 -3420.3235 -3349.7 -3272.1768 -3299.668 -3381.321 -3347.2759 -3239.4431 -3200.1113 -3315.2793 -3467.4985 -3308.9919 -3112.1824 -3066.3254 -3131.9893 -3148.2292 -3123.7546 -3174.1184
-4077.8054 -4019.488 -3974.3955 -3931.7729 -3897.4543 -3891.0378 -3904.1865 -3952.1768 -3943.0562 -3908.1777 -3973.0959 -4000.1587 -4005.7104 -4045.7112 -4015.6655 -3892.4666 -3839.3931 -3891.2678 -4013.0173 -4128.7329 -4184.4844 -4164.8545 -4113.729 -4172.499 -4172.3501 -4204.3838 -4262.8481 -4249.1987 -4125.4316 -3960.457 -3980.8018 -4073.2998 -4088.2329 -3873.2944 -3739.2922 -3630.7244 -3473.4495 -3403.4189 -3146.0107 -2947.4753 -3106.1636 -3180.3145 -3100.3787 -3118.1406 -3203.1375 -3181.3225 -3119.2422 -3165.1255 -3333.3372 -3481.4106 -3334.2212 -3203.7051 -3210.9778 -3278.5098 -3338.8379 -3377.592 -3415.9106
-4112.7354 -4057.5264 -4056.9238 -4055.0305 -4053.637 -4058.042 -4027.7996 -4051.7017 -4056.9956 -4067.655 -4170.8706 -4199.0972 -4198.6875 -4247.7002 -4303.1494 -4260.5303 -4189.3765 -4211.1636 -4309.6011 -4373.8755 -4405.5137 -4404.5322 -4365.4668 -4447.894 -4313.8013 -4231.3037 -4239.2813 -4261.5928 -4175.8706 -3939.9932 -3859.4365 -3924.8308 -4018.7864 -3970.6255 -3885.613 -3803.5901 -3688.2014 -3445.9053 -3002.2322 -2825.2239 -3106.2156 -3254.3999 -3167.2534 -3083.9961 -3018.573 -2942.6506 -2994.208 -3181.3152 -3384.3506 -3504.3938 -3416.7754 -3417.8589 -3509.2224 -3571.3464 -3685.9014 -3808.8284 -3802.2803
-4335.1807 -4312.4937 -4330.1987 -4336.792 -4339.6118 -4323.3721 -4273.9351 -4262.7832 -4236.8071 -4255.106 -4313.7319 -4276.374 -4242.1436 -4278.4614 -4377.0889 -4392.3486 -4264.1226 -4144.5825 -4142.3804 -4101.9419 -4003.5298 -4024.7456 -4076.4353 -4227.4014 -4055.4087 -3822.967 -3783.8745 -3880.3303 -3893.8704 -3718.2307 -3621.106 -3667.4155 -3754.0923 -3691.5649 -3654.4761 -3763.8823 -3818.8455 -3624.4978 -3269.0981 -3146.3325 -3370.0496 -3533.6724 -3503.3889 -3417.8945 -3320.2288 -3224.6001 -3239.0601 -3333.4248 -3453.6023 -3569.3286 -3537.0571 -3544.2114 -3606.4944 -3591.4578 -3663.9514 -3789.0974 -3744.6116
-4319.3223 -4300.457 -4313.3916 -4311.8726 -4314.2554 -4300.5107 -4267.125 -4238.1509 -4181.8794 -4195.3198 -4221.6143 -4119.4194 -4044.634 -4076.2449 -4173.7739 -4199.0757 -4013.9712 -3765.3047 -3779.8743 -3782.6399 -3586.3416 -3562.0249 -3727.4773 -3965.0342 -3843.6074 -3550.8298 -3434.2566 -3511.8608 -3524.2317 -3434.9272 -3438.3364 -3539.2292 -3640.0518 -3469.5125 -3350.2175 -3481.8052 -3631.449 -3682.8472 -3587.3179 -3501.6711 -3637.2717 -3791.3286 -3766.4583 -3703.1404 -3655.5498 -3541.9072 -3431.0388 -3391.3281 -3420.0425 -3525.637 -3546.926 -3475.5491 -3448.3589 -3381.1123 -3366.6892 -3457.6462 -3463.2488
-4119.5981 -4078.2471 -4102.0112 -4108.6152 -4092.2039 -4093.467 -4098.8608 -4103.4351 -4100.5488 -4119.8066 -4135.4331 -4062.0581 -3973.4624 -3939.8669 -3943.9187 -3903.7043 -3793.5459 -3676.8206 -3708.043 -3780.8142 -3676.2417 -3540.7644 -3598.0601 -3874.2698 -3937.124 -3749.9956 -3577.7893 -3631.6692 -3649.686 -3627.1638 -3690.408 -3766.1042 -3877.9189 -3783.3064 -3637.6155 -3652.1458 -3736.5698 -3800.532 -3773.5039 -3717.8696 -3795.2302 -3862.3896 -3740.9263 -3635.7742 -3581.4509 -3470.123 -3380.0654 -3379.3792 -3374.7449 -3436.7649 -3481.4194 -3352.3706 -3317.1079 -3334.5356 -3277.2197 -3296.5979 -3353.3809
-4097.8574 -4053.1052 -4054.4497 -4043.8696 -3974.2715 -3921.2234 -3919.177 -3974.0188 -4045.6584 -4054.4536 -3999.6252 -3972.5464 -3982.3516 -3930.6853 -3868.2231 -3866.4888 -3924.3025 -3940.2686 -3899.1345 -3993.9473 -4025.165 -3923.2532 -3895.2188 -4059.512 -4218.332 -4113.8804 -3931.1953 -3964.0452 -3974.8594 -3947.8911 -3941.074 -3915.2751 -3942.2314 -3903.135 -3862.8171 -3892.1443 -3922.2468 -3800.6018 -3646.0972 -3630.3833 -3711.6113 -3723.8499 -3582.9978 -3498.9124 -3496.0562 -3443.9121 -3358.9524 -3351.4233 -3351.1821 -3405.7344 -3469.5989 -3400.9185 -3412.6008 -3465.3904 -3390.623 -3334.3745 -3307.8245
-4233.4146 -4223.7485 -4235.2495 -4231.5713 -4180.6016 -4128.9492 -4097.6318 -4111.3281 -4170.1045 -4188.4834 -4112.8755 -4109.6025 -4194.8149 -4187.1323 -4134.8047 -4189.0845 -4235.1299 -4183.3525 -4129.6108 -4152.0435 -4129.9492 -4125.5679 -4125.2529 -4092.28 -4120.2832 -4024.6252 -3912.6218 -3939.2839 -3901.0083 -3830.438 -3764.7607 -3719.4531 -3696.2231 -3649.2964 -3734.0847 -3821.7317 -3846.4734 -3702.0171 -3473.1846 -3403.4333 -3473.6523 -3549.3386 -3505.7734 -3464.1335 -3508.8264 -3507.9023 -3397.3591 -3357.1997 -3394.4072 -3451.7424 -3498.8364 -3494.1626 -3520.0195 -3554.5203 -3505.1802 -3445.9453 -3420.4358
-4339.7466 -4350.6914 -4345.4126 -4311.1768 -4305.1855 -4316.3389 -4276.6162 -4205.335 -4168.812 -4165.7852 -4157.8066 -4217.0923 -4306.3013 -4349.7964 -4297.0015 -4247.7847 -4121.4399 -3991.9526 -4028.4631 -3989.3674 -3823.322 -3885.7527 -3980.1624 -3918.8574 -3858.9167 -3759.7329 -3709.9534 -3753.0159 -3723.7024 -3677.2297 -3646.0613 -3616.5112 -3606.2549 -3593.3086 -3711.144 -3747.5564 -3686.0212 -3608.5093 -3454.833 -3350.7908 -3374.8748 -3491.979 -3537.3936 -3497.22 -3494.3188 -3510.5386 -3446.4026 -3408.3459 -3461.5708 -3517.4795 -3542.9175 -3533.4849 -3534.3201 -3581.1047 -3571.6521 -3508.1848 -3493.0793
-4139.5947 -4159.9116 -4142.1064 -4094.7041 -4118.4839 -4145.5151 -4100.1401 -3981.636 -3849.6946 -3858.6084 -3957.4346 -4009.9102 -4070.6409 -4195.582 -4214.0098 -4140.7793 -3915.7769 -3727.4858 -3809.8552 -3890.0938 -3758.7822 -3739.2061 -3840.7866 -3834.5796 -3738.0361 -3667.3674 -3664.8481 -3727.5913 -3761.4688 -3720.5884 -3649.9319 -3594.1443 -3562.0149 -3582.0591 -3678.4348 -3677.7449 -3572.3704 -3549.0527 -3554.3833 -3519.8347 -3488.8008 -3524.4126 -3589.345 -3572.5803 -3520.0173 -3514.1819 -3498.9109 -3513.9016 -3554.8696 -3560.9595 -3570.3779 -3557.5188 -3518.9473 -3564.407 -3590 -3493.9973 -3421.572
-4034.3879 -4047.0439 -4042.2229 -4021.1121 -4042.5681 -4069.3735 -4085.3276 -4037.2878 -3956.21 -4024.6816 -4095.1245 -3995.1721 -3960.6394 -4009.8054 -4013.7451 -3994.0095 -3822.3438 -3689.6855 -3806.4207 -3916.5889 -3795.7549 -3681.8296 -3740.7366 -3852.9993 -3779.1021 -3682.6714 -3681.301 -3740.573 -3812.8987 -3789.4302 -3695.7854 -3614.2529 -3557.3621 -3567.9561 -3575.2754 -3560.624 -3540.9009 -3581.2437 -3638.9365 -3579.0037 -3522.2112 -3559.1587 -3623.9351 -3626.7837 -3574.6873 -3538.8611 -3517.749 -3549.3872 -3569.5972 -3528.5625 -3524.4141 -3553.7739 -3490.5225 -3457.1016 -3512.4995 -3447.7634 -3387.2505
