Resources/Map/Lvl0_30x30/Ele_CL.asc
ncols         335
nrows         335
xllcorner     16805000
yllcorner     -25000
cellsize      10000
nodata_value  -99999.0
[rows 25 to 49 of 335, columns 57 to 113 of 335]
-6070.6567 -6061.9507 -6043.3823 -6045.1011 -6085.8447 -6109.4019 -6104.5044 -6086.5229 -6034.5088 -6069.7056 -6081.2046 -6062.4907 -6063.0503 -6076.0088 -6049.853 -6025.2563 -6002.9014 -5950.0439 -5973.0698 -6037.7505 -6021.1621 -6018.9834 -6020.0068 -5977.4507 -5939.6152 -5932.2217 -5969.6646 -5992.2534 -5997.4541 -6022.8657 -6014.3403 -5956.0679 -5904.5962 -5910.5571 -5936.001 -5945.3794 -5980.6987 -5944.2656 -5931.5669 -5997.8984 -6025.167 -5997.7515 -5953.8564 -5931.5693 -5978.6665 -6067.8706 -5979.2202 -5986.4814 -6097.645 -6102.7388 -6043.9561 -6048.2964 -6030.6382 -6149.5508 -6256.3433 -6198.0259 -6062.4648
-6060.2798 -6076.5034 -6040.5557 -6009.3638 -6051.7222 -6099.1631 -6115.1831 -6127.0874 -6069.5195 -6035.7354 -6046.248 -6061.7402 -6085.4639 -6073.2754 -6004.8691 -5952.2822 -5942.8311 -5949.9355 -6007.5269 -6063.0313 -5984.9004 -5930.0029 -6009.186 -5999.8701 -5980.5112 -5984.6489 -6001.79 -6012.0742 -5997.7236 -5976.7314 -5943.6699 -5899.7959 -5869.7212 -5887.3257 -5894.4004 -5893.3384 -5928.0327 -5899.9272 -5898.7192 -6031.0259 -6254.1841 -6205.6245 -6037.5713 -5931.2129 -5857.9673 -5969.5684 -5998.584 -6037.8945 -6016.5586 -6188.2837 -6261.5576 -5970.6045 -5955.9043 -6082.8765 -6215.4468 -6163.1543 -6163.4858
-6058.2729 -6080.7256 -6058.5742 -6020.5498 -6027.0176 -6080.8516 -6107.4873 -6124.8188 -6104.0103 -6052.1411 -6029 -6051.6348 -6046.166 -6103.3428 -6054.2222 -6013.0903 -6007.4307 -6015.7085 -6037.9443 -6043.1084 -6017.7261 -6005.9463 -6021.6367 -6009.8926 -5990.4561 -5991.4399 -6004.2021 -6011.0522 -5980.8843 -5959.4121 -5940.7378 -5900.4839 -5899.833 -5920.416 -5902.1704 -5892.4097 -5901.29 -5944.7446 -5979.626 -6005.7417 -6256.5464 -6252.9492 -6114.0122 -5989.0342 -5916.0845 -5990.3267 -6025.9419 -6165.9453 -6053.335 -6207.8364 -6456.6772 -6239.9785 -6080.3403 -6085.1157 -6184.3354 -6109.1631 -6120.2749
-6070.4038 -6082.0015 -6051.3999 -6018.1611 -5998.7842 -5988.7778 -6075.833 -6128.3481 -6140.9746 -6132.5479 -6092.04 -6072.7114 -5985.3589 -6003.377 -6055.3677 -6046.1206 -6057.936 -6085.7339 -6057.9927 -6062.4722 -6028.353 -6014.0151 -6007.9009 -5999.1284 -5992.1318 -6005.9521 -5980.9316 -5950.7466 -5955.2944 -5969.978 -5937.7202 -5912.063 -5915.9131 -5922.873 -5906.4976 -5874.6021 -5881.752 -5908.3149 -5920.9482 -5897.623 -5858.5854 -5879.0283 -5898.5352 -5849.1133 -5891.9966 -6007.5522 -6014.478 -6004.8257 -6035.3813 -6040.1567 -6077.1387 -6047.9243 -6059.1382 -6003.4282 -5959.1895 -6005.9702 -5938.147
-6079.3257 -6061.6963 -6016.4707 -6032.0303 -5992.3237 -5955.0439 -6048.9844 -6076.1626 -6127.4087 -6149.4126 -6139.8579 -6098.0288 -5984.4419 -5957.0264 -5978.5068 -5930.7632 -5952.1318 -6023.5962 -6009.2314 -6081.0771 -6201.5557 -6113.7178 -6037.894 -5998.8994 -5971.4819 -5962.4438 -5932.3584 -5921.8687 -5985.7261 -6002.2852 -5919.3691 -5917.897 -5937.9248 -5952.4712 -5970.8237 -5906.3911 -5864.4448 -5912.0366 -5901.6035 -5931.98 -6320.8335 -6264.916 -6092.0059 -5975.8882 -6126.792 -6219.1997 -6040.2095 -6084.2041 -6021.418 -6012.3491 -6095.0078 -6051.0127 -6002.4995 -6026.0029 -5969.3081 -6053.0229 -5999.9883
-6080.1704 -6050.8433 -5984.5933 -6050.2017 -5995.4438 -5981.6606 -6063.7886 -6080.9492 -6117.9102 -6146.3369 -6148.4736 -6088.0933 -6024.9106 -6039.2876 -5987.6377 -5881.7813 -5873.4072 -5948.7241 -5911.7349 -5964.79 -6100.3218 -6073.521 -6009.5972 -5943.978 -5893.4189 -5891.3613 -5892.8989 -5885.3892 -5894.2261 -5897.7407 -5925.7778 -5930.2578 -5893.1714 -5951.7759 -5996.7695 -5911.9141 -5860.9414 -5885.0977 -5855.0103 -5912.168 -6185.4424 -6215.5933 -6122.1074 -6025.8823 -5974.6563 -5970.4766 -5936.2207 -6002.7061 -5953.1396 -5929.2334 -6078.167 -6022.5161 -5956.2813 -6013.0381 -6007.334 -5939.6689 -5922.7124
-6069.5444 -6067.4409 -6054.439 -6085.418 -6044.168 -6003.9956 -6021.9282 -6054.0415 -6095.9121 -6127.604 -6143.3296 -6129.6274 -6135.5386 -6066.2871 -5768.9937 -5296.4331 -5217.1338 -5369.395 -5580.5415 -5821.689 -5968.707 -5952.5332 -5916.1396 -5869.8076 -5795.1055 -5762.5259 -5792.6411 -5813.4175 -5823.8945 -5850.2026 -5934.6431 -5901.1572 -5760.0845 -5844.2476 -5989.1289 -6007.7769 -5916.8828 -5828.0269 -5851.0713 -5890.2827 -6033.2656 -6167.9463 -6099.958 -6049.6294 -5976.8091 -5928.7349 -5960.375 -5984.5952 -5888.5532 -5829.583 -5933.4751 -5906.4683 -5894.5459 -5862.2822 -5908.9077 -5933.9204 -5910.4438
-6013.9526 -6047.3379 -6072.8062 -6098.9087 -6116.166 -6093.4492 -6049.2769 -5998.249 -6050.4897 -6107.0806 -6138.1904 -6177.6465 -6087.064 -5771.9155 -4976.5317 -3846.0032 -3673.458 -4306.4604 -5369.2803 -5879.7876 -5934.8066 -5864.5298 -5845.1401 -5816.8154 -5760.5269 -5712.4771 -5737.5586 -5825.2769 -5922.6523 -5917.9146 -5685.9727 -5307.6665 -5197.0078 -5572.7046 -5886.3984 -5944.8345 -5884.0879 -5825.769 -5857.3604 -5860.8281 -5960.2197 -6122.167 -6060.2534 -5960.2666 -5940.9561 -5932.5801 -5936.8828 -5919.5112 -5861.9375 -5850.0508 -5863.0708 -5895.9678 -5966.4771 -5932.6245 -5874.4502 -5927.79 -5955.7368
-5946.3818 -6004.5464 -6045.9409 -6077.1704 -6099.5288 -6083.5137 -6045.8779 -6007.2139 -6035.7466 -6078.0576 -6101.25 -6134.9326 -6073.9746 -5848.8872 -5194.1729 -4245.082 -4095.939 -4753.8086 -5642.5278 -5902.6167 -5889.4336 -5873.1895 -5871.3071 -5817.7715 -5800.0601 -5774.623 -5784.5186 -5864.3818 -5992.8394 -5936.9961 -5430.1084 -4889.5688 -5007.0557 -5543.5107 -5803.3711 -5806.3892 -5802.4224 -5855.8047 -5881.8765 -5879.7612 -5921.2456 -5985.1812 -5971.7505 -5911.8325 -5944.4194 -5959.6377 -5959.9287 -5891.1455 -5899.1592 -5942.3755 -5899.8442 -5904.8389 -5943.1099 -5932.6499 -5974.0825 -5978.5703 -5870.1465
-6003.4058 -5981.3784 -5998.7031 -6025.6045 -6078.915 -6076.9395 -6037.998 -6027.9355 -6041.521 -6081.769 -6099.1597 -6108.019 -6116.7061 -6063.8882 -5891.252 -5675.1157 -5639.8125 -5760.4536 -5879.2031 -5872.6226 -5861.373 -5944.1016 -5953.4668 -5929.5693 -5901.5537 -5883.3169 -5883.8638 -5899.4341 -5946.4082 -5888.3096 -5654.6514 -5537.6143 -5717.4038 -5888.2891 -5855.3301 -5799.4795 -5796.0171 -5844.2739 -5880.0488 -5877.4854 -5888.2139 -5888.0742 -5898.1255 -5921.9043 -5957.1665 -5953.5044 -5966.9346 -5920.3667 -5903.248 -5873.5737 -5866.8818 -5949.0527 -5977.0801 -5905.1382 -5976.1626 -5970.4531 -5898.1187
-6007.9624 -5978.3301 -6008.2529 -6054.0015 -6092.895 -6095.79 -6063.1289 -6021.0918 -6040.3145 -6044.8037 -6032.4282 -6063.7261 -6132.0781 -6160.751 -6127.0923 -6064.0762 -6041.6401 -6032.9688 -6003.1406 -5873.7173 -5873.48 -5994.1104 -5995.6567 -5945.248 -5917.667 -5925.8921 -5946.8037 -5954.749 -5934.7061 -5835.0674 -5781.0088 -5857.769 -5923.437 -5892.958 -5824.981 -5808.9443 -5806.1611 -5796.8232 -5778.8809 -5801.2568 -5825.5264 -5832.5688 -5874.5059 -5904.1265 -5934.4331 -5950.1836 -5904.3813 -5912.3062 -5972.5942 -5940.043 -5951.1567 -5981.4995 -6006.4238 -5920.0273 -5971.4346 -6002.4463 -6041.8145
-5851.0903 -5931.2847 -6020.3877 -6090.6104 -6126.4922 -5981.0942 -5945.23 -6056.8125 -5995.9487 -5981.0044 -5994.1724 -6035.7256 -6134.7456 -6234.9517 -6214.5532 -6123.938 -6095.0986 -6084.0488 -6001.0591 -5847.9585 -6014.6655 -6032.604 -5976.9209 -5891.1807 -5909.7075 -5949.3242 -5969.0967 -5977.5513 -5782.918 -5422.1289 -5462.9385 -5797.3428 -5881.2466 -5818.3359 -5798.1021 -5801.042 -5801.8604 -5815.0591 -5796.5415 -5813.0444 -5843.8472 -5855.2139 -5865.0796 -5887.9224 -5966.4067 -6049.5718 -6006.3911 -5957.1968 -6007.1411 -6009.0791 -5971.2988 -5950.854 -5922.8403 -5902.6514 -5998.8867 -6015.4331 -6046.0679
-5920.4243 -6022.8354 -6066.1284 -6080.499 -6086.3799 -5740.9063 -5598.1704 -6056.54 -6044.7852 -6058.5596 -6090.2456 -6104.0869 -6130.2666 -6183.9951 -6134.0952 -6091.915 -6089.8047 -6088.7349 -6003.1294 -6028.4019 -6098.0098 -6051.8403 -6035.5537 -5982.7661 -5940.2129 -5929.6445 -5978.3242 -5975.082 -5350.7837 -4428.8501 -4645.2168 -5544.2236 -5843.9146 -5805.7593 -5765.0513 -5721.4126 -5731.2319 -5815.2871 -5871.8052 -5858.8237 -5864.6802 -5894.6782 -5882.7192 -5881.8721 -5906.2759 -5935.2974 -5967.9956 -5957.9648 -5996.8945 -6032.5142 -5962.6885 -5956.4087 -5968.9561 -5904.2881 -5924.0029 -6019.5522 -6088.5288
-5929.0117 -6038.8091 -5923.9917 -5997.3994 -6058.7334 -5951.6152 -5875.4727 -6063.2725 -6078.2773 -6072.0547 -6093.833 -6107.2129 -6111.231 -6105.5449 -6080.4243 -6087.9951 -6097.3857 -6066.0728 -6042.4019 -6118.6611 -6145.6333 -6094.5693 -6062.2412 -6034.6265 -5992.3242 -5946.6772 -5993.0479 -5947.6777 -5302.3813 -4596.312 -4873.9858 -5627.5117 -5886.5254 -5821.6924 -5757.437 -5675.4902 -5684.3862 -5807.0605 -5899.561 -5864.8081 -5833.2998 -5897.7456 -5929.355 -5933.1733 -5917.0786 -5875.4106 -5907.8545 -5927.8003 -5954.7451 -5802.2676 -5519.2095 -5693.1543 -5921.2915 -5898.4155 -5952.0332 -5998.2163 -5999.4937
-5948.6147 -5978.9565 -5617.9209 -5817.126 -6032.7852 -6065.2495 -6057.4751 -6043.6553 -6030.4189 -6088.9834 -6139.979 -6113.2788 -6073.0977 -6079.3687 -6087.0591 -6084.8042 -6068.0566 -5977.0645 -5938.8584 -6086.4458 -6135.7329 -6088.7134 -6069.811 -6036.3354 -6020.0146 -6001.3062 -6004.5356 -5790.7095 -5055.9673 -4693.4014 -5245.9639 -5767.0737 -5900.6382 -5840.7559 -5825.2031 -5795.7944 -5763.1724 -5775.3613 -5839.9741 -5886.749 -5874.2959 -5931.8887 -5965.5464 -5962.9795 -5935.6958 -5882.2373 -5915.5601 -5941.7095 -5900.3047 -5546.7847 -5203.5815 -5518.5454 -5796.3101 -5833.3984 -5983.854 -6037.2734 -6041.2017
-6052.4287 -5995.0889 -5761.4844 -5860.9429 -5985.603 -6067.7593 -6080.6553 -6043.9966 -6037.7778 -6114.1909 -6111.4243 -6050.1504 -6033.6704 -6062.7495 -6059.9497 -6077.7764 -6083.6523 -6056.1274 -5999.3467 -6036.9985 -6065.9351 -6034.5859 -6043.312 -6053.6387 -6037.6982 -6019.6313 -6029.6182 -5860.3369 -5325.2178 -5167.3721 -5675.4365 -5894.04 -5854.9722 -5869.3936 -5889.0981 -5872.7627 -5810.3916 -5745.8379 -5759.3994 -5877.1006 -5921.7896 -5936.8501 -5953.0059 -5966.2993 -5968.1069 -5849.75 -5900.7085 -5966.3799 -5798.4878 -5606.4927 -5620.6777 -5772.9556 -5823.2324 -5851.9121 -5938.7778 -5979.0068 -6008.7021
-6009.9785 -5979.144 -5933.6709 -5946.6777 -5945.8774 -6030.2876 -6113.8184 -6103.5845 -6080.0635 -6058.0776 -6018.0142 -6021.3257 -6044.6016 -6048.1821 -6044.6113 -6065.127 -6072.4429 -6079.1294 -6085.7983 -6086.2295 -6062.7285 -6038.5781 -6045.4121 -6056.334 -6054.1948 -6030.9976 -6015.728 -5996.394 -5900.0571 -5882.5757 -5970.6494 -5861.0698 -5746.1963 -5798.3999 -5848.4199 -5860.7866 -5845.7705 -5834.123 -5823.4697 -5847.9561 -5903.0576 -5927.9868 -5917.3218 -5979.5605 -6043.2686 -5863.6318 -5848.0381 -5895.8154 -5712.8696 -5587.2041 -5795.1831 -5840.7725 -5782.7046 -5827.7842 -5844.4961 -5890.0913 -5899.9702
-6009.123 -6018.375 -5997.1157 -5988.3418 -5975.7451 -6017.0728 -6043.9136 -6008.8076 -5980.8066 -6012.0742 -6044.3174 -6033.0439 -6039.8892 -6045.0449 -6045.1284 -6068.0454 -6078.687 -6074.8818 -6076.0747 -6084.3384 -6069.0649 -6064.0063 -6078.6099 -6045.5435 -6025.1738 -6028.3164 -6020.9614 -6013.7065 -6004.0586 -5995.7632 -5931.2104 -5800.0322 -5810.5327 -5880.0698 -5856.9727 -5846.4404 -5860.8896 -5899.0557 -5922.6948 -5910.6816 -5937.4258 -5923.8179 -5914.5957 -5982.8711 -6043.9219 -5939.2642 -5828.6367 -5802.1372 -5762.4121 -5658.6152 -5765.0259 -5792.7192 -5783.4463 -5851.3623 -5869.5391 -5908.418 -5854.6787
-5992.9106 -5998.6816 -5945.9873 -5993.1079 -6024.7783 -6015.4116 -5983.7764 -5888.3677 -5812.6431 -5934.1816 -6074.2012 -6051.6729 -6033.1216 -6034.2188 -6042.7471 -6100.8511 -6125.1968 -6106.1792 -6051.0059 -6048.501 -6057.9878 -6058.9902 -6041.9956 -5997.0039 -5967.3662 -5964.75 -5974.0859 -5993.2524 -5986.8398 -5964.501 -5904.8164 -5839.0742 -5839.0479 -5873.5088 -5868.4336 -5821.7783 -5829.7441 -5928.3848 -5970.894 -5958.3442 -5960.8096 -5910.9468 -5895.7739 -5900.2153 -5889.4824 -5908.7129 -5819.4058 -5753.9097 -5847.2866 -5834.7466 -5823.7041 -5866.6621 -5906.6284 -5935.9873 -5978.7119 -6016.0039 -5894.3076
-5968.939 -5913.6309 -5905.9727 -6035.0977 -6081.9258 -6060.0776 -5997.8574 -5935.793 -5853.4473 -5932.8018 -6031.0757 -6052.9966 -6005.2061 -6008.5957 -6037.3613 -6053.3066 -6058.543 -6045.9473 -6013.792 -6018.3657 -6025.4448 -6013.2192 -6002.3652 -5984.772 -5951.1392 -5924.8228 -5927.5566 -5952.9263 -5969.7056 -5957.4839 -5918.6445 -5894.9863 -5846.2627 -5832.4683 -5844.0005 -5799.7197 -5830.5532 -5943.6274 -5977.7842 -5960.6235 -5945.7734 -5915.0869 -5917.0381 -5908.0142 -5867.2046 -5886.9106 -5838.7378 -5805.0552 -5878.7085 -5901.9233 -5900.8955 -5935.145 -5958.4521 -5969.9238 -5966.2222 -6029.4717 -5986.8525
-5944.2729 -5886.5161 -5938.1128 -6028.2251 -6027.6523 -6003.771 -5998.1528 -6018.2988 -5986.6523 -5996.3276 -6043.894 -6063.5317 -5958.8374 -5923.5757 -5982.1406 -6013.7227 -6008.9229 -5993.5303 -5982.0435 -6012.9209 -6025.0239 -5991.936 -5963.0352 -5960.5815 -5947.1538 -5928.5405 -5918.3335 -5915.0322 -5936.7627 -5953.5376 -5908.0234 -5885.9849 -5891.6382 -5897.0718 -5875.1528 -5785.6509 -5801.769 -5899.5928 -5929.5698 -5921.0728 -5912.6836 -5912.6626 -5926.8179 -5932.9316 -5934.0903 -5927.644 -5907.5952 -5924.7222 -5894.2031 -5843.793 -5904.6421 -5968.5313 -5994.2881 -6035.6221 -5951.5874 -5978.4536 -6167.6572
-5990.0142 -5978.0205 -5961.8135 -5931.3145 -5929.1689 -5956.6489 -5997.7788 -6007.7925 -6028.9927 -6032.7764 -6034.1001 -6017.9287 -5908.373 -5848.7896 -5862.728 -5909.4717 -5896.3604 -5888.0088 -5958.7949 -6024.0688 -5993.0146 -5943.8384 -5913.6504 -5923.1733 -5922.5215 -5926.7095 -5923.5669 -5924.3438 -5945.0034 -5959.7017 -5937.0132 -5900.7427 -5896.5327 -5911.8408 -5892.8398 -5793.4624 -5774.1411 -5842.7202 -5880.5405 -5891.5278 -5899.8467 -5924.1255 -5934.3853 -5914.1313 -5911.0518 -5912.96 -5921.2417 -5967.231 -5914.418 -5807.0356 -5874.8135 -5923.4717 -5964.4028 -6059.4121 -5944.0635 -5947.7544 -6294.8706
-5974.9155 -5850.0215 -5887.6382 -5858.7354 -5857.1855 -5891.3462 -5956.7993 -6012.6328 -6088.0767 -6059.6895 -6024.6465 -5964.9658 -5825.376 -5782.6836 -5828.9082 -5849.0781 -5841.0649 -5819.2837 -5918.1079 -6002.457 -5970.0249 -5927.8667 -5930.4614 -5916.4595 -5903.1196 -5908.2026 -5913.2817 -5932.4175 -5946.2993 -5935.2656 -5908.938 -5868.2446 -5877.8804 -5904.3799 -5895.853 -5857.3179 -5850.98 -5866.3989 -5878.1597 -5903.1587 -5917.5518 -5924.5781 -5924.5093 -5884.0103 -5884.9351 -5918.1265 -5911.9478 -5897.6694 -5891.1787 -5838.7339 -5862.4893 -5869.4849 -5931.5884 -6050.7803 -5848.7861 -5656.7178 -6025.2056
-5957.1299 -5933.0879 -5927.8174 -5920.5264 -5888.5366 -5901.5386 -5918.8818 -5975.2363 -6030.751 -6021.5 -6018.1187 -5991.8628 -5888.9404 -5829.9609 -5848.2476 -5863.5195 -5860.0615 -5840.9438 -5839.9443 -5909.0586 -5987.6934 -5966.2876 -5962.9556 -5918.6543 -5902.8345 -5900.2959 -5897.4502 -5918.8706 -5927.3472 -5916.5713 -5895.7256 -5872.1362 -5886.0762 -5898.5283 -5874.5239 -5866.8647 -5871.2813 -5872.7588 -5906.6475 -5949.709 -5922.769 -5904.4766 -5911.3467 -5906.5479 -5916.1616 -5895.2041 -5902.4907 -5907.2788 -5878.0518 -5848.3164 -5831.5029 -5835.1084 -5877.3862 -5967.5059 -5791.7056 -5543 -5826.5532
-5962.6992 -5957.3828 -5945.3599 -5936.9844 -5943.6968 -5953.0879 -5939.1934 -5937.916 -5956.5083 -5949.8579 -5964.1992 -5972.1753 -5925.1421 -5871.3071 -5869.3999 -5894.6934 -5894.644 -5872.9028 -5804.4556 -5849.7061 -5999.9395 -5989.6475 -5949.5283 -5895.7505 -5887.0874 -5896.5913 -5899.6382 -5914.8745 -5916.9966 -5915.8394 -5912.5405 -5905.8159 -5898.9302 -5875.9102 -5831.9087 -5833.2832 -5843.5688 -5844.4868 -5896.4121 -5958.439 -5914.832 -5880.2002 -5891.5552 -5869.2837 -5870.3301 -5833.3965 -5841.3071 -5897.3867 -5837.3472 -5807.2803 -5783.0747 -5799.6426 -5814.438 -5879.3193 -5815.8398 -5760.1631 -5996.6592
