Resources/Map/Lvl0_30x30/Ele_FJ.asc
ncols         335
nrows         335
xllcorner     10105000
yllcorner     -10075000
cellsize      10000
nodata_value  -99999.0
[rows 130 to 155 of 335, columns 240 to 299 of 335]
2955.7866 2855.4121 2841.4001 2833.697 2807.0022 2835.5923 2848.7317 2831.0181 2877.354 2869.0562 2864.6233 2840.8374 2875.7493 2884.5637 2863.3052 2824.4133 2851.4534 2871.0471 2874.7917 2870.5886 2869.2173 2870.0955 2875.6108 2885.2664 2887.8171 2884.5491 2874.0388 2860.6311 2863.489 2866.0811 2860.8672 2863.3279 2869.0989 2868.5894 2866.5063 2868.3059 2859.5557 2857.8848 2840.0132 2834.6538 2836.5166 2847.6755 2845.4448 2864.7102 2857.2974 2864.7507 2863.0417 2870.8567 2862.5586 2876.7961 2876.1306 2883.3354 2871.4807 2870.2637 2870.0154 2862.2251 2850.9368 2857.7935 2845.4963 2863.7388
2865.8608 2873.8945 2875.4443 2843.7981 2857.304 2853.063 2861.9131 2878.7178 2850.8613 2886.4246 2882.5793 2897.626 2874.332 2894.5059 2902.6233 2897.772 2899.6345 2888.1453 2877.3579 2887.6665 2902.73 2898.2163 2897.9958 2901.5786 2898.9153 2851.821 2887.7368 2879.8997 2878.8159 2878.3911 2880.887 2874.084 2874.8953 2873.3765 2881.5146 2880.6506 2883.0771 2885.5525 2880.0061 2874.5024 2875.9697 2878.6807 2900.3145 2879.6914 2880.2075 2864.3657 2883.1418 2875.5938 2876.6387 2882.9712 2892.6501 2884.8792 2899.269 2892.6716 2889.0327 2888.7346 2889.103 2897.2002 2901.2466 2901.7444
2850.3013 2838.3022 2855.2161 2866.9719 2878.894 2889.6592 2888.5417 2885.6841 2891.032 2909.7126 2901.0969 2878.2532 2892.8259 2900.4736 2893.6924 2897.3528 2894.5864 2889.6521 2887.4006 2882.3853 2882.3857 2862.5833 2871.4646 2872.354 2877.2476 2876.6907 2879.3477 2875.6375 2871.0679 2871.9097 2872.4177 2876.6729 2880.5518 2881.0652 2890.8313 2898.95 2897.1289 2896.5891 2891.2717 2887.8455 2881.3635 2908.5986 2981.8135 2862.1069 2906.5906 2896.4368 2908.2458 2905.7429 2914.7937 2898.9646 2907.8645 2911.96 2908.6169 2910.646 2917.6438 2922.9146 2924.0476 2917.0796 2912.1167 2900.2593
2819.1494 2842.5925 2885.762 2840.8396 2896.5625 2871.8506 2900.9407 2932.5076 2928.384 2854.8857 2897.24 2907.1538 2899.0356 2896.1814 2902.2695 2903.8374 2901.9246 2905.3696 2903.6497 2907.1436 2888.2346 2882.2817 2881.6401 2885.9282 2892.3352 2893.6057 2897.8997 2898.4778 2897.0725 2888.0652 2886.7942 2899.7383 2899.761 2910.1465 2910.4275 2916.9878 2908.8196 2909.6521 2894.7676 2836.6572 3222.3198 3052.5071 2939.0132 2914.9624 2920.3789 2924.5498 2914.3499 2897.1672 2915.5767 2928.1626 2933.6653 2927.1726 2927.8347 2936.011 2931.4924 2922.3601 2922.6497 2913.457 2919.9846 2919.2393
2881.9958 2877.0737 2886.6455 2903.7786 2919.8025 2922.729 2926.4167 2881.8096 2899.5337 2876.2849 2875.3799 2876.2153 2849.9092 2882.1055 2896.4319 2905.0901 2901.1865 2921.4573 2918.3696 2924.1501 2924.7622 2924.3125 2914.7007 2919.478 2920.8088 2926.1357 2927.365 2922.7354 2928.1064 2919.7129 2884.7119 2932.2217 2926.844 2923.1787 2929.1643 2929.959 2925.3679 2932.1658 2933.0684 2944.5405 2949.0991 2945.0981 2945.0139 2936.1782 2938.9536 2938.3911 2944.6521 2937.0779 2904.3457 2940.5884 2938.5242 2944.2317 2954.7576 2965.7539 2963.4792 2774.55 2598.9604 2688.5833 2957.4426 2965.8303
2801.8525 2862.7329 2797.1758 2813.9116 2898.8948 2932.0374 2919.4346 2927.9231 2903.6406 2906.9971 2875.6873 2921.8762 2920.5393 2902.4924 2930.4766 2935.1045 2917.9915 2942.0801 2924.6843 2945.5259 2971.5171 2950.3704 2950.9578 2950.6152 2954.1074 2950.8542 2960.3574 2958.3098 2948.7905 2952.2083 2943.7537 2948.9795 2956.604 2954.1628 2964.0781 2959.5203 2960.1846 2952.4246 2945.2336 2944.6223 2967.541 3020.5203 2954.5029 2953.2615 2959.7351 2966.2168 2964.0884 3408.7759 2990.2036 2956.4636 2954.8945 2968.4644 2966.9341 3011.1604 2778.0552 2611.7864 2475.1897 2215.6563 2753.1719 2866.7969
2895.137 2908.0017 2894.5693 2867.0503 2900.6147 2883.5681 2926.8386 2916.1467 2908.5981 2920.2793 2934.2754 2953.5249 2948.9004 2952.7275 2943.3191 2935.261 2943.9934 2959.5383 2964.2288 2970.4839 3016.3384 2991.4658 2982.1536 2975.6199 2987.5935 2977.1204 2973.4243 2977.6069 2972.1125 2976.4365 2969.71 2967.9363 2970.678 2875.6199 2771.0913 2895.2363 2948.353 2967.645 2970.6462 2976.7974 3973.0027 8388.6934 159.9729 148.6709 135.5764 124.994 117.5854 112.9311 108.1856 100.6455 90.0112 2857.9192 2599.6997 2446.0244 2551.7388 2464.5522 2320.8074 2207.9636 2398.6799 2793.6121
2934.709 2935.095 2942.9763 2944.8796 2948.145 2945.4268 2944.5593 2934.7297 2948.6833 2909.5657 2855.5835 2935.6985 2952.0278 2916.3337 2970.9661 2964.8342 2961.0605 2989.3462 2981.9429 2992.4866 2997.1411 2993.6831 2988.8276 2989.0381 2985.0745 2978.7744 2977.2617 2967.395 2984.123 2993.0483 2988.1738 4522.9277 3638.3369 3158.186 2730.5469 2987.9253 2982.8042 2980.2922 2985.2954 2983.0996 5151.3154 219.9258 212.3605 199.3276 180.9532 163.5637 146.5611 134.5131 6165.2402 2473.0327 2841.4387 2702.832 2553.0164 2808.0303 2541.7827 1757.9425 2634.4287 2556.832 2623.2339 2434.7527
2956.3999 2962.2422 2948.1384 2963.259 2968.2539 2962.9219 2956.1201 2959.6843 2920.6902 2962.0234 2951.3691 2956.3591 2934.9092 2978.1843 2995.4641 2991.821 2984.6086 2988.1555 2996.6033 2991.7002 3003.0608 3012.115 3002.2947 3002.1079 3007.5999 3014.2881 2999.8691 3010.8315 2998.7629 3423.2708 3979.2913 4068.0669 3900.2998 4109.1519 3361.6033 3055.1504 3138.9133 3189.5366 3211.323 3058.5088 5120.9585 283.9952 264.7794 242.5276 220.6656 200.132 179.4563 3971.9001 2710.9236 2668.5132 2871.6345 2969.2534 2611.866 2968.4702 3048.9451 2895.1819 2572.2463 3615.1626 3047.4089 2722.2961
2973.5024 2970.665 2958.8357 2964.3779 2912.4546 2957.8442 2983.1343 2971.7881 2979.4465 2971.8706 2984.3911 2971.2019 2986.1333 2971.8481 2975.2712 2983.2734 2993.6477 2990.8774 2999.0967 3006.4434 3000.5435 3010.8459 3007.2549 2991.3726 2997.8481 3010.6042 3155.666 3332.8542 3971.1575 3735.9399 3933.146 3642.144 3404.6987 3900.3689 4085.3528 4306.0371 4260.0586 3867.4905 3829.575 3651.6997 5088.8242 287.1776 261.114 234.4121 208.8276 3570.2954 3014.7959 2574.9961 2950.6746 2921.3542 2742.488 2835.6667 2999.749 3312.4072 3015.5066 3272.8333 3466.7161 2658.7876 2876.156 3099.4409
2972.1487 2970.127 2960.9573 2973.8271 2944.063 2977.5444 2997.3967 2990.9211 2980.5901 2969.2668 3038.3235 2993.0979 3016.2869 3056.1499 2991.4751 3091.2156 3074.0344 3012.0325 3063.7278 3040.9016 3014.6599 3024.6729 3026.1841 3015.6282 3136.9653 3255.6257 3940.4033 2809.7104 3313.0317 2867.3728 2901.1292 2998.3838 4101.0269 4408.4497 4162.2617 4113.9663 2275.5059 2974.4092 4423.7739 4146.0854 4055.9268 3981.1353 3405.969 3250.0127 2892.1106 3182.5935 2845.3203 2698.9893 2899.748 2988.8572 3309.8447 3677.2056 3614.092 3571.3477 3195.9919 2499.0654 2687.3157 2799.4485 3120.177 3010.27
2994.2476 2994.312 2998.1348 2998.3884 3002.3384 2996.3716 2986.6846 2967.9172 2979.502 3002.1355 3024.4207 3009.8889 2994.793 3063.5732 3044.0527 3123.1836 3019.0276 3082.2527 3288.104 2996.5442 2882.5999 3558.3987 3386.5764 3184.9336 3070.5679 2916.2261 3274.4851 3259.2627 3497.9905 3436.9517 2753.3728 2629.5911 2105.3428 2650.0002 2454.688 2757.7468 1616.8621 2020.605 3977.3882 3650.8562 3400.0508 2608.0171 3089.2141 3260.5615 3545.0671 3395.814 3179.3125 1852.092 1654.535 2395.0149 3167.9109 2974.1733 3240.9634 2889.6846 2844.311 2823.7588 3122.3669 3065.5496 3077.895 3061.1528
2992.189 2994.7144 2998.0647 3009.3523 2992.4587 2955.4514 2966.3696 2980.7864 2956.1372 2975.2041 2986.157 2990.2847 3004.2871 3065.3474 3078.884 3077.2854 3278.71 3438.814 3120.7317 2938.4719 2968.3223 3192.4285 1990.6617 1836.8313 1339.8032 2615.3904 3035.6611 3183.7664 3375.3821 3195.6169 3296.4919 3413.6013 3233.9131 2758.5322 2882.4441 2066.0054 1890.1698 1458.8921 3291.0054 2275.03 2780.3054 3108.3655 3147.1365 3072.635 2831.6074 3144.7759 2146.3398 2445.1104 2958.3477 3250.5488 3085.563 3250.7476 3219.9534 2846.4644 2960.075 2824.5081 2952.9187 3062.1062 3186.2288 2934.1682
3005.8242 3006.3669 2993.3696 3000.051 2991.8906 2974.5037 2920.6021 2955.043 2975.7334 2972.9004 3008.6807 3018.9177 3027.8445 3209.7395 3720.5869 3890.6797 3879.0225 4241.7295 3761.5244 3791.0337 4286.7344 4468.6143 4883.0161 4749.8716 3948.8901 3268.0879 3721.7996 4784.5146 4741 4146.6064 4735.1138 4987.9106 4910.7954 4042.3845 4478.3979 4028.1919 2794.2188 2317.9812 2385.1499 2481.8486 2886.3955 2922.7146 2899.438 3036.667 3019.6438 3078.623 2893.8225 2751.5095 2852.3896 2817.5879 2637.198 2777.5913 2780.1218 2723.3589 2515.6096 2641.4058 2524.3667 2545.8472 2590.4363 2755.0625
3012.8579 3012.178 3016.8254 3015.8933 3016.6235 3014.4348 3001.7639 3019.5645 3014.4353 3010.7705 3025.355 3046.0034 3122.0908 3174.207 3245.6992 3310.48 3327.27 3363.8948 3183.6018 3450.1658 4416.2163 4780.522 5043.9487 5287.6357 5884.8359 1401.2854 1112.9485 1330.0306 1631.4042 2381.9541 5045.959 3712.7324 3827.3303 3726.1948 3275.4524 2590.7273 2754.916 2813.7756 2867.2754 2769.6875 2391.8403 2166.7939 2026.9725 2947.8533 2930.5886 2830.6045 2825.1868 2689.4978 2671.7937 2942.1206 2814.4033 2748.7952 2652.9761 2612.9338 2764.9702 2834.4114 2551.2815 2880.5801 2897.0249 2451.7964
3022.1172 3025.6616 3030.5042 3030.2205 3020.4641 3013.8572 3008.2317 3014.2393 3013.5127 3023.1372 3044.04 3302.3762 3851.9141 4199.646 4193.2935 1616.0885 1203.5737 3801.2837 3695.624 4188.3774 4222.6689 4552.5464 5209.6064 4841.6953 4045.802 1179.7196 1703.9242 1546.0126 1893.4596 2933.9829 5133.0747 4161.8696 3570.3494 1344.9976 1177.2264 1614.8662 2641.5767 2964.1399 2286.3047 2360.6331 2496.4343 2648.2051 2595.2136 2660.9111 2711.707 2616.9153 2539.0188 2672.7554 2537.1404 2475.0227 2512.7449 2730.5234 2839.229 3033.3206 2050.9263 2134.3789 1847.3325 2121.4038 2921.8188 3808.6191
3026.2261 3031.4949 3028.3374 3031.2073 3036.0093 3033.4702 3033.9438 3034.6423 3024.6379 3043.9043 3040.6421 3063.4019 3028.0923 3045.0918 3105.334 3190.9358 3260.5188 3173.3162 3054.6677 2995.3306 2664.875 1879.3903 3370.2634 4516.5742 4438.793 4713.8906 5559.4556 4002.2361 3887.1174 3523.2964 3041.5596 2863.9124 2849.6338 2580.0027 2272.0637 1742.4886 1528.0154 1567.4241 1965.4419 2659.4976 2230.812 2790.144 2788.8657 2594.5366 2113.1875 1755.395 1728.0194 1655.738 2240.2437 2493.9895 2592.4153 2479.2512 3078.6333 2800.8984 3303.7458 2278.9434 2879.1069 2928.2722 3131.6025 3162.6238
3034.5386 3035.575 3051.6575 3058.0581 3049.2632 3049.0132 3036.2739 3030.9714 3026.6626 3043.0251 3060.2434 3104.9575 4037.144 3326.6753 3331.5935 3283.2861 3491.3423 3171.833 3261.3101 3061.1736 3175.8359 2656.2646 3002.1553 3115.6899 3297.7859 3515.4675 3106.0627 2546.3811 1897.0073 1712.2692 2736.7634 2843.4187 2853.5171 2696.7378 2581.5996 2653.2319 2701.2639 2543.1667 2640.939 2632.6467 2577.5876 2591.5107 2613.3621 2786.625 2881.5234 2753.6675 2733.0964 2569.2449 2730.9102 2609.5193 2715.614 2577.9041 1683.9142 1892.0164 3321.509 3174.3701 3146.7607 3096.9319 3113.7983 3115.1567
3046.9211 3048.5369 3049.8054 3069.3379 3052.156 3047.6345 3052.6453 3062.8279 3063.0808 3066.2832 3100.7358 3179.2786 3019.9785 3110.7085 3075.8833 3106.7263 3071.126 3394.1729 3462.7495 3745.7522 3871.1565 4554.8013 4020.7683 2496.8633 3065.2292 2913.3083 2804.1677 2810.8118 2639.7847 2711.6487 2751.5898 2701.0071 2686.0417 2703.1619 2649.553 2636.8796 2607.2205 2608.2617 2598.0779 2600.4773 2659.9165 2855.6709 2679.2549 2928.075 2525.9072 2511.5093 2407.8643 2445.4922 2773.5396 2740.0151 2724.9185 1993.1564 3384.4307 3173.6528 3098.833 3119.1565 3133.7351 3132.2515 3123.2046 3133.5249
3045.0117 3066.7336 3049.856 3060.8938 3058.8984 3073.8118 3066.7419 3066.4512 3045.2651 3389.6863 3261.1951 3145.7427 3026.1824 3138.3196 3131.7424 3016.5042 3234.7043 4114.7368 4661.8301 5520.415 3849.7275 2887.6816 2943.6396 2949.0203 2660.2419 2698.8879 2662.729 2717.3486 2727.5098 2715.3928 2694.4854 2695.4971 2723.5452 2670.8403 2684.7756 2595.7517 2634.1294 2676.3955 2942.5596 2756.8918 2826.2053 3175.3926 2638.2065 2718.1575 2527.1624 2517.2173 2531.2429 2646.4834 3201.0513 2785.0044 3441.6233 3007.571 2885.938 2964.3684 3117.22 3110.8101 3105.2629 3123.3301 3127.1394 3123.9514
3069.3677 3076.5537 3059.8088 3061.9773 3070.176 3281.4229 3270.4492 3268.8918 3394.9063 3258.0593 3371.302 3092.7126 3576.0896 3634.9629 5412.0791 5488.1514 5174.6714 4181.2969 2630.7927 2504.8269 2479.6965 2636.4858 2559.8181 2438.0686 2656.9905 2560.8887 2680.7234 2689.2659 2634.1201 2559.7341 2584.6719 2732.0588 2626.5657 2639.9143 2667.4543 2622.3198 2828.4246 2594.8374 2434.9971 2302.1345 2359.7366 2677.4563 2699.0837 2782.3909 2389.6111 2495.7756 3461.9885 3654.3369 4005.9888 3661.373 3589.1924 3394.4265 3120.0117 2861.2703 3121.7322 3255.4629 3524.2625 3314.6743 3584.3274 3492.0615
3090.8647 3086.0649 3084.4795 3081.7642 3067.1736 3157.8442 3105.4412 3114.6328 3239.52 3325.9143 3312.8093 4268.7256 4951.3662 4931.4141 6212.6021 5497.9517 3852.9475 3051.3464 2875.5654 2431.0427 2581.5415 2695.5676 2706.6702 2520.6565 2639.3347 2466.3977 2477.2861 2371.2578 2634.1443 2328.647 2503.3813 2531.7646 2412.51 2236.5342 2365.2483 1914.0903 1970.9346 2017.3523 1996.6951 2236.4146 2713.2195 2874.9136 2779.6804 2432.9539 3755.022 3539.2224 3672.4312 3290.8535 3191.6841 3279.3152 2878.377 3301.5776 3161.1831 3398.5398 3169.0693 3435.5745 3327.8789 3294.564 3695.6636 3577.4561
3073.1589 3086.4995 3322.5432 3237.981 3055.5266 3075.8943 3072.7092 3108.5471 3079.5686 3082.5786 3302.8516 3589.7244 5926.8945 4251.228 2779.3276 2800.7542 2664.0835 2674.1785 2583.7664 2746.4893 2713.0063 2684.7603 2677.7012 2378.4558 2346.8909 2237.3928 2071.01 1838.0198 2087.2412 2430.2083 1980.1682 2287.3582 2542.3958 2390.2446 2443.2844 2315.2097 2418.5383 2235.761 1457.8262 1724.6104 981.7634 1880.533 1135.2662 3107.2229 3467.1848 3212.7388 3145.7776 3139.384 3105.9758 3151.1672 3125.8845 3130.0479 3141.7703 3118.5598 3152.0234 3427.0225 3318.332 3996.4282 3696.1252 3435.4868
3799.8379 3451.6987 3153.5127 3094.6975 3082.4802 3092.0405 3071.667 3072.1421 3076.1714 3071.2207 3038.6809 3053.4836 3147.0334 2884.5918 2993.886 2913.0637 2631.126 2799.1575 2693.5283 2640.9526 2452.8179 2475.4602 2694.3743 2426.5613 2677.354 2462.4941 2525.6855 2750.2903 2496.0244 2558.9165 2381.9565 2013.9902 2256.2031 2280.3945 2166.1353 2675.2219 2413.7673 2647.0098 1910.7572 2194.2664 3164.3052 2968.2922 3101.0139 3111.197 3098.1646 3111.2026 3112.8735 3137.0781 3116.6929 3128.7581 3098.2996 3106.1567 3118.1484 3092.2842 3095.5896 3122.5203 3143.8286 3278.7004 2829.7056 3603.2925
3096.2964 3100.9575 3104.8362 3096.1384 3087.6318 3052.2593 3067.1995 3074.0354 3082.1328 3100.0063 3085.9553 3087.2568 3075.76 3154.4275 2707.2888 2667.7754 2152.4253 2112.5815 1875.5658 2195.1128 2383.4585 2325.7 2450.0491 2443.449 2480.9512 2551.5146 2769.0332 2774.6399 2780.5986 2733.0161 2440.4746 1910.6399 2128.4355 2409.446 1893.4913 2572.3508 3023.1128 3395.8108 3262.4048 3092.7266 2747.3364 2731.1729 3132.9136 3109.9287 3116.7869 3099.4617 3131.4214 3115.9263 3150.2849 3104.8962 3119.2275 3118.646 3136.0552 3195.5166 3172.4033 4492.6411 3406.0596 1560.6443 1552.824 1613.6649
3107.4741 3097.7546 3085.3269 3076.4607 3085.2515 3080.8113 3097.5872 3107.2695 3103.4973 3058.2754 3079.4048 2995.8245 2562.5398 2565.4526 2071.9988 1710.5074 2395.7234 2431.6816 2190.7341 2394.9067 2230.9587 1990.8003 1838.2167 2357.6426 2204.2986 1771.2993 2302.2078 2509.7141 2779.0632 2319.6536 2879.5603 2661.2625 2605.7688 2869.6042 2846.5015 3715.7478 3965.553 4195.5527 3914.3835 3920.8643 3391.9871 3171.5601 3179.9792 2723.6499 3066.8269 3063.6294 3092.3408 3008.5254 2852.6902 3266.5891 3744.8572 3206.4216 3120.4185 4095.155 3524.2273 2162.0012 2371.4055 2350.8083 2392.4089 2830.9827
