Resources/Map/Lvl0_30x30/Ele_AL.asc
ncols         335
nrows         335
xllcorner     16805000
yllcorner     6675000
cellsize      10000
nodata_value  -99999.0
[rows 120 to 149 of 335, columns 264 to 329 of 335]
-2362.6855 -2343.1099 -2322.3867 -2300.4421 -2278.7461 -2256.7092 -2235.3428 -2216.564 -2202.7368 -2192.229 -2180.562 -2166.2798 -2147.8035 -2125.1658 -2100.2039 -2073.427 -2046.1401 -2020.5209 -1997.8104 -1970.1926 -1929.7576 -1878.3031 -1830.9099 -1804.1475 -1796.3647 -1797.4891 -1798.5906 -1798.0237 -1798.2119 -1798.4406 -1798.5734 -1799.5146 -1798.6572 -1798.5332 -1798.0747 -1795.7308 -1793.4075 -1789.2618 -1783.4884 -1775.7959 -1764.4995 -1748.8666 -1733.3934 -1720.9987 -1712.9801 -1706.9159 -1699.8209 -1696.35 -1696.8168 -1689.449 -1665.2778 -1615.5729 -1559.3348 -1526.7378 -1514.0129 -1507.1718 -1498.278 -1484.0314 -1467.5631 -99999.0 -99999.0 -99999.0 -99999.0 -99999.0 -99999.0 -99999.0
-2364.167 -2343.1221 -2321.5225 -2300.2917 -2280.0852 -2261.5952 -2245.5386 -2232.2971 -2221.5083 -2212.5281 -2202.959 -2189.7588 -2170.2305 -2144.7524 -2118.1636 -2092.3906 -2068.124 -2047.353 -2029.5972 -2009.8976 -1973.5913 -1909.3982 -1834.5508 -1798.6842 -1787.829 -1787.4819 -1788.3433 -1790.4386 -1792.4888 -1794.5328 -1795.6901 -1796.6693 -1796.6133 -1795.6295 -1793.2297 -1787.209 -1775.5464 -1755.3925 -1728.9135 -1697.267 -1664.0145 -1631.2179 -1598.5752 -1560.105 -1515.8246 -1474.6914 -1440.9063 -1422.9115 -1422.8538 -1432.5514 -1438.8986 -1424.71 -1394.0585 -1366.3735 -1348.4559 -1337.0293 -1329.5076 -1323.5996 -1319.0273 -99999.0 -99999.0 -99999.0 -99999.0 -99999.0 -99999.0 -99999.0
-2341.5872 -2319.4211 -2297.2549 -2275.0225 -2253.6624 -2235.4197 -2221.8452 -2212.3831 -2203.9482 -2194.6997 -2182.2798 -2164.1064 -2138.3799 -2107.8081 -2077.0566 -2050.2729 -2030.7407 -2015.869 -2001.005 -1977.1006 -1937.9268 -1886.2568 -1838.8885 -1814.0399 -1804.3201 -1800.9147 -1799.6483 -1801.2479 -1802.0626 -1802.832 -1803.5807 -1803.2919 -1802.1765 -1800.901 -1797.3905 -1789.0957 -1775.707 -1751.64 -1720.957 -1686.3729 -1650.02 -1613.5864 -1574.6237 -1523.9319 -1465.1298 -1421.7776 -1403.3134 -1401.3761 -1402.6561 -1404.7748 -1406.6702 -1406.8752 -1404.9871 -1401.0089 -1395.9647 -1390.6163 -1381.4279 -1363.4449 -1338.1836 -99999.0 -99999.0 -99999.0 -99999.0 -99999.0 -99999.0 -99999.0
-2307.9561 -2287.8333 -2267.938 -2247.9202 -2228.9941 -2213.5681 -2202.46 -2194.4702 -2184.6362 -2169.3835 -2149.1187 -2123.8518 -2095.1218 -2065.5518 -2037.4371 -2013.8658 -1999.8948 -1988.6261 -1976.384 -1959.4153 -1939.3551 -1918.9735 -1902.7926 -1891.3574 -1884.3671 -1876.4821 -1867.2568 -1858.8103 -1849.7976 -1840.7556 -1832.2451 -1823.1057 -1814.3262 -1805.7229 -1796.9919 -1786.3361 -1772.8267 -1754.6339 -1730.7207 -1701.4679 -1668.9219 -1635.1165 -1602.1886 -1567.8829 -1529.9868 -1498.9871 -1481.6805 -1475.5282 -1473.3994 -1471.2312 -1467.6964 -1462.3468 -1455.4333 -1446.9781 -1437.4011 -1428.7463 -1419.5244 -1405.462 -1385.4873 -99999.0 -99999.0 -99999.0 -99999.0 -99999.0 -99999.0 -99999.0
-2286.095 -2266.7773 -2248.3757 -2232.2954 -2219.4063 -2209.054 -2200.6658 -2192.4895 -2181.6338 -2164.9995 -2142.7966 -2117.8701 -2093.7715 -2070.8567 -2049.9045 -2031.9429 -2018.823 -2009.8727 -2004.321 -2000.0867 -1997.2792 -1995.6487 -1994.2179 -1994.0002 -1990.624 -1979.6379 -1962.0002 -1940.3712 -1919.2808 -1898.027 -1879.6431 -1862.141 -1846.4663 -1832.131 -1822.2808 -1815.5878 -1809.1288 -1801.5896 -1790.9259 -1773.9304 -1751.7303 -1725.1044 -1699.182 -1677.498 -1660.5983 -1643.1345 -1625.2998 -1609.3101 -1594.322 -1580.9497 -1569.5685 -1560.0471 -1551.8597 -1544.9165 -1538.9404 -1533.5114 -1524.7864 -1505.9904 -1477.1002 -99999.0 -99999.0 -99999.0 -99999.0 -99999.0 -99999.0 -99999.0
-2257.3547 -2240.2944 -2221.384 -2205.7688 -2193.187 -2180.7161 -2167.2344 -2152.9277 -2136.4175 -2117.2878 -2097.771 -2078.4187 -2060.4993 -2045.5458 -2032.7684 -2022.4193 -2014.3383 -2007.0879 -2000.1016 -1994.818 -1990.0492 -1985.9202 -1981.9464 -1977.2986 -1970.2588 -1960.5503 -1948.3802 -1934.516 -1920.3301 -1905.5787 -1892.1853 -1879.2621 -1866.948 -1855.7455 -1846.2664 -1837.5568 -1830.6635 -1824.0602 -1818.0155 -1812.337 -1805.9084 -1796.8448 -1786.1449 -1771.7523 -1753.7764 -1732.0924 -1708.5129 -1685.6212 -1665.5135 -1648.8077 -1634.0607 -1621.7778 -1611.89 -1603.9756 -1598.8209 -1597.538 -1600.1495 -1599.787 -1587.7719 -99999.0 -99999.0 -99999.0 -99999.0 -99999.0 -99999.0 -99999.0
-2192.3611 -2191.1233 -2184.7688 -2172.271 -2156.061 -2137.9675 -2118.1401 -2097.7991 -2076.929 -2056.6709 -2038.0911 -2022.4302 -2010.219 -2001.1554 -1994.907 -1990.5908 -1985.5259 -1978.8066 -1972.0396 -1965.0101 -1957.6605 -1950.2568 -1942.8531 -1935.4495 -1927.3741 -1918.2874 -1909.3167 -1900.3677 -1890.9188 -1881.958 -1872.5229 -1864.8132 -1856.428 -1849.0868 -1842.5719 -1835.3738 -1829.856 -1824.9056 -1819.7715 -1815.7368 -1811.9569 -1808.2393 -1804.3667 -1799.7474 -1789.9504 -1773.7916 -1753.0704 -1730.6578 -1708.9272 -1688.2955 -1669.1396 -1651.9729 -1636.2491 -1622.2231 -1611.2502 -1605.6483 -1608.845 -1619.4391 -1627.8916 -99999.0 -99999.0 -99999.0 -99999.0 -99999.0 -99999.0 -99999.0
-2101.9463 -2094.9243 -2087.4583 -2080.3721 -2073.4619 -2064.9128 -2053.6758 -2040.3431 -2026.2318 -2012.3816 -2000.0255 -1989.6478 -1981.1794 -1973.6532 -1966.7174 -1960.0413 -1953.032 -1945.6824 -1937.4999 -1929.83 -1921.8164 -1913.4213 -1905.1978 -1896.7909 -1888.3427 -1879.2262 -1870.4641 -1862.252 -1854.7925 -1847.1648 -1840.84 -1835.2629 -1830.0287 -1826.0699 -1822.6888 -1818.5602 -1815.5192 -1812.3752 -1809.7084 -1806.5386 -1803.9214 -1801.141 -1795.9336 -1788.6511 -1776.9817 -1761.441 -1743.5184 -1724.9338 -1706.5028 -1687.5111 -1669.6259 -1653.2733 -1637.7972 -1624.5526 -1614.5013 -1606.8425 -1601.9707 -1599.9297 -1598.9998 -99999.0 -99999.0 -99999.0 -99999.0 -99999.0 -99999.0 -99999.0
-2020.6606 -2010.4116 -2001.093 -1994.1941 -1990.1692 -1987.8707 -1985.7568 -1982.3208 -1977.6451 -1972.4321 -1966.3876 -1959.1038 -1951.1372 -1943.5768 -1936.2838 -1928.991 -1921.9999 -1914.6174 -1906.2738 -1898.2185 -1890.1061 -1881.3442 -1872.7983 -1863.9603 -1854.8005 -1845.6022 -1835.74 -1827.4482 -1819.8347 -1814.2448 -1810.7429 -1807.2742 -1804.6134 -1803.6165 -1802.78 -1801.2168 -1800.8135 -1799.7914 -1798.6559 -1796.7627 -1793.8352 -1789.6681 -1781.0308 -1769.4685 -1755.9128 -1740.5699 -1724.0787 -1707.7014 -1691.2642 -1674.2924 -1657.7306 -1641.9669 -1626.7087 -1613.9253 -1605.5669 -1600.4132 -1597.8115 -1597.7264 -1598 -99999.0 -99999.0 -99999.0 -99999.0 -99999.0 -99999.0 -99999.0
-1965.0118 -1958.8824 -1952.7175 -1947.0073 -1942.979 -1939.2334 -1935.7897 -1933.0405 -1929.7555 -1926.1573 -1921.5028 -1915.9335 -1911.6124 -1907.8867 -1903.8373 -1899.464 -1894.0547 -1888.0117 -1880.8887 -1873.6588 -1865.7042 -1857.783 -1849.3412 -1841.1058 -1832.8677 -1824.3379 -1816.0629 -1808.474 -1802.885 -1798.7646 -1796.3949 -1793.7301 -1791.4138 -1789.8177 -1788.7578 -1786.8254 -1785.1221 -1783.149 -1780.8431 -1776.7729 -1771.3457 -1765.111 -1756.3499 -1746.5614 -1735.2357 -1722.9749 -1710.3671 -1698.1106 -1685.5162 -1672.3907 -1659.8103 -1647.4038 -1635.5027 -1625.2098 -1617.6274 -1612.0668 -1608.3694 -1606.7317 -1605.7808 -99999.0 -99999.0 -99999.0 -99999.0 -99999.0 -99999.0 -99999.0
-1896.7216 -1895.568 -1893.9312 -1891.8835 -1889.9863 -1887.6542 -1885.2416 -1883.537 -1881.2965 -1879.3132 -1877.9481 -1876.7831 -1877.0057 -1877.3781 -1876.7064 -1874.7614 -1870.9498 -1865.5405 -1857.984 -1850.3275 -1843.0969 -1837.0347 -1830.958 -1824.5315 -1819.2394 -1813.2152 -1807.7023 -1801.9319 -1797.4436 -1793.016 -1788.9309 -1784.8571 -1781.1119 -1777.3956 -1773.8812 -1769.5845 -1766.0767 -1761.8723 -1757.0391 -1751.7826 -1745.9899 -1739.8467 -1732.8818 -1726.0995 -1718.4917 -1710.5347 -1702.6042 -1694.8429 -1686.8018 -1679.1074 -1671.7615 -1664.7644 -1658.2837 -1652.3232 -1646.7114 -1641.8298 -1637.7952 -1634.2532 -1630.6356 -99999.0 -99999.0 -99999.0 -99999.0 -99999.0 -99999.0 -99999.0
-1833.0934 -1835.1776 -1836.5573 -1836.7684 -1836.4792 -1835.6528 -1834.4565 -1833.2545 -1831.5067 -1829.8213 -1829.1461 -1829.1729 -1830.2769 -1831.7064 -1831.885 -1830.5675 -1827.6492 -1823.5328 -1817.4136 -1810.6854 -1806.0748 -1804.2782 -1802.4769 -1800.8136 -1798.8809 -1795.9904 -1792.658 -1788.0011 -1782.907 -1777.7968 -1772.0542 -1767.5764 -1762.4891 -1757.7664 -1753.2844 -1748.6208 -1744.4785 -1739.8644 -1734.5137 -1729.4034 -1724.2932 -1718.8433 -1712.7814 -1707.5817 -1702.2694 -1696.9325 -1691.2944 -1685.8864 -1680.7477 -1676.2833 -1671.8972 -1667.8037 -1664.2606 -1661.2489 -1658.5519 -1656.324 -1654.2854 -1651.1096 -1645.6163 -99999.0 -99999.0 -99999.0 -99999.0 -99999.0 -99999.0 -99999.0
-1773.8793 -1778.455 -1780.7125 -1781.6934 -1782.2463 -1782.7224 -1782.3622 -1781.4055 -1779.3116 -1776.2455 -1773.903 -1772.3384 -1770.9318 -1770.1713 -1768.5365 -1766.2395 -1763.7662 -1761.6743 -1759.29 -1757.3258 -1756.5435 -1758.0895 -1759.8158 -1760.9348 -1760.734 -1759.7816 -1757.4761 -1753.8566 -1749.1764 -1744.8264 -1740.1169 -1736.1282 -1731.4674 -1727.7096 -1723.4365 -1719.7329 -1715.8763 -1711.3257 -1707.425 -1702.7819 -1698.3501 -1693.5255 -1688.5226 -1683.8729 -1679.3188 -1674.5931 -1669.96 -1665.636 -1661.3907 -1656.9181 -1652.0981 -1646.9138 -1640.527 -1632.512 -1622.5293 -1607.9662 -1588.6102 -1568.2135 -1546.8004 -99999.0 -99999.0 -99999.0 -99999.0 -99999.0 -99999.0 -99999.0
-1663.6519 -1670.0953 -1675.1549 -1680.8777 -1687.4611 -1694.0157 -1699.0509 -1701.2805 -1700.8149 -1699.1549 -1697.3099 -1696.0671 -1695.7415 -1695.8641 -1696.3295 -1696.3859 -1696.8901 -1697.9968 -1699.218 -1701.3759 -1703.1895 -1705.4816 -1707.0883 -1708.5173 -1709.585 -1709.873 -1708.5785 -1705.6198 -1701.9659 -1699.2836 -1696.0436 -1694.3722 -1691.9255 -1689.6735 -1687.4215 -1685.1174 -1682.3663 -1679.1976 -1676.42 -1673.2778 -1670.3778 -1666.5385 -1662.4139 -1658.4257 -1653.9207 -1649.8325 -1645.3711 -1640.3413 -1635.0217 -1628.9224 -1621.3005 -1610.0829 -1593.2731 -1569.3694 -1536.9553 -1491.2739 -1435.1151 -1385.3132 -1348.4711 -99999.0 -99999.0 -99999.0 -99999.0 -99999.0 -99999.0 -99999.0
-1507.5519 -1519.4292 -1532.0027 -1545.3226 -1558.5837 -1570.8612 -1581.5394 -1591.6727 -1602.5469 -1613.0867 -1620.0416 -1623.0917 -1624.6472 -1625.0771 -1625.6415 -1625.7594 -1626.8037 -1630.0784 -1633.6857 -1635.8728 -1636.0494 -1637.7731 -1640.9103 -1644.2432 -1649.353 -1652.1434 -1652.9005 -1650.4771 -1646.1984 -1645.3608 -1646.7889 -1650.0696 -1653.3871 -1654.8696 -1655.4744 -1655.1807 -1653.9315 -1652.2435 -1650.2822 -1648.6677 -1646.8121 -1644.1757 -1641.6591 -1639.0157 -1635.3572 -1631.551 -1627.2465 -1622.1707 -1616.4015 -1609.9119 -1601.9128 -1591.2004 -1574.9014 -1551.0941 -1519.6227 -1481.4862 -1440.6555 -1409.8856 -1393.9498 -99999.0 -99999.0 -99999.0 -99999.0 -99999.0 -99999.0 -99999.0
-1346.2767 -1366.6437 -1386.2303 -1402.9454 -1416.8246 -1430.0291 -1444.3979 -1462.5743 -1485.6727 -1509.9023 -1526.9623 -1534.2925 -1535.7665 -1535.2139 -1535.3721 -1535.4301 -1535.7557 -1537.6387 -1539.2799 -1539.6079 -1538.3612 -1538.145 -1540.1464 -1543.3104 -1548.7822 -1553.3547 -1556.6296 -1558.7297 -1558.1442 -1559.5685 -1566.3093 -1581.1172 -1600.0071 -1616.276 -1625.4727 -1629.0765 -1631.5686 -1632.4773 -1631.8994 -1631.7816 -1631.636 -1631.1676 -1630.0607 -1628.696 -1626.3885 -1623.5786 -1620.2296 -1616.3732 -1612.3999 -1608.2738 -1603.8085 -1599.8784 -1594.9971 -1588.2535 -1579.9885 -1572.1967 -1567.0128 -1563.71 -1560.8604 -99999.0 -99999.0 -99999.0 -99999.0 -99999.0 -99999.0 -99999.0
-1220.8247 -1233.8942 -1247.3741 -1260.8389 -1273.8779 -1287.3386 -1301.004 -1313.371 -1325.7275 -1340.6394 -1356.3444 -1371.1864 -1384.7421 -1397.6759 -1408.87 -1414.5427 -1413.9402 -1409.1278 -1401.1982 -1392.6201 -1383.6481 -1376.8488 -1373.3508 -1373.3705 -1376.996 -1383.751 -1396.0959 -1413.8223 -1430.0094 -1440.2589 -1448.9368 -1462.7216 -1485.6354 -1510.9469 -1533.6508 -1552.6615 -1571.3739 -1588.2269 -1602.1727 -1613.5687 -1620.4691 -1624.1157 -1625.1221 -1624.764 -1623.4127 -1621.3687 -1619.1246 -1616.7168 -1614.4061 -1611.8147 -1608.7617 -1605.8906 -1603.8466 -1602.3677 -1601.124 -1599.6681 -1597.9685 -1596.0699 -1594.1714 -99999.0 -99999.0 -99999.0 -99999.0 -99999.0 -99999.0 -99999.0
-1189.5392 -1191.8174 -1194.8564 -1199.1635 -1204.3811 -1209.6299 -1214.1075 -1215.9205 -1216.1812 -1219.2422 -1227.6807 -1241.6516 -1258.3806 -1274.8615 -1287.2462 -1291.7285 -1288.6615 -1281.2888 -1269.9836 -1256.4303 -1242.5081 -1232.7201 -1227.3822 -1225.4156 -1227.046 -1232.7877 -1247.4192 -1270.5752 -1291.8213 -1306.9069 -1315.5901 -1321.7997 -1331.2549 -1344.554 -1368.4348 -1404.0359 -1449.0447 -1492.1487 -1529.1638 -1559.1649 -1577.3319 -1586.3035 -1592.9152 -1598.5443 -1604.4735 -1609.7006 -1612.5328 -1613.4824 -1613.8286 -1612.8485 -1611.0646 -1608.7708 -1605.9836 -1603.2019 -1600.126 -1595.7408 -1590.0924 -1584.0156 -1577.939 -99999.0 -99999.0 -99999.0 -99999.0 -99999.0 -99999.0 -99999.0
-1200.5702 -1200.3652 -1199.6403 -1199.236 -1199.5084 -1199.5084 -1199.7502 -1200 -1200.2634 -1201.04 -1202.3201 -1204.4016 -1207.2029 -1209.5536 -1210.5432 -1209.3147 -1205.8582 -1201.7874 -1196.6013 -1190.2451 -1184.0521 -1179.5887 -1175.5037 -1172.282 -1170.9778 -1171.7288 -1176.3817 -1183.7341 -1191.7819 -1198.3986 -1204.5664 -1213.2631 -1221.8787 -1229.3004 -1240.5996 -1264.236 -1305.9563 -1354.0623 -1386.5046 -1411.3785 -1431.8313 -1449.832 -1469.6841 -1493.25 -1526.0238 -1562.4912 -1591.9094 -1608.9324 -1616.7415 -1618.6622 -1616.9364 -1613.1426 -1607.4922 -1601.3164 -1594.8715 -1587.3497 -1577.9587 -1567.3907 -1557.2645 -99999.0 -99999.0 -99999.0 -99999.0 -99999.0 -99999.0 -99999.0
-1206.7623 -1205.7404 -1204.5288 -1203.2268 -1202.4149 -1201.8728 -1201.5916 -1201.3188 -1201.061 -1201.061 -1200.481 -1199.7783 -1198.9674 -1197.6421 -1196.1401 -1193.906 -1191.3632 -1188.0602 -1184.0507 -1179.1218 -1173.9005 -1168.2294 -1161.1598 -1154.2253 -1147.3096 -1139.9027 -1132.3798 -1125.3578 -1120.2654 -1118.9086 -1121.9604 -1130.7273 -1142.0056 -1152.6377 -1160.7323 -1171.6503 -1191.4771 -1219.1384 -1235.9733 -1249.6173 -1266.1733 -1291.23 -1325.7703 -1368.1191 -1417.7026 -1468.7992 -1511.9017 -1540.0254 -1553.7686 -1559.3485 -1561.2272 -1562.3638 -1566.5972 -1575.0339 -1583.6127 -1587.2528 -1583.8286 -1576.2594 -1568.1133 -99999.0 -99999.0 -99999.0 -99999.0 -99999.0 -99999.0 -99999.0
-1208.1315 -1208.3817 -1207.9244 -1207.4672 -1206.7623 -1205.7404 -1205.2102 -1204.6963 -1204.2102 -1203.9019 -1203.0776 -1202.6576 -1202.0336 -1201.3685 -1200.542 -1199.2837 -1197.8369 -1195.2947 -1191.1619 -1185.408 -1177.5909 -1168.0304 -1156.4711 -1143.1204 -1128.1322 -1111.5232 -1092.7778 -1074.2714 -1056.2321 -1043.6533 -1038.5991 -1040.7582 -1047.3687 -1054.0886 -1063.7224 -1079.7369 -1103.1252 -1132.6888 -1162.3739 -1187.717 -1203.1995 -1218.5878 -1241.2876 -1268.057 -1293.3374 -1316.168 -1335.6969 -1351.3994 -1362.9731 -1373.1787 -1384.3871 -1397.1392 -1415.5779 -1444.3392 -1480.6678 -1517.5822 -1549.6818 -1573.9056 -1585.5706 -99999.0 -99999.0 -99999.0 -99999.0 -99999.0 -99999.0 -99999.0
-1204.8918 -1207.9342 -1209.2319 -1209.33 -1208.8094 -1208.1047 -1207.5746 -1207.0607 -1206.2666 -1205.7626 -1204.9945 -1204.5746 -1203.9504 -1203.5746 -1202.9064 -1202.5746 -1202.2716 -1201.1025 -1199.0022 -1196.0135 -1191.796 -1185.1782 -1174.4169 -1160.2927 -1142.3933 -1122.6987 -1100.5834 -1077.7025 -1054.783 -1034.5615 -1019.1356 -1008.0865 -1002.6923 -1000.6619 -1004.2938 -1013.9041 -1031.7789 -1056.6681 -1083.403 -1106.115 -1117.9957 -1127.0206 -1141.0247 -1158.7213 -1173.0309 -1183.1061 -1192.1129 -1202.7864 -1215.3662 -1229.6885 -1246.6128 -1265.1301 -1286.8583 -1315.286 -1351.58 -1393.9014 -1437.7996 -1477.6383 -1506.3818 -99999.0 -99999.0 -99999.0 -99999.0 -99999.0 -99999.0 -99999.0
-1180.53 -1192.1205 -1199.7542 -1203.6849 -1205.358 -1205.8274 -1205.6135 -1205.4063 -1204.994 -1204.8068 -1204.5728 -1204.4034 -1204.1516 -1203.6145 -1203.1339 -1203 -1202.5751 -1202.1072 -1201.6949 -1201.2826 -1200.3928 -1198.8662 -1194.6696 -1187.8545 -1177.2833 -1164.2068 -1149.0205 -1132.7008 -1113.4001 -1092.5796 -1070.7399 -1049.8612 -1032.7939 -1020.0875 -1011.2238 -1005.3857 -1004.4943 -1006.6045 -1009.9749 -1014.061 -1017.1617 -1021.0562 -1029.6366 -1045.8109 -1065.3629 -1083.8959 -1098.1626 -1112.2803 -1133.342 -1158.9871 -1186.0878 -1210.7822 -1233.369 -1256.2947 -1282.6729 -1314.8142 -1349.4487 -1380.8135 -1405.7449 -99999.0 -99999.0 -99999.0 -99999.0 -99999.0 -99999.0 -99999.0
-1128.6263 -1148.3521 -1164.795 -1177.5911 -1186.5524 -1192.7151 -1196.8604 -1199.386 -1200.9512 -1202.2158 -1202.7627 -1203.1351 -1203.3813 -1203.135 -1202.5867 -1202.3813 -1202.1097 -1202 -1201.5321 -1201.3813 -1201.0762 -1201 -1200.678 -1199.6273 -1197.4415 -1193.498 -1189.2236 -1182.8005 -1173.156 -1157.2836 -1136.2866 -1114.0505 -1092.0697 -1071.9292 -1053.6293 -1037.5123 -1025.6057 -1015.6538 -1007.1439 -1000.8577 -997.1217 -995.261 -996.2043 -1002.6536 -1014.0087 -1028.3451 -1040.3302 -1051.189 -1067.2714 -1089.3962 -1115.6221 -1139.7599 -1158.9854 -1174.7167 -1192.5219 -1218.2238 -1247.6884 -1274.3495 -1296.5334 -99999.0 -99999.0 -99999.0 -99999.0 -99999.0 -99999.0 -99999.0
-1076.16 -1095.5067 -1113.1755 -1128.4503 -1141.7473 -1153.9482 -1164.5531 -1173.5483 -1181.6603 -1188.8827 -1194.3503 -1198.3788 -1200.9961 -1202.1326 -1202.1193 -1202 -1201.5437 -1201.3594 -1201.0875 -1201 -1201 -1200.4731 -1200.3594 -1200.3594 -1200.3594 -1200.6155 -1200.6406 -1199.6117 -1197.8081 -1190.5419 -1177.5836 -1160.0343 -1142.115 -1124.0131 -1107.0249 -1091.7233 -1077.9102 -1065.5164 -1054.668 -1045.9865 -1039.9226 -1036.8966 -1036.6498 -1039.611 -1045.8491 -1053.6594 -1062.0627 -1069.2197 -1075.4465 -1081.8629 -1089.1138 -1095.8654 -1102.8992 -1111.5914 -1123.7501 -1140.5585 -1160.0344 -1178.828 -1194.7162 -99999.0 -99999.0 -99999.0 -99999.0 -99999.0 -99999.0 -99999.0
-1027.1866 -1042.8351 -1055.6058 -1067.5447 -1079.9243 -1093.0311 -1106.4777 -1119.5828 -1132.535 -1145.433 -1157.2423 -1168.0543 -1177.7485 -1185.6183 -1191.6252 -1196.129 -1198.5367 -1199.9851 -1200.3373 -1200.8531 -1201 -1200.7227 -1200.6627 -1200.0885 -1200 -1200.3071 -1200.3373 -1199.7046 -1199.0273 -1195.679 -1188.4618 -1178.5215 -1167.9104 -1156.9481 -1145.8993 -1136.6768 -1127.5057 -1118.9188 -1111.8733 -1105.9675 -1102.6036 -1101.1624 -1101.8763 -1104.2972 -1108.3976 -1112.7347 -1116.9037 -1119.4653 -1119.6603 -1116.1792 -1110.7551 -1106.1283 -1104.5895 -1107.9287 -1115.5745 -1125.7474 -1137.4633 -1149.3365 -1160.0754 -99999.0 -99999.0 -99999.0 -99999.0 -99999.0 -99999.0 -99999.0
-941.1259 -964.4908 -984.2979 -1000.8931 -1015.4692 -1029.9812 -1044.4856 -1058.2803 -1071.0017 -1083.2107 -1096.0311 -1109.3175 -1122.8346 -1136.5338 -1149.8322 -1161.9995 -1172.0815 -1180.7119 -1187.542 -1193.02 -1196.8927 -1199.8289 -1200.8934 -1200.7268 -1200.6848 -1200.6848 -1200.0461 -1199.6991 -1198.7081 -1197.0564 -1193.0061 -1187.9086 -1181.8318 -1175.7277 -1169.3229 -1163.0477 -1157.993 -1153.1685 -1149.5928 -1146.7893 -1145.1514 -1144.9951 -1145.6024 -1146.8331 -1147.7997 -1148.5258 -1148.3015 -1147.3701 -1145.5724 -1141.63 -1137.4144 -1134.0642 -1132.0371 -1132.2079 -1134.769 -1139.5673 -1146.2665 -1154.1091 -1162.2299 -99999.0 -99999.0 -99999.0 -99999.0 -99999.0 -99999.0 -99999.0
-847.499 -863.7698 -879.7418 -896.9079 -916.9681 -939.4059 -963.2606 -985.7194 -1003.986 -1017.5908 -1029.0758 -1040.6206 -1053.5276 -1067.7598 -1081.8958 -1096.067 -1110.9646 -1126.4221 -1141.5552 -1156.076 -1169.4188 -1181.6527 -1189.9598 -1196.0043 -1198.6432 -1200.1667 -1200.0198 -1200 -1200.4039 -1200.1207 -1199.1871 -1196.5313 -1193.4966 -1189.0474 -1183.8282 -1178.0504 -1174.6846 -1171.4938 -1169.2079 -1167.3186 -1165.9679 -1164.7091 -1164.0703 -1163.5576 -1163.0679 -1162.7167 -1161.3213 -1159.6726 -1158.4058 -1156.7844 -1155.6245 -1155.0251 -1154.9313 -1155.5087 -1156.9418 -1159.725 -1163.439 -1166.7142 -1169.5343 -99999.0 -99999.0 -99999.0 -99999.0 -99999.0 -99999.0 -99999.0
-746.5356 -762.2612 -775.9869 -788.7161 -802.0723 -818.1173 -837.8491 -858.6966 -880.0461 -903.5735 -928.1864 -950.9677 -972.0673 -991.5651 -1007.2399 -1021.9614 -1038.4392 -1055.7358 -1072.5592 -1090.8907 -1110.1213 -1128.0317 -1145.0674 -1160.2588 -1173.2867 -1184.4622 -1192.2203 -1196.8862 -1200.1968 -1201.7269 -1203.2054 -1204.0162 -1201.8899 -1198.4597 -1194.2236 -1191.082 -1188.1274 -1185.7261 -1182.9371 -1180.2076 -1177.8062 -1175.6416 -1173.3376 -1171.7946 -1170.6219 -1169.2928 -1168.1696 -1166.6895 -1165.531 -1164.9336 -1164.3729 -1164.3729 -1164.51 -1164.7872 -1165.6139 -1166.6515 -1167.9156 -1168.7094 -1168.5217 -99999.0 -99999.0 -99999.0 -99999.0 -99999.0 -99999.0 -99999.0
-625.4263 -645.8399 -665.17 -683.0419 -699.4964 -715.6739 -732.5375 -749.9133 -767.9288 -786.0599 -805.0588 -828.1901 -855.3044 -881.9625 -908.2813 -937.1132 -966.3098 -991.8876 -1012.0052 -1029.4885 -1047.4054 -1066.3691 -1087.0116 -1106.8828 -1126.3383 -1144.623 -1159.7385 -1172.8951 -1181.7808 -1187.7261 -1192.0588 -1195.5309 -1196.4916 -1196.4735 -1196.2766 -1196.4039 -1195.4485 -1193.098 -1189.2645 -1185.431 -1181.6576 -1178.2107 -1175.2156 -1172.7113 -1170.8398 -1168.8833 -1167.3741 -1166.2537 -1165.1849 -1164.6379 -1164.1519 -1163.3844 -1162.9966 -1162.6005 -1162.3826 -1162.4949 -1162.6427 -1162.744 -1163.064 -99999.0 -99999.0 -99999.0 -99999.0 -99999.0 -99999.0 -99999.0
