Resources/Map/Lvl0_30x30/Ele_AF.asc
ncols         335
nrows         335
xllcorner     -3295000
yllcorner     6675000
cellsize      10000
nodata_value  -99999.0
[rows 26 to 51 of 335, columns 118 to 176 of 335]
-4248.8442 -4249.8726 -4251.7529 -4252.9131 -4253.9385 -4255.9214 -4256.9824 -4258.0454 -4259.0928 -4261.0977 -4263.0708 -4264.0928 -4265.2251 -4267.0962 -4268.125 -4269.3545 -4271.1626 -4272.1846 -4273.4536 -4275.2285 -4276.2505 -4277.5859 -4279.2813 -4280.6333 -4282.2983 -4283.3203 -4284.7656 -4286.7915 -4288.3457 -4289.3682 -4291.3716 -4293.3311 -4294.353 -4295.9526 -4297.373 -4298.9751 -4301.0039 -4302.3823 -4304.6963 -4306.3047 -4308.0288 -4309.3086 -4310.3306 -4311.3203 -4312.334 -4312.5142 -4312.5142 -4312.5498 -4312.5547 -4312.5547 -4312.5547 -4312.5547 -4312.5547 -4312.5952 -4312.5952 -4312.5977 -4312.6353 -4312.7417 -4313.6353
-4248.7007 -4249.8726 -4250.8945 -4252.833 -4253.9971 -4255.9238 -4257.0439 -4259.0049 -4260.0283 -4261.1602 -4263.1333 -4264.1611 -4265.2397 -4266.2617 -4267.4429 -4269.3062 -4270.3281 -4271.3643 -4272.6665 -4274.394 -4275.4346 -4276.7944 -4278.146 -4278.9019 -4280.5669 -4281.5889 -4283.0078 -4284.5703 -4285.5923 -4286.645 -4287.6992 -4288.688 -4289.6807 -4291.2803 -4292.125 -4292.7466 -4294.3721 -4295.728 -4296.1055 -4296.835 -4297.811 -4298.8164 -4299.79 -4300.0498 -4300.8311 -4301 -4301.0542 -4301.8931 -4302.0566 -4302.0625 -4302.0625 -4302.1235 -4302.125 -4303.0635 -4303.125 -4303.1836 -4304.0679 -4304.2251 -4305.0625
-4248.7979 -4250.0308 -4251.1392 -4253.0093 -4255.0464 -4256.1299 -4258.1343 -4259.2583 -4260.3071 -4262.3472 -4264.2461 -4265.4395 -4267.3687 -4268.4023 -4269.6563 -4271.519 -4272.5586 -4273.854 -4275.6064 -4276.7148 -4278.0649 -4279.7358 -4280.7866 -4282.1919 -4283.834 -4284.9087 -4285.9307 -4286.9902 -4288.0596 -4289.5293 -4291.019 -4291.5527 -4292.1475 -4293.6982 -4294.5581 -4295.1611 -4296.1509 -4297.1167 -4298.1108 -4299.0728 -4299.3384 -4300.0283 -4300.3193 -4301.0688 -4301.3232 -4301.3384 -4302.1294 -4302.2539 -4303.1616 -4303.2539 -4303.2539 -4304.1455 -4304.2534 -4304.2705 -4305.1689 -4305.1689 -4305.2534 -4306.1689 -4306.1689
-4249.957 -4251.8516 -4253.8003 -4255.0142 -4256.9839 -4258.0674 -4260.0718 -4262.0049 -4263.0532 -4265.0537 -4266.2407 -4268.1855 -4270.1147 -4271.2739 -4273.3008 -4275.0938 -4276.3843 -4278.1426 -4279.4678 -4281.4316 -4283.2153 -4284.313 -4285.6704 -4287.3574 -4288.7183 -4290.3374 -4291.4233 -4292.8906 -4294.4673 -4295.4893 -4296.5117 -4297.5337 -4298.6147 -4299.6226 -4300.5996 -4301 -4301.6436 -4302 -4302.688 -4303 -4303 -4303 -4303.7759 -4304 -4304.8198 -4305 -4305 -4305 -4305.9082 -4306 -4306 -4306 -4306.8901 -4306.8955 -4307 -4307 -4307.0752 -4307.8936 -4307.8936
-4250.4644 -4252.2466 -4253.3799 -4255.2007 -4257.2339 -4258.3174 -4260.1958 -4261.2334 -4262.4067 -4264.3193 -4266.1792 -4267.3896 -4269.0859 -4270.2446 -4272.1299 -4273.3096 -4275.0713 -4276.3921 -4278.0894 -4279.3804 -4281.3872 -4283.0269 -4284.3408 -4285.9883 -4287.0928 -4288.4644 -4290.0625 -4291.5469 -4293.0522 -4294.0742 -4295.0962 -4296.1187 -4297.6958 -4298.585 -4299.1846 -4299.7451 -4300.4858 -4300.8423 -4301.6187 -4301.9707 -4302.0649 -4302.1963 -4303.0039 -4303.3306 -4304.0713 -4304.4448 -4304.4854 -4304.4854 -4305.3936 -4305.4854 -4305.6079 -4305.6143 -4305.6143 -4305.7588 -4306.6143 -4306.6143 -4306.625 -4306.7427 -4306.7427
-4246.3438 -4247.3657 -4248.3877 -4249.4097 -4251.0874 -4252.2974 -4253.3252 -4254.2007 -4256.0679 -4257.0972 -4258.312 -4259.9043 -4260.1563 -4261.2944 -4263.0493 -4264.0713 -4265.2661 -4266.9648 -4267.9868 -4269.2373 -4270.8804 -4271.9023 -4272.9243 -4274.25 -4275.8179 -4276.8398 -4278.2212 -4279.7334 -4280.7554 -4281.7773 -4282.7993 -4283.8213 -4285.3154 -4286.2241 -4286.8872 -4288.4375 -4289.7808 -4290.2373 -4291.5596 -4292.2441 -4293.0195 -4294.0415 -4295.0635 -4296.0859 -4296.4111 -4297.8687 -4298.3975 -4298.4385 -4299.3467 -4299.4385 -4300.3906 -4300.5854 -4300.7393 -4301.5918 -4301.7461 -4301.8906 -4301.9751 -4302.8906 -4302.9097
-4235.605 -4236.627 -4237.4946 -4238.3403 -4238.5713 -4240.1714 -4241.2192 -4241.4131 -4242.2632 -4243.3174 -4244.9033 -4245.1567 -4246.1787 -4247.1772 -4248.0503 -4249.0723 -4250.0591 -4250.9434 -4251.9653 -4252.9873 -4254.0098 -4254.9775 -4255.8809 -4256.9028 -4257.9248 -4258.9473 -4259.896 -4260.8184 -4261.8403 -4262.8623 -4263.8843 -4264.9067 -4265.9287 -4266.9507 -4267.9727 -4268.9946 -4269.9058 -4270.8662 -4271.8882 -4272.9102 -4273.9321 -4274.9541 -4275.9761 -4276.8604 -4277.8477 -4278.1729 -4279.7793 -4280.1807 -4281.1084 -4281.2002 -4282.1523 -4283.1743 -4284.0244 -4284.2188 -4285.2339 -4286.0386 -4286.2847 -4287.2002 -4287.3286
-4222.1528 -4222.8062 -4222.8838 -4222.8838 -4223.6396 -4223.6895 -4224.4805 -4225.2998 -4225.3213 -4226.105 -4226.1621 -4227.0029 -4228.0029 -4228.7422 -4229.0381 -4229.8965 -4230.7549 -4231.0913 -4231.9624 -4232.9849 -4234.0068 -4234.7764 -4235.2456 -4236.1978 -4237.0947 -4238.1167 -4238.7979 -4239.3555 -4240.3779 -4241.3042 -4242.3267 -4243.3398 -4244.271 -4245.293 -4246.3149 -4247.3374 -4247.8408 -4248.4463 -4249.4033 -4250.4253 -4251.4473 -4252.4692 -4253.3403 -4253.6763 -4254.5356 -4255.3936 -4256.5532 -4257.4292 -4258.4287 -4258.7021 -4259.4824 -4260.4951 -4260.7148 -4261.5391 -4262.5288 -4262.7656 -4263.605 -4264.5415 -4264.8188
-4211.6826 -4210.7778 -4210.4565 -4210.4336 -4210.0269 -4210 -4209.7871 -4209.5654 -4209.3496 -4209.3389 -4209.1328 -4209.1855 -4209.6992 -4209.8066 -4210.4482 -4210.4072 -4211.1641 -4211.6641 -4212.0259 -4212.7676 -4213.4097 -4214.2783 -4215.2275 -4215.8257 -4216.2622 -4217.1494 -4218.0796 -4218.9771 -4219.8975 -4220.4209 -4221.4434 -4222.3145 -4222.8701 -4223.8921 -4224.9141 -4225.8018 -4226.7417 -4227.0977 -4227.9346 -4228.8706 -4229.8296 -4230.6885 -4231.0493 -4231.896 -4232.7402 -4233.0635 -4234.6387 -4234.8813 -4235.7891 -4236.6094 -4236.8706 -4237.8555 -4238.6616 -4238.8994 -4239.9126 -4240.6777 -4240.9473 -4241.771 -4242.6646
-4215.8213 -4215.0078 -4214.2295 -4213.9307 -4212.2578 -4212.1494 -4211.1665 -4210.1445 -4209.1431 -4208.8735 -4208.1157 -4207.6011 -4206.8833 -4206.6392 -4206.2739 -4205.3896 -4204.9912 -4204.3115 -4204.7163 -4204.4473 -4203.647 -4203.6411 -4204 -4204.1865 -4204.5225 -4204.8276 -4205.2837 -4205.5161 -4205.8057 -4206.0615 -4206.8398 -4207.3281 -4207.751 -4208.5293 -4209.3071 -4209.6118 -4210.1016 -4210.373 -4211.4199 -4211.8955 -4212.4526 -4212.6567 -4213.4326 -4214.2637 -4214.4175 -4215.0586 -4216.043 -4216.1787 -4217.0869 -4217.1787 -4217.9038 -4218.6816 -4218.939 -4219.7197 -4220.7012 -4220.7637 -4221.7012 -4221.8076 -4222.7319
-4220.3281 -4220.2173 -4220.4507 -4219.8008 -4219.0454 -4219 -4218.2739 -4217.2573 -4216.502 -4215.77 -4215.417 -4214.0435 -4213.9287 -4212.9424 -4212.187 -4211.3843 -4210.415 -4209.6011 -4208.7617 -4208.3662 -4207.5347 -4206.5947 -4206.0869 -4205.7295 -4204.9878 -4204.8262 -4204.7153 -4204.1196 -4203.4434 -4202.8149 -4202.5488 -4202.6436 -4202.5215 -4202.3711 -4201.9482 -4201.5771 -4201.3105 -4201.0439 -4200.5977 -4200.2495 -4199.9829 -4199.7163 -4200.0234 -4199.9224 -4199.6558 -4199.3892 -4199.9868 -4199.856 -4200.4976 -4200.5654 -4200.5654 -4200.5654 -4201.3018 -4201.5791 -4202.3149 -4202.6113 -4203.3267 -4203.6719 -4204.6938
-4214.0396 -4214.0396 -4214.6812 -4214.7568 -4214.7568 -4214.7568 -4214.7568 -4214.041 -4214.3223 -4214.2876 -4213.6055 -4213.6055 -4213.5229 -4212.8882 -4212.8882 -4212.7583 -4212.1709 -4212.0098 -4211.3467 -4211.0195 -4210.811 -4210.3911 -4210.5854 -4210.4307 -4209.9868 -4209.7173 -4209.5332 -4208.9634 -4208.2305 -4207.4976 -4206.9097 -4206.3149 -4205.8232 -4205.2832 -4203.9507 -4202.8174 -4201.9023 -4201.0688 -4199.6479 -4198.4019 -4197.3799 -4196.3579 -4195.3359 -4194.314 -4193.292 -4192.5078 -4192.1504 -4191.2256 -4191.1118 -4190.8486 -4190.8291 -4190.8291 -4190.8291 -4191.5459 -4191.5747 -4192.2632 -4192.3237 -4193.0566 -4193.7896
-4198.1606 -4198.7383 -4199.0889 -4199.4009 -4199.7124 -4200.0239 -4200.3354 -4200.6519 -4201.9507 -4201.9805 -4202.5605 -4202.5889 -4202.9004 -4203.1704 -4203.2188 -4203.4756 -4203.5371 -4203.7803 -4203.9521 -4204.4756 -4204.4756 -4204.7886 -4205.4756 -4205.8325 -4206.7388 -4207.1704 -4207.5938 -4208.1704 -4208.313 -4208.4756 -4208.8311 -4209.333 -4209.0894 -4208.7803 -4208.3633 -4208.0854 -4207.6377 -4207.3901 -4206.9121 -4206.2017 -4205.2681 -4204.4761 -4203.5288 -4202.7505 -4202.04 -4201.6582 -4201.0093 -4200.0288 -4199.9146 -4198.9849 -4198.9146 -4198.9146 -4198.9146 -4198.9146 -4198.9023 -4198.6099 -4198.6099 -4198.5776 -4198.2656
-4176.6274 -4178.856 -4180.3398 -4181.6963 -4183.0522 -4184.7227 -4186.0918 -4187.4526 -4189.7861 -4190.52 -4192.4688 -4193.23 -4194.8828 -4196.147 -4196.8701 -4197.7705 -4198.3076 -4199.3652 -4199.4458 -4199.6924 -4199.6924 -4199.9028 -4200.3652 -4200.6055 -4200.9141 -4200.5801 -4200.6694 -4200.9116 -4200.8921 -4201.0767 -4200.9092 -4201.1084 -4201.4224 -4201.0449 -4200.7686 -4200.5654 -4200.4419 -4200.0063 -4199.563 -4199.4609 -4198.729 -4197.9678 -4197.0308 -4196.5459 -4196.48 -4195.3628 -4195.1528 -4194.2666 -4193.856 -4193.1997 -4193.1528 -4192.8345 -4192.8262 -4192.832 -4193.126 -4192.48 -4192.5073 -4192.7354 -4192.1313
-4148.8818 -4151.1895 -4153.272 -4155.3159 -4157.0327 -4159.6807 -4161.4072 -4163.4468 -4165.7822 -4167.4868 -4169.5059 -4171.2539 -4173.5317 -4175.1714 -4176.4541 -4177.4131 -4178.2813 -4179.5972 -4179.7578 -4180.248 -4180.248 -4180.248 -4180.1313 -4179.8989 -4179.52 -4178.498 -4177.7515 -4177.105 -4176.0825 -4175.3794 -4174.6895 -4173.8286 -4173.3091 -4171.999 -4170.9448 -4170.1836 -4169.356 -4168.0083 -4166.5283 -4165.6118 -4164.4219 -4162.5522 -4161.5552 -4160.0542 -4159.4248 -4157.6782 -4156.7593 -4155.7783 -4154.7559 -4154.0151 -4153.6338 -4152.6431 -4152.2695 -4151.9248 -4152.2212 -4152.1997 -4151.9272 -4152.5234 -4152.6904
-4120.5938 -4121.71 -4123.2944 -4124.6191 -4125.3145 -4126.918 -4127.6001 -4128.8735 -4129.8857 -4130.5591 -4131.8003 -4132.4434 -4133.0859 -4133.5923 -4133.3716 -4133.8335 -4133.6572 -4134.1587 -4134.0669 -4133.688 -4133.3086 -4132.9292 -4132.3394 -4131.542 -4130.9243 -4129.9023 -4128.8804 -4127.6929 -4126.2915 -4125.0723 -4123.8604 -4122.1235 -4120.4287 -4118.6641 -4116.9976 -4115.5962 -4113.5513 -4111.7935 -4109.7046 -4107.2813 -4104.8579 -4102.4346 -4101.2754 -4098.4194 -4096.3096 -4093.6873 -4091.5259 -4089.3816 -4087.2219 -4084.8223 -4082.6445 -4080.8464 -4079.0659 -4077.2922 -4075.9165 -4075.1418 -4074.1416 -4073.4622 -4073.4146
-4103.3716 -4103.9917 -4104.6123 -4104.3159 -4103.9141 -4104.0957 -4104.104 -4103.7139 -4104.2969 -4103.5317 -4103.5039 -4103.1021 -4102.7007 -4102.2158 -4101.29 -4100.8496 -4100.1929 -4099.478 -4099.0234 -4098.1914 -4096.8823 -4095.9832 -4095.0994 -4093.8162 -4092.7939 -4091.6143 -4090.3569 -4089.0645 -4087.2385 -4085.6838 -4084.3513 -4082.4993 -4080.6736 -4078.5771 -4076.6028 -4074.7161 -4072.2815 -4070.021 -4067.2893 -4064.781 -4061.9431 -4059.1733 -4056.6748 -4053.5742 -4050.4648 -4047.2188 -4044.6433 -4041.1218 -4037.4353 -4034.6792 -4031.4368 -4028.3606 -4026.0776 -4023.4331 -4021.8064 -4020.5793 -4019.5391 -4018.4695 -4018.7932
-4088.0376 -4087.3132 -4086.4646 -4085.0801 -4084.0234 -4082.6028 -4082.1389 -4081.1318 -4081.0896 -4079.5469 -4079.5056 -4078.9077 -4078.3577 -4078.1272 -4077.5295 -4077.0376 -4076.8843 -4076.1511 -4075.8005 -4075.7983 -4074.8938 -4074.7734 -4074.3813 -4073.543 -4073.2119 -4072.3796 -4071.4316 -4070.8337 -4069.9626 -4069.0532 -4068.2432 -4067.3521 -4066.675 -4065.1619 -4063.8945 -4062.675 -4061.3225 -4060.127 -4058.2437 -4057.1509 -4055.3933 -4053.9297 -4051.958 -4050.2073 -4048.4482 -4046.7979 -4045.0313 -4042.8701 -4041.0293 -4039.78 -4038.1892 -4036.4041 -4035.3625 -4034.1782 -4033.604 -4033.5676 -4033.0193 -4033.0815 -4033.6792
-4045.2144 -4044.1667 -4042.6252 -4041.4285 -4041.2166 -4040.5474 -4041.2559 -4042.0234 -4043.3604 -4044.5996 -4046.3867 -4048.1738 -4050.0256 -4052.251 -4053.6609 -4055.3689 -4056.9121 -4059.0493 -4060.5288 -4062.293 -4063.7971 -4065.3994 -4066.293 -4067.5439 -4069.0801 -4069.7983 -4070.6152 -4071.5662 -4072.2173 -4072.8967 -4073.2793 -4073.9648 -4074.6743 -4074.7959 -4075.0049 -4075.1018 -4075.3354 -4075.7822 -4075.842 -4075.8027 -4075.7107 -4076.0066 -4075.6775 -4075.4509 -4075.4255 -4075.3198 -4075.2998 -4074.801 -4074.7371 -4075.1436 -4074.6382 -4074.6113 -4074.0505 -4074.0483 -4074.0483 -4074.0212 -4073.6113 -4073.6113 -4073.6113
-4008.4026 -4010.0615 -4010.6335 -4012.3567 -4014.7415 -4017.1714 -4021.1155 -4024.6609 -4028.6677 -4032.7783 -4037.3357 -4041.8933 -4046.4507 -4050.9341 -4054.9517 -4058.9419 -4062.5872 -4066.5537 -4070.0891 -4073.6245 -4077.0261 -4079.9229 -4082.4363 -4085.1428 -4087.8296 -4089.8408 -4092.0652 -4094.1802 -4095.7097 -4097.2446 -4099.0122 -4100.7681 -4102.0044 -4103.0264 -4104.0483 -4105.356 -4106.5513 -4107.2681 -4108.1362 -4108.7744 -4109.6396 -4110.3154 -4110.8047 -4111.7056 -4111.9077 -4112.3633 -4112.8452 -4112.9077 -4112.9077 -4113.8379 -4113.9077 -4113.9077 -4113.9077 -4113.9077 -4113.9077 -4113.874 -4113.3672 -4113.3672 -4113.3672
-3969.6057 -3980.3521 -3989.5364 -3998.0938 -4007.5115 -4016.5474 -4025.5906 -4034.1208 -4044.1482 -4054.1399 -4064.1343 -4073.626 -4082.6707 -4091.5837 -4099.4858 -4106.438 -4112.8872 -4118.7261 -4123.6792 -4128.1294 -4132.2065 -4135.8042 -4138.54 -4141.4341 -4143.6294 -4145.1963 -4146.7715 -4148.1094 -4148.9272 -4149.4756 -4150.0444 -4150.6128 -4150.8936 -4150.9316 -4150.6816 -4150.8501 -4151.0845 -4150.4575 -4149.8306 -4149.7188 -4149.7573 -4149.0415 -4148.834 -4148.4883 -4148.0039 -4147.5122 -4147.4688 -4146.6211 -4146.5112 -4146.0986 -4145.6094 -4145.1177 -4145.1055 -4144.6152 -4144.104 -4143.1807 -4143.1401 -4142.6992 -4142.6377
-3728.2712 -3742.4036 -3757.1472 -3773.3584 -3791.6079 -3808.5806 -3823.489 -3841.3755 -3864.5015 -3890.6511 -3917.262 -3943.354 -3968.8689 -3993.6792 -4019.8381 -4045.4578 -4068.5444 -4091.7524 -4115.0005 -4135.8667 -4153.1792 -4169.1797 -4182.7139 -4194.2964 -4202.9707 -4209.6719 -4213.9604 -4215.9219 -4216.2012 -4214.9727 -4212.4077 -4209.3057 -4205.4326 -4201.0337 -4196.1133 -4191.2925 -4186.9937 -4182.5552 -4178.2856 -4174.5366 -4170.9429 -4167.354 -4164.543 -4161.1802 -4158.8257 -4156.7749 -4154.2891 -4152.1758 -4150.1201 -4148.0747 -4146.0244 -4144.4644 -4142.9214 -4140.8818 -4139.3252 -4137.3433 -4136.23 -4134.2856 -4133.1934
-3273.1868 -3276.2783 -3281.2634 -3290.552 -3304.1563 -3317.6956 -3329.2935 -3344.7588 -3366.3989 -3392.0928 -3420.3936 -3450.6929 -3480.8228 -3510.5869 -3547.2129 -3585.874 -3619.5427 -3655.6934 -3699.6733 -3743.3657 -3782.187 -3820.9651 -3862.4878 -3904.1941 -3942.7512 -3978.9214 -4017.9626 -4055.6228 -4086.1792 -4110.5728 -4129.0298 -4140.936 -4146.7007 -4149.0991 -4147.7515 -4141.7944 -4135.813 -4130.8062 -4126.126 -4122.3501 -4118.5176 -4115.2866 -4113.0996 -4110.3608 -4108.6074 -4108.0366 -4108.1523 -4108.7349 -4107.5586 -4105.5723 -4102.5762 -4099.4604 -4095.3467 -4091.7695 -4089.7256 -4087.6814 -4085.5974 -4083.0068 -4079.9565
-2779.2656 -2770.5378 -2762.7725 -2757.3826 -2755.8281 -2757.1296 -2761.9133 -2771.5945 -2782.6213 -2792.887 -2804.8738 -2822.4814 -2842.5798 -2862.7505 -2886.1267 -2909.1863 -2928.4375 -2948.197 -2974.0325 -3003.8623 -3035.0815 -3065.532 -3094.0981 -3119.9858 -3144.9949 -3173.7454 -3207.3921 -3241.3828 -3272.9875 -3302.3267 -3331.9355 -3362.0117 -3389.5979 -3417.1785 -3448.0098 -3478.7861 -3511.4778 -3550.2622 -3586.8696 -3617.6511 -3646.9045 -3674.0513 -3698.6665 -3723.2319 -3748.3123 -3777.4727 -3812.051 -3842.2134 -3868.2629 -3897.7251 -3923.4863 -3937.8433 -3949.0229 -3958.8401 -3964.1343 -3970.9719 -3976.4819 -3978.6418 -3978.457
-2275.6777 -2254.8975 -2236.5413 -2220.8127 -2207.7668 -2199.3247 -2199.1606 -2203.4878 -2207.4185 -2210.4785 -2219.656 -2237.0925 -2259.7041 -2282.3347 -2304.2717 -2321.2053 -2335.0928 -2347.3735 -2359.9092 -2373.5552 -2389.2083 -2403.572 -2411.8225 -2414.1257 -2415.3716 -2419.1982 -2422.6309 -2425.8206 -2429.9302 -2433.5657 -2438.084 -2445.3115 -2454.6055 -2467.3591 -2486.1685 -2508.6543 -2533.4656 -2560.4729 -2583.3755 -2599.4048 -2612.4871 -2624.9673 -2637.4619 -2649.7656 -2664.8083 -2686.9148 -2713.8525 -2735.5908 -2757.0637 -2790.0356 -2825.0598 -2853.9797 -2888.8218 -2925.2251 -2951.4421 -2973.95 -2996.668 -3011.8276 -3019.2742
-1953.9624 -1914.0548 -1876.2278 -1837.0459 -1798.277 -1761.5234 -1728.5092 -1697.663 -1670.0127 -1648.439 -1635.3094 -1637.8979 -1662.5355 -1695.0845 -1721.7665 -1740.1254 -1759.8591 -1787.5641 -1816.1753 -1835.3989 -1847.6833 -1859.4547 -1871.0439 -1877.8181 -1880.8043 -1883.796 -1889.4546 -1902.9392 -1918.8783 -1928.3011 -1928.6768 -1923.8118 -1919.6882 -1917.3502 -1913.8579 -1906.8518 -1899.1394 -1893.153 -1888.5519 -1884.301 -1876.9758 -1869.223 -1862.1003 -1850.6616 -1834.6558 -1817.0975 -1790.027 -1750.889 -1714.1658 -1692.0671 -1672.9607 -1654.9877 -1650.423 -1655.4792 -1658.7183 -1659.1885 -1663.7462 -1668.9763 -1672.9601
