Resources/Map/Lvl0_30x30/Ele_BH.asc
ncols         335
nrows         335
xllcorner     3405000
yllcorner     3325000
cellsize      10000
nodata_value  -99999.0
[rows 87 to 115 of 335, columns 64 to 127 of 335]
189.964 220.2911 236.3429 229.25 245.0562 213.8323 227.8481 227.5827 209.5089 204.904 198.8864 179.1246 195.8126 211.11 206.0271 176.9763 186.2257 191.0809 178.4494 145.8508 182.8313 195.1624 193.0506 214.8497 191.7443 187.2446 162.9392 189.1919 177.5401 168.8902 157.1187 118.8476 165.9876 108.235 109.9446 119.55 138.3639 154.3454 141.5385 148.1729 142.0675 140.2804 138.8271 138.9093 136.3583 142.3649 136.9429 132.7095 141.8767 135.0228 147.024 149.9779 155.3022 153.2505 150.2875 154.4527 147.9423 152.4833 160.3686 163.657 156.913 159.4667 169.1703 168.7142
179.198 213.9158 216.9872 218.4284 219.8336 227.5617 219.0802 193.0739 193.313 205.3229 159.2063 177.9534 212.6962 201.289 197.4981 171.3192 204.8688 177.2677 170.229 149.3408 173.4941 158.2881 180.8281 205.2697 196.4729 204.4491 178.1398 180.5813 139.1848 171.2739 122.2957 145.655 144.6049 114.3533 109.5656 112.7103 145.4977 133.6774 144.5213 140.4027 135.89 146.5998 142.2045 139.3258 127.9549 138.0561 119.6154 117.8611 129.43 142.6149 145.4844 153.1316 158.9689 164.1072 158.345 152.9687 136.679 151.3329 147.5754 153.6221 140.3284 155.3669 154.4793 167.419
220.4951 210.3329 200.2311 220.5163 222.6481 238.0191 235.4738 212.2664 190.5529 190.9315 176.4 210.475 205.2395 199.0741 169.2594 163.5843 203.9581 212.5535 185.9419 164.0646 176.2859 207.0885 188.5082 208.1644 227.1802 209.9428 195.8518 194.8229 170.748 164.4765 152.9526 98.5434 143.1438 114.618 109.7252 138.0954 167.4496 155.7021 150.4271 144.5162 154.8858 147.181 149.3382 138.5144 138.8531 131.7399 106.6518 135.6794 132.4066 147.0244 134.3583 149.99 157.1474 155.6684 161.5044 140.8974 134.0689 125.4325 116.8496 138.8466 156.0121 161.1157 159.941 167.882
203.1124 222.4689 232.8306 213.5556 201.943 210.1485 220.4575 201.6012 212.3486 190.6348 176.3349 208.6151 200.9698 195.1816 188.8413 167.4053 208.6617 204.9521 191.8476 178.1548 182.1604 209.8758 228.2699 173.3161 182.3671 148.7711 178.4275 194.3318 160.9072 135.2011 122.2993 125.5876 140.0672 95.0239 121.3992 146.8885 130.422 144.2264 145.741 149.1371 147.3156 154.1522 157.5982 132.4606 126.1179 114.861 120.2428 120.2126 131.1254 133.5158 151.5055 155.0972 152.4984 158.6702 149.8072 143.7977 120.2797 121.4235 153.6237 160.4224 148.479 156.7403 172.3003 165.9617
218.2751 219.4143 174.8465 185.7252 203.3759 228.3056 229.5259 231.1438 213.1429 179.2052 217.7394 206.848 204.2756 200.5681 189.3141 204.2224 195.9012 216.9426 211.0609 177.6579 183.6082 190.5219 223.988 181.1489 181.6826 180.9834 174.0278 123.9187 173.9283 135.7687 113.31 144.543 90.117 100.4662 131.6457 137.5194 124.8642 143.1037 119.3287 143.3866 152.5916 147.0907 154.1808 131.8295 147.3332 139.3094 100.9827 134.3518 144.8708 155.4998 157.1367 150.3474 153.0636 163.6708 140.4636 138.1329 141.7209 119.471 152.8005 154.1886 145.6411 146.8722 170.3651 171.275
152.8539 176.8287 214.6659 232.4508 206.8429 245.0888 237.623 212.8867 200.6579 215.7274 211.0503 216.0739 218.5123 207.2593 204.4119 215.288 224.0756 223.4182 190.5036 215.2755 200.4538 200.9237 192.289 216.6397 217.0208 195.3542 174.7276 161.5834 154.6647 120.2146 105.6119 147.0217 101.3751 97.6257 122.8751 126.873 125.5318 112.4609 127.4356 135.8652 156.6848 160.1964 158.0904 156.3133 156.1496 152.4801 103.0806 123.6662 148.8844 147.3127 146.4714 146.4038 144.0598 161.7455 147.3493 131.8235 143.4944 118.3521 169.6566 151.2149 140.0163 159.5641 172.7034 165.2999
197.4928 167.8477 170.8105 176.7668 193.8604 230.8139 220.7674 238.4901 241.5712 226.2326 196.4681 199.429 183.2214 212.3696 198.3491 196.4425 206.9089 212.405 208.1044 206.8548 230.9064 230.4231 150.8283 171.832 180.7162 162.6688 128.7529 132.288 135.0483 155.1239 107.44 99.4589 105.4701 106.5667 120.707 105.1267 102.6604 128.1648 146.7104 156.0642 163.767 152.1627 155.0717 134.2466 155.7663 116.378 105.7726 137.3535 135.4427 141.5042 142.4142 145.4229 154.1224 148.8166 126.489 132.5596 149.9497 99.0639 152.9895 151.6244 110.6613 126.4719 161.568 164.4956
210.0269 196.2196 227.0193 184.3218 175.5477 231.1293 201.7333 246.7839 227.925 232.5422 196.7847 187.6429 186.0796 155.0965 193.8636 171.8532 187.0794 185.1892 223.8698 191.2339 191.2004 224.9857 209.7042 190.7498 136.3276 190.1058 184.7932 166.8549 158.7704 148.6293 90.0918 127.7441 119.8112 134.4622 126.7109 129.916 128.0418 135.5381 147.5383 151.2491 152.0193 153.88 146.9006 139.0375 109.416 143.8399 100.6127 128.2168 113.7348 142.0729 148.2651 128.5844 153.68 135.28 109.579 141.541 148.0121 110.4017 156.4213 157.4826 115.9914 162.4686 155.6908 149.9271
241.4407 247.2697 202.4349 198.1393 179.39 173.9395 200.0935 187.7773 203.4441 209.4287 206.6485 193.3083 214.3093 180.7894 188.6181 157.345 154.3035 207.1263 165.7535 147.1459 175.537 232.4452 197.2498 223.3694 196.7403 195.157 203.7855 206.7465 198.0194 191.0921 96.0866 127.018 134.1085 116.6951 117.542 113.9009 123.9969 130.4425 138.5239 132.8663 140.8016 141.4424 140.5632 149.1167 108.5248 125.39 108.4023 122.1244 137.0395 133.0543 140.5452 130.7484 147.4158 100.3628 116.3461 131.5322 150.1597 92.8759 144.7402 155.6747 109.1382 172.0956 182.8435 111.1088
190.6123 222.8161 241.4111 223.4391 196.4325 183.071 209.3306 209.7958 227.5803 220.003 227.7931 208.452 208.3625 176.3018 150.979 140.3349 131.721 162.4948 151.6754 193.7077 209.5766 226.4735 188.7328 205.7269 164.3247 191.2434 160.4034 193.1961 144.7426 189.4498 171.5423 91.0971 138.7339 130.2947 110.7888 106.2867 123.0185 129.0112 102.6553 122.7304 130.5261 134.0941 124.4857 139.4209 133.8026 98.0578 107.8805 111.7327 129.2472 127.0555 133.0516 129.972 92.2531 108.1564 136.1139 146.2469 127.5698 88.7859 130.2878 133.843 104.344 105.9833 98.0384 91.2096
165.8097 211.7905 223.3255 233.8023 213.7044 196.4779 231.2614 225.7061 245.9977 251.9823 224.2039 223.1792 215.1674 217.8298 209.961 192.8353 165.4467 129.2664 178.0441 182.3033 193.8946 149.0798 204.9357 163.1488 155.3489 198.3404 178.2852 195.5408 148.6287 140.3122 159.4787 157.2423 110.2072 132.8836 112.7223 108.7972 121.5476 130.9296 99.6689 126.7541 128.735 113.313 92.1296 104.3226 107.7621 109.8395 91.1337 142.787 149.056 144.6072 144.5758 146.9212 116.6291 87.1386 131.5648 142.3692 109.8775 93.8792 139.0526 99.7987 99.5367 98.7421 102.9186 99.7448
169.5559 198.3954 194.8295 225.7027 224.8082 208.7053 192.3568 228.6776 241.5194 244.7723 251.595 212.9563 188.4359 188.0765 196.6524 174.6613 164.4496 136.2483 168.9185 150.6118 152.2299 155.4626 123.6184 114.778 134.7193 165.3525 147.4294 136.6636 145.7451 133.5229 97.4411 96.5346 96.3369 102.4754 119.6614 132.9205 120.3343 118.6684 89.8915 118.8056 132.9654 88.5137 100.2234 122.124 138.9213 129.8943 116.1322 106.4061 115.4751 135.1367 170.4388 138.0073 119.9461 109.5378 84.4835 80.7588 85.0722 86.9844 119.2189 91.5117 94.555 102.792 109.0925 120.6942
216.7993 192.9992 179.8227 228.5131 220.6098 223.2542 210.6487 229.9178 232.7478 218.3222 213.6453 220.5704 211.0629 172.0439 197.3015 170.968 114.307 160.6973 187.881 180.947 181.751 176.1088 168.1257 192.761 198.1925 118.7173 154.6465 105.2397 102.336 98.3115 137.3827 95.5779 98.8277 121.676 145.9231 134.9102 132.4113 88.285 100.2 130.0766 131.269 91.6306 125.1732 142.9964 137.212 125.849 121.6221 128.6807 177.7428 168.5952 209.7478 186.1176 172.8075 137.9087 153.3661 130.5114 121.6441 77.4689 75.9865 135.079 84.966 99.6032 105.4214 117.1022
204.2912 225.6241 205.4806 195.1439 191.3864 206.3647 217.8063 224.9287 209.3612 211.0584 184.8571 206.6132 166.3866 177.5748 137.7388 145.9985 127.9694 194.8022 210.1632 208.9133 213.6826 208.8121 218.8673 205.4787 212.5662 206.2301 188.4203 167.14 181.5259 149.6057 161.5841 95.1876 109.5761 162.8667 145.321 113.7263 93.2665 103.0044 111.4182 137.1028 134.806 89.6028 109.9439 125.0453 134.6933 130.2142 139.9793 154.1378 157.9409 161.8519 204.157 184.1596 185.9295 183.8644 187.8418 173.2476 180.2687 160.8102 136.2754 178.991 155.695 135.9709 100.4339 99.9408
209.4532 216.8165 174.1011 167.9757 193.1178 199.0677 216.752 198.8378 219.9398 184.577 206.0567 209.9576 188.2718 197.3858 145.7892 125.0664 122.6345 186.2783 181.4548 184.5253 151.9352 152.1704 191.2764 171.6159 209.7585 172.3226 176.7186 180.37 180.9107 118.9574 83.8489 146.043 146.5143 162.8314 175.7456 156.0644 162.6108 141.0635 97.1572 111.7715 161.8351 113.2782 97.0695 151.9761 196.5955 190.2752 160.6017 120.9982 157.3747 153.6497 186.7477 205.3161 165.2547 186.809 181.9084 198.5931 202.8708 218.293 161.0967 140.3778 119.5357 87.5614 82.0472 98.192
192.0046 181.9198 174.4055 201.0498 161.7091 195.6546 203.9715 184.8795 200.975 184.7852 209.1489 217.403 174.2345 163.1421 192.654 199.4432 138.0948 129.7446 133.0204 195.3792 218.5368 144.6613 197.7717 107.6896 157.8171 153.6571 143.9337 136.6469 81.6311 120.0159 151.9854 128.6321 156.7074 186.8702 168.5085 147.5016 132.5607 117.2056 81.026 128.6114 133.6997 125.7934 183.1238 179.7133 162.2974 132.937 104.4551 150.5545 183.2121 178.5999 152.1938 182.0105 144.8559 196.2962 192.71 192.8944 194.8207 204.8025 226.5417 194.1528 177.9974 101.8672 83.5483 100.2556
161.4614 178.9761 201.5597 120.8012 177.4909 173.6743 175.6185 207.7718 150.1696 204.5507 204.8862 176.7 211.9632 213.9721 202.7584 161.2068 166.5775 183.0418 198.0559 165.4735 207.2519 212.7375 144.1663 102.375 102.141 149.9368 165.1977 99.8676 121.6163 163.4842 170.1382 183.3623 197.2694 190.0142 220.7771 200.167 167.5295 155.5864 142.5172 74.115 72.9006 123.3507 176.8875 205.2198 144.9581 92.7762 119.2683 154.9252 196.3615 200.487 194.143 134.317 167.1183 152.1157 199.4021 179.0281 216.47 195.0892 213.7993 173.5914 135.9023 80.8493 86.0498 100.1861
178.4914 151.7421 156.2921 129.322 139.8513 201.1394 157.0917 173.834 192.7204 197.3576 171.9285 199.0018 178.8849 191.6417 206.6909 200.1423 154.7914 202.5484 191.5936 147.0388 124.1548 127.5794 173.0539 197.6964 177.2345 141.4517 137.5843 133.0353 141.7305 170.1603 183.8867 168.0528 152.2625 183.7513 140.8324 190.6767 154.8887 186.1802 183.6858 94.8363 98.8229 87.282 127.3293 128.058 92.4502 117.7555 151.1371 181.2924 200.4651 166.4971 202.7253 116.3444 209.9494 177.3282 188.9662 196.2524 180.9057 193.6267 202.307 207.8561 205.5802 132.1799 74.0807 103.2557
191.1046 173.267 161.0532 127.3007 149.342 178.7532 142.0927 134.5778 184.1867 143.7608 162.766 189.5456 221.1769 173.8846 196.8965 174.165 95.4169 175.869 170.7106 176.8485 182.0997 193.2531 152.7332 184.8468 191.143 184.3255 133.7616 158.1343 179.4884 155.5902 170.638 138.1421 176.4895 166.4313 155.6547 150.0864 127.5173 168.9121 174.3685 185.3562 129.2932 94.2821 97.1689 91.3766 121.4612 162.9403 156.1978 206.4461 176.7715 112.2332 178.2315 143.725 169.2508 102.6914 148.8301 136.8077 145.3862 146.9604 156.595 186.7659 201.8876 158.4047 84.2818 121.159
191.4051 197.3341 159.8806 180.542 150.8178 131.3553 117.2457 132.8048 156.1451 173.6128 178.0687 154.147 154.0159 164.3282 178.8202 167.6482 107.1027 164.6426 173.0482 162.7032 147.4053 127.154 176.6368 162.5952 191.3447 185.9982 140.2816 115.4547 167.6366 140.4957 164.1292 148.4384 106.286 176.8679 178.1702 149.2648 102.6363 124.0068 152.3001 188.6514 143.7764 83.5584 104.8456 99.5999 118.9758 174.5202 201.0991 167.6579 180.6296 106.6483 169.9115 142.0226 93.2828 126.2424 164.8943 168.8698 181.0828 208.4586 152.6823 128.5015 129.0545 109.9276 94.9765 84.2243
145.6883 169.126 182.1006 197.5851 182.3969 152.9109 120.7786 123.6334 127.7979 130.7082 179.6752 189.4994 206.5187 185.1791 191.689 169.9379 176.0404 99.8682 117.6674 197.9726 190.4749 148.0879 114.77 182.0499 194.4321 162.5661 159.7736 122.9482 120.9969 137.0449 92.9684 91.9115 112.026 123.7349 164.6969 125.8912 84.6833 153.4196 159.6107 154.9859 97.4043 103.3719 105.392 128.756 137.7517 151.0627 142.6171 104.6513 180.6989 127.1774 88.6458 100.0107 153.1301 179.0119 155.6404 146.6956 190.6509 196.8073 192.3842 150.7855 186.0556 161.3051 105.2095 101.1454
151.301 138.5827 160.9034 191.0104 156.0068 151.4409 138.9326 171.4575 182.3959 183.7252 175.1676 149.442 178.019 176.7892 160.8032 166.495 117.1642 166.6458 127.4098 122.5452 97.0626 173.0874 160.9546 183.1838 157.2622 174.8795 201.1498 158.5212 173.2062 162.9243 136.0712 145.0667 153.1728 127.0396 71.3435 76.7336 122.5829 131.5884 136.0284 153.1353 144.0029 69.2581 124.5852 139.4529 144.2682 97.3469 78.4451 128.5298 131.8312 162.2317 84.5819 152.269 152.1799 119.0507 122.4806 148.5935 189.2066 211.049 191.7424 204.6649 148.8914 104.3832 155.7008 100.0783
101.2592 158.406 196.3542 146.0709 166.3658 106.9075 142.7432 169.6862 191.184 183.4999 205.8567 188.463 186.8126 155.8971 166.2195 151.16 129.2421 168.5303 137.4915 89.4641 131.365 160.5518 105.984 172.1904 175.2354 164.613 161.717 158.2493 156.5812 165.9325 168.8402 183.0111 153.9623 118.7361 84.6296 114.3703 97.7544 75.3521 63.4918 58.4416 60.3025 82.8451 107.158 103.0784 90.791 151.4811 63.9536 109.3647 119.782 123.8531 78.2753 122.8132 145.1785 142.0258 186.1996 188.0284 154.9128 166.8321 122.1175 173.8204 143.5502 125.4574 122.5309 122.2102
156.841 193.7314 179.3247 146.1199 173.0936 109.243 136.5485 152.939 159.718 183.0054 191.6294 170.7132 157.795 163.0262 132.0776 155.459 129.1804 157.2686 87.5504 109.4261 139.6054 127.6674 141.9319 146.8642 175.0606 151.8653 121.7956 163.7542 115.3166 168.8609 162.0451 129.7207 172.0231 160.8409 160.2137 135.8148 116.8019 148.2052 132.909 123.6553 127.7804 178.8807 155.1059 129.7054 154.1142 174.2007 135.4639 68.6239 80.6621 63.5607 84.099 83.3982 126.7213 136.4567 154.9216 171.7277 150.5292 123.3863 167.2855 192.5008 202.4372 181.574 175.5656 121.6873
171.1925 149.3958 181.9065 164.5112 175.8268 188.4411 131.1676 128.6009 143.629 150.4663 179.21 165.4742 155.8794 155.3674 124.5138 145.8411 90.9767 109.0115 118.6024 163.1496 158.2149 140.868 169.2187 163.111 164.1906 170.5991 130.6319 110.4106 106.8189 124.3525 140.6542 162.6504 159.5879 171.4857 123.2179 174.1105 162.9409 162.5504 139.5241 154.2145 180.3343 135.266 152.085 137.6809 107.6865 84.1905 136.2957 52.9732 62.2968 111.7375 69.0699 128.5119 128.9235 160.5623 181.3205 185.9835 110.2931 135.5819 166.0125 167.8665 199.1514 186.7478 165.9986 130.5875
112.789 118.9424 128.4333 134.138 99.1842 110.5402 105.8659 99.2929 147.2831 157.4855 134.5611 173.2009 157.4865 130.3092 121.0878 97.4555 126.8566 149.7491 167.7825 184.1906 157.4741 178.3084 150.5561 174.4365 126.3948 101.3461 110.4765 116.6166 76.6365 135.3811 128.5926 150.7507 144.7017 109.898 120.0541 123.9804 143.4892 177.8061 135.0493 144.5259 114.0865 94.3287 100.1731 118.0897 147.5228 132.9832 84.3287 123.1816 148.7575 163.9903 119.6444 67.5115 67.305 90.2616 134.6394 145.6133 97.1262 133.2957 147.5608 149.5874 189.606 142.5253 145.409 154.9627
150.2528 191.885 109.6321 143.0999 128.6478 132.1831 139.954 122.9826 140.7458 153.9703 144.6298 144.6625 152.3453 143.4919 111.1038 105.6493 118.1695 139.1558 156.4564 161.2997 126.5236 164.5048 168.7743 126.4902 161.1896 152.9509 164.3777 148.9729 105.0139 78.2612 151.4626 86.5054 106.6673 145.8516 143.8627 152.2384 172.2604 167.212 132.7842 113.3194 137.625 184.6705 192.6355 158.3036 154.2112 133.3366 114.784 156.5106 169.7773 123.7689 135.3565 137.5818 148.099 115.2093 72.9721 81.3039 138.5031 170.8639 174.3119 159.3912 182.4769 160.3143 109.6203 122.3114
84.1412 113.6001 102.5155 123.9716 129.0089 143.0141 150.6634 156.7633 153.7171 163.0948 165.293 170.4008 111.4784 169.8067 113.7938 129.5226 152.0977 180.7519 177.1989 149.5959 124.4321 159.6626 118.7386 135.3396 166.0784 148.956 143.7832 152.0336 135.4274 89.7857 70.2319 129.1792 141.5032 165.7541 146.9918 176.8995 172.9864 166.4051 139.2336 115.72 184.4201 213.1283 200.0111 169.4102 114.1787 108.4281 125.4323 167.9178 161.9465 186.9758 149.0866 180.997 143.3111 178.9668 113.4237 79.4827 85.6724 90.1453 97.3477 92.2453 106.3356 101.0991 93.2545 68.2688
113.2431 91.711 105.0325 124.3693 105.0301 139.134 139.111 145.1113 132.5632 153.7619 134.5517 176.9305 156.9969 116.4621 100.7045 118.7281 153.0865 165.5053 155.2151 164.7288 72.0038 137.5141 162.6373 174.6222 145.7418 122.1459 116.2105 166.9716 158.7943 154.5329 66.6577 127.5887 85.0163 133.4402 154.4462 159.3475 156.9746 172.6669 193.718 196.4688 204.2416 208.6641 194.2156 169.3127 188.0994 219.7847 221.7754 161.4418 134.1309 114.7032 136.1507 162.539 176.1861 139.7094 82.4139 62.8731 80.4237 119.2589 149.7842 140.6768 76.311 60.3646 74.8242 111.7091
