Resources/Map/Lvl0_30x30/Ele_ED.asc
ncols         335
nrows         335
xllcorner     -9995000
yllcorner     -6725000
cellsize      10000
nodata_value  -99999.0
[rows 234 to 259 of 335, columns 240 to 299 of 335]
-89.6546 -95.6767 -97.2018 -91.2488 -91.595 -98.298 -99.6686 -99.9803 -97.6738 -93.9313 -94.8263 -95.351 -93.0052 -82.8606 -70.8899 -82.5251 -109.6466 -118.8809 -117.8826 -116.642 -114.625 -116.7352 -122.8292 -126.0166 -121.9976 -117.2069 -119.0166 -124.8878 -125.1923 -126.542 -128.3673 -125.521 -125.0106 -129.6523 -134.3317 -135.5999 -137.8681 -141.9183 -146.7231 -152.4977 -159.306 -161.629 -160.5931 -158.6022 -156.7175 -159.0241 -167.7457 -169.6369 -152.9094 -146.6762 -160.5756 -171.1171 -167.0922 -166.5033 -172.5491 -185.3249 -180.0017 -170.8615 -154.0138 -149.1879
-80.376 -92.5773 -98.6472 -98.4737 -98.1446 -99.926 -98.2009 -99.8581 -100.9511 -99.0538 -99.6759 -103.0116 -101.0579 -89.1985 -81.8672 -97.9471 -109.5567 -110.7417 -109.9746 -111.0304 -112.2584 -118.3881 -123.836 -124.5339 -121.1037 -117.7095 -122.1228 -128.9947 -129.6828 -130.4617 -132.5354 -129.8687 -126.3983 -128.4294 -134.5916 -131.3295 -127.762 -132.9267 -146.9808 -157.3605 -159.3455 -158.4627 -155.3489 -156.5967 -157.9964 -158.6809 -165.9652 -165.8665 -152.6732 -160.8109 -182.5201 -187.7707 -182.1586 -186.5155 -193.6007 -202.9625 -193.1982 -179.0027 -167.9619 -171.3513
-72.2477 -85.889 -98.7671 -103.3051 -102.8615 -100.5533 -98.0459 -100.0144 -101.3066 -99.9502 -98.916 -98.3848 -99.5538 -99.7401 -100.3198 -104.8463 -104.5568 -100.8029 -101.4644 -108.3958 -112.4671 -116.7679 -120.03 -121.0198 -122.5803 -125.9245 -131.8953 -134.8385 -134.8403 -135.2091 -131.4738 -123.512 -115.9113 -117.0582 -125.6401 -125.1603 -120.7546 -132.2225 -150.0626 -157.6505 -157.3202 -155.3121 -152.1564 -154.3101 -159.0666 -159.5092 -161.8546 -158.199 -137.9572 -139.987 -179.404 -203.8557 -208.6846 -211.9949 -212.7053 -213.084 -194.6686 -178.2787 -193.7258 -212.0216
-73.1068 -81.9411 -90.5201 -91.0556 -91.9317 -94.6306 -96.6251 -100.1329 -102.484 -104.1607 -103.6151 -101.2378 -102.0472 -103.2778 -104.4081 -104.1996 -102.9899 -107.6141 -112.583 -114.9316 -113.9675 -115.4935 -118.5467 -119.9598 -124.23 -130.4885 -136.6693 -139.8215 -137.7089 -132.8204 -126.9244 -123.6356 -120.5302 -117.1408 -121.5401 -126.1133 -123.9753 -129.1539 -137.8491 -143.394 -154.4976 -161.8516 -158.1041 -156.118 -163.0296 -166.4982 -168.1238 -162.9614 -141.4215 -132.5856 -172.5266 -211.0917 -220.4889 -212.4956 -206.3883 -207.7545 -194.7676 -189.4066 -194.2992 -202.4796
-59.9372 -72.9506 -73.109 -65.659 -71.8151 -85.5895 -96.0037 -98.5519 -100.6715 -104.4467 -105.7681 -105.2496 -101.1836 -103.4309 -105.0587 -104.9741 -108.5095 -114.1408 -117.0228 -114.4138 -113.5005 -114.122 -115.6232 -116.9907 -122.5785 -129.5793 -131.5368 -132.2696 -131.414 -127.0418 -125.5337 -124.4626 -122.6536 -125.1719 -127.0594 -129.1096 -133.0824 -127.4508 -124.5731 -133.3842 -149.9455 -163.8708 -160.3816 -153.1152 -162.0742 -173.1024 -180.0598 -178.8398 -171.815 -169.9392 -187.9921 -210.4039 -215.6144 -207.3864 -202.2648 -201.2046 -198.5048 -204.5706 -207.2932 -208.2781
-50.1824 -66.5438 -71.2711 -71.6888 -74.1081 -87.1033 -99.1779 -100.7164 -100.9794 -103.9104 -104.7485 -102.1836 -98.0982 -100.5657 -101.3379 -100.1113 -105.7447 -108.8007 -108.0671 -111.6627 -115.711 -116.197 -113.4172 -108.0141 -112.1246 -122.5162 -118.7041 -112.7727 -113.3304 -116.9108 -127.0877 -129.2775 -122.5098 -127.9907 -139.3073 -137.8918 -130.5685 -126.1551 -125.1111 -133.7341 -148.9918 -163.829 -164.5693 -162.6202 -172.1675 -178.378 -178.4683 -185.3355 -185.1347 -180.0804 -184.9773 -204.1883 -209.9482 -202.4823 -199.8233 -197.7522 -201.831 -212.7528 -212.5325 -208.649
-54.8353 -64.3001 -69.3239 -77.7343 -80.1895 -90.2519 -98.4084 -98.4342 -102.4431 -105.0466 -102.3956 -98.8826 -96.7017 -97.9993 -99.1144 -98.1679 -97.3039 -98.3965 -106.1471 -114.3131 -117.9871 -119.7271 -119.6089 -116.8077 -115.0402 -120.6807 -120.7312 -117.9256 -120.8119 -120.1196 -125.8953 -137.4637 -139.7791 -141.896 -144.0485 -138.5352 -126.1362 -122.3119 -127.7427 -141.066 -153.7214 -162.5809 -166.1352 -170.0127 -176.1571 -176.9823 -174.6666 -185.4591 -183.7626 -175.0039 -179.2563 -195.9678 -201.199 -197.8723 -203.6672 -208.3663 -207.5523 -208.9657 -206.7055 -205.288
-53.1622 -61.2928 -64.0449 -75.2295 -84.0865 -92.8726 -94.7814 -93.5205 -95.9549 -94.2224 -93.0507 -94.8077 -93.4042 -96.2705 -97.8953 -97.3619 -90.9115 -93.7866 -109.7371 -115.5952 -120.4318 -124.0685 -122.0597 -120.3595 -119.0793 -124.834 -134.3505 -131.2334 -126.9429 -122.3944 -115.755 -128.105 -148.5632 -148.4293 -134.912 -134.313 -132.132 -124.586 -131.4654 -151.4916 -160.7218 -164.1889 -167.8999 -171.6148 -176.824 -176.9727 -171.064 -182.819 -191.0476 -191.1915 -191.005 -188.1552 -195.6942 -199.6309 -214.2997 -221.3248 -214.1786 -206.7931 -215.351 -225.3244
-51.742 -63.8374 -70.3125 -77.4535 -85.9041 -93.308 -95.8797 -91.706 -88.2222 -81.7411 -83.497 -92.0397 -94.4725 -98.3579 -97.6566 -92.6667 -93.9136 -97.3629 -106.6206 -111.7145 -117.239 -118.3974 -116.9504 -125.4843 -125.2972 -127.024 -138.3652 -139.5906 -128.1097 -111.3616 -105.6947 -121.8618 -147.5765 -151.9865 -147.1654 -151.3858 -145.3033 -127.43 -129.7033 -152.4846 -164.0369 -169.9409 -171.1742 -168.25 -175.3222 -183.7797 -183.9525 -195.776 -203.002 -201.4299 -195.8061 -189.6813 -209.9038 -219.1842 -234.4123 -245.0107 -238.19 -228.317 -234.4993 -249.7177
-45.5777 -56.8763 -67.1614 -77.6819 -84.512 -88.277 -89.8556 -87.1962 -84.7731 -84.6647 -88.3119 -89.3588 -91.7138 -93.0475 -88.3907 -83.1781 -94.0891 -99.379 -100.1172 -103.3608 -106.5073 -101.1283 -103.032 -121.0958 -126.2504 -129.5971 -135.6147 -135.8657 -122.0392 -111.7689 -119.495 -137.7411 -150.8741 -148.1399 -153.6366 -163.8138 -160.5655 -147.0435 -145.934 -158.9531 -167.3006 -172.2906 -174.0169 -175.9663 -189.6092 -202.7085 -214.0327 -219.3502 -215.8775 -216.7379 -212.9525 -213.3116 -230.8838 -234.8658 -248.835 -264.4724 -261.5455 -248.7435 -251.7239 -271.2693
-37.9623 -43.7002 -52.32 -67.8777 -80.1791 -85.1913 -78.777 -78.4707 -80.1312 -78.6873 -83.4068 -81.8507 -81.5393 -83.8956 -79.0475 -80.7813 -91.8625 -97.4033 -98.8791 -103.4898 -104.8115 -98.6894 -101.1166 -111.5225 -115.1401 -116.1134 -119.9679 -125.2966 -123.2352 -124.1675 -130.7877 -140.7456 -142.6433 -136.0332 -146.4569 -158.0997 -159.1537 -158.5399 -160.5195 -166.5102 -171.6958 -176.2682 -183.9866 -196.598 -211.3783 -219.847 -230.0121 -238.9553 -232.7093 -229.4329 -230.8951 -245.2625 -253.4984 -243.0955 -248.907 -264.5796 -258.6273 -257.1421 -266.7498 -278.5844
-28.6997 -31.592 -39.0048 -48.3147 -67.0872 -83.2553 -75.7381 -77.5755 -79.921 -75.9324 -81.1413 -82.1222 -79.7962 -85.9185 -86.1497 -90.2863 -94.8492 -97.9039 -102.847 -105.1755 -100.0584 -88.6768 -92.9077 -103.1797 -110.3651 -109.7736 -109.6337 -118.0749 -122.1624 -125.3477 -129.0543 -133.496 -132.0984 -129.7177 -140.7562 -147.6119 -150.3718 -155.8451 -161.7139 -168.6795 -174.9981 -182.5054 -193.1141 -210.4366 -224.3141 -234.9062 -239.2013 -241.5443 -238.6905 -238.9115 -241.8108 -251.6869 -254.6964 -250.9223 -249.7179 -261.4932 -263.6911 -264.8283 -270.6687 -276.5272
-39.0328 -31.234 -31.1094 -38.6342 -61.231 -80.8807 -82.2759 -85.7337 -88.0978 -90.1517 -90.4032 -91.4111 -92.0042 -96.8904 -98.1188 -97.3918 -99.2071 -101.5288 -106.6299 -104.3709 -93.1965 -75.6033 -84.2776 -100.1259 -111.1813 -114.9977 -116.864 -120.7854 -123.8989 -127.5882 -130.4888 -132.4343 -134.1228 -133.9036 -135.774 -139.605 -145.5792 -153.56 -162.7579 -170.7152 -179.2405 -189.7278 -197.2622 -213.0084 -223.459 -231.3271 -233.827 -237.4049 -243.5306 -251.7843 -257.3897 -258.3669 -258.2247 -264.0522 -263.8294 -271.5062 -279.397 -277.8027 -277.5907 -281.3058
-66.4831 -52.8581 -38.2812 -41.1376 -59.2191 -73.0602 -80.0513 -85.2649 -88.6203 -91.1321 -91.4635 -92.519 -95.6982 -97.6361 -97.98 -99.316 -101.9659 -102.3531 -106.0056 -106.5993 -106.0588 -104.3092 -106.9296 -110.594 -114.3915 -117.1146 -120.3187 -122.427 -124.5565 -127.6242 -129.5749 -132.1029 -133.5623 -134.1027 -136.9483 -141.3076 -147.794 -156.8096 -166.9664 -175.0878 -184.4762 -194.5034 -202.4076 -213.6897 -225.0987 -231.9586 -235.4684 -243.0221 -251.1788 -261.303 -267.556 -269.5036 -270.9575 -275.3854 -276.4631 -283.7059 -291.9716 -293.464 -291.3697 -294.3754
-68.1121 -70.9771 -61.3538 -52.4935 -59.4671 -66.2841 -71.9386 -77.0902 -80.615 -81.9677 -83.1064 -85.4641 -86.6695 -89.5675 -91.7411 -95.4102 -98.861 -99.115 -102.2573 -105.6057 -108.05 -110.0783 -112.7169 -115.0076 -116.5793 -117.902 -120.5409 -121.8842 -123.4456 -125.4138 -126.2422 -128.1328 -130.3732 -132.3951 -135.8631 -140.7711 -148.2413 -158.1177 -169.1098 -179.6043 -190.9504 -202.6861 -214.9692 -226.6112 -236.4476 -244.397 -251.0156 -257.7352 -263.1618 -270.0762 -276.7596 -281.7481 -285.699 -289.3506 -291.0552 -295.1668 -299.5677 -301.0405 -302.4089 -304.0848
-50.8843 -67.3453 -74.6601 -70.1583 -71.3733 -71.67 -72.9921 -76.4743 -80.1549 -80.2654 -80.2636 -81.9164 -81.1569 -85.2938 -89.8919 -91.4591 -96.1872 -97.8931 -98.2747 -101.319 -102.5932 -106.5592 -110.9848 -114.0332 -115.1556 -115.7022 -117.4084 -120.0979 -121.6734 -121.9092 -125.3543 -127.2697 -130.0037 -133.0357 -134.6172 -137.3869 -145.0435 -158.9389 -173.2476 -184.0568 -197.1975 -211.4645 -224.2953 -237.8985 -244.9083 -253.9694 -265.7 -272.2483 -273.196 -278.7216 -288.6589 -298.7904 -304.0269 -304.5831 -304.6599 -304.4022 -305.8906 -308.9329 -313.351 -316.3182
-32.3868 -50.8518 -64.5139 -69.1615 -74.2847 -76.3408 -77.8832 -79.4285 -82.3663 -83.96 -84.4857 -84.4634 -84.4968 -86.8048 -92.0625 -92.9633 -96.8818 -94.599 -86.3943 -88.202 -95.2157 -107.6644 -111.9657 -113.7458 -114.1606 -113.1541 -113.7248 -117.4966 -117.8789 -115.9948 -120.7105 -124.5096 -128.1252 -132.5039 -133.7563 -135.586 -146.2303 -163.7112 -178.3033 -185.8678 -198.0351 -210.3829 -215.5072 -233.5251 -251.4053 -263.7219 -271.9666 -276.7492 -282.3877 -292.6871 -305.2618 -317.5923 -317.527 -313.6683 -318.1258 -315.3135 -314.8638 -318.4697 -322.5525 -325.6394
-20.0083 -35.7338 -48.2573 -52.8207 -61.041 -69.9082 -73.6578 -75.3433 -79.2547 -81.8928 -83.4629 -84.0034 -86.5902 -89.7135 -92.399 -91.2742 -94.0155 -93.2821 -85.8323 -85.8922 -96.44 -109.9503 -114.7695 -115.3607 -115.141 -115.0311 -115.0759 -117.7593 -118.8512 -118.1672 -116.6286 -118.1672 -125.5337 -130.2063 -131.7665 -137.6377 -151.1333 -164.9181 -172.4107 -177.1968 -186.349 -196.0706 -203.533 -229.783 -258.758 -263.0131 -261.8656 -275.3515 -289.7932 -314.028 -335.9025 -348.7812 -339.7281 -325.4815 -335.2804 -336.2109 -330.1671 -331.1964 -333.6807 -334.7177
-13.1606 -27.5096 -36.84 -38.6714 -43.8138 -56.011 -64.9207 -71.4927 -75.235 -77.8066 -79.8632 -82.0515 -85.1727 -89.4907 -90.6587 -89.4907 -94.1602 -97.5253 -96.6128 -94.7612 -99.0876 -106.1492 -109.6862 -111.3996 -112.4802 -114.0461 -114.7303 -117.0638 -121.3837 -122.7041 -118.7956 -118.4593 -125.4916 -122.6576 -122.607 -135.7705 -146.0259 -149.3772 -150.5554 -158.3112 -172.2559 -188.8327 -211.7001 -239.0248 -253.9307 -253.1319 -257.1581 -281.529 -297.1869 -331.3803 -363.6124 -372.9652 -365.2294 -353.3537 -357.1311 -357.6308 -352.3116 -347.0649 -345.9337 -347.5291
-11.0348 -21.0511 -27.8429 -31.7035 -37.1169 -47.6274 -59.8741 -66.6901 -71.031 -76.4105 -76.8911 -79.8466 -83.5871 -89.5591 -87.8527 -86.9109 -93.2719 -97.8354 -100.3364 -98.6609 -99.1726 -103.1104 -104.6138 -105.4745 -108.1754 -111.0254 -112.2539 -114.0716 -119.1358 -119.717 -117.9526 -122.6656 -128.5692 -123.7904 -123.733 -134.8326 -139.7246 -139.7946 -144.0839 -149.2414 -162.5719 -186.7283 -213.0638 -234.3424 -247.498 -264.9955 -282.0175 -304.5667 -323.8319 -352.0896 -377.744 -385.0351 -389.8921 -390.9932 -389.0044 -382.5864 -379.3392 -373.042 -369.4862 -373.4352
-7.5232 -13.6665 -19.5373 -26.5604 -34.2353 -43.9897 -59.0015 -63.7463 -66.0189 -72.7876 -75.9853 -77.4636 -79.9157 -85.1322 -83.207 -81.694 -86.7984 -89.0715 -93.2296 -98.4859 -101.234 -106.5107 -107.4635 -102.4288 -102.7106 -107.8626 -110.5262 -112.8487 -116.0481 -116.1968 -117.042 -122.5098 -129.4337 -130.5116 -131.2911 -133.6521 -132.6716 -140.8985 -153.0205 -151.8221 -153.7074 -170.5873 -194.5864 -222.8146 -256.4446 -282.9348 -306.0323 -328.2687 -352.8171 -379.1755 -397.5989 -408.5358 -419.6643 -424.4503 -426.7905 -415.2965 -394.453 -394.8672 -407.1609 -408.909
6.4125 -5.2649 -14.1994 -22.338 -29.9988 -38.9782 -53.2655 -62.2248 -65.6458 -69.3056 -72.4016 -76.4301 -78.0708 -79.7807 -78.9712 -74.9998 -82.1681 -85.5714 -84.4794 -91.6292 -98.0997 -108.8673 -113.9772 -106.4287 -108.4128 -109.3441 -107.9035 -110.1734 -112.2054 -114.955 -119.0414 -122.3222 -126.7237 -130.5126 -132.211 -133.4874 -132.5668 -138.6467 -145.8044 -146.2707 -148.8268 -146.3972 -152.5294 -190.4588 -238.9928 -274.5159 -307.0129 -336.9739 -371.6548 -399.7726 -415.6581 -437.27 -453.4927 -456.5956 -456.1608 -450.975 -432.8121 -430.2918 -443.6692 -441.7949
19.9228 3.0396 -9.0497 -17.1108 -23.7913 -32.6307 -44.3339 -56.2223 -64.7465 -66.4863 -68.1347 -72.9705 -76.8252 -78.4946 -79.9845 -77.8786 -84.5761 -90.1352 -87.775 -85.9642 -88.9429 -99.7441 -109.5739 -112.2445 -115.1381 -105.808 -104.0837 -109.6757 -112.6519 -115.6784 -117.775 -119.5935 -123.6565 -127.9583 -130.1723 -131.9316 -132.4716 -134.7277 -137.6604 -140.1322 -144.9234 -140.8982 -137.4485 -159.4772 -195.3005 -234.0762 -272.7022 -326.4749 -378.8547 -423.0903 -440.0462 -465.4084 -485.8093 -488.5035 -481.9591 -478.6624 -479.7819 -465.2747 -459.0135 -461.6254
14.4317 9.3671 -3.8025 -10.6033 -16.6906 -24.3432 -35.2081 -45.593 -57.6477 -65.4417 -67.6313 -69.7709 -72.9489 -77.0195 -81.8012 -83.8881 -87.0786 -90.077 -89.5363 -87.1561 -89.1613 -94.7076 -102.8453 -110.9095 -109.7603 -98.9432 -99.2445 -104.57 -105.8424 -109.9377 -115.512 -118.928 -121.6233 -123.4722 -125.5994 -129.323 -129.9949 -130.1871 -134.3113 -137.9864 -136.9515 -139.4518 -144.1652 -151.951 -163.6169 -185.5765 -224.3015 -309.3996 -387.9596 -447.1122 -469.5538 -495.7819 -518.6949 -518.6947 -514.5815 -502.5437 -498.2246 -468.1279 -453.9749 -462.0836
27.1554 10.1581 3.5354 -5.1313 -10.3822 -16.6311 -24.3311 -33.4072 -43.8882 -56.3888 -65.9664 -69.0457 -71.7549 -74.3384 -79.5433 -81.687 -82.1208 -85.5181 -88.0521 -87.1265 -89.8008 -92.6024 -94.6232 -100.7675 -100.0365 -99.6591 -95.8796 -88.5941 -89.3332 -98.2422 -108.4981 -115.7569 -117.9768 -119.8461 -123.6362 -127.2514 -128.573 -129.1922 -131.3825 -129.7506 -129.1184 -138.9255 -146.5956 -156.8782 -164.9913 -166.4262 -195.3135 -282.8155 -389.3218 -461.6505 -495.1621 -523.1362 -544.0316 -546.8221 -541.7701 -521.8704 -515.9003 -476.0197 -447.0708 -443.7644
14.9932 20.0739 16.4594 10.0636 -1.4449 -8.7535 -14.3435 -21.2908 -29.041 -40.7322 -53.3005 -64.9905 -70.6698 -71.853 -75.3138 -75.426 -72.2395 -78.6786 -85.3879 -86.3869 -88.2718 -89.0366 -90.3919 -96.5233 -98.2522 -100.777 -96.3088 -89.2225 -94.2646 -102.5432 -107.3372 -111.8352 -115.0556 -117.6331 -120.5225 -124.2442 -125.9889 -129.2756 -131.5624 -128.3481 -132.6072 -142.5193 -143.4703 -154.5741 -157.5173 -142.6931 -162.2098 -250.8994 -375.5256 -461.8586 -509.9985 -542.5547 -560.3201 -566.6472 -561.5231 -543.6697 -537.4481 -508.7527 -477.1815 -447.2722
