Resources/Map/Lvl0_30x30/Ele_AJ.asc
ncols         335
nrows         335
xllcorner     10105000
yllcorner     6675000
cellsize      10000
nodata_value  -99999.0
[rows 232 to 260 of 335, columns 0 to 64 of 335]
46.3569 125.5382 446.3809 597.0372 406.1866 382.7568 746.822 563.9824 777.4816 844.4868 792.9854 980.8773 883.3458 904.603 988.699 271.2113 661.8867 969.2335 984.866 1078.9021 1242.1228 1149.9177 1094.7537 1054.0548 933.7745 1186.2335 1087.1859 1369.7834 1328.9529 1049.9496 1261.8853 1104.1929 966.1569 755.7305 508.3156 1037.8684 1140.3894 842.3176 703.2875 1021.1699 1057.1755 1196.6791 1263.27 1315.7028 1373.8459 1344.9849 1390.6897 1415.2428 1360.4291 1355.272 1462.7136 1494.6917 1366.4628 1383.1464 1476.373 1356.9789 1536.2532 1492.506 1193.8414 1427.1125 1171.6388 1020.34 1060.0275 931.7919 814.8627
394.9389 70.1024 462.8634 922.5684 821.6057 441.0194 855.9426 645.9765 92.7774 121.256 503.3299 312.2781 664.1104 750.8902 842.6464 651.9141 684.7879 893.0486 1025.0809 1107.175 1070.3519 976.1447 972.613 1138.1589 1136.1431 1228.2083 1273.4114 1180.5253 866.126 818.9672 953.2889 1045.2589 869.4069 1089.2926 1151.9247 1060.9761 540.2168 578.2217 585.5527 770.2026 1025.7775 849.9395 1082.913 1214.3564 1180.3812 1295.7249 1196.3925 1165.7548 1130.8414 1361.5171 1397.6173 1454.0964 1332.9877 1205.358 1239.73 1014.674 965.0417 973.6107 904.3895 913.1818 956.8185 1099.3628 1199.7327 1264.1923 1140.8485
749.4676 580.0381 131.7908 514.7973 222.9459 97.8985 167.2166 477.3515 833.2863 664.7633 629.0333 885.6777 327.0022 968.2376 560.8608 863.47 799.0339 940.2375 1142.4084 1023.2884 1140.7341 1057.2527 1050.6813 1139.5114 900.2241 883.2451 1114.1755 1157.3588 1098.9138 1188.937 1031.6321 929.168 989.325 1067.8849 696.7381 925.778 1081.4484 465.1067 577.1705 648.0851 716.5175 519.5302 752.2057 1165.6901 982.4555 1217.778 1126.4238 1083.8406 770.4575 898.0396 1179.7784 1315.2789 1197.0748 1237.2357 1328.228 1333.7244 1339.575 1354.9834 1081.1383 1142.0847 1093.6848 1051.0062 823.5267 1064.6633 1045.4049
96.5744 133.9435 144.3138 606.9985 736.0663 700.8554 528.5411 147.9096 165.3364 622.3148 746.0163 658.5485 789.8898 888.3419 825.6796 945.9788 773.6032 1045.9584 461.8066 165.9286 260.5044 813.0629 1082.6006 1204.9139 1109.135 895.7874 597.2158 1000.6616 1178.7626 917.1118 1077.0377 1079.656 1103.418 1046.808 1193.7834 1126.6803 1077.2141 525.2231 615.9318 549.5364 728.3548 762.5137 919.6946 1068.9698 1072.2572 1257.2321 1236.7937 1254.5648 1396.6339 1364.5382 1189.7535 1366.5646 874.5779 698.9858 928.6497 962.024 981.538 1272.7958 1203.8394 1168.8037 1278.5839 1309.6768 969.1823 1130.4341 1037.4351
519.2549 613.0927 541.181 650.8201 659.0609 257.2918 174.461 853.8232 825.8978 174.8149 330.8408 362.2611 242.9561 116.4743 562.4026 1115.4492 940.6913 1130.8705 1182.0039 1185.9158 1050.4423 1040.7616 872.5764 856.5712 652.8234 663.9594 731.6427 705.5621 640.6887 652.9007 500.8567 698.7524 959.2711 1145.5696 1127.4612 1021.3347 673.4104 606.1837 1002.3218 1218.3656 1221.4099 1159.4147 1153.8612 1136.0531 762.8034 1143.1687 818.6551 963.6151 1295.8711 1269.8073 1002.0835 1314.5737 1398.0629 1351.8876 1294.528 1269.6047 1120.0847 845.4208 632.3405 775.6363 963.8157 1219.8406 1004.5595 1259.377 1320.1053
193.8824 424.982 343.8987 510.7859 749.9589 726.325 930.3254 675.6973 739.8538 701.3032 267.592 212.9961 972.4293 853.7853 964.5302 812.4844 405.2865 891.7838 998.944 1034.6029 972.7799 883.4611 985.2697 1131.339 1010.2135 1157.8413 1025.6306 988.0485 1011.5463 1159.9011 1137.7631 877.7687 1006.7398 466.8079 888.4842 1106.2296 720.4312 687.8502 1160.3508 1004.6695 1204.4758 817.4896 1212.2467 853.7224 470.3846 937.9161 739.5962 1081.9124 1275.4827 1286.5626 1291.7479 970.8156 644.3605 906.1671 1336.1309 1288.6532 1441.7299 1375.6882 1307.0291 1391.92 1100.3684 727.0413 505.0773 498.5396 526.5894
321.3594 144.2903 129.2997 388.6929 424.4713 620.633 693.678 699.9838 94.7659 589.5921 836.3298 722.0477 865.7387 900.3281 905.8568 625.4564 878.1405 382.235 754.7703 769.4937 1014.0082 933.9067 931.0794 923.0808 945.6033 1069.5052 992.6059 892.6433 926.8315 1104.1395 1071.7054 962.0842 474.7415 612.2803 1076.2773 1032.7448 384.5499 880.7249 1081.1667 847.0952 1167.3175 1062.3835 570.2087 581.3671 1069.7589 1238.5524 1151.488 1028.2268 1100.6986 927.0831 1258.3331 1243.8115 1145.0223 1014.0613 811.0662 563.6155 634.9136 615.6929 1199.6614 839.5107 920.5686 1138.1285 1137.6592 1168.551 1042.8888
777.1784 825.7339 942.1172 591.955 494.5388 626.8165 365.9115 424.9314 111.2209 684.4213 321.2589 590.6199 968.1091 725.6936 605.5338 226.7801 899.5444 493.4985 438.3664 917.8038 703.6346 616.4877 691.3583 893.5619 883.8964 855.8461 1007.6577 1085.3506 1014.9789 923.4853 929.8217 986.7333 886.4287 1076.1989 895.2422 1032.7457 772.5184 503.756 493.7278 922.73 1016.1881 1030.0773 533.8469 294.6544 364.3237 408.9003 473.3843 493.6687 721.2687 1174.8096 1155.5184 1205.6801 1288.0472 1280.645 1334.3613 1245.8605 1243.9095 1165.2639 1281.442 1256.5896 1236.5701 1235.0471 1333.8728 1256.6581 1153.3663
621.0571 574.6868 715.081 451.8181 261.1588 805.1678 591.8828 245.2653 64.7602 702.9926 652.2866 701.2384 695.551 99.7626 215.2894 681.2944 767.3195 979.8835 982.4115 596.9875 357.3057 260.5848 264.7711 263.0718 817.826 447.8998 133.5537 142.3922 162.98 733.6956 278.0234 931.9808 886.9871 1084.574 745.4278 1130.8217 803.5149 496.8991 186.2239 858.4149 789.1821 663.9309 1093.9259 742.5469 1023.2823 982.5776 992.9825 1174.4863 1176.4801 1158.5876 1133.4596 1171.3569 1099.3236 788.0923 1146.1447 1247.1523 1106.0093 1045.6234 977.3609 1124.9503 902.1254 1128.7963 1179.9303 1060.1938 1006.1481
60.8626 65.035 57 57 132.7582 527.7037 443.2556 144.3504 134.873 57.4098 57.2543 70.9074 120.8398 552.4263 723.5787 689.0646 640.7688 884.8019 645.8491 878.0165 663.2039 688.4891 688.1514 497.6955 183.7303 861.8718 989.6626 1057.8173 1016.1787 995.6706 971.6651 850.9305 684.0664 949.3658 717.2699 170.6895 162.9812 152.9952 224.4734 820.6545 1047.0496 1124.9489 1086.9285 1105.3196 1058.0166 1040.8977 1140.3521 1140.9164 946.037 733.9479 1008.6726 1069.4882 530.5621 930.0275 1083.1849 1250.0458 1041.7378 728.7376 601.1313 1123.4177 755.9839 822.512 1042.5723 1104.9409 1044.2041
219.6469 53.7866 73.2502 169.1724 182.4136 255.5602 720.6236 881.6475 814.4003 876.1735 823.183 716.4442 607.3828 861.6013 856.2897 730.5878 623.5578 865.7473 726.427 619.8963 494.2946 290.6108 422.9894 763.5255 589.0978 922.3764 838.2115 948.6272 986.4264 796.1194 761.4586 568.8563 562.5994 686.9011 840.7394 904.4568 911.9033 829.8107 801.9009 217.7264 938.978 1047.3774 982.3235 886.638 944.6714 1081.5161 967.7468 686.7572 962.663 1119.1302 965.5341 395.044 711.4025 1046.6324 911.9377 1091.094 1120.8954 902.55 838.922 946.569 533.8853 642.6039 916.3924 825.4188 715.4925
383.0699 170.7495 581.946 662.4285 572.4979 831.7969 666.8951 560.0035 274.2937 335.3159 548.0912 672.6592 581.8746 515.5733 637.0811 635.9844 565.4631 611.2824 675.8685 670.5756 615.7012 276.5953 135.5655 603.8668 670.2377 826.9233 990.7492 990.6395 698.4777 795.4976 931.4246 966.8597 727.3505 878.3426 902.105 840.7047 991.0932 763.5259 950.6438 680.7122 299.8958 675.4738 756.6645 643.6988 745.9146 955.4897 988.3909 1122.0269 1109.7133 1040.0719 628.9413 658.3457 990.152 1072.0778 833.614 1070.7737 908.6327 836.3604 952.6516 980.7059 900.5069 526.9919 897.7275 965.8299 943.4458
747.7228 645.5142 317.5137 667.2951 744.8718 823.7004 894.6898 702.1437 783.1246 402.6219 553.2271 709.1188 720.6388 480.3096 516.1431 484.6393 512.9198 690.5827 595.86 431.5768 108.7852 441.681 808.9838 659.6687 709.8201 845.5457 1006.8877 931.0638 710.4514 969.4343 720.9496 714.6232 1041.9198 1058.182 921.3431 820.7909 744.4918 555.4435 714.727 666.9143 264.1539 493.6206 608.885 767.678 920.9744 1006.561 1029.1396 1128.7615 1017.2473 851.8959 656.6968 564.0416 532.9338 589.9774 713.8275 1064.9628 910.2076 860.2784 740.811 977.277 843.7252 600.2423 731.9635 711.189 835.8293
760.434 722.6477 609.4913 386.5929 293.8817 476.3985 642.8367 691.0895 471.0261 566.6599 345.4586 400.8436 648.3223 643.8005 696.2593 572.5663 245.6811 111.3818 311.9637 731.6065 640.531 773.8978 720.0735 671.4611 691.2761 764.8748 764.4477 646.0202 563.1605 562.3607 914.6021 987.3234 1048.3773 1015.293 1000.8221 973.0178 942.1044 787.4833 632.741 661.2403 684.9043 234.8929 504.3246 945.446 917.2255 986.5035 994.2994 918.4191 796.6715 713.4554 879.3851 800.6044 382.8931 776.3996 890.8352 880.1854 915.1978 898.7473 898.83 818.1904 771.9438 543.3189 634.317 709.9703 740.5391
586.68 556.9431 659.3849 664.1748 504.1118 386.346 547.6697 743.4603 735.6002 719.1002 679.4481 637.3394 650.7551 417.1493 126.9528 160.587 461.0196 458.1864 447.495 329.9302 414.8948 656.7591 798.1551 826.9667 628.1974 668.3063 672.9905 770.8823 558.9111 698.2529 880.6084 684.0574 976.3741 969.3942 909.6464 1017.0033 913.4282 962.4442 956.753 952.1325 765.5481 634.7283 250.9285 532.2654 773.3041 761.601 943.5969 858.4638 953.1829 1020.418 909.9321 975.3666 782.4107 779.1439 461.3642 404.4307 766.9501 872.9598 662.5977 862.8862 744.6813 826.6184 468.7267 640.8516 846.4663
668.1757 582.4566 553.4271 434.6061 482.416 415.4179 440.8652 364.9893 408.7455 508.4392 574.7624 496.9923 114.2241 356.8811 383.6494 488.2609 621.5108 665.0316 820.7198 698.8036 295.878 453.9195 301.4958 421.1774 758.6862 552.1104 791.9632 994.7349 743.6232 270.9694 697.034 992.4403 1026.36 996.6953 625.6057 871.4789 846.1021 918.3705 976.0563 756.8396 834.5532 884.1443 508.3897 278.2224 770.7579 757.2615 897.6502 772.9875 914.8921 650.2111 810.3106 831.2404 900.7737 770.9962 904.8761 760.9996 345.0962 677.2411 814.3691 930.5039 945.7465 728.9043 516.2884 573.6069 676.8229
649.0073 805.3296 776.7034 869.1905 816.8376 767.3625 729.8207 750.246 534.5099 299.005 410.7164 178.3802 177.2454 449.4336 720.9194 735.3766 377.8846 289.7679 325.6911 733.707 637.9953 787.8911 616.5757 773.054 735.8123 576.8115 718.2617 474.9691 374.9858 690.7225 938.9366 1008.5376 957.5516 375.4384 809.2149 872.3282 951.832 1015.1265 1089.3024 1062.903 946.4818 804.5727 643.8015 693.15 495.2037 232.4292 612.4084 830.3372 918.6043 691.1646 600.1487 582.149 636.7909 667.0529 779.7753 800.3684 429.7378 572.9454 794.4489 727.9847 783.2493 925.5341 814.3369 666.4522 461.5178
486.4304 617.5592 665.4955 576.7567 609.3645 502.4062 495.0444 374.6669 308.4331 407.924 99.7536 176.1489 382.3283 508.0595 468.8507 227.7376 590.3261 813.2899 555.6866 646.1571 733.722 378.3795 662.4402 784.8253 497.6939 717.7407 808.5776 988.8129 564.2621 593.5993 909.1825 716.8356 556.4296 991.8782 975.1826 962.1124 1037.5708 1078.6008 1086.3521 1020.0226 926.2782 901.0384 989.8984 872.0848 454.1237 289.5121 225.9837 705.3171 739.4896 435.0614 788.4899 790.9724 736.6552 909.1573 989.0641 899.0939 768.0787 317.081 482.9823 662.4435 715.4687 694.8224 780.0383 730.304 631.9485
468.3309 313.2642 250.1402 399.7685 321.584 176.3611 250.206 253.9171 153.5632 439.3802 376.3297 173.3296 225.7316 255.3245 441.7338 604.8956 687.7571 478.7833 659.4643 752.702 249.1415 663.0319 574.4474 966.0167 662.063 875.8513 371.8635 779.9041 639.6154 974.4573 916.2491 709.8107 563.3828 663.5401 713.165 910.3777 787.2705 1015.9528 1052.3553 785.197 1104.1041 1070.4155 950.1909 814.3378 851.31 888.0507 807.5101 276.5263 362.7854 654.9213 809.9022 960.2614 778.992 740.3369 797.8001 879.9915 710.5104 427.3686 479.1022 705.8796 806.678 849.0607 957.1503 779.3494 715.0666
439.8864 318.0454 131.7306 103.2755 101.8405 115.788 101.2379 202.1947 280.9233 184.7696 305.3607 249.2119 422.9547 597.8943 632.5087 670.0925 635.9252 424.7122 395.1985 249.3866 642.6395 820.9904 749.5469 545.7764 829.0059 439.4261 434.3293 634.1174 840.977 750.4747 724.0367 907.6323 984.3782 908.9915 747.9491 828.8823 831.6852 977.6238 620.4117 829.9922 909.4761 949.853 1004.3612 775.8881 695.9833 584.5087 470.8332 500.5384 248.5638 315.8197 664.9084 827.1622 933.405 850.1605 900.5094 776.9288 687.6976 380.0018 633.5913 733.335 725.9641 729.0056 865.8706 874.7015 738.1813
252.0924 207.6907 101.3838 210.2365 208.4855 173.5962 449.6333 681.8915 694.0276 678.4308 510.0531 572.4742 639.1999 684.8783 656.6606 470.4412 237.9168 236.1724 663.801 489.7261 741.5656 764.8978 578.2466 660.5595 693.2471 244.6045 843.3817 698.9544 314.9267 595.1271 839.0336 799.1564 662.0764 756.703 970.8589 1048.1082 835.642 429.3605 776.994 955.5329 1075.1874 894.3055 977.023 928.238 923.502 880.7263 765.3908 605.9442 555.7891 426.9958 313.0266 561.9423 932.6285 663.6919 781.4708 1016.2958 830.9194 510.5228 461.3495 745.8755 884.6891 801.6571 744.1151 592.9408 741.5632
133.2905 126.8094 150.9254 341.4465 478.8396 546.2783 665.7826 634.6135 642.7822 577.6276 481.3799 400.4737 413.6027 309.4978 263.7304 202.7918 236.805 537.4197 629.6904 427.1536 214.6794 276.5371 502.9897 439.4971 199.8106 340.2454 529.7979 548.6357 636.6119 537.4588 823.7757 937.2258 703.8304 726.352 700.9614 946.7184 711.9117 490.3446 675.3704 813.7517 712.7793 674.1368 778.7107 848.4089 770.5962 819.1995 887.2452 684.4747 598.0828 573.1041 502.084 269.1945 358.5265 558.4426 819.7174 657.8095 719.2988 566.486 324.1462 725.8855 613.3106 648.4957 761.1442 696.8738 527.2757
141.2797 157.9952 265.0858 261.7141 282.7911 543.9332 362.9098 216.4567 598.1869 478.802 411.0286 586.6233 523.3906 672.8516 753.4903 514.5682 730.1012 766.8632 612.2524 628.351 742.2406 586.3311 220.6631 277.5066 586.0389 729.6843 818.2819 818.5115 742.881 425.9316 747.6223 760.4689 753.2966 885.4499 526.9464 768.3464 597.0419 641.1556 560.8745 429.843 766.7028 821.103 864.8929 746.7774 574.3339 727.826 823.3023 873.8636 794.5956 797.7442 823.7686 703.2131 567.931 462.7582 249.901 430.9492 845.9553 616.6946 324.142 627.5714 857.7122 895.7252 827.5363 538.5909 427.1393
369.1863 213.8559 219.4438 210.1258 311.5378 432.9815 611.7197 621.1077 473.1767 545.8809 694.163 577.2161 736.9771 774.8812 824.3709 664.6696 632.8551 703.3496 637.402 734.6985 746.0138 671.6087 356.6401 198.447 213.2723 518.9761 715.4601 726.6332 676.2473 788.3038 397.284 314.024 628.6076 807.0682 659.2094 294.3398 610.9426 847.8989 700.9459 627.1686 466.229 569.8893 788.2917 824.6788 576.2047 680.7226 848.7319 677.1806 875.6243 893.7501 833.4391 826.0826 801.3483 781.4642 665.7618 446.6299 214.0469 592.5682 521.9612 684.6101 717.8142 521.3232 397.94 425.3541 537.2261
515.0411 222.9967 292.0068 508.153 345.5658 500.9189 521.8111 496.075 475.4127 585.0027 654.3453 542.4062 360.9612 202.4374 200.0285 200.0348 206.5024 228.1754 212.552 207.6433 200.5222 303.4738 551.7318 633.8051 721.7492 473.4143 287.8817 310.1157 579.5031 794.3113 285.5858 421.9378 561.1359 848.2729 679.4388 259.8341 572.7953 645.539 736.7918 726.8476 560.0834 794.7106 761.7168 512.9901 387.1519 655.5457 714.5433 662.351 611.9255 829.2405 908.5168 731.1183 786.3014 793.5617 565.6017 565.6453 434.9694 287.9262 358.3944 300.5905 570.1035 747.5948 807.5787 706.921 885.0756
298.4366 208.9034 189.0262 276.9803 474.126 450.6014 506.7295 272.6312 253.7638 326.5119 359.5654 404.621 623.8245 609.0128 748.2473 634.4747 606.3047 722.738 710.6618 615.2415 441.6443 541.5727 716.2593 591.7244 459.4691 574.4255 653.2737 531.6962 409.6432 255 365.9336 779.9737 794.1663 792.0023 424.8812 277.2079 700.8994 873.0647 627.2932 609.7679 792.3484 779.7437 776.1325 746.6516 594.5253 427.5342 546.9886 644.0492 689.2981 915.9435 780.9635 692.8524 617.4438 694.5192 765.6979 724.1597 709.0703 604.886 601.323 372.637 371.5422 633.1544 794.9748 732.418 704.3553
165.1312 193.4308 216.2365 256.0333 323.597 268.649 247.9075 300.8643 323.8892 283.7192 255.0016 453.7901 507.0764 528.4604 548.7842 591.5205 547.6076 568.9618 698.6222 632.1699 652.9732 639.9785 540.5447 578.6006 678.0991 688.9621 447.3756 408.7207 730.2202 685.1696 493.2249 268.0701 311.4946 291.6266 287.3125 739.4831 652.0965 540.1059 643.1834 419.1389 643.139 777.2065 711.058 796.1008 759.756 414.6068 460.8775 657.6135 819.8446 772.9797 495.1828 615.8331 649.071 747.9392 896.4769 720.0427 638.0475 604.6046 592.7496 531.1201 403.5215 376.1262 502.9805 608.8892 798.2464
265.4579 205.4012 166.2211 174.3864 176.6908 173.8045 181.7639 197.4244 237.5425 322.2709 370.8007 397.0453 451.8176 562.1316 589.5292 568.0971 522.9335 523.8279 457.6111 490.6983 483.8963 553.4325 439.6293 422.5562 448.6844 461.1256 428.0787 511.2034 724.2366 706.7722 661.451 698.7529 501.618 287.1337 248.4557 328.6159 431.8442 626.7842 771.3705 851.6124 855.9906 604.1366 797.4526 856.4261 733.3237 781.6783 664.616 393.8328 434.4644 625.0322 674.4973 817.6221 811.0851 769.4463 667.0204 795.7285 794.3177 636.9797 584.7289 574.8245 548.1524 441.9974 405.3631 466.3357 639.0217
383.4706 322.5532 233.2468 161.9922 189.3565 169.1883 197.9602 318.2635 516.8341 498.514 466.0919 393.4928 585.1539 586.1326 506.9048 590.7266 637.1207 494.8609 700.7415 638.3851 539.3136 409.1868 567.4301 566.0682 573.5198 623.0976 440.5865 325.7843 483.5883 586.9955 615.8051 597.7638 642.8688 530.6779 574.5616 260.6141 248.9142 419.8431 618.297 821.3356 489.256 612.4642 802.2612 925.314 933.9502 739.386 793.9857 633.1834 372.9947 761.8723 557.9576 741.6584 823.1802 870.2104 892.2467 746.4217 860.2695 695.1604 591.2531 593.734 654.4915 467.0028 459.8862 351.5388 556.4716
