Resources/Map/Lvl0_30x30/Ele_CH.asc
ncols         335
nrows         335
xllcorner     3405000
yllcorner     -25000
cellsize      10000
nodata_value  -99999.0
[rows 243 to 269 of 335, columns 180 to 239 of 335]
598.9094 594.6477 644.3773 629.8265 664.541 653.1255 649.1677 636.6204 641.7699 670.9922 666.2836 698.9706 692.5966 676.4775 689.3536 710.3602 708.8621 677.4618 687.7756 677.8683 654.3355 654.7269 626.116 600.9818 562.1348 527.0851 457.6031 410.9232 368.1254 333.9882 304.8422 247.8468 195.573 144.4066 125.9664 49.3933 -17.9262 -42.3748 -91.2899 -511.0338 -954.342 -1307.0991 -1624.4222 -2070.7639 -2634.4814 -2986.707 -3217.4758 -3326.1899 -3525.5212 -3862.3064 -4259.9678 -4491.0254 -4691.021 -4801.9219 -4943.1641 -4982.541 -4951.3042 -4984.0083 -4966.9419 -4972.8862
550.2079 554.9958 582.9224 589.0327 614.7112 622.95 607.5043 603.5807 603.3771 606.0406 618.0425 633.4651 616.0531 620.6101 653.2124 661.8704 662.5937 642.1577 648.9954 649.0168 614.6097 610.1446 583.5635 557.213 544.0156 515.7409 469.9091 405.9775 356.6351 332.0324 265.9375 222.3829 162.7022 133.2727 63.4905 -15.2651 -44.5095 -86.5019 -243.6501 -766.8743 -1216.104 -1587.2291 -1956.5294 -2442.1399 -2894.9187 -3096.5623 -3297.0576 -3380.5029 -3655.4446 -4082.6738 -4394.1543 -4646.562 -4837.1279 -4912.2295 -4969.9575 -5015.7402 -4995.168 -5029.0332 -5033.0801 -5055.4648
559.2491 538.0526 550.399 556.6486 585.1227 586.4359 572.0511 578.2932 567.7785 561.0724 582.061 601.0598 575.4499 620.1539 610.2257 632.6 624.9781 590.8575 592.8063 573.0762 587.9469 583.0084 552.8649 531.0023 528.9278 505.7261 442.6694 419.8365 374.7553 303.551 252.9393 190.5421 158.8122 69.7049 33.627 -27.0128 -70.337 -180.8277 -524.168 -1102.3336 -1514.6991 -1848.5823 -2312.6106 -2752.7495 -3029.7175 -3200.8118 -3399.6257 -3433.2727 -3767.1704 -4163.4771 -4399.8179 -4683.9521 -4862.3037 -4930.1509 -4967.4634 -5023.2764 -5051.0708 -5111.6338 -5102.6694 -5089.8906
576.4179 528.6976 514.0241 530.9215 550.8179 534.6925 543.5356 542.6979 546.1971 540.1656 529.1345 545.7294 570.5392 600.8286 591.7634 601.8936 577.0818 577.8992 548.7429 558.2283 558.0378 546.1721 508.4904 494.4707 492.7046 473.8792 428.2278 377.873 319.8796 260.3422 208.1116 181.7563 127.8168 68.3896 21.2761 -49.0057 -131.1758 -343.5448 -830.4529 -1469.1864 -1900.402 -2131.8098 -2558.2417 -2907.1052 -3028.0042 -3122.5735 -3339.5208 -3582.458 -3804.178 -4153.6182 -4472.707 -4760.6504 -4899.7241 -4957.4595 -4989.3398 -5035.064 -5091.0713 -5172.4854 -5133.0986 -5092.9502
557.5909 540.3474 491.4455 510.4119 508.6705 495.8297 524.3918 515.464 516.6641 503.5861 501.0518 489.7778 508.7931 537.4394 553.2291 535.2759 542.1235 522.1384 503.0659 490.0782 482.8526 476.0877 455.9471 448.7657 437.7024 422.4278 362.2524 327.4229 273.7164 217.0486 184.4533 138.7738 100.8694 65.1564 -10.0832 -97.8489 -245.7589 -567.3974 -1097.2234 -1776.7704 -2284.2515 -2517.6575 -2747.7578 -2981.0732 -3051.2939 -3053.8696 -3346.6665 -3622.7 -3780.6838 -4175.2183 -4550.0693 -4861.0688 -4974.5029 -5024.0703 -5010.1182 -5031.2583 -5087.8755 -5156.9063 -5111.5205 -5084.3447
531.7653 522.2253 504.3837 472.5652 467.0829 463.2521 474.0378 475.9292 498.9586 490.9831 484.4404 465.6665 450.4344 489.0688 497.0098 493.2513 492.2657 475.685 448.3073 444.9861 420.5414 405.701 394.5271 393.7157 381.1831 363.8348 312.6828 250.9807 218.2302 168.1745 142.6025 107.2759 83.1715 31.0649 -55.5367 -176.3203 -423.7804 -795.3228 -1297.5239 -1901.635 -2418.6699 -2741.3315 -2911.2454 -3067.03 -3144.7148 -3149.623 -3444.6682 -3582.5186 -3922.019 -4394.1533 -4721.2007 -4925.7837 -4986.3276 -5021.6499 -5001.8599 -5039.7954 -5080.7114 -5088.7769 -5074.2393 -5084.9175
502.7855 500.2072 494.7451 478.262 442.9348 436.9964 460.0201 451.4049 456.5713 452.4614 450.8069 431.3237 449.5276 483.7911 476.3857 455.666 443.0083 417.3276 399.7942 381.8796 380.9695 336.7387 321.6948 325.9365 308.0034 306.791 254.8848 205.0638 177.7984 151.8841 107.5116 107.6899 27 -19.6276 -120.0497 -295.8586 -616.3887 -1017.674 -1405.1033 -1834.5856 -2381.0217 -2800.7708 -2997.4128 -3137.0879 -3270.0911 -3366.7173 -3517.8286 -3712.9663 -4162.0649 -4681.6016 -4907.75 -4979.1045 -4976.5273 -4972.8384 -4965.6191 -5006.9868 -5059.1836 -5084.9937 -5068.9185 -5076.4102
465.0709 448.2818 457.7251 454.2789 435.1611 417.6319 420.7239 420.2675 417.6793 409.7188 443.2051 426.2915 417.5677 445.7552 431.919 414.7332 385.366 374.7888 357.5885 318.055 325.8363 285.3771 262.8129 267.8615 262.5018 247.5811 194.9026 162.9722 142.5201 103.4304 84.5652 55.621 11.6836 -86.5833 -215.8173 -416.1015 -706.4027 -1083.9686 -1495.4877 -1865.6157 -2322.0432 -2812.9436 -3062.5339 -3208.0935 -3417.5791 -3681.7827 -3850.9778 -4110.2568 -4467.5952 -4863.4663 -5001.1978 -5002.2783 -4976.2153 -4949.2515 -4947.6914 -4988.0674 -5075.0103 -5129.0513 -5091.9873 -5078.8965
475.8396 466.2202 442.3169 416.451 406.7382 393.4572 395.3743 390.4518 377.4625 406.289 434.5599 444.1942 406.7849 393.3745 362.1829 349.3449 333.0061 316.8673 306.0598 284.4385 251.9499 227.6079 205.9514 215.4936 207.0987 192.9091 146.5293 126.7219 91.4755 69.2719 63.5928 27.4334 -51.1471 -158.0083 -328.8258 -518.7558 -737.9601 -1046.5891 -1474.9932 -1856.7251 -2397.0588 -2856.4995 -3086.918 -3283.4895 -3559.5078 -4000.45 -4450.7769 -4606.8887 -4791.1738 -4972.502 -5014.125 -5002.4458 -4975.4399 -4938.2363 -4950.5918 -4997.5151 -5091.9585 -5144.5327 -5118.1807 -5096.7705
444.4758 430.2884 429.24 416.4248 391.6703 377.6244 374.0665 358.674 353.7979 358.55 381.5049 381.3213 362.6734 331.4323 316.6477 297.4362 287.9561 277.932 269.4964 242.1328 208.4341 201.105 187.1136 170.4903 147.9416 134.3004 109 87.3147 68.9334 49.0051 16 -23.6327 -106.2177 -227.9083 -411.2735 -614.8027 -801.0512 -1046.6688 -1400.5211 -1921.4021 -2583.8035 -3030.5876 -3213.6743 -3405.801 -3627.3049 -4067.5225 -4638.9375 -4869.77 -4983.7261 -5049.7705 -5023.7832 -4990.2842 -4967.981 -4979.5762 -5004.4756 -5036.0737 -5138.7495 -5174.5034 -5144.3164 -5098.9971
414.7415 407.0874 402.2184 386.6556 368.8117 365.2325 350.7813 339.2142 333.1785 345.3743 342.1086 329.6515 302.3941 286.3366 273.6553 262.2978 254.9219 238.1465 222.7253 208.9871 182.674 168.4501 162.7172 148.9137 123.9184 107.3554 86.7009 73.85 49.534 15.1795 -6.4579 -66.8869 -171.2164 -310.9533 -486.3218 -688.7437 -861.9277 -1084.4385 -1467.6128 -2128.4922 -2777.9646 -3196.7827 -3453.4851 -3650.6184 -3878.5513 -4252.3838 -4649.0186 -4900.3271 -4974.0698 -5024.0176 -5018.4849 -4997.4341 -4997.728 -5050.4829 -5114.4966 -5061.0386 -5113.834 -5146.2495 -5141.6558 -5099.2793
389.4109 384.0773 373.1289 366.2629 359.1714 348.5583 330.1046 316.1659 311.7513 309.7071 318.8496 288.8282 268.8756 257.8102 253.9373 250.0468 227.1565 206.7999 182.0846 173.4124 142.877 129.3847 130.86 119.3627 95.3535 84.8105 71.8427 49.6895 23.0545 7.0993 -39.9634 -116.4513 -235.5272 -391.875 -542.4417 -716.3201 -920.345 -1204.9438 -1661.0872 -2300.127 -2853.6326 -3178.6626 -3394.5869 -3638.1624 -3846.073 -4378.3252 -4689.9277 -4910.0586 -4900.458 -4957.7246 -4971.5522 -4975.0557 -5021.6616 -5120.4004 -5192.937 -5081.042 -5105.3291 -5175.5576 -5137.4595 -5065.5767
368.7981 368.6244 365.7342 361.9043 347.6713 330.5991 309.5546 304.6239 309.4121 300.8223 288.7261 267.7905 262.4688 241.0623 223.4697 223.8079 205.8283 182.5852 162.4865 151.1794 125.3158 112.5352 107.3582 93.9502 86.2193 59.3297 39.6816 25.0424 8 -20.0985 -82.0747 -184.8295 -297.6109 -409.1116 -559.4389 -798.2 -1063.9474 -1435.5709 -1885.1802 -2308.7527 -2695.7952 -2754.9907 -2767.8552 -2594.936 -3040.6797 -4344.0225 -4654.2285 -4858.1494 -4937.0669 -4981.9639 -4947.4448 -4943.5366 -5017.0103 -5141.6816 -5170.1475 -5094.4829 -5143.1821 -5185.2153 -5112.6733 -5049.2437
355.9944 361.2582 358.3951 350.2475 331.3477 313.8393 296.5195 288.3874 292.1064 288.2845 274.4124 261.294 243.4934 237.3704 223.7004 195.7451 185.8524 168.5897 150.9681 135.5619 116.8369 104.5536 88.2695 80.6027 70.0167 33.1257 35.1571 12.6907 -5.1122 -43.9973 -125.5505 -253.7492 -382.9178 -490.5839 -681.9531 -954.7405 -1285.6577 -1694.1311 -2064.6904 -2286.7109 -2323.0801 -1975.7776 -1872.7394 -1991.7981 -2906.1497 -4233.0498 -4656.2935 -4824.4219 -4988.0957 -4998.4287 -4977.3472 -4979.0083 -5101.3472 -5236.5015 -5246.8135 -5127.6143 -5136.8291 -5133.2881 -5053.5688 -4977.0234
352.0045 354.0159 346.8425 335.0563 314.5837 296.5715 286.6909 273.6761 269.2059 269.3148 258.0407 246.6281 237.1371 214.5775 204.7881 192.5167 168.0238 137.608 123.0218 116.5837 103.9207 89.8387 72.4396 66.7368 60.1991 45.9259 23.2961 13.6142 -19.5409 -80.743 -189.8605 -340.0595 -508.831 -632.4738 -840.6918 -1107.7209 -1470.9211 -1792.8883 -2044.5159 -2301.4229 -2349.1001 -1921.8217 -1632.03 -2058.5898 -3392.7739 -4456.5181 -4832.4985 -4935.959 -4981.228 -4975.9692 -4988.0674 -4967.5078 -5016.5552 -5219.5317 -5306.5884 -5109.7095 -5090.5308 -5113.4395 -5090.1807 -5029.3857
346.9829 347.8953 337.271 321.8838 303.094 279.0219 270.7822 273.069 257.6629 246.2173 247.899 238.3486 224.441 209.4684 198.2433 174.9091 159.8463 141.5077 128.1463 104.4218 89.3163 73.1297 58.088 50.3448 56.4841 34.0487 21.9898 -4.0826 -44.186 -135.6102 -277.8349 -455.7854 -607.0402 -722.2722 -939.4111 -1248.2897 -1578.7899 -1771.5125 -1984.4548 -2273.8953 -2435.2756 -2239.9641 -2252.3376 -2993.6575 -4072.5154 -4701.8853 -4997.3477 -5030.3682 -4961.5698 -4938.1758 -4969.1079 -4974.7744 -4950.5234 -5144.2583 -5245.5537 -5097.2651 -5078.479 -5083.1489 -5088.1992 -5084.6196
344.1738 340.541 320.7811 305.4465 285.6779 266.3994 259.2069 252.4105 247.1741 234.1831 226.7371 217.6487 211.1057 198.237 187.1707 168.2254 149.3039 129.8548 123.4649 102.4692 78.1257 69.5728 38.1719 39.6577 46.4198 27.1248 17.1383 -17.0098 -89.9387 -189.7475 -328.3117 -469.7073 -583.9711 -829.0562 -1324.9722 -1699.1506 -1836.5631 -1858.9351 -1891.0422 -2120.7813 -2450.7646 -2657.5122 -3071.4531 -3700.6992 -4274.4819 -4629.1406 -4885.7588 -4985.2451 -4968.8403 -4933.4302 -4989.8828 -5049.0488 -4987.4683 -5053.792 -5140.0996 -5110.6602 -5075.6602 -5098.0664 -5089.2197 -5086.8687
337.2952 328.323 305.804 292.2917 267.6138 239.8472 246.5512 232.7205 231.7923 224.4525 212.4476 194.8342 193.097 182.9007 169.5207 152.5751 138.9079 122.5599 110.028 67.434 43.531 26.567 29.2801 52.359 48.2708 22.2604 6.9178 -41.2798 -133.0962 -244.5903 -403.4276 -564.7269 -754.6705 -1109.2018 -1788.7922 -2308.8611 -2353.8359 -2138.6284 -1846.5992 -1894.4623 -2323.0896 -2674.3748 -3193.0081 -3865.6665 -4445.5356 -4692.0752 -4889.4531 -4990.3872 -4974.707 -4970.2803 -4961.4048 -5035.9214 -4996.0405 -5025.2788 -5092.0879 -5061.0088 -5040.2651 -5102.9019 -5087.1479 -5050.0923
323.3132 314.8073 288.0337 277.9888 252.2419 246.3266 237.8261 225.9341 215.9353 213.8332 205.5391 196.3154 181.6771 172.587 157.782 139.1846 123.5492 113.9757 101.7098 71.4617 24.574 25.5449 62.396 48.4269 48.0333 30.9788 -3.7202 -80.3004 -178.4137 -311.4555 -479.7523 -690.2402 -1125.8385 -1630.5834 -2041.5978 -2511.6067 -2856.1306 -2756.3826 -2274.0647 -1882.2832 -1970.7543 -2420.2935 -3062.5005 -3709.5776 -4319.7656 -4619.6089 -4845.5459 -4910.811 -4937.5024 -5002.8574 -4939.0562 -5010.1958 -4983.8633 -5006.7539 -5069.6328 -5050.9365 -5033.3901 -5061.5664 -5081.4971 -5029.0947
304.8212 298.6209 275.2582 249.4064 244.7114 227.3368 226.3088 213.0438 200.2742 201.5231 194.9932 186.2706 176.7887 167.8856 149.9876 124.1254 104.5531 102.3208 78.4701 59.0446 28.7683 54.5196 68.4107 60.4325 38.767 20 -16.6334 -118.0882 -213.5527 -319.1448 -493.5145 -751.1772 -1273.1731 -1949.5583 -2448.0078 -2832.3413 -3210.0764 -3395.5979 -3227.2229 -2633.8984 -2251.3525 -2339.0942 -3144.3293 -3796.7805 -4171.208 -4511.7925 -4791.9971 -4770.9404 -4903.8594 -5025.5625 -5094.686 -5057.2822 -4966.7324 -5039.189 -5077.8608 -5065.2983 -5038.269 -5050.0161 -5103.6904 -5095.0566
296.4886 274.3332 263.7389 236.7655 236.8857 220.7216 213.4885 205.2613 191.2865 180.4144 180.9474 175.0546 164.2065 157.7421 140.7793 118.1855 96.5273 92.4971 69.7899 50.6298 55.0111 81.5108 76.3971 77.8522 27.6739 30.8911 -39.799 -150.6056 -240.3452 -351.1176 -523.8981 -810.6158 -1303.9482 -2057.8245 -2792.0955 -3317.2207 -3654.9939 -3917.3201 -4010.1094 -3690.3782 -2947.4414 -2683.313 -3333.7903 -3978.9551 -4269.4619 -4505.292 -4690.8223 -4731.856 -4940.2456 -5019.8159 -5092.3491 -5054.9868 -5014.6099 -5078.3301 -5124.4854 -5123.7554 -5035.8345 -5053.2026 -5122.2979 -5121.1929
285.458 272.3052 257.5795 241.8777 229.5578 219.1328 209.2375 203.1157 185.9554 172.9871 165.7199 166.3357 154.5848 144.1356 132.8902 115.8732 99.0339 85.0721 61.4794 57.4075 53.8769 88.9159 82.9074 56.8342 49.868 12.772 -85.7888 -192.4059 -297.8576 -398.6485 -526.2001 -772.5707 -1161.0171 -1675.2828 -2396.7612 -3205.2634 -3830.2371 -4160.2842 -4315.3608 -4294.2612 -3868.2456 -3408.6558 -3617.6624 -4006.7715 -4139.8403 -4320.291 -4582.981 -4790.3076 -5023.4185 -5082.6855 -5026.8789 -5009.7173 -4984.5 -4982.8252 -5122.4448 -5206.3276 -5048.6606 -5021.2139 -5121.2974 -5138.9097
275.6164 264.1451 254.4736 248.1456 217.1459 212.9323 201.9677 194.758 179.8717 170.3113 161.6757 138.6727 130.1179 121.5373 112.7208 106.2971 106.5366 87.7231 69.3658 62.5519 80.5767 99.0342 80.1261 56.6426 11.476 -35.2689 -139.9659 -240.3416 -373.0637 -479.6731 -612.3177 -831.0263 -1089.6802 -1438.5797 -2018.9542 -2745.8423 -3601.1404 -4179.3618 -4481.3208 -4578.0132 -4450.8511 -4237.0322 -4016.1172 -3956.7915 -4084.9473 -4490.9697 -4738.9453 -4919.8794 -5057.1768 -5078.6841 -4990.9321 -5014.4907 -5016.5742 -5003.6313 -5153.8921 -5268.7764 -5111.96 -5050.9692 -5147.4653 -5181.8955
267.1292 249.1557 238.2388 227.9338 218.9777 195.5275 171.5991 170.4019 168.739 165.8443 159.3376 143.713 127.5186 108.405 94.3278 90.8623 91.0744 74.1495 65.8271 73.4649 101.5833 101.5731 73.424 65.2069 4.8186 -92.9064 -209.7388 -346.605 -505.3267 -582.634 -697.3232 -921.9763 -1116.298 -1441.749 -2108.1638 -2896.8237 -3652.0325 -4283.9185 -4629.3037 -4736.9233 -4647.0605 -4431.1323 -4159.2612 -4013.4453 -4312.4209 -4706.2876 -4893.5142 -4992.6177 -5027.6519 -5009.2954 -4942.5928 -4964.9907 -5040.4429 -5086.5688 -5176.9849 -5206.1855 -5108.8857 -5056.3164 -5122.4727 -5171.4751
243.6603 238.7967 230.4205 221.2264 206.6135 181.2414 170.5459 153.6171 156.4601 149.544 149.7317 142.6273 130.9796 105.2271 92.9172 87.7304 94.404 68.941 74.2214 92.0068 111.3856 84.3898 61.8368 35.4453 -55.7693 -160.7391 -395.6229 -682.5669 -951.2419 -899.5538 -853.7161 -1168.4502 -1593.0765 -2096.2603 -2590.5583 -3249.7356 -3924.4241 -4482.8848 -4753.1558 -4790.3853 -4694.2637 -4538.7437 -4388.2666 -4305.2886 -4364.1299 -4719.0781 -4960.1494 -5002.6079 -5005.5967 -5029.8091 -5001.4937 -4961.1758 -5001.9521 -5112.667 -5230.1523 -5168.1333 -5106.8687 -5057.6309 -5080.4072 -5127.1543
245.9284 230.7941 220.2139 209.7596 193.4317 177.3747 175.9887 167.0763 137.0713 139.5772 138.4739 130.5595 121.5542 97.412 89.9842 95.4857 97.1437 72.318 82.558 120.4296 100.7429 56.2366 31.1672 -14.8028 -135.0882 -300.5184 -607.3179 -1054.9878 -1432.074 -1440.1587 -1413.491 -1627.7932 -2225.6682 -2992.1909 -3436.0496 -3826.8779 -4111.459 -4411.9629 -4612.5874 -4639.5313 -4596.8823 -4591.5361 -4598.6191 -4558.2988 -4421.1958 -4733.1938 -4987.7144 -5012.4229 -5033.7549 -5039.0293 -5021.6582 -4990.4741 -5026.3042 -5059.5322 -5182.375 -5181.4146 -5130.6011 -5059.1895 -5075.5557 -5109.4893
237.6307 229.1132 214.2291 190.1832 188.8904 177.9622 155.3726 157.6359 143.7363 119.5185 116.0924 110.1096 111.6639 102.2016 93.8918 99.5864 98.3687 81.7436 98.9134 120.7315 65.211 36.6815 7.72 -98.3708 -279.5842 -574.1818 -952.5491 -1514.9178 -2058.3704 -2304.3342 -2376.5874 -2443.304 -2840.8147 -3320.0256 -3490.9917 -3657.2681 -3843.3696 -4013.6492 -4165.9243 -4325.7783 -4497.0854 -4621.8335 -4677.3984 -4686.0527 -4536.0781 -4732.8643 -5006.1069 -5055.7852 -5037.0068 -5023.0015 -5027.6055 -4979.6099 -5038.1499 -5037.9365 -5071.3271 -5142.3394 -5178.1792 -5086.5791 -5066.7217 -5100.8521
