Resources/Map/Lvl0_30x30/Ele_FC.asc
ncols         335
nrows         335
xllcorner     -13345000
yllcorner     -10075000
cellsize      10000
nodata_value  -99999.0
[rows 280 to 307 of 335, columns 0 to 61 of 335]
835.5654 833.739 834.9764 838.772 844.8481 853.743 863.8801 873.7588 883.0034 892.8471 903.2514 913.8698 925.1121 937.707 952.4876 966.8335 980.5921 993.3931 1004.5686 1014.0978 1020.411 1023.4199 1024.1753 1023.2042 1019.3925 1012.8445 1003.7646 993.0306 979.3976 963.1572 945.2192 925.7548 904.3286 881.9664 857.6504 832.4338 806.1614 779.6849 753.7073 726.8094 699.4728 671.6489 642.7607 612.3182 579.9351 547.4119 513.4892 479.153 444.1972 408.2138 372.4911 335.7863 298.1721 260.3476 223.2879 187.2684 151.9646 117.809 84.9031 54.0073 24.6794 -3.5447
728.9109 711.7518 697.5049 684.9234 674.4363 665.9535 658.6691 651.5015 645.366 642.1023 642.1514 644.626 649.3433 656.8258 666.4225 676.0896 685.6745 695.7335 706.2624 717.0265 726.9129 734.8928 741.0355 745.8768 749.3135 750.8588 751.6601 751.4355 749.6255 745.8872 740.8102 734.2745 726.1558 718.1436 709.8171 701.0138 691.2759 681.8922 672.1058 661.317 648.9753 635.563 621.0627 604.4992 586.4288 567.7081 546.9562 524.6936 501.0578 474.7247 447.5742 418.4533 387.7832 355.9676 323.5638 289.8673 256.197 222.2031 189.0684 156.6813 125.1382 94.5777
914.4515 887.1191 861.7166 837.4422 814.8275 794.3103 775.767 758.9324 744.3214 732.3029 722.8806 716.0665 712.0424 710.9425 712.2548 714.7925 717.7871 722.2991 728.3923 735.0009 742.1486 749.7799 757.4164 765.0528 772.6892 779.6854 786.9999 793.9761 801.0013 807.4521 813.2435 818.1178 821.9479 825.1451 827.3924 827.7202 826.4136 824.4559 821.0289 817.0042 811.4667 805.8741 798.7252 790.5433 781.3173 771.0968 760.2515 747.8341 733.9284 718.9884 702.7983 684.4048 663.6481 641.4626 618.228 594.1136 569.4753 544.3127 518.6146 492.1842 465.1243 438.2844
1145.5253 1123.9972 1103.9075 1084.4907 1066.8507 1051.4646 1037.5509 1026.3748 1016.7514 1008.5633 1001.7438 996.8106 993.009 990.0699 988.6109 988.0156 987.6361 987.75 988.6214 989.7669 990.6466 992.067 993.9425 996.4626 999.0825 1002.8433 1007.3209 1012.8475 1019.5886 1026.5896 1033.2137 1038.9292 1044.4543 1049.1599 1052.8214 1055.9487 1058.1173 1059.2418 1059.3741 1059.4303 1058.0352 1057.0513 1054.5648 1051.5304 1048.0027 1043.9712 1039.1644 1032.2695 1023.5249 1014.2397 1004.2551 992.7457 979.7288 965.2756 949.8033 933.4137 916.3338 898.0021 878.1119 857.0756 835.1302 812.9598
1340.5155 1322.7626 1306.3092 1290.0093 1274.8617 1261.2559 1247.6558 1235.5239 1223.8777 1213.8508 1204.9757 1197.8787 1191.1866 1185.6417 1180.7905 1176.4169 1172.9393 1169.5094 1166.557 1164.6993 1162.8702 1161.7046 1160.9204 1161.1205 1161.8572 1163.3043 1164.9424 1167.0552 1169.7841 1172.7218 1175.2666 1177.7482 1180.173 1182.6588 1183.8413 1185.6379 1187.1766 1188.2449 1189.7842 1190.8383 1191.4161 1191.9657 1190.9467 1189.9402 1187.3347 1184.5902 1180.3959 1175.1068 1168.1583 1161.5651 1153.8451 1145.1838 1135.7236 1124.8446 1112.5533 1098.8063 1084.5686 1069.3745 1053.4811 1036.2683 1018.8445 1001.3688
1435.9949 1416.4127 1396.7877 1377.5646 1358.2396 1340.6045 1323.3208 1306.8595 1291.2281 1277.6763 1264.9528 1253.3246 1242.1879 1232.2427 1223.9209 1216.2202 1210.0764 1204.8889 1200.4944 1197.0687 1194.4796 1192.5979 1191.267 1190.7689 1190.985 1191.4232 1192.2483 1193.2704 1194.2924 1195.6332 1196.7653 1197.6752 1198.667 1200.0455 1200.7739 1202.2332 1203.3263 1204.8735 1206.8831 1207.9636 1207.8597 1207.1321 1205.522 1203.7338 1201.2092 1198.1021 1194.5304 1190.2424 1184.6478 1178.5455 1170.9222 1161.9189 1152.3251 1141.7258 1130.0632 1117.3605 1104.3196 1090.5436 1076.5638 1061.5347 1045.8521 1030.6569
1464.121 1444.7662 1424.6639 1405.467 1386.5853 1368.3389 1350.1787 1332.9093 1316.6257 1302.0708 1287.767 1274.4314 1261.4393 1249.2775 1238.2609 1227.679 1218.327 1209.9653 1202.3256 1195.827 1190.3641 1185.0588 1180.3971 1176.7069 1173.1427 1170.2831 1167.7328 1165.5328 1163.5244 1161.9568 1160.5544 1158.8317 1157.8226 1157.0265 1155.7241 1155.1971 1154.4517 1153.4843 1153.0563 1151.7124 1150.0923 1148.6426 1145.9979 1143.5283 1140.8481 1137.7252 1134.075 1130.453 1125.9131 1120.9993 1115.0797 1108.496 1101.8104 1094.488 1086.1564 1077.7161 1069.1555 1059.5726 1050.2684 1040.7311 1031.0393 1021.7372
1475.9152 1456.213 1436.223 1416.5305 1396.7604 1377.418 1358.001 1339.3695 1320.9541 1302.9934 1285.2051 1268.5959 1252.3175 1236.5199 1221.7417 1207.6656 1194.7139 1182.2743 1170.6696 1159.6671 1149.4125 1139.7445 1131.0277 1123.2456 1115.7672 1108.8827 1102.4364 1097.1985 1092.4819 1088.0515 1083.7286 1079.8898 1076.507 1074.2284 1071.8556 1070.2935 1068.8778 1067.108 1065.0824 1063.8522 1063.0509 1062.031 1060.8799 1060.7012 1060.1487 1059.6183 1059.2737 1058.6674 1057.7837 1057.1604 1056.2144 1055.2684 1054.3224 1053.1667 1051.4335 1050.0164 1048.4209 1045.1759 1041.9507 1038.0836 1034.0009 1029.9749
1497.0094 1479.0913 1460.7917 1443.2175 1423.8994 1405.1379 1385.5845 1366.652 1347.2333 1327.6219 1308.0837 1289.813 1271.6538 1253.7897 1236.7864 1219.8221 1203.2014 1187.1146 1171.7261 1157.0016 1143.1565 1129.9619 1117.5702 1105.7689 1094.6006 1084.2384 1074.3558 1065.1066 1057.0104 1048.824 1041.4346 1035.1594 1028.6036 1023.5753 1018.9282 1014.5992 1010.8948 1006.6843 1002.666 998.7562 996.1069 993.1406 990.5673 988.9534 986.6747 983.8881 981.9848 979.8422 978.2612 976.6802 975.0992 973.5183 971.7781 969.3732 966.1161 961.8458 957.2291 952.3026 947.2371 942.0499 937.0315 932.0131
1555.3394 1538.1044 1519.3872 1500.4047 1479.9279 1458.9003 1436.87 1414.8495 1392.0654 1368.9789 1345.3944 1322.058 1298.2767 1274.8861 1252.1268 1229.2192 1206.5679 1184.797 1163.5549 1143.0137 1123.1577 1103.4646 1084.3605 1066.0918 1047.8929 1031.0887 1014.6889 998.5223 983.5358 969.1886 955.9564 943.3373 931.5881 920.6142 909.2084 899.4212 889.639 880.7144 871.5913 862.7482 854.5967 846.4702 838.3732 831.251 823.8209 816.7242 809.9437 803.3031 797.5447 791.7863 786.0279 780.1193 773.7671 767.5668 760.9097 753.6475 746.4824 740.2385 734.1786 727.8355 721.7033 715.5711
1579.874 1558.8558 1536.6082 1513.9109 1490.1696 1465.3842 1439.6302 1413.4352 1387.3246 1360.6129 1333.6711 1306.6187 1279.3503 1252.2069 1225.2653 1198.6193 1172.519 1146.7523 1121.1593 1096.0891 1071.1475 1046.2667 1021.884 997.8349 974.5764 951.9052 929.5804 908.0792 887.1315 867.5288 849.1599 831.0477 814.0035 797.2401 780.7845 765.2291 750.1381 736.3055 722.3072 709.2468 695.5742 683.248 670.9711 659.7218 649.1563 638.8937 628.7114 619.189 610.0587 601.5137 593.1088 585.1862 576.9197 568.7449 561.3906 553.5409 546.0295 539.0718 532.0134 525.1858 518.6483 512.2109
1578.932 1555.692 1532.0811 1507.6862 1482.3823 1456.6171 1429.9738 1402.9919 1375.6178 1347.5979 1318.7954 1290.2394 1261.2089 1232.1785 1203.4379 1174.9493 1146.2233 1117.8334 1089.4733 1061.27 1033.021 1004.8618 977.5714 950.585 924.4202 898.5651 872.8024 847.8416 823.7101 800.2324 777.1486 754.6942 732.6455 711.2441 690.2306 669.8821 650.5341 631.5844 613.9875 596.1141 578.6156 562.4449 547.0141 531.8942 517.1149 503.0688 489.7083 476.6171 463.6877 451.6184 439.4659 427.3034 416.0062 404.0989 392.5507 381.4518 371.7033 362.0768 353.2966 344.9908 336.9464 328.8423
1487.668 1467.1213 1446.3191 1424.0868 1401.8184 1377.8438 1354.0598 1329.4486 1304.277 1279.0372 1252.213 1225.2314 1198.2858 1170.8668 1143.2631 1114.9514 1086.3832 1058.0096 1029.6172 1001.6025 973.5753 945.5728 917.8583 889.8209 862.5773 836.0044 809.9218 783.7756 758.728 734.1992 709.6703 686.4989 664.3182 642.5209 621.3941 601.2649 581.5298 563.1609 544.7781 526.8134 509.1467 493.9648 479.8324 465.7375 452.3655 439.2816 426.5385 414.5515 403.2479 392.3148 382.0809 372.6688 364.7758 357.0638 350.4378 344.0736 337.9554 331.3522 325.3909 320.2971 315.7036 311.7186
1259.4615 1243.8549 1228.0621 1211.344 1195.1876 1177.8344 1160.4498 1142.2141 1123.8556 1105.5317 1086.5178 1067.153 1048.095 1028.6749 1009.6211 989.9777 969.863 949.7703 930.0404 910.8317 891.623 872.8373 854.3909 836.2452 818.6233 801.6877 784.6927 767.8721 752.1146 736.7344 721.925 707.7073 693.8144 679.9755 667.6267 655.1416 643.9234 633.3582 623.3082 613.5427 604.5272 594.8169 586.8671 578.9691 572.0414 565.1137 558.3038 552.538 547.6544 542.6802 537.4999 533.2513 529.4063 525.4966 521.6278 518.3021 515.1426 512.3196 509.8789 508.1806 506.6393 505.3258
1096.671 1088.6403 1080.4612 1071.4479 1062.5878 1053.3704 1043.4779 1033.4031 1023.3282 1012.7888 1001.3184 990.302 978.7908 966.5151 954.554 942.3578 930.4763 918.2271 906.0616 894.4173 882.3547 870.4926 858.6334 847.5219 836.1649 824.8657 813.7761 803.3056 792.7718 783.2181 773.6826 764.6142 756.3474 748.2438 741.8471 734.9122 728.2475 722.3467 717.4661 711.1863 706.5591 700.77 696.9919 693.1862 688.9174 685.3766 681.8632 678.4849 674.6341 670.7405 666.8584 663.6172 659.7664 655.8524 651.8325 647.9818 644.2094 640.5959 637.0712 633.695 630.3188 627.2869
997.5079 995.4109 993.2828 991.1052 989.2966 986.3017 983.588 980.254 976.6985 972.6691 968.717 964.0873 958.7691 952.9497 946.6777 940.3691 933.8232 926.3522 918.4434 910.2313 901.5104 893.2561 884.4028 875.0316 865.067 855.804 846.1284 836.0551 825.8981 816.5773 807.433 799.0219 789.7377 781.4753 774.547 766.9473 759.9097 753.1638 748.1246 742.824 738.6918 733.6053 729.7321 725.8889 722.6234 719.5573 716.4911 713.3956 710.1145 706.9786 704.5479 702.0609 698.9772 696.2883 693.2394 690.7654 688.2914 685.5328 682.2518 679.2899 676.4792 673.6465
971.7615 972.2958 972.1031 972.0807 972.6815 972.3366 972.0994 971.7141 971.2758 970.5094 969.2335 968.0421 966.9723 964.9816 962.6944 960.549 957.4701 953.7357 949.899 945.9636 941.0498 935.4685 929.751 923.8701 916.8425 909.8889 902.5665 894.8343 887.1021 878.9068 870.5378 862.3173 853.1791 844.1016 835.9493 826.3799 817.4423 809.3755 800.9828 793.3371 785.9246 778.3367 771.7604 765.2359 759.6817 754.2052 749.4803 744.869 740.9736 737.1127 733.4099 729.8492 726.8302 723.9055 721.1335 719.0894 717.0453 714.9333 712.3864 709.7246 707.2542 704.6365
1032.4307 1031.7283 1031.0001 1031.0286 1031.0066 1030.1549 1029.5001 1029.5001 1029.2665 1028.6165 1028.1757 1027.5001 1027.1316 1026.0444 1025.2648 1025.022 1024.2245 1022.8618 1021.4991 1019.7006 1017.7587 1015.5828 1012.5369 1009.6393 1006.3457 1001.6156 996.7865 991.6047 984.9518 977.6738 970.3492 963.0246 954.8907 946.5441 937.6285 928.3087 918.3417 909.2112 898.457 889.3219 879.4725 869.5942 859.8848 850.2703 842.3118 832.9484 825.2831 817.6412 810.1462 802.498 794.6663 788.9128 783.2916 777.6703 772.0981 766.9108 762.3116 758.0126 753.8829 749.8546 747.243 744.7297
1113.3103 1112.1804 1110.4326 1109.413 1107.637 1105.5576 1103.0239 1101.4969 1100.5823 1099.3453 1097.5503 1096.0009 1094.7582 1093.1962 1091.881 1090.1329 1088.7094 1087.6873 1086.6653 1085.5675 1084.0104 1082.0322 1080.4065 1078.6544 1075.9773 1073.8419 1071.1677 1067.2545 1062.1927 1057.4221 1051.5811 1045.9741 1039.0664 1032.4751 1025.9233 1017.8498 1010.163 1002.6979 994.9749 986.6837 978.2167 968.8892 960.3661 950.205 941.1333 931.8147 922.6636 912.9785 904.6638 895.5868 886.478 877.9187 869.8246 861.5356 854.2779 846.9841 840.9999 835.376 830.0316 824.856 820.613 815.8818
1108.8351 1105.1085 1101.2899 1097.4086 1092.8441 1088.793 1083.9633 1079.4885 1075.5314 1070.8867 1066.1537 1061.7671 1058.0106 1054.2219 1050.4601 1046.6233 1042.4421 1038.2545 1034.5435 1030.3738 1025.6993 1020.9662 1016.3055 1012.1588 1007.1337 1002.6888 998.8112 994.7627 990.5859 986.4634 982.1871 978.6349 973.6987 969.8977 964.9576 961.0421 956.6708 952.2056 947.7404 944.0018 940.3073 936.4831 931.9109 927.9714 924.0865 919.454 915.516 910.7082 906.0974 901.7035 898.599 895.0068 891.9586 888.6826 886.6124 884.4465 883.3958 881.7897 880.5532 879.5439 878.4663 877.4447
1006.1902 1004.9716 1004.2916 1002.3298 1001.6596 1000.4985 999.9818 999.4911 998.7972 997.3618 996.2181 995.4248 994.0927 992.7606 991.4285 990.0964 988.3076 986.4322 985.1001 984.1851 983.1786 982.2527 982.2654 981.6306 980.7395 980.2519 979.8385 979.425 979.0117 978.5982 978.1848 977.851 977.3773 977.7759 978.212 978.791 979.3088 979.8141 981.1656 981.8209 982.4296 983.0305 982.6468 983.2554 983.7903 983.5588 985.0742 986.4981 987.9221 989.3832 990.993 992.5434 994.1487 995.4865 996.2721 997.048 997.6285 997.2014 996.5616 996.1573 995.5616 995.5162
911.6859 916.3199 921.1379 926.4921 931.1819 936.0203 941.4487 946.1537 951.0948 956.3813 961.3299 966.9485 972.1741 976.7982 981.4221 985.6459 990.1338 994.7741 998.9182 1003.5837 1008.2455 1012.3925 1015.6609 1019.0307 1022.181 1025.6072 1028.7478 1032.2146 1035.3146 1038.1376 1040.2561 1042.8629 1044.9408 1046.8888 1048.8518 1050.0088 1051.8572 1052.9736 1054.0703 1055.0969 1056.119 1057.1333 1057.1631 1058.1851 1059.2013 1060.0692 1060.2313 1060.3933 1060.5554 1060.5481 1059.7692 1058.9902 1057.981 1056.49 1055.63 1054.4789 1052.9625 1051.6613 1049.3766 1046.8937 1044.9645 1042.6697
816.0179 822.0914 828.1735 834.2959 840.5507 847.5999 854.459 860.7761 867.8291 875.1924 882.9053 890.3276 898.0178 905.0547 912.0916 919.1035 926.5646 933.6658 940.1815 946.7255 952.799 958.84 964.821 970.2363 975.2514 980.2818 985.2944 989.6683 993.715 997.0439 1000.7874 1004.0613 1007.0809 1009.3047 1011.3488 1013.3425 1015.3795 1017.3707 1018.4686 1019.4907 1020.5127 1020.5917 1021.5287 1021.5875 1021.5766 1020.7568 1020.6457 1019.6824 1018.7191 1017.5718 1015.7805 1014.5436 1012.5438 1010.5154 1008.53 1006.5265 1004.8206 1003.4384 1001.3723 999.6739 998.5931 997.064
736.4659 743.462 749.5942 755.8907 763.0154 770.1697 777.3155 784.6918 792.8317 800.6907 807.8698 815.3706 823.1782 830.7092 838.4512 846.0247 853.7403 861.3586 868.9969 876.6369 884.2149 891.8796 899.9831 908.0649 915.5215 922.603 929.6846 936.7411 943.7863 950.0882 955.4005 961.2056 967.2287 971.6187 976.4571 981.4581 985.5936 989.6091 993.5909 996.6407 1000.5846 1002.5918 1005.5555 1007.5268 1009.4955 1011.4339 1013.401 1015.336 1017.2709 1019.1993 1020.9066 1022.2876 1024.9307 1026.8293 1028.7279 1030.6265 1032.5371 1034.4592 1036.3578 1037.8809 1038.8302 1040.1959
682.5467 690.7072 698.8554 707.0059 715.3579 724.3167 732.4789 740.6447 749.0977 758.2778 767.448 776.623 785.8022 795.3631 805.5497 815.3051 825.3841 835.6324 845.3038 855.4892 865.1366 874.3146 883.4989 892.6832 901.8587 910.3829 918.5451 926.7073 934.8696 942.2886 949.4183 956.5553 963.6955 970.8128 978.7784 984.3223 991.1904 997.3956 1002.5712 1008.6044 1013.736 1018.8045 1023.8862 1028.9542 1034.0222 1038.9958 1043.1721 1048.1022 1052.3219 1057.0271 1060.4827 1065.0931 1068.1559 1070.9396 1072.9836 1075.0277 1076.7383 1078.1296 1079.7966 1080.8271 1082.2697 1084.3059
652.6705 658.8969 665.8779 672.1542 679.2738 686.3884 693.744 701.6204 708.7355 715.8541 722.9696 730.0907 737.2118 744.7172 752.4412 759.1358 766.1456 773.3262 780.4271 787.0018 793.1726 799.7267 806.4148 813.5359 820.024 826.123 832.2276 838.3293 843.7072 849.5275 854.8675 859.9528 865.0381 870.1234 875.2087 879.4257 883.4901 886.6338 890.6166 894.6721 897.7415 901.7669 903.8236 906.8053 908.8245 910.8445 912.7542 913.7585 914.7557 915.5719 915.5636 915.5516 915.2828 914.5284 914.2178 913.1791 912.1378 911.0967 909.6842 907.6252 905.9861 904.4991
663.3807 665.5779 669.3691 672.3179 675.1056 677.29 680.2336 682.9343 685.1724 687.8102 690.0884 693.0118 695.9445 698.4785 701.2008 704.6836 707.1536 709.5253 712.4227 714.8286 717.2787 719.6418 722.1525 725.0778 727.3768 729.2984 731.8768 734.0908 735.2822 736.925 738.8008 740.6611 742.4973 744.352 746.1868 748.0166 748.9489 748.9198 749.6825 749.5861 748.5065 748.3701 748.218 747.0735 745.929 744.8774 744.61 743.3299 741.1891 739.201 738.0259 736.4153 733.7581 732.3048 729.8748 726.7263 723.2608 719.821 717.3143 713.4026 709.1068 705.5274
832.9105 831.829 830.6934 829.6829 829.524 829.1509 827.9822 827.0726 826.2905 824.7143 823.887 822.0657 820.5353 818.3854 816.2354 814.0855 811.9355 809.3316 806.6615 804.4586 802.2557 800.0529 798.4084 796.5953 794.3596 792.1377 789.8997 786.981 783.7933 781.2876 777.6202 773.4791 768.5287 764.1969 759.2466 754.1365 748.1288 743.788 738.7542 733.6439 729.4173 725.2751 721.0544 715.9443 710.8303 705.6721 700.5558 695.4 690.1362 684.0569 677.9777 672.1146 666.5432 660.0497 654.6758 648.9329 643.5021 637.783 632.706 627.5958 622.0814 616.4504
