Resources/Map/Lvl0_30x30/Ele_CJ.asc
ncols         335
nrows         335
xllcorner     10105000
yllcorner     -25000
cellsize      10000
nodata_value  -99999.0
[rows 81 to 107 of 335, columns 180 to 239 of 335]
254.1835 215.9898 188.8491 185.1562 359.8102 265.4709 141.8161 129.8275 154.8241 97.2471 108.6405 203.0588 146.2311 121.7709 128.9004 122.9194 95.8049 107.0841 117.7975 123.5302 129.3888 92.9758 80.531 125.4478 77.349 160.5709 183.3705 229.9226 212.2469 192.8811 213.6796 269.4259 536.037 107.0307 63.4744 73.327 84.91 187.7819 150.9143 227.4566 613.6391 256.3063 280.2576 359.4106 282.7691 326.247 756.2047 616.4107 366.6067 178.2703 100.2537 216.2607 253.0968 333.245 129.8292 108.7628 158.8403 407.1195 448.4742 536.8003
373.2434 196.7336 163.263 228.8365 126.9508 132.85 135.7128 139.7798 169.0981 151.592 167.6508 136.1814 146.9119 182.8254 133.5355 133.7747 99.9856 128.8874 178.7787 135.8578 99.1929 90.0001 113.6708 124.2386 128.6632 92.5428 105.3317 234.6304 312.7519 287.4366 207.9493 404.8133 449.0366 201.2581 73.1038 93.2878 147.6252 259.188 185.888 182.4588 349.3898 363.3656 289.5984 343.4608 159.9657 309.8344 389.353 550.5482 510.8375 475.1404 371.8158 272.4874 441.6616 274.7386 103.6682 48.8049 335.7782 253.36 522.2923 236.4646
145.8548 149.8522 153.3355 165.2746 128.2581 175.1329 186.3996 134.5401 167.2543 170.389 129.8589 187.1201 220.244 139.9951 141.4178 124.6268 127.9624 61.9437 97.1706 182.2792 272.178 64.9155 67.4195 86.6919 57.2939 62.1648 200.9725 161.2605 152.2705 393.6399 393.5436 247.8541 236.4192 157.268 67.5837 152.9492 146.4799 181.9609 234.229 275.794 284.5952 186.8496 245.6155 290.0526 95.0711 401.1485 376.3386 715.5131 940.9702 293.3732 552.6039 720.0715 232.1231 96.8961 56.312 51.3894 391.7596 353.4867 179.5723 248.4045
220.785 216.2859 188.8493 170.8402 279.1775 291.3842 162.3858 181.7437 205.3103 222.1257 257.39 251.4819 197.6406 192.6451 161.5794 166.504 79.7781 43.7727 35.0926 82.6992 69.6782 40.6426 34.6487 61.9075 143.9307 136.9473 88.3601 160.0372 188.1278 224.8256 332.6226 134.9348 119.626 57.8654 148.9838 220.1408 126.4544 381.2135 221.6869 156.4608 170.1193 113.9058 199.6546 71.4818 96.0434 436.4757 511.06 1303.0511 766.2874 797.228 450.527 401.7749 234.6938 179.0861 38.7051 164.7686 394.8814 309.134 64.9541 49.7056
292.9102 228.188 225.3823 285.417 258.4951 201.8204 246.7018 293.8408 370.1485 413.1863 441.7962 304.2474 303.7285 209.2215 188.609 39.2374 96.2575 30.3808 56.3139 79.7439 22.5912 41.8699 140.4825 74.3311 87.1306 62.5893 211.9436 221.9829 80.2759 110.2594 345.6043 166.9291 63.4673 48.433 236.6299 175.1969 79.2031 190.4738 90.569 204.7176 73.0369 86.248 145.4033 62.5248 137.521 130.2511 284.8557 474.5768 431.3802 376.1298 351.5448 421.3254 163.3058 19.4664 135.5287 227.6273 282.2678 321.4651 301.1461 55.8816
141.7189 121.8505 124.9284 199.1179 137.1665 145.4454 176.0425 141.6891 196.2057 204.4606 207.1945 296.8745 310.7435 221.2522 256.698 103.1057 29.3228 16.8432 27.2556 9.6461 29.4805 84.1268 48.3769 47.4847 70.696 61.8499 129.3046 70.395 76.0928 95.1325 97.6927 67.5574 58.7912 112.156 185.8865 193.6989 97.2494 112.2244 58.0306 114.1062 62.9695 65.3653 79.3388 61.9841 114.388 120.7951 278.1307 420.0924 235.6844 120.8208 96.0557 78.0844 109.6722 85.6884 151.0013 117.3174 311.0416 110.3472 33.8361 35.1661
162.0921 147.4538 481.7223 317.141 225.507 305.3707 401.4382 188.4118 216.2686 201.4416 544.2584 339.2026 288.6993 388.3356 127.4115 19.6083 116.2516 33.3655 18.8689 25.2978 32.4828 38.1876 54.0577 63.4675 63.575 57.8076 68.8784 58.9832 51.1371 46.5399 54.0785 77.3091 75.3275 137.0802 98.2674 74.8904 59.8724 63.6797 58.3259 72.4829 39.3844 41.0186 73.6919 37.761 63.0538 116.1825 884.196 369.7512 403.4418 120.3408 68.8316 49.3588 22.5947 15.3168 27.3535 71.9957 246.1488 29.5123 23.9121 57.1399
243.8654 320.2608 306.2106 678.9006 614.4137 579.129 283.6988 289.925 266.9478 254.7412 397.6221 518.0614 521.9575 140.6566 150.8498 223.6059 17.7078 7.8288 8.3158 32.6688 25.4696 41.8877 128.7681 36.3079 35.8394 54.5755 51.982 48.2909 50.8953 77.325 173.6503 145.0383 192.4859 186.1588 71.3457 61.2711 50.2729 53.1963 74.3906 92.849 22.0674 35.0509 35.9699 50.0684 59.5947 90.1018 586.6134 277.1352 118.6526 185.4985 520.3489 72.4025 16.5282 18.9269 11.7752 12.4596 36.3124 18.7092 65.4949 45.1082
870.4686 305.9368 338.6151 458.7779 426.5818 452.2267 403.131 594.6205 688.1769 508.3464 466.9771 203.951 154.6476 181.751 66.4345 37.0574 16.7429 2.6012 9.8503 17.1581 11.2553 21.3268 26.8837 42.9963 34.0485 38.9552 25.5914 28.0082 62.3094 78.0409 47.4277 98.8382 86.1502 72.3644 69.1237 59.5612 64.7573 45.123 63.7888 43.8977 23.8157 50.3797 30.9785 37.7847 44.8523 136.1514 132.1965 45.543 282.6114 570.8966 288.8261 21.8783 12.1256 85.8302 16.5685 8.9338 8.5632 24.0748 19.8158 101.1364
280.9914 368.3696 442.6526 602.144 460.0383 598.5835 726.7611 712.6698 431.0047 276.7522 394.6011 490.3419 283.3792 33.0075 38.8153 8.0307 12.4487 3.5146 8.5674 10.4296 10.4053 11.429 27.2369 30.1411 14.9541 13.2188 28.2489 41.0211 60.9231 16.9563 19.8364 36.3215 55.3537 38.2797 42.0496 47.5237 47.9487 38.5059 53.9726 40.2343 43.3501 20.0196 37.7401 12.9922 27.131 46.308 30.8814 47.1951 73.2351 60.808 33.0784 19.7185 20.0549 5.186 7.0175 11.4077 -1.9215 -3.2502 57.6627 126.6899
364.2665 423.7669 433.0041 556.5366 666.2822 663.6805 598.3734 347.0405 328.0592 94.7461 160.3505 110.9518 36.3576 95.502 40.3918 13.5642 6.0626 5.3876 -2.2787 1.6672 10.4186 4.5041 9.3449 6.5053 8.9306 40.0394 33.8121 23.7574 17.1195 17.3413 15.6727 25.8422 40.6486 28.1473 26.6952 34.3015 21.1669 33.3453 63.6119 27.8317 21.7803 11.4004 15.0499 15.2399 20.0784 20.4423 39.3582 193.083 30.7228 19.4121 58.8773 54.9791 210.0379 12.2593 72 17.7428 -7.3884 -7.9981 -5.1747 4.9367
339.8188 228.1875 492.3733 502.255 386.467 277.0515 613.6031 836.9885 246.8616 58.7227 27.3088 13.6925 15.9174 4.0845 24.324 3.8192 1.8545 -2.7095 -5.813 -5.793 -4.8277 -6.0352 -5.7463 -2.5037 8.8099 20.8715 21.9004 25.3152 21.7277 4.9139 20.4026 9.8363 17.5237 27.1119 12.2032 11.3286 27.8047 29.221 24.4117 24.3844 13.1421 8.4555 13.8925 12.6074 14.4644 16.4955 45.9905 44.8391 28.2809 7.7277 11.1026 6.8504 61.0887 -4.7894 2.5264 -10.4842 -14.9859 -10.5894 -12.6834 -16.7316
244.5331 186.4979 205.9812 264.3882 212.5924 536.0303 510.7148 349.6276 29.8985 4.0877 1.0521 8.7136 -3.131 -3.9385 -3.3104 -7.3219 -8.2466 -8.4183 -9.7866 -10.4041 -10.3521 -10.0651 -9.1901 8.5068 12.5267 10.1721 16.8196 13.3339 3.702 -1.3054 4.7538 23.5054 8 7.7929 21.941 27.3642 17.7581 15.4445 11.1326 13.1587 14.4178 10.812 5.6671 23.7631 19.4095 12.7753 9.1511 1.7884 9.3993 -3.549 -5.6448 -9.7658 -14.713 -19.0408 -20.0763 -20.5427 -21.8152 -19.9667 -21.0877 -19.5294
146.6621 181.0758 286.4497 179.9888 150.3325 306.7866 58.3921 26.5487 8.1138 0.3349 0.3805 15.0669 -7.8474 -11.2013 -13.8161 -15.4526 -15.8172 -15.7811 -15.5143 -15.4648 -15.026 -14.004 -12.342 -8.3938 -4.9751 -4.853 -6.4995 -5.7143 -5.7665 -5.5602 -3.3711 0.5447 6.7331 16.1623 20.4847 24.0898 23.0503 22.1079 9.4894 15.5993 8.6803 6.1621 2.0436 7 -2.1536 -6.9373 -7.8211 -8.1985 -12.1006 -16.6516 -19.4497 -20.4227 -22.0257 -23.7603 -23.9086 -23.5314 -25.1753 -26.2109 -25.4667 -23.4365
367.8023 157.1026 187.0413 72.6123 76.7291 11.2296 8.4653 1.958 15.5235 -0.5928 -2.242 -4.9652 -13.989 -18.3788 -21.6604 -22.2243 -21.2364 -20.5305 -19.6039 -19.2146 -18.5246 -17.7672 -16.7452 -15.4716 -13.4275 -11.7826 -11.1105 -10.3101 -9.5323 -9.0658 -5.0182 12.4896 18.6167 17.4226 31.3489 74.6266 60.0998 22.7661 3.1534 11.008 7.7873 6.9505 -8.7578 -11.4592 -12.9211 -14.2752 -15.3829 -17.1853 -20.3128 -23.4481 -24.8212 -25.2569 -26.1902 -27.2122 -27.6033 -28.5812 -29.6032 -30.6247 -30.9642 -31.6586
205.8493 175.0266 237.8024 126.0606 37.6791 27.446 108.9776 6.3949 -0.5986 -2.2702 -8.9252 -9.8482 -20.4648 -24.4501 -26.3877 -26.3125 -25.1932 -23.2684 -22.2464 -21.3311 -20.9765 -20.4864 -19.4644 -18.1908 -16.0518 -13.7557 -12.3469 -12.0073 -10.9852 -9.2818 -1.4515 18.9438 14.6834 21.5781 24.5906 41.554 44.4481 41.5395 8.4261 5.289 7.5315 -7.2406 -12.4891 -14.8665 -16.8163 -18.6049 -20.0623 -21.9485 -23.9926 -26.5751 -28.181 -29.2563 -30.2783 -31.3004 -32.3224 -33.3444 -34.3665 -35.7354 -36.7881 -39.1868
191.3387 242.8656 408.3519 196.2936 75.6027 62.2925 33.2088 8.293 -0.1533 2 -18.1885 -21.9117 -26.8598 -28.5268 -30.1069 -30.0317 -28.9482 -27.4006 -26.7035 -25.6212 -24.2905 -23.1919 -21.5387 -17.9214 -13.3259 -14.1489 -13 -12.6603 -11.7717 -8.0158 6.127 23.997 18.0196 19.1825 21.8741 16.6085 9.443 8.0304 4.0263 1.4145 -3.8982 -10.5177 -14.8742 -18.1837 -20.5355 -22.1149 -23.9926 -26.0367 -28.0807 -30.1248 -32.1689 -33.3444 -34.3665 -35.3885 -36.4105 -37.4326 -38.4546 -40.4769 -41.9048 -44.5938
9.9171 8.7081 174.6814 168.8421 134.0883 1.6319 58.6278 0.696 1 58.2387 -22.7987 -28.4996 -31.1786 -31.8254 -33.173 -33.0978 -32.1138 -31.564 -31.3674 -29.9101 -28.3786 -27.2302 -24.628 -17.5802 -10.8893 -13.3134 -12.7332 -12.7931 -12.2496 -7.7123 9.0889 30.2204 22.6719 28.1381 25.2858 11.3683 2.8725 13.3647 13.8333 29.3525 -4.1874 -11.7086 -17.2662 -21.2498 -23.6016 -25.6457 -27.9863 -30.43 -32.5599 -34.2816 -35.926 -37.3812 -38.4546 -39.4766 -40.8641 -41.5376 -42.5427 -44.5652 -46.2186 -48.2451
18.0044 9.5578 13.4568 10.0171 11.0252 126.2705 43.6713 -8.8878 -12.5709 -19.0497 -27.7638 -32.1853 -34.6559 -35.1147 -36.6522 -36.5769 -35.6522 -35.6029 -34.9564 -33.0757 -31.9771 -30.7043 -28.7274 -22.3781 -16.7195 -11.8316 -12.3176 -13 -12.6383 -7.1697 17.4687 21.813 26.5684 12.1835 21.1336 8.6658 -0.3515 -2.7028 -4.282 11 16.1601 -11.0172 -19.2452 -23.9028 -26.2547 -28.907 -31.9272 -34.9933 -37.257 -38.4766 -39.4987 -41.3892 -42.5427 -43.5648 -45.5215 -46.0473 -47.4482 -49.066 -50.1108 -52.1656
86.9456 24.9535 1.563 2 8.9783 9.6584 -8.5819 -19.7655 -26.6671 -30.2494 -31.82 -35.261 -38.7534 -40.193 -40.7403 -40.6978 -40.1331 -39.5691 -38.0225 -36.0707 -34.4993 -32.6896 -30.623 -24.316 -17.7118 -13.5574 -13.6434 -13.2873 -12.6383 -8.5637 3.4471 14.3785 24.8089 24.7617 11.0048 8.097 9.4729 2.4697 -5.5277 -6.1367 -5.2694 -11.2847 -20.467 -25.5118 -28.4852 -32.2505 -35.9102 -39.421 -41.7802 -42.6411 -43.5868 -45.0995 -46.1958 -48.0119 -50.4513 -51.9834 -54.003 -55.0466 -56.5064 -57.7312
46.1775 3.9502 -4.5377 -8.0206 -4.8681 -9.7358 -22.7871 -26.0266 -30.1208 -31.8312 -34.2855 -38.771 -42.8468 -44.8285 -44.8528 -45.2512 -44.7312 -43.5353 -41.024 -38.5874 -36.3738 -33.4902 -30.7953 -27.0279 -22.0897 -18.323 -16.2789 -14.4193 -12.93 -10.0812 -1.8058 26.4306 45.5076 56.0254 37.6213 41.6916 44.4119 15.0672 -2.3385 -8.2082 -9.8291 -13.2409 -20.7256 -26.2525 -30.3143 -34.739 -39.2943 -44.2064 -46.8904 -46.9087 -47.675 -49.491 -51.8545 -54.0175 -56.1492 -58.6362 -62.4896 -62.657 -62.8493 -63.7465
-9.8808 -14.3754 -15.4552 -17.398 -19.0721 -25.6706 -31.7375 -31.5385 -32.3585 -34.3235 -37.3327 -42.373 -45.4975 -47.4343 -46.0184 -45.7093 -46.9027 -45.8135 -44.0134 -40.9541 -37.6486 -33.2782 -30.6308 -29.7423 -24.4896 -19.8879 -17.8439 -15.637 -13.2766 -10.2651 -4.2159 21.7278 39.2998 52.2526 74.4049 93.4531 73.8997 10.024 8.319 -5.1138 -8.6678 -11.6614 -18.124 -24.7289 -29.7619 -35.4289 -41.5185 -46.8928 -50.3738 -51.319 -53.0534 -55.1273 -58.1046 -60.2246 -61.3304 -63.8074 -66.5062 -67.4773 -65.0892 -68.9147
-20.9936 -22.2721 -22.5078 -22.5044 -24.5847 -31.4111 -33.3758 -33.5009 -34.8838 -36.8885 -39.8976 -43.9485 -46.5195 -48.392 -44.8936 -43.2633 -46.499 -46.561 -46.5074 -42.8476 -38.6669 -34.1725 -30.8868 -29.2411 -24.268 -20.5569 -18.8659 -16.1416 -12.7754 -10.7331 -7.2732 2.831 39.7143 61.394 97.799 128.3419 121.5901 65.7862 23.4503 2.9422 -6.1881 -9.7682 -13.6761 -20.1856 -26.7815 -34.0197 -41.6862 -47.7937 -53.0164 -56.0669 -57.7727 -60.6121 -62.3419 -64.7864 -65.9394 -63.6029 -64.9679 -73.0104 -71.071 -73.5058
-24.3144 -25.3008 -26.312 -25.75 -26.7996 -30.3866 -32.2893 -33.8461 -35.842 -37.8861 -40.8952 -44.4778 -47.0183 -48.9405 -47.0421 -46.247 -47.667 -48.5017 -47.5085 -43.9551 -40.3047 -36.3251 -32.8705 -29.2655 -24.4289 -21.0729 -19.6971 -17.5258 -13.4677 -12.1256 -11.8944 -6.7366 5.4674 14.4486 48.5572 114.4503 150.0603 129.0695 51.9757 17.8518 -6.2629 -11.3465 -12.8892 -17.4978 -22.9819 -31.8155 -40.9404 -49.2794 -55.861 -59.9512 -61.0126 -64.0722 -65.4138 -68.3034 -69.9933 -64.3973 -73.175 -83.2287 -78.5469 -77.689
-26.9744 -27.5086 -27.9945 -27.6484 -28.3781 -29.7889 -30.7976 -33.1976 -35.2968 -37.855 -40.8952 -44.9485 -47.0183 -49 -49.029 -49.6273 -50.5209 -49.3462 -48.1982 -45.6003 -42.3488 -38.355 -34.6272 -30.1504 -24.7565 -21.0247 -20 -19.3821 -17.3258 -16.5496 -16.9147 -12.4982 3.5624 9.6594 27.6095 71.2624 83.6836 67.4136 53.8627 3.8552 -11.5184 -15.5092 -15.8156 -17.2098 -19.2734 -29.8593 -40.6935 -50.8746 -59.6552 -62.7712 -65.3217 -66.0426 -67.9523 -72.8266 -73.612 -77.1985 -84.658 -90.1759 -83.1866 -79.4232
-29.1346 -29.4664 -29.5673 -29.2164 -29.495 -29.9372 -30 -32.1869 -34.2747 -37.7968 -41.9902 -45.5231 -47.0183 -49.0177 -49.7111 -52.377 -53.4652 -51.0661 -49.3648 -47.7371 -44.9601 -40.6366 -35.5191 -30.0627 -23.2406 -20.3048 -20 -20.1927 -19.59 -18.6846 -19.6488 -17.4109 -8.3577 18.7151 25.603 56.9852 35.3684 30.5283 10.6095 -17.0231 -18.0123 -18.7828 -18.4644 -17.3492 -19.3351 -29.6431 -40.5836 -52.027 -61.6811 -64.3681 -67.4731 -69.1023 -72.4461 -75.2058 -70.2564 -80.9605 -84.5295 -89.162 -87.0237 -81.6939
-30 -30 -30 -30 -30 -30 -30.5168 -31.3277 -30.5388 -37.015 -43.9423 -47.14 -48.197 -50.3201 -54.7707 -55.8876 -57.1627 -54.929 -51.6266 -50.4412 -48.0262 -43.0341 -34.8574 -27.8235 -21.7512 -19.8258 -19.0363 -18.3715 -18.9012 -20.2824 -22.4854 -25.1252 -23.684 -19.2721 -18.9075 -24.2122 -31.185 -37.4046 -36.2995 -26.1762 -18.9478 -16.3522 -16.3894 -16.89 -22.2552 -31.155 -41.6198 -54.0033 -62.2416 -67.1818 -70.985 -72.0942 -76.2658 -68.7007 -69.4309 -83.835 -85.5135 -88.7683 -89.1949 -89.67
