Resources/Map/Lvl0_30x30/Ele_CI.asc
ncols         335
nrows         335
xllcorner     6755000
yllcorner     -25000
cellsize      10000
nodata_value  -99999.0
[rows 286 to 311 of 335, columns 232 to 289 of 335]
-4262.4492 -4248.564 -4239.0586 -4231.5396 -4225.2729 -4219.4292 -4214.1191 -4209.4004 -4208.3989 -4209.6147 -4199.9976 -4198.4258 -4198.1587 -4192.355 -4196.7573 -4196.6104 -4189.2158 -4182.8877 -4178.7642 -4181.1855 -4171.4692 -4179.5479 -4193.2354 -4187.6655 -4209.436 -4216.1567 -4197.3809 -4170.8457 -4157.02 -4159.126 -4185.7256 -4165.0542 -4155.9653 -4153.4434 -4142.9282 -4151.6553 -4118.5249 -4119.6304 -4099.3027 -3941.375 -3605.728 -3519.3604 -3871.0374 -4150.7871 -4172.1143 -4038.4895 -3989.0366 -4075.9854 -4138.4482 -4150.7983 -4093.3428 -4078.3335 -4095.1648 -4112.0425 -4122.1772 -4130.8574 -4127.3872 -4129.0298
-4263.6626 -4254.0532 -4250.5254 -4245.8218 -4238.1841 -4231.3584 -4226.8345 -4218.4136 -4215.4624 -4216.2485 -4214.0161 -4213.0293 -4210.4253 -4200.6592 -4199.0615 -4200.9023 -4197.876 -4190.3682 -4185.0195 -4181.1543 -4174.0327 -4178.3057 -4181.2026 -4184.2188 -4205.8203 -4214.2085 -4190.1479 -4160.3496 -4170.8521 -4177.4282 -4183.895 -4174.563 -4173.1567 -4172.8579 -4159.0269 -4144.125 -4078.5444 -4059.9641 -3952.5393 -3726.2734 -3551.3828 -3686.3276 -4022.9731 -4197.834 -4209.8823 -4089.9434 -4062.7729 -4146.6934 -4172.9487 -4147.8413 -4111.333 -4097.835 -4114.2217 -4126.9878 -4123.9106 -4133.833 -4138.3911 -4144.2813
-4267.6411 -4260.9028 -4260.0532 -4254.6909 -4248.0396 -4243.5542 -4241.0063 -4234.4639 -4223.4551 -4213.8408 -4212.8359 -4217.3989 -4219.4199 -4216.2651 -4208.791 -4209.4736 -4208.7979 -4196.3569 -4189.584 -4179.0928 -4171.3716 -4171.1079 -4175.5039 -4183.7646 -4195.9307 -4198.5479 -4185.7344 -4173.4854 -4172.8804 -4181.2671 -4176.1372 -4180.3882 -4187.8096 -4193.9951 -4187.252 -4178.895 -4074.2842 -3901.2063 -3551.1794 -3348.7107 -3517.7222 -3887.386 -4158.1118 -4207.4097 -4202.7085 -4139.6475 -4130.7676 -4191.0913 -4212.1118 -4186.2407 -4158.5708 -4127.9717 -4117.8662 -4121.9834 -4131.1479 -4136.5527 -4138.334 -4147.2178
-4274.2832 -4268.4473 -4267.8721 -4263.8091 -4261.7153 -4256.9717 -4249.7705 -4243.8213 -4232.5488 -4218.1611 -4213.2695 -4218.2559 -4223.7095 -4229.0903 -4220.2295 -4217.9976 -4216.9648 -4205.3169 -4195.2905 -4182.7168 -4176.103 -4177.9336 -4176.6079 -4182.2866 -4187.7046 -4185.3203 -4186.9541 -4181.3862 -4160.7681 -4184.2246 -4171.2861 -4189.5015 -4206.1416 -4219.5708 -4234.7549 -4257.6938 -4171.3438 -3950.6011 -3566.8752 -3378.999 -3632.4299 -4035.3633 -4240.7207 -4239.3921 -4203.3931 -4167.0908 -4163.3716 -4191.04 -4206.0703 -4191.5698 -4172.0259 -4149.2197 -4128.5273 -4132.1948 -4138.9746 -4136.6875 -4141.9321 -4150.1616
-4279.3896 -4275.1221 -4274.2168 -4270.6235 -4273.1792 -4269.8042 -4258.2393 -4245.9932 -4234.4673 -4228.8438 -4230.2944 -4228.3848 -4224.8901 -4230.3003 -4231.0322 -4224.9883 -4219.4663 -4209.5913 -4199.9883 -4189.3618 -4182.4385 -4186.9653 -4185.8486 -4189.0591 -4187.3521 -4184.5249 -4193.4536 -4171.6699 -4137.0938 -4174.3911 -4173.4087 -4207.8516 -4252.4663 -4275.7373 -4283.937 -4300.5615 -4297.0513 -4207.6348 -3961.9612 -3725.9573 -3838.8933 -4148.1372 -4280.5547 -4275.8765 -4252.9321 -4210.8301 -4181.5957 -4181.585 -4185.0625 -4177.3721 -4178.5146 -4193.9585 -4177.6709 -4152.9131 -4150.1338 -4148.04 -4151.6343 -4157.6509
-4286.1094 -4283.9517 -4279.9648 -4273.5371 -4276.4858 -4276.4238 -4266.3027 -4250.4058 -4237.9248 -4237.4385 -4241.7319 -4240.5249 -4233.2676 -4231.3047 -4234.8467 -4227.2534 -4218.5078 -4209.6626 -4204.0562 -4194.0371 -4186.9165 -4192.0571 -4190.6543 -4196.4297 -4186.5825 -4174.75 -4185.2983 -4178.0386 -4163.8994 -4183.5947 -4182.6494 -4225.2095 -4305.7759 -4342.0762 -4331.8979 -4315.5986 -4333.0078 -4312.645 -4185.7783 -4044.3601 -4081.0383 -4236.085 -4293.4795 -4290.9673 -4278.7598 -4240.4766 -4213.4297 -4210.4712 -4204.3584 -4190.2939 -4180.0498 -4206.644 -4203.7207 -4166.874 -4155.8735 -4150.7788 -4159.8208 -4163.8833
-4297.978 -4295.7319 -4290.8232 -4283.0103 -4279.3306 -4279.7432 -4272.7334 -4258.9385 -4247.8276 -4246.8765 -4248.8745 -4249.8271 -4244.3242 -4242.126 -4239.8159 -4235.9673 -4225.2793 -4214.2417 -4211.1831 -4202.6465 -4199.4556 -4195.4463 -4188.3833 -4204.5669 -4198.2529 -4188.709 -4199.1704 -4184.8159 -4172.2666 -4179.0542 -4198.1011 -4230.9648 -4303.625 -4325.3232 -4337.2339 -4342.0098 -4312.8403 -4276.3604 -4223.7051 -4196.2378 -4219.522 -4271.1333 -4295.0967 -4286.0254 -4248.6543 -4218.6973 -4202.4863 -4215.3882 -4233.5488 -4233.7632 -4201.2935 -4194.1626 -4186.9697 -4167.0542 -4160.8613 -4147.4585 -4158.9189 -4171.5405
-4308.6709 -4305.7461 -4299.1479 -4285.7603 -4278.5381 -4282.7217 -4276.6289 -4263.5283 -4257.4526 -4256.0356 -4255.5415 -4255.1572 -4252.8438 -4253.5332 -4247.291 -4240.936 -4229.3984 -4222.5581 -4225.3325 -4218.915 -4215.4746 -4210.5864 -4200.8237 -4210.7583 -4211.084 -4208.6821 -4212.1494 -4185.1357 -4176.3633 -4189.4507 -4211.5254 -4232.417 -4205.1807 -4081.4106 -4203.4663 -4324.3921 -4288.2725 -4252.7261 -4229.0439 -4234.4336 -4253.7471 -4274.2402 -4278.3843 -4257.4351 -4230.5664 -4193.2998 -4158.3198 -4192.5742 -4242.4092 -4262.8931 -4247.2124 -4233.3374 -4209.0513 -4175.6875 -4171.2544 -4167.4683 -4170.1748 -4184.4624
-4316.7813 -4313.4214 -4306.6016 -4290.7622 -4279.4639 -4282.8579 -4278.499 -4267.1182 -4269.3838 -4269.6519 -4263.2637 -4260.5088 -4262.7793 -4266.2383 -4254.3662 -4241.8594 -4231.5015 -4226.8535 -4233.1357 -4233.9321 -4228.7949 -4232.501 -4221.2759 -4216.9351 -4214.2485 -4202.5708 -4205.8726 -4203.9063 -4205.6724 -4209.8022 -4221.459 -4234.7935 -4147.6348 -3964.7839 -4127.9653 -4262.6162 -4249.0239 -4235.4038 -4231.6289 -4243.9912 -4276.042 -4303.1909 -4292.3125 -4259.5728 -4215.7842 -4140.7798 -4124.7051 -4196.0244 -4241.9795 -4252.5747 -4225.0391 -4207.0752 -4198.1382 -4177.8447 -4183.1904 -4188.7427 -4188.7793 -4204.4897
-4324.7803 -4319.4731 -4313.7954 -4303.9858 -4291.8096 -4285.291 -4279.833 -4276.3901 -4280.187 -4278.7793 -4272.2373 -4267.3706 -4269.6909 -4268.021 -4257.4185 -4249.2021 -4242.8237 -4237.8013 -4233.2256 -4238.3003 -4242.0693 -4244.7808 -4226.3931 -4209.7031 -4222.7666 -4195.6001 -4182.8159 -4208.2866 -4228.0063 -4220.957 -4228.7827 -4237.6157 -4224.2002 -4161.5303 -4218.2417 -4258.27 -4240.002 -4232.6841 -4233.7329 -4231.9614 -4264.353 -4303.0938 -4294.6313 -4266.6851 -4193.522 -4087.4546 -4088.7576 -4176.5708 -4239.0488 -4259.9121 -4241.8354 -4218.2944 -4194.1909 -4188.0259 -4217.0151 -4228.5332 -4207.2075 -4204.3638
-4329.5732 -4324.3091 -4319.8457 -4310.6563 -4298.604 -4292.3906 -4290.1118 -4286.6382 -4281.3047 -4282.3374 -4284.0972 -4276.0264 -4272.873 -4267.9844 -4261.6641 -4261.3901 -4257.251 -4256.1362 -4247.9346 -4243.084 -4250.1304 -4252.2275 -4241.9048 -4226.6919 -4247.4619 -4229.1406 -4207.1313 -4235.0547 -4233.7153 -4218.9277 -4237.6914 -4250.894 -4273.3638 -4274.9707 -4269.6455 -4270.2183 -4250.6646 -4239.7021 -4241.8311 -4237.144 -4259.4644 -4287.0693 -4283.813 -4274.4619 -4218.9487 -4117.2163 -4087.6975 -4158.5386 -4235.7236 -4246.0464 -4235.582 -4227.5728 -4204.6265 -4203.937 -4249.1436 -4244.9766 -4223.1948 -4215.7061
-4336.6226 -4330.8882 -4328.3032 -4320.1826 -4308.75 -4303.6938 -4299.6885 -4290.0796 -4282.1865 -4286.9214 -4285.0552 -4278.2441 -4277.4058 -4274.7373 -4270.5337 -4274.231 -4274.1245 -4274.8521 -4276.6572 -4255.7456 -4247.686 -4254.5625 -4264.0107 -4240.8359 -4246.042 -4254.4653 -4244.3696 -4254.957 -4180.4751 -3999.7598 -4046.8203 -4224.4214 -4278.582 -4292.2314 -4274.6538 -4265.814 -4260.6475 -4247.8213 -4247.8159 -4243.7368 -4264.2466 -4280.8716 -4278.0947 -4277.7041 -4228.0869 -4129.8262 -4098.4409 -4179.9082 -4254.4502 -4237.1895 -4215.2305 -4219.5801 -4220.2021 -4215.624 -4241.2915 -4227.248 -4220.5073 -4239.2085
-4345.1973 -4340.0757 -4337.4414 -4330.8984 -4322.4429 -4314.8965 -4306.877 -4298.8755 -4291.312 -4291.5361 -4284.2915 -4281.6426 -4285.8018 -4282.0581 -4278.8247 -4282.0796 -4280.7271 -4281.9824 -4290.3301 -4275.769 -4261.0869 -4248.9531 -4252.2153 -4243.0488 -4247.7139 -4285.937 -4270.0596 -4264.5361 -4184.3179 -3887.6201 -3906.0413 -4203.1245 -4279.8354 -4282.0234 -4269.4194 -4259.5825 -4264.4243 -4254.9019 -4249.6548 -4225.1563 -4234.3008 -4256.6089 -4261.0127 -4263.04 -4228.9316 -4152.2378 -4125.8232 -4198.0601 -4258.3325 -4252.8433 -4254.7993 -4254.5854 -4250.8447 -4232.6265 -4220.9844 -4198.6743 -4184.0972 -4211.6948
-4340.0903 -4347.9912 -4350.4385 -4344.8086 -4336.709 -4325.4883 -4311.1167 -4300.7568 -4299.4409 -4299.6963 -4290.2173 -4291.3218 -4294.9434 -4291.9521 -4285.3672 -4286.0806 -4290.2329 -4286.814 -4290.1357 -4288.2051 -4273.0049 -4265.249 -4256.2607 -4258.7065 -4267.3662 -4284.6782 -4281.5166 -4300.7026 -4298.6104 -4204.2642 -4172.7715 -4267.6475 -4288.5977 -4279.5015 -4272.9141 -4268.2886 -4259.8423 -4249.708 -4263.356 -4228.521 -4209.5498 -4228.8447 -4248.4106 -4253.0635 -4211.9023 -4173.582 -4179.8188 -4214.7275 -4235.2939 -4231.5757 -4262.1997 -4268.4731 -4249.6655 -4220.7495 -4194.79 -4168.2236 -4155.6152 -4180.9131
-4344.46 -4353.9629 -4357.9478 -4352.9399 -4345.6245 -4331.4707 -4314.2754 -4297.6431 -4301.7642 -4306.6943 -4299.2617 -4304.8398 -4302.6689 -4299.3701 -4297.8638 -4295.7773 -4297.6875 -4292.7544 -4290.957 -4289.2803 -4278.7671 -4283.9878 -4280.7617 -4277.2969 -4286.4185 -4293.5874 -4304.3442 -4341.4399 -4353.457 -4325.9932 -4295.7773 -4298.9209 -4299.4551 -4293.1089 -4285.5684 -4280.8525 -4263.8076 -4258.4063 -4272.1167 -4237.3804 -4202.8467 -4182.4468 -4219.4087 -4264.2896 -4241.748 -4224.5845 -4232.4409 -4247.2544 -4238.437 -4194.1958 -4224.7417 -4262.4331 -4250.7622 -4210.4673 -4176.6357 -4137.5894 -4133.0669 -4169.4028
-4363.6489 -4364.0254 -4363.2158 -4359.292 -4352.3574 -4335.8267 -4320.6636 -4310.5762 -4310.0913 -4315.6929 -4317.1465 -4317.5874 -4314.9341 -4312.5088 -4309.2749 -4304.6748 -4303.4033 -4301.0752 -4297.4033 -4303.2075 -4298.3008 -4301.5854 -4305.7139 -4304.856 -4291.9458 -4302.105 -4321.0396 -4348.2808 -4365.1802 -4339.9546 -4310.0298 -4311.6719 -4311.7007 -4307.0815 -4299.396 -4293.6577 -4282.0723 -4283.5313 -4281.1836 -4237.0698 -4191.9141 -4153.2412 -4173.4111 -4245.2788 -4273.1831 -4262.8823 -4250.0732 -4265.02 -4270.3359 -4246.2896 -4279.2441 -4295.6611 -4269.8071 -4223.8477 -4162.0171 -4074.0374 -4065.4006 -4140.5044
-4381.3618 -4367.1338 -4373.1992 -4371.3638 -4360.3169 -4346.769 -4332.2969 -4331.2568 -4328.9497 -4323.8706 -4323.2739 -4319.4668 -4321.96 -4318.6821 -4312.105 -4311.1523 -4321.0259 -4312.2358 -4311.2529 -4308.8506 -4288.771 -4284.5947 -4302.6733 -4319.4287 -4306.2222 -4308.1299 -4321.8086 -4333.4966 -4353.4873 -4335.1973 -4319.8218 -4323.6938 -4321.0776 -4322.1729 -4315.6626 -4312.3447 -4299.8589 -4299.3774 -4295.6904 -4249.0557 -4178.9136 -4136.1128 -4133.6392 -4212.3428 -4283.3311 -4267.0527 -4242.6689 -4259.3052 -4266.834 -4266.6201 -4312.1255 -4319.4141 -4267.4854 -4206.6035 -4104.7993 -3989.6736 -4009.1282 -4081.0596
-4398.188 -4373.9097 -4380.1299 -4380.459 -4362.5322 -4354.9292 -4341.731 -4337.2832 -4339.5293 -4335.6582 -4329.9941 -4323.354 -4327.6748 -4319.6255 -4319.5352 -4317.1113 -4330.0815 -4319.1816 -4313.4224 -4312.6597 -4298.5605 -4298.3335 -4320.0186 -4335.4727 -4331.5811 -4330.8857 -4333.332 -4329.2373 -4331.8955 -4334.9238 -4328.5757 -4330.9756 -4333.0996 -4331.4116 -4323.9014 -4322.8447 -4307.877 -4303.7456 -4299.3784 -4279.9033 -4225.2051 -4132.7842 -4072.48 -4153.8687 -4284.9824 -4280.1616 -4223.8628 -4248.2949 -4275.5762 -4279.9199 -4326.7622 -4327.0161 -4216.0166 -4067.0066 -3928.5869 -3847.228 -3895.2407 -3974.396
-4435.5825 -4404.2114 -4389.8667 -4378.5591 -4360.7876 -4357.9209 -4353.4189 -4350.686 -4349.9155 -4345.1318 -4344.4243 -4333.9707 -4331.5229 -4314.8701 -4310.7153 -4313.6548 -4333.5933 -4325.1182 -4308.1094 -4311.6631 -4314.6758 -4322.1113 -4331.2427 -4344.4678 -4346.0913 -4346.4194 -4352.3389 -4347.478 -4339.0649 -4343.3403 -4337.7119 -4339.9478 -4340.9966 -4334.8564 -4332.9189 -4333.3589 -4316.7432 -4303.3462 -4302.6567 -4280.9561 -4245.958 -4202.6802 -4188.0288 -4256.0156 -4316.9487 -4316.8467 -4288.5845 -4304.8369 -4306.3154 -4282.4312 -4280.0776 -4238.6074 -4061.427 -3801.1963 -3625.0618 -3617.9155 -3774.9194 -3952.1721
-4422.2588 -4399.707 -4387.6699 -4378.2168 -4372.7632 -4373.7422 -4361.7329 -4358.9492 -4357.2451 -4347.4346 -4348.9282 -4345.2192 -4336.0566 -4323.2295 -4315.8076 -4324.5103 -4342.9048 -4340.8188 -4335.9653 -4321.6602 -4322.5601 -4335.061 -4340.5366 -4360.2827 -4363.1899 -4363.3794 -4366.2876 -4364.7891 -4360.3423 -4354.9741 -4346.2642 -4345.519 -4347.4224 -4341.7236 -4340.9487 -4340.9434 -4321.6719 -4320.6641 -4326.0376 -4297.8125 -4262.7778 -4267.5483 -4286.4189 -4309.0308 -4320.1729 -4319.4985 -4312.1162 -4344.3442 -4340.2715 -4299.5039 -4267.6914 -4130.1064 -3853.0942 -3580.4209 -3411.5173 -3440.9297 -3687.4524 -4018.3423
-4410.1279 -4385.5098 -4377.7817 -4370.1455 -4371.1997 -4382.1309 -4376.9219 -4370.0664 -4362.7021 -4351.416 -4339.5063 -4347.2241 -4348.3633 -4334.9834 -4329.2046 -4339.5273 -4356.2979 -4353.3911 -4357.8916 -4341.7949 -4339.6113 -4346.5122 -4361.3628 -4371.6895 -4370.1011 -4376.6138 -4376.1641 -4379.7988 -4372.0908 -4365.3804 -4350.3765 -4345.1245 -4353.2148 -4348.2451 -4341.5405 -4343.4263 -4336.9067 -4339.4712 -4328.4053 -4272.8247 -4234.9404 -4257.6377 -4294.4727 -4323.23 -4323.3945 -4320.9609 -4309.2241 -4336.6196 -4335.5903 -4304.8237 -4255.1582 -4069.3875 -3824.6819 -3703.9622 -3571.6956 -3588.4695 -3901.1023 -4239.0488
-4423.0703 -4395.1284 -4383.3481 -4367.0928 -4362.0161 -4371.4629 -4380.4736 -4376.3511 -4372.9634 -4369.4019 -4349.0146 -4348.7524 -4357.9229 -4359.1191 -4347.4976 -4347.4897 -4360.0425 -4360.2104 -4357.2886 -4357.8711 -4373.0684 -4364.2251 -4362.0132 -4373.1338 -4381.8833 -4379.5747 -4374.229 -4387.7656 -4384.7007 -4374.0518 -4359.9141 -4343.855 -4341.8188 -4352.4565 -4352.6714 -4348.144 -4347.1714 -4351.5771 -4338.3638 -4291.1133 -4270.1094 -4294.2852 -4330.4941 -4340.9053 -4333.7437 -4340.9287 -4331.9531 -4337.2334 -4336.4077 -4304.8242 -4207.1753 -4034.615 -3931.896 -4021.4141 -4096.5728 -4166.7319 -4334.5029 -4440.3418
-4425.0103 -4393.0566 -4382.624 -4381.0781 -4382.1255 -4383.2822 -4388.9824 -4393.4917 -4402.251 -4389.2139 -4374.1602 -4377.9609 -4370.9038 -4375.1445 -4368.9707 -4365.5684 -4373.6782 -4372.5181 -4369.5527 -4368.1616 -4380.3081 -4375.2251 -4364.2393 -4376.1914 -4390.7461 -4386.5879 -4380.478 -4395.9033 -4401.7188 -4389.4922 -4372.8164 -4363.0737 -4350.0933 -4353.9482 -4359.1055 -4357.6484 -4354.0293 -4356.2168 -4350.0542 -4321.6523 -4330.4189 -4371.8218 -4369.2515 -4349.9746 -4350.6421 -4354.1675 -4342.9585 -4333.7329 -4306.7734 -4199.167 -4029.5627 -4004.7151 -4090.5195 -4254.5605 -4339.0063 -4360.999 -4387.7676 -4389.3423
-4417.8716 -4404.0361 -4392.9453 -4393.5854 -4400.3701 -4398.8047 -4400.7891 -4402.6201 -4403.9346 -4398.9155 -4384.3423 -4388.6289 -4380.4614 -4374.5923 -4376.7339 -4379.3481 -4377.6582 -4381.8467 -4384.0723 -4372.7417 -4377.9829 -4377.0654 -4373.0674 -4374.3726 -4385.5107 -4390.291 -4390.5371 -4400.1001 -4406.8999 -4397.4375 -4382.1553 -4380.8735 -4374.77 -4370.4717 -4365.1963 -4360.457 -4355.7441 -4353.9492 -4357.3882 -4343.165 -4341.2642 -4360.3926 -4358.5591 -4357.7275 -4368.3574 -4336.5156 -4311.5957 -4320.7661 -4274.354 -4159.6377 -4087.2891 -4203.8906 -4286.751 -4342.4702 -4358.4624 -4362.6919 -4360.54 -4361.4219
-4405.7871 -4414.6465 -4414.4517 -4403.519 -4409.7207 -4411.3394 -4408.9136 -4410.2031 -4402.0854 -4406.8281 -4403.0586 -4386.4214 -4382.1509 -4373.9526 -4383.4546 -4395.3965 -4387.0166 -4392.3296 -4390.1953 -4370.5786 -4363.0708 -4352.9766 -4372.2417 -4378.0859 -4391.9253 -4398.645 -4407.5342 -4403.7842 -4404.2251 -4399.1323 -4385.6851 -4385.9966 -4389.6704 -4386.6406 -4377.5845 -4368.2651 -4360.7734 -4364.3208 -4378.9302 -4377.0039 -4352.8823 -4316.6001 -4309.167 -4331.5933 -4361.5039 -4337.9956 -4323.7002 -4349.627 -4280.4668 -4199.4009 -4172.6172 -4239.1558 -4316.2031 -4361.5649 -4373.1543 -4364.6479 -4356.2891 -4382.9634
-4403.9893 -4409.4668 -4410.3721 -4406.2134 -4413.8921 -4416.6157 -4423.2026 -4424.1211 -4417.5054 -4427.2241 -4423.6465 -4401.5557 -4389.2158 -4375.4023 -4385 -4398.9658 -4393.5684 -4397.0542 -4388.6885 -4384.1025 -4375.1406 -4335.5947 -4347.0688 -4358.9727 -4371.0264 -4398.7349 -4406.0566 -4400.0059 -4399.103 -4391.938 -4384.3828 -4387.2817 -4390.689 -4398.3413 -4392.2827 -4381.5391 -4381.0322 -4383.3433 -4388.1636 -4380.9087 -4347.064 -4300.5327 -4292.0122 -4342.0381 -4380.7534 -4354.6021 -4324.9512 -4341.3755 -4262.0942 -4197.7593 -4243.7949 -4290.8916 -4333.8901 -4395.1323 -4399.7974 -4376.0903 -4385.3975 -4388.3433
