Resources/Map/Lvl0_30x30/Ele_DA.asc
ncols         335
nrows         335
xllcorner     -20045000
yllcorner     -3375000
cellsize      10000
nodata_value  -99999.0
[rows 250 to 274 of 335, columns 114 to 170 of 335]
-5719.2183 -5635.8809 -5550.4111 -5563.0728 -5541.5996 -5402.8223 -5383.3647 -5431.8672 -5435.7412 -5517.6509 -5644.5879 -5656.2261 -5648.7427 -5680.3608 -5619.0601 -5598.4292 -5626.3174 -5640.1343 -5647.6431 -5669.1909 -5719.1606 -5661.2319 -5627.23 -5684.8198 -5685.499 -5771.1011 -5788.4688 -5773.5796 -5810.6196 -5818.0088 -5803.3965 -5797.8701 -5725.5928 -5598.1401 -5548.5337 -5569.5171 -5618.3833 -5607.2002 -5363.709 -5160.1826 -5312.5317 -5465.4355 -5500.3755 -5427.8022 -5217.9331 -5128.7378 -5298.6841 -5383.7393 -5155.9233 -4865.3525 -5281.748 -5422.1973 -5291.293 -5194.9985 -5243.208 -5260.7617 -5212.8721
-5687.1118 -5661.9473 -5614.1992 -5591.0757 -5510.1074 -5393.4844 -5394.687 -5400.8955 -5399.8076 -5518.564 -5620.9688 -5626.0576 -5618.4199 -5665.0898 -5585.6646 -5531.8101 -5569.0386 -5619.0957 -5623.7344 -5672.3691 -5705.8838 -5620.1738 -5629.5894 -5744.4844 -5714.8604 -5768.792 -5831.0293 -5814.7285 -5854.0171 -5869.6943 -5850.043 -5786.9131 -5599.0361 -5508.9058 -5535.2266 -5583.6558 -5650.2935 -5558.9292 -5385.2085 -5342.7349 -5356.0034 -5482.334 -5548.332 -5161.7817 -5058.3911 -5236.9648 -5246.4653 -5354.2334 -5219.9185 -4940.9287 -5282.5322 -5358.8066 -5291.4521 -5341.9976 -5339.5454 -5217.771 -5061.8442
-5615.3037 -5600.0425 -5629.8125 -5622.165 -5558.3086 -5546.7837 -5510.8862 -5447.3823 -5511.2344 -5664.9531 -5626.8428 -5595.4409 -5664.6587 -5684.4731 -5599.8735 -5618.0811 -5639.667 -5725.251 -5707.9155 -5684.2461 -5676.4531 -5615.6851 -5645.145 -5760.1865 -5635.0601 -5563.144 -5762.0376 -5879.5645 -5886.2988 -5861.1226 -5796.6895 -5680.2593 -5523.9209 -5543.0269 -5604.8735 -5631.2114 -5587.1538 -5454.0112 -5546.6055 -5503.9043 -5341.2046 -5483.0068 -5528.5879 -5098.4258 -5333.02 -5364.2949 -4995.8594 -5372.1567 -5474.291 -5340.2856 -5241.7671 -4958.5122 -4876.4668 -5226.5815 -5225.6592 -5118.1177 -5008.8921
-5704.6235 -5675.6538 -5693.9121 -5684.4927 -5596.1499 -5609.0415 -5559.0269 -5513.6685 -5571.3516 -5703.6152 -5633.7207 -5572.8828 -5668.5171 -5646.79 -5587.1621 -5667.5195 -5657.2075 -5680.3618 -5690.4019 -5694.9087 -5720.8564 -5660.542 -5617.0654 -5755.5332 -5746.8091 -5635.3853 -5741.8862 -5888.8008 -5898.4702 -5846.6636 -5746.8955 -5677.3833 -5624.21 -5544.6948 -5539.8618 -5601.8555 -5589.5034 -5601.7544 -5712.5068 -5573.4819 -5289.8687 -5400.5308 -5450.167 -5353.3379 -5396.7046 -5007.3286 -4828.5967 -5272.0986 -5438.8267 -5312.3345 -5188.9399 -4907.7642 -4982.6274 -5137.2241 -5081.8398 -5047.938 -4842.4365
-5671.4438 -5706.0518 -5715.2476 -5702.5059 -5615.1006 -5585.4746 -5551.1606 -5559.9937 -5545.6143 -5631.2402 -5664.2988 -5625.1875 -5640.3315 -5645.5156 -5617.0356 -5623.229 -5605.9316 -5618.3267 -5636.1602 -5603.728 -5608.3496 -5630.5029 -5601.3125 -5751.1646 -5845.2959 -5762.7266 -5736.6123 -5764.4048 -5825.2607 -5841.0454 -5732.375 -5742.3198 -5747.5884 -5648.2383 -5617.0161 -5598.1006 -5685.186 -5789.3843 -5725.6973 -5525.2339 -5395.1494 -5527.0327 -5490.793 -5201.439 -5049.458 -5092.8965 -5311.2124 -5287.6196 -5285.8354 -5277.4443 -5263.6338 -5104.3584 -5228.1777 -5034.1084 -5041.5117 -5232.9409 -5041.3237
-5683.415 -5748.519 -5718.8569 -5666.6846 -5689.9131 -5639.1846 -5573.3027 -5553.8828 -5512.8433 -5571.7886 -5683.7085 -5672.0923 -5633.7681 -5656.4106 -5639.9756 -5614.8682 -5599.7007 -5601.0322 -5547.9565 -5326.4897 -5216.5093 -5435.7266 -5571.4692 -5717.4077 -5791.4585 -5656.5464 -5557.3413 -5624.4331 -5798.2358 -5870.564 -5770.5884 -5775.5684 -5804.0435 -5797.4097 -5685.3032 -5479.3491 -5567.1284 -5778.2036 -5677.0889 -5490.8975 -5528.0928 -5587.8813 -5345.3286 -4833.5015 -4932.6973 -5470.2993 -5480.1299 -5047.6084 -5141.2446 -5312.5864 -5259.3662 -5099.8262 -5178.7964 -4930.8364 -5011.2319 -5115.0591 -5227.0518
-5715.0386 -5809.8306 -5775.9351 -5670.7554 -5702.1577 -5627.6382 -5531.5879 -5548.6709 -5562.9282 -5566.627 -5658.9229 -5668.4185 -5641.7275 -5614.8276 -5633.1406 -5642.7358 -5640.2515 -5618.1738 -5527.9941 -5309.5581 -5192.2012 -5410.4927 -5607.8164 -5722.8003 -5763.2197 -5624.5029 -5552.3818 -5732.4951 -5879.3164 -5869.8008 -5816.731 -5767.2705 -5725.2529 -5713.9312 -5615.3643 -5510.6753 -5584.8921 -5729.3906 -5731.0806 -5717.0806 -5654.5103 -5509.6514 -5315.4927 -5297.667 -5433.5249 -5411.4995 -5052.4976 -4994.3545 -5182.7476 -5295.5547 -5257.7969 -5117.0752 -5194.7593 -5087.5439 -5198.23 -4729.6094 -4719.5151
-5782.2036 -5826.8809 -5755.8081 -5702.7588 -5693.1055 -5603.396 -5506.2168 -5507.9707 -5545.3232 -5509.8584 -5589.8823 -5643.6323 -5576.9761 -5543.249 -5629.668 -5626.708 -5616.6885 -5610.3853 -5628.7588 -5607.5962 -5545.4092 -5594.5513 -5687.0479 -5728.915 -5761.2412 -5710.7402 -5721.0898 -5840.9365 -5820.4795 -5794.1904 -5813.4736 -5742.3223 -5690.1182 -5667.5977 -5576.2432 -5518.7549 -5627.0205 -5739.1899 -5776.6543 -5838.7612 -5632.084 -5368.812 -5471.5981 -5631.9121 -5437.585 -5288.5747 -5029.4712 -5233.2305 -5210.5029 -5180.7905 -5291.1846 -5291.998 -5320.4243 -5248.5376 -5402.8979 -4973.6592 -4328.6675
-5796.4487 -5776.3291 -5705.4253 -5733.0454 -5694.769 -5609.3369 -5508.9604 -5481.6309 -5519.895 -5450.418 -5487.1538 -5552.5171 -5506.0957 -5490.0488 -5577.4063 -5610.7002 -5585.2261 -5556.8574 -5663.3462 -5687.1289 -5571.5229 -5600.3833 -5739.1709 -5760.2603 -5746.5776 -5717.563 -5740.3926 -5755.5293 -5673.769 -5708.7085 -5790.3022 -5776.4727 -5734.9204 -5701.7715 -5604.9937 -5511.4326 -5679.7046 -5747.835 -5741.5146 -5862.0293 -5580.6006 -5326.1606 -5583.5918 -5620.6875 -5402.54 -5422.4751 -5315.2524 -5488.3271 -5084.3247 -5100.5962 -5262.6685 -5383.6553 -5366.8662 -5325.6006 -5449.0864 -5509.8115 -4725.2344
-5796.6436 -5767.5366 -5716.4697 -5733.1953 -5723.7236 -5664.1445 -5551.585 -5489.6055 -5510.854 -5439.9888 -5458.4971 -5527.3877 -5616.6274 -5555.2446 -5521.3833 -5619.356 -5632.2661 -5592.0698 -5680.8892 -5740.48 -5677.8013 -5679.0825 -5750.145 -5795.8188 -5768.564 -5719.9956 -5762.1895 -5797.0483 -5748.5195 -5752.3984 -5792.79 -5810.7627 -5725.8936 -5675.9282 -5684.5352 -5673.6978 -5764.6802 -5689.1865 -5583.6025 -5758.1743 -5742.3535 -5669.5215 -5636.6724 -5569.2373 -5577.4961 -5625.374 -5345.7363 -5449.7773 -5115.6074 -5153.2422 -5385.1333 -5426.5 -5345.9814 -5377.6504 -5468.7734 -5553.4429 -5116.1563
-5807.3481 -5788.5952 -5767.752 -5754.4097 -5752.5376 -5711.3711 -5600.8535 -5488.6636 -5489.9307 -5487.9575 -5477.833 -5507.8091 -5619.5742 -5557.228 -5524.001 -5626.7749 -5656.1797 -5639.895 -5669.0371 -5738.4287 -5734.7642 -5706.7734 -5709.3423 -5757.4395 -5772.6982 -5765.146 -5787.7461 -5799.4844 -5804.7417 -5806.5381 -5819.4634 -5812.3564 -5663.52 -5586.2944 -5632.9927 -5690.2642 -5703.4775 -5608.3501 -5562.6138 -5694.2788 -5738.7983 -5645.5098 -5499.2007 -5592.3125 -5694.9375 -5555.02 -5104.9805 -5370.187 -5239.5254 -5314.5898 -5505.8018 -5393.4854 -5297.0635 -5455.7939 -5452.3618 -5439.022 -5309.1895
-5824.4131 -5815.5181 -5829.5005 -5795.1631 -5799.75 -5813.9258 -5717.8315 -5565.8022 -5518.5112 -5484.8159 -5414.4976 -5428.9946 -5524.4268 -5484.3745 -5514.7627 -5617.084 -5666.5122 -5697.9126 -5704.1353 -5716.6187 -5694.6372 -5671.2451 -5695.7485 -5742.3979 -5741.7485 -5732.9033 -5745.2153 -5744.6006 -5771.166 -5803.0278 -5845.3101 -5803.5229 -5643.5659 -5598.2227 -5630.6528 -5673.0195 -5631.105 -5541.2432 -5634.5967 -5682.5869 -5634.5669 -5595.9976 -5547.8418 -5653.9971 -5706.2563 -5503.9688 -5253.647 -5520.2461 -5486.7891 -5513.9009 -5546.3159 -5247.9229 -5276.8511 -5519.3218 -5408.5161 -5367.4653 -5542.4531
-5821.5425 -5818.1211 -5854.4912 -5759.3218 -5695.6201 -5829.2495 -5814.6528 -5651.8706 -5543.9897 -5459.9077 -5405.7544 -5393.5674 -5476.5039 -5495.7256 -5514.96 -5600.2788 -5648.9287 -5658.8945 -5630.9175 -5639.0625 -5629.4912 -5628.7632 -5688.686 -5742.4902 -5722.0469 -5716.1245 -5758.1084 -5769.4146 -5803.3086 -5878.0684 -5894.3193 -5786.1289 -5701.5625 -5706.5859 -5679.0137 -5671.6938 -5570.3179 -5514.9409 -5670.4434 -5622.7388 -5513.1938 -5597.415 -5680.6392 -5696.771 -5689.9116 -5573.4653 -5636.3022 -5643.1748 -5571.7617 -5533.8291 -5533.5029 -5133.9751 -5412.6035 -5534.1479 -5373.8374 -5341.917 -5573.8164
-5815.1763 -5775.9937 -5840.8066 -5759.4907 -5560.7637 -5776.2632 -5857.9468 -5689.8589 -5547.7134 -5456.002 -5485.5957 -5462.8467 -5484.5073 -5538.1294 -5511.6895 -5551.4116 -5589.0415 -5606.8599 -5592.7134 -5641.2114 -5631.5776 -5598.5786 -5687.7695 -5748.9863 -5687.0059 -5730.7583 -5860.4102 -5895.2627 -5906.3867 -5980.021 -5971.1367 -5833.333 -5752.5371 -5705.8345 -5661.2983 -5667.2402 -5570.2905 -5579.6177 -5683.2847 -5625.1943 -5640.3398 -5685.9902 -5661.5054 -5620.3955 -5645.7422 -5536.4053 -5629.873 -5602.52 -5482.8594 -5473.0259 -5396.2383 -5138.5825 -5496.2651 -5478.0107 -5453.1147 -5485.8198 -5595.2988
-5850.3174 -5734.3433 -5786.7046 -5765.9404 -5563.6343 -5756.1904 -5803.543 -5650.8892 -5499.9316 -5414.1753 -5491.4941 -5510.1655 -5493.9219 -5553.2314 -5538.1147 -5520.2061 -5559.8745 -5603.7813 -5625.5742 -5671.6392 -5625.2876 -5575.9927 -5645.0723 -5715.4502 -5687.6323 -5728.6274 -5829.8574 -5891.6807 -5908.3047 -5925.7852 -5957.3677 -5896.1235 -5760.5146 -5663.7866 -5694.7368 -5729.3398 -5643.3403 -5661.4741 -5701.5791 -5727.9805 -5833.6011 -5763.1431 -5621.2524 -5586.9917 -5667.3691 -5625.5859 -5618.3081 -5598.3633 -5554.064 -5482.667 -4894.8975 -4883.0874 -5492.644 -5465.3838 -5501.75 -5524.1221 -5509.3467
-5831.0503 -5766.3999 -5784.7466 -5628.6138 -5517.3608 -5738.1343 -5690.6963 -5615.0952 -5486.8569 -5404.6377 -5477.314 -5512.1748 -5498.3159 -5509.6001 -5528.7051 -5492.0986 -5553.2881 -5620.6006 -5611.0176 -5650.7886 -5637.5542 -5628.4819 -5632.0522 -5628.2935 -5631.1948 -5671.1572 -5742.2241 -5812.9478 -5856.2466 -5875.0684 -5924.3306 -5873.7754 -5698.7109 -5633.314 -5708.2139 -5740.2246 -5732.4561 -5780.7764 -5806.0425 -5886.2417 -5908.043 -5747.6406 -5630.7144 -5667.0029 -5688.3584 -5642.8774 -5580.7041 -5598.1475 -5604.5269 -5474.8955 -4710.5264 -4842.8862 -5463.499 -5454.6997 -5459.5645 -5482.792 -5432.5762
-5810.2798 -5813.8477 -5736.8638 -5466.8232 -5516.5815 -5635.4844 -5353.1895 -5540.4048 -5566.0405 -5480.4976 -5526.7109 -5522.9541 -5490.6216 -5443.9141 -5500.4907 -5473.5122 -5515.3506 -5600.9233 -5586.1816 -5634.0557 -5592.9521 -5557.8882 -5569.2974 -5574.2227 -5627.7544 -5689.4478 -5753.2227 -5796.6357 -5823.0464 -5888.4263 -5913.5942 -5816.1563 -5697.9756 -5716.834 -5766.3457 -5758.1797 -5806.0322 -5856.6123 -5886.8745 -6018.4512 -5941.9004 -5752.4971 -5679.1279 -5681.2041 -5633.0215 -5552.5083 -5553.959 -5592.1602 -5512.9985 -5520.5493 -5274.375 -5324.6387 -5446.1719 -5427.834 -5439.9268 -5508.1948 -5492.7544
-5791.1167 -5818.98 -5619.8301 -5499.9946 -5698.6011 -5442.9653 -4953.1006 -5479.21 -5674.6431 -5585.7109 -5556.4326 -5523.2979 -5447.1577 -5409.0562 -5503.4131 -5510.3013 -5525.8242 -5545.6328 -5557.8682 -5638.6914 -5561.7314 -5509.4614 -5563.7822 -5638.2598 -5763.0195 -5813.0342 -5798.7168 -5812.4893 -5816.8052 -5874.436 -5898.646 -5810.5186 -5749.5859 -5799.4297 -5814.0015 -5817.7451 -5872.4175 -5868.9805 -5890.6187 -6005.4121 -5896.3496 -5758.1929 -5696.9116 -5693.0151 -5611.4194 -5515.6592 -5579.2588 -5566.8237 -5491.8311 -5567.4463 -5435.4692 -5417.1001 -5332.0356 -5306.6748 -5391.4385 -5489.9668 -5497.9946
-5736.2124 -5840.2334 -5704.9834 -5741.3179 -5965.0596 -5605.9683 -5070.5151 -5334.4775 -5627.8877 -5676.77 -5595.3457 -5515.5811 -5424.0869 -5456.5688 -5509.7266 -5522.314 -5573.4336 -5558.7095 -5566.7935 -5650.7549 -5602.123 -5561.7197 -5626.4683 -5685.1152 -5756.3403 -5794.5688 -5795.5142 -5812.0854 -5805.2656 -5813.312 -5841.7124 -5817.7813 -5751.5381 -5791.3159 -5828.9561 -5836.7886 -5891.6787 -5904.061 -5884.7417 -5888.0386 -5805.7051 -5728.437 -5662.6411 -5650.6431 -5594.8052 -5557.5967 -5612.3623 -5569.5015 -5551.7554 -5491.0229 -5373.269 -5374.2622 -5278.0811 -5216.8164 -5336.1479 -5423.0796 -5300.5625
-5708.4058 -5859.7046 -5918.623 -5937.7188 -6071.8589 -5822.2725 -4783.8247 -4216.564 -5065.8281 -5723.4517 -5678.0825 -5549.6582 -5486.3921 -5534.6865 -5536.0371 -5514.3032 -5551.0352 -5600.3477 -5608.6284 -5645.7549 -5638.5908 -5607.3252 -5641.8643 -5666.7563 -5684.2661 -5732.9155 -5770.5342 -5751.478 -5760.6899 -5772.8545 -5748.7197 -5780.8447 -5771.8042 -5825.7036 -5882.6196 -5812.8364 -5802.6221 -5872.2769 -5850.6533 -5785.7539 -5726.6382 -5696.5693 -5639.415 -5624.2817 -5597.7505 -5542.73 -5572.1221 -5534.6699 -5467.5713 -5353.0078 -5335.3306 -5337.8472 -5279.9912 -5277.9775 -5307.8032 -5334.0381 -5089.3228
-5763.4985 -5866.7041 -6022.7158 -5997.7954 -6013.5869 -5803.1733 -4269.6904 -3092.9602 -4490.4683 -5771.8193 -5766.9414 -5650.6177 -5618.2817 -5605.8438 -5602.2314 -5592.0972 -5573.124 -5642.7412 -5651.9277 -5674.3091 -5684.5669 -5628.4634 -5603.8359 -5647.4087 -5676.2202 -5724.9937 -5765.2622 -5727.0015 -5753.4697 -5811.2124 -5755.8521 -5757.0156 -5770.4497 -5811.3008 -5838.7124 -5728.98 -5679.0708 -5752.394 -5775.3433 -5736.9087 -5706.5015 -5715.3413 -5640.3193 -5660.9238 -5664.8662 -5542.3418 -5511.9531 -5413.0518 -5245.9502 -5305.2051 -5337.312 -5244.5479 -5189.1851 -5363.8687 -5353.3994 -5371.0088 -5261.7036
-5785.9189 -5839.6689 -5981.7856 -5968.3081 -5968.3022 -5904.7007 -4969.312 -4104.5698 -5060.3926 -5892.5225 -5777.0508 -5692.1514 -5704.5195 -5668.813 -5636.4746 -5644.9629 -5622.5776 -5675.811 -5690.9482 -5704.0322 -5705.5728 -5656.2568 -5632.2583 -5674.1489 -5657.7627 -5675.0659 -5744.6782 -5748.5884 -5739.4097 -5765.4854 -5753.5732 -5766.5571 -5733.4126 -5685.0747 -5683.9614 -5653.022 -5670.5044 -5724.0015 -5751.6284 -5736.1152 -5745.2231 -5758.0205 -5642.8115 -5649.8184 -5636.5337 -5514.7256 -5475.0059 -5388.0493 -5233.0151 -5313.8896 -5373.2759 -5290.0527 -5231.2007 -5433.5386 -5494.2388 -5506.999 -5355.5107
-5761.7617 -5791.7505 -5901.1152 -5897.6826 -5926.3062 -5981.4932 -5789.4966 -5549.8926 -5820.165 -5937.2456 -5730.9546 -5671.3091 -5750.0479 -5764.5273 -5696.7227 -5694.7563 -5681.7974 -5710.415 -5739.5298 -5724.1768 -5708.9854 -5704.7104 -5706.1011 -5709.5322 -5665.0889 -5686.6689 -5744.7148 -5728.3027 -5690.8872 -5676.4009 -5694.9365 -5737.5474 -5697.2891 -5631.2974 -5631.4507 -5671.2642 -5716.2881 -5739.5601 -5748.4702 -5780.1182 -5836.8765 -5815.8682 -5649.8506 -5628.5381 -5572.8066 -5444.543 -5461.7266 -5442.8223 -5380.6738 -5364.4775 -5414.8984 -5432.606 -5420.5796 -5506.0645 -5592.4888 -5571.437 -5073.0635
-5748.3345 -5742.7129 -5854.5898 -5860.4663 -5870.4565 -5921.5117 -5917.416 -5882.1089 -5873.4487 -5863.7515 -5760.3999 -5686.7495 -5767.521 -5866.3301 -5795.0342 -5742.6069 -5772.6611 -5766.6519 -5779.2314 -5764.415 -5741.7554 -5740.2637 -5715.2949 -5679.7266 -5653.7251 -5694.4209 -5736.769 -5728.4453 -5728.8125 -5712.0244 -5723.6138 -5743.54 -5710.1738 -5679.2349 -5702.5469 -5745.2441 -5764.6973 -5789.4492 -5829.9336 -5889.5942 -5910.9028 -5821.5581 -5619.896 -5572.2827 -5533.293 -5447.1187 -5491.2598 -5516.7827 -5501.3267 -5451.5132 -5425.498 -5454.4297 -5491.415 -5577.0171 -5662.8354 -5375.7827 -4379.7202
-5736.3413 -5665.8374 -5757.8867 -5796.5981 -5727.5186 -5764.2896 -5846.7402 -5866.9985 -5827.8779 -5826.6558 -5746.644 -5688.5332 -5764.5288 -5861.2568 -5829.8154 -5788.7627 -5798.6636 -5780.6191 -5766.3818 -5788.6997 -5775.6348 -5765.1025 -5736.5322 -5686.6558 -5663.2632 -5674.1758 -5698.272 -5715.4497 -5725.7285 -5730.0781 -5752.5474 -5755.5679 -5723.9033 -5667.0918 -5703.6929 -5775.1978 -5805.7109 -5833.3423 -5866.0752 -5850.9282 -5803.4868 -5711.9116 -5592.4946 -5497.1216 -5499.376 -5516.4487 -5498.0693 -5517.2173 -5538.7959 -5499.624 -5408.23 -5441.9326 -5549.0723 -5635.0215 -5710.373 -5009.2212 -3749.3259
