Resources/Map/Lvl0_30x30/Ele_BD.asc
ncols         335
nrows         335
xllcorner     -9995000
yllcorner     3325000
cellsize      10000
nodata_value  -99999.0
[rows 145 to 173 of 335, columns 0 to 65 of 335]
179 179 179 179 179.0792 183.5474 206.301 273.92 281.2285 379.0815 374.8216 309.7297 223.3719 213.4068 190.3078 179 210.985 200.4576 227.0167 232.4801 249.3917 185.9428 182.7897 179 179 179 179 179 179 179 179 179 179 179 179 179 179 179 179 179 179 179 179 179 179 179 179 179 179 179 179 179 179 179 179 179 179 187.9075 195.2612 179.5621 317.9053 428.2388 395.9849 413.9132 381.9695 409.3331
384.8018 324.9584 223.9307 222.549 234.3044 241.0843 229.8469 330.3735 295.3784 361.9839 345.3431 270.934 215.5393 252.3117 209.6008 245.8257 266.9633 336.7132 363.6824 372.0953 390.018 323.025 294.0785 197.1109 179.6949 179 179 179 179 179 179 179 179 179 179 179 179 179 179 179 179 179 179 179 179 179 179 179 179 179 179 179 179 179.3826 179 179 179 179.0591 197.2131 231.3093 366.8608 404.6678 369.448 374.355 287.7961 428.8295
365.5063 325.5369 332.252 361.0893 392.8022 339.8735 240.8334 293.474 326.3118 365.7153 345.1791 287.8155 256.2903 304.508 306.9692 385.3149 494.3137 571.6741 566.9456 558.8158 532.8672 470.5225 459.15 322.1725 212.272 179.136 179 179 179 179 179 179 179 179 179 179 179 179 179 179 179 179 179 179.7812 179.0958 179 179 179 181.2364 210.0029 257.275 218.8074 197.1905 179 179 179 179 179 208.8606 180.5096 191.101 261.7611 417.4193 435.1079 435.3828 470.9098
474.5438 351.8478 387.3204 354.1185 355.0844 360.5231 308.7624 276.7509 350.207 411.7752 417.2961 365.8015 330 377.31 421.2859 526.8896 554.9202 553.3311 532.1215 543.2781 544.4113 472.2679 446.8301 471.5346 348.5063 235.4039 179.0959 179 179 179 179 179 179 179 179 179 179 179 180.5735 224.7965 266.5871 272.949 271.1784 260.2706 244.5622 242.5683 226.009 220.9856 225.78 221.2388 215.2365 214.5887 202.7751 179 179 179 179 179 217.43 366.068 361.7746 337.3345 342.4078 348.7302 309.7976 388.2477
414.2045 419.7299 411.5001 395.2743 368.8871 344.2473 343.8956 351.4934 340.626 385.765 385.61 411.2928 430.2372 479.7188 487.5655 513.2564 529.4909 519.7954 497.8423 485.5825 501.2899 502.1635 473.1195 436.4121 432.418 381.0773 219.0561 179 179 179.0297 180.2649 179.3138 179 179.1008 275.2141 179 207.765 279.4741 291.1094 285.6998 275.7098 284.1957 287.7288 304.1085 295.4442 246.0195 242.4829 243.4315 255.7145 242.2924 288.9387 221.3236 189.5133 179 179 179 179 203.7564 227.2024 201.0995 203.9165 186.1416 179.2753 246.1175 264.6537 327.7733
493.915 519.8628 407.3101 436.0309 407.2521 360.8369 420.3774 407.229 425.6446 440.0916 467.4845 458.7278 484.7971 479.6999 499.986 516.5738 552.1001 539.3278 529.579 493.7617 486.845 475.1666 476.7795 456.5573 428.9389 376.662 310.2316 214.1919 229.0663 234.6073 260.8422 240.3457 179.0467 233.2198 179.0485 236.3087 282.9352 280.6909 267.7889 267.9217 255.2853 258.9895 260.4846 273.1573 287.4486 280.8308 280.0432 237.3314 234.6835 230.1259 226.0784 246.7999 255.3248 251.3566 214.5352 194.8066 270.7238 191.3308 179.0168 201.6769 203.7711 203.983 177.5654 177.1291 227.0978 224.1967
491.5686 485.9223 462.0301 479.4807 505.0144 464.1744 454.9845 480.1258 506.7166 499.6736 500.9093 479.332 489.6759 463.1996 474.043 508.0013 489.5221 499.312 499.9632 479.4023 456.8297 443.11 444.791 423.0417 381.2239 370.2797 364.4519 316.4597 322.8032 340.4117 319.4037 282.956 276.5301 286.2693 304.0735 276.4492 258.9194 245.2897 244.7849 240.3206 233.6484 227.8373 224.5025 223.1107 222.2166 218.3188 216.4636 229.015 224.0039 222.2449 215.3023 232.4746 265.146 257.041 279.0755 270.057 238.8891 210.0457 193.3949 202.9481 195.6202 183.3143 182.1984 186.9047 196.1968 178.9881
505.3787 522.2126 518.2491 525.3754 524.0832 531.2916 509.5746 513.2903 518.3134 525.9048 489.956 477.8707 474.0496 454.4761 474.3518 475.7292 490.1756 472.7265 449.9832 459.4957 437.5577 415.2905 410.6931 379.0557 379.8765 376.8694 340.1752 337.1307 352.5188 326.6685 308.5526 288.3963 249.654 268.4382 261.25 262.1751 253.8073 243.9537 231.3163 221.6166 217.3511 213.4167 211.5938 219.811 217.6179 232.8065 263.0873 265.6711 254.175 234.0788 250.8591 227.4236 249.9294 264.3833 257.4191 225.2809 213.9964 213.4645 217.9926 234.9006 200.3339 190.4342 186.1492 191.8962 216.0055 197.3898
504.1801 524.9166 522.0386 516.3871 526.4302 534.8948 524.287 539.682 542.535 529.2761 503.4074 479.1673 485.3904 494.3699 431.3616 460.7324 438.4571 427.7887 435.8475 418.3883 408.5591 393.2462 383.0825 372.023 361.3554 347.7104 334.8076 330.8971 327.6246 307.507 289.3802 266.4575 238.6349 240.579 244.5508 244.8278 241.8099 231.8972 212.3269 208.2924 206.0345 204.0411 217.8699 234.3134 215.7641 228.7455 220.399 190.1066 255.8142 253.9405 264.5004 261.237 260.0301 263.5989 260.9987 244.8323 216.6887 201.3378 197.235 197.5842 186.9732 196.5149 175.7775 175.3423 250.0694 228.2209
504.6712 510.2754 518.3309 539.4142 530.6797 512.6021 525.3463 540.4011 550.7012 527.9337 508.783 492.3391 483.197 499.3843 463.8553 448.5662 420.9035 415.5563 453.5126 420.8452 386.4886 364.0336 345.9443 347.8795 353.2041 336.4019 322.3089 313.7682 299.2028 284.0543 263.1816 235.6406 225.2165 239.1808 250.1743 242.607 229.5325 199.6815 198.7225 217.6192 194.3404 197.037 215.2488 238.4519 228.2549 222.1607 205.6843 179.1788 177.8341 180.3294 202.9369 241.3907 242.1537 232.2923 220.3926 230.4043 230.562 195.32 232.9521 248.9959 237.5723 198.6364 207.2385 192.0701 175.1416 183.6902
503.4103 521.2262 512.989 508.0827 517.4091 511.005 517.1295 514.6375 549.8292 504.6945 516.844 480.1967 462.9572 459.844 449.0993 430.4928 404.1812 393.0544 408.4801 387.3088 376.1787 354.8838 348.431 335.0831 320.1632 312.6333 303.9204 287.7964 261.471 253.9819 236.4279 198.2653 227.0592 226.7438 224.9082 227.9726 219.5891 226.2048 191.2394 196.9423 203.022 195.8623 196.4944 203.9129 205.7368 206.2752 176.3812 175 175 175 175 175 175.3917 185.3329 198.2025 203.1221 190.1428 175 178.1622 179.1055 195.1788 183.0483 200.4869 202.8858 198.9541 181.0647
493.2543 497.4013 492.8994 499.5223 507.8267 502.4198 503.381 517.4951 541.0143 524.7862 520.0449 494.2978 479.1299 473.4802 451.7765 432.652 427.6494 416.1599 369.757 363.939 350.0859 327.1527 312.1723 332.3483 314.7087 309.0107 294.7367 279.2352 250.8899 234.5229 214.376 178.5173 212.6513 191.2012 189.1838 185.1529 198.7051 219.9806 186.7411 175 175 175 175 175 175 175 175 175 175 175 175 175 175 175 175.8755 196.2685 175 175 175 175 175 175 175 175 175 175
498.9389 492.5981 492.0233 489.0107 500.9817 512.4949 498.9342 508.4951 519.2358 515.8364 507.8615 494.4131 465.2754 470.0269 467.3333 414.8443 397.9646 369.33 350.2514 332.4265 343.5555 315.0069 297.4256 312.615 296.9957 285.2008 271.1565 256.5723 232.2954 221.8225 186.5577 191.5993 202.021 175.9247 175.1138 178.7151 203.0609 202.874 175 175 175 175 175 175 175 175 175 180.8991 175.0651 175.116 175 175 175 175 175 175 175 175.6927 193.8082 175.2261 175 175 175 175 175 175
473.7172 493.9613 488.86 478.4419 483.3543 491.1638 503.6814 502.9842 511.5973 535.6535 504.1154 483.3939 481.0059 464.5827 460.7411 463.0378 422.1047 381.9794 359.6729 328.5797 311.2051 272.6926 291.2399 294.1474 274.0001 268.4174 237.6502 232.7247 216.4957 190.8707 175.3835 189.6324 181.4009 175 179.5877 191.0754 175 175 175 175 175 175 175 175 175 195.7831 175 187.5447 175 175 175 175 175 176.9636 192.0282 206.764 220.6426 191.4173 177.9679 184.21 175 175 175 175 175 175
461.0859 475.8475 498.1414 487.5803 480.8344 479.3195 502.5394 510.2793 509.7254 505.4518 494.8647 474.3251 476.5388 463.3234 456.9659 443.8817 400.9828 360.9705 352.4527 307.303 285.9995 258.179 254.6231 267.5406 261.6956 248.3077 228.0932 213.3346 191.3881 175 175 175 175 175 182.0549 175 175 175 175 175 175 175 175 175 175 175 215.351 207.9234 175 175 175 175 198.5527 228.1836 266.8083 243.3361 226.2939 231.321 200.2766 194.4256 212.6575 189.1067 175 175 175 175
450.0553 467.9198 462.9289 483.5275 494.761 486.5511 502.0849 505.9288 518.1357 504.7131 522.9391 508.5471 486.56 464.602 437.898 418.8288 369.5384 349.5807 313.7947 292.0831 276.4277 245.908 250.7265 251.5238 245.416 233.0181 207.4028 199.2837 175 175 175 175 175 175 179.9815 175 175 175 175 175 175 175 175 175 175 175 175 175 175 175 175 176.6781 340.2052 280.6842 249.2573 211.8433 231.885 211.6818 194.6965 200.2536 202.6267 222.3663 197.9362 175 175 175
444.6444 454.7562 474.4257 529.1019 511.093 515.6823 504.0387 475.456 475.1854 499.1414 504.7339 496.315 495.2399 453.9362 426.2497 392.7471 359.5413 323.7676 290.6184 280.9596 242.026 220.7342 220.7048 219.5152 223.7892 210.0052 195.1834 175 175 175 175 175 175 175 175 175 175 175 175 175 175 175 175 178.6185 175 175 175 175 175 175 175 175 227.4076 243.8837 302.4262 239.0786 192.6621 208.9717 218.2646 241.3187 200.2682 181.9324 212.1106 206.7285 218.5787 196.0349
454.6021 477.071 500.2268 467.6344 489.3399 534.0644 518.4053 492.9731 472.8578 473.23 463.4424 492.1028 496.7721 429.274 404.9164 369.7707 315.3341 286.6274 285.1425 240.5136 222.2693 216.2449 215.0093 209.2271 209.8121 192.7937 188.5506 175 175 175 175 177.939 185.2911 175 175 175 175 175 175 175 175 175 175 175 175 175 175 175 175 175 176.9391 184.8773 191.0394 205.0163 278.9532 241.1566 237.6891 216.9182 230.9427 260.5444 224.895 240.2444 241.9702 238.9727 255.5986 256.2757
441.8399 449.4572 426.8246 453.8704 468.796 474.834 479.7931 503.3304 499.9068 513.8134 453.6906 454.2231 420.5208 401.7347 366.8865 318.1704 295.2713 270.7723 255.1674 223.771 209.7691 206.8191 215.8339 203.1827 202.0712 184.9546 175 175 175 175.5076 205.7738 175 175 175 175 175 175 175 175 175 175 175 175 175 175 175 175 175 175 204.601 196.416 178.2019 203.4971 228.3526 226.3314 300.4501 305.5322 268.8999 263.8071 265.6764 255.37 247.6329 252.913 246.2036 254.0772 245.3024
393.0509 398.4738 401.427 426.3391 465.5156 453.4312 456.8482 461.0846 488.0075 474.2482 429.7283 405.7951 375.7386 357.7614 305.8169 301.0764 294.0345 267.4409 243.8911 219.2878 204.4851 208.9996 197.8168 188.3123 179.8236 175 175 175 176.1026 209.4112 182.9902 175 175 175 175 175 175 175 175 175 175 176.3535 175.0254 175 175 175 175.31 177.9916 175 236.5256 235.9977 188.1844 229.9393 257.9361 242.0753 370.0665 335.3858 318.0747 296.4076 288.3636 268.1293 278.7738 262.0225 265.39 265.9245 239.2408
439.7471 381.1201 414.2254 434.726 448.6171 439.0682 445.2409 447.9119 425.477 413.8919 399.101 378.8299 354.7403 330.7239 280.743 263.6242 260.9526 261.6856 224.93 214.1318 200.8808 216.5177 188.0835 182.7215 174.9717 175 175 175 204.7985 187.7006 175 175 175 175 175 175 175 175 175 175 175 188.2287 179.4294 175 175 184.1929 196.1543 175 175 185.5522 258.6903 263.133 245.9164 322.5381 358.0311 414.6125 408.1761 342.9053 324.3324 314.2448 302.8189 285.5475 278.0149 276.5168 254.8754 241.6077
377.8613 389.2197 435.1513 405.9648 430.7409 411.1459 425.4904 407.536 385.3578 383.9395 351.6894 324.9677 330.2982 289.3708 275.4796 266.4494 262.1688 240.7761 223.8498 211.3144 207.1367 191.4238 182.3762 185.1982 175 175 175 224.9144 207.7411 176.0362 175 175 175 175 175 175 175 175 175 175 179.5051 175 175 175 185.0084 227.0063 181.1278 175 175 208.0358 259.2138 262.0237 243.2682 338.7996 418.1957 419.3848 397.8779 400.8065 401.7823 407.6552 399.7656 354.239 277.3876 275.4903 241.9815 247.0532
387.8561 355.8963 371.797 380.6077 415.7544 398.4532 384.4464 378.3763 363.5368 340.9165 312.086 306.8092 286.4105 269.9521 260.5224 253.6342 250.2373 240.0887 220.4722 206.2442 196.1252 177.6867 175 175 175 175 194.5257 220.191 188.8682 175 175 175 175 175 175 175 175 175 175 175 175 175.4178 232.3342 207.2684 243.9685 215.7942 182.0004 213.3756 175 215.0424 217.4851 283.523 343.9934 401.6593 389.7345 414.6383 427.6464 390.8005 375.2655 377.7975 390.6898 388.951 302.456 270.9996 283.0579 247.0209
361.4804 369.527 378.328 399.342 379.8732 382.5889 362.6513 353.0841 333.5024 304.4598 290.9472 271.0896 262.5334 254.477 247.9964 248.8965 242.7719 233.092 219.9711 198.6754 187.3339 175.6154 175 175 187.8088 197.4056 203.4873 194.7585 175 175 175 175 175 175 175 175 175 175 175 175 175 224.4743 267.9915 275.3321 198.962 249.7431 175.6509 177.6465 192.6357 188.5323 281.8244 323.1844 361.6909 389.6982 392.7462 422.9781 402.7054 394.4514 381.5488 362.9998 370.2044 369.6394 375.2203 334.2302 309.8881 282.7606
346.6797 357.1116 369.9133 378.7332 376.8376 366.1138 348.2822 339.6703 304.8196 286.0279 278.9603 260.1692 261.7114 250.4447 271.0004 270.833 237.0941 230.5354 217.8075 188.4691 177.6413 175 175 205.3117 206.4243 208.3733 209.1707 175 175 175 175 175 175 175 175 175 175 175 175 175 177.9771 211.7436 277.8234 267.9578 268.9286 289.2263 197.6188 250.4893 278.0747 300.1272 306.9262 331.1618 377.9136 372.9676 397.4019 391.3955 383.391 365.7975 381.2008 341.3198 358.6198 369.8954 379.9391 349.1611 338.6449 305.5052
349.7326 339.8719 353.7834 358.2909 361.3186 346.9144 331.6574 316.0562 286.1671 269.1552 257.3057 251.911 245.5092 239.477 249.9151 264.6759 255.6178 229.3787 208.0812 179.447 175 176.7324 195.6878 237.0325 224.8687 187.0562 186.0667 175 175 175 175 175 175 175 175 175 175 175 175 204.5905 185.3416 234.7524 244.7448 271.7494 264.9409 276.5028 248.8069 273.3141 280.345 299.5403 329.5385 372.9262 358.788 358.8399 350.2256 359.3435 356.2465 350.4497 352.2249 352.8436 341.6289 327.8109 327.0555 316.2223 314.1585 295.7171
338.3541 331.5704 343.1945 344.2346 359.9237 347.0946 332.2836 309.8579 279.9231 258.8427 257.5108 244.3482 238.8062 234.5168 235.1497 253.1866 247.3701 230.2268 200.9557 175.4416 177.2878 236.9591 225.8204 216.3237 218.2829 199.5495 175 175 175 175 175 175 175 175 175 175 175 175 175 190.7728 226.3034 247.3043 290.5072 262.6399 331.2245 318.4138 326.5987 325.3398 331.9928 325.2902 338.541 337.6518 326.7764 369.7186 387.8563 378.9944 372.4298 382.2483 367.2818 361.7782 365.2168 362.2159 370.3827 368.1868 371.4648 322.265
337.4096 332.217 329.6926 342.6321 348.4995 325.3996 321.696 281.0648 263.0566 253.7741 271.1677 238.8538 231.1834 235.647 240.4248 237.1627 235.2856 216.5427 191.3799 175.7745 215.4567 234.158 252.8493 234.1184 210.7135 176.2437 175 175 175 175 175 175 175 175 175 175 175 175 175 228.2945 253.3318 249.9892 245.3413 291.1649 312.7331 307.3901 303.1748 302.8667 307.1184 323.7605 337.5543 408.7603 411.2501 370.6654 363.6097 364.0174 363.1868 357.6938 357.0307 358.1307 371.9892 387.7843 397.6341 372.5194 385.799 307.1104
316.0143 322.4238 326.1234 337.7247 348.657 328.5259 288.4615 289.8535 251.8789 244.9183 236.8324 242.7867 232.7009 239.3852 238.5705 245.2045 220.279 204.1993 192.6049 260.4367 270.4845 256.5589 237.1378 218.8318 222.7231 176.5032 175 175 175 175 175 175 175 175 175 175 175 175 175 205.222 244.4752 232.6313 244.7942 290.3853 270.9299 437.3622 372.678 414.0443 388.0538 411.3236 396.8637 373.0805 365.9972 357.6924 347.6396 343.6512 347.8616 352.1777 372.525 355.2952 375.2544 405.7269 343.4122 269.1442 287.5073 274.8215
