Resources/Map/Lvl0_30x30/Ele_DC.asc
ncols         335
nrows         335
xllcorner     -13345000
yllcorner     -3375000
cellsize      10000
nodata_value  -99999.0
[rows 250 to 274 of 335, columns 57 to 113 of 335]
-3060.1929 -3040.6406 -3006.2212 -3011.833 -3062.4385 -3032.3508 -3052.2573 -3086.3767 -3090.2393 -3152.8123 -3265.9924 -3310.3887 -3309.6899 -3330.0684 -3370.3174 -3459.0032 -3520.4421 -3496.1641 -3461.5874 -3420.5535 -3485.7876 -3636.7002 -3613.0974 -3478.3428 -3294.1404 -3327.6064 -3388.0498 -3170.3306 -3100.5879 -3121.3118 -3107.9028 -3052.0071 -3113.0762 -3250.9851 -3376.2363 -3495.6765 -3525.0935 -3576.6504 -3533.5815 -3590.5183 -3632.9626 -3638.136 -3625.4426 -3584.7476 -3564.2932 -3569.6433 -3557.0173 -3543.5623 -3618.6528 -3613.009 -3502.8196 -3509.9395 -3614.9395 -3689.927 -3652.3801 -3645.0022 -3713.7632
-3101.208 -3080.1492 -3045.0747 -3019.8027 -3038.8945 -3043.3508 -3130.6692 -3195.7607 -3242.189 -3295.2354 -3318.0161 -3324.885 -3159.1211 -3015.731 -3242.9153 -3417.9014 -3420.8843 -3447.2153 -3535.0691 -3475.7205 -3426.0251 -3459.1938 -3461.9043 -3434.4961 -3372.6975 -3383.8401 -3461.5764 -3610.8799 -3256.9348 -3280.2537 -3420.4797 -2845.6636 -2784.2292 -3092.6238 -3175.7649 -3370.5374 -3384.4243 -3539.7458 -3570.9492 -3575.5505 -3615.3521 -3626.7844 -3612.0652 -3604.7073 -3637.0938 -3630.2161 -3590.5078 -3579.9023 -3611.7104 -3531.2593 -3441.6877 -3510.0925 -3609.6677 -3671.7683 -3701.6985 -3723.3928 -3755.4937
-3088.9119 -3123.1501 -3098.7349 -3067.3323 -3058.6907 -3018.6829 -2993.1277 -3073.3455 -3365.0901 -3487.1028 -3232.2664 -3225.8118 -3300.7109 -3233.6455 -3247.3259 -3249.135 -3231.6707 -3070.1404 -3286.6782 -3434.2219 -3534.9607 -3470.6133 -3311.1758 -3324.0347 -3286.8564 -3229.9993 -3373.8474 -3787.9504 -3996.7676 -3926.1799 -3982.9565 -3586.8035 -2781.2478 -2961.6777 -2837.2229 -3302.7949 -3280.4629 -3378.2939 -3621.7712 -3575.2979 -3618.8433 -3647.8357 -3630.575 -3616.1074 -3636.9121 -3641.6057 -3583.76 -3603.2805 -3560.6631 -3425.3445 -3393.9814 -3519.7837 -3603.1658 -3638.0044 -3698.9653 -3720.386 -3748.7141
-3108.8601 -3175.5476 -3121.3635 -3066.082 -2905.2959 -2694.3521 -2701.6565 -2754.0544 -2945.3684 -3157.8103 -3091.0339 -3097.1221 -3097.5251 -2782.6296 -2654.1265 -2812.8054 -3032.4385 -3106.4341 -3170.9185 -3438.8633 -3777.7561 -3727.8694 -3588.2065 -3522.9109 -3451.9138 -3378.9795 -3293.6104 -3409.4883 -3678.7529 -4097.1328 -4415.8838 -4292.4146 -3542.4543 -3329.3782 -3196.4878 -3172.0081 -3329.4958 -3169.927 -3581.0476 -3574.917 -3624.9294 -3629.6091 -3602.6897 -3586.3162 -3596.51 -3592.0481 -3560.542 -3628.7878 -3595.7178 -3445.3586 -3357.874 -3454.9272 -3575.3054 -3570.8049 -3627.8384 -3692.8342 -3679.8381
-3157.1492 -3136.1326 -3077.5745 -3165.843 -3098.7871 -2844.8667 -2758.2266 -2715.4275 -2712.3218 -2732.2532 -2775.1758 -2993.0063 -3242.6965 -3029.3921 -2892.4292 -3103.6465 -3289.9614 -3523.9531 -3626.3303 -3637.3972 -3704.2649 -3578.4661 -3564.6978 -3585.3516 -3469.2859 -3359.5293 -3280.73 -3128.3506 -3118.4817 -3456.5891 -4158.3428 -4598.3052 -4303.1147 -3818.001 -3694.1294 -3197.4565 -3316.8279 -3075.9587 -3472.1396 -3603.9167 -3609.5261 -3605.0371 -3589.7693 -3598.0745 -3608.4268 -3592.5334 -3605.9573 -3690.3098 -3639.8679 -3542.5923 -3548.0806 -3578.3008 -3639.7112 -3619.4619 -3618.4849 -3645.5181 -3568.8804
-2864.1318 -2795.9529 -2933.6333 -3296.8579 -3530.1738 -3550.7412 -3564.5642 -3477.179 -3444.6311 -3455.8799 -3451.2886 -3612.6379 -3860.022 -3880.7249 -3815.1296 -3852.1272 -3838.5879 -3813.1897 -3725.6013 -3618.1118 -3580.551 -3553.8623 -3568.9138 -3507.446 -3432.2134 -3387.4133 -3322.6838 -3279.2639 -3090.3088 -3029.4092 -3443.2808 -3950.5291 -4208.8281 -3881.1985 -3836.7131 -3338.894 -3198.8486 -3206.2932 -3447.918 -3582.4553 -3631.6775 -3645.8381 -3617.604 -3604.1299 -3614.981 -3618.4673 -3688.4329 -3768.3523 -3626.6418 -3548.9219 -3618.2803 -3650.6851 -3698.6826 -3701.0264 -3711.1013 -3708.1719 -3628.949
-3081.0249 -3117.3818 -3250.4895 -3374.0469 -3466.8162 -3483.5872 -3541.6853 -3591.5986 -3654.2322 -3718.929 -3740.2634 -3767.4231 -3851.8423 -3839.3276 -3794.769 -3755.1846 -3688.4329 -3647.7441 -3602.7822 -3593.6172 -3559.252 -3540.7798 -3552.7625 -3453.0208 -3477.9644 -3397.9763 -3121.2527 -3385.1038 -3253.4138 -3216.4639 -2983.1956 -3284.9731 -3531.1338 -3364.6453 -3243.7759 -3343.0593 -3137.4556 -3170.4648 -3417.6008 -3558.4954 -3596.9729 -3632.0627 -3637.9287 -3610.5232 -3606.1125 -3609.699 -3645.9607 -3691.0923 -3561.0415 -3486.0012 -3555.8286 -3612.6865 -3661.3784 -3702.6116 -3747.8411 -3719.4387 -3670.7209
-3155.7363 -3223.6582 -3299.6929 -3229.8726 -3244.7354 -3316.9138 -3352.345 -3430.2654 -3531.2813 -3595.6587 -3593.9802 -3629.355 -3714.2756 -3749.2322 -3721.5242 -3607.511 -3558.9768 -3526.5247 -3520.5449 -3567.032 -3583.0859 -3531.6614 -3457.0833 -3464.2727 -3560.7505 -3473.5793 -3036.9436 -3406.7478 -3354.6396 -3321.5959 -3062.1143 -3050.406 -3290.2458 -2936.6519 -2773.2402 -3085.1414 -3304.3125 -3147.0002 -3303.3032 -3562.3037 -3503.2607 -3579.5325 -3636.7134 -3628.4312 -3579.2576 -3566.3447 -3586.9429 -3567.1426 -3533.8506 -3548.2964 -3568.769 -3572.8276 -3609.802 -3668.6296 -3713.3611 -3694.6638 -3598.0752
-2847.5093 -3018.2444 -3181.3374 -3155.5559 -3235.6755 -3328.7595 -3351.2175 -3432.2754 -3524.0586 -3577.7813 -3540.4304 -3539.2605 -3588.562 -3612.5186 -3594.0613 -3468.2034 -3480.8213 -3525.1067 -3538.124 -3565.0544 -3573.606 -3508.7454 -3411.5911 -3499.99 -3564.2258 -3566.9907 -3086.4968 -3408.6321 -3408.7524 -3319.6265 -3140.9375 -3113.1455 -3473.5896 -2891.5872 -2997.095 -3138.9243 -3431.6489 -3316.1863 -3280.2671 -3588.9224 -3437.6519 -3565.8562 -3646.3652 -3634.9993 -3579.8293 -3548.7471 -3521.3408 -3495.6641 -3535.0339 -3569.7795 -3518.2693 -3492.2119 -3556.1958 -3595.1729 -3632.8904 -3679.7178 -3678.9348
-2929.8547 -3049.551 -3125.3806 -3294.6975 -3372.3003 -3323.3271 -3379.9829 -3365.4417 -3391.9282 -3471.9189 -3440.2771 -3440.7048 -3503.3552 -3511.9478 -3472.0171 -3364.4851 -3382.6936 -3508.0759 -3582.4307 -3597.5513 -3586.4719 -3513.325 -3341.2307 -3458.0759 -3479.989 -3431.0071 -3395.146 -3432.4521 -3428.7708 -3351.3606 -3201.27 -3423.5352 -3839.4199 -3223.2869 -3456.3428 -3280.9021 -3215.26 -3328.5137 -3269.9331 -3564.6077 -3424.9985 -3587.6025 -3635.0747 -3614.0173 -3588.2976 -3530.4033 -3494.2861 -3542.7478 -3565.9709 -3524.7085 -3474.6233 -3482.9407 -3569.0896 -3585.1479 -3560.5464 -3607.2271 -3672.2129
-3094.9561 -3049.1873 -3122.2805 -3363.5337 -3376.3582 -3339.6292 -3394.2415 -3328.5955 -3318.7778 -3382.2988 -3351.7412 -3384.5835 -3487.5562 -3484.0088 -3439.4722 -3420.7798 -3459.0398 -3517.3264 -3532.8135 -3546.3088 -3574.7312 -3497.7166 -3285.6992 -3353.6619 -3349.5522 -3206.7478 -3610.9731 -3520.3438 -3371.2913 -3363.8037 -3224.2859 -3714.4868 -4017.0361 -3260.3799 -3310.0747 -3092.3535 -3107.0796 -3284.6675 -3243.47 -3503.5344 -3419.8689 -3590.0891 -3623.3589 -3597.0063 -3587.9619 -3513.6833 -3502.3525 -3551.8472 -3554.9456 -3522.9893 -3456.4534 -3478.5806 -3578.4116 -3589.8235 -3575.4719 -3635.76 -3639.9763
-3123.353 -3145.9607 -3221.4121 -3300.1563 -3294.437 -3340.425 -3400.2258 -3406.5393 -3413.5874 -3375.6621 -3302.7102 -3362.1406 -3436.4543 -3418.2515 -3383.5688 -3429.3103 -3493.9934 -3504.1572 -3505.8457 -3534.374 -3589.2251 -3444.657 -3199.1953 -3365.9434 -3411.6138 -3243.468 -3596.8345 -3475.4912 -3306.4148 -3339.0269 -3184.542 -3808.3435 -3873.8003 -2833.8176 -2682.5779 -2812.2815 -3063.7693 -3308.4836 -3328.1252 -3463.355 -3349.0393 -3563.1526 -3633.5889 -3593.8811 -3579.6423 -3521.6641 -3550.126 -3548.2295 -3547.3853 -3556.2639 -3477.9697 -3490.635 -3575.8223 -3563.2959 -3599.2603 -3683.6328 -3611.925
-3187.3877 -3280.5588 -3197.832 -3104.6201 -3142.7249 -3255.5305 -3376.3325 -3452.9595 -3472.7312 -3418.8027 -3323.2161 -3356.2915 -3392.3579 -3377.7129 -3344.5923 -3370.9736 -3466.8079 -3534.4856 -3542.0903 -3557.1008 -3576.7915 -3472.6174 -3273.7998 -3475.5662 -3566.7119 -3340.0051 -3498.551 -3409.5081 -3389.0151 -3294.1484 -3178.3401 -3657.0688 -3675.9575 -2758.8013 -2421.186 -2664.2258 -3018.1406 -3228.7883 -3326.009 -3398.2002 -3279.2717 -3499.957 -3648.6514 -3605.1406 -3568.458 -3520.2268 -3522.2915 -3508.9626 -3562.4053 -3564.1895 -3465.5022 -3484.9849 -3567.72 -3535.7859 -3554.7852 -3673.7715 -3658.9316
-3201.6218 -3234.2009 -3131.6804 -3119.3345 -3198.2046 -3248.03 -3365.2864 -3448.2324 -3454.2786 -3422.2427 -3266.1743 -3270.1787 -3363.7212 -3399.708 -3427.3845 -3446.4419 -3499.0195 -3606.2344 -3615.2561 -3551.0334 -3503.6399 -3466.5435 -3405.8918 -3488.4565 -3546.8218 -3326.2209 -3358.624 -3365.5422 -3389.1304 -3246.9727 -3072.7295 -3260.0073 -3436.6543 -3109.2888 -2600.0559 -2616.5857 -2967.4807 -3052.6755 -3121.2512 -3215.2673 -3234.615 -3442.6648 -3664.1277 -3613.7383 -3569.1643 -3536.9546 -3517.4326 -3514.3516 -3549.489 -3549.3779 -3483.3904 -3522.9031 -3598.0642 -3567.613 -3560.9336 -3680.5261 -3714.7087
-3218.1958 -3162.0701 -3148.5354 -3219.272 -3263.594 -3288.7974 -3362.7898 -3407.4783 -3399.0205 -3354.3391 -3136.2107 -3212.0801 -3393.9094 -3417.478 -3512.9539 -3530.5513 -3497.9265 -3594.8115 -3583.0452 -3488.272 -3438.0979 -3399.3267 -3467.02 -3453.7544 -3441.3047 -3416.1104 -3227.8921 -3338.8108 -3350.1223 -3189.8513 -2965.3003 -2824.8176 -3003.134 -3211.0793 -2793.1362 -2651.3491 -2913.4585 -2932.4216 -3000.3403 -3059.3457 -3180.8362 -3401.3213 -3645.7898 -3595.5259 -3542.0476 -3517.7678 -3535.6687 -3552.6982 -3522.043 -3527.2271 -3520.5352 -3556.7769 -3620.9307 -3620.6909 -3632.5415 -3702.0183 -3710.6819
-3181.5649 -3127.8076 -3178.4983 -3252.6777 -3260.4539 -3291.1772 -3323.5461 -3347.04 -3363.8948 -3310.2139 -3139.0127 -3294.4824 -3483.187 -3501.2356 -3539.5947 -3519.5803 -3461.8337 -3506.1641 -3485.2153 -3456.6892 -3410.0393 -3337.0959 -3427.488 -3415.9312 -3351.8528 -3451.948 -3334.7273 -3362.418 -3199.0266 -3154.1169 -3035.5566 -2698.4631 -2743.4812 -3110.5854 -3004.4485 -2730.7227 -2816.4319 -2912.6565 -3033.9221 -3055.9419 -3135.2834 -3370.5068 -3588.2961 -3553.2637 -3499.9617 -3480.678 -3542.6951 -3583.2205 -3576.7715 -3574.2766 -3566.1296 -3567.0554 -3623.9355 -3648.5242 -3674.3298 -3707.3215 -3699.6074
-3250.2534 -3236.1418 -3276.6418 -3335.3232 -3324.0706 -3350.3784 -3349.5789 -3332.8818 -3350.4717 -3340.9246 -3258.3928 -3331.946 -3469.7803 -3539.6572 -3520.5342 -3507.0417 -3500.5161 -3451.3542 -3471.7241 -3500.0073 -3423.0212 -3294.7488 -3342.1389 -3345.4497 -3404.4167 -3548.3286 -3490.9121 -3311.2576 -3071.2026 -3263.3838 -3174.4377 -2836.1987 -2679.7708 -2843.467 -3043.8105 -2771.0586 -2668.1721 -2861.3633 -3008.9338 -3076.0332 -2988.6382 -3289.7976 -3555.5317 -3504.6851 -3454.8799 -3467.5532 -3528.5559 -3557.3796 -3628.5505 -3593.7017 -3559.2368 -3564.8772 -3611.1396 -3643.7104 -3673.8672 -3726.4053 -3733.395
-3430.7944 -3385.5686 -3423.5579 -3448.7368 -3415.8621 -3432.1536 -3416.6101 -3365.8669 -3364.1243 -3393.3103 -3300.1936 -3289.2444 -3416.4502 -3493.592 -3523.699 -3544.6531 -3519.7429 -3468.7051 -3506.0881 -3518.3506 -3415.4475 -3242.8049 -3254.0425 -3397.0396 -3584.2202 -3567.7234 -3341.9988 -3139.5757 -3028.3994 -3456.5322 -3303.7446 -2902.0093 -2619.2681 -2570.1084 -2926.0955 -2876.5107 -2615.0508 -2845.1565 -3011.5193 -3109.2612 -2988.4241 -3245.802 -3550.4194 -3430.2483 -3391.3696 -3466.9146 -3517.7844 -3536.8662 -3637.7595 -3574.6541 -3538.5925 -3546.0212 -3534.7236 -3602.241 -3667.3916 -3737.1855 -3763.5715
-3396.5208 -3368.0242 -3434.9868 -3415.0667 -3371.8806 -3404.052 -3399.6106 -3380.9756 -3437.8264 -3387.5559 -3195.0906 -3270.9128 -3436.0249 -3463.7207 -3515.948 -3506.7112 -3420.7959 -3451.5203 -3488.7551 -3453.231 -3368.3303 -3290.0198 -3427.9434 -3518.7122 -3541.8201 -3315.4944 -3127.8372 -2941.9668 -3044.2656 -3600.8093 -3245.6328 -2898.5359 -2686.0002 -2522.6047 -2836.3938 -3032.085 -2726.8428 -2907.8721 -3047.2283 -3186.3164 -3211.5991 -3294.9058 -3535.5369 -3444.3438 -3401.8792 -3511.5703 -3538.7285 -3489.0015 -3508.2197 -3549.5046 -3563.0139 -3549.9314 -3492.5923 -3559.4641 -3626.4209 -3691.1221 -3739.7095
-3331.1343 -3314.2002 -3371.1157 -3348.1763 -3282.9292 -3337.3809 -3370.2732 -3395.4626 -3458.093 -3342.1489 -3219.9729 -3342.0186 -3429.4126 -3429.8467 -3470.9456 -3439.3994 -3376.4517 -3440.7375 -3465.2891 -3405.5217 -3362.3167 -3433.0586 -3514.8147 -3406.4448 -3322.2854 -3159.7185 -3045.8867 -2825.9739 -3019.4243 -3521.2349 -3021.9717 -2792.8391 -2818.1487 -2622.9221 -2818.0081 -3160.6123 -2852.698 -2939.6064 -3043.4131 -3184.6697 -3247.5056 -3288.7207 -3490.9866 -3550.8 -3470.5239 -3523.7896 -3564.407 -3507.9619 -3475.428 -3575.0872 -3593.6538 -3564.6445 -3552.6521 -3582.8843 -3599.8984 -3638.6577 -3692.2949
-3376.3176 -3375.0491 -3390.9983 -3363.8203 -3314.5669 -3369.4182 -3422.165 -3497.156 -3467.2466 -3322.137 -3315.2917 -3386.8384 -3376.0884 -3413.9246 -3446.0659 -3400.5869 -3408.2227 -3468.5313 -3477.4739 -3451.0789 -3448.0591 -3474.8691 -3364.7256 -3267.2268 -3240.5576 -3178.6912 -3061.8806 -2918.9377 -3029.8835 -3301.0835 -2752.415 -2066.5659 -2567.9885 -2764.0857 -2856.0127 -3225.2046 -2924.0894 -2955.2205 -3072.1812 -3178.2324 -3190.217 -3224.0313 -3400.8943 -3563.6965 -3477.8496 -3463.1938 -3538.3462 -3539.6663 -3536.3608 -3560.5825 -3589.4048 -3574.5713 -3599.8313 -3631.1099 -3631.8035 -3642.8174 -3691.248
-3397.3479 -3397.6865 -3382.9233 -3345.9907 -3291.1453 -3343.6743 -3458.3953 -3529.2976 -3471.0999 -3334.8008 -3319.0806 -3361.5601 -3351.8174 -3431.0076 -3443.0559 -3401.7915 -3469.9717 -3517.8118 -3511.5371 -3535.5686 -3451.3799 -3351.4714 -3253.7258 -3241.0916 -3233.3955 -3180.0603 -3063.8145 -3001.45 -3095.5918 -3114.6196 -2802.0952 -2101.9438 -2356.5266 -2850.3416 -3021.3513 -3185.0967 -2923.9702 -2961.3577 -3064.4749 -3165.1218 -3159.1125 -3144.561 -3282.7349 -3473.8967 -3421.5618 -3440.8108 -3509.1155 -3520.6807 -3551.9727 -3563.9817 -3595.3269 -3567.5781 -3581.541 -3610.3213 -3627.7183 -3654.5315 -3715.1116
-3349.2881 -3360.8293 -3328.1809 -3295.4683 -3241.2937 -3311.8713 -3436.498 -3455.4265 -3422.3826 -3371.8254 -3359.8208 -3397.8574 -3406.4424 -3436.2139 -3443.5601 -3457.0647 -3535.4216 -3565.7869 -3478.8025 -3435.979 -3286.9797 -3225.5959 -3223.4316 -3248.345 -3210.8848 -3147.0442 -3059.7698 -3062.9773 -3102.8979 -2988.3247 -2916.8037 -2683.6885 -2644.7727 -2913.5857 -3080.3931 -3061.1755 -2917.4246 -2970.7788 -3065.823 -3121.4895 -3137.6763 -3103.3052 -3200.0703 -3411.8555 -3437.9717 -3462.3923 -3429.896 -3434.9792 -3544.5859 -3598.4937 -3602.251 -3549.0208 -3523.3564 -3520.7976 -3587.3662 -3651.3018 -3660.2261
-3304.3833 -3372.7742 -3337.4089 -3277.2734 -3218.9563 -3307.9614 -3396.1523 -3374.9175 -3364.7026 -3387.0793 -3413.5718 -3441.6978 -3452.4888 -3460.9436 -3510.0635 -3474.5923 -3454.9063 -3419.7505 -3278.6858 -3222.6121 -3181.311 -3189.9124 -3222.0635 -3227.6257 -3165.1863 -3101.8425 -3048.4058 -3067.8662 -3034.3938 -2826.9602 -2829.9673 -2795.1868 -2899.717 -2976.4124 -3021.9939 -3010.6616 -2964.231 -3033.8691 -3079.8997 -3094.0439 -3131.2605 -3113.8979 -3155.3665 -3360.4683 -3447.604 -3467.2866 -3490.4543 -3489.5342 -3538.5283 -3582.3579 -3601.5935 -3606.0161 -3596.5503 -3553.9697 -3594.238 -3641.1018 -3538.272
-3269.2766 -3424.5435 -3449.1377 -3295.8804 -3210.041 -3289.5186 -3318.4019 -3310.7961 -3350.2063 -3413.9534 -3467.7139 -3442.5107 -3413.3311 -3409.8645 -3390.842 -3319.4307 -3281.1069 -3204.2144 -3136.8782 -3153.5459 -3205.7305 -3220.7615 -3187.3901 -3131.9167 -3091.5896 -3038.8088 -3025.6667 -3031.8398 -2948.4958 -2674.7876 -2741.1514 -2742.7437 -2944.3379 -2942.9114 -2925.7734 -3000.7483 -2976.3555 -3051.5188 -3099.074 -3111.22 -3144.1372 -3137.6921 -3162.1978 -3333.6624 -3420.6111 -3401.9302 -3514.2832 -3552.2456 -3571.4653 -3577.7981 -3608.8613 -3679.0115 -3727.6096 -3682.2588 -3647.0889 -3667.6875 -3643.1772
