Resources/Map/Lvl0_30x30/Ele_EI.asc
ncols         335
nrows         335
xllcorner     6755000
yllcorner     -6725000
cellsize      10000
nodata_value  -99999.0
[rows 52 to 77 of 335, columns 228 to 284 of 335]
-1633.9047 -1726.537 -2297.2705 -2433.4133 -2490.0715 -2712.8516 -3102.2185 -3326.3484 -3334.5591 -3303.4993 -3310.7065 -3413.5823 -3613.0417 -3882.8635 -4039.0588 -3884.415 -3646.9231 -3645.5686 -3545.8108 -3466.335 -3466.4087 -3541.1763 -3637.0935 -3753.5212 -3784.1812 -3722.5793 -3718.9055 -3741.0842 -3749.4912 -3772.459 -3758.6519 -3767.0999 -3812.3503 -3901.1377 -3871.0186 -3906.6189 -3977.0293 -4055.7908 -4171.7837 -4193.4976 -4201.5718 -4198.1772 -4251.6636 -4327.3516 -4273.9019 -4166.9995 -4132.4087 -4145.9731 -4110.3296 -4079.5315 -4066.0679 -3994.3152 -3881.6702 -3833.793 -3788.1787 -3725.2437 -3728.4805
-2708.7915 -2528.8755 -2450.7129 -2483.2234 -2762.9675 -3125.7478 -3354.6536 -3365.0476 -3225.9668 -3130.0586 -3230.9341 -3572.9343 -3912.4727 -4036.3977 -3963.3054 -3822.4019 -3688.1958 -3693.99 -3659.7498 -3548.2871 -3514.989 -3620.2776 -3722.0117 -3774.8884 -3810.5571 -3803.1709 -3790.0327 -3764.6658 -3760.9197 -3749.8499 -3744.1816 -3853.562 -3880.0505 -3931.5413 -3959.5569 -4004.252 -4066.6279 -4122.8901 -4170.8643 -4171.9878 -4214.2578 -4253.2695 -4300.8911 -4290.418 -4220.6582 -4195.9678 -4175.4443 -4143.7573 -4103.6626 -4061.1689 -4015.4395 -3992.5315 -3949.5747 -3911.7629 -3867.9009 -3740.521 -3696.4302
-3140.9722 -3011.7371 -3024.6338 -3123.0286 -3175.2893 -3273.272 -3343.6826 -3321.4104 -3227.5205 -3185.427 -3405.792 -3847.3811 -4084.6138 -4009.1206 -3880.4067 -3780.4558 -3676.7759 -3701.1382 -3772.6062 -3739.1255 -3670.8484 -3660.4729 -3713.6304 -3732.7456 -3798.6274 -3844.3613 -3864.4128 -3814.322 -3822.7913 -3854.0088 -3872.3306 -3955.4727 -3967.9355 -3972.634 -3984.3315 -4014.7632 -4107.6367 -4141.1572 -4169.6299 -4202.6118 -4261.9434 -4254.0483 -4222.9673 -4223.0679 -4175.5229 -4153.7954 -4137.4355 -4119.7427 -4114.0313 -4054.2075 -3993.1563 -3957.9133 -3944.2539 -3955.4797 -3903.3923 -3770.8782 -3714.991
-3168.4761 -2961.0295 -3073.7876 -3267.2109 -3172.4224 -3118.2041 -3190.1709 -3200.0015 -3229.9297 -3467.113 -3787.2913 -4017.8313 -3994.4165 -3846.438 -3807.436 -3796.8435 -3701.7559 -3675.5974 -3706.9104 -3774.3303 -3860.6726 -3823.8335 -3746.937 -3745.5833 -3884.2073 -3918.4705 -3949.5288 -3920.6213 -3880.8518 -3905.376 -3914.4167 -4004.5955 -4041.22 -3999.3464 -4034.9258 -4096.397 -4156.1382 -4139.0635 -4206.8867 -4257.2847 -4262.6553 -4235.4878 -4184.5781 -4204.2954 -4209.4751 -4190.6094 -4114.2939 -4037.9434 -4043.4841 -4038.1531 -3991.3152 -3853.1309 -3822.4187 -3925.2642 -3881.6021 -3785.9155 -3742.4292
-3112.5127 -2984.3621 -3076.2859 -3153.1733 -2800.6028 -2550.6965 -2831.3733 -3135.5886 -3380.3137 -3792.3376 -4019.1604 -3987.6003 -3869.3311 -3705.0479 -3649.8923 -3702.2312 -3719.0955 -3713.9658 -3688.7705 -3782.6035 -3889.1682 -3943.2791 -3970.9016 -3926.3643 -3936.7981 -3908.3879 -3961.7966 -4002.905 -3913.155 -3928.2 -3935.8818 -4032.6572 -4073.939 -4046.8904 -4063.3601 -4127.1094 -4209.2583 -4232.3975 -4262.0376 -4255.4395 -4227.6465 -4223.2397 -4201.6934 -4183.5928 -4182.4834 -4187.9751 -4109.3516 -4006.8276 -4017.3359 -4049.2043 -3960.3699 -3827.9697 -3812.4409 -3832.2473 -3796.8767 -3777.3232 -3783.0415
-3145.2217 -3145.2009 -3107.6052 -3028.5618 -2779.5549 -2673.6479 -2938.4063 -3314.7236 -3690.0542 -3975.1943 -3955.2781 -3800.8765 -3761.4612 -3681.7195 -3631.1951 -3634.9507 -3675.8423 -3765.4724 -3784.8359 -3892.7092 -3976.4976 -3978.3687 -4030.7634 -4057.7791 -4041.3418 -3954.5085 -3967.7141 -4030.7588 -3973.9846 -3982.7859 -4003.3818 -4057.7153 -4064.3821 -4063.6794 -4106.3433 -4084.6064 -4132.1748 -4241.7104 -4256.1553 -4230.6147 -4211.6372 -4196.6812 -4191.3892 -4186.1577 -4174.502 -4136.6338 -4103.7505 -4065.1648 -4011.8457 -3989.8442 -3945.824 -3886.6353 -3860.7847 -3818.9927 -3733.1616 -3739.469 -3865.3816
-3207.0732 -3148.0039 -3026.7622 -2974.0847 -2950.0435 -2956.5078 -3204.1753 -3664.9199 -4010.7039 -4021.8149 -3846.5161 -3688.8625 -3651.0635 -3648.6111 -3719.7715 -3710.8823 -3690.6165 -3786.2644 -3866.2769 -3973.2305 -4024.5286 -3998.7761 -3997.4233 -4030.5796 -4073.926 -4065.6025 -4031.9478 -3988.9883 -3935.6052 -3987.9597 -4043.9167 -4056.1516 -4043.4912 -4035.4685 -4091.7834 -4061.8384 -4128.918 -4245.8403 -4226.7432 -4236.2261 -4257.606 -4206.2681 -4198.9609 -4197.6196 -4168.3643 -4123.6235 -4085.6252 -4055.6353 -4013.5427 -3982.1516 -3942.8228 -3850.8237 -3804.6438 -3816.9846 -3762.4802 -3825.1494 -4070.8015
-3155.1152 -3051.1609 -2943.3521 -2885.6108 -2870.8391 -3038.4592 -3516.5483 -3979.8098 -4088.8718 -3942.4023 -3816.5559 -3770.8845 -3691.2075 -3640.0652 -3724.1655 -3754.4084 -3790.7141 -3891.2051 -3940.2302 -3947.115 -3937.8535 -4019.1147 -4063.3943 -3997.9514 -3986.6677 -4074.6558 -4101.9214 -4010.1702 -3959.3206 -3983.3503 -3982.0127 -4009.3962 -4091.3965 -4125.0874 -4098.5728 -4070.7312 -4118.6909 -4154.8076 -4141.4668 -4190.4648 -4215.9551 -4164.0913 -4158.8203 -4147.5552 -4124.6382 -4115.7021 -4076.7761 -4043.9658 -4021.7156 -3993.7688 -3966.4099 -3923.7471 -3880.8687 -3880.2288 -3902.3552 -4043.7383 -4249.6782
-3052.7681 -2971.6907 -2852.8118 -2749.4429 -2880.6936 -3434.2097 -3993.8923 -4157.6133 -4019.2444 -3872.0425 -3782.0591 -3781.8918 -3773.1921 -3791.7837 -3817.2793 -3811.095 -3838.092 -3907.3457 -3946.1704 -3979.1328 -3986.9092 -4043.3369 -4057.2073 -3953.5483 -3934.6992 -4036.9116 -4064.9624 -3995.8513 -4059.5981 -4074.4985 -4028.1819 -4041.1235 -4122.4463 -4165.0674 -4142.3408 -4127.0137 -4113.0059 -4096.4927 -4088.5884 -4136.0444 -4182.9951 -4152.1836 -4125.2393 -4131.6001 -4118.6738 -4110.5151 -4105.2725 -4066.9824 -4010.5322 -3989.0139 -3998.5977 -3981.5259 -3940.906 -3998.4707 -4104.3857 -4222.7017 -4272.5742
-2895.176 -2966.4653 -2875.0781 -2798.365 -3214.2739 -3919.5945 -4220.1245 -4135.5986 -3975.9297 -3896.353 -3846.8386 -3838.9929 -3883.9434 -3944.4521 -3989.1506 -3952.5166 -3888.9941 -3902.9626 -3977.803 -4038.4573 -4028.7344 -4049.8008 -4056.0911 -3973.3381 -3922.2866 -3992.0527 -4048.915 -4001.3833 -4052.6907 -4084.905 -4092.6492 -4139.9644 -4225.8018 -4187.4438 -4149.8276 -4147.6016 -4150.269 -4157.5767 -4097.1641 -4080.2676 -4121.3867 -4113.7954 -4063.8474 -4080.594 -4093.9622 -4095.8738 -4107.2036 -4078.9871 -4035.8201 -4020.6631 -3986.6199 -3919.8406 -3955.1528 -4197.9971 -4368.0244 -4293.3491 -4176.478
-2801.262 -2902.8206 -2913.8611 -3048.7754 -3589.3582 -4101.4258 -4169.063 -4035.8125 -3911.4421 -3876.5889 -3880.4819 -3845.5049 -3859.5493 -3908.5256 -4032.7402 -4077.9363 -4023.8958 -3990.9163 -4006.9548 -4036.5217 -4074.1125 -4121.8862 -4108.1753 -4032.96 -3948.3047 -4046.7659 -4096.6831 -4024.6931 -4027.762 -4057.2917 -4149.3228 -4208.772 -4237.2866 -4153.041 -4148.9082 -4123.7876 -4129.1533 -4185.9932 -4150.9932 -4146.2549 -4127.2524 -4108.3486 -4057.7429 -4079.9065 -4110.6299 -4079.5566 -4088.2832 -4116.9604 -4084.8003 -4015.5693 -3926.9783 -3885.8311 -4001.5818 -4284.1372 -4434.9136 -4268.8335 -4167.3584
-2752.5864 -2823.6809 -3048.4746 -3493.9504 -3972.179 -4150.4106 -4080.3982 -3958.0601 -3835.2 -3792.3735 -3820.9846 -3841.749 -3868.2505 -3910.916 -4015.1785 -4048.0134 -4071.3562 -4112.2383 -4033.6655 -3996.6606 -4066.8645 -4094.6797 -4113.3462 -4161.666 -4108.1968 -4118.3643 -4087.1675 -4031.8748 -4025.6152 -4019.26 -4104.7441 -4115.8789 -4163.0127 -4163.2529 -4176.251 -4130.6792 -4116.7393 -4153.1699 -4138.4487 -4188.8599 -4180.8999 -4168.9175 -4127.771 -4108.8579 -4098.1987 -4005.6038 -3990.4399 -4029.2688 -3975.0496 -3899.9495 -3919.1865 -4040.063 -4151.5908 -4219.0625 -4241.2314 -4219.8818 -4273.3535
-2700.2107 -2938.3704 -3419.4172 -3906.0964 -4144.5361 -4099.7969 -3976.5791 -3893.647 -3823.842 -3777.0728 -3750.2483 -3779.821 -3896.6294 -3952.3745 -3970.1628 -4019.4644 -4068.095 -4121.0122 -4058.4172 -4030.5403 -4069.1663 -4001.8582 -4048.8389 -4194.8438 -4130.6377 -4101.1621 -4156.7593 -4106.7944 -4059.2654 -4061.259 -4141.9355 -4063.2764 -4075.3943 -4120.1074 -4125.3721 -4141.2222 -4110.2368 -4124.5952 -4133.3584 -4153.4351 -4140.1006 -4120.1118 -4128.5015 -4141.1782 -4128.6528 -4034.2141 -3961.9771 -3945.6611 -3887.6321 -3874.6973 -4041.5342 -4236.0435 -4213.5239 -4088.6855 -4076.4072 -4210.1206 -4333.2246
-2566.813 -3152.645 -3815.4561 -4120.4839 -4111.7124 -4014.415 -3937.866 -3881.8518 -3799.1941 -3778.7915 -3784.4636 -3794.6121 -3894.856 -3938.6187 -3931.9919 -4040.542 -4076.5547 -4053.7053 -4047.6057 -4073.708 -4106.6406 -4014.5308 -4020.3811 -4130.2197 -4084.717 -4073.0925 -4195.0605 -4163.1382 -4096.1177 -4097.001 -4180.5972 -4144.4292 -4073.7041 -4071.5 -4078.7922 -4113.1992 -4057.186 -4093.5505 -4114.9941 -4085.5703 -4062.9314 -4018.929 -4047.1748 -4101.9858 -4112.5356 -4043.179 -3945.8872 -3922.8047 -3939.459 -4020.8762 -4183.3921 -4267.8379 -4165.6865 -4055.533 -4073.7412 -4181.9048 -4258.978
-2491.9573 -3354.1938 -3998.3901 -4155.9854 -4056.6787 -3945.5767 -3930.8013 -3890.9668 -3749.5889 -3800.907 -3875.3306 -3857.259 -3901.3655 -3956.9346 -3987.3394 -4051.9436 -4088.3901 -4096.8862 -4120.7749 -4091.751 -4073.2432 -4083.1802 -4102.6216 -4152.8037 -4089.4976 -4075.9019 -4138.3877 -4100.9121 -4082.3792 -4106.2256 -4108.8457 -4141.1157 -4129.9028 -4099.3535 -4061.5938 -4045.5085 -4023.4409 -4059.689 -4039.2981 -4008.2061 -4022.9873 -3996.8901 -3968.6426 -4010.4958 -4049.8069 -4018.51 -3960.1917 -3975.1963 -4047.2468 -4163.5215 -4235.8115 -4172.6401 -4097.7578 -4112.7827 -4176.77 -4199.3232 -4190.623
-2803.0854 -3632.9661 -4067.4551 -4097.3325 -3999.231 -3897.8301 -3910.0535 -3919.2449 -3810.8252 -3874.7371 -3915.7332 -3920.054 -4010.9102 -4049.8572 -4014.9187 -4021.2676 -4093.897 -4144.436 -4171.9331 -4123.999 -4047.0637 -4061.2358 -4072.5071 -4130.1157 -4109.7402 -4058.9917 -4047.0535 -4016.1213 -4065.427 -4078.7661 -4065.1675 -4116.2417 -4142.4326 -4115.9648 -4061.2495 -4034.3589 -4040.3533 -4035.1716 -3985.5686 -3961.95 -3993.2788 -4031.8401 -3958.0178 -3966.2227 -4006.762 -4005.241 -4005.8062 -4068.6433 -4164.3501 -4201.3438 -4131.9507 -4038.1182 -4082.2336 -4179.3955 -4230.147 -4213.604 -4193.29
-3383.3909 -3908.1985 -4084.572 -3981.1951 -3901.1902 -3856.3286 -3846.4321 -3886.5901 -3865.8379 -3912.8154 -3908.0491 -3902.7913 -4015.9102 -4062.8503 -4023.6055 -4038.5417 -4114.5879 -4121.3599 -4110.2847 -4114.8804 -4085.5508 -4058.3237 -4039.4492 -4085.9084 -4155.9248 -4075.2976 -4012.645 -3963.4895 -4020.3611 -4016.2466 -3999.7117 -4077.5386 -4092.3843 -4064.7283 -4071.2483 -4090.4568 -4039.8794 -4010.272 -3998.9106 -3944.7275 -3929.1636 -4000.3975 -3963.7251 -3994.4463 -4021.073 -4020.9568 -4077.1184 -4136.6045 -4157.9849 -4102.269 -4009.738 -4029.1482 -4149.6255 -4183.646 -4159.9985 -4126.271 -4095.9434
-3857.4651 -3998.5681 -3997.9529 -3880.3354 -3839.7524 -3796.0947 -3757.6809 -3820.0344 -3841.2983 -3877.7363 -3937.4185 -3952.3411 -3986.0876 -4024.4768 -4047.1663 -4091.0854 -4152.5952 -4126.9683 -4087.1287 -4075.4375 -4074.7988 -4073.8691 -4079.1643 -4052.8916 -4078.9739 -4035.6392 -4060.6501 -3980.7358 -3976.1812 -4008.7683 -3958.0767 -4034.3809 -4046.5156 -3997.0862 -4037.5745 -4117.688 -4039.9736 -3986.0676 -3988.2842 -3933.593 -3926.6663 -3966.8806 -3963.3645 -4021.0234 -4052.5444 -4085.488 -4159.9209 -4136.8589 -4050.5474 -4009.2581 -4019.3872 -4110.6104 -4175.7705 -4110.6636 -4055.925 -4055.7886 -4023.312
-3995.4326 -3953.5347 -3878.9512 -3821.8547 -3812.2747 -3671.3047 -3642.8931 -3783.2146 -3847.489 -3846.8225 -3958.8301 -4047.4434 -4010.1357 -4005.8887 -4011.5188 -4047.6421 -4095.9253 -4080.7627 -4106.0605 -4074.6145 -4052.5815 -4074.0762 -4066.5391 -3994.7424 -3991.5029 -3963.9158 -4021.0513 -3975.561 -3990.9224 -4011.425 -3985.5725 -4018.3723 -4016.7991 -4006.3721 -4009.9292 -4030.4265 -4008.3918 -4001.45 -3972.9299 -3956.8562 -3957.7656 -3923.489 -3938.2041 -4006.2983 -4071.6963 -4173.6001 -4215.5942 -4090.9302 -3982.1567 -4008.9993 -4065.6494 -4102.0005 -4119.458 -4060.8115 -3989.3105 -3996.8296 -3976.4055
-3929.001 -3901.9412 -3800.134 -3737.6553 -3738.2861 -3580.9431 -3541.1968 -3701.4561 -3828.3389 -3841.8557 -3903.3066 -3979.6506 -3953.9683 -3994.6914 -4006.6809 -4013.1833 -4019.6804 -4036.22 -4099.1357 -4057.6155 -4046.2588 -4031.6724 -4020.4189 -3983.5774 -3976.7354 -3978.4238 -3953.8467 -3905.3667 -3981.6123 -4012.27 -4015.7192 -3973.9927 -3945.5874 -3979.2354 -3979.5942 -3933.6287 -3943.4741 -3978.1501 -3968.9758 -4000.9954 -3987.22 -3946.5466 -3970.8992 -4045.5657 -4131.5063 -4202.6079 -4166.02 -4043.5498 -3999.3411 -4029.8447 -4098.4346 -4112.561 -4065.49 -4021.6401 -3982.3694 -3958.2542 -3925.5117
-3827.2095 -3790.5481 -3713.7441 -3661.6497 -3672.6333 -3613.3547 -3521.2664 -3563.4795 -3702.0051 -3785.1101 -3818.377 -3863.7832 -3875.0439 -3970.6631 -4005.5142 -3984.7981 -3980.9998 -4039.7534 -4068.8901 -3995.8616 -4040.9211 -3991.2144 -3978.2676 -4009.019 -3964.4575 -4005.0515 -3937.4819 -3892.2571 -3965.438 -3962.9006 -3972.5237 -3939.3989 -3919.5447 -3960.4746 -3957.3391 -3898.5261 -3885.8245 -3879.7202 -3903.6787 -3957.7629 -3980.9731 -4045.125 -4089.5947 -4106.207 -4102.9912 -4089.5825 -4059.4968 -4012.0139 -4037.7856 -4054.8865 -4082.0676 -4075.6829 -3998.7571 -3976.1423 -3985.4946 -3962.1609 -3930.1079
-3738.5786 -3672.054 -3619.5103 -3584.6494 -3588.2009 -3603.0066 -3576.8704 -3594.7234 -3683.3184 -3744.2007 -3770.3704 -3835.8186 -3886.3872 -3930.1006 -3939.251 -3940.3557 -3954.2773 -4051.9031 -4080.1001 -4000.7815 -4053.6157 -4002.0146 -3957.9387 -3980.1147 -3937.655 -4006.4949 -3943.9155 -3940.3655 -4022.8677 -3911.3535 -3906.8877 -3924.553 -3936.4009 -3971.4941 -3914.4001 -3861.821 -3866.0254 -3839.2681 -3858.1687 -3899.0281 -3941.27 -4060.104 -4131.6743 -4060.0554 -3943.9812 -3910.4749 -3988.5664 -4027.845 -4060.0181 -4078.6951 -4051.1873 -4000.4451 -3940.4229 -3930.4934 -3926.4292 -3930.3708 -3959.8279
-3728.1968 -3635.803 -3541.7375 -3532.9526 -3584.1982 -3644.9949 -3696.9666 -3758.8884 -3844.1643 -3852.074 -3818.1907 -3834.3047 -3894.7415 -3892.5039 -3895.2351 -3922.8962 -3903.5698 -4025.071 -4092.396 -4033.6375 -3994.823 -3946.6982 -3918.4146 -3906.1826 -3891.7966 -3958.7842 -3921.8367 -3930.459 -4040.9963 -3961.1887 -3907.4089 -3890.0144 -3903.092 -3919.7034 -3851.1418 -3822.6191 -3851.5754 -3838.7168 -3859.6121 -3930.3391 -4009.3008 -4043.3933 -4011.0417 -3933.2866 -3826.6211 -3778.5898 -3921.0344 -4063.4053 -4085.4614 -4077.668 -4040.8887 -4021.7627 -4000.1279 -3939.7646 -3876.2847 -3875.2698 -3911.0933
-3719.2776 -3697.905 -3593.5837 -3609.4043 -3717.4824 -3784.1814 -3757.6833 -3705.6479 -3819.3909 -3931.0403 -3929.2344 -3901.999 -3915.7532 -3923.8948 -3951.2998 -3939.6082 -3931.3674 -4042.9639 -4045.0662 -4013.2664 -3956.0293 -3869.5532 -3829.6885 -3818.2654 -3828.0173 -3851.5962 -3831.5481 -3870.0391 -3967.1226 -3944.8225 -3882.2324 -3883.8147 -3860.0662 -3846.1978 -3843.2632 -3813.8125 -3829.0081 -3841.0381 -3877.9084 -3979.4331 -4068.7185 -4020.9587 -3888.8875 -3848.4487 -3828.9714 -3846.3147 -3958.8936 -4050.1914 -4059.4365 -4042.3301 -3982.3013 -3978.9697 -3998.4614 -3935.2097 -3866.9001 -3848.7158 -3862.0598
-3660.6719 -3756.6375 -3731.2717 -3759.1833 -3798.6313 -3804.4631 -3721.4448 -3599.4915 -3656.0984 -3774.4546 -3855.8093 -3890.6953 -3880.583 -3906.8674 -3934.7354 -3925.9419 -3988.2124 -4052.3923 -4004.5459 -4017.7283 -3957.5237 -3827.0774 -3742.2703 -3708.0303 -3737.6248 -3751.0181 -3734.4788 -3791.5117 -3863.1172 -3821.9331 -3798.7329 -3871.1831 -3834.9561 -3810.9131 -3827.0142 -3811.4189 -3846.5815 -3849.4434 -3886.6025 -4020.7463 -4085.8896 -4025.7871 -3894.9734 -3817.0371 -3837.3347 -3947.7947 -3978.4402 -3927.926 -3948.7239 -3971.2065 -3913.8989 -3921.3923 -3949.834 -3939.9299 -3933.5059 -3889.6311 -3863.5229
-3649.0435 -3795.9485 -3859.3284 -3809.7437 -3683.5591 -3608.5759 -3555.6584 -3553.8999 -3667.6345 -3716.8127 -3769.9307 -3836.4736 -3817.7813 -3857.281 -3916.062 -3932.0779 -3962.5544 -3933.6382 -3905.71 -3946.9978 -3851.3857 -3731.0237 -3716.4026 -3734.4858 -3711.7542 -3697.0918 -3697.6868 -3718.9231 -3733.489 -3736.2805 -3746.7747 -3787.9622 -3778.1685 -3745.5117 -3775.4519 -3794.5466 -3845.6814 -3908.9839 -3954.9744 -3986.1245 -3932.3132 -3906.0374 -3883.5737 -3876.5474 -3933.8835 -3987.2578 -3935.552 -3818.8521 -3827.123 -3897.6233 -3881.7485 -3879.3101 -3883.0061 -3890.0347 -3921.5095 -3896.2632 -3857.9297
