Resources/Map/Lvl0_30x30/Ele_BJ.asc
ncols         335
nrows         335
xllcorner     10105000
yllcorner     3325000
cellsize      10000
nodata_value  -99999.0
[rows 243 to 269 of 335, columns 244 to 304 of 335]
944.8083 1396.8524 1332.5142 1216.009 1361.2014 1512.3566 1159.7012 983.6721 942.0118 1046.671 1100.313 1083.8352 959.6251 724.9639 396.5667 292.4858 249.4509 210.8867 98.8604 77.0638 67.1578 55.5243 54.3218 50.8681 46.4534 39.5794 38.4624 36.2913 36.3766 40.7714 27.6693 24.5339 22.7271 21.471 20.4276 17.304 15.0511 12.7716 11.6745 10.4655 11.1434 11.8131 12.9248 13.132 12.6237 12.4165 9.4233 9.0946 10.9871 12.2566 13.445 12.7343 9.666 9.4537 7.3518 8.3026 7.0979 1 1 3.6143 1
1169.5665 1456.5034 1319.2976 1232.9274 1158.0393 1196.8865 1329.3065 1088.9314 1068.13 850.4597 826.5195 799.6791 755.5764 442.9448 313.6223 262.3339 371.8776 388.6971 102.4459 66.3892 62.2281 53.3985 50.7661 49.0719 46.3984 44.5231 38.9737 37.7246 38.647 34.0548 27.2043 26.2209 23.6098 20.5744 18.0436 17.2578 17.7733 17.1155 13.5941 13.9253 12.5552 13.0069 12.2106 10.8577 11 11.8589 10.724 10.7871 12.537 12 11.0268 10.3849 13.5292 9.9182 8.9676 8.917 8.8846 8.849 6.5989 6.0117 1.7609
1494.3053 1222.1958 1158.5044 1116.7781 1072.1287 1115.9987 1132.5126 1109.6134 956.1091 848.6891 727.0908 688.7966 617.9476 745.5147 605.3024 443.1183 491.2687 320.5648 199.6364 69.2238 55.8573 49.2982 43.6071 42.8504 35.267 37.4704 35.9918 32.1857 38.6255 33.3309 27.0809 24.7693 23.5067 18.9522 17.2249 17.514 17.5083 16.9198 14.097 13.8118 14.5136 15.746 17.4419 13.8488 13 13.7589 14.5398 13.1111 12.444 13.4333 11.4289 11.2066 9.9669 9.068 8.5712 8.4324 8.0394 8.7579 10.9322 10.4983 2.988
993.9556 1108.6421 1177.3339 1107.9413 1061.3085 1163.507 1168.4865 1183.4773 1000.9397 927.8913 715.6226 795.3176 964.4224 947.6703 854.207 693.7621 793.6319 297.4386 129.3162 80.9868 54.4124 40.2214 40.2867 39.006 31.1758 35.9689 30.0451 37.1076 41.0671 30.4433 29.9689 27.4763 22.4471 21.3748 20.6722 20.9718 16.1255 14.5149 14 13.4231 15.2413 16.6891 15.7223 16.615 14.3316 16.4689 16.852 14.1213 15.9713 15.0102 13.9849 12.9138 11.6392 7.192 8.9844 8.5337 7.0044 8.3376 9.6422 9.5986 10.9929
823.2806 941.0738 907.1449 1014.8129 1060.1581 1133.9662 1228.5842 1343.3141 1253.4111 951.3273 855.6226 883.931 1074.647 1083.8564 871.2117 797.0753 609.9449 242.4232 141.8814 89.1054 56.8271 44.8017 36.8474 32.828 29.8405 31.1895 28.7543 33.6782 31.4269 29.5679 27.2363 23.9815 22.6177 22.139 20.4725 18.8414 16.8636 14.586 14.5362 14.7486 15.2093 15.9551 14.0572 13.4544 15.8227 16.8019 14.401 15.4857 14.4534 14.196 13.4136 9.9054 11.4827 9.778 8.5186 8.3036 8.4266 8.8614 9.9037 9.693 10.6546
792.2675 842.1088 998.4626 1140.4031 1285.7943 1244.3905 1232.5261 1212.9865 1311.4126 1136.1975 914.5272 940.7668 894.4116 826.1528 756.5036 1007.2809 401.1893 249.1742 136.2486 100.3061 54.4377 42.9341 38.9108 30.1399 28.1057 28 24.0886 30.2625 26.8387 26.401 25.6568 24.5477 21.1667 20.5401 20.5114 18.1382 17.7174 14.6963 13.8338 15.2578 16.3616 15.4175 13.3467 17.2122 18.4176 18.8709 13.8446 12.854 13.9906 13.0149 11.3748 10.9125 10.1163 10 9.6193 8.1991 10.5886 10.7318 10.5836 9.8548 10.256
832.5782 962.8866 1220.7098 1204.6107 1485.0391 1394.6632 1387.7933 1354.6234 1535.3317 1317.635 974.3383 1108.7521 949.8448 991.8705 1091.3118 872.2237 651.4758 247.3279 232.4003 161.7237 58.2269 41.7421 33.9732 26.9931 26.2119 25.2378 23.5263 27.2282 24.6244 23.8992 24.4318 23.2369 25.5431 22.8867 19.9848 22.3642 18.962 16.3768 14.9608 17.2702 16.8515 18.2652 15.4731 18.095 18.9356 15.9356 13.79 15.0556 13.9207 13.9873 12.6928 10.4193 11.9227 9.5092 9.9666 8.8158 9.6746 10.5704 12.3693 11.4023 11.7342
872.5477 950.8389 1364.0406 1360.9949 1502.4589 1480.4153 1435.9409 1571.9127 1492.8827 1471.7029 1243.7937 1180.8142 992.7578 1162.3796 1329.7374 1051.267 501.9733 271.0367 138.7315 123.0127 90.813 38.076 33.347 27.1102 23.1292 23.3471 24.405 30.6931 26.5633 26.0005 25.5214 25.7158 23.3033 21.9989 24.2624 23.8005 20.1541 19.0108 19.787 21.0505 20.8904 16.9142 15.795 17.4911 17.8551 14.9062 15.7296 14.8737 13.4369 13.0068 12 12.5442 10.8451 12.9685 9.8685 9.5863 9.7603 12 13.248 11.7861 11.697
1015.5195 1259.686 1281.6888 1551.3964 1445.6864 1602.55 1614.3485 1547.4161 1521.5344 1353.5745 1313.627 1411.7523 1195.7865 1480.6351 1023.0286 792.1353 546.0614 317.4129 187.148 140.6278 76.024 42.7309 36.8464 24.4931 23.8503 25.7972 24.1395 28.0655 27.8043 28.5744 27.7392 24.4633 23.5521 23.8713 24.3904 21.6846 22.1163 21.4689 19.9014 21.3474 21.1575 19.2154 17.6452 20.9425 18.5945 15 16.571 16.1614 15.0018 14.1255 14.8476 11.141 11.6994 9.7141 10.5402 11.609 11.9022 11.9662 11.8003 13.7641 14.3507
1303.8789 1385.12 1221.5171 1257.1329 1329.7881 1353.0994 1396.1405 1588.9655 1461.9193 1404.0679 1311.3788 1576.7845 1328.7705 915.7256 659.7385 527.9252 484.7805 353.6473 172.1753 100.2394 63.4885 42.1468 31.7319 26.7454 25.1252 24.9879 27.9526 29.0041 29.5229 28.5315 29.6229 28.6027 25.0959 25.373 23.5497 23.0962 22.2231 20.821 18.2995 20.5445 20.3235 15.0655 18.1294 19.8181 17.985 17.3873 16.5354 17.9658 16.0247 15.5851 14.0693 13.0784 14.9421 13.3964 12.7213 13.2992 13.9586 14.4422 13.9866 11.9405 11.879
1270.5548 1191.7917 1051.01 1159.8232 1372.0077 1357.9377 1403.2943 1414.8856 1413.2202 1811.772 1493.8723 1208.8549 1235.3948 679.5437 576.5129 469.7043 405.9586 244.9604 153.1125 95.5964 61.4443 39.0447 28.6608 28.1345 27.0754 29.0593 32.9404 30.2526 30.9646 31 31.3835 29.8047 27.5715 28.7048 26.2274 22.3216 22.4968 23.0799 26.0277 24.0378 17.9745 15.6894 21.6484 21.7617 20.4632 18.5822 19.5995 16.9646 16.1011 14.0398 15.9704 16.6104 14.0041 13.0708 15.1479 12.522 14.0792 12.9587 11.9869 12.3469 11.9679
1113.4043 1120.0698 1033.3431 1134.6836 1360.303 1362.7167 1194.6079 1241.0162 1608.224 1553.5671 1297.3691 1407.6954 849.0617 556.6326 492.8166 340.6291 314.8152 262.0627 151.2303 80.5181 58.5764 44.8269 33.1638 29.7721 29.2582 31.5618 31.5778 29.7346 31.2981 32.2542 30.347 30.4598 28.5977 28.3081 25.0269 25.515 24.1777 24.1333 26.2622 22.5724 19.7904 20.0552 23.1694 23.9866 18.4913 17.17 17.4574 15.7303 13.3813 15.3941 14.4534 13.9078 16.7571 15.1451 11.0807 12.0977 12.31 12.0075 11.1156 12.177 9.9242
1104.6866 1050.5338 1019.963 1145.4377 1218.6206 1421.1954 1396.4075 1364.5303 1289.6749 1310.7249 1307.355 1273.6116 1110.3534 818.0126 525.8766 493.6012 336.9032 261.486 125.7746 77.9635 62.7345 49.1604 37.2461 33.4764 32.1491 31.5109 31.3405 30.8531 31.7306 33.5347 30.4403 29.2891 25.0037 26.4266 23.9955 23.6737 24.1089 25.0399 24.8383 21.3468 17.3759 19.3349 25.5858 22.5215 19.7214 17.1731 18.2291 15.2186 15.3902 15.1582 21.332 16.7068 14.8616 13.023 11.3258 13.0482 12.6874 12.4325 11.9608 11.4054 14.6103
995.4859 1018.3958 993.8708 1090.5939 1283.9696 1232.1022 1333.0475 1595.9764 1377.1033 1105.9897 1077.7932 1341.1575 1166.636 881.3475 920.636 573.3969 360.3934 234.6014 140.3765 68.9112 56.3157 46.7614 41.0533 36.0025 36.7792 37.8491 32.9943 32.8185 35.5288 35.4195 32.4881 31.0792 26.9573 25.3551 23.7944 27.024 23.0466 23.5637 24.906 22.9846 18.102 22.8048 22.1757 19.3635 16.218 19.2362 21.0208 20.7503 20.3499 20.8127 21.0458 16.1395 14.8168 14.1293 13.4864 16.4334 15.8735 18.0012 18.0275 20.2737 15.5857
1011.0038 986.5342 1055.2521 1044.2598 1117.5885 1139.2455 1495.4203 1284.0653 933.196 884.7626 1135.158 1128.3185 959.809 764.4018 600.4294 450.2261 286.7138 166.9903 107.101 71.216 55.8652 49.1015 43.1724 35.8232 39.8107 36.2881 34.7249 35.5607 36.4762 36.0681 35.1536 30.6875 31.3454 36.4159 31.0724 26.8558 24.3559 21.7409 21.0271 21.4322 25.2425 22.3659 22.488 17.9737 18.5131 20.4397 23 19.2788 20.1919 24.6313 19.4 17.3094 17.4113 27.1796 194.9948 178.9086 43.0147 33.6284 28.5653 34.7578 93.1786
1010.4841 1125.4597 1156.6533 1035.1163 989.2432 1208.7375 1683.1864 1184.7767 910.2958 1050.7216 929.7884 870.8325 637.3961 515.55 530.2532 333.6101 241.4496 157.5075 169.4006 82.7339 51.9945 44.4333 42.8701 40.2021 39.8675 36.2924 36.63 37.9276 36.9151 34.9833 33.1312 36.3655 35.2825 35.2118 32.1199 20.9916 25.2194 24.9455 23.5944 22.4689 21.6655 23.7731 20.113 20.1072 19.702 21.8237 25.7867 26.4562 24.6392 23.2369 36.6826 47.6416 44.9062 64.3925 104.1295 259.4965 183.1391 82.9065 50.6184 62.2793 122.8475
960.5409 1134.9606 1043.6901 1017.652 996.3007 1310.1749 1413.9884 1070.0776 917.4546 665.7328 824.1324 675.8569 676.8283 476.9539 382.8347 323.7681 196.0664 206.1781 130.6826 61.5842 48.1517 44.6729 44.9108 45.4179 43.4743 40.6328 38.7442 38.716 36.8909 37.4319 34.6914 36.564 35.9272 33.6447 31.1617 30.0569 29.2347 27.0431 27.1533 22.7795 23.0684 22.4311 20.6902 21.709 23.4476 29.3323 27.867 49.1525 134.5506 155.0085 186.4558 189.8803 117.8415 165.7629 211.4401 198.7886 141.7825 119.9368 92.8149 181.7216 306.0736
1030.6606 991.263 1047.0073 947.5218 947.0038 1000.3025 1349.536 927.2634 908.0251 770.0812 496.7525 701.4299 730.3517 691.3663 437.1399 280.4622 383.4845 202.479 113.3811 72.3203 50.898 48.0208 45.972 48.6851 46.6335 43.8815 41.1282 39.5615 39.8572 42.4108 41.4525 40.8335 38.0171 33.7687 32.346 30.5885 29.0831 27.2207 25.8011 21.4433 24.6469 24.3516 20.8406 24.2358 28.5713 47.9034 62.2445 134.4334 269.716 452.4618 434.692 471.0429 363.9575 281.0052 515.5222 539.9136 504.7827 162.7703 204.7103 536.9449 291.9543
1071.0374 1076.1077 929.772 903.5388 938.17 973.8357 777.1906 766.6578 1009.2363 1059.3715 916.3568 616.9342 499.7407 555.8801 540.7131 282.9191 221.2086 141.3869 88.4744 61.0446 57.2204 50.4682 51.1343 51.908 46.7343 46.0469 43.9979 41.9873 39.4592 41.1049 42.19 40.0684 34.1517 32.5024 30.991 30.0693 34.8889 32.2592 28.4437 25.6136 27.6924 26.825 25.5897 29.0998 50.279 118.8678 151.4344 207.7866 243.8502 295.4583 379.3881 627.4384 378.417 338.1555 426.3925 355.178 540.1981 278.3867 415.0153 413.4996 395.6696
991.2037 967.5717 984.2336 955.2325 908.3813 1107.2695 937.5093 834.3809 845.1205 801.0989 764.5552 788.2428 603.5095 597.9913 522.6799 298.7919 192.3391 139.453 70.8727 64.5102 60.6846 59.7404 58.1064 55.0934 52.8651 50.9916 46.9698 45.3608 37.1104 40.7072 41.1347 41.5431 35.9057 35.3347 33.9639 33.0029 35.4748 32.5139 25.2918 30.245 33.3666 29.3036 29.8168 58.1849 134.3497 197.3259 302.7433 337.0912 367.079 569.0436 486.9205 574.5758 496.1337 273.0665 240.7841 309.8896 440.366 450.3451 355.8661 517.7795 585.7172
1009.5651 967.067 920.3905 909.9738 919.7469 955.4317 928.1622 918.6941 1152.1278 1132.7671 1102.3286 820.5306 504.925 555.2988 325.817 207.5057 138.5064 123.1896 79.2256 69.9076 66.5155 63.2964 60.8164 57.7721 55.6257 51.1309 48.9706 44.9465 42.8781 42.4796 44.9712 40.1249 36.0854 33.0285 30.3641 32.2784 31.4188 34.1268 29.0977 33.798 48.3127 52.1518 115.0028 211.8208 283.1145 156.4147 199.955 243.4031 595.8998 402.291 209.9825 189.5896 162.7459 173.3949 193.2394 299.7305 285.191 364.9881 469.3784 597.9982 518.7074
994.5988 955.0756 931.3069 904.5477 927.6148 1206.1824 1062.99 1298.1451 1301.0385 1336.6006 1390.6212 842.0411 433.2331 479.9258 340.5755 183.9422 197.3669 125.3725 79.5368 68.0393 65.8945 63.5427 61.1039 59.1729 55.0728 51.8464 46.8088 45.068 43.0473 42.7615 42.5488 37.6076 34.9228 33.1006 37.1055 36.5713 34.0761 32.7686 33.7813 42.3855 132.3513 127.2897 72.3665 74.1904 86.3785 103.3076 164.1239 188.9587 177.3597 145.5052 137.5301 138.781 152.0592 159.8198 176.0914 202.5287 288.1371 338.4552 364.9548 355.2612 376.284
1021.7668 952.1978 928.6962 954.0735 984.3168 1068.5579 1209.9407 1448.3547 1444.7133 1534.2397 1348.4568 727.2246 283.0592 306.8294 373.0746 178.2277 112.4132 83.4646 71.0883 64.0007 64.5055 62.7727 62.0622 54.6361 54.4798 51.1858 48.957 45.9741 43.2903 38.2825 40.648 40.2756 36.9913 33.2832 37.551 41.4305 37.6985 34.7286 38.9572 107.5834 268.2458 128.2815 56.6569 76.2456 158.4311 195.3654 157.9489 125.6378 168.4802 124.9826 124.1726 156.4828 186.0968 324.344 299.3194 272.067 255.4996 302.8415 454.6163 406.7618 446.4344
1164.0039 991.4572 958.6193 955.2166 1006.4882 1092.4515 1221.1066 1468.6857 1584.1624 1499.694 1481.3309 582.731 328.523 282.9396 272.0599 256.8714 177.6532 144.8829 74.4079 59.8721 55.4328 59.7466 59.2685 54.0023 50.3972 52.8489 49.1893 46.9797 42.1791 43.1089 41.664 38.9899 38.023 37.7164 42.2933 41.9512 42.6447 41.0325 39.8507 107.7311 85.8755 71.4415 70.0763 69.8526 141.1803 181.7695 97.663 82.5424 89.3139 132.9347 202.203 674.9691 299.5801 162.4277 203.7137 300.3878 296.995 394.361 491.2138 439.2151 513.8204
1143.8517 926.2193 1047.8948 1076.015 1107.277 1162.5151 1316.1489 1464.3251 1321.2714 1041.2212 881.0432 419.5566 372.3177 372.8474 423.6137 345.4952 184.0502 129.4342 75.154 63.1675 54.7736 57.5593 54.854 55.3418 54.1797 53.2938 47.5647 45.9837 43.4232 42.5175 41.6229 42.4536 41.1056 43.9482 45.9625 46.6744 42.0918 35.1765 39.0034 36.2327 35.8375 40.7756 79.3289 48.0946 86.1295 70.6409 77.6704 87.8784 104.9662 101.4378 113.9225 119.838 126.8629 151.4506 157.7968 195.3291 276.144 272.2546 370.7604 376.1947 346.96
1186.9966 901.4941 915.1788 953.2238 1032.7198 1082.6145 1349.8849 1444.3093 1424.165 1097.007 1094.0537 703.2061 384.0022 317.6469 380.2414 275.3157 193.1593 117.3782 77.4876 89.9821 59.1041 57.6027 55.7847 57.6061 54.3165 53.547 46.354 49.0482 47.2024 45.064 40.6219 42.0826 41.0613 50.752 47.8316 42.569 38.9496 36.2903 35.8437 27.8598 33.9708 36.4772 43.8231 50.9005 54.0642 58.3798 91.2783 200.5503 127.9846 147.143 126.6524 135.8218 188.1668 200.4513 187.4415 228.91 195.7673 244.3699 265.8702 378.1787 309.1476
1014.0945 879.6077 860.8317 941.0809 954.7231 1084.2571 1262.7747 1373.3483 1424.1221 1356.981 747.5329 413.2474 395.6924 460.2748 631.7788 384.1501 182.8371 94.8542 96.4502 70.1237 57.2039 60.8196 56.0675 55.5882 54.4162 51.7194 49.9795 48.969 46.7057 47.5721 44.7344 47.0498 48.4815 47.9714 44.3268 41.6701 38.8992 39.0351 35.3589 33.7674 28.0091 34.7102 35.1785 43.2089 49.5346 57.6589 75.0549 107.7264 93.8889 178.8522 198.2509 146.9091 202.8854 246.2923 231.4495 394.1287 249.7672 217.4113 220.3085 244.2489 221.2295
