Resources/Map/Lvl0_30x30/Ele_AI.asc
ncols         335
nrows         335
xllcorner     6755000
yllcorner     6675000
cellsize      10000
nodata_value  -99999.0
[rows 28 to 55 of 335, columns 0 to 63 of 335]
-3686.1533 -3687.3794 -3688.3271 -3688.9417 -3689.5107 -3690.302 -3690.387 -3688.8452 -3687.4399 -3687.4646 -3685.7993 -3680.9102 -3673.1211 -3663.5415 -3654.0913 -3646.2085 -3641.4182 -3640.002 -3642.218 -3641.7305 -3637.3535 -3632.1694 -3630.2583 -3632.1057 -3636.3855 -3640.4089 -3641.2563 -3638.7222 -3631.3909 -3619.3904 -3604.6753 -3590.1758 -3579.4949 -3571.5332 -3564.3943 -3556.9485 -3547.228 -3534.0017 -3519.0774 -3503.1975 -3487.9106 -3476.6675 -3467.157 -3458.8081 -3451.6487 -3445.2339 -3439.3867 -3434.4165 -3429.7878 -3425.9561 -3424.7549 -3427.1218 -3434.0708 -3447.012 -3465.4272 -3491.8096 -3527.4546 -3569.9211 -3616.1821 -3665.8596 -3718.4319 -3774.3215 -3829.5405 -3882.7605
-3562.5613 -3564.4927 -3562.9526 -3557.8076 -3547.5144 -3534.0908 -3517.8152 -3499.2251 -3480.1057 -3462.2346 -3447.2053 -3433.3069 -3419.3926 -3403.0664 -3383.7563 -3363.4099 -3340.1641 -3318.927 -3297.5471 -3277.677 -3258.397 -3236.8765 -3214.8674 -3192.2349 -3173.4192 -3160.3535 -3153.1758 -3151.8865 -3151.5486 -3152.9016 -3155.0693 -3156.8828 -3159.9414 -3163.9468 -3168.113 -3172.092 -3175.8413 -3178.5354 -3181.0071 -3183.2285 -3185.5125 -3188.9517 -3193.9023 -3201.3975 -3211.5869 -3223.6006 -3238.0471 -3256.3569 -3279.0552 -3306.5999 -3338.8826 -3374.7285 -3413.7393 -3455.8313 -3500.3362 -3547.7065 -3596.741 -3644.8909 -3691.25 -3735.6746 -3776.5872 -3814.7258 -3849.79 -3884.5952
-3796.1985 -3782.8828 -3764.8503 -3746.1184 -3727.1963 -3705.0203 -3677.3918 -3644.8345 -3612.5464 -3585.5972 -3567.0859 -3556.9624 -3549.8293 -3538.6448 -3521.3738 -3500.5769 -3472.4631 -3438.3767 -3399.6768 -3357.1382 -3308.8804 -3253.5295 -3190.6997 -3128.7771 -3072.4204 -3026.5515 -2991.2563 -2966.7607 -2949.636 -2939.6331 -2937.1116 -2938.5525 -2942.7886 -2948.0896 -2955.0686 -2960.6111 -2965.5972 -2968.2524 -2969.1182 -2968.043 -2965.4841 -2964.9949 -2967.6301 -2974.4697 -2984.0151 -2996.3438 -3011.8726 -3031.4138 -3056.9031 -3090.5659 -3136.051 -3191.1536 -3252.2166 -3315.5244 -3374.3171 -3421.2229 -3456.8796 -3484.063 -3503.9258 -3515.2866 -3520.3901 -3521.291 -3522.1421 -3527.5173
-3607.3218 -3574.5081 -3538.9673 -3503.5459 -3465.9189 -3421.6577 -3368.6216 -3313.3943 -3261.9434 -3215.2302 -3172.2415 -3131.9387 -3093.0803 -3058.4648 -3027.7175 -2999.6086 -2972.0391 -2943.7893 -2915.6987 -2888.0798 -2861.3916 -2834.8887 -2812.127 -2791.8567 -2774.979 -2763.7759 -2756.4341 -2754.0325 -2757.3054 -2765.1677 -2776.1709 -2790.4082 -2807.0332 -2824.7222 -2845.3401 -2867.3215 -2889.5571 -2914.0251 -2939.6707 -2967.0872 -2996.0918 -3028.7468 -3068.009 -3115.856 -3169.2705 -3223.3667 -3275.2615 -3324.0344 -3368.9983 -3411.1733 -3449.7026 -3484.9377 -3517.0823 -3544.1646 -3567.7861 -3588.3423 -3604.9119 -3619.1836 -3631.2561 -3641.1545 -3645.1763 -3641.4199 -3629.0779 -3610.7698
-3507.5298 -3470.4714 -3433.4585 -3396.4849 -3358.7712 -3320.021 -3281.2756 -3246.0696 -3216.7349 -3194.582 -3176.6802 -3158.7703 -3135.9902 -3109.52 -3081.4182 -3055.6218 -3032.1294 -3013.561 -2997.8767 -2985.6104 -2973.9333 -2963.2563 -2954.4504 -2945.8545 -2938.2097 -2929.0981 -2920.4973 -2910.4619 -2902.78 -2896.9241 -2894.0378 -2894.5603 -2900.1055 -2910.4126 -2924.9189 -2944.5649 -2968.9866 -2998.7332 -3034.7949 -3076.6343 -3125.405 -3184.8477 -3253.5215 -3326.9385 -3397.8333 -3461.0249 -3514.3972 -3558.5481 -3597.3655 -3631.312 -3660.2678 -3686.2124 -3710.1477 -3731.1372 -3748.7285 -3762.7893 -3774.0029 -3782.2278 -3788.6973 -3793.6892 -3798.9468 -3804.7783 -3810.302 -3816.989
-4013.5115 -3996.9875 -3979.614 -3960.5642 -3938.8794 -3913.8896 -3887.4497 -3862.5164 -3840.6199 -3823.8735 -3812.0776 -3802.2449 -3788.8936 -3772.509 -3750.5642 -3726.8765 -3698.6858 -3672.478 -3644.769 -3618.9663 -3588.3362 -3557.9839 -3532.4595 -3515.9087 -3504.373 -3493.0647 -3478.8853 -3463.4177 -3449.4509 -3439.2637 -3431.8621 -3425.5193 -3423.356 -3423.9846 -3430.8076 -3443.1936 -3461.4504 -3484.0679 -3510.9744 -3536.1721 -3558.6233 -3579.6345 -3600.1978 -3619.6011 -3634.374 -3644.717 -3652.5002 -3659.7153 -3667.4771 -3676.8828 -3688.5449 -3702.6111 -3718.0635 -3734.6477 -3751.9934 -3769.9868 -3787.0054 -3800.7122 -3809.8438 -3813.4155 -3812.8738 -3808.9966 -3801.9321 -3794.2419
-3833.3076 -3789.0027 -3738.7341 -3684.2935 -3626.4534 -3568.6257 -3514.6353 -3469.2966 -3434.9536 -3412.4851 -3405.4792 -3414.2605 -3440.6243 -3486.4343 -3550.8877 -3629.7512 -3722.6951 -3824.7156 -3928.5151 -4023.0847 -4106.501 -4170.9771 -4213.1958 -4241.0649 -4261.6611 -4278.0352 -4283.4624 -4278.6108 -4264.0752 -4246.2256 -4231.4102 -4222.2363 -4215.5215 -4206.5068 -4195.2788 -4187.6724 -4182.0142 -4179.0796 -4175.9043 -4170.5005 -4162.3306 -4153.2241 -4143.5093 -4133.1074 -4122.5361 -4112.9536 -4106.0405 -4099.4873 -4088.3574 -4070.0576 -4047.9773 -4025.988 -4005.564 -3986.1621 -3967.5076 -3952.8132 -3942.4517 -3931.5889 -3917.3413 -3896.7354 -3871.9526 -3844.2568 -3813.783 -3783.4277
-2625.8669 -2546.9678 -2470.7883 -2400.9976 -2341.6199 -2291.8899 -2249.9277 -2217.3616 -2194.5542 -2183.5547 -2186.8943 -2215.5588 -2280.2996 -2378.343 -2502.2429 -2645.8801 -2818.7664 -3013.749 -3215.4756 -3410.3708 -3592.5596 -3758.2974 -3898.4722 -4018.9434 -4121.7549 -4210.3555 -4287.9951 -4355.46 -4412.6001 -4459.0396 -4494.5718 -4523.2051 -4544.6675 -4559.2725 -4566.6172 -4569.2095 -4571.2671 -4575.6738 -4580.6572 -4584.3184 -4585.52 -4584.3955 -4584.0947 -4586.8408 -4591.3306 -4595.0825 -4599.4839 -4604.5288 -4608.147 -4608.3394 -4604.0234 -4593.9912 -4579.7427 -4559.8364 -4534.8042 -4508.6782 -4482.0205 -4451.8203 -4418.2617 -4380.9419 -4343.6963 -4307.458 -4270.4219 -4232.7251
-1802.8879 -1709.7291 -1616.1066 -1527.467 -1451.2671 -1390.2671 -1344.7638 -1307.8241 -1274.968 -1248.9432 -1240.7103 -1262.224 -1314.9122 -1402.8273 -1522.302 -1668.9615 -1844.7422 -2042.4751 -2245.6218 -2442.1335 -2635.6975 -2824.813 -3010.0696 -3184.666 -3349.0334 -3497.6038 -3630.9248 -3743.3098 -3840.7424 -3923.7451 -3997.1917 -4057.6299 -4106.2847 -4147.1313 -4180.1768 -4205.8677 -4226.7583 -4245.2129 -4262.8535 -4279.7842 -4298.7964 -4320.7886 -4346.5439 -4374.7124 -4404.4136 -4433.8789 -4465.2949 -4499.3018 -4537.1265 -4573.4814 -4606.0806 -4634.7754 -4660.8574 -4685.126 -4705.2109 -4717.8799 -4723.9609 -4724.2769 -4720.6074 -4714.5928 -4707.0215 -4698.7129 -4689.5405 -4677.4248
-1430.907 -1371.3337 -1314.5131 -1263.1925 -1221.0123 -1192.9399 -1184.3363 -1194.5326 -1219.6628 -1258.775 -1312.7839 -1379.957 -1458.2183 -1549.0293 -1647.665 -1751.2131 -1862.5018 -1984.875 -2111.2546 -2235.3994 -2360.929 -2490.8311 -2631.9514 -2779.5188 -2929.0232 -3059.7712 -3166.3643 -3240.7263 -3294.9084 -3347.8987 -3409.7144 -3474.5371 -3533.7534 -3588.1475 -3637.4832 -3682.0061 -3722.4092 -3759.5996 -3793.4124 -3823.5481 -3849.1228 -3872.6736 -3895.1826 -3916.8213 -3936.2979 -3953.0881 -3969.9714 -3990.6062 -4020.6509 -4059.3564 -4102.5889 -4150.2314 -4200.3184 -4250.8096 -4296.1646 -4328.3892 -4348.938 -4361.2144 -4368.6309 -4372.7773 -4374.6704 -4375.9448 -4378.0601 -4381.4805
-1789.3245 -1826.2208 -1868.0494 -1917.9398 -1979.3472 -2050.1914 -2128.0876 -2216.2915 -2313.1184 -2410.3792 -2496.7317 -2566.79 -2626.3235 -2681.5464 -2732.8643 -2776.967 -2810.0896 -2834.145 -2852.3032 -2868.2524 -2884.7683 -2905.3137 -2929.5757 -2958.9077 -2993.1885 -3032.2095 -3075.1985 -3121.1899 -3172.0093 -3228.2229 -3285.9868 -3345.321 -3404.5012 -3464.2188 -3523.554 -3577.8728 -3630.688 -3684.2314 -3736.3303 -3784.0122 -3824.2964 -3857.834 -3886.3108 -3908.6152 -3923.3687 -3933.1155 -3939.3125 -3944.1904 -3949.1157 -3954.553 -3960.3232 -3966.8164 -3974.1726 -3981.6753 -3989.3567 -3996.1401 -4000.5234 -4000.7327 -3995.9509 -3986.1782 -3973.2542 -3957.209 -3938.7732 -3920.9309
-2258.7087 -2305.1826 -2347.2246 -2391.5286 -2441.8538 -2499.1582 -2562.8801 -2633.5889 -2710.8665 -2794.1096 -2875.4622 -2944.9473 -3003.0239 -3053.2393 -3097.396 -3137.3909 -3170.6406 -3196.3982 -3215.1367 -3228.5935 -3240.0156 -3250.9351 -3262.126 -3274.6013 -3289.7295 -3308.6699 -3334.4143 -3365.1841 -3400.1995 -3435.9006 -3471.8989 -3508.2273 -3546.6802 -3591.825 -3643.8777 -3697.3782 -3747.1492 -3792.571 -3830.428 -3861.8882 -3886.5122 -3904.4407 -3916.1572 -3922.6616 -3924.1235 -3922.8281 -3918.9077 -3913.8325 -3907.3052 -3900.3833 -3893.1724 -3885.6174 -3879.1233 -3874.1609 -3870.3833 -3866.8313 -3862.0813 -3856.0115 -3848.6567 -3840.1245 -3829.0779 -3815.8413 -3800.8184 -3785.3511
-2578.7161 -2622.9675 -2660.8887 -2695.374 -2729.6633 -2767.3799 -2809.9568 -2856.7869 -2907.5981 -2960.3071 -3012.4114 -3063.1753 -3113.2407 -3162.0696 -3209.9128 -3258.2568 -3303.47 -3344.1941 -3378.6995 -3406.9768 -3430.4893 -3450.3374 -3466.9963 -3480.7957 -3494.2744 -3505.0005 -3514.8325 -3525.3196 -3536.2393 -3551.7258 -3572.7512 -3604.5017 -3643.2583 -3687.6521 -3733.9824 -3776.1702 -3809.8992 -3834.7395 -3850.0635 -3855.7725 -3851.3181 -3839.4126 -3825.5449 -3811.9136 -3800.0269 -3789.439 -3780.2078 -3773.2109 -3767.0317 -3759.1187 -3746.6494 -3730.2161 -3714.1592 -3700.8142 -3686.4285 -3668.1375 -3646.9485 -3628.3416 -3615.8889 -3609.7192 -3606.937 -3607.5144 -3610.6223 -3613.416
-3003.1262 -3030.1577 -3057.4736 -3083.873 -3108.5098 -3130.2944 -3150.0715 -3170.8223 -3194.3169 -3220.5674 -3249.2454 -3278.8843 -3308.939 -3338.0313 -3366.6348 -3393.2092 -3417.5513 -3441.2996 -3465.0193 -3490.0664 -3515.2351 -3537.8762 -3558.7112 -3577.3953 -3595.8245 -3615.9036 -3634.5342 -3654.3259 -3674.0686 -3695.9185 -3719.5596 -3745.6292 -3769.6885 -3789.324 -3799.5293 -3798.7422 -3787.7043 -3768.6721 -3746.7764 -3720.0942 -3686.4014 -3647.0361 -3609.6477 -3579.5708 -3559.1729 -3542.832 -3529.9502 -3521.249 -3516.1853 -3512.8403 -3507.4858 -3497.9666 -3487.3884 -3476.7019 -3460.8411 -3437.782 -3411.5369 -3390.8503 -3383.0974 -3389.4668 -3404.0569 -3424.0142 -3447.0769 -3469.5283
-3439.2397 -3459.6201 -3478.7603 -3496.415 -3513.3394 -3528.9309 -3543.4941 -3559.0476 -3575.3586 -3592.0308 -3610.085 -3629.1282 -3648.0627 -3665.3435 -3680.5901 -3692.3264 -3700.8936 -3707.197 -3713.3101 -3720.0078 -3727.6682 -3734.6545 -3742.0127 -3750.3594 -3758.0979 -3768.2292 -3777.5867 -3786.8914 -3794.9419 -3801.0593 -3804.6768 -3806.4243 -3806.5618 -3803.9243 -3797.6201 -3784.5686 -3764.885 -3739.6921 -3712.2095 -3684.9041 -3655.6836 -3622.8428 -3587.3621 -3551.8992 -3519.1411 -3488.0364 -3457.407 -3426.9253 -3397.1409 -3369.5103 -3347.9329 -3333.3179 -3323.0159 -3314.2864 -3306.3418 -3301.1982 -3301.6895 -3306.5728 -3315.2305 -3328.9822 -3348.5073 -3373.7385 -3405.0635 -3439.0386
-3785.488 -3793.405 -3798.7837 -3802.252 -3804.1587 -3805.2317 -3805.9133 -3806.6045 -3807.3757 -3808.1472 -3808.9185 -3810.0632 -3811.0459 -3811.418 -3811.5916 -3811.3398 -3811.3538 -3810.6255 -3810.0671 -3809.9812 -3810.1233 -3809.7944 -3809.3701 -3809.4741 -3808.5654 -3809.0447 -3808.6731 -3808.249 -3808.2397 -3807.8303 -3807.8303 -3807.8438 -3807.9407 -3807.343 -3806.6599 -3805.3665 -3803.4622 -3800.7 -3796.5154 -3791.9885 -3786.3196 -3780.3418 -3774.1211 -3766.2236 -3755.6956 -3744.1233 -3729.6584 -3709.4417 -3683.5496 -3653.4749 -3625.3701 -3604.0229 -3588.7524 -3578.0244 -3569.8323 -3563.6506 -3561.6846 -3563.5779 -3565.4209 -3566.7654 -3568.3784 -3572.0784 -3578.8921 -3587.1008
-3845.4065 -3844.5674 -3843.7996 -3842.6335 -3841.2322 -3839.7634 -3838.592 -3837.1482 -3835.2324 -3833.5769 -3831.8384 -3830.2021 -3828.4446 -3826.8274 -3825.3586 -3823.8896 -3822.4209 -3820.9521 -3819.4834 -3818.8293 -3817.9116 -3816.5139 -3815.4304 -3814.4084 -3813.3862 -3812.8975 -3811.905 -3811.3164 -3810.4297 -3809.8743 -3809.8743 -3809.8296 -3809.3115 -3809.3115 -3809.375 -3809.7485 -3809.8313 -3810.2781 -3810.7249 -3811.3157 -3812.1814 -3812.759 -3813.8337 -3815.1091 -3815.6367 -3815.6292 -3815.1782 -3813.2844 -3809.96 -3804.8723 -3798.3647 -3792.2766 -3788.0146 -3784.3164 -3780.4917 -3776.5325 -3772.1687 -3767.1455 -3760.2871 -3752.583 -3742.7944 -3730.0051 -3715.3105 -3701.5159
-3853.439 -3853.1123 -3852.6721 -3851.1499 -3849.2844 -3847.4771 -3845.6755 -3843.5503 -3840.9536 -3838.6782 -3836.3008 -3834.0493 -3831.6479 -3829.4204 -3827.7 -3825.7913 -3824.0911 -3822.1624 -3820.4824 -3819.3484 -3818.7107 -3817.2988 -3816.2007 -3815.5933 -3815.0405 -3814.9226 -3814.3943 -3814.3774 -3812.8428 -3813.2959 -3813.2959 -3813.2959 -3813.2959 -3813.2959 -3813.3745 -3813.8367 -3813.9392 -3814.4919 -3815.0447 -3815.5974 -3816.1501 -3817.0027 -3818.4297 -3819.5352 -3820.4429 -3821.415 -3822.8516 -3823.957 -3825.0625 -3825.9495 -3826.5452 -3826.5776 -3826.1084 -3825.334 -3823.9949 -3821.2039 -3817.5334 -3812.4734 -3805.1848 -3794.6782 -3781.1345 -3764.5129 -3746.5488 -3730.1843
-3838.5537 -3838.2632 -3837.8228 -3836.8008 -3836.0117 -3834.9751 -3833.697 -3832.3894 -3831.1125 -3829.7661 -3828.2139 -3826.969 -3825.5906 -3824.3667 -3823.3328 -3822.2834 -3821.6116 -3820.3103 -3819.551 -3819.0208 -3818.522 -3817.998 -3817.4678 -3817.406 -3816.9609 -3816.9604 -3816.9624 -3816.4854 -3815.4817 -3815.5017 -3815.01 -3814.48 -3813.5452 -3813.1128 -3813.0427 -3812.551 -3812.0591 -3811.5674 -3811.0754 -3810.7068 -3810.573 -3810.3809 -3810.5894 -3810.0977 -3809.7817 -3809.7817 -3809.5847 -3809.3005 -3809.3005 -3809.0537 -3808.5422 -3808.0308 -3807.2397 -3806.4893 -3805.959 -3804.7976 -3803.5339 -3802.449 -3801.0256 -3798.3513 -3794.7971 -3790.3174 -3785.9409 -3781.2922
-3821.1211 -3824.0007 -3826.1318 -3827.2163 -3827.4902 -3827.2388 -3826.731 -3826.2234 -3825.7119 -3825.2014 -3824.6936 -3824.1819 -3823.3394 -3823 -3822.2952 -3821.6343 -3821.1199 -3820.2227 -3819.5945 -3818.6699 -3817.6467 -3816.6191 -3815.5906 -3815.0164 -3814.0425 -3813.0205 -3812.4797 -3811.4731 -3810.4578 -3809.9146 -3808.4358 -3807.8489 -3806.3184 -3804.9055 -3804.2456 -3802.7935 -3801.676 -3800.2463 -3799.2241 -3798.3291 -3797.5371 -3796.4514 -3796.1296 -3795.1074 -3794.4514 -3794.061 -3793.2412 -3792.7307 -3792.4448 -3792.6843 -3792.7007 -3792.7131 -3792.958 -3793.5288 -3794.2625 -3794.7769 -3795.6084 -3796.6328 -3797.6592 -3798.3374 -3798.4902 -3799.2356 -3799.4968 -3799.8916
-3773.5488 -3788.4312 -3799.3862 -3807.1895 -3811.5139 -3813.9321 -3815.2468 -3816.0728 -3816.2732 -3816.3826 -3816.5955 -3816.2922 -3815.8071 -3815.646 -3815.3115 -3814.4446 -3813.4226 -3812.4004 -3811.3784 -3809.9695 -3808.8596 -3807.4299 -3805.4597 -3804.3188 -3802.8108 -3802.2471 -3801.7617 -3800.2354 -3799.7473 -3799.6951 -3798.2725 -3798.1931 -3797.0696 -3795.1489 -3793.9814 -3792.105 -3790.8933 -3789.1721 -3788.5642 -3787.6765 -3787.0593 -3786.3735 -3786.2209 -3785.7356 -3785.6162 -3785.5813 -3784.7847 -3784.2698 -3784.2385 -3784.7512 -3785.2617 -3786.0454 -3787.3521 -3788.8826 -3790.4194 -3791.6587 -3793.311 -3794.7029 -3796.0449 -3797.2217 -3797.9026 -3799.1426 -3799.5254 -3799.8977
-3808.2588 -3818.4736 -3824.085 -3826.7722 -3826.7026 -3825.1533 -3822.6599 -3820.0154 -3817.3794 -3814.5264 -3811.6912 -3809.5933 -3807.5535 -3806.0635 -3804.9446 -3804.2925 -3803.4199 -3802.8198 -3802.3572 -3801.8945 -3801.4319 -3800.9692 -3800.1077 -3799.5913 -3798.2034 -3798.613 -3798.6418 -3797.7446 -3797.7366 -3797.7207 -3797.2839 -3797.248 -3796.7395 -3795.8699 -3795.3416 -3794.5837 -3794.4907 -3793.7571 -3793.7791 -3793.8516 -3793.8516 -3793.8516 -3793.8516 -3793.8516 -3794.0173 -3794.3044 -3794.1189 -3793.8516 -3794.0571 -3794.3044 -3794.5298 -3795.2771 -3796.2478 -3796.6091 -3797.0984 -3797.7485 -3798.4963 -3799.1265 -3799.5891 -3800.0518 -3800.5144 -3800.9771 -3801.0947 -3801.0947
-3868.563 -3866.4531 -3862.9468 -3858.4602 -3853.4919 -3848.3054 -3843.1245 -3838.156 -3833.4341 -3828.9883 -3824.5164 -3820.9016 -3817.551 -3814.2441 -3811.8389 -3810.4207 -3808.9343 -3808.1013 -3807.0681 -3806.8323 -3806.3557 -3805.7737 -3805.1919 -3805.1243 -3804.199 -3804.532 -3804.5547 -3803.9905 -3803.9854 -3803.9854 -3803.9854 -3803.9402 -3803.416 -3803.416 -3803.416 -3803.4883 -3803.8467 -3803.8467 -3803.9473 -3804.1318 -3803.708 -3803.708 -3803.708 -3803.708 -3803.708 -3803.708 -3803.708 -3803.708 -3803.4497 -3803.1387 -3803.1387 -3803.3628 -3803.5693 -3803.3264 -3803.1387 -3803.1387 -3803.1387 -3803.1387 -3803.1387 -3802.7422 -3802.5693 -3802.5693 -3802.5693 -3802.5693
-3860.6472 -3858.1863 -3855.8887 -3852.7358 -3849.8252 -3847.2507 -3844.3713 -3841.4922 -3838.6128 -3836.3281 -3833.8542 -3831.2358 -3828.7742 -3826.0334 -3824.147 -3822.2776 -3820.2334 -3818.9602 -3817.6143 -3816.8406 -3815.3992 -3814.2808 -3813.2585 -3813.1396 -3811.6675 -3811.5483 -3810.9751 -3809.9658 -3809.3655 -3809.3447 -3808.7742 -3808.7417 -3808.3057 -3807.7742 -3807.6882 -3807.1829 -3807.1829 -3807.0576 -3806.5913 -3806.4868 -3806.1829 -3806.0056 -3805.5913 -3805.5913 -3805.5913 -3805.5913 -3805.5913 -3805.3359 -3804.8145 -3804.5913 -3804.5913 -3804.5913 -3804.5913 -3804.2578 -3804 -3804 -3804 -3804 -3804 -3803.7156 -3803.5913 -3803.5913 -3803.1404 -3803
-3844.2493 -3842.9939 -3841.8015 -3839.9221 -3838.4517 -3837.55 -3836.1331 -3834.3782 -3833.0366 -3832.1116 -3830.4729 -3829.2122 -3828.0168 -3826.1809 -3824.8416 -3823.9844 -3822.2754 -3821.0022 -3820.4666 -3819.5715 -3818.2261 -3817.1409 -3816.6594 -3815.5054 -3814.6714 -3814.0325 -3813.0308 -3812.6167 -3811.6052 -3810.9863 -3810.6135 -3810.5647 -3809.8987 -3809 -3808.9438 -3808.5107 -3808 -3807.9182 -3807.4702 -3807 -3807 -3806.7002 -3806 -3806 -3806 -3806 -3805.7485 -3805.2195 -3805 -3805 -3805 -3805 -3804.6675 -3804.1685 -3804 -3804 -3804 -3804 -3804 -3804 -3803.5593 -3803.3865 -3803.0918 -3803
-3831.6138 -3830.5916 -3829.8494 -3829.0144 -3827.9731 -3827.4607 -3826.7524 -3825.8794 -3825.188 -3824.3218 -3823.075 -3822.5518 -3821.8911 -3821.054 -3820.1179 -3819.8228 -3818.8008 -3817.6873 -3817.4583 -3816.6433 -3815.6211 -3815.145 -3814.5337 -3813.7998 -3813.1411 -3812.7483 -3811.76 -3811.729 -3811.3513 -3810.3645 -3810.3281 -3809.7002 -3809.3276 -3809 -3808.9075 -3808.3035 -3808 -3807.8655 -3807.2793 -3807 -3806.8235 -3806.2554 -3806 -3806 -3805.7676 -3805.3645 -3805.2151 -3805 -3805 -3804.6975 -3804.3645 -3804.3645 -3804.167 -3804 -3804 -3804 -3804 -3803.5854 -3803.3645 -3803.3645 -3803.1025 -3803 -3803 -3803
-3823.0012 -3821.9792 -3821.3975 -3820.9351 -3820.2317 -3819.7222 -3819.2166 -3818.6931 -3818.2014 -3817.4604 -3816.8438 -3816.7126 -3816.0518 -3815.7126 -3815.0078 -3814.7126 -3814.4561 -3813.5991 -3813.3701 -3813.0908 -3812.1904 -3812.0276 -3811.7258 -3811.0913 -3810.7107 -3810.6851 -3809.7158 -3809.6851 -3809.6719 -3808.6851 -3808.6277 -3807.6851 -3807.6851 -3807.6851 -3807.5396 -3806.6851 -3806.6851 -3806.6125 -3806.3425 -3806.1743 -3805.5898 -3805.3425 -3805.3425 -3805.3425 -3804.9766 -3804.3425 -3804.3425 -3804.3425 -3804.3425 -3804.1794 -3804 -3804 -3804 -3803.6292 -3803.3425 -3803.3425 -3803.3425 -3803.1191 -3803 -3803 -3803 -3803 -3803 -3803
-3817.2061 -3816.4683 -3815.9827 -3815.4541 -3814.9526 -3814.4399 -3814.282 -3813.7314 -3813.282 -3813.0913 -3812.9614 -3812.5273 -3812.0701 -3811.9614 -3811.2566 -3810.9614 -3810.4526 -3810.0349 -3809.9614 -3809.9614 -3809.1245 -3808.9614 -3808.9614 -3808.0583 -3807.9614 -3807.9614 -3807.6509 -3806.9673 -3806.9573 -3806.6409 -3806.6226 -3806.3206 -3806.2515 -3805.6409 -3805.5942 -3805.3206 -3805.3206 -3805.3206 -3805.1616 -3804.5591 -3804.3206 -3804.3206 -3804.3206 -3804.3206 -3804.2031 -3804 -3804 -3804 -3804 -3803.6765 -3803.3206 -3803.3206 -3803.3206 -3803.1396 -3803 -3803 -3803 -3803 -3803 -3803 -3803 -3803 -3803 -3803
