Resources/Map/Lvl0_30x30/Ele_CL.asc
ncols         335
nrows         335
xllcorner     16805000
yllcorner     -25000
cellsize      10000
nodata_value  -99999.0
[rows 125 to 149 of 335, columns 228 to 284 of 335]
-1420.2252 -1698.5518 -2006.3633 -2192.5779 -2387.8735 -2633.0684 -2758.3247 -2779.2703 -2692.5986 -2785.8323 -3376.4873 -3796.8423 -3868.3926 -3741.8186 -3777.696 -3902.4526 -3873.4121 -3906.7549 -3912.9868 -3959.0024 -4000.7805 -3967.3572 -3993.8098 -4025.4338 -4001.5356 -3978.137 -3980.3274 -3909.5024 -3891.2939 -3894.8455 -3946.1855 -3949.1267 -3992.0798 -4058.7715 -3959.8057 -3866.0664 -3798.823 -3706.6563 -3647.6372 -3541.5283 -3311.5193 -3216.1082 -3354.4622 -3372.8403 -3037.1462 -2868.3967 -3218.719 -3625.4941 -3737.499 -3884.8586 -4037.3479 -4104.085 -3879.594 -3651.9399 -4037.0044 -4336.4648 -4400.228
-1343.9369 -1484.5465 -1778.3287 -2095.7307 -2440.2102 -2718.197 -2886.8577 -3016.9866 -3071.625 -3150.3796 -3413.9731 -3678.469 -3790.085 -3772.823 -3902.0552 -3866.8274 -3820.1489 -3895.2729 -3886.248 -3944.2007 -3973.5796 -3988.9429 -4037.3589 -4054.4355 -3967.9651 -3894.4978 -3904.1682 -3819.2454 -3700.1423 -3699.7266 -3796.6824 -3807.1763 -3861.7708 -3841.0684 -3607.4512 -3377.7527 -3253.8108 -3107.4089 -3116.5439 -3218.334 -3025.4019 -2839.647 -2879.5784 -2836.1467 -2636.5173 -2649.2764 -3098.6584 -3563.3835 -3675.8687 -3713.1338 -3766.207 -3910.1831 -3354.1748 -3105.3047 -3662.7715 -3735.4209 -4030.4436
-1358.2615 -1438.3308 -1734.1604 -2154.4319 -2478.5647 -2671.5769 -2867.4121 -3057.9077 -3138.9753 -3210.7251 -3370.9646 -3615.1531 -3800.0759 -3834.7427 -3831.0024 -3807.4351 -3768.3645 -3800.3057 -3848.3884 -3952.0513 -3907.3262 -3925.1365 -3918.7122 -3882.5376 -3833.2576 -3720.8564 -3579.2471 -3565.1877 -3391.4917 -3201.0369 -3242.0325 -3409.4707 -3456.8789 -3290.0071 -2986.1345 -2738.7805 -2796.8438 -2835.4597 -2770.4712 -2890.1042 -3050.0178 -3072.2441 -3134.2859 -3288.2776 -3572.2288 -3712.0168 -3528.0413 -3172.2527 -3133.8865 -3375.2268 -3595.3962 -3841.075 -3400.2397 -3341.1331 -3782.1995 -3661.0459 -3976.8235
-1368.9497 -1463.2793 -1903.4567 -2411.1602 -2627.0095 -2692.4866 -2837.4929 -2972.0234 -3015.0396 -3164.6458 -3349.8945 -3522.948 -3666.166 -3725.7378 -3739.3135 -3731.2915 -3763.9072 -3812.053 -3848.4019 -3868.3232 -3844.5688 -3799.1118 -3762.636 -3695.1296 -3604.9583 -3356.343 -3181.5535 -3253.3865 -2845.2991 -2084.1287 -2070.3486 -2753.9438 -3047.8669 -2895.835 -2664.9578 -2705.6375 -2983.9041 -3138.0771 -3056.4817 -3110.667 -3215.4492 -3222.5977 -3228.3547 -3349.1006 -3759.1323 -4003.5137 -3679.5505 -3204.7173 -3391.9766 -3892.8157 -4139.9082 -4195.3296 -3912.4834 -3880.2471 -4174.4365 -4179.4702 -4273.8525
-1447.5702 -1793.7495 -2263.2434 -2586.4734 -2645.2009 -2616.022 -2684.3066 -2795.4802 -2936.3804 -3139.9338 -3338.4763 -3427.3721 -3574.8665 -3628.1995 -3667.001 -3643.2153 -3686.75 -3724.2703 -3735.1726 -3716.7949 -3740.8904 -3677.4028 -3561.9387 -3384.0142 -3056.1736 -2757.9597 -2988.009 -3048.0198 -2617.0081 -2073.3628 -2158.1194 -2622.5205 -3119.2842 -3275.0688 -3292.2012 -3471.8481 -3660.1116 -3706.7869 -3684.7979 -3703.1052 -3591.5771 -3458.1658 -3501.6208 -3709.4885 -4022.2668 -4168.5444 -4142.3906 -4141.9229 -4249.6846 -4355.5112 -4375.6133 -4369.6709 -4336.5718 -4327.2773 -4429.5059 -4404.4111 -4364.6709
-1833.7943 -2145.6196 -2444.7034 -2503.938 -2385.5945 -2286.4207 -2441.7256 -2711.0283 -2927.2969 -3068.6792 -3214.6777 -3349.2075 -3437.1201 -3469.1384 -3403.1262 -3352.4387 -3431.5352 -3534.1636 -3502.3938 -3472.6631 -3331.3135 -3252.2742 -3104.5039 -2491.2588 -1736.3325 -1984.8096 -2872.5928 -3206.7278 -3212.3125 -3336.5798 -3389.7773 -3370.626 -3596.46 -3739.8433 -3815.4441 -3910.1487 -3977.9978 -4024.1555 -4054.0562 -4059.8726 -4016.5337 -4022.2463 -4083.6162 -4148.7417 -4229.1182 -4247.3745 -4292.7363 -4347.0361 -4335.5591 -4320.8286 -4244.6538 -4169.9429 -4274.6646 -4359.8022 -4388.2832 -4385.6514 -4361.8247
-2323.8704 -2436.9402 -2526.9705 -2417.125 -2150.9924 -1828.4731 -1818.5472 -2210.4119 -2612.5376 -2839.0823 -3039.0579 -3170.5745 -3199.1829 -3139.2422 -3081.3306 -3150.2566 -3283.2893 -3359.7139 -3317.1655 -3166.5515 -2806.5291 -2833.8799 -2777.929 -2125.7681 -1859.6927 -2541.9148 -3312.3516 -3583.1755 -3669.3665 -3763.5447 -3776.4346 -3737.625 -3793.2253 -3831.6616 -3918.4329 -3970.2131 -4017.5308 -4056.4785 -4058.0435 -4061.1804 -4079.2991 -4139.377 -4192.7939 -4194.458 -4231.7388 -4256.4473 -4290.0371 -4348.7515 -4369.146 -4271.1538 -3850.5813 -3618.2878 -4052.9021 -4312.2207 -4318.8379 -4335 -4347.5845
-2599.3782 -2589.405 -2580.7717 -2576.3914 -2507.0349 -2297.9468 -1921.5867 -1777.147 -2033.8367 -2331.6079 -2703.7002 -2792.3518 -2745.5881 -2566.4473 -2501.7471 -2777.3938 -3066.4463 -3132.3479 -3068.2583 -2749.4648 -2590.0911 -2974.1423 -3280.8638 -3344.0903 -3410.4546 -3662.1531 -3822.4355 -3957.3745 -4004.249 -3932.4321 -3873.4197 -3799.9668 -3730.4526 -3718.667 -3849.9158 -3869.5857 -3888.4023 -3920.4763 -3953.1624 -3998.4446 -4069.8516 -4129.458 -4156.1528 -4179.79 -4216.3379 -4245.4448 -4346.7588 -4368.0337 -4341.2012 -4126.1597 -3420.8042 -3408.7646 -4040.0652 -4153.0552 -4173.7422 -4309.0249 -4336.0718
-2795.7004 -2696.21 -2541.7344 -2657.791 -2887.4666 -2989.3362 -2876.6125 -2683.7688 -2578.1201 -2578.8098 -2715.405 -2514.3018 -1970.6281 -1533.1044 -1590.5591 -2247.459 -2783.7317 -2984.0081 -3169.5334 -3266.3564 -3388.9055 -3684.3018 -3877.8975 -4045.1125 -3990.9944 -3884.947 -3990.5549 -4033.2778 -3983.0627 -3802.1968 -3791.7383 -3732.6194 -3558.6411 -3479.3394 -3592.4316 -3584.7283 -3480.5632 -3562.2444 -3846.7717 -4005.0071 -4077.8909 -4124.4492 -4144.3247 -4186.5376 -4193.1216 -4200.5508 -4258.9712 -4112.2075 -4119.9253 -4203.2114 -3999.8374 -4049.3848 -4247.3242 -4256.3564 -4259.6958 -4313.584 -4329.3301
-3169.739 -3068.3711 -2929.1772 -3034.1404 -3250.991 -3377.2185 -3352.6218 -3266.9897 -3120.0298 -3032.7434 -3001.5029 -2731.1792 -2156.5962 -1593.1757 -1717.173 -2297.4441 -2821.0061 -3129.1882 -3507.5049 -3771.616 -3939.9761 -4105.7319 -4183.2817 -4262.3838 -4193.4946 -4021.4832 -4052.0957 -4026.5464 -3900.8103 -3570.5439 -3575.489 -3702.939 -3613.343 -3527.917 -3565.4338 -3623.0181 -3464.6238 -3478.3157 -3817.634 -4048.1616 -4103.9399 -4132.7095 -4153.8525 -4086.1458 -3823.5278 -3806.426 -4008.905 -3879.2966 -3954.7715 -4215.7241 -4283.2422 -4281.0781 -4283.2822 -4298.3174 -4304.689 -4317.0142 -4322.6953
-3609.6826 -3630.8792 -3625.3145 -3673.0562 -3797.729 -3852.3208 -3721.1792 -3579.0156 -3435.8433 -3365.6592 -3373.23 -3238.6733 -2922.6953 -2346.804 -2002.0574 -2485.1667 -3066.0571 -3457.9299 -3808.2573 -4025.6313 -4173.4268 -4260.6353 -4346.394 -4406.7847 -4167.3569 -4083.2329 -4083.8503 -4039.532 -3981.5654 -3817.9155 -3673.0498 -3751.5876 -3765.0667 -3721.3984 -3736.4966 -3831.01 -3811.2739 -3828.593 -3947.2446 -4076.803 -4114.0527 -4138.6265 -4143.1846 -3886.8872 -3360.3518 -3253.1179 -3648.2302 -3864.303 -3981.1843 -4183.3062 -4251.0464 -4272.7729 -4293.1411 -4336.4526 -4351.314 -4329.8164 -4305.041
-3867.9998 -3935.6045 -3965.335 -4107.603 -4256.6836 -4179.0054 -3975.8752 -3829.906 -3703.0422 -3663.1704 -3741.8245 -3792.0344 -3659.4329 -3312.2188 -2987.0872 -3073.8669 -3384.6292 -3802.9121 -4188.4717 -4289.0713 -4307.7354 -4310.6372 -4430.085 -4266.7603 -3502.9556 -3796.7251 -4000.8132 -3832.2551 -3720.6663 -3782.8806 -3810.0674 -3794.4802 -3785.7791 -3771.7302 -3791.8093 -3843.1267 -3900.5706 -3987.895 -4028.9197 -4046.0347 -4037.9446 -4064.5203 -4030.5493 -3701.6633 -3377.4497 -3450.5996 -3754.3955 -3993.5149 -4082.5398 -4131.2324 -4190.5083 -4262.3604 -4306.8389 -4395.8965 -4465.6997 -4394.6162 -4175.667
-3965.675 -4126.793 -4225.7427 -4411.0879 -4575.1992 -4442.9292 -4188.8301 -3997.7007 -3794.1223 -3794.0029 -3906.9885 -3978.7432 -3950.0923 -3853.6328 -3780.8918 -3731.1938 -3817.3752 -4121.3169 -4472.7871 -4482.1226 -4465.6929 -4449.7021 -4544.2798 -4294.2139 -3326.5591 -3532.8313 -3615.8677 -3028.4285 -2835.4226 -3398.1719 -3742.8176 -3721.3948 -3723.2175 -3724.947 -3762.0767 -3793.1687 -3869.6423 -3974.5386 -3977.1619 -3800.1362 -3633.896 -3769.7097 -3763.9453 -3300.4861 -3199.0771 -3644.4883 -3984.2104 -4075.7971 -3906.189 -3656.5884 -3780.4226 -4044.8286 -4255.2051 -4459.9399 -4543.1401 -4415.3691 -3949.3242
-4056.6877 -4398.4023 -4647.5176 -4785.4995 -4857.9082 -4717.9985 -4406.833 -4166.8013 -3997.0056 -4027.3538 -4092.875 -4116.6045 -4086.8691 -4096.6079 -4138.4614 -4157.3657 -4227.7847 -4459.3901 -4667.9307 -4680.1309 -4668.4136 -4672.8267 -4752.0327 -4740.8984 -4319.9375 -3907.2466 -3276.4741 -1940.0076 -1867.514 -3045.4387 -3634.6658 -3624.509 -3642.5898 -3643.7275 -3682.8042 -3698.4885 -3756.6785 -3886.0674 -3869.2629 -3472.876 -3148.4612 -3413.0916 -3469.6143 -2830.1255 -2672.7622 -3373.9026 -3981.3867 -4115.9902 -3860.9504 -3386.1956 -3323.6296 -3750.1797 -4196.5 -4496.4575 -4600.7461 -4554.6382 -4205.458
-4262.9375 -4695.2563 -4987.3013 -5057.7188 -5015.2222 -4849.4263 -4595.6719 -4423.4663 -4319.3677 -4332.189 -4361.4497 -4307.0352 -4226.3516 -4223.4224 -4297.543 -4455.1494 -4629.9824 -4771.5376 -4870.7397 -4889.1152 -4837.6655 -4872.0815 -5022.4229 -5015.4917 -4819.2046 -4373.8535 -3485.3208 -2107.4656 -1762.4928 -2962.8125 -3646.158 -3550.2439 -3518.262 -3558.3486 -3654.1189 -3707.5466 -3723.8389 -3886.5142 -3993.9536 -3735.6775 -3555.1282 -3731.3477 -3575.301 -2990.8232 -2845.3235 -3418.0671 -4025.4995 -4173.1426 -4154.105 -3988.6626 -3749.7495 -3933.7073 -4209.1548 -4340.8735 -4488.1436 -4628.5718 -4551.9063
-4409.3604 -4844.4292 -5112.0757 -5152.1543 -5090.562 -4939.6826 -4747.9404 -4650.9541 -4597.79 -4587.8442 -4635.1138 -4572.7915 -4477.5093 -4490.4248 -4524.3511 -4670.2583 -4825.5176 -4951.814 -5046.1631 -5029.6611 -4973.145 -5017.8882 -5153.5576 -5118.9121 -4973.562 -4685.2397 -4140.8979 -3048.9624 -2315.6646 -3183.0361 -3857.9622 -3651.7795 -3552.1523 -3710.5764 -4051.2207 -4199.4795 -4151.8452 -4225.3745 -4359.7788 -4310.8872 -4245.4185 -4295.3052 -4123.5054 -3815.9856 -3748.3767 -3945.8137 -4203.8184 -4257.0415 -4334.2202 -4443.4717 -4329.769 -4240.6094 -4083.1997 -3767.6069 -3805.1489 -4327.0498 -4554.0146
-4142.4785 -4648.6519 -5122.5415 -5215.0527 -5181.6709 -5086.3271 -4915.2114 -4791.2837 -4798.7847 -4828.1924 -4898.7803 -4897.8931 -4809.6528 -4813.9624 -4827.1499 -4845.5693 -4909.4971 -5075.1646 -5177.1406 -5167.2134 -5152.0488 -5160.106 -5187.7979 -5125.417 -5062.1689 -4885.7661 -4603.8364 -4183.123 -3754.2036 -4030.1353 -4335.8452 -4182.9912 -4066.2161 -4246.7798 -4721.5986 -4843.835 -4736.2163 -4688.3423 -4715.7388 -4661.2886 -4512.6763 -4484.9585 -4551.3208 -4465.9902 -4291.4092 -4209.4556 -4245.126 -4323.0698 -4434.6587 -4498.2178 -4463.8921 -4375.8491 -4127.2437 -3534.5483 -3119.0642 -3646.429 -4241.8442
-3693.707 -4091.3975 -5000.0669 -5275.1851 -5249.189 -5203.4375 -5109.1929 -4966.7383 -4954.52 -5047.6738 -5145.5342 -5164.416 -5088.1763 -5081.6245 -5045.7319 -5011.0381 -5082.8384 -5258.8506 -5300.1572 -5273.2573 -5288.2129 -5264.2329 -5216.291 -5144.0317 -5114.0854 -5082.2964 -4952.4058 -4797.9883 -4639.9443 -4644.0142 -4783.4272 -4779.4409 -4548.6987 -4565.3594 -4988.9229 -5090.9478 -5007.7793 -4930.5327 -4912.4985 -4882.1392 -4725.3101 -4582.2188 -4655.3877 -4691.1074 -4532.6387 -4371.7168 -4274.8584 -4274.8115 -4409.9819 -4471.2339 -4465.6328 -4385.54 -4307.502 -4037.5771 -3457.1943 -3327.2075 -3742.624
-3517.7737 -3589.9778 -4749.0171 -5239.3096 -5242.5117 -5271.8872 -5259.7324 -5142.6919 -5127.5093 -5231.1699 -5301.6235 -5335.1953 -5265.9175 -5210.5132 -5188.3735 -5226.3105 -5298.8354 -5430.3037 -5393.2715 -5340.9067 -5352.3618 -5285.4697 -5218.7642 -5221.9019 -5144.7451 -5190.666 -5104.084 -4809.8667 -4664.5122 -4794.9946 -5006.7363 -5086.0332 -4951.9697 -4892.563 -5088.686 -5074.7925 -4884.2964 -4667.4717 -4677.981 -4853.6685 -4848.9956 -4716.8223 -4733.2505 -4750.3579 -4620.8394 -4509.5801 -4390.7192 -4257.6318 -4309.7344 -4384.9053 -4395.4009 -4348.0132 -4338.2285 -4318.3691 -4120.2271 -3884.7256 -3791.4199
-3676.6831 -3635.9011 -4591.146 -5085.6133 -5200.5542 -5294.1812 -5293.4526 -5211.6528 -5293.0645 -5413.8994 -5402.8184 -5396.8179 -5322.4956 -5267.4839 -5278.8374 -5346.8115 -5396.4897 -5485.5107 -5445.4326 -5376.4302 -5402.7158 -5319.6777 -5251.7305 -5258.7861 -5173.1147 -5253.5137 -5174.0103 -4733.084 -4595.6074 -4979.9966 -5179.7207 -5200.3823 -5203.2441 -5191.2344 -5167.3828 -4983.937 -4619.2808 -4268.6592 -4301.0894 -4597.1831 -4661.7832 -4631.7461 -4720.8174 -4751.3311 -4647.5786 -4588.6196 -4513.3887 -4334.4688 -4223.624 -4242.0576 -4277.0977 -4299.3604 -4307.75 -4304.5078 -4326.1689 -4385.0303 -4284.9116
-4071.0706 -3946.5107 -4637.1382 -5141.6304 -5330.6763 -5396.3979 -5347.9575 -5266.2676 -5364.4858 -5542.4307 -5512.9058 -5427.7485 -5336.7188 -5331.4902 -5373.2402 -5386.5898 -5420.2671 -5453.999 -5432.4351 -5341.6963 -5332.6343 -5301.3062 -5275.4253 -5254.98 -5229.7158 -5273.4829 -5234.0166 -4990.5352 -4842.4531 -5174.6353 -5266.3101 -5219.1719 -5210.7646 -5206.0186 -5111.7266 -4706.4438 -4296.9722 -4270.751 -4347.4438 -4463.0527 -4438.1338 -4484.6294 -4631.9795 -4701.6592 -4670.5962 -4636.9907 -4533.8867 -4291.5488 -4108.4424 -4146.8413 -4230.877 -4281.0176 -4316.1836 -4341.646 -4351.6196 -4453.041 -4454.5605
-4485.4346 -4196.0547 -4714.2017 -5278.3315 -5413.6641 -5396.562 -5368.0273 -5321.0918 -5393.9692 -5620.2476 -5603.0342 -5458.6465 -5374.6621 -5416.332 -5445.8848 -5372.2368 -5413.5776 -5443.5151 -5376.6055 -5334.231 -5320.6587 -5326.6465 -5315.8906 -5234.4497 -5276.2969 -5301.6929 -5272.4185 -5170.1416 -5146.8833 -5281.772 -5284.2085 -5259.606 -5232.5591 -5177.0483 -4987.9951 -4324.6997 -3905.5439 -4312.9165 -4511.686 -4510.2891 -4439.001 -4407.7085 -4459.5928 -4543.6548 -4595.1431 -4605.5073 -4517.1797 -4293.647 -4104.104 -4151.5083 -4246.7212 -4252.4912 -4287.999 -4351.731 -4346.8184 -4394.5479 -4416.8213
-4798.9194 -4422.5015 -4622.1719 -5146.3218 -5344.3774 -5350.2886 -5313.6221 -4972.5557 -4618.062 -4868.1152 -5164.6821 -5386.9653 -5446.4692 -5474.6987 -5454.4844 -5351.0176 -5376.5996 -5440.2104 -5358.0117 -5363.5781 -5428.605 -5434.2715 -5375.7554 -5265.1084 -5308.7769 -5348.875 -5324.4785 -5282.729 -5276.0923 -5332.2998 -5304.8857 -5282.5508 -5270.0376 -5206.9131 -4952.3794 -4348.3389 -4039.1775 -4371.6509 -4569.0674 -4602.2793 -4528.3804 -4337.791 -4258.2041 -4363.8706 -4471.5669 -4478.9873 -4447.3955 -4360.1284 -4229.9712 -4208.2368 -4255.5991 -4245.2573 -4211.6626 -4258.1689 -4288.3594 -4329.957 -4383.292
-5052.7158 -4893.0308 -4894.252 -5184.1255 -5371.4873 -5407.0244 -5263.9829 -4501.0693 -3612.2717 -3481.6523 -4109.939 -5276.2314 -5638.8813 -5547.6104 -5412.4839 -5334.1563 -5377.854 -5436.4067 -5378.7363 -5398.4912 -5497.1411 -5490.2559 -5407.3457 -5341.7549 -5343.019 -5381.1655 -5366.2788 -5358.1011 -5354.6392 -5356.7427 -5336.6782 -5298.5508 -5304.7603 -5254.875 -4926.7793 -4509.9043 -4453.9292 -4579.9761 -4654.2715 -4682.4141 -4617.7979 -4413.1021 -4235.1646 -4247.8716 -4293.6226 -4288.9526 -4347.8965 -4340.0693 -4262.9209 -4187.042 -4200.3862 -4226.6436 -4108.5161 -4096.2686 -4189.5298 -4261.7402 -4300.0352
-5296.5317 -5368.2163 -5364.3018 -5409.5044 -5464.6802 -5440.8618 -5276.75 -4739.0371 -3845.8552 -2916.9333 -3507.8281 -5264.0967 -5781.7988 -5595.7793 -5402.4263 -5363.9561 -5442.0278 -5457.1006 -5422.9136 -5459.3345 -5461.1621 -5439.1001 -5432.5293 -5392.0425 -5327.9336 -5379.8193 -5352.1885 -5340.7368 -5400.4297 -5367.9233 -5342.416 -5302.0918 -5297.1572 -5248.4707 -4883.4722 -4546.7393 -4588.6929 -4670.0913 -4733.8345 -4787.1973 -4735.4956 -4576.606 -4332.1699 -4202.3867 -4204.6606 -4226.2378 -4267.0811 -4271.835 -4259.8691 -4128.7881 -4090.699 -4172.2725 -4033.75 -3979.9727 -4121.6587 -4129.7109 -4153.0479
