Resources/Map/Lvl0_30x30/Ele_EA.asc
ncols         335
nrows         335
xllcorner     -20045000
yllcorner     -6725000
cellsize      10000
nodata_value  -99999.0
[rows 170 to 203 of 335, columns 154 to 230 of 335]
-5567 -5596 -5604 -5613 -5487 -5154 -5143 -5462 -5593 -5681 -5726 -5462 -5222 -5383 -5484 -5527 -5465 -5535 -5595 -5220 -4561 -4693 -5485 -5524 -5474 -5448 -5450 -5461 -5397 -5376 -5453 -5399 -5190 -5170 -5302 -5373 -5365 -5370 -5344 -5321 -5348 -5312 -5273 -5262 -5247 -5279 -5290 -5242 -5207 -5227 -5212 -5202 -5245 -5192 -5148 -5184 -5263 -5291 -5158 -5034 -4983 -4995 -5063 -5014 -4959 -5025 -5041 -4995 -4946 -4893 -4911 -4950 -4958 -4956 -4960 -4956 -4966
-5524 -5556 -5560 -5538 -5525 -5482 -5497 -5575 -5642 -5733 -5786 -5630 -5259 -5089 -5225 -5395 -5432 -5444 -5492 -5420 -5010 -4821 -5236 -5416 -5512 -5505 -5496 -5470 -5420 -5366 -5376 -5379 -5287 -5268 -5332 -5392 -5394 -5407 -5382 -5327 -5323 -5318 -5338 -5216 -5138 -5265 -5279 -5236 -5238 -5236 -5195 -5157 -5237 -5280 -5241 -5252 -5271 -5224 -5192 -5198 -5158 -5114 -5127 -5052 -4993 -5029 -4993 -4961 -4987 -4930 -4850 -4848 -4895 -4951 -4961 -4974 -5028
-5542 -5539 -5529 -5527 -5581 -5637 -5629 -5602 -5647 -5662 -5665 -5714 -5614 -5358 -5203 -5156 -5145 -5113 -5156 -5355 -5456 -5400 -5260 -5289 -5411 -5474 -5491 -5401 -5348 -5340 -5367 -5454 -5481 -5422 -5378 -5345 -5329 -5326 -5309 -5336 -5332 -5335 -5344 -5291 -5202 -5240 -5251 -5235 -5240 -5233 -5207 -5199 -5270 -5302 -5250 -5204 -5160 -5078 -5120 -5232 -5231 -5174 -5158 -5136 -5131 -5097 -4988 -4933 -4982 -4968 -4886 -4865 -4904 -4943 -4991 -5026 -5079
-5557 -5549 -5539 -5543 -5530 -5490 -5421 -5477 -5568 -5558 -5553 -5644 -5692 -5587 -5461 -5387 -5356 -5229 -5053 -5160 -5354 -5386 -5344 -5341 -5380 -5443 -5463 -5436 -5440 -5438 -5450 -5501 -5456 -5393 -5406 -5291 -5257 -5293 -5299 -5311 -5272 -5196 -5208 -5246 -5284 -5290 -5332 -5343 -5254 -5205 -5243 -5246 -5215 -5130 -5092 -5112 -5169 -5133 -5119 -5165 -5186 -5225 -5215 -5143 -5145 -5109 -5057 -5060 -5075 -5003 -4908 -4908 -4964 -5018 -5080 -5134 -5174
-5560 -5519 -5459 -5482 -5515 -5463 -5381 -5428 -5439 -5428 -5463 -5518 -5583 -5576 -5531 -5492 -5463 -5396 -5229 -5187 -5232 -5219 -5296 -5390 -5424 -5443 -5403 -5401 -5470 -5444 -5368 -5367 -5411 -5402 -5408 -5269 -5273 -5284 -5284 -5286 -5243 -5144 -5156 -5250 -5278 -5261 -5338 -5386 -5177 -5038 -5178 -5207 -5175 -5199 -5236 -5242 -5232 -5172 -5121 -5191 -5191 -5231 -5203 -5064 -5042 -5065 -5021 -5037 -5069 -4968 -4905 -4936 -5007 -5082 -5147 -5161 -5150
-5516 -5486 -5472 -5512 -5478 -5368 -5364 -5440 -5381 -5312 -5274 -5297 -5409 -5466 -5459 -5422 -5378 -5451 -5500 -5392 -5258 -5229 -5272 -5312 -5371 -5457 -5448 -5404 -5452 -5360 -5193 -5236 -5356 -5350 -5329 -5260 -5325 -5327 -5299 -5310 -5332 -5278 -5160 -5145 -5212 -5272 -5254 -5238 -5142 -5051 -5164 -5235 -5258 -5317 -5315 -5276 -5276 -5249 -5218 -5211 -5125 -5130 -5150 -5086 -5065 -5116 -5036 -4941 -4983 -5048 -5009 -4977 -5034 -5110 -5154 -5106 -5077
-5456 -5402 -5428 -5473 -5431 -5399 -5478 -5521 -5445 -5343 -5315 -5281 -5305 -5376 -5357 -5395 -5420 -5455 -5514 -5437 -5374 -5374 -5280 -5210 -5238 -5300 -5256 -5199 -5361 -5420 -5367 -5384 -5382 -5299 -5270 -5304 -5304 -5302 -5270 -5248 -5276 -5257 -5143 -5116 -5184 -5292 -5251 -5245 -5318 -5311 -5326 -5323 -5218 -5227 -5268 -5200 -5217 -5275 -5292 -5277 -5180 -5098 -5130 -5140 -5100 -5085 -5070 -5034 -5077 -5120 -5074 -5060 -5083 -5134 -5154 -5101 -5085
-5477 -5414 -5421 -5465 -5501 -5512 -5501 -5453 -5370 -5345 -5415 -5368 -5308 -5258 -5162 -5271 -5411 -5438 -5420 -5328 -5281 -5284 -5240 -5201 -5175 -5258 -5275 -5205 -5316 -5431 -5425 -5376 -5366 -5344 -5268 -5357 -5373 -5364 -5297 -5259 -5297 -5281 -5193 -5147 -5211 -5322 -5281 -5221 -5267 -5290 -5272 -5299 -5275 -5309 -5358 -5244 -5182 -5293 -5361 -5297 -5270 -5215 -5156 -5154 -5148 -5129 -5116 -5103 -5100 -5066 -5063 -5130 -5151 -5129 -5068 -5027 -5042
-5505 -5520 -5491 -5520 -5563 -5502 -5445 -5468 -5434 -5397 -5425 -5391 -5336 -5236 -5173 -5287 -5402 -5442 -5438 -5332 -5126 -4932 -4972 -5157 -5145 -5180 -5236 -5141 -5181 -5333 -5396 -5371 -5372 -5453 -5501 -5542 -5586 -5512 -5322 -5226 -5309 -5234 -5029 -4948 -5152 -5334 -5351 -5252 -5152 -5133 -5092 -5119 -5213 -5266 -5172 -4980 -5028 -5237 -5353 -5261 -5267 -5338 -5246 -5142 -5133 -5138 -5071 -5045 -5074 -5093 -5075 -5138 -5186 -5127 -5054 -5047 -5055
-5346 -5399 -5455 -5530 -5514 -5471 -5485 -5510 -5453 -5377 -5347 -5263 -5227 -5222 -5250 -5301 -5306 -5360 -5438 -5417 -5263 -5044 -5032 -5188 -5160 -5092 -5078 -5124 -5260 -5283 -5302 -5364 -5388 -5454 -5495 -5484 -5586 -5611 -5485 -5351 -5350 -5315 -5203 -5172 -5229 -5220 -5173 -5171 -5197 -5249 -5212 -5064 -5039 -5169 -5170 -5132 -5230 -5256 -5184 -5133 -5228 -5280 -5160 -5058 -5082 -5077 -5040 -5049 -5101 -5119 -5083 -5080 -5103 -5088 -5093 -5078 -4998
-5153 -5241 -5437 -5567 -5533 -5509 -5476 -5395 -5318 -5285 -5262 -5228 -5289 -5254 -5192 -5172 -5182 -5296 -5378 -5423 -5440 -5390 -5331 -5239 -5099 -5059 -5083 -5200 -5307 -5253 -5265 -5364 -5381 -5395 -5332 -5081 -5156 -5331 -5499 -5539 -5461 -5346 -5246 -5194 -5086 -4927 -4861 -4992 -5126 -5157 -5147 -5051 -5078 -5201 -5181 -5143 -5162 -5179 -5239 -5272 -5294 -5239 -5161 -5113 -5118 -5032 -5090 -5012 -5075 -5095 -5073 -5075 -5043 -4955 -4986 -5024 -4938
-5278 -5223 -5309 -5399 -5445 -5477 -5436 -5317 -5229 -5208 -5237 -5206 -5143 -5120 -5094 -5054 -5075 -5202 -5268 -5302 -5423 -5529 -5492 -5338 -5190 -5197 -5231 -5200 -5141 -5159 -5242 -5303 -5282 -5299 -5360 -5280 -5113 -5082 -5357 -5550 -5511 -5439 -5370 -5291 -5200 -5110 -5090 -5179 -5199 -5147 -5149 -5091 -5094 -5167 -5091 -4955 -4897 -4988 -5214 -5275 -5244 -5263 -5237 -5133 -5078 -5089 -5260 -5283 -5143 -5111 -5032 -5035 -5032 -4975 -5006 -5021 -4973
-5542 -5441 -5394 -5320 -5317 -5308 -5315 -5283 -5255 -5286 -5305 -5166 -4977 -4999 -5002 -5021 -5116 -5140 -5133 -5141 -5192 -5287 -5358 -5379 -5390 -5387 -5329 -5233 -5122 -5093 -5148 -5253 -5296 -5267 -5339 -5471 -5396 -5375 -5442 -5405 -5352 -5420 -5469 -5499 -5434 -5250 -5118 -5173 -5227 -5251 -5293 -5237 -5149 -5161 -5171 -5095 -5013 -5043 -5139 -5086 -5011 -5141 -5189 -5121 -5120 -5133 -5168 -5195 -5114 -4994 -4995 -5113 -5099 -5020 -5010 -4987 -4961
-5743 -5646 -5483 -5344 -5305 -5282 -5297 -5283 -5253 -5234 -5183 -5121 -5085 -5090 -5000 -4975 -5107 -5034 -4940 -4989 -5020 -5053 -5166 -5262 -5308 -5328 -5340 -5359 -5321 -5202 -5067 -4990 -5097 -5145 -5206 -5301 -5370 -5511 -5567 -5480 -5352 -5261 -5232 -5427 -5470 -5263 -5141 -5207 -5210 -5138 -5215 -5277 -5182 -5067 -5089 -5138 -5056 -4981 -5049 -5083 -5053 -5137 -5171 -5092 -5153 -5171 -5182 -5189 -5119 -5005 -5042 -5222 -5206 -5086 -5035 -5020 -5046
-5705 -5664 -5535 -5419 -5327 -5334 -5422 -5391 -5299 -5241 -5172 -5132 -5117 -5072 -5016 -4993 -5006 -4896 -4846 -4908 -4946 -5000 -5060 -5090 -5122 -5179 -5294 -5372 -5338 -5317 -5234 -4928 -4696 -4648 -4785 -5156 -5247 -5320 -5389 -5486 -5490 -5327 -5092 -5087 -5189 -5256 -5316 -5261 -4957 -4586 -4642 -4865 -4996 -5029 -4991 -4994 -4961 -4900 -4965 -5062 -5098 -5114 -5128 -5121 -5184 -5233 -5255 -5241 -5270 -5273 -5193 -5239 -5244 -5109 -4991 -4996 -5069
-5491 -5564 -5608 -5544 -5381 -5234 -5265 -5331 -5345 -5323 -5246 -5178 -5123 -5083 -5057 -4998 -4930 -4893 -4910 -4928 -4877 -4854 -4877 -4956 -5047 -5087 -5176 -5255 -5276 -5360 -5451 -5377 -5007 -4624 -4486 -4755 -4877 -4956 -5018 -5143 -5281 -5384 -5334 -5172 -5213 -5396 -5401 -5286 -5132 -5010 -5074 -5093 -5095 -5131 -5021 -4907 -4988 -5031 -5030 -5048 -5082 -5104 -5202 -5369 -5355 -5265 -5209 -5192 -5201 -5200 -5180 -5217 -5166 -5028 -4958 -4983 -5066
-5426 -5465 -5531 -5545 -5459 -5235 -5073 -5131 -5228 -5274 -5268 -5221 -5148 -5106 -5065 -5008 -4961 -4942 -4938 -4906 -4871 -4886 -4910 -4939 -4991 -5028 -5053 -5091 -5186 -5307 -5426 -5531 -5448 -5185 -4820 -4290 -4491 -4860 -4987 -4935 -5005 -5199 -5247 -5188 -5255 -5382 -5388 -5349 -5338 -5345 -5396 -5370 -5221 -5131 -5042 -4978 -5076 -5105 -5057 -5084 -5167 -5210 -5252 -5269 -5242 -5149 -5120 -5186 -5198 -5106 -5112 -5185 -5123 -5081 -5099 -5097 -5146
-5361 -5393 -5435 -5547 -5554 -5373 -5156 -5179 -5244 -5289 -5315 -5250 -5227 -5220 -5148 -5081 -5053 -5111 -5174 -5025 -4930 -4993 -4972 -4898 -4963 -5034 -5039 -5048 -5136 -5256 -5306 -5350 -5473 -5579 -5498 -4417 -4242 -4507 -4779 -4931 -5054 -5110 -5003 -4991 -5172 -5351 -5426 -5365 -5314 -5279 -5314 -5403 -5365 -5344 -5298 -5155 -4988 -4805 -4966 -5133 -5290 -5295 -5223 -5110 -5030 -4983 -4960 -5036 -5208 -5226 -5172 -5157 -5148 -5136 -5051 -5047 -5175
-5251 -5266 -5247 -5297 -5324 -5359 -5411 -5485 -5451 -5342 -5283 -5249 -5283 -5249 -5177 -5161 -5131 -5178 -5247 -5092 -5002 -5048 -4966 -4885 -4927 -4953 -4960 -4926 -4961 -5087 -5101 -5094 -5250 -5447 -5567 -5229 -4967 -4741 -4597 -4659 -4874 -5050 -5072 -5122 -5259 -5312 -5155 -4860 -4866 -5065 -5213 -5385 -5422 -5386 -5328 -5227 -5197 -5143 -5150 -5217 -5222 -5102 -5060 -5061 -5090 -5102 -4996 -4888 -5039 -5188 -5173 -5120 -5125 -5179 -5169 -5086 -5020
-5258 -5215 -5155 -5104 -5073 -5209 -5444 -5577 -5523 -5321 -5204 -5261 -5352 -5349 -5306 -5309 -5258 -5169 -5149 -5097 -5075 -5083 -4968 -4930 -4924 -4881 -4895 -4850 -4840 -4942 -4931 -4903 -5028 -5126 -5197 -5437 -5444 -5303 -5103 -4961 -4910 -4945 -5005 -5100 -5224 -5230 -5027 -4802 -4918 -5162 -5197 -5294 -5341 -5273 -5242 -5158 -5159 -5265 -5271 -5158 -5143 -5127 -5097 -5105 -5173 -5213 -5101 -4920 -5041 -5230 -5233 -5183 -5174 -5191 -5193 -5193 -5071
-5273 -5245 -5274 -5282 -5146 -5061 -5224 -5438 -5535 -5494 -5431 -5369 -5222 -5102 -5106 -5219 -5296 -5255 -5243 -5215 -5108 -5059 -4972 -4930 -4902 -4864 -4885 -4835 -4764 -4761 -4721 -4742 -4873 -4925 -4961 -5194 -5240 -5232 -5260 -5219 -5097 -5038 -5087 -5122 -5054 -5065 -5165 -5131 -5060 -5081 -5101 -5187 -5203 -5120 -5135 -5122 -5040 -5106 -4994 -4821 -4996 -5201 -5185 -5151 -5166 -5218 -5215 -5092 -5099 -5231 -5271 -5245 -5185 -5185 -5214 -5173 -5041
-5264 -5193 -5236 -5259 -5148 -5052 -5067 -5140 -5300 -5461 -5535 -5484 -5297 -5134 -5066 -5067 -5033 -4920 -4897 -4997 -5051 -5050 -4984 -4939 -4929 -4904 -4895 -4862 -4800 -4714 -4623 -4604 -4704 -4794 -4835 -4977 -4981 -5025 -5126 -5139 -5119 -5124 -5197 -5222 -5110 -5088 -5136 -5111 -5060 -5013 -5050 -5080 -5021 -4900 -4981 -5192 -5093 -5024 -4843 -4647 -4834 -5093 -5174 -5221 -5200 -5187 -5216 -5177 -5110 -5091 -5103 -5097 -5037 -5166 -5288 -5192 -5123
-5297 -5247 -5235 -5186 -5125 -5142 -5098 -4976 -5012 -5125 -5220 -5335 -5466 -5502 -5372 -5197 -5049 -4901 -4850 -4957 -5058 -5012 -4952 -4983 -4960 -4909 -4909 -4856 -4798 -4793 -4755 -4707 -4674 -4742 -4866 -4879 -4883 -4976 -5051 -4979 -4982 -5052 -5099 -5131 -5152 -5142 -5022 -5022 -5156 -5163 -5173 -5149 -5080 -5063 -5080 -5192 -5191 -5121 -5029 -4944 -5023 -5065 -5074 -5115 -5111 -5107 -5118 -5059 -4955 -4960 -5064 -5099 -5034 -5154 -5207 -5157 -5221
-5248 -5218 -5192 -5122 -5094 -5178 -5181 -4991 -4850 -4854 -4906 -5020 -5225 -5364 -5372 -5325 -5291 -5270 -5228 -5123 -5048 -4975 -4928 -4986 -4976 -4944 -4952 -4874 -4824 -4876 -4894 -4902 -4786 -4754 -4907 -4967 -4941 -4964 -5015 -5001 -4949 -4912 -5011 -5157 -5183 -5106 -4930 -4904 -5100 -5230 -5250 -5167 -5146 -5258 -5198 -5101 -5048 -5095 -5147 -5164 -5139 -4993 -4881 -4925 -5024 -5015 -4994 -5002 -4985 -5008 -5174 -5287 -5223 -5221 -5134 -5048 -5139
-5239 -5243 -5223 -5150 -5085 -5164 -5216 -5065 -4888 -4852 -4839 -4852 -4943 -5059 -5210 -5283 -5224 -5231 -5280 -5201 -5113 -5097 -5068 -5052 -5087 -5152 -5108 -5005 -5023 -5070 -4990 -4959 -4905 -4907 -5009 -4934 -4914 -4978 -4961 -4952 -4957 -4875 -4954 -5148 -5177 -5109 -4966 -4905 -5053 -5194 -5226 -5148 -5154 -5279 -5243 -5136 -5095 -5114 -5166 -5209 -5155 -4967 -4892 -4926 -5022 -4967 -4851 -4917 -5057 -5099 -5084 -5094 -5170 -5258 -5226 -5231 -5286
-5194 -5179 -5210 -5207 -5128 -5135 -5177 -5109 -5025 -5027 -4996 -4959 -4976 -4986 -5041 -5057 -5023 -5079 -5166 -5196 -5183 -5202 -5221 -5154 -5166 -5262 -5197 -5113 -5155 -5205 -5118 -5031 -4994 -4971 -4981 -4865 -4883 -4978 -4990 -4979 -4984 -4957 -5010 -5122 -5139 -5148 -5152 -5119 -5162 -5266 -5236 -5188 -5184 -5261 -5223 -5229 -5202 -5140 -5126 -5148 -5130 -5026 -4976 -5002 -5105 -5124 -4959 -4850 -4934 -5015 -4938 -4864 -5023 -5147 -5172 -5257 -5210
-5197 -5126 -5170 -5233 -5178 -5082 -5012 -4975 -4986 -5083 -5115 -5098 -5083 -5000 -4880 -4803 -4830 -4909 -5003 -5095 -5105 -5115 -5209 -5210 -5151 -5126 -5122 -5134 -5149 -5167 -5127 -5098 -5070 -5021 -4982 -4906 -4880 -4881 -4915 -4965 -4998 -4993 -5010 -5086 -5120 -5164 -5205 -5173 -5155 -5219 -5207 -5146 -5264 -5294 -5240 -5233 -5205 -5103 -5076 -5167 -5248 -5219 -5116 -5060 -5046 -5069 -4945 -4766 -4819 -4929 -4964 -4981 -5101 -5108 -5040 -5121 -5096
-5173 -5147 -5175 -5208 -5168 -5030 -4869 -4794 -4820 -4999 -5147 -5166 -5131 -5120 -5050 -4971 -4950 -4839 -4742 -4794 -4909 -5019 -5111 -5105 -5081 -5093 -5142 -5158 -5135 -5150 -5151 -5126 -5080 -5050 -5069 -4932 -4916 -4888 -4872 -4850 -4894 -4923 -4914 -5002 -5115 -5132 -5097 -5075 -5082 -5133 -5297 -5411 -5430 -5332 -5277 -5323 -5344 -5274 -5222 -5266 -5308 -5279 -5207 -5115 -5032 -5102 -5123 -5033 -4997 -4971 -5011 -5030 -5088 -5158 -5064 -5127 -5134
-5093 -5197 -5183 -5136 -5137 -5100 -5033 -4915 -4840 -4958 -5109 -5118 -5059 -5085 -5122 -5122 -5082 -4936 -4793 -4690 -4673 -4765 -4840 -4865 -4941 -5062 -5125 -5089 -5086 -5153 -5192 -5176 -5109 -5052 -5050 -4853 -4842 -4853 -4864 -4889 -4923 -4938 -4953 -4956 -5031 -5066 -4998 -4959 -5065 -5067 -5136 -5204 -5157 -5097 -5122 -5142 -5180 -5202 -5130 -4938 -4793 -4819 -4934 -5010 -5072 -5192 -5265 -5231 -5181 -5145 -5136 -5096 -5114 -5141 -5056 -5061 -5080
-5096 -5238 -5181 -5100 -5109 -5096 -5139 -5170 -5115 -5111 -5140 -5095 -5039 -5047 -5090 -5133 -5073 -4936 -4918 -4873 -4713 -4629 -4625 -4711 -4867 -5005 -5066 -5064 -5048 -5043 -5085 -5140 -5136 -5085 -4984 -4809 -4842 -4855 -4834 -4895 -4907 -4864 -4978 -4964 -4958 -4968 -4936 -4916 -5027 -5008 -4983 -4937 -4783 -4850 -4941 -4873 -4869 -4919 -4910 -4835 -4837 -4794 -4702 -4624 -4674 -4849 -4993 -5097 -5084 -5044 -5089 -5165 -5261 -5214 -5060 -5086 -5135
-5077 -5169 -5129 -5138 -5189 -5163 -5181 -5278 -5248 -5142 -5080 -4993 -4935 -4941 -4974 -5075 -5099 -5037 -5022 -5046 -5004 -4954 -4876 -4809 -4773 -4832 -5013 -5174 -4974 -4816 -4899 -5072 -5077 -5034 -4978 -4895 -4922 -4984 -4923 -4886 -4749 -4576 -4808 -4927 -4934 -4932 -5006 -5045 -5050 -5002 -5033 -5043 -5002 -5107 -5141 -5087 -5160 -5214 -5155 -5176 -5324 -5335 -5166 -4976 -4970 -5036 -5065 -5149 -5165 -5104 -5086 -5136 -5204 -5199 -5180 -5172 -5139
-5123 -5139 -5121 -5106 -5153 -5140 -5121 -5167 -5179 -5146 -5147 -5110 -5073 -5037 -4924 -4930 -5020 -5076 -5068 -5053 -5029 -5015 -4989 -4892 -4746 -4626 -4596 -4708 -4845 -5051 -5215 -5226 -5114 -4911 -4821 -4901 -4821 -4928 -4975 -4862 -4740 -4738 -4826 -4716 -4764 -4942 -4976 -5011 -5026 -4990 -4922 -4892 -4950 -5040 -5095 -5059 -5059 -5078 -5012 -5006 -5085 -5124 -5144 -5178 -5237 -5242 -5166 -5152 -5222 -5226 -5154 -5102 -5070 -5122 -5229 -5186 -5140
-5127 -5111 -5089 -5061 -5077 -5067 -5049 -5117 -5233 -5251 -5169 -5125 -5103 -5084 -5076 -5042 -4997 -5003 -5008 -5003 -5012 -4972 -4940 -4925 -4845 -4693 -4546 -4459 -4497 -4773 -5099 -5296 -5279 -5162 -5102 -5085 -4990 -5044 -5038 -4941 -4899 -4907 -4938 -4859 -4819 -4954 -4966 -4998 -4970 -4868 -4843 -4889 -4907 -4955 -5017 -5009 -5048 -5103 -5051 -5036 -5118 -5128 -5146 -5186 -5152 -5139 -5135 -5086 -5110 -5147 -5127 -5124 -5124 -5144 -5164 -5130 -5125
-5223 -5207 -5171 -5081 -5040 -5058 -5063 -5126 -5266 -5259 -5104 -5011 -5022 -5132 -5171 -5082 -4961 -4967 -4963 -4931 -5000 -5025 -4938 -4908 -4904 -4866 -4835 -4666 -4430 -4352 -4505 -4883 -5187 -5360 -5441 -5202 -4994 -5102 -5185 -5154 -5093 -5025 -5035 -5081 -5098 -5130 -5126 -5093 -5014 -4910 -4944 -4958 -4913 -4885 -4891 -4947 -5041 -5087 -5033 -5046 -5198 -5256 -5244 -5279 -5266 -5266 -5305 -5280 -5264 -5200 -5109 -5102 -5160 -5151 -5052 -5061 -5132
