Resources/Map/Lvl0_30x30/Ele_AJ.asc
ncols         335
nrows         335
xllcorner     10105000
yllcorner     6675000
cellsize      10000
nodata_value  -99999.0
[rows 145 to 173 of 335, columns 195 to 259 of 335]
-20.2088 -22.3053 -24.7773 -25.596 -27.2954 -28.9344 -30.1636 -30.9278 -31.9498 -32.8828 -33.5687 -34.246 -34.5837 -33.9992 -32.9772 -31.9552 -30.9331 -30.361 -30.2018 -29.6963 -29.361 -29.361 -28.8009 -28.7467 -29.0237 -29.2275 -29.3491 -29.5672 -29.4411 -29.3373 -29.3373 -29.3373 -28.5569 -28.3373 -28.3373 -28.3373 -28.9129 -29.3004 -30.2499 -32.5218 -34.9106 -37.2994 -38.3494 -38.7092 -39.7015 -40.0462 -40.3909 -40.8092 -41.8312 -42.8532 -43.758 -44.0355 -44.1821 -44.6982 -44.6982 -44.9855 -46.1081 -47.4628 -48.9366 -50.3872 -51.2752 -52.2354 -53.1607 -53.6563 -54.6611
-17.177 -18.8741 -20.6681 -21.1317 -22.364 -23.0769 -24.0335 -24.6486 -24.9708 -25.2067 -25.2999 -25.8396 -26.2894 -25.4755 -24.7162 -24.394 -23.7789 -23.2067 -23.2067 -23.051 -22.8915 -22.5231 -22.0302 -22.075 -22.2067 -22.4041 -22.522 -23.1922 -23.996 -24.2067 -24.2067 -24.726 -25.1798 -25.261 -25.261 -25.8406 -26.2195 -26.261 -26.5487 -27.8055 -29.8048 -30.5085 -31.5225 -32.2295 -33.2067 -33.2067 -33.2067 -33.2417 -33.6549 -34.5708 -34.9584 -35.522 -35.8945 -37.2067 -37.5699 -38.8634 -40.1947 -42.4656 -44.7257 -46.2086 -47.6584 -48.9676 -50.248 -51.094 -51.7836
-11.1137 -13.443 -14.5144 -15.9006 -16.8747 -17.5204 -17.8201 -18.0525 -18.0525 -17.6657 -16.221 -14.8694 -14.0053 -14.217 -15.2033 -16.2125 -17.2294 -18.102 -18.8796 -18.8796 -18.5149 -16.8743 -14.5718 -12.8161 -11.3714 -10.8117 -10.3536 -9.8277 -10.3836 -10.6914 -9.6505 -9.5001 -11.4545 -13.1189 -14.5636 -16.2565 -17.7463 -18.5615 -19.2839 -20.9409 -22.2896 -23.0374 -24.0532 -25.0591 -25.3774 -26.0525 -26.0525 -26.1309 -26.7982 -27.0525 -27.2295 -28.1932 -29.2015 -30.9311 -31.809 -33.2495 -34.866 -36.7531 -39.3623 -40.9515 -42.4375 -44.3049 -45.9075 -47.2571 -48.8592
2.8712 2.0216 0.9672 -0.1906 -0.3487 0.4396 2.2206 2.3879 3.3161 18.2629 28.4748 22.8022 19.7596 13.2793 15.0068 11.0664 -0.6409 -3.7809 -4.8811 -4.8811 -2.861 0.6482 21.3474 18.3294 12.7105 12.4069 7.5363 5.8352 5.5204 4.62 5.1396 3.8166 1.5159 -0.0029 -1.903 -3.3301 -5.2623 -7.0649 -8.8318 -10.171 -11.908 -12.9616 -13.9837 -14.9995 -15.7566 -16.7605 -17.5054 -18.3612 -19.9951 -20.74 -21.4039 -21.9712 -23.7981 -25.599 -26.621 -27.9303 -29.6651 -30.8668 -32.6048 -34.8207 -37.1506 -39.1947 -40.7973 -42.6207 -44.7019
16.7155 15.2103 26.4679 57.4449 22.0813 25.8094 53.2499 28.5706 21.7805 114.9757 45.3434 32.073 28.8293 34.7345 31.1637 25.0214 37.2509 21.8706 29.1601 17.0014 17.8033 18.9434 27.0631 20.2873 20.6919 10.0413 11.9084 10.0264 24.3049 25.4122 11.0001 17.237 14.3653 11.7537 8.3724 8.8181 7.2733 4.5605 4.49 0.7703 -2.8414 -2.5021 -0.4876 0.0252 0.437 -1.4026 -3.9595 -6.6272 -10.173 -13.2645 -15.0098 -16.4944 -17.771 -19.1697 -20.9591 -22.6045 -23.8041 -25.0749 -26.687 -28.339 -30.5387 -32.2679 -33.766 -35.7864 -38.2078
174.162 86.5458 53.3212 182.4083 165.8019 208.0639 153.9682 200.8669 132.7278 144.083 96.398 76.8127 37.2938 41.6329 37.682 31.8075 31.7627 54.1253 32.6706 25.8778 22.5975 27.6088 29.3092 28.0816 64.8685 33.1949 29.9215 55.9604 67.7514 122.2188 137.3591 40.91 27.0303 22.6575 19.5773 15.7948 17.4838 15.0573 14.2309 12.3995 7.7086 2.429 3.7713 13.3339 10.9212 11.3503 12.1504 1.1937 -2.7917 -6.1393 -9.4896 -11.0269 -10.469 -10.3423 -12.0063 -14.7751 -17.377 -19.542 -20.989 -23.1763 -26.3175 -29.1978 -31.11 -32.7959 -34.5355
147.1948 184.3434 152.3109 131.4985 119.0625 147.3824 127.7367 98.7012 99.1712 91.9494 85.7373 98.9084 156.653 155.6824 96.5417 108.168 124.6214 198.5706 175.726 111.1838 119.4166 201.8928 115.754 78.36 59.7201 62.2115 86.6592 120.307 102.9087 101.9892 105.2307 125.7341 135.9077 43.8631 28.4071 31.9432 26.0636 24.3412 17.5439 13.5952 12.7838 8.6289 6.382 2.5764 2.0368 2.8734 4 9.808 1 -3.0301 -6.9049 -9.1642 -8.4274 -5.4936 -2.5929 -3.3224 -6.8802 -11.6987 -16.2937 -19.4429 -22.0939 -25.1976 -27.3523 -28.8573 -30.7913
149.6729 186.2289 232.623 160.0173 138.1604 148.9454 175.6681 201.3617 139.4348 140.3264 153.6965 203.0601 251.3316 222.8822 341.4869 294.7029 187.9873 175.1302 267.7408 151.8091 186.1498 134.6021 140.801 138.482 134.792 155.472 129.5912 158.2811 118.0199 80.9357 111.9011 55.9267 55.6303 88.0031 44.4087 28.7153 26.5717 25.7824 29.0969 17.5028 9.5516 10.0426 16.2032 13.4154 12.3772 11.9379 14.9963 10.3843 3.2107 -0.2957 -4.8972 -7.5287 -7.7004 -4.983 -1.5518 -1.2093 -2.9713 -6.1785 -10.5114 -13.8489 -16.2903 -19.6991 -22.7173 -24.6591 -26.7032
234.0424 302.9973 237.1489 181.4989 227.2529 251.3985 384.9498 269.8641 270.6282 253.4063 286.2733 426.8909 411.6214 389.6949 367.0801 269.3166 168.6611 174.3789 189.7684 234.7527 224.6306 335.4452 210.7805 288.4995 274.6038 249.9247 173.7966 275.1058 228.7899 139.3644 119.7917 71.2185 35.6947 35.5466 32.8094 25.6202 17.2983 18.1074 19.9118 20.4968 10.5804 16.0889 13.3155 13.2542 16.6447 21.4082 16.7147 17.8807 13.7026 1.064 -3.2465 -3.175 -0.4748 2.7506 3.4708 1.3459 -2.0389 -5.0472 -8.2778 -11.3876 -14.0197 -16.2959 -18.5269 -20.571 -23.0224
201.6924 254.4941 323.6093 427.4888 395.5064 491.9478 425.1533 340.7486 498.8305 514.9594 490.3695 444.2635 367.9188 264.9718 335.7171 404.4919 310.9374 227.1589 206.5569 197.9139 213.9932 230.1603 226.0928 265.0837 318.3368 401.3352 306.0196 175.3892 154.6538 83.9154 120.8442 147.4471 120.2028 75.8977 29.777 21.8599 18.1168 18.6116 15.1096 12.0067 7.4739 17.4128 20.8496 19.0642 19.1198 13.6644 16.4534 16.0527 11.2248 7.713 0.543 -2.5742 0.5945 5.9652 11.4029 13.7185 10.8648 2.7661 -4.3632 -8.5429 -11.2117 -13.2557 -15.2998 -16.9448 -19.4305
514.5719 373.2141 301.2444 231.5704 510.0933 356.9484 378.2139 399.6838 523.724 601.0093 525.7344 385.3765 247.7632 229.398 296.4529 362.3104 311.5903 553.0891 396.5617 251.4127 310.3553 229.3617 236.3412 169.3094 293.1117 132.2768 159.3574 186.9915 163.2358 240.6474 95.6854 119.1649 178.5505 254.7716 160.4314 146.1187 80.7661 44.9784 24.3992 26.5305 30.1724 36.2911 26.7156 41.7783 57.7831 41.6045 29.596 15.3882 13.6909 15.9615 12.0744 4.9901 10.2615 11.7646 13.1964 7.9036 7.3002 9.9075 0.9079 -4.5938 -7.2625 -9.3065 -11.3506 -13.3405 -15.8641
524.5727 421.9623 510.6306 371.6092 365.736 419.5733 526.4135 313.0557 317.9518 440.6458 464.3529 644.9906 532.5956 508.0555 463.0554 377.566 475.2323 539.6419 574.0814 461.7116 495.9789 343.4149 324.2021 369.5929 331.4289 230.2538 360.4157 357.0235 250.3493 402.2582 345.6435 228.489 244.585 196.1154 107.6363 108.6354 138.0022 223.0095 118.1291 52.1877 90.8414 50.2747 30.4868 33.8238 20.1491 22.0436 19.1014 43.5991 28.7147 16.2969 14.1552 8.7566 5.7874 9.2232 23.1004 8.3421 10.655 10.5885 9.5643 0.7392 -2.4431 -5.7439 -7.662 -10.6312 -13.2069
543.6066 509.3602 449.8736 452.4457 463.9262 468.8588 465.2178 640.0227 489.7757 489.1067 416.5937 384.8256 394.8587 495.6431 596.0714 460.0747 460.9196 471.6971 533.2009 699.4144 662.2436 500.8238 322.5236 226.6908 317.6657 192.3299 167.0731 173.2292 220.4682 312.8009 314.6596 225.0478 226.049 227.7452 316.7126 215.7544 94.3678 78.7371 64.9129 51.0815 47.5355 26.4492 22.2019 37.8697 30.9608 26.1945 26.7474 41.0626 28.0423 22.8394 19.9314 39.5855 23.0474 19.8005 15.8221 12.0911 9.5304 7.9929 11 8.0873 6.5355 3.2237 -2.4715 -7.609 -11.0899
604.33 749.1199 575.7428 438.2191 595.0703 604.2626 632.5009 378.8894 363.5304 411.2341 508.0618 544.3707 562.9434 681.5313 719.0109 682.6085 529.2955 414.1891 341.1936 268.5543 243.4586 234.1749 280.2886 361.5618 509.8015 649.9127 532.1176 457.3993 494.3871 349.4971 268.2402 187.0727 364.6404 279.1645 127.8087 219.6275 307.6273 206.7404 108.7024 149.9782 166.4765 192.9523 175.0632 151.3417 21.6382 40.8411 21.6423 26.3396 21.2731 10.8305 17.5589 15.2188 21.712 31.4153 13.7592 10.8249 11.7792 14.2956 7.1361 15.67 12.5107 11.0982 2.459 -6.372 -10.9421
411.5518 483.6644 332.3756 320.5163 407.1297 420.2389 425.6205 515.8286 686.5521 640.7739 643.6591 641.9219 522.0738 414.0009 488.1133 498.8118 462.8619 558.2277 608.5787 603.2437 485.5667 459.1904 744.9373 822.6614 726.8621 526.9396 513.697 308.8753 453.0943 769.9219 519.014 455.4213 343.9878 229.9557 170.7292 230.6642 363.0066 287.4828 222.3563 190.1909 263.4403 108.467 130.0287 134.7215 217.2755 249.244 63.2247 34.4194 19.3001 48.6583 30.394 12.538 15.5906 13.1175 31.2521 45.5541 29.8994 16.314 17.4346 10.2701 15.9204 7.6608 -3.7809 -10.2732 -13.3842
682.8905 528.9811 616.6452 658.942 542.6816 615.011 721.2632 788.3355 559.7581 505.3602 461.1743 471.6816 469.5735 499.868 536.7023 673.3319 677.9724 739.1528 744.9902 810.2498 794.2399 817.0511 723.9595 563.7345 476.1632 451.3663 479.7993 709.6157 512.5411 669.6407 552.538 410.5018 278.6051 220.7947 225.7542 400.9977 388.914 260.8319 295.1672 250.2436 244.1605 343.4441 261.5925 288.732 172.3272 269.3154 151.7801 227.0303 127.8924 27.5392 13.1751 -0.9163 1.9598 17.1566 38.603 13.9721 0.5886 1.8415 15.9253 22.0017 31.2635 -2.7051 -9.7267 -12.9099 -15.4431
384.5385 477.2207 633.8409 671.3733 674.8011 512.2535 483.5384 660.7856 560.0375 696.6659 680.6522 779.318 604.3983 645.2615 569.9897 542.9939 587.3694 627.2227 633.5797 644.0014 774.6258 760.2035 772.5338 712.3787 684.6563 424.3658 379.615 481.9796 454.3141 809.3372 556.6508 572.898 571.6882 473.8701 392.9574 459.9574 302.2988 451.0888 352.1615 277.723 320.2164 263.1147 260.8777 167.5946 192.8107 204.1971 324.3611 251.5332 120.765 27.0352 3.2369 17.106 27.3555 40.6983 58.1265 33.3644 19.9938 15.6311 18.5241 15.3268 3.1004 -7.6358 -11.3293 -14.4281 -17.5024
634.014 459.5371 509.8279 621.9788 580.7125 457.6933 486.9505 490.3887 552.155 593.8032 787.6886 852.4149 614.0382 604.3304 701.3959 590.2717 586.0787 648.9993 670.2448 645.8173 587.8699 590.9222 730.4132 790.1288 679.2713 674.7191 565.7525 458.1774 475.4097 515.9092 602.3491 595.558 485.846 591.9199 619.0825 460.3288 408.1081 350.4321 391.4326 287.2988 327.7036 386.0871 270.7704 267.5833 393.1786 404.23 244.1807 141.0491 121.3612 158.0927 51.405 53.711 39.337 18.7668 17.7845 45.2408 45.5877 12.0026 23.9461 50.0248 33.1243 -5.1539 -11.91 -17.1152 -20.6997
643.5034 770.7603 573.3619 593.1219 738.1257 929.7715 902.9799 530.31 638.1523 597.0985 562.5056 504.6617 516.8022 573.0092 561.4153 530.9553 579.4681 611.3334 612.1176 628.0661 731.3842 848.2989 955.8444 822.8135 899.0586 904.6364 665.6616 681.9317 638.501 595.4778 582.1215 500.1909 614.7838 408.1598 353.9965 290.7871 299.0331 229.4104 259.3416 289.4072 179.2411 177.6534 141.6953 114.2502 173.3973 234.1127 172.4611 114.8339 92.6595 72.5826 64.7228 79.8649 51.7965 40.77 21.0176 13.0366 10.7326 12.2602 25.9365 39.0216 -1.365 -11.309 -19.1305 -24.2144 -27.2678
592.2214 586.878 502.0869 530.8429 298.5123 502.0754 586.9729 441.1556 555.2221 657.4953 691.1462 562.1066 549.8961 710.0016 634.6944 728.4688 642.9753 437.7525 457.0273 442.2342 580.7575 593.0131 629.3506 512.8099 642.9035 798.0713 600.7087 495.9277 463.6261 633.1243 359.5223 415.0914 445.0127 311.9569 287.9055 288.0823 318.0582 329.4712 285.662 286.5214 249.9041 199.8725 183.1677 192.2923 166.8529 90.8656 70.468 84.0518 85.6845 134.1795 119.1779 81.9264 82.3799 79.4048 37.4558 28.6162 23.9439 23.1429 27.2647 9.2173 -8.9001 -20.4653 -27.065 -30.0898 -32.0943
313.3186 311.205 404.9037 438.2992 537.8308 426.9008 367.2254 483.8535 445.0429 510.0121 432.8234 352.7759 337.3287 276.8871 278.5284 289.8157 329.2738 368.908 385.1721 426.4338 482.5163 536.6758 328.4471 544.8113 452.2472 482.5284 403.4104 290.2218 243.4901 405.9368 330.2882 318.4462 240.5189 258.0223 248.3497 206.6746 172.5877 158.135 139.6092 143.9504 136.5747 123.4655 122.155 127.4933 106.084 100.966 76.9858 82.336 90.8429 94.3626 91.7764 88.174 61.6478 44.7008 34.3481 29.0286 16.3282 16 -6.3932 -17.072 -24.7534 -28.732 -30.8095 -32.1893 -33.6924
190.1656 289.9661 339.1141 416.2741 310.3774 372.6302 468.2218 406.4015 405.2262 480.6 338.003 202.607 267.768 277.098 345.707 396.1589 347.0925 369.9817 339.7641 451.8082 375.7072 306.9748 271.2368 363.3266 289.9534 255.0229 231.8813 205.8788 276.9373 328.1003 285.955 217.0741 237.6034 240.8261 138.9022 141.9404 183.8161 192.5721 172.8143 159.8238 135.0048 121.3768 119.9031 129.4882 121.3651 116.273 100.8048 94.467 85.898 37.9896 18.5997 24.4746 31.568 13 -0.3132 -8.4121 -16.0416 -21.2845 -25.4363 -28.7836 -31.6226 -33.11 -34.1809 -34.6563 -35.5501
196.9445 182.4283 196.2497 282.1207 199.0435 174.4536 175.337 153.7515 159.1685 146.6735 154.9752 210.9735 196.6977 199.5257 172.1 207.8747 176.0464 181.6264 194.0218 189.9713 243.0155 225.958 252.2653 194.1234 213.2427 242.4467 201.8693 210.0008 179.2374 245.7056 251.8095 224.5243 179.0759 152.1859 142.2987 131.6568 88.6111 123.4101 102.6596 95.7738 118.9176 116.0479 89.1538 84.0777 98.2014 91.2789 74.2072 52.3249 55.6992 34.2813 28.7852 7 -6.4329 -11.5279 -16.9788 -21.7169 -24.4567 -25.7612 -28.0599 -30.8614 -33.3699 -35 -35.3763 -35.7841 -35.5618
141.3525 199.9128 171.8344 155.4851 152.5939 167.8576 143.6041 138.7456 108.5885 123.6435 124.503 122.9262 121.5465 122.4461 130.4093 140.8628 144.6752 135.0187 137.2349 132.0965 129.1722 136.734 155.9212 150.2754 146.185 132.6833 142.3688 129.5023 117.0653 159.9354 130.3635 117.8239 102.4293 132.4815 108.3111 146.0349 106.2828 93.1944 76.8963 80.9604 64.4256 49.2437 7.2257 8.0885 7.5362 35.0877 32.9098 19.3625 14.4885 7.5889 -6.1571 -16.6915 -20.7142 -23.5734 -24.8305 -24.9278 -25.5312 -26.7827 -28.7381 -32.0523 -34.6017 -34.9289 -34.7556 -34.1974 -32.7722
82.8594 79.2932 146.2485 166.5624 176.8525 154.7054 130.435 124.8465 105.3971 82.5702 94.4998 93.9465 101.5134 105.4687 99.7888 102.8876 101.4547 128.1169 137.9119 132.8981 123.7951 116.0541 135.9264 143.3246 115.0977 92.7668 71.0439 90.6058 77.0323 90.2883 105.0131 91.9564 65.9668 79.2584 74.1795 110.786 84.2348 73.7021 49.1146 53.8464 19.0489 17.3225 5.1194 -4.4171 -9.5524 -10.9945 -13.0413 -16.9507 -19.0378 -21.125 -22.9937 -23.659 -23.565 -23.3269 -23.7185 -24.5194 -26.4269 -28.7388 -31.6091 -34.2479 -35.2956 -34.4694 -33.7277 -33.0084 -32.0892
87.5903 102.7127 55.9242 88.1656 107.5802 113.7268 92.717 111.9287 112.5979 120.7866 109.575 89.3936 57.0999 77.6922 99.4064 91.8805 101.6442 123.1251 124.3747 113.7227 94.0617 87.9697 72.0298 63.2859 85.6817 71.7779 50.3743 62.6378 64.7624 68.1105 84.9806 77.9993 66.3324 60.9541 45.8704 39.2262 30.9139 23.2385 27.5037 15.2546 7.6127 -3.6289 -9.9949 -16.0397 -21.1642 -23.2376 -23.5348 -22.9 -20.6661 -18.5889 -16.5671 -15.7364 -16.0432 -19.4702 -21.6759 -23.4941 -24.9116 -26.8081 -28.7767 -30.8977 -32.5896 -32.8975 -33.587 -34.3436 -34.2947
109.2382 102.1201 82.3376 77.5261 83.1754 115.3301 132.7601 105.9036 86.0781 72.2064 82.8033 66.9409 51.0685 54.8121 96.1313 88.8902 87.8504 81.2681 90.5767 82.3647 89.8825 87.3662 84.6188 58.4492 35.4713 34.0369 30.5535 27.1043 20.4287 16.649 14.2874 16.7169 6.5016 7 12.7644 6.873 3.3826 1.8878 2.3977 -2.8152 -12.2394 -16.2717 -17.9385 -20.4535 -22.3948 -22.0284 -20.7069 -19.2482 -16.7654 -14.8437 -12.124 -8.9574 -8.9671 -16.1434 -18.641 -20.2034 -21.5294 -22.6419 -24.0919 -24.9615 -26.0772 -27.5618 -29.0276 -30.5131 -32.4149
96.7324 103.959 95.901 111.6694 94.3425 88.9983 72.4468 57.1201 58.9301 84.2523 89.6931 89.9613 87.7833 87.02 62.1278 22.7914 37.6088 48.1248 51.4453 76.6131 50.1598 52.0883 47.5414 27.4865 15.9511 15.1997 12.5426 8.8919 15.5664 13.5436 6.7231 -1.5793 -7.4596 -12.2061 -16.3647 -19.9852 -22.002 -22.8607 -19.9656 -17.8116 -15.028 -4.0219 -0.0137 -2.2128 -2.5173 -5.0212 -6.4554 -6.7514 -7.4015 -6.9062 -6.5933 -7.1966 -8.4221 -11.107 -13.3624 -15.2472 -16.4843 -17.5275 -18.4694 -19.5381 -21.177 -22.7545 -24.0399 -25.5499 -28.1765
60.6924 54.9367 50.3073 64.8301 76.8172 79.702 84.0985 76.1068 80.0618 67.3183 71.0995 69.8101 79.3749 73.5176 76.9557 64.0182 57.3182 61.9304 34.9494 42.612 33.8213 23.2895 27.7166 15.4 7.6825 5.6465 3.4048 -2.7546 -8.4999 -12.1737 -14.462 -16.1724 -18.0275 -19.9501 -20.4544 -19.1625 -16.7002 -13.692 -10.7344 -9.659 -5.3532 7.8556 6.9278 7.6477 10.0905 18.9893 25.2824 61.1328 15.3303 14.752 8.4188 12.4891 10.3806 7.5298 7.4488 8.116 6.9722 6.3643 -13.2376 -16.9513 -19.5085 -21.1186 -23.0391 -24.5931 -26.115
