Resources/Map/Lvl0_30x30/Ele_CD.asc
ncols         335
nrows         335
xllcorner     -9995000
yllcorner     -25000
cellsize      10000
nodata_value  -99999.0
[rows 260 to 285 of 335, columns 236 to 294 of 335]
87.9211 86.7082 79.4042 70.9104 78.5204 75.0584 57.2251 67.4761 68.7828 65.4452 63.4742 61.2613 58.4151 48.1872 41.2983 40.5438 51.9957 73.7542 263.7151 368.3687 586.7383 181.3779 274.6835 450.0831 828.0136 742.8931 359.3696 223.035 253.5876 272.8114 268.0637 283.7981 200.0491 331.8378 622.2686 898.4951 1041.4197 537.7324 239.7616 115.1581 72.9621 80.9338 79.4355 123.9345 353.3301 306.3098 283.5998 284.0353 283.9736 302.1509 296.7357 281.3535 314.08 313.0668 311.7987 293.2702 295.889 385.2866 304.9045
74.7146 76.2205 63.899 63.1876 66.1506 62.1041 73.0092 70.0904 74.2395 63.9985 63.9552 62.3235 54.1989 42.9553 43.2364 54.6831 105.8542 198.1833 202.768 286.3012 477.8217 404.9174 178.0222 338.3662 332.0671 436.3673 377.4564 253.3458 222.7776 259.8022 311.3861 281.6538 235.9359 306.1453 413.902 642.6886 524.6065 952.8135 509.7507 403.9015 165.3823 76.874 108.1493 155.5428 136.9711 242.5189 280.4797 293.0488 319.6136 301.4979 343.8645 343.3564 345.6105 323.8351 300.1504 284.0242 318.1769 298.1921 337.4159
75.4284 69.5648 75.1249 71.6525 75.7111 81.0167 73.9987 60.715 53.7776 50.5008 50.9396 54.6464 61.5907 48.3292 108.6564 81.0503 75.6328 107.3934 261.5278 450.0749 369.9146 421.0105 201.084 286.0372 498.383 325.3882 516.6179 301.7329 254.9117 314.3204 424.9429 358.1797 494.2316 374.7694 569.5273 394.3791 623.263 1084.7086 692.2527 434.2878 103.8909 125.9842 87.8506 129.4886 247.828 265.3807 291.7985 319.7763 315.1536 304.1499 334.7228 326.4554 311.9776 328.6581 311.1637 353.0381 382.0645 429.8737 344.795
66.4622 58.5751 63.6073 58.6 57.9299 58.4952 57.031 62.4501 66.1741 52.4444 50.7286 54.4452 46.5894 53.7491 89.5471 128.2519 68.387 208.8385 397.5123 439.8969 584.4366 723.0701 549.2066 546.4092 471.2056 443.9442 347.4401 377.4479 259.8026 320.1834 419.1301 486.3667 488.288 461.8445 470.907 734.2838 1047.1067 1154.6396 1063.9548 915.8962 115.9267 210.2388 92.5796 92.7006 278.6939 301.2687 333.0783 329.0642 314.8926 378.7684 328.5511 329.7865 311.7733 355.071 349.2122 379.7735 636.1078 430.4354 524.5844
91.4114 83.2622 80.4266 75.9446 69.5197 76.5059 72.1332 65.6714 61.8956 55.1071 61.6562 51.1263 45.7647 97.7696 146.8013 240.2398 81.3429 275.2686 302.8148 306.2476 528.8096 1037.4218 740.3785 625.6414 479.7087 410.2279 554.3852 287.9398 400.755 338.3209 493.7701 550.317 408.5056 548.1189 626.3609 1015.1036 1222.6055 1139.1512 995.5425 372.4029 157.6136 348.7917 251.6516 251.0221 304.6719 302.7585 284.399 283.3311 306.29 324.2015 331.7436 333.8883 461.6672 301.2326 342.5276 400.869 430.6627 388.6828 570.657
76.1826 71.6827 62.9804 62.7217 83.07 63.4898 63.3498 65.4716 74.147 62.2163 66.9074 82.877 59.6451 98.0478 98.9962 182.6064 223.2662 86.7758 414.6028 495.9395 847.7606 1125.01 965.6865 718.5327 466.1869 379.2502 463.9956 406.2377 393.9904 360.8617 733.8559 528.1264 781.9403 614.9565 523.2378 917.1184 1383.0793 1221.7009 865.0251 107.0457 139.138 486.7936 351.0593 328.2889 302.6961 300.3136 298.1201 301.1847 295.6646 309.8857 335.1039 327.5709 539.6935 348.922 336.3571 395.9627 545.096 479.4636 601.6275
86.4298 76.9025 91.3056 63.1024 59.0833 64.9479 82.8411 80.8042 79.6221 72.7036 63.5668 55.9948 49.7946 67.0413 205.6943 348.1023 202.6683 418.315 167.1839 406.8263 592.3182 692.7744 826.5108 695.0604 1118.0339 487.3069 561.9235 1278.319 1241.5626 1199.6158 832.0121 771.9299 382.5707 596.9819 1132.568 1090.8872 1099.7379 1159.7074 1028.8273 703.4952 715.4739 248.2184 304.3607 309.968 293.7682 295.4451 303.0529 348.633 303.9922 323.816 336.9756 325.8117 345.1262 441.5056 1369.8966 1073.4855 1025.504 476.2764 562.6665
91.0601 91.2905 82.6731 65.6361 57.3295 76.7229 82.6363 71.528 73.8388 70.0635 63.2502 54.4059 80.1833 115.6735 213.2872 402.6709 280.0565 323.2494 339.5702 749.1932 846.9269 659.0024 961.9319 1050.9579 1630.3226 734.17 445.0655 1062.0083 1717.083 1032.7968 946.9994 195.4762 235.9505 660.3443 656.892 887.4736 1291.2216 1227.6803 1169.9669 800.3115 767.8387 273.4049 318.979 302.678 314.9265 296.1529 315.3069 301.1552 295.6456 304.0185 332.9701 321.8368 325.9546 1179.4288 1170.568 973.4256 994.5347 1025.9622 567.2664
75.109 61.9434 60.0646 67.6275 74.197 83.113 77.0765 76.0425 71.4708 62.0111 57.7652 76.1153 129.9051 274.9633 454.9588 502.8437 702.4797 626.0446 778.272 912.6872 976.8584 1089.1272 1249.1674 1044.1091 363.6751 150.1899 2179.5454 1558.8839 1398.5863 1189.4574 796.0144 213.1491 673.6787 838.7567 754.4844 1265.0287 1677.3256 1592.0004 1075.8177 899.7554 535.3832 367.7074 310.8635 304.8672 315.0202 319.2898 299.4883 305.5523 300.6142 303.8352 317.2805 591.9823 538.9628 1259.136 992.8524 885.355 898.66 847.2841 537.2634
87.9868 97.5249 96.8322 79.7582 72.6223 84.6021 82.6917 82.2554 77.0713 75.2798 81.2309 113.2948 184.7886 140.3246 387.2833 417.9648 522.5732 729.6979 851.3449 997.6119 864.6359 820.6024 831.6277 692.1271 481.0096 154.0478 1529.8147 793.0012 179.6985 441.1132 378.4502 198.6507 807.9844 484.1283 694.0075 1325.6658 1239.7852 1577.4514 984.883 893.6265 732.5156 338.2038 333.2968 317.0374 312.1953 324.755 302.2533 315.4071 298.4093 538.6085 645.3292 599.0381 319.3044 393.5932 502.9651 641.6628 406.7675 450.09 559.7202
79.9123 81.2643 88.1753 89.9543 90.754 80.5125 78.9495 68.2654 76.2694 70.6662 79.6797 86.4226 118.9692 125.0422 153.9057 196.6349 522.8362 502.1575 581.6287 453.904 460.3821 463.8838 635.4304 831.6047 776.6542 170.0805 162.1237 125.5786 129.8475 123.83 135.9657 596.2896 1129.7838 644.6807 714.4421 926.6884 1579.6809 1963.8571 907.5683 495.218 458.4088 352.7712 339.2417 328.8219 318.4841 318.0467 319.8917 302.7098 309.0559 781.2134 534.4485 344.9854 337.5342 337.8539 330.961 375.268 595.8045 534.3779 746.8049
87.5141 83.7017 83.9457 78.7277 84.1279 83.6838 88.4713 86.844 84.8351 77.0115 80.7682 95.6443 146.6128 187.2877 342.4602 459.2559 416.2096 429.4013 495.929 543.8557 550.8037 580.3088 587.0876 696.0217 1037.8636 184.0089 127.4785 115.2496 125.1845 112.9962 172.512 744.4958 754.1322 720.235 514.6369 1435.637 1611.2645 1466.7491 1136.9714 619.2719 544.2271 388.4081 335.6127 318.8831 316.4851 316.7531 322.4917 311.3638 383.9359 375.3927 334.1789 352.7187 372.0707 348.0458 346.0212 332.3333 378.5664 373.8556 373.5582
103.873 106.1137 95.8369 89.6523 80.5914 72.1144 75.7118 72.4271 72.0458 74.8805 114.8684 137.1491 164.2862 292.7854 270.1226 366.9933 300.723 281.1994 425.2545 714.6802 796.4349 767.6281 556.337 491.3822 941.6244 235.9442 357.8972 124.792 114.4703 114.9915 128.8114 207.105 151.7208 372.7526 932.9459 1682.496 1493.1936 1599.0732 1490.0297 607.9152 389.5062 411.1263 385.6388 354.01 337.4889 310.984 321.0372 328.1842 315.0774 575.6918 433.5827 437.7848 393.9839 415.8199 379.9275 361.909 340.9764 377.7798 375.109
86.5995 85.5673 93.3337 93.906 81.619 80.349 84.0673 83.0723 80.7338 149.457 159.0536 194.8356 158.0818 206.9405 244.6038 227.3396 254.1482 482.9686 910.5744 676.8491 722.4244 463.4359 424.0517 168.5975 163.3336 651.6324 139.9113 155.003 120.5147 129.4959 181.7012 175.8427 149.6068 427.4919 697.7018 986.1276 1016.8979 1394.4546 1296.6188 893.9094 510.6517 417.6535 353.0149 351.2888 338.5709 344.0929 358.4676 355.7213 332.1508 311.1816 317.9666 363.799 352.9789 421.7572 542.0866 586.9731 538.8103 334.445 360.2245
93.1169 86.2761 89.2282 86.384 92.4881 93.581 83.8358 81.7077 85.8584 127.0507 139.3746 148.7516 157.6666 210.8523 226.9076 193.598 423.8716 876.1066 818.3433 714.1381 552.1677 445.252 241.006 144.1387 140.781 118.1318 110.8294 126.5807 135.8442 140.9091 139.3969 195.8328 157.4809 213.7454 326.8205 397.5242 749.0887 1212.4025 1108.796 742.4675 515.8675 382.0037 468.08 504.371 327.5859 328.685 416.7496 398.7153 401.0674 361.1514 360.872 315.9443 366.7205 389.8958 375.7788 404.8405 381.2341 373.2919 347.6017
105.1995 108.5147 105.377 94.0613 83.2467 89.8286 94.9186 91.3648 87.2834 117.5817 135.2299 132.3389 573.9099 480.3877 533.4667 913.7433 886.1584 912.9418 610.0325 594.1322 741.8924 616.4496 186.2127 135.6356 130.3867 123.8527 113.9963 136.0859 132.9483 141.115 137.1531 172.9315 304.0648 225.1552 258.1719 389.768 646.442 1383.0731 901.6768 576.0733 449.8809 366.4383 434.524 477.4632 324.4483 415.2179 495.9113 349.0091 362.2822 320.179 368.5986 508.831 395.1309 368.155 354.2441 369.8645 360.3835 467.1597 492.0371
103.301 92.1577 82.6195 86.0684 100.4023 103.1209 97.2948 101.0092 97.1626 131.3323 119.0733 124.7793 764.4615 1200.9111 871.0161 1004.3146 1086.3997 961.2981 860.1083 1261.4915 877.0406 738.2943 361.6942 138.9207 113.8751 120.8171 129.2372 122.182 124.0715 140.3732 134.3346 138.7041 174.1956 209.2989 287.6522 337.1521 582.5026 787.9515 846.3754 695.7238 542.3912 495.0457 493.6115 407.6904 429.5267 1019.1342 502.7399 349.5676 335.0477 411.6718 451.0268 414.2813 394.0857 434.2858 379.8064 396.8184 402.5482 352.498 426.6248
101.3043 97.3068 107.058 112.2438 103.7517 101.0787 87.0953 97.3508 107.1922 120.4168 112.7474 116.1191 255.7853 1324.4484 574.7288 987.6053 1297.7458 1311.0481 1355.6643 1382.8417 1091.4785 717.4039 419.1804 242.5703 119.3457 135.4683 130.8411 129.9989 142.2127 148.5621 149.309 160.1678 246.0738 224.4411 274.5804 269.8322 324.1829 894.6953 861.6613 785.2637 843.6361 573.6885 530.6404 386.8286 690.2319 1397.9404 1042.1747 356.1473 355.3588 472.1591 502.5274 424.114 483.6003 419.0201 474.9886 382.9504 394.1941 348.7024 375.3369
104.3063 103.1406 95.1745 85.8774 96.9136 93.4408 95.7571 98.4399 95.5003 105.0358 126.4618 106.7946 175.2899 469.8765 249.8647 308.9648 898.5762 1301.527 1437.6418 1540.5117 1263.6299 925.9296 453.0745 267.0635 116.1608 129.2726 143.2898 110.7515 136.6012 152.5818 136.9914 198.8559 179.0253 237.3976 321.0851 277.7908 345.564 438.9713 739.2706 721.5815 575.6345 668.0401 577.5092 490.0811 1459.7284 1520.0099 1733.9913 855.8743 350.74 349.0237 448.7866 489.7231 1193.5745 965.9901 457.5872 381.2864 410.8931 360.7305 378.8284
89.9229 103.4663 112.1653 115.6753 109.0445 111.2561 98.4446 114.6987 96.451 106.1959 109.0779 102.3242 100.4822 116.9735 132.1676 144.9397 581.6165 1449.9026 1435.2529 1585.3958 1455.6973 1082.0017 547.6632 493.7087 252.596 115.55 114.3541 122.8164 139.8481 132.901 146.2595 183.7454 249.3135 265.6862 278.0075 337.4543 299.3753 327.2556 398.0811 722.7686 696.9038 470.2156 459.2357 528.3016 1871.6888 1752.714 1016.2862 732.7788 398.4778 352.9505 347.4603 515.9021 1077.0175 1043.524 401.3819 388.1183 450.317 550.1525 398.6514
119.9959 116.7541 115.0105 107.6689 116.6748 101.8319 107.7884 109.2612 90.8251 115.3614 112.5303 116.2098 115.3473 154.8075 140.2551 169.8964 639.5848 1230.4926 1182.2122 1320.0592 1149.9097 300.2574 490.5647 201.0665 122.3467 105.505 121.6415 132.0091 128.7976 136.1551 167.8535 280.491 302.2825 237.6115 741.3644 354.2432 422.2273 448.5054 354.5344 472.7682 747.5806 533.7208 658.4484 749.744 1479.1801 1531.6962 1395.8773 1945.236 1172.8783 550.7646 398.787 367.1523 957.1053 1046.109 408.8238 524.6712 888.6617 662.6965 552.461
139.0558 121.0881 105.8912 106.7562 90.9962 93.5803 88.6562 111.8309 102.3078 117.2591 100.9754 125.4014 117.9561 108.3505 107.7109 105.7866 608.4329 1027.7295 1256.6534 1164.3395 958.299 167.9706 534.8649 385.068 166.2804 109.4662 122.7398 122.3151 121.7538 118.6302 141.9911 339.0131 862.0243 882.0175 644.4207 591.1095 531.8159 523.7831 329.8548 375.5515 583.2684 665.9693 805.9629 691.1411 1073.6641 1270.0588 1453.0762 1983.2103 1276.7336 1369.1168 389.9691 356.6301 420.9849 847.0968 390.8767 518.7551 798.2943 639.4512 754.0532
130.0374 121.0574 126.3473 111.425 89.2932 90.2583 96.2992 89.5458 102.628 115.921 109.8961 104.3908 108.8359 111.1626 126.0117 364.2755 1153.2338 1255.4667 783.7117 816.1955 199.9951 134.249 120.3835 152.1207 130.0968 105.0436 127.4174 114.698 149.1381 142.8833 174.1122 341.0161 1242.8119 1057.9503 1042.6576 1305.2156 1158.4054 922.0892 645.3026 583.7119 683.5234 572.5891 624.251 695.0686 1053.6034 1003.5038 1258.6471 1216.8778 800.5447 1204.2485 420.2952 364.0072 375.3221 434.076 699.491 743.0572 895.2225 647.8519 726.3499
129.7659 116.8232 97.8946 100.0774 112.6504 107.0223 97.2243 98.7585 113.6967 128.3643 129.074 138.5237 206.4603 136.9762 339.596 1035.9358 568.45 405.9949 292.9126 253.3483 207.963 108.1188 119.4315 125.4264 116.3381 106.0064 124.5698 156.1956 174.1379 161.238 175.5801 1165.8864 1184.1349 1133.0479 1122.3296 1330.4514 1278.1139 1047.2146 1077.1758 898.2444 916.4359 691.6493 793.0176 985.6164 977.8871 817.5114 1031.9143 1117.5409 1053.3727 475.281 405.9596 416.6012 392.7509 453.0706 734.9329 1232.9763 967.6782 721.2418 651.0844
107.2744 98.1985 111.5565 113.0735 104.6957 107.9738 106.8912 103.5682 102.0881 118.6787 119.6614 109.9336 115.647 283.6173 147.4128 156.662 190.3551 245.8907 186.2314 126.325 109.0582 111.4964 103.1508 114.8931 108.6389 127.2402 134.0522 133.9738 150.5191 198.4296 343.1177 573.2936 1480.1781 1108.1432 818.6139 1165.8809 1109.9437 1105.2511 1206.8221 1121.554 1226.7692 1235.1525 1298.6598 945.6466 935.0522 862.4501 817.0765 880.9276 771.9534 507.5157 531.4961 580.496 402.6859 407.4432 813.9612 1034.7196 1003.341 661.6022 668.1633
111.7071 121.3967 108.8089 103.2116 102.3645 111.0086 128.5713 121.1301 92.3953 109.8126 114.5262 107.2209 100.5045 111.2051 120.5479 161.5415 251.485 151.2218 121.2401 102.2644 97.246 112.951 99.4855 112.3826 105.0181 137.8191 127.373 153.999 150.8538 294.589 339.9184 374.4309 625.2003 824.7715 714.2782 935.6362 1209.1937 1219.9757 1258.9052 1247.8217 1403.9121 1487.3481 1247.4845 1399.4277 774.042 779.1176 886.9032 626.3845 676.0756 654.0592 622.8035 596.6989 609.2342 383.8347 712.7615 920.8098 971.9788 677.5891 668.3144
