Resources/Map/Lvl0_30x30/Ele_FH.asc
ncols         335
nrows         335
xllcorner     3405000
yllcorner     -10075000
cellsize      10000
nodata_value  -99999.0
[rows 162 to 188 of 335, columns 0 to 59 of 335]
3395.24 3391.5356 3391.4131 3391.5313 3387.866 3385.6128 3390.9316 3395.4143 3390.8125 3393.6743 3391.2053 3386.198 3385.8765 3391.2852 3390.875 3390.1531 3400.1335 3390.6519 3386.6719 3384.3059 3381.4402 3368.8506 3377.345 3380.4585 3387.0386 3379.6843 3356.8445 3376.4536 3392.595 3441.677 3970.7029 5244.7788 4590.1436 4144.0454 4216.4375 4107.3247 3352.4888 3371.656 3350.0686 3286.5471 3281.6462 3442.3149 5238.4204 4385.7573 3546.3313 3596.468 4007.2712 3267.9912 3309.1062 3388.4656 3381.1099 3366.3882 3359.7319 3341.8604 3355.6111 3343.365 3349.095 3399.2644 3405.3088 3396.6904
3436.2012 3428.7822 3414.823 3418.3489 3416.6443 3417.6274 3418.2871 3412.5088 3412.5066 3415.4443 3420.6353 3425.0303 3421.1816 3433.6252 3431.0308 3432.8286 7061.1162 4320.9673 5111.582 3535.7214 5585.9727 3677.135 889.8344 872.4598 3521.1948 4298.8672 3346.968 3171.4983 3602.5525 3846.2888 3599.1846 3530.6025 4265.2729 3327.3135 2954.0981 3236.0203 2829.2927 2626.2278 3051.9998 3206.2861 3653.2109 3268.4495 3153.9834 4080.6726 3169.7722 3020.4238 3410.5134 3162.4775 2965.5713 3432.019 3308.5208 3132.6733 2899.2649 3255.4082 3321.3245 3172.3469 3391.2834 3420.6877 3377.9695 3370.3333
3464.4441 3458.2847 3468.9675 3462.0376 956.6898 953.626 946.0839 936.6277 927.3675 919.9983 913.7654 909.2592 908.8868 913.6848 920.4855 927.1957 931.3532 932.3504 930.1401 925.5565 918.9669 910.171 899.6452 7052.5518 5850.1392 3528.437 3113.3667 3282.553 3794.4468 3420.1951 2857.7576 2042.5153 1891.2662 2424.1655 1786.2798 1526.9429 1859.1378 1927.0443 3031.4031 3475.0532 3587.5017 2636.0396 2118.3408 1829.9573 2285.9688 1960.5632 1852.8428 2078.356 2309.7822 2103.261 1947.0261 2254.4321 2442.1086 2202.8459 2430.376 2448.7871 3372.4497 3412.2322 3401.3538 3440.218
3441.7561 3279.9297 3364.7942 3351.3076 5229.8491 7469.5293 4840.1499 1033.0569 1038.5023 1040.0938 3288.2583 3329.9885 3023.0278 4244.0571 1008.8373 995.5751 982.1893 969.3841 957.6238 945.7495 933.7766 3716.6069 3014.061 3223.1648 3687.0554 3250.6394 3273.3416 3337.3638 2936.4646 3062.9109 2673.2869 2301.7122 2049.751 2411.3193 1997.4393 1467.9136 2540.6489 1785.6051 3190.9377 2706.6394 2869.7129 2435.2866 2228.7441 2082.0317 2236.7942 2128.9016 1980.5507 2342.5879 2025.3212 2128.1941 2174.667 2115.4341 2001.1544 2166.5469 2289.488 2339.5679 3177.1121 3392.4817 3481.7439 3478.8992
3425.6006 2879.4282 2421.0923 2794.1313 3017.3523 3154.3264 2857.4519 3056.5366 6125.0659 3683.3113 3032.9968 2938.6653 3038.4146 2851.5635 7151.0898 1019.8766 1003.5824 7426.0444 973.6422 2524.1619 3307.155 2989.9851 2785.9854 3089.9626 3046.9963 3012.6484 2683.3213 2262.8889 2479.7227 2438.9976 2421.5686 2469.918 2286.1875 2097.4387 2170.9236 2662.5469 2196.8064 2081.6082 2296.6904 2245.0186 2302.6311 2246.906 2380.2048 2175.7114 1935.7157 2091.3762 2617.9968 2504.9099 2229.1055 2189.8352 2137.7283 2142.8958 2104.6592 2184.9351 2469.2302 2562.7471 3393.1104 3505.3779 3261.0173 3262.9717
2821.4575 2160.7642 3105.0151 3378.4126 3272.3601 3199.3433 3249.0508 2926.1951 2851.6858 3112.5352 2999.7473 2930.1204 3162.1787 1001.2238 994.0244 5612.6514 2642.9211 2716.8066 2816.9629 2951.3503 2578.8215 2641.3762 2839.9065 2523.2612 2408.2078 2149.3943 2309.4314 2296.9094 2138.2268 1974.129 1965.1185 2194.9856 2169.9043 2277.8188 2285.8494 2258.7446 2189.5127 2050.0835 2261.1611 2018.969 1726.3086 1900.6252 2093.9287 2063.9399 2190.3733 2342.9143 2559.9705 2620.8484 2225.7161 2198.418 2206.3472 2230.3198 2283.6885 2310.666 2620.3696 3490.8037 3541.1248 3524.7717 3396.3701 2781.1028
3081.1013 3194.0884 3129.5261 3084.7361 3025.9353 3008.7234 2910.9634 2708.7219 2793.989 2883.5642 3087.5627 2929.6128 3168.3936 2959.6099 2724.7532 3257.9949 2779.3911 2727.6567 2743.0098 2867.6396 2773.6934 2596.429 2602.1321 2676.8591 2734.4236 2371.1243 2544.624 2763.4968 2433.9119 2118.7832 2162.0796 2228.8706 2401.4653 2178.4368 2128.3569 2222.7717 2155.1494 2118.0815 2455.5947 2088.2136 1940.0243 2001.5802 2116.6731 2288.3496 2041.7817 2008.8912 2169.7153 2129.1602 2184.8162 2060.4976 2321.2104 2436.2332 2255.2195 2284.9265 2651.5342 2506.9067 2530.9165 2622.8472 2588.2244 2341.3489
3061.1624 3038.459 2967.8901 2998.7617 2981.8274 2732.9204 2961.8301 3363.5972 3316.2434 3375.3792 3543.0947 3040.4072 3145.7488 3082.1367 3229.0361 3205.9785 2616.0591 2729.54 2622.4065 2525.7979 2350.8352 2316.4236 2608.2463 2502.6892 2333.5605 2602.9631 2637.6328 2631.8169 2397.6609 2222.0532 2381.3958 2358.7151 2442.9561 2314.6814 2315.0396 2371.791 2228.4004 2196.5129 2325.1765 2172.1919 1798.105 2114.2998 2222.3142 2184.9292 1660.3326 1464.5458 2059.8066 2180.7417 2188.5503 2202.7583 2232.3752 2427.6504 2377.751 2155.0779 2257.7056 2446.0891 2384.9717 2560.0842 2332.7339 2430.1365
2933.1504 2908.8123 2852.929 2711.2703 2802.4612 3032.8608 3198.4644 3263.8186 3155.3267 3048.7419 3065.8606 3054.7615 2941.5774 2882.6174 2774.8711 2646.9915 2602.6682 2554.1953 2588.2378 2482.6978 2254.9656 2260.9863 2456.0688 2011.4694 2088.8181 2339.1067 2429.2104 2171.7073 2337.8557 2163.7112 2261.5195 2189.2366 2257.0273 2266.8801 2173.5388 2153.6509 2257.5703 2333.5813 2119.9033 2219.5586 1947.2834 2235.3105 2095.167 2129.9722 2200.5618 2022.459 2140.2356 2321.3562 2462.28 2368.7039 2409.8101 2416.2297 2320.6489 2394.8313 2175.321 2249.4658 2245.8752 2270.9089 2392.5701 2404.4358
2856.095 2788.1636 2875.8184 2809.8918 2734.0671 2300.9624 2441.7827 2699.4255 2994.2949 3114.49 2787.1799 2114.2761 2898.0454 2625.7676 2455.6504 2459.1458 2556.6921 2524.2556 2537.5496 2414.0132 2564.3196 2497.6721 2542.5952 2452.8608 2348.5659 2335.0532 2360.2769 2301.988 2188.0239 2104.1282 2257.5635 1990.4561 2210.5737 2306.9819 2213.9958 2149.2153 2262.657 2286.4644 1976.4084 2046.0477 2057.7646 2158.885 1960.4092 2177.5193 2304.3721 2295.9626 2335.3455 2344.7744 2421.1523 2340.9404 2280.8494 2264.2039 2434.9097 2486.4019 2599.6855 2615.6096 2601.2671 2335.8958 2680.4751 2450.7458
2488.0867 2464.4358 2538.6294 2477.248 2505.5537 2593.0007 2886.4624 2513.7659 2653.7661 2582.7725 2365.6074 2489.4578 2466.4641 2352.8513 2325.6467 2333.2241 2621.8953 2499.8147 2410.3145 2543.5298 2523.6445 2564.3596 2574.7593 2276.5225 2326.9944 2541.6711 2683.3804 2545.4832 2059.0503 2079.7581 2154.7188 2275.0671 2202.5452 2189.2864 2213.8096 2484.9941 2303.6345 2339.719 2475.6636 2259.6497 2185.3479 2092.7258 2011.2649 2341.5088 2610.4722 2428.6807 2444.6726 2490.917 2588.3601 2508.0957 2578.1162 2634.009 2577.0603 2546.0562 2397.0247 2014.6735 2483.6521 2711.2927 2743.8474 3247.0039
2626.3853 2573.8962 2531.2097 2443.7622 2513.6467 2744.2178 2795.4573 2757.2808 2835.4866 2748.3142 2403.9224 2503.7717 2429.24 2356.2734 2399.7048 2314.5227 2339.0439 2521.7476 2628.7996 2945.1084 2562.2776 2716.51 2652.2583 2275.8572 2388.8342 2590.7686 2416.0652 2365.946 2367.3806 2323.2324 2881.6152 2519.5342 2330.1707 2506.5562 2356.3582 2406.3359 2419.7263 2265.0066 2338.9185 2346.2483 2555.6563 2568.458 2832.6648 2469.0017 2292.7844 2322.4033 2286.4468 2628.5273 2504.0054 2544.0117 2617.9385 2745.6575 2574.4285 2809.0803 2707.0298 2571.3447 2525.905 2659.3032 2706.7515 2848.8186
2903.2656 3425.4888 2931.4287 3075.5332 2936.8811 3119.7971 2829.6733 2712.2764 2681.5515 2887.8467 2787.8093 2367.031 2808.3005 2985.8987 2723.5029 2946.2192 3139.6482 2870.7214 2882.6414 2904.4314 2848.9453 2586.8149 3163.4766 2692.1047 2940.1572 2555.6123 2870.2307 2643.2087 2581.3367 2027.0542 2508.7837 2693.1907 2617.1787 3266.3857 3383.6116 2733.4612 2257.1084 2768.2483 2545.6985 2695.9504 2709.9727 2426.1653 2348.2639 2441.9287 2638.4878 3015.363 2882.8391 2661.2874 2841.4036 2688.3933 2932.9294 2647.3811 2247.7517 2419.6082 2680.4338 2840.1807 2573.6372 3340.5205 2603.8879 2907.9536
3099.3909 2696.9307 2881.0703 2822.8474 3023.0042 2838.9834 2590.8193 2628.7568 2678.2502 3656.5366 3088.3975 3145.7197 2940.3901 2782.217 3061.7158 2861.02 2962.511 2767.6353 2523.3916 2366.3047 3135.374 3453.1589 3205.6709 2782.261 2732.78 2588.7825 2698.0305 2739.9316 2313.7236 2311.0439 2500.1575 2928.0173 3787.0034 3198.0515 2855.1287 2787.7449 2481.1362 2917.5496 2689.7822 2486.45 2430.1704 2253.7031 3014.2981 3529.2991 3641.6741 3119.8699 2710.6199 2864.6697 2780.1116 2942.2007 2647.0564 2473.8486 2526.7964 2919.8713 3590.6492 2773.2205 2949.519 2666.3782 2715.5349 2694.582
2775.2993 3083.467 3062.5422 2766.9646 2728.6125 2766.5347 2744.9241 2432.7888 2360.9541 2766.645 2691.6565 2681.1057 2902.9976 3050.3389 2614.6492 2639.5913 2750.6758 2590.5828 2595.1326 2417.0078 2672.9521 2445.5654 2586.9424 3043.4409 2779.9641 2680.7502 2625.9189 2580.416 2727.0154 2917.4807 2481.5767 2542.5815 2823.8716 2752.9094 2809.2986 3008.9521 2610.7297 2940.2251 2686.1997 3031.0781 2404.7163 2475.8081 2504.2349 2807.8044 2743.1123 2853.2869 2821.8367 2763.7507 2978.4524 2909.0374 3057.9866 2874.739 2664.5024 2265.8267 2622.5623 2745.2698 2817.5769 2665.0823 2609.3464 2694.7344
3249.0405 2950.739 3274.3906 3350.771 2736.6318 2675.6511 2911.6589 2661.2217 2911.9512 2895.0979 2733.8137 2800.1038 2521.3926 3139.1162 3488.3164 2771.3206 2676.217 2599.3389 2195.51 2518.6069 2688.5562 2481.7673 2855.1846 2810.9165 2846.5598 2790.5415 2554.375 2445.4893 2390.6646 2455.8501 2761.2964 2661.7002 2665.8369 2718.0999 2977.031 3034.9875 2773.1235 2633.8176 2275.2813 2503.3528 2566.438 2603.1782 2796.2417 2932.3037 2875.5576 2811.644 2891.7666 2938.4631 2962.3403 2491.9092 2536.9368 2574.0066 2556.1487 2696.1487 2720.4248 2580.4622 2613.0886 2634.5625 2583.5657 2531.5737
3027.885 2952.7275 3238.2949 2949.0488 2895.3882 3184.6707 3220.4121 2663.1362 2822.8933 2911.3472 2502.9578 2700.9839 2766.335 2908.1719 3103.5242 2575.8657 3044.229 2755.1853 2450.3374 2824.1182 2976.8164 2625.6523 2673.7332 2632.2544 2669.8279 2522.1006 2569.1948 2587.5964 2672.3735 2646.6042 2535.3015 2733.8091 2541.9714 2771.7014 2738.0442 2680.8984 2656.6211 2672.7139 2609.844 2644.8584 2711.988 2558.043 2953.2102 2623.2881 2718.9182 2676.606 2545.8291 2537.7803 2682.2795 2620.9102 2674.1807 2583.3115 2286.4822 2461.624 2413.7771 2443.8506 2415.2627 2226.5063 2245.719 2209.9314
3026.7725 2934.9897 2859.8037 2895.2151 3697.3848 2946.1101 3089.1035 3014.3276 2930.6985 2947.2263 2991.9761 2729.4961 3041.2529 2666.7615 2827.3711 3392.1089 2943.01 2925.4885 2864.8684 3349.1951 2794.3093 2855.0273 2655.385 2863.7402 2465.8342 2486.1501 3271.3127 2908.1399 2727.5039 2623.4158 2997.6729 2510.4841 2918.1885 2508.53 2755.2224 2565.6599 2301.3665 2973.6929 3127.0007 2738.7878 2667.259 3067.7966 2727.9517 2855.1895 2611.3853 2868.8308 2420.0791 2344.2429 2808.6768 2822.1782 2629.635 2383.6819 2528.042 2487.0046 2438.177 2409.7068 2527.123 2093.196 2071.9119 2591.5933
2895.2285 2673.4551 2660.5676 2733.8237 3303.6052 3402.7388 2869.7598 5059.5112 1967.647 2343.7117 2618.2141 2639.4541 2341.106 2926.9709 2741.0715 2966.7969 3398.7556 2979.022 5187.9512 2242.3279 2563.6936 2991.5317 2872.1753 3046.1172 2714.6543 2760.9363 3089.0447 3316.9241 2724.8806 4930.5381 2901.2273 2397.2407 2594.2178 2604.8862 2732.6316 2678.9124 2692.9248 3022.8218 3553.5132 2711.5203 5393.6567 2579.2881 2625.532 2577.2153 2535.4097 2700.2937 2663.1399 2316.7646 2176.6377 3064.9954 2646.6108 3950.7419 2779.7119 2037.1145 2322.0298 2295.1272 2186.9128 2005.0454 2280.7842 2586.5859
3083.051 3050.2258 3923.1833 2947.4802 2957.2937 2967.8499 2869.4739 2692.4521 2665.0742 2641.5583 2811.4973 2820.4468 2745.7244 3516.5549 2812.9602 2473.1863 2767.3411 2794.9905 2832.0483 2964.0642 2989.2578 2977.8132 2732.6829 3081.1763 3329.8887 2947.3962 2765.1914 2831.1147 2724.1492 2800.5972 1846.0908 2308.1406 2755.8118 2352.4658 2533.7224 3586.2949 2977.8975 2982.1472 2752.4836 2752.604 2722.6414 2424.2695 2679.0493 2677.9294 2439.9966 2982.1812 3004.0789 2954.4233 2584.9893 2230.781 2479.1812 2465.3005 2239.2085 2349.4429 2351.5276 2117.1685 2122.8892 2552.0437 2631.8606 2146.1948
2882.4021 3000.6489 2948.595 2795.5522 2942.207 2936.2061 2751.0576 2643.6013 2718.7727 2836.769 2972.5344 2801.696 3019.5549 2615.8916 2368.1611 2444.8152 3019.7332 2890.5923 2386.4028 2642.123 2972.5269 2891.043 2815.2964 2853.9177 2765.3721 2520.3542 2422.5298 3197.3396 2871.3337 2848.1943 2821.3218 2969.7178 3025.6814 2685.8381 2715.9409 2988.2629 2322.2625 2359.2693 2987.1672 2896.0398 2739.9114 2699.3477 2914.4568 2876.2566 2699.5903 2476.0679 2628.9324 1933.6561 2168.1919 2443.0327 2604.2634 2399.1873 2281.3574 2518.4507 2665.3162 2499.0754 2289.2163 2450.2317 2186.6018 2263.3208
3067.2158 2900.3193 2872.1155 2911.9854 2981.731 2889.3613 2914.2148 2971.3262 2689.1714 2903.918 2958.9827 2735.3647 2794.9548 2985.6626 2671.7979 2703.7061 2686.9941 2669.6628 2561.2605 1261.7239 2531.949 2454.8887 2737.6301 2884.0344 2983.561 2910.5879 2930.2285 2814.269 2763.7185 2895.9351 2578.4429 2336.5361 2858.4185 2858.45 2523.4534 2788.5549 2677.9351 2794.3962 2693.5732 2543.6831 2573.696 2399.825 2520.2441 2739.8826 2482.2366 2251.1558 2433.8049 2294.3215 2325.7559 2411.1897 2311.5503 2116.9297 2138.1943 2199.355 2287.7109 2242.7502 2370.9451 2066.5955 2319.9709 2142.7014
3128.0413 2937.2722 2734.7715 2781.0842 2858.6453 2957.4373 3015.6328 2986.2615 3162.9761 3240.7385 3046.2029 3077.9573 2812.7905 2418.9011 2593.7017 2765.929 3008.394 3149.7891 2777.8948 2918.3545 2987.4509 2794.6997 2950.8992 2836.4189 2589.1321 2767.7332 2852.3384 3034.2996 3183.0286 2732.3218 3033.6843 3197.7498 3038.5769 3054.9668 2984.5139 2683.7024 2773.6965 2713.6765 2883.2847 2989.1318 2506.9763 3003.2825 2724.324 2688.6912 2934.8647 2461.4751 2165.5569 1797.3851 2137.6099 2373.2966 2327.7905 2335.3342 2399.0984 2520.2439 2436.8491 2380.0254 2491.4636 2147.3101 2380.7556 2257.7666
2930.6636 2929.9915 3516.5024 2765.583 2908.5491 3152.9209 2674.2546 2206.8396 2814.0002 2823.4949 3092.0085 2933.9077 2570.8367 2981.958 2527.8704 2848.4856 3074.2869 2598.6008 2224.3799 2893.5952 2788.834 2848.9136 2776.3223 2789.8706 2799.2673 2732.2251 2967.3206 2894.9153 2836.1992 2814.1907 2811.1042 2725.3303 2783.0886 2821.436 2831.9111 2841.467 2812.7649 2771.8638 2975.4775 2690.6216 2653.5654 2537.3118 2454.1416 2369.5039 2385.5598 2424.3359 2460.783 2552.8459 2473.5381 2431.5056 2386.7285 2201.957 2157.8398 2090.3323 2044.3929 2152.8215 2230.0774 2322.2161 2432.0203 2406.4351
2727.9883 2874.5557 2827.2837 2972.7039 2976.571 2809.8992 2806.8511 3106.9766 3046.8118 2994.2915 2742.5662 2796.551 2724.4761 2880.9263 3053.4053 2861.0967 2916.4814 2767.2385 2726.1108 2920.9771 2966.0681 2815.5879 2603.6375 2888.1128 3013.6118 2952.511 2934.5125 2478.9531 2553.0425 2720.7605 2649.8301 2844.1411 2883.5615 2805.762 2790.6648 2744.9946 2676.6001 2881.5774 2531.2087 2661.0364 2542.9077 2409.2556 2413.3608 2515.9299 2486.1887 2447.3091 2500.5664 2641.8647 2594.01 2312.4006 2209.3083 2383.7571 2287.1633 2132.8687 2389.0657 2330.7322 2302.7317 2381.9893 2343.2542 2441.5181
2895.3452 2587.2439 2258.0625 2394.4846 2805.7043 2772.3118 2707.0181 2966.2764 3095.248 3009.2598 3020.2048 2858.3464 2865.72 2769.0723 2582.3303 2482.7869 2682.386 2092.9294 2745.1257 3050.1841 3048.3687 3067.1807 3208.7664 2989.9719 2408.6841 2434.8765 2594.3628 2671.7366 2580.4333 2781.219 2839.0413 2715.5325 2701.1826 2799.071 2657.447 2502.7004 2895.8677 2615.2014 2465.1821 2442.9753 2650.5618 2563.2373 2475.8589 2338.6167 2449.9919 2250.249 2603.1177 2800.4839 2480.5549 2365.5332 2389.906 2416.3394 2295.8137 2312.7764 2273.3774 2412.0833 2239.7734 2311.2639 2139.5117 2489.4573
3216.2056 3327.873 3174.7029 3266.2805 3223.4526 3214.3745 3116.7146 3078.4194 2949.3674 3042.657 2792.6345 3218.2212 3033.5662 3183.8965 2890.4531 3016.717 2899.0835 2838.9324 3127.2527 2756.1213 3005.1829 2739.2312 2791.8721 2729.009 3035.728 2839.9883 2874.6638 2695.4658 2519.0588 2645.5042 2612.9336 2579.8567 2666.5369 2665.4644 2894.1663 2782.7698 2667.6445 2698.0837 2277.3877 2268.572 2541.9622 2645.97 2592.7578 2495.2251 2445.6882 2689.7668 2715.0828 2657.856 2464.9421 2248.5867 2298.6384 2309.3721 2521.5513 2616.7227 2454.5649 2495.6812 2510.6836 2607.2297 2908.8318 2520.1531
