Resources/Map/Lvl0_30x30/Ele_DE.asc
ncols         335
nrows         335
xllcorner     -6645000
yllcorner     -3375000
cellsize      10000
nodata_value  -99999.0
[rows 243 to 269 of 335, columns 0 to 60 of 335]
128.431 124.5417 119.575 116.0162 112.8635 114.3598 113.3906 107.3311 111.459 106.6214 105.3629 103.5701 100.3701 97.2313 97.3906 97.9384 94.5701 89.1434 88.8962 86.2302 92.2811 95.6606 96.0485 113.3626 146.2672 122.2478 142.7405 194.0886 196.2338 196.5673 232.1796 275.6313 188.0772 240.9382 218.1685 204.2419 216.731 278.9778 316.1663 401.6893 413.2612 545.3652 661.2603 577.4918 566.9644 489.2952 464.0377 503.1916 475.5787 423.116 442.3493 435.6843 403.3767 370.219 375.373 378.0871 327.1962 335.5034 327.2664 314.147 297.0759
122.4845 119.5074 122.7129 117.8215 115.0368 114.078 114.0468 107.9234 108.5091 110.1497 109.6266 109.2416 105.4878 104.1429 97.7755 94.3044 91.122 88.8791 83.7135 85.2248 90.3161 91.8793 98.2848 130.2962 106.688 119.7096 120.3073 133.6452 165.0863 165.3332 219.9383 233.646 183.4264 195.0417 186.1186 205.5179 237.7247 262.0455 305.6722 349.3886 426.4924 642.153 649.134 606.7028 534.6311 544.7906 488.5783 428.5401 410.7469 417.7614 402.8367 394.4409 429.2894 420.4579 411.8043 384.9273 366.2767 349.9145 347.4339 316.7543 299.0096
122.7278 118.4799 118.7268 112.4025 115.1073 115.2026 112.725 108.812 107.074 103.8727 104.5327 100.6302 103.8537 103.5666 98.8363 100.042 95.1024 90.6797 88.4831 80.2771 92.0733 90.5904 105.9858 168.6761 212.362 125.6762 130.5439 133.5385 153.4687 164.3414 170.5388 160.7482 195.5108 203.9322 195.4837 227.9102 245.2381 323.5573 298.0768 299.8525 321.0635 470.1374 678.1943 610.9275 630.0031 573.1428 519.6963 463.7941 452.3848 387.8488 404.4342 367.1388 400.9296 403.4211 386.0206 406.2197 375.011 351.6552 323.4879 305.1008 333.9222
118.1377 117.9848 119.3296 113.983 109.2126 112.797 111.1094 110.8907 103.6729 107.0171 100.8883 97.9653 96.7282 101.6248 97.8534 96.0264 93.9545 94.1653 92.321 89.545 74.6579 87.1985 104.9226 168.6676 215.7197 194.0553 159.3757 154.582 198.9959 165.9688 206.9118 196.9286 199.9924 210.3205 221.7266 241.8188 238.1145 304.6246 362.0197 407.1845 416.0396 550.834 607.0309 676.0965 663.3911 606.7781 546.0586 481.6652 491.4659 471.2427 424.4619 359.6765 348.6039 352.8967 373.3733 380.8215 338.4143 318.4958 325.3765 352.7649 403.5057
118.2859 120.4279 115.9435 114.4498 110.9035 110.8235 114.5253 111.8222 104.9083 109.8397 96.4006 97.8861 99.5243 101.0959 96.6588 96.8361 94.8371 91.5279 92.8927 83.6796 76.7334 84.2227 95.4267 132.8089 184.9491 255.9663 189.5488 182.9619 194.8249 217.745 227.4142 200.8538 182.0112 184.6208 196.0406 219.162 253.1928 354.8661 352.7175 398.6823 484.3874 475.9034 568.5602 629.4454 642.5366 582.9402 505.6702 530.2267 480.8596 454.2176 395.6499 393.2842 373.4957 387.8055 359.3304 339.0124 350.4012 377.3846 408.4533 415.2816 423.5493
115.9456 117.526 114.4295 110.7363 112.0164 110.7781 114.5929 110.57 109.3175 111.4931 104.2049 103.4369 104.4084 100.8672 95.796 96.5884 93.0075 90.5841 91.73 83.0253 70.3712 122.9805 107.5447 157.8607 248.1933 271.2203 264.5096 240.8271 276.8791 239.53 192.6611 190.6786 171.6518 172.4011 189.5484 204.5251 272.3135 363.398 287.2206 369.6046 316.9974 402.0916 434.7472 562.0119 636.0002 587.7252 587.7034 575.4713 510.934 476.5369 484.9124 460.0382 476.1013 438.8212 450.258 405.1399 408.9627 433.1327 433.721 409.4277 381.4164
116.0013 115.377 112.2694 110.523 114.3283 113.9464 112.9871 109.2315 109.5778 107.1513 101.4971 100.5523 102.7263 98.8199 99.8179 99.5302 93.0269 92.6594 89.9993 79.2413 71.8573 80.7597 115.9513 146.9451 194.0968 215.4643 261.8328 283.4306 214.4052 193.7349 173.4972 183.5595 174.9783 161.3087 176.7355 206.1024 258.0436 246.3818 263.0564 258.0759 262.0669 459.8283 517.4886 462.0777 512.3589 612.9319 578.9377 501.6162 520.1238 544.9037 495.2425 467.1624 439.4981 453.9991 465.2819 454.9988 442.1692 430.6948 446.0605 425.5295 389.4381
121.3306 116.9816 116.8967 111.7488 114.1115 113.0698 115.1895 109.8367 111.5159 109.9318 101.7447 99.3942 100.9637 99.1905 95.5363 94.282 91.9152 88.2762 87.6857 71.3115 84.7307 95.9174 106.1992 125.748 193.0692 176.7637 220.1936 181.5896 175.6311 157.009 173.7184 142.7274 186.6482 167.8166 163.2163 184.9458 196.9411 216.5015 430.0423 420.8861 400.8873 332.6329 400.5225 367.859 374.725 599.2205 575.7016 515.6398 442.6221 515.7668 470.5693 439.9633 367.876 411.4132 397.7726 422.6795 406.8785 407.6288 398.5436 403.5804 393.0983
121.9917 117.9833 114.1668 112.138 118.63 113.5919 115.0041 107.503 109.9934 108.9715 101.5168 101.1401 98.5035 99.6584 95.6656 93.7481 90.3289 92.2851 81.7125 77.789 69.1804 90.2546 95.0581 93.0304 114.3661 140.6906 139.3837 139.0807 148.487 176.4855 121.8531 137.3944 157.2542 147.4265 175.5514 163.8389 210.9392 215.1978 539.372 442.3604 324.3077 293.8842 344.0508 341.4691 364.5089 573.7903 513.6042 479.3187 486.956 390.1614 418.6974 407.1707 377.0185 322.6117 380.2202 382.2662 340.9758 351.445 401.8065 354.0852 379.3958
117.7894 115.0934 113.1251 112.3767 117.6476 116.373 114.54 108.9756 109.0396 102.0387 101.1047 102.6965 97.5981 98.488 97.0921 94.2984 92.8714 89.5353 87.2513 87.067 78.8058 75.3904 78.5171 107.7577 107.4464 152.9538 97.6814 107.8869 123.1942 144.4556 116.4332 144.1248 162.9919 136.5167 152.2706 207.9608 285.9977 344.7012 402.8452 276.3623 262.5835 357.795 296.4275 298.6433 352.2795 560.4912 516.3388 452.9923 382.4111 396.7273 376.0294 361.0262 358.3805 343.3932 314.5587 302.3421 318.9753 351.1454 336.9005 393.1058 377.0146
121.295 115.5978 114.2359 115.391 115.6763 116.6355 109.7547 108.2383 106.9008 104.4803 100.6029 102.0937 96.9941 96.6986 95.6837 92.9153 96.1994 90.9873 89.0093 84.8656 80.0811 69.3702 88.0106 82.759 103.5798 83.0642 94.7861 120.5362 130.4889 134.1397 128.6087 126.5175 139.9466 139.7096 192.218 248.1881 283.9981 325.3828 359.8188 267.3577 285.6535 257.3219 314.6895 329.2861 318.1954 525.8513 463.9472 441.3965 429.7143 421.6226 379.4734 393.1702 407.8924 388.7852 408.076 354.6873 350.9065 290.6427 320.2463 348.3188 359.0498
120.0012 115.3425 113.6508 118.299 115.4819 111.1071 106.863 108.3691 110.2101 104.7665 96.1693 97.8368 98.3479 95.0062 92.9777 91.985 95.3676 92.2618 86.1566 83.9669 75.2678 71.1028 71.4232 74.3833 80.2888 93.6526 92.642 92.6543 99.0166 106.8816 109.7324 118.6362 138.7112 182.507 253.0664 277.5776 299.8326 267.7788 256.308 215.3851 505.5573 393.8918 305.2597 299.5785 370.2652 511.5588 505.0844 481.8213 426.4296 481.7593 431.9629 430.7567 404.4722 423.4274 354.3985 392.2317 362.4429 314.9866 296.3016 287.385 296.5599
118.0041 114.134 112.6074 118.301 114.8816 112.942 111.8491 117.1217 108.5766 105.7171 104.8325 103.8105 100.5626 99.4347 98.1326 96.7967 96.1834 94.0783 87.6522 86.0781 83.737 80.9496 72.9116 79.1267 110.4955 122.0156 152.9586 104.7842 100.9767 105.6457 122.8086 156.8197 210.0967 281.7715 224.534 282.9776 283.5547 259.5519 216.3371 230.3714 296.5112 308.6808 236.2119 261.2831 332.4365 479.7742 501.2243 521.6931 508.8656 478.7112 465.9146 425.2775 444.7195 404.7097 400.5101 365.7335 372.3796 377.2497 340.968 332.5618 300.7893
120.8236 115 114.2403 117.0509 113.9647 115.4778 109.9009 101.1477 111.1922 104.5288 106.7302 103.8488 99.9721 100.063 100.8991 98.8577 100.3477 90.9654 89.4113 85.7013 85.9859 84.9412 81.0496 78.0283 73.9396 94.4545 140.7108 171.1556 137.1164 160.4558 160.7218 250.8081 261.5671 271.9315 205.1693 212.4261 274.1516 195.4801 214.8636 245.9966 220.2733 225.9096 339.3743 320.4995 362.3324 516.4401 510.4388 415.6718 452.4012 442.4522 429.4584 383.6853 396.296 403.9985 383.7758 376.5598 421.3544 400.5925 342.1077 354.4027 377.0613
121.3123 117.9645 119.3423 117.8352 115.4616 116.0664 117.6898 118.7843 116.1438 110.9248 105.0622 99.2991 95.9994 99.2897 96.4187 93.573 96.4084 88.6216 84.0425 78.3218 81.5926 81.8691 80.4538 70.4944 74.7256 106.5777 138.8443 151.3163 165.3002 144.8613 206.021 209.5877 196.6249 184.8936 197.9173 216.1342 221.5143 176.4212 245.886 248.2404 281.3451 279.9587 250.8598 279.1866 429.5109 513.2769 500.8295 372.5008 427.8787 405.0351 342.4157 392.0815 338.1484 374.2202 404.3696 381.1397 339.4481 362.9193 382.3577 331.7617 327.8541
118.542 116.8392 120.0291 118.507 113.3115 113.2409 117.6115 117.5944 116.406 107.8064 106.8363 99.3304 100.4461 96.2361 97.4253 93.9013 93.369 87.1205 85.5755 84.5748 80.3141 77.5768 77.0786 73.0814 74.6212 81.4442 111.4885 103.2275 104.8778 105.6313 114.1365 141.3481 149.2673 159.4566 180.3228 173.0325 205.2092 257.7523 351.026 327.8191 319.4417 290.6341 230.8753 375.3311 457.5279 414.2775 423.8476 348.596 402.5417 396.7621 383.2362 366.6393 393.7889 316.437 351.1995 384.5331 394.7535 348.6533 338.8109 340.7627 362.7188
114.239 114.0945 118.5553 119.3873 115.5281 111.8605 114.4944 115.1755 111.8761 109.8242 104.3788 101.7334 103.5823 103.8355 101.495 98.1929 95.3723 90.6586 88.7188 86.6347 80.311 82.2035 77.4558 76.013 69.2057 81.8857 85.1013 95.4862 132.4734 142.9644 177.1531 187.9945 241.6723 220.6172 212.7071 249.3468 288.8485 270.2208 333.9061 306.5104 318.2137 223.4498 209.8826 277.0814 408.0471 426.9878 392.9411 331.9303 407.3554 388.0921 367.4495 391.2042 329.3909 327.5084 305.4178 331.5891 364.6241 402.6086 373.7456 330.5991 343.549
115.0028 112.0502 116.3475 114.7572 114.0041 112.2082 113.2666 114.6071 111.2948 110.3714 103.1786 100.3613 102.4992 100.8275 94.5132 95.9333 91.6414 88.5871 87.9576 82.431 76.8253 78.1512 75.9953 78.862 75.8957 81.0027 81.0428 87.8857 109.3897 173.7831 188.1568 206.7798 238.5149 172.0939 154.7446 174.2359 245.9616 268.1727 220.6247 239.5211 287.92 178.7156 255.9773 218.0224 305.1067 408.5751 421.1989 356.5919 398.5626 357.4601 368.6604 391.5993 406.0174 379.3425 376.3557 286.351 345.663 345.6419 353.9612 358.1924 356.2025
113.0021 112.3228 112.3421 113.7374 113.2358 106.8518 112.8188 118.5764 109.8795 107.3622 104.3519 100.6811 99.7987 95.6647 93.8224 94.2809 90.1932 88.176 86.9874 79.9751 78.2022 76.7743 73.8069 71.2103 77.6294 72.9408 68.2417 78.958 106.4341 137.8372 162.4794 171.2364 200.1944 161.6153 144.3987 182.501 209.2412 213.7582 182.9149 238.6505 262.7236 177.4664 238.1176 209.6882 261.7574 217.1814 384.4471 390.6063 379.6025 401.0771 369.3633 354.1442 347.6136 347.7012 353.947 306.2579 307.6943 310.5327 316.4265 342.3582 315.379
110.644 111.315 112.0405 112.0434 110.4321 106.6287 115.3789 114 108.856 104.3043 103.8491 104.174 103.066 99.3579 99.3808 95.7102 93.0961 89.2378 90.2339 83.9233 81.5322 79.5161 75.8259 69.3993 70.4076 70.1116 70.6011 71.0789 90.6217 102.2068 134.8368 186.6934 136.0159 153.4303 160.0717 180.073 150.1121 192.3672 199.9283 206.327 169.5452 174.9127 186.3813 205.0361 210.0383 230.4877 348.3051 421.2379 369.3518 363.9643 348.0327 333.6777 343.7939 320.0237 295.1616 349.1588 369.6948 295.1221 281.6997 279.9732 327.418
110.6873 110.9741 109.6812 110.1883 107.4172 109.0396 112.991 112.1268 107.0385 104.1694 101.1321 100.8435 97.886 95.8584 99.5167 94.7048 90.6187 91.3272 87.6 83.1477 79.8538 78.1642 75.8742 70.8352 70.9563 73.3934 68.0711 72.7994 80.6905 127.8027 136.573 133.2758 128.7889 124.4029 122.2436 131.5176 128.4062 137.0722 153.2096 178.7725 193.9982 199.1101 182.3054 200.8288 194.6538 192.4464 259.2618 409.0176 372.6446 371.6133 330.8707 357.2178 329.0578 359.2684 350.1441 358.2986 329.5588 316.767 331.5065 287.1863 259.6906
110.9223 110.9204 108.9023 111.3785 109.3067 115.571 119.7483 123.4503 112.2839 105.9177 100.876 99.5375 98.3168 95.2237 98.4074 93.9789 87.9803 85.8761 82.7389 80.4471 76.5429 77.3203 71.5697 68.7736 72.7272 70.0085 67.0886 67.3516 70.8121 99.488 90.6263 86.5845 89.8268 100.6397 101.955 153.8971 226.561 172.4854 181.4706 226.8928 183.3399 155.6638 148.6315 202.167 186.8554 187.0177 210.9594 284.6496 449.665 401.713 426.7732 415.2249 341.8771 314.7413 322.2253 296.3672 309.9396 258.401 294.8803 288.2968 260.1918
113.4677 112.3603 109.0209 107.5049 109.5497 117.5837 120.8917 113.708 114.2891 105.211 105.8408 103.2673 100.4603 98.1737 101.5673 92.5083 88.8379 88.6356 89.2712 81.7001 78.2375 74.7388 73.9961 70.3924 77.9663 72.0185 67.9684 63.3626 77.7017 94.3793 75.556 84.7458 89.6351 92.6572 123.2982 107.8281 163.944 173.0603 186.9081 181.7823 148.3463 153.064 136.1532 188.2285 205.3828 236.6292 191.7382 259.6386 269.8235 374.1216 396.5962 360.8906 416.623 402.3144 359.4289 352.7136 333.215 302.0318 283.7828 232.4295 227.6634
113.0013 114.379 115.268 113.9897 117.8367 127.3597 123.35 110.4265 109.5298 101.3024 100.6584 102.7786 103.1095 102.4225 98.9797 93.4304 87.1156 87.3537 83.5406 82.5637 80.7346 76.212 72.1342 76.6262 72.2155 70.0124 67.5532 64.9898 69.0522 73.6652 76.8183 90.2659 124.1551 165.8948 180.7422 167.2763 143.5884 121.7375 131.341 156.1932 195.0533 200.6772 204.0991 172.8914 160.2117 168.1092 183.2805 197.6423 224.7555 251.3473 324.1591 317.2492 347.0586 333.1471 326.7462 325.1487 343.5947 300.3843 273.9073 249.4356 273.3141
114.1009 114.1089 115.6205 115.3577 120.8722 129.8674 127.1322 113.0374 108.54 100.9793 99.1172 99.7559 97.3088 96.7949 92.3502 85.9955 84.91 83.731 81.9152 81.4936 77.5662 76.6603 70.5657 70.0254 70.2577 68.2905 67.4621 62.6876 71.622 77.7974 103.6631 94.1938 125.641 154.5975 195.698 200.4956 152.87 188.2111 178.7342 166.8117 209.0582 255.0658 232.1941 228.5424 160.8378 188.0545 216.2614 216.5593 231.3544 267.9555 249.0348 261.0051 377.1368 359.3871 330.7942 313.4277 294.6387 302.6835 297.5608 259.279 274.6976
113.3822 113.7065 114.0939 110.2828 111.8894 119.4512 114.3212 109.7717 109.62 103.0707 102.2139 102.3697 95.2238 98.3684 92.3588 88.4945 85.2615 83.0545 79.8684 79.121 71.8075 77.0739 75.6216 73.4212 70.7603 67.3719 65.0252 60.9088 66.3331 67.4577 75.0164 103.3555 153.4708 185.6752 125.1677 214.1434 162.4703 229.5667 223.39 158.2678 233.2297 202.5409 246.634 288.5742 245.3195 209.0174 219.4546 181.5399 203.4912 204.1946 242.9546 323.3208 364.9734 325.6195 344.6327 320.6624 358.3695 348.9164 250.772 317.9507 259.091
111.6573 112.3961 114.276 112.0635 114.6956 121.2563 110.9936 110.4287 105.5705 102.2578 105.453 97.8768 100.4792 99.4954 95.5213 92.4994 89.4426 86.3187 78.8025 75.6075 75.3895 71.8571 74.0816 77.7091 70.482 67.2643 60.8846 63.5377 66.6642 84.037 96.1889 111.6432 106.4482 158.2458 202.399 211.3916 200.5501 177.8689 221.2187 212.0361 143.4318 264.2611 195.2054 238.6916 174.9225 227.2947 194.3277 247.4356 204.4355 237.1934 269.5103 294.5637 375.8843 346.5872 362.0912 424.2972 370.1089 331.7056 307.2079 254.3632 259.1419
