Resources/Map/Lvl0_30x30/Ele_AG.asc
ncols         335
nrows         335
xllcorner     55000
yllcorner     6675000
cellsize      10000
nodata_value  -99999.0
[rows 0 to 25 of 335, columns 236 to 294 of 335]
-99999.0 -99999.0 -99999.0 -99999.0 -99999.0 -99999.0 -99999.0 -99999.0 -99999.0 -99999.0 -99999.0 -99999.0 -99999.0 -99999.0 -99999.0 -99999.0 -99999.0 -99999.0 -99999.0 -99999.0 -99999.0 -99999.0 -99999.0 -99999.0 -99999.0 -99999.0 -99999.0 -99999.0 -99999.0 -99999.0 -99999.0 -99999.0 -99999.0 -99999.0 -99999.0 -99999.0 -99999.0 -99999.0 -99999.0 -99999.0 -99999.0 -99999.0 -99999.0 -99999.0 -99999.0 -99999.0 -99999.0 -99999.0 -99999.0 -99999.0 -99999.0 -99999.0 -99999.0 -99999.0 -99999.0 -99999.0 -99999.0 -99999.0 -99999.0
-99999.0 -99999.0 -99999.0 -99999.0 -99999.0 -99999.0 -99999.0 -99999.0 -99999.0 -99999.0 -99999.0 -99999.0 -99999.0 -99999.0 -99999.0 -99999.0 -99999.0 -99999.0 -99999.0 -99999.0 -99999.0 -99999.0 -99999.0 -99999.0 -99999.0 -99999.0 -99999.0 -99999.0 -99999.0 -99999.0 -99999.0 -99999.0 -99999.0 -99999.0 -99999.0 -99999.0 -99999.0 -99999.0 -99999.0 -99999.0 -99999.0 -99999.0 -99999.0 -99999.0 -99999.0 -99999.0 -99999.0 -99999.0 -99999.0 -99999.0 -99999.0 -99999.0 -99999.0 -99999.0 -99999.0 -99999.0 -99999.0 -99999.0 -99999.0
-99999.0 -99999.0 -99999.0 -99999.0 -99999.0 -99999.0 -99999.0 -99999.0 -99999.0 -99999.0 -99999.0 -99999.0 -99999.0 -99999.0 -99999.0 -99999.0 -99999.0 -99999.0 -99999.0 -99999.0 -99999.0 -99999.0 -99999.0 -99999.0 -99999.0 -99999.0 -99999.0 -99999.0 -99999.0 -99999.0 -99999.0 -99999.0 -99999.0 -99999.0 -99999.0 -99999.0 -99999.0 -99999.0 -99999.0 -99999.0 -99999.0 -99999.0 -99999.0 -99999.0 -99999.0 -99999.0 -99999.0 -99999.0 -99999.0 -99999.0 -99999.0 -99999.0 -99999.0 -99999.0 -99999.0 -99999.0 -99999.0 -99999.0 -99999.0
-99999.0 -99999.0 -99999.0 -99999.0 -99999.0 -99999.0 -99999.0 -99999.0 -99999.0 -99999.0 -99999.0 -99999.0 -99999.0 -99999.0 -99999.0 -99999.0 -99999.0 -99999.0 -99999.0 -99999.0 -99999.0 -99999.0 -99999.0 -99999.0 -99999.0 -99999.0 -99999.0 -99999.0 -99999.0 -99999.0 -99999.0 -99999.0 -99999.0 -99999.0 -99999.0 -99999.0 -99999.0 -99999.0 -99999.0 -99999.0 -99999.0 -99999.0 -99999.0 -99999.0 -99999.0 -99999.0 -99999.0 -99999.0 -99999.0 -99999.0 -99999.0 -99999.0 -99999.0 -99999.0 -99999.0 -99999.0 -99999.0 -99999.0 -99999.0
-4178.1128 -4178.1128 -4178.1128 -4178.1128 -4178.1128 -4178.5317 -4178.5571 -4178.5571 -4178.5571 -4178.5708 -4179.0015 -4179.0015 -4179.0444 -4179.3931 -4178.9229 -4178.5181 -4178.8901 -4178.8901 -4178.7627 -4178.3345 -4178.3345 -4178.4653 -4178.6021 -4178.2227 -4178.3833 -4178.667 -4178.667 -4178.667 -4178.6172 -4178.5557 -4178.5557 -4178.269 -4178.2388 -4178.1333 -4177.8887 -4177.8213 -4177.7773 -4177.7773 -4177.7773 -4177.3926 -4177.1416 -4177.1099 -4177.4468 -4177.1206 -4176.9985 -4176.9985 -4176.9985 -4176.5161 -4176.4429 -4176.4429 -4176.8579 -4176.3555 -4176.3315 -4176.3315 -4176.7759 -4176.7759 -4176.7759 -4176.7759 -4176.8247
-4173.7559 -4174.2495 -4174.3335 -4174.853 -4174.9116 -4175.4561 -4176.0469 -4176.6372 -4177.2227 -4177.2402 -4177.8311 -4178.3779 -4178.4341 -4179.0244 -4179.5557 -4179.7832 -4180.3735 -4180.9644 -4181.458 -4181.5776 -4181.7358 -4182.3262 -4182.7827 -4183.085 -4183.6753 -4184.2661 -4184.8564 -4185.4468 -4185.5879 -4185.6279 -4186.2183 -4186.5908 -4186.6665 -4186.7534 -4187.1582 -4187.4937 -4187.917 -4188.1328 -4188.52 -4188.4185 -4188.3994 -4188.4438 -4188.8818 -4189.1431 -4189.1772 -4189.1772 -4189.666 -4189.3882 -4189.8472 -4189.9106 -4189.9106 -4190.0591 -4190.6313 -4190.6436 -4190.6567 -4191.2471 -4191.7993 -4191.7993 -4191.7993
-4184.9937 -4185.8486 -4186.5195 -4186.9531 -4187.5459 -4188.5366 -4189.5586 -4189.9883 -4190.999 -4191.606 -4192.0469 -4193.0386 -4193.6323 -4194.1128 -4195.0503 -4195.5571 -4196.5791 -4197.4771 -4198.0234 -4198.9448 -4199.5034 -4200.0894 -4201.1118 -4201.9302 -4202.5557 -4203.5781 -4204.3564 -4204.7656 -4205.2646 -4206.0664 -4206.792 -4207.5107 -4207.9946 -4208.5547 -4209.2275 -4209.6367 -4210.4214 -4210.7954 -4211.4653 -4211.7954 -4212.0811 -4212.6367 -4213.0986 -4213.5078 -4214.0767 -4214.1953 -4214.5342 -4215.1162 -4215.5518 -4215.5957 -4216.1563 -4216.5781 -4216.9873 -4217.5957 -4217.6045 -4218.0137 -4218.436 -4218.9956 -4218.9956
-4209.4365 -4210.291 -4210.7681 -4210.8149 -4211.7354 -4212.1714 -4212.5576 -4213.1846 -4213.5801 -4214.5713 -4214.5913 -4215.0244 -4215.9492 -4216.0684 -4216.9492 -4217.0107 -4217.5127 -4218.3276 -4218.4141 -4218.957 -4219.7056 -4219.8174 -4220.2036 -4220.6729 -4221.2207 -4221.6069 -4222.0923 -4222.4619 -4222.6318 -4223.312 -4223.8403 -4224.356 -4224.8403 -4225.0518 -4225.2183 -4225.5938 -4226.0767 -4226.2183 -4226.8882 -4227.2183 -4227.2183 -4227.4966 -4228.0679 -4228.2183 -4229.0205 -4229.2183 -4229.2183 -4230.0864 -4230.2183 -4230.2183 -4231.1528 -4231.2183 -4231.2183 -4231.5967 -4232.2183 -4232.2183 -4232.2437 -4232.6514 -4233.2183
-4228.5894 -4228.894 -4228.9458 -4228.9458 -4229.8667 -4229.9458 -4229.9458 -4230.2974 -4230.9487 -4231.3018 -4231.3018 -4231.377 -4232.3018 -4232.3442 -4232.6577 -4232.7632 -4233.3677 -4233.6577 -4233.6577 -4233.7476 -4234.1899 -4234.6577 -4234.6577 -4234.7788 -4235.0142 -4235.0142 -4235.1587 -4235.6455 -4236.0142 -4236.1821 -4236.3701 -4236.5537 -4236.7266 -4236.7266 -4236.7266 -4237.3301 -4237.7266 -4237.7266 -4237.9648 -4238.5283 -4238.7266 -4238.7266 -4238.9966 -4239.585 -4240.0122 -4240.0825 -4240.0825 -4240.9507 -4241.0825 -4241.0825 -4241.415 -4241.4385 -4242.0688 -4242.0825 -4242.4385 -4242.4673 -4243.0825 -4243.1143 -4243.4385
-4242.9907 -4242.9907 -4242.9907 -4242.9907 -4243.2983 -4243.3247 -4243.3247 -4243.3247 -4243.6592 -4243.6797 -4244.3247 -4244.3501 -4244.6592 -4244.6592 -4244.6592 -4244.7134 -4244.9932 -4244.9932 -4244.9932 -4244.9932 -4245.0845 -4245.3271 -4245.3271 -4245.3271 -4245.3271 -4245.3271 -4245.3271 -4245.4702 -4245.9609 -4246.3271 -4246.3271 -4246.3271 -4246.3271 -4246.3271 -4246.3271 -4246.9312 -4247.3271 -4247.3271 -4247.3271 -4247.5586 -4247.6611 -4248.1514 -4248.3271 -4248.5879 -4248.6611 -4248.6611 -4248.6611 -4249.5298 -4249.6611 -4249.6611 -4249.6611 -4249.6611 -4250.6396 -4250.6611 -4250.6611 -4250.7061 -4251.6611 -4251.6611 -4251.7349
-4255.9434 -4255.9434 -4255.9434 -4255.9434 -4255.9434 -4255.9434 -4255.9434 -4255.9434 -4255.9434 -4255.9526 -4256.2554 -4256.2554 -4256.2554 -4256.2554 -4256.2554 -4256.2554 -4256.2554 -4256.2554 -4256.2554 -4256.2554 -4256.2554 -4256.2554 -4256.2554 -4256.2554 -4256.2554 -4256.2554 -4256.2554 -4256.2554 -4256.3955 -4256.5674 -4256.5674 -4256.9219 -4257.2554 -4257.2554 -4257.2554 -4257.4438 -4257.5674 -4257.5674 -4257.5674 -4258.0435 -4258.2554 -4258.4849 -4258.5674 -4258.5674 -4259.1191 -4259.2554 -4259.2554 -4259.5264 -4259.5674 -4260.1948 -4260.2554 -4260.2554 -4260.5605 -4261.2554 -4261.2554 -4261.2998 -4262.2554 -4262.2554 -4262.2896
-4269.9395 -4269.9395 -4269.9395 -4269.9395 -4269.9395 -4269.9395 -4269.9395 -4269.9395 -4269.9395 -4269.9395 -4269.9395 -4269.9395 -4269.9395 -4269.9395 -4269.9395 -4269.9395 -4269.9395 -4269.9395 -4269.9395 -4269.9395 -4269.9395 -4269.9395 -4269.9395 -4269.9395 -4269.9395 -4270.2119 -4270.6494 -4270.6494 -4270.6494 -4270.6494 -4270.6494 -4270.7993 -4270.9395 -4270.9395 -4270.9395 -4271.3682 -4271.6494 -4271.6494 -4271.6494 -4271.8501 -4271.9395 -4271.9395 -4271.9395 -4271.9395 -4272.1724 -4272.8149 -4272.9395 -4272.9395 -4272.9395 -4273.2041 -4273.2295 -4273.2295 -4273.9243 -4274.2295 -4274.2295 -4274.2744 -4275.2295 -4275.2295 -4275.3081
-4281.3198 -4281.3198 -4281.3198 -4281.3198 -4281.3198 -4281.3198 -4281.3198 -4281.3198 -4281.3198 -4281.3198 -4281.3198 -4281.3198 -4281.3198 -4281.3198 -4281.3198 -4281.3198 -4281.3198 -4281.3198 -4281.3198 -4281.3198 -4281.3198 -4281.3198 -4281.3198 -4281.3198 -4281.5845 -4282.1548 -4282.3198 -4282.3198 -4282.3198 -4282.3198 -4282.3198 -4282.3198 -4282.3198 -4282.3198 -4282.3198 -4282.4819 -4282.5879 -4283.0625 -4283.3198 -4283.3198 -4283.3198 -4283.3198 -4283.3198 -4283.8911 -4284.0522 -4284.2729 -4284.3198 -4284.3198 -4284.3198 -4284.9878 -4285.0522 -4285.0522 -4285.3145 -4285.3203 -4286.0522 -4286.064 -4286.3198 -4286.3848 -4287.0815
-4289.2783 -4289.9229 -4290.0322 -4290.0322 -4290.0322 -4290.0322 -4290.0322 -4290.0322 -4290.0322 -4290.0322 -4290.0322 -4290.0322 -4290.0322 -4290.0322 -4290.0322 -4290.0322 -4290.0322 -4290.0322 -4290.0322 -4290.2217 -4290.7861 -4290.7861 -4290.7861 -4290.7861 -4290.8755 -4291.0322 -4291.0322 -4291.0322 -4291.0322 -4291.0322 -4291.0322 -4291.0322 -4291.0322 -4291.4546 -4291.7861 -4291.7861 -4291.7861 -4291.9458 -4292.0322 -4292.0322 -4292.0322 -4292.0322 -4292.0322 -4292.2241 -4292.2783 -4292.8999 -4293.0322 -4293.0322 -4293.0322 -4293.2568 -4293.2783 -4293.9995 -4294.0322 -4294.0322 -4294.2783 -4294.2783 -4294.3286 -4295.0542 -4295.2783
-4294.8804 -4295.0718 -4295.1045 -4295.1045 -4295.1045 -4295.1045 -4295.1045 -4295.1045 -4295.1045 -4295.1045 -4295.1045 -4295.1045 -4295.1045 -4295.1045 -4295.2139 -4295.8804 -4295.8804 -4295.8804 -4295.8804 -4295.9365 -4296.1045 -4296.1045 -4296.1045 -4296.1045 -4296.1045 -4296.1045 -4296.1045 -4296.1045 -4296.1045 -4296.1045 -4296.1045 -4296.1045 -4296.1045 -4296.2295 -4296.3281 -4296.3281 -4296.814 -4297.1045 -4297.1045 -4297.1045 -4297.1045 -4297.1045 -4297.1045 -4297.1045 -4297.1045 -4297.9287 -4298.1045 -4298.1045 -4298.1045 -4298.1045 -4298.1045 -4298.3184 -4298.3281 -4299.1045 -4299.1045 -4299.1045 -4299.1191 -4299.397 -4300.1045
-4297.5962 -4297.5962 -4297.5962 -4298.3135 -4298.3945 -4298.3945 -4298.3945 -4298.3945 -4298.3945 -4298.3945 -4298.3945 -4298.3945 -4298.3945 -4298.3945 -4298.4229 -4298.5962 -4298.5962 -4298.5962 -4298.5962 -4298.5962 -4298.5962 -4298.5962 -4298.5962 -4298.5962 -4298.5962 -4298.5962 -4298.5962 -4298.5962 -4298.9551 -4299.3945 -4299.3945 -4299.3945 -4299.3945 -4299.3945 -4299.3945 -4299.3945 -4299.5205 -4299.5962 -4299.5962 -4299.5962 -4299.5962 -4299.5962 -4299.5962 -4299.5962 -4299.5962 -4299.7627 -4299.7983 -4299.7983 -4299.7983 -4299.7983 -4299.7983 -4299.7983 -4299.7983 -4300 -4300 -4300 -4300 -4300.0889 -4301
-4300.4604 -4300.4604 -4300.4604 -4300.6221 -4301.3955 -4301.4604 -4301.4604 -4301.4604 -4301.4604 -4301.4604 -4301.4604 -4301.4604 -4301.4604 -4301.4604 -4301.4604 -4301.4604 -4301.4604 -4301.4604 -4301.4604 -4301.4604 -4301.4604 -4301.4604 -4301.4604 -4301.4604 -4301.7568 -4302.2808 -4302.2808 -4302.2808 -4302.3613 -4302.4604 -4302.4604 -4302.4604 -4302.4604 -4302.4604 -4302.4604 -4302.4604 -4302.4604 -4302.4604 -4302.4604 -4302.4604 -4302.4604 -4303.064 -4303.2808 -4303.2808 -4303.2808 -4303.2808 -4303.2808 -4303.2808 -4303.2808 -4303.2808 -4303.2808 -4303.2808 -4303.2808 -4303.2808 -4303.2808 -4303.2808 -4303.2808 -4303.2964 -4303.4604
-4302.5435 -4302.6846 -4302.6846 -4302.6846 -4302.8296 -4302.8423 -4302.8423 -4302.8423 -4302.8423 -4302.8423 -4302.8867 -4303.6846 -4303.6846 -4303.6846 -4303.6846 -4303.6846 -4303.6846 -4303.6846 -4303.6846 -4303.6846 -4303.6846 -4303.9331 -4304.5264 -4304.5264 -4304.5835 -4304.6846 -4304.6846 -4304.6846 -4304.6846 -4304.6846 -4304.6846 -4305.1187 -4305.5264 -4305.5264 -4305.5264 -4305.5264 -4305.5264 -4305.5264 -4305.5264 -4305.5264 -4305.5264 -4305.6426 -4305.6846 -4305.6846 -4305.6846 -4305.6846 -4305.6846 -4305.6846 -4305.6846 -4305.6846 -4305.6846 -4305.6846 -4305.6846 -4305.6846 -4305.6846 -4305.6846 -4305.6846 -4305.6846 -4305.6846
-4302.1133 -4302.1357 -4302.8936 -4303 -4303 -4303 -4303 -4303 -4303 -4303 -4303.0073 -4303.2007 -4304 -4304 -4304 -4304 -4304 -4304 -4304 -4304 -4304 -4304.04 -4304.1357 -4304.1357 -4304.4482 -4305 -4305 -4305 -4305 -4305 -4305 -4305.0698 -4305.1357 -4305.1357 -4305.1357 -4305.1357 -4305.6768 -4306 -4306 -4306 -4306 -4306 -4306 -4306 -4306 -4306 -4306 -4306 -4306 -4306 -4306 -4306.8267 -4306.8643 -4306.8643 -4306.8643 -4306.8643 -4306.8643 -4306.8643 -4306.8643
-4302.8862 -4302.8862 -4302.9858 -4303 -4303 -4303 -4303 -4303 -4303 -4303 -4303 -4303.0752 -4304 -4304 -4304 -4304 -4304 -4304 -4304 -4304 -4304 -4304 -4304 -4304 -4304.041 -4304.1138 -4304.1138 -4304.1138 -4304.1138 -4304.5317 -4305 -4305 -4305 -4305 -4305 -4305 -4305.0713 -4305.1138 -4305.7075 -4306 -4306 -4306 -4306 -4306 -4306 -4306.7305 -4306.8862 -4306.8862 -4306.8862 -4306.8862 -4306.8862 -4307.8428 -4307.8862 -4307.8862 -4307.8862 -4307.8862 -4307.9453 -4308.7725 -4308.7725
-4305.7251 -4305.7251 -4305.7251 -4305.7251 -4305.7251 -4305.7251 -4305.7251 -4305.7251 -4305.7251 -4305.7251 -4305.7251 -4305.7319 -4305.9048 -4306.7251 -4306.7251 -4306.7251 -4306.7251 -4306.7251 -4306.7251 -4306.7251 -4306.7251 -4306.7251 -4307.0132 -4307.6333 -4307.6333 -4307.6333 -4307.6333 -4307.6333 -4307.6333 -4307.6763 -4307.7251 -4307.7251 -4307.7251 -4307.7251 -4307.7251 -4307.7251 -4307.1563 -4306.8164 -4306.8779 -4306.9082 -4306.2598 -4306 -4306 -4306 -4306 -4305.3271 -4305.1836 -4305.1836 -4305.1836 -4304.3545 -4304.2749 -4304.3628 -4304.3667 -4304.3667 -4304.3462 -4303.4585 -4303.4648 -4303.5503 -4303.5503
-4306.9302 -4306.9302 -4306.9302 -4306.9302 -4306.9302 -4306.9302 -4306.9302 -4306.9302 -4306.9302 -4306.959 -4307.8608 -4307.8608 -4307.8672 -4307.9302 -4307.9302 -4307.9302 -4308.1025 -4308.8608 -4308.8608 -4308.8608 -4308.8608 -4309.1353 -4309.813 -4309.8608 -4309.8608 -4309.8608 -4309.8608 -4309.8608 -4309.8608 -4309.8608 -4309.4014 -4308.9302 -4308.9302 -4308.9302 -4308.3892 -4308 -4307.374 -4306.397 -4305.4463 -4305.1392 -4303.7607 -4302.5244 -4301.5732 -4300.6226 -4299.6719 -4297.8965 -4295.9829 -4294.8892 -4293.1099 -4291.1445 -4290.106 -4288.2656 -4286.3638 -4284.4624 -4282.5591 -4280.5894 -4278.6875 -4276.7036 -4273.9541
-4305.0952 -4305.0952 -4305.0952 -4305.0952 -4305.9722 -4306.0479 -4306.0479 -4306.0479 -4306.0479 -4306.0786 -4307.0479 -4307.0479 -4307.0479 -4307.0479 -4307.1821 -4308 -4308.0088 -4308.0479 -4308.2661 -4309 -4309 -4309.0142 -4309.0479 -4309.0479 -4309.3921 -4310 -4310 -4310 -4310 -4310 -4309.9766 -4309.9521 -4309.9521 -4309.9521 -4309.3706 -4308.9521 -4308.3262 -4307.9214 -4307.8726 -4307.1978 -4306.8369 -4306.0732 -4305.0513 -4303.2861 -4302.8188 -4301.9458 -4300.875 -4299.019 -4297.8291 -4296.7583 -4294.8423 -4293.7119 -4291.7095 -4290.6182 -4289.5259 -4287.4819 -4285.5015 -4284.3418 -4282.2544
-4307.9233 -4307.9233 -4307.9233 -4307.9233 -4307.9468 -4307.9487 -4307.9487 -4307.9487 -4307.9487 -4307.98 -4308.9487 -4308.9487 -4308.9487 -4308.9487 -4308.9526 -4308.9746 -4308.9746 -4308.9746 -4308.9805 -4309 -4309 -4309 -4309 -4309 -4309.0093 -4309.0254 -4309.0254 -4309.0254 -4309.0254 -4309.0254 -4309.5068 -4310 -4310 -4310 -4309.9849 -4309.9746 -4309.9585 -4309.9487 -4309.9487 -4309.9312 -4309.9233 -4309.9043 -4309.8779 -4309.832 -4309.8208 -4309.7998 -4309.7734 -4309.7251 -4309.6953 -4309.6694 -4309.6191 -4309.5913 -4309.54 -4309.5137 -4309.4868 -4309.4346 -4309.3838 -4309.3555 -4309.3027
-4312.9819 -4312.9819 -4312.9819 -4312.9819 -4312.9819 -4312.0425 -4311.9858 -4311.9858 -4311.9858 -4311.9858 -4311.9365 -4310.9927 -4310.896 -4309.9966 -4309.9966 -4309.9966 -4309.812 -4309 -4309 -4309 -4309 -4308.7056 -4308.0034 -4308.0034 -4308.0034 -4308.0034 -4308.0034 -4308.0034 -4308.4517 -4309 -4309.002 -4309.0034 -4309.5396 -4310 -4310 -4310 -4310 -4310 -4310 -4310.6895 -4310.9966 -4310.9966 -4310.9966 -4310.9966 -4310.9966 -4311.8179 -4311.9927 -4311.9927 -4311.9927 -4311.9927 -4311.9927 -4312.9458 -4312.9893 -4312.9893 -4312.9893 -4312.9893 -4312.9893 -4313.0776 -4313.9858
-4308.5806 -4308.7256 -4308.6904 -4307.7871 -4306.7651 -4306.686 -4305.7393 -4304.7358 -4302.7148 -4299.6548 -4295.6377 -4292.4995 -4288.5459 -4285.7495 -4284.7109 -4283.8491 -4283.8271 -4283.9966 -4284.7598 -4285.0112 -4286.2969 -4288.0186 -4289.0405 -4290.3955 -4292.4341 -4294.4902 -4296.5415 -4298.5967 -4300.6489 -4302.7119 -4304.2905 -4305.8564 -4307.3916 -4309.001 -4310.4819 -4310.9302 -4311.5938 -4312.6416 -4312.3545 -4312.0625 -4312.7881 -4312.3647 -4312.125 -4312.9097 -4313.1294 -4313.1445 -4313.1479 -4313.1479 -4313.1479 -4314.0601 -4314.1479 -4314.1479 -4314.1479 -4314.1479 -4314.1294 -4314.1729 -4315.1108 -4315.1108 -4315.1108
