Resources/Map/Lvl0_30x30/Ele_FF.asc
ncols         335
nrows         335
xllcorner     -3295000
yllcorner     -10075000
cellsize      10000
nodata_value  -99999.0
[rows 189 to 215 of 335, columns 61 to 121 of 335]
1521.7787 1521.0159 1504.2201 1505.6135 1544.4712 1490.1412 1570.2234 1560.9418 1536.8992 1597.4054 1511.7172 1517.9724 1529.156 1508.5364 1545.7595 1525.0718 1580.6112 1604.2186 1619.5625 1605.1643 1607.2263 1617.2902 1594.8755 1617.6665 1595.4805 1600.2522 1603.1991 1623.7377 1605.4596 1607.1172 1604.6229 1629.22 1629.6904 1626.4333 1625.7382 1653.3745 1642.2224 1658.9714 1684.3875 1662.9091 1688.5419 1644.4779 1549.4708 4949.0381 2318.4834 1554.2684 1794.0062 1640.451 1614.8846 1667.6007 1597.1655 1705.8971 1732.5164 2395.7896 2014.9706 2148.6575 1757.0786 1792.1393 1797.8193 1797.9197 1721.6188
1441.0736 1482.6613 1429.2487 1423.7653 1454.6041 1506.0592 1499.2002 1500.3682 1497.6683 1525.8215 1564.5341 1568.7716 1489.3215 1404.4142 1516.532 1461.5074 1461.7461 1524.842 1563.0275 1585.8091 1583.6469 1573.2419 1559.7212 1570.3423 1595.5699 1602.8003 1559.736 1570.103 1583.7391 1595.6997 1620.2917 1595.5973 1612.5745 1555.1177 1609.1469 1611.9764 1631.4731 1630.0479 1633.4695 1623.5994 1635.1387 1642.5149 1713.754 1798.687 1563.9232 1598.3989 1679.5469 1851.0443 1907.1373 2086.0691 1846.2482 1831.989 1754.7766 1707.4728 2268.0371 2694.0938 1877.7969 2062.6392 1832.4388 1759.7653 2154.6746
1365.1793 1371.2211 1412.7202 1429.9572 1450.6686 1444.7516 1420.735 1429.8342 1427.1597 1459.9508 1476.3224 1454.7894 1476.432 1433.7173 1452.7322 1504.1936 1515.9802 1493.2925 1532.762 1516.7317 1548.2605 1542.7405 1521.2318 1535.9365 1563.1498 1560.9504 1562.7001 1536.9233 1563.4764 1580.3889 1587.2162 1583.172 1552.8624 1559.7919 1565.4504 1551.5398 1597.5779 1570.2004 1588.5947 1603.2238 1609.6007 1641.6779 2357.5325 4522.4409 4764.3652 3186.3848 2358.4346 2750.3696 2719.6938 2898.7561 2768.689 2731.7241 2535.0164 2319.1138 2832.0305 2107.7803 2397.0823 2409.5374 1787.6257 1890.0806 1722.5426
1339.3962 1357.5883 1293.7742 1354.4596 1263.1757 1382.2065 1374.2894 1366.7034 1363.7051 1409.8595 1379.8861 1420.119 1435.606 1435.6283 1452.1398 1457.045 1463.274 1462.8348 1484.7981 1481.5696 1467.9451 1481.3395 1505.1232 1510.4646 1496.6974 1505.1172 1502.7761 1525.2806 1548.4249 1536.2565 1533.6277 1555.5559 1578.2343 1572.8158 1521.7789 1508.4335 1527.4751 1553.2048 1570.6134 1586.0485 1593.5349 1595.6211 1603.0509 5.6966 17.2719 6533.6841 3705.0635 2432.1101 2130.6892 2361.1636 2350.8313 2615.5818 2837.0454 2604.1394 2774.5432 2037.5498 2341.8643 2476.6121 2571.5071 1912.6536 2318.9116
1427.4539 1300.6296 1236.1868 1263.3694 1263.798 1290.6449 1364.3311 1325.3749 1380.7368 1393.5579 1352.3744 1376.2111 1405.0043 1401.7633 1439.5665 1394.9752 1425.4701 1435.0706 1431.5922 1452.4576 1458.2667 1454.8199 1461.9629 1475.9471 1455.5864 1476.2051 1494.8273 1480.1326 1506.4661 1458.1521 1463.6348 1518.4624 1490.7524 1448.6527 1502.8682 1503.0453 1477.0575 1507.2312 1490.4635 1519.9813 1553.1862 1550.6864 1639.3711 4149.0723 7166.5386 2372.2461 1400.4778 2527 2091.2725 2391.2168 2288.0852 2447.3953 2102.655 1992.337 2064.1047 1873.8403 1970.0868 1879.4764 2095.762 2520.312 2561.1599
7366.0405 2590.0105 1084.9803 1025.4652 1260.4827 1219.8054 1319.7336 1327.8666 1077.6277 1308.1034 1345.3065 1340.4368 1320.2961 1366.4891 1365.1818 1372.6991 1398.1385 1383.2095 1392.6127 1398.1473 1398.3175 1406.9341 1418.4364 1416.4092 1408.255 1397.6245 1416.6849 1782.9087 2087.6667 1428.5433 1449.4984 1433.6031 1439.7112 1449.5875 1475.2273 1512.2892 1482.6694 1495.7904 1484.932 1524.697 1530.2937 1551.7394 1567.6985 -7.2271 6932.5972 3610.1841 2610.3894 2741.4841 2392.1748 1712.4225 2259.595 1569.0868 1634.8585 1596.9453 1602.0128 1730.3823 1799.7996 1786.2122 1662.5204 1883.7235 1777.9348
986.7982 702.2827 735.6435 646.9861 671.1447 751.4156 772.1394 840.7324 786.7004 1060.9373 1571.0172 1183.3878 1179.8119 1276.9283 1318.9222 1345.2909 1383.2622 1355.2238 1357.5985 1364.569 1697.8342 2082.4146 1045.7126 192.6839 308.9116 232.3669 141.7342 147.0011 1307.0454 1407.166 1399.6119 1427.5883 1431.395 1387.2219 1321.113 1388.8143 1463.4198 1462.6555 1461.3688 1427.5415 1412.2671 1633.4419 1647.1379 2338.8428 2410.0171 2289.9014 2812.7263 2900.1995 1637.1266 1566.2246 1650.2419 2320.2432 2635.5051 1947.2957 1749.6691 1802.0564 2346.9226 2159.9348 2462.9485 2856.6682 2941.2249
782.5877 705.8687 583.813 748.2765 727.3633 925.2164 745.8328 690.2685 1121.2404 662.6932 697.7985 900.0656 1561.6746 1675.6638 1729.2593 1593.8496 1873.481 1814.5254 2152.9233 1972.0135 2198.8735 1751.0853 2215.0168 2184.2627 1701.0651 1776.3945 1823.2911 1726.9153 1417.7408 1429.4456 1293.0315 1378.0553 1750.437 1280.2172 1254.3159 1197.1309 1130.519 1298.2314 1227.2479 1026.9462 851.1914 991.5706 1374.5836 1131.6597 1168.7727 1174.6637 1311.3116 1702.2791 1040.7247 1955.2159 1535.5984 1819.3829 2380.9749 2427.3711 2178.499 2222.1311 2125.6504 2056.5579 2891.2744 2460.8633 2514.4749
640.9357 622.9484 776.6525 690.8852 860.4454 914.8753 963.0612 1393.2762 1144.5925 1492.6931 1860.1934 1553.7101 1223.8964 1575.0536 1969.9124 2035.2795 2118.8831 2207.5798 2107.1582 1592.772 1273.7822 600.3112 127.2916 365.1774 1231.1802 1249.8922 1376.8389 1303.9141 1279.329 1247.6572 1292.3383 1289.9393 1194.2725 1276.4449 1291.3629 1175.6819 1212.6824 1254.4929 1387.4537 1569.823 2133.4995 1870.1401 1694.9851 2074.0686 1931.2921 2098.3389 2610.5596 2255.5166 1777.4392 1419.2415 2017.0302 2265.3518 1809.62 1447.4218 1882.2941 1974.2809 1467.3043 1645.1995 1227.6034 2444.7583 2742.4404
758.4803 755.3188 840.9464 960.9746 699.4545 1893.7263 1631.7122 1510.495 1329.8534 1277.4769 1149.7428 1228.0264 1258.2518 1260.6757 860.7229 859.5806 743.7899 1041.6063 1166.696 1227.6222 1683.6531 1830.7269 1736.9937 1771.6737 1227.3969 1473.979 1913.2925 1568.6326 1287.3754 1341.5682 1311.1449 1108.371 1225.0649 1348.1737 1542.3619 1428.0682 1437.1923 1681.6204 1611.1139 1229.5731 763.7495 1529.5021 1701.6431 2024.6761 2376.9072 2214.4443 1649.8014 1700.5995 1129.8466 1286.3665 1017.903 962.822 1092.5123 1813.4225 2542.1377 2516.1611 2090.8174 2574.8123 3205.7998 3058.2212 3136.5427
536.4717 1737.8899 1675.6669 2149.4751 2079.8176 2110.3506 2225.8708 2387.1343 1474.7352 1076.1393 479.5332 735.8065 790.7237 750.1192 820.4082 906.4138 776.804 611.0193 1295.8824 1216.386 1071.1504 1706.4541 2019.6403 2028.3973 1080.2328 1146.6182 1287.3369 1170.0551 1316.2738 1969.7026 1271.0615 1285.9658 1290.1697 1316.2262 1916.5696 2327.3562 1266.9825 1063.2549 762.8654 668.205 667.7892 761.7004 686.8237 1072.6714 968.7148 676.5599 847.0804 1085.1549 946.5871 1164.4172 1973.046 2356.5239 2442.6638 2306.3376 3051.6226 3015.7212 2980.7161 1723.0187 3325.0762 4548.0894 2716.6804
2482.8762 2788.2424 2523.2568 1755.3835 1179.3906 1307.1725 1627.0363 1367.0129 1081.512 1436.0977 888.8018 1026.3274 1542.375 1662.5266 1925.8507 1759.9384 1914.6968 1382.9568 1369.4589 1327.8887 1496.6273 1440.1748 1299.0116 1273.2263 1178.9117 1147.7426 1252.7147 1101.7533 1134.1565 1341.8915 1439.4954 1338.6055 1243.3959 1008.2414 993.0208 1015.4566 888.4277 856.8575 799.8505 1073.0834 1428.6268 1505.2355 1488.4519 1317.8506 1349.657 1326.2358 1594.2013 2279.1838 2166.5093 2744.4753 2899.499 3236 3149.0542 2992.335 3094.8914 2287.1892 2310.6455 -669.376 -686.3127 8359.4707 8423.3086
1058.8835 1161.7373 796.2877 1060.3163 1115.4456 1357.9269 1453.6327 2013.9967 1598.9283 1112.176 966.915 938.6666 883.8256 762.6468 1086.3074 1109.9558 1250.2598 956.2046 862.4841 862.0317 1080.652 1075.2684 1007.3721 1323.639 1245.5443 991.3613 848.5161 1370.153 1665.9104 1700.0421 1730.4116 1761.7128 819.9446 1105.6198 1079.8939 969.6089 1126.9158 1348.928 1344.1606 1390.6863 1453.8597 1353.3688 1333.8707 1316.6819 1292.2286 1321.9636 1349 1381.4353 1443.1664 1878.1166 2152.6343 2037.9689 2030.0328 1981.9196 1767.9441 1605.7067 1572.7134 -690.7396 -700.6516 -709.8109 -718.91
1141.4626 1135.9574 1139.292 971.077 1009.2805 1080.036 1067.7885 889.719 1036.2587 1198.5367 1027.9583 1116.406 1052.3795 1019.3342 1035.8033 1052.0598 1148.0471 1129.7847 1205.062 1219.0974 1267.2678 1275.4963 1310.3645 1311.2648 1291.4464 1256.3491 1292.5764 1565.8575 1340.9987 1396.7996 1458.0369 1492.6801 1371.5553 789.9498 1226.9943 1432.7572 1336.3363 1396.1512 1388.8004 1418.7682 1399.4498 1410.744 1419.8484 1429.7657 1378.108 1374.2075 1420.0264 1426.6702 1435.4032 1473.8396 1495.5361 1441.5377 1461.7963 1466.135 1520.677 1496.3337 1479.6097 1442.9805 1579.6295 1475.6006 1476.8557
1106.8206 1001.8535 986.2437 1143.8257 754.4574 555.4097 646.781 1092.124 957.4802 1288.3263 1277.0073 1262.6819 1307.8336 1299.3505 1248.9668 1260.8823 1291.4299 1298.8702 1357.6676 1339.0973 1289.4883 1334.1465 1312.2129 1341.4586 1389.8904 1347.4417 1369.019 1362.9751 1392.7664 1413.592 1394.4658 1598.348 1402.286 1434.5457 1374.7129 1448.3723 1462.9308 1486.9419 1443.8079 1393.3701 1373.5994 1373.1713 1336.7524 1353.8364 1390.7899 1398.108 1396.2446 1391.9403 1412.4454 1456.1321 1416.2476 1366.4945 1348.6897 1395.626 1403.8654 1450.2727 1473.5869 1482.8668 1452.0649 1442.2805 1442.8788
1292.1017 1257.672 1261.8937 1304.6387 1264.4728 1137.0168 1295.4557 1293.5488 1036.1832 917.6865 1289.2196 1294.0269 1285.3398 1379.7126 1356.3182 1445.4863 1384.9586 1403.6641 1367.4427 1346.6034 1292.1598 1301.1743 1334.9543 1356.9139 1262.1588 1342.6609 1363.3564 1373.771 1342.7218 1327.8295 1436.2147 1335.0184 1330.1494 1332.0806 1333.3721 1351.1487 1344.9521 1370.4132 1392.0504 1382.6378 1384.6558 1381.9825 1395.0222 1398.2821 1435.0488 1384.3019 1359.3883 1413.0903 1421.2709 1376.9579 1400.927 1399.7034 1466.2935 1380.3784 1379.8696 1415.9659 1413.2854 1390.8121 1404.8403 1409.0649 1453.3696
1341.3307 1330.6008 1274.2295 1297.1207 1324.084 1338.5955 1327.3595 1286.3274 1261.1362 1266.1454 1090.6444 1191.976 1243.0394 1035.7366 906.5068 1401.4303 1396.5879 1425.0936 1353.6772 1254.9181 1373.6001 1332.7394 1380.6678 1325.9348 1300.9237 1324.6875 1361.0076 1293.4498 1245.0366 1218.551 1186.2665 1287.1995 1296.1631 1273.7036 1313.9723 1236.6942 1309.0454 1311.8738 1311.0963 1347.4735 1330.9033 1317.1658 1344.2556 1341.3199 1348.6017 1349.0583 1358.9935 1332.8684 1342.21 1365.2167 1405.1799 1386.3386 1363.8555 1365.4604 1485.5232 1382.9509 1471.5559 1390.7751 1353.5073 1374.741 1398.6954
1274.8992 1212.1083 1165.6304 1200.1205 1211.9449 1239.7148 1238.0107 1251.0996 1268.1195 1255.9545 1253.1151 1245.5295 1212.4938 1230.9547 1242.797 1210.5055 1213.7125 1271.6444 1225.2813 1328.0023 1243.9851 1233.6609 1241.0807 1241.1747 1234.4064 1209.3572 1260.5042 1323.6299 1377.3683 1242.3292 1276.6543 1279.4182 1288.8842 1314.28 1266.7977 1278.4916 1271.3943 1242.7424 1272.9882 1279.824 1339.1287 1322.1984 1344.9482 1327.5197 1297.0752 1352.3943 1355.0786 1323.0582 1311.7252 1296.8062 1274.9677 1302.9279 1309.186 1288.1298 1325.1666 1306.3909 1350.7833 1351.8069 1353.1833 1360.9182 1362.1979
1123.7024 1129.4928 1119.7531 1131.1462 1134.0455 1116.7906 1118.3223 1140.6183 1241.3009 1194.3604 1171.8817 1142.9473 1828.4204 1769.5214 1383.3916 1361.4355 1523.7493 1289.0685 1149.4828 1137.6906 1162.5132 1164.2626 1160.848 1146.082 1179.9194 1167.6039 1140.532 1122.5743 1186.895 1159.3516 1171.5015 1195.6016 1186.5461 1155.4692 1204.0605 1267.2096 1184.6525 1178.1813 1176.444 1185.3478 1201.7085 1201.8911 1183.0819 1181.1112 1188.4337 1197.8889 1219.2664 1218.4603 1224.8358 1235.0616 1224.8663 1238.6036 1234.4939 1254.6771 1273.4102 1268.365 1287.7842 1282.5692 1299.9882 1312.4232 1316.177
1094.2404 1112.376 1130.7362 1193.2101 1103.5072 1024.718 1218.7538 1524.2297 1329.2533 1049.611 828.8184 836.5957 1093.1217 1396.7472 1341.554 1326.6498 1317.9852 1553.0532 1196.6887 1244.5878 1159.4125 1070.662 1071.3904 1237.1681 1067.4163 1058.032 1057.3192 1035.7101 1054.7367 1041.5441 1055.2209 1073.1339 1065.865 1031.5773 1030.4283 1049.3019 1073.4452 1122.9951 1142.7291 1132.5292 1139.052 1143.9558 1159.5527 1162.2235 1186.7174 1203.9041 1188.748 1183.5935 1168.2998 1173.4193 1207.9867 1225.2007 1221.0187 1216.7532 1230.5482 1226.3987 1230.9175 1227.2017 1260.2269 1264.74 1279.9867
1629.4575 1552.2601 954.8705 1025.6545 1143.0729 1030.0056 1088.0111 1379.3197 1070.259 970.9475 1117.8616 1149.2747 1210.2532 1177.9231 1297.951 1275.571 1000.4341 940.9871 894.5496 1082.3572 1042.5181 960.2314 963.3521 1062.5188 1079.7323 970.0665 959.9306 1054.0774 980.3717 1002.1215 995.4532 980.9437 1047.5609 1053.4017 1013.4185 1016.318 986.722 1005.8325 1043.7924 1089.0833 1134.0847 1138.7627 1123.9274 1150.0577 1132.198 1143.71 1141.3682 1152.4166 1143.5717 1155.588 1180.6364 1199.1349 1215.8131 1207.8594 1220.4215 1251.7642 1232.6279 1218.7352 1228.6073 1243.1292 1238.3053
1040.929 957.4705 930.123 913.4379 942.5356 941.9785 922.129 965.4997 967.8668 922.444 926.1136 935.5517 1176.1177 1306.0792 1137.3661 963.4308 919.8 923.9449 918.6155 872.7031 852.8313 911.0508 915.7506 914.3412 909.1791 908.1332 914.9331 945.3981 951.2415 941.935 948.087 956.5213 993.21 985.4508 1027.4863 1041.835 1045.1396 1014.6527 1038.1433 1018.8486 1011.1407 1031.0686 1057.2228 1057.3861 1073.771 1124.5322 1141.7213 1156.2872 1152.655 1158.0951 1147.9773 1151.0311 1148.1677 1175.428 1215.5406 1182.7274 1206.2177 1280.3489 1082.1194 1236.7013 1204.7921
890.6813 930.0297 969.3475 958.6148 996.8502 943.8757 993.7016 843.2137 912.0958 874.2312 870.6035 847.5984 843.1173 854.0594 866.7933 859.4441 872.2209 846.8255 844.5438 865.0043 889.6853 897.987 927.7925 918.7828 881.9252 881.0213 906.0212 905.4307 936.001 931.0193 923.2827 939.7726 976.3589 975.3831 890.2722 917.9605 911.6979 964.5079 969.4363 989.1636 996.4627 1007.0393 1022.0065 1033.412 1042.8351 1058.5336 1053.7002 1081.838 1089.9714 1101.8896 1110.3265 1117.9102 1134.0599 1136.5204 1144.8939 1141.3804 1192.6029 1206.4205 1210.8367 1217.293 1213.8959
866.7127 844.2284 842.5217 805.0384 804.9058 829.8112 804.7684 815.5959 790.687 796.468 791.1971 769.653 775.3582 784.5795 789.4606 798.7108 816.0052 814.5802 886.2161 880.0428 882.5424 885.8148 871.6577 879.1959 869.1099 868.6227 899.8552 898.3606 928.6721 909.6382 899.0491 904.1084 918.8146 947.7821 945.7741 927.175 941.7673 942.3927 926.1844 947.691 984.4622 993.5068 995.2191 991.967 1009.7772 1027.8213 1026.6212 1030.4519 1034.7368 1027.0831 1042.6531 1025.6938 1037.3459 978.1438 1046.6038 1088.4023 1145.4314 1136.8264 1141.5333 1163.9769 1146.373
732.2085 727.7343 731.0443 730.3532 723.0029 723.4417 729.7737 754.6727 776.485 770.7333 791.6022 764.5695 757.9839 764.162 748.1721 750.0712 778.049 801.1308 824.3425 842.522 856.7607 865.5634 872.6795 849.7108 860.1907 874.3324 885.0469 877.3459 875.3018 862.5569 881.7205 885.0812 901.5651 927.3276 939.4408 946.8493 934.2218 901.7413 900.002 918.2794 971.5015 1002.7808 1006.4445 1035.1461 1034.1376 1029.7009 1018.4992 1025.7244 1023.3599 1023.7122 1040.1681 1047.9679 1053.8783 1052.6848 1055.2657 1061.3776 1063.5743 1101.7302 1129.1501 1148.0316 1159.6873
635.6935 639.7322 644.3154 662.5541 671.1365 672.3041 668.6984 690.8522 680.3635 690.9955 707.4662 714.3318 723.6406 745.067 782.6573 844.6441 798.0891 781.0403 789.5429 818.143 802.2047 802.3739 809.4684 824.6473 838.1347 843.2106 844.6171 861.4958 852.1822 851.7476 866.1067 878.5599 883.4386 889.1902 901.0714 899.6037 895.4834 920.3298 915.2471 928.8436 916.2458 861.7967 903.4229 966.445 978.4817 988.8132 1051.0983 1063.0197 1052.3214 1054.8081 1038.5022 1023.6454 1045.6439 1063.8082 1063.1031 1045.4558 1071.6217 1080.6825 1080.8223 1059.8555 1068.7211
603.7786 621.8782 649.8496 643.6948 613.6633 610.5733 611.0923 614.738 627.2342 635.3436 673.6342 719.5272 717.1447 706.0955 724.8112 713.725 723.2556 775.085 790.9329 775.6382 775.5718 788.2094 797.1379 801.6893 794.1688 800.5562 832.0293 874.5358 876.07 860.9438 861.225 876.032 915.6202 882.8562 882.3209 888.0395 896.6094 906.4 923.225 932.8505 933.3044 935.7903 947.7623 963.7663 994.6398 970.5022 1010.6048 1001.7746 1007.6986 1020.2311 1019.439 1020.8533 1006.0955 1021.9662 1023.5294 1028.4982 1050.426 1061.2488 1079.6017 1091.5233 1096.7068
