Resources/Map/Lvl0_30x30/Ele_EE.asc
ncols         335
nrows         335
xllcorner     -6645000
yllcorner     -6725000
cellsize      10000
nodata_value  -99999.0
[rows 290 to 318 of 335, columns 260 to 324 of 335]
-3863 -3734 -3407 -3219 -3351 -3665 -3890 -3918 -3809 -3669 -3534 -3480 -3500 -3519 -3500 -3467 -3486 -3501 -3402 -3340 -3347 -3218 -3081 -3134 -3236 -3349 -3417 -3352 -3304 -3196 -3095 -3057 -3160 -3154 -3280 -3332 -3457 -3558 -3386 -3278 -3153 -3181 -3235 -3182 -3159 -3169 -3187 -3183 -3193 -3198 -3092 -3301 -3334 -3241 -3297 -3378 -3374 -3137 -3113 -3279 -3500 -3536 -3614 -3367 -3403
-3870 -3787 -3568 -3256 -3019 -3310 -3673 -3767 -3709 -3595 -3405 -3279 -3327 -3343 -3361 -3350 -3389 -3445 -3408 -3351 -3259 -3118 -3125 -3165 -3197 -3307 -3388 -3400 -3392 -3309 -3073 -2905 -3025 -3339 -3490 -3476 -3572 -3690 -3653 -3490 -3355 -3486 -3590 -3403 -3131 -2979 -2920 -2935 -3177 -3221 -3153 -3241 -3280 -3253 -3284 -3303 -3230 -3067 -3037 -3211 -3327 -3513 -3701 -3353 -3424
-3823 -3945 -3922 -3661 -3375 -3382 -3545 -3610 -3548 -3397 -3187 -3072 -3197 -3359 -3392 -3385 -3447 -3476 -3459 -3417 -3292 -3125 -3055 -3071 -3120 -3187 -3287 -3400 -3389 -3519 -3286 -3166 -3207 -3335 -3315 -3099 -3121 -3234 -3611 -3595 -3555 -3585 -3881 -3391 -2820 -2612 -2682 -2923 -3161 -3186 -3214 -3297 -3250 -3170 -3175 -3214 -3107 -3016 -3011 -3220 -3106 -3233 -3460 -3084 -3111
-3720 -3826 -3848 -3834 -3770 -3704 -3573 -3673 -3679 -3561 -3396 -3371 -3570 -3798 -3805 -3610 -3462 -3450 -3464 -3466 -3342 -3203 -3072 -3047 -3114 -3132 -3165 -3253 -3421 -3431 -3156 -3224 -3420 -3486 -3369 -3057 -2995 -3202 -3473 -3487 -3447 -3509 -3538 -3381 -3165 -3153 -3187 -3203 -3225 -3220 -3208 -3300 -3419 -3449 -3253 -3190 -3231 -3201 -3132 -3255 -3239 -3413 -3565 -3060 -3111
-3630 -3702 -3718 -3778 -3831 -3807 -3564 -3482 -3560 -3688 -3826 -4074 -4264 -4332 -4280 -3891 -3532 -3375 -3251 -3239 -3219 -3162 -3191 -3237 -3257 -3233 -3236 -3198 -3295 -3252 -3125 -3215 -3428 -3395 -3165 -3043 -3097 -3366 -3520 -3354 -3299 -3333 -3142 -3118 -3294 -3455 -3504 -3470 -3433 -3401 -3348 -3450 -3573 -3516 -3357 -3273 -3273 -3249 -3218 -3353 -3318 -3564 -3689 -3223 -3173
-3550 -3738 -3808 -3800 -3801 -3644 -3341 -3376 -3654 -3806 -3972 -4013 -3856 -3740 -3695 -3608 -3381 -3055 -2882 -2936 -3025 -3115 -3265 -3238 -3206 -3342 -3288 -3161 -3232 -3217 -3127 -3128 -3206 -3163 -3048 -3058 -3145 -3327 -3513 -3384 -3355 -3347 -3198 -3015 -3066 -3368 -3545 -3519 -3512 -3543 -3590 -3720 -3759 -3611 -3440 -3357 -3294 -3322 -3286 -3300 -3331 -3458 -3709 -3365 -3312
-3630 -3710 -3793 -3789 -3676 -3323 -3091 -3229 -3436 -3484 -3456 -3298 -2991 -2783 -2790 -2932 -2965 -2922 -2913 -2888 -2957 -3216 -3485 -3361 -3051 -3401 -3450 -3471 -3530 -3454 -3344 -3323 -3292 -3265 -3224 -3257 -3245 -3309 -3364 -3269 -3339 -3527 -3317 -3132 -3221 -3371 -3303 -3166 -3144 -3262 -3414 -3538 -3632 -3642 -3522 -3429 -3359 -3284 -3349 -3463 -3495 -3521 -3634 -3347 -3436
-3757 -3833 -3835 -3560 -3097 -2833 -2816 -2935 -3100 -3245 -3319 -3353 -3243 -3180 -3163 -3111 -3071 -3089 -3129 -3096 -3049 -3173 -3378 -3512 -3396 -3576 -3743 -3762 -3758 -3700 -3686 -3639 -3674 -3836 -3896 -3934 -3926 -3905 -3839 -3892 -3952 -3721 -3752 -3780 -3763 -3507 -3355 -3388 -3448 -3458 -3454 -3433 -3425 -3468 -3436 -3419 -3456 -3474 -3367 -3223 -3033 -3084 -3225 -3340 -3477
-3619 -3742 -3795 -3793 -3548 -3149 -2945 -3028 -3192 -3352 -3544 -3488 -3335 -3231 -3301 -3355 -3258 -3191 -3227 -3241 -3212 -3206 -3239 -3267 -3288 -3373 -3478 -3643 -3778 -3861 -3872 -3822 -3844 -3917 -3909 -3908 -3952 -3935 -3850 -3871 -3950 -3846 -3927 -4084 -4041 -3841 -3690 -3664 -3679 -3615 -3555 -3361 -3473 -3397 -3276 -3274 -3281 -3310 -3256 -3294 -3073 -2874 -3023 -3255 -3501
-3339 -3419 -3453 -3498 -3511 -3375 -3267 -3263 -3323 -3385 -3471 -3628 -3662 -3546 -3502 -3480 -3376 -3316 -3359 -3402 -3403 -3333 -3306 -3244 -3194 -2828 -2725 -2938 -3160 -3348 -3607 -3786 -3793 -3743 -3699 -3707 -3777 -3831 -3706 -3616 -3699 -3530 -3504 -3549 -3555 -3706 -3885 -3966 -3912 -3759 -3622 -3544 -3492 -3329 -3276 -3369 -3433 -3363 -3218 -3278 -3205 -2962 -2942 -3032 -3157
-3344 -3216 -3279 -3388 -3369 -3444 -3423 -3310 -3285 -3421 -3644 -3820 -3787 -3597 -3467 -3418 -3397 -3519 -3664 -3690 -3646 -3557 -3556 -3536 -3477 -3176 -2779 -2694 -2721 -2786 -3000 -3230 -3294 -3285 -3294 -3359 -3539 -3713 -3648 -3621 -3728 -3299 -3047 -2946 -2944 -3095 -3322 -3539 -3638 -3683 -3700 -3644 -3666 -3535 -3479 -3489 -3569 -3421 -3175 -3167 -3296 -3174 -3146 -3072 -2921
-3277 -3120 -3106 -3124 -3190 -3253 -3275 -3219 -3195 -3400 -3591 -3595 -3516 -3402 -3334 -3268 -3290 -3555 -3690 -3582 -3414 -3503 -3734 -3820 -3731 -3567 -3221 -2971 -3027 -3243 -3281 -3239 -3161 -3269 -3300 -3301 -3328 -3372 -3386 -3454 -3555 -3565 -3567 -3597 -3464 -3352 -3270 -3207 -3299 -3385 -3377 -3338 -3523 -3681 -3627 -3610 -3418 -3443 -3333 -3351 -3380 -3331 -3294 -3242 -3081
-2989 -3019 -3032 -2938 -2964 -3146 -3230 -3150 -3092 -3217 -3366 -3332 -3268 -3252 -3258 -3261 -3395 -3564 -3536 -3430 -3271 -3363 -3560 -3540 -3521 -3563 -3451 -3364 -3444 -3626 -3627 -3497 -3364 -3391 -3416 -3266 -3104 -2888 -2961 -3136 -3123 -3278 -3449 -3797 -3942 -3922 -3762 -3693 -3719 -3683 -3523 -3344 -3411 -3574 -3547 -3527 -3477 -3470 -3261 -3338 -3244 -3302 -3385 -3447 -3397
-2836 -2845 -2891 -2878 -2954 -3124 -3181 -3147 -3134 -3203 -3246 -3221 -3204 -3233 -3278 -3267 -3262 -3264 -3276 -3242 -3167 -3117 -3064 -3056 -3307 -3432 -3475 -3482 -3561 -3624 -3613 -3498 -3065 -3221 -3392 -3215 -3043 -2885 -3004 -3190 -3176 -3208 -3064 -3218 -3479 -3846 -3953 -3872 -3829 -3768 -3342 -3344 -3477 -3524 -3419 -3410 -3478 -3326 -3040 -3362 -3287 -3278 -3595 -3656 -3627
-2716 -2755 -2793 -2864 -2934 -2955 -2979 -3024 -3037 -3054 -3073 -3090 -3102 -3197 -3299 -3243 -3146 -3101 -3019 -2981 -2971 -2857 -2804 -2955 -3108 -2845 -2988 -3243 -3442 -3498 -3658 -3643 -3547 -3560 -3478 -3310 -3191 -3254 -3421 -3497 -3473 -3263 -3026 -3002 -3187 -3488 -3836 -3965 -3834 -3621 -3186 -3102 -3144 -3400 -3487 -3521 -3566 -3491 -3427 -3569 -3181 -2994 -3284 -3513 -3520
-2725 -2756 -2719 -2741 -2831 -2895 -2926 -2910 -2908 -2912 -2950 -3010 -3002 -3110 -3429 -3521 -3380 -3217 -3051 -2970 -2950 -2878 -2802 -2795 -2780 -2571 -2522 -2740 -2862 -3037 -3409 -3594 -3708 -3705 -3641 -3542 -3503 -3623 -3744 -3809 -3798 -3532 -3300 -3293 -3471 -3542 -3643 -3739 -3712 -3673 -3476 -3621 -3483 -3555 -3582 -3636 -3602 -3479 -3381 -3421 -3260 -3254 -3323 -3438 -3411
-2438 -2439 -2545 -2688 -2810 -2913 -2967 -2969 -2966 -2985 -3029 -3099 -3065 -3237 -3620 -3713 -3520 -3246 -3019 -2906 -2918 -2920 -2778 -2562 -2383 -2308 -2342 -2469 -2623 -2853 -2908 -3356 -3616 -3677 -3712 -3668 -3682 -3760 -3858 -3888 -3860 -3690 -3597 -3683 -3885 -3851 -3521 -3352 -3568 -3746 -3525 -3647 -3794 -3771 -3691 -3779 -3781 -3461 -3465 -3359 -3198 -3294 -3393 -3506 -3428
-2223 -2325 -2532 -2637 -2674 -2784 -2825 -2907 -2906 -2909 -2920 -2965 -3075 -3382 -3778 -3863 -3732 -3216 -2797 -2838 -2990 -3043 -2868 -2574 -2346 -2265 -2354 -2586 -2639 -2682 -2786 -2936 -3024 -3129 -3422 -3614 -3618 -3717 -3871 -3959 -3878 -3756 -3844 -3956 -3973 -3895 -3562 -3436 -3686 -3832 -3694 -3665 -3667 -3629 -3633 -3683 -3692 -3515 -3630 -3576 -3308 -3188 -3153 -3272 -3460
-2227 -2285 -2368 -2392 -2533 -2766 -2819 -2782 -2814 -2843 -2859 -2895 -3122 -3453 -3795 -3763 -3761 -3568 -2963 -2911 -3068 -3129 -2930 -2480 -2262 -2341 -2480 -2592 -2574 -2643 -2746 -2664 -2533 -2568 -2707 -2787 -2857 -2987 -3186 -3405 -3502 -3803 -3932 -3932 -3772 -3700 -3570 -3675 -3728 -3699 -3614 -3591 -3607 -3324 -3292 -3236 -3272 -3302 -3309 -3379 -3368 -3274 -3229 -3387 -3456
-2044 -2167 -2241 -2284 -2461 -2705 -2804 -2933 -3037 -3046 -3082 -3001 -2919 -2837 -3109 -3494 -3807 -3636 -2911 -2441 -2595 -2958 -2978 -2651 -2460 -2553 -2575 -2459 -2526 -2864 -3195 -3164 -2939 -2812 -2760 -2649 -2529 -2327 -2191 -2506 -2943 -3428 -3685 -3805 -3644 -3383 -3342 -3519 -3571 -3383 -3196 -3337 -3497 -3228 -3128 -3146 -3083 -3131 -3270 -3393 -3574 -3698 -3630 -3571 -3503
-2079 -2203 -2235 -2268 -2409 -2641 -2795 -2810 -2959 -3071 -3063 -2718 -2064 -1398 -1491 -2538 -3612 -3827 -3291 -2616 -2402 -2631 -2812 -2687 -2509 -2595 -2541 -2503 -2814 -3262 -3443 -3361 -3175 -3027 -2936 -2769 -2483 -2331 -2279 -2583 -3037 -3400 -3444 -3459 -3321 -3097 -3026 -3164 -3280 -3199 -3111 -3263 -3351 -3174 -3258 -3447 -3457 -3355 -3466 -3589 -3684 -3793 -3777 -3632 -3533
-2170 -2209 -2212 -2238 -2406 -2571 -2521 -2407 -2579 -2771 -2780 -2562 -2108 -1536 -1544 -2471 -3505 -3813 -3510 -3092 -2851 -2777 -2784 -2645 -2348 -2244 -2244 -2452 -2834 -3154 -3208 -3113 -3001 -2953 -2969 -2950 -2805 -2639 -2814 -3179 -3401 -3446 -3493 -3497 -3350 -3224 -3271 -3286 -3151 -3036 -3109 -3336 -3405 -3319 -3278 -3314 -3489 -3588 -3595 -3471 -3395 -3376 -3492 -3577 -3606
-2162 -2194 -2235 -2261 -2340 -2454 -2404 -2295 -2411 -2602 -2728 -2701 -2484 -2158 -2139 -2700 -3403 -3573 -3248 -2959 -2921 -2967 -2962 -2686 -2236 -2031 -2083 -2231 -2476 -2811 -2979 -2899 -2861 -2949 -2960 -2908 -2945 -3008 -3198 -3271 -3189 -3270 -3339 -3252 -3065 -3066 -3342 -3543 -3284 -3072 -3185 -3438 -3474 -3344 -3255 -3313 -3522 -3654 -3572 -3245 -2955 -2836 -3116 -3469 -3598
-1956 -1946 -2005 -2123 -2204 -2272 -2367 -2388 -2403 -2526 -2696 -2726 -2629 -2421 -2257 -2443 -2887 -3031 -2697 -2391 -2590 -3032 -3228 -3169 -2867 -2783 -2761 -2562 -2475 -2800 -3209 -3293 -3245 -3192 -2982 -2717 -2887 -3083 -3158 -3042 -2900 -3380 -3416 -3228 -3082 -3365 -3890 -3943 -3598 -3446 -3412 -3343 -3305 -3293 -3241 -3235 -3251 -3360 -3405 -3323 -3270 -3252 -3405 -3553 -3465
-1873 -1837 -1848 -2013 -2135 -2127 -2241 -2334 -2361 -2368 -2405 -2556 -2749 -2771 -2585 -2461 -2433 -2376 -2203 -2109 -2388 -2816 -2977 -2957 -2922 -2873 -2943 -3179 -3140 -3091 -3257 -3286 -3346 -3306 -3068 -2720 -2666 -2943 -3041 -2960 -3054 -3618 -3645 -3460 -3415 -3648 -3705 -3419 -3418 -3491 -3296 -2989 -2961 -3030 -3031 -2984 -2893 -2929 -3151 -3463 -3649 -3709 -3622 -3590 -3489
-1812 -1780 -1838 -2055 -2157 -2171 -2180 -2136 -2200 -2227 -2235 -2445 -2732 -2832 -2733 -2674 -2602 -2584 -2589 -2574 -2573 -2649 -2718 -2574 -2499 -2580 -2829 -3116 -3141 -2979 -3088 -3091 -3220 -3311 -3227 -3055 -2968 -3110 -3119 -3241 -3412 -3728 -3735 -3597 -3654 -3808 -3690 -3532 -3563 -3500 -3284 -3183 -3406 -3420 -3364 -3327 -3347 -3408 -3465 -3483 -3460 -3419 -3356 -3410 -3368
-1726 -1795 -1824 -1878 -1933 -2028 -2097 -2030 -1932 -1992 -2147 -2349 -2364 -2538 -2658 -2750 -2842 -2911 -2941 -2850 -2715 -2735 -2726 -2473 -2302 -2652 -3156 -3240 -2935 -2244 -2513 -3013 -3286 -3266 -3231 -3262 -3198 -3086 -3152 -3474 -3661 -3672 -3685 -3688 -3855 -3830 -3685 -3533 -3387 -3267 -3188 -3245 -3504 -3682 -3684 -3687 -3697 -3570 -3381 -3251 -3178 -3172 -3230 -3281 -3250
-1765 -1853 -1840 -1845 -1887 -2007 -2098 -2154 -2237 -2325 -2387 -2479 -2460 -2665 -2857 -2899 -2905 -2947 -2961 -2844 -2708 -2671 -2586 -2493 -2433 -2850 -3246 -3257 -2988 -2478 -2320 -2701 -3207 -3241 -3211 -3254 -3225 -3007 -2902 -3211 -3596 -3669 -3705 -3692 -3728 -3717 -3559 -3389 -3267 -3190 -3024 -3004 -3198 -3308 -3318 -3348 -3460 -3435 -3252 -3084 -3011 -3059 -3172 -3167 -3153
-1825 -1872 -1908 -1953 -1923 -1989 -2181 -2375 -2459 -2534 -2695 -2733 -2730 -2780 -2845 -2908 -2927 -2910 -2832 -2756 -2640 -2495 -2332 -2438 -2683 -2967 -3322 -3476 -3488 -3249 -2783 -2733 -3146 -3270 -3241 -3196 -3114 -2819 -2627 -2746 -3034 -3455 -3410 -3303 -3224 -3195 -3235 -3216 -3125 -3041 -2996 -3152 -3260 -3228 -3088 -3035 -3089 -3141 -3089 -2990 -2977 -3080 -3182 -3220 -3139
