Resources/Map/Lvl0_30x30/Ele_ED.asc
ncols         335
nrows         335
xllcorner     -9995000
yllcorner     -6725000
cellsize      10000
nodata_value  -99999.0
[rows 182 to 207 of 335, columns 60 to 119 of 335]
-3805.856 -3829.0603 -3613.8787 -3411.6633 -3563.4822 -3714.364 -3605.0725 -3555.0369 -3534.5557 -3640.6719 -3733.3616 -3685.9546 -3619.6572 -3659.6184 -3704.5042 -3703.6555 -3662.3384 -3601.8989 -3685.5774 -3732.9077 -3667.4399 -3652.5659 -3649.7749 -3626.3748 -3610.9236 -3633.7307 -3640.5427 -3597.2085 -3644.3855 -3642.3469 -3453.1055 -3324.5959 -3425.9609 -3621.541 -3698.6592 -3667.6101 -3642.8667 -3677.5786 -3759.6221 -3850.0071 -3921.9653 -3881.6694 -3819.4802 -3789.9194 -3739.9021 -3748.1035 -3914.5244 -4160.1709 -4306.3613 -4334.7031 -4397.04 -4435.2251 -4302.9937 -4186.6343 -4285.7104 -4220.5796 -3922.9014 -3852.7974 -3876.7207 -3713.7114
-3880.3037 -3788.114 -3504.3525 -3398.2881 -3471.7107 -3687.0242 -3769.9175 -3709.4087 -3637.5186 -3653.6145 -3598.9363 -3553.2161 -3574.5732 -3646.1877 -3718.4983 -3687.2344 -3593.4856 -3559.5574 -3589.9873 -3581.291 -3638.0569 -3739.8176 -3626.053 -3333.5066 -3178.2139 -3259.7583 -3342.6711 -3450.561 -3715.8411 -3868.614 -3878.4275 -3903.0559 -3853.5342 -3759.6001 -3701.5022 -3673.8533 -3674.4788 -3738.1025 -3840.9802 -3811.7356 -3726.001 -3670.4604 -3676.5605 -3708.4771 -3753.5781 -3870.6426 -4072.7446 -4216.9844 -4291.0483 -4396.5313 -4416.6611 -4272.7432 -4119.5259 -4167.9033 -4238.3477 -4100.8794 -3968.2236 -3913.1775 -3870.3557 -3833.3337
-3890.6528 -3874.9688 -3803.5127 -3702.9753 -3616.9409 -3780.3521 -3846.7056 -3665.2642 -3575.2874 -3653.6484 -3651.3428 -3564.6497 -3519.3215 -3584.3899 -3698.9495 -3617.6685 -3582.2249 -3571.0798 -3494.4177 -3513.7971 -3717.8638 -3911.6426 -3750.4153 -3373.4546 -3237.3862 -3342.0979 -3494.6362 -3715.3601 -3953.094 -3956.4094 -3780.7007 -3730.4658 -3756.3315 -3752.1548 -3737.823 -3718.5432 -3698.4653 -3704.1912 -3739.5603 -3709.2065 -3675.9016 -3652.6223 -3602.0078 -3705.6592 -3926.3325 -3989.355 -4013.0237 -4087.793 -4257.4331 -4388.9116 -4290.4834 -4130.4746 -3989.4758 -4132.0122 -4217.7866 -3930.0579 -3836.5938 -3873.6064 -3823.1057 -3931.2202
-3861.8672 -3846.1873 -3807.4871 -3696.5898 -3613.908 -3768.4583 -3765.0156 -3573.3096 -3579.7744 -3662.7112 -3660.5911 -3591.406 -3580.2471 -3545.2651 -3622.2361 -3616.8835 -3604.8125 -3547.7913 -3448.9441 -3535.1697 -3765.5806 -3890.813 -3722.1404 -3461.4084 -3364.6934 -3457.4866 -3645.4578 -3785.1306 -3876.8745 -3863.2148 -3761.6008 -3752.6831 -3758.9495 -3724.4526 -3718.7813 -3702.874 -3643.3914 -3636.624 -3682.1511 -3649.0156 -3630.5725 -3702.6604 -3709.6853 -3817.644 -4089.4138 -4105.6079 -4009.8892 -4102.1196 -4334.7378 -4464.9531 -4390.9487 -4316.0967 -4085.7253 -4090.666 -4244.9775 -4045.0266 -3919.3154 -3997.1475 -4049.5632 -4065.2026
-3883.981 -3878.1333 -3866.5815 -3806.7122 -3722.9995 -3731.0769 -3749.1484 -3703.9119 -3664.4734 -3608.957 -3557.8113 -3566.241 -3599.3752 -3552.1895 -3609.9292 -3676.3362 -3656.8411 -3622.7214 -3583.4563 -3629.5459 -3766.009 -3791.3945 -3597.2 -3420.4626 -3391.0042 -3534.7319 -3713.0298 -3713.99 -3700.2437 -3782.3464 -3824.3921 -3781.6296 -3687.0647 -3613.1516 -3602.2759 -3595.5261 -3523.6208 -3515.3889 -3601.3479 -3679.0371 -3684.4167 -3714.939 -3770.2693 -3894.1978 -4183.1162 -4311.8403 -4352.1406 -4488.3164 -4527.3203 -4548.8525 -4557.6973 -4501.5356 -4407.7979 -4413.7017 -4328.7417 -4166.2275 -4211.7188 -4215.6777 -4114.9106 -3948.3972
-3963.1711 -3980.4131 -3936.8999 -3812.2249 -3719.8633 -3816.4856 -3915.8623 -3852.5923 -3688.8564 -3652.8201 -3633.1909 -3576.0786 -3580.5117 -3633.5171 -3680.4475 -3745.4463 -3713.3716 -3687.0115 -3705.2405 -3744.3271 -3911.6736 -3927.0762 -3613.5684 -3322.7412 -3309.1919 -3516.0566 -3643.4626 -3555.458 -3626.7717 -3854.0532 -3777.5247 -3486.4128 -3379.5286 -3371.3369 -3356.0801 -3374.8901 -3324.512 -3323.8188 -3408.9277 -3589.9048 -3731.0273 -3794.2634 -3899.4316 -4095.9404 -4332.8784 -4451.8091 -4561.0103 -4738.2715 -4689.1289 -4643.6504 -4665.6904 -4470.9634 -4205.1255 -4149.3647 -4010.8906 -3731.2102 -3853.1963 -3924.1853 -3696.5776 -3430.8384
-3907.9241 -3991.4812 -3925.1667 -3796.6389 -3890.0615 -4021.2786 -4027.0933 -3845.9146 -3700.5872 -3589.6816 -3488.1301 -3488.5186 -3561.7605 -3620.8909 -3597.8787 -3601.8816 -3549.7566 -3507.6875 -3658.0698 -3783.5432 -3903.1968 -3950.7563 -3716.6514 -3437.6682 -3418.8286 -3553.782 -3621.1506 -3594.4077 -3719.3752 -3934.0166 -3800.9673 -3481.0393 -3382.2483 -3288.7603 -3142.0813 -3184.2473 -3244.8953 -3317.1604 -3445.2881 -3572.8093 -3745.0635 -3911.6519 -3993.6206 -4141.5146 -4322.8242 -4357.7085 -4320.4585 -4503.1709 -4401.8657 -4036.8975 -3945.2732 -3772.0764 -3554.2913 -3661.7146 -3860.8284 -3730.5608 -3716.7556 -3813.0381 -3740.1929 -3562.2327
-3590.4724 -3664.2322 -3542.53 -3518.3394 -3840.6531 -3920.5852 -3767.9294 -3499.7688 -3568.269 -3685.5012 -3577.0571 -3456.5015 -3497.5742 -3564.8191 -3579.6741 -3580.7578 -3504.4795 -3403.3782 -3534.4006 -3625.136 -3586.3206 -3653.687 -3703.9968 -3676.418 -3695.6611 -3764.8545 -3800.8074 -3820.4749 -3855.0488 -3907.437 -3837.2241 -3788.7114 -3923.188 -3976.3767 -3874.738 -3892.53 -4011.8347 -4064.1917 -3968.6433 -3860.5293 -3747.5496 -3569.9412 -3543.5496 -3729.8875 -3954.9458 -4050.1536 -4051.0457 -4230.854 -4112.6709 -3842.3977 -3720.2695 -3713.9368 -3710.9436 -3774.3994 -3922.4988 -3928.8176 -3850.1572 -3811.5029 -3707.9626 -3540.3748
-3542.4849 -3454.7483 -3503.1897 -3638.5093 -3746.2646 -3620.0464 -3545.4204 -3428.1726 -3421.2227 -3581.4316 -3589.0471 -3430.8418 -3467.1482 -3601.7161 -3653.5422 -3619.1672 -3577.157 -3540.8091 -3621.1899 -3716.8635 -3766.5396 -3848.2122 -3914.7607 -3894.5759 -3837.5554 -3868.2542 -3919.5842 -3926.3245 -3830.4551 -3678.7014 -3583.9395 -3651.751 -3932.7263 -4091.6597 -3992.469 -3884.9036 -3977.3093 -4095.7041 -4005.7542 -3835.8057 -3643.7075 -3440.3723 -3443.0737 -3577.7234 -3748.2141 -3893.782 -4159.1313 -4409.9453 -4253.9224 -4097.0288 -4036.9028 -4015.9019 -3879.1267 -3780.3511 -3726.0771 -3643.6563 -3622.7476 -3637.8525 -3660.4275 -3703.6936
-3836.5889 -3815.7673 -3910.5991 -3923.8066 -3829.2798 -3724.3333 -3756.1021 -3764.8057 -3668.8196 -3573.3938 -3517.104 -3445.7581 -3476.3809 -3548.8765 -3597.5107 -3639.248 -3632.7925 -3612.6067 -3689.1538 -3861.0315 -4022.8357 -4062.395 -4054.7932 -4053.6301 -4017.3376 -4028.6523 -4069.2378 -4040.71 -3961.9055 -3835.1106 -3740.3115 -3771.6963 -3864.9216 -3837.7805 -3729.8604 -3647.5291 -3783.2307 -4070.616 -4197.1079 -4126.9844 -3975.3765 -3767.1228 -3692.1299 -3695.0024 -3586.2124 -3574.3167 -3878.7671 -4074.9648 -3906.3032 -3754.478 -3644.9709 -3513.644 -3378.178 -3317.5186 -3223.8594 -3170.8416 -3385.5776 -3612.979 -3744.6777 -3842.4927
-4005.02 -4044.5688 -4071.7644 -3984.8394 -3984.0229 -3944.4534 -3941.9919 -3919.2815 -3925.8835 -3812.4214 -3690.1526 -3683.3079 -3675.8152 -3647.6807 -3691.1611 -3733.7126 -3760.3579 -3759.7578 -3758.7183 -3906.5972 -4069.0239 -3974.4475 -3858.2219 -3984.1462 -4156.1353 -4183.4746 -4062.1191 -3952.0598 -3953.4092 -3872.8857 -3837.6936 -3980.8118 -4016.3091 -3840.5459 -3712.562 -3651.5647 -3678.0012 -3884.2107 -4096.0347 -4226.8911 -4275.5649 -4153.4717 -4026.373 -3922.5962 -3721.334 -3582.3645 -3586.5803 -3546.4224 -3493.4426 -3540.2334 -3491.4111 -3278.9072 -3204.3057 -3273.4746 -3256.1953 -3286.4038 -3546.5791 -3690.7097 -3670.9106 -3693.7783
-4111.3071 -4140.9238 -4041.2456 -3944.4458 -3962.8442 -4014.4871 -4033.969 -3964.8047 -3926.3132 -3880.2183 -3861.623 -3921.0398 -3932.4744 -3929.3442 -3969.8716 -3972.9812 -3989.2429 -3991.2705 -3959.8479 -4072.7625 -4186.0903 -4048.5107 -3869.6536 -3976.3538 -4256.1353 -4265.3311 -3965.5901 -3824.6594 -3928.324 -3869.3914 -3778.8625 -3924.7339 -4043.6418 -3959.2825 -3893.196 -3903.616 -3927.5923 -3935.9451 -3926.7502 -4000.5957 -4124.8818 -4122.9189 -4048.3127 -3978.2083 -3863.3635 -3734.8362 -3717.1208 -3716.2246 -3754.7283 -3917.499 -3940.0598 -3748.1118 -3728.0811 -3868.2231 -3805.689 -3676.7495 -3768.749 -3812.1926 -3753.0806 -3723.5391
-3983.3376 -3966.8601 -3894.7776 -3892.6584 -3862.667 -3887.7529 -3987.8716 -3991.2844 -3927.5769 -3946.4077 -3994.7861 -4028.0313 -4081.3242 -4122.7905 -4118.1372 -4088.209 -4071.0684 -4027.1968 -4043.3838 -4113.1929 -4118.8491 -4040.7617 -3910.4851 -3875.1848 -4053.365 -4143.5083 -3974.1716 -3855.6184 -3979.7148 -4047.8823 -3922.405 -3916.4568 -3988.645 -3891.6938 -3796.2336 -3871.3972 -4005.4739 -3962.1399 -3798.8413 -3772.1487 -3823.2358 -3801.6604 -3758.823 -3796.5374 -3843.519 -3812.3352 -3852.7473 -3969.9519 -3981.9194 -4038.8042 -4129.2368 -4071.4431 -4070.7725 -4179.3115 -4086.572 -3878.4956 -3878.9744 -3955.8176 -3950.7268 -3843.5784
-3972.7192 -3881.3838 -3913.564 -3965.03 -3895.6416 -3860.6917 -3947.7039 -3971.9153 -3950.541 -4029.0076 -4019.6943 -3899.4009 -3990.1399 -4100.2881 -4097.5444 -4059.6582 -4031.7795 -3995.9683 -4026.4048 -4030.8171 -3964.3262 -3904.2131 -3874.1965 -3855.845 -3863.7405 -3944.835 -3982.6748 -3894.9983 -3946.6924 -4163.3013 -4108.4307 -3942.6646 -3895.9995 -3872.1563 -3849.7781 -3952.2991 -4063.4602 -4027.0737 -3972.5554 -3979.2253 -3994.2285 -3989.1792 -4006.0759 -4041.0076 -4042.5083 -4031.4768 -4044.1047 -4060.1179 -3994.332 -4028.8479 -4144.8521 -4141.978 -4095.3616 -4094.5823 -4035.6812 -3966.1755 -3953.4575 -3936.2852 -3977.0901 -3921.7078
-4090.7161 -3986.0981 -3975.4001 -4008.7173 -3990.7637 -3948.2634 -4003.0911 -4031.7324 -3990.9397 -4092.1443 -4038.2722 -3681.4233 -3789.0813 -4015.9536 -4065.9385 -4092.2139 -4068.2888 -4059.4802 -4073.5366 -4036.6892 -3963.4104 -3853.9077 -3836.5767 -3930.6909 -3956.7986 -3986.7283 -3995.6682 -3880.8445 -3950.9167 -4174.0791 -4024.4761 -3761.5466 -3772.6099 -3905.97 -3974.5354 -4079.3962 -4190.3696 -4163.0791 -4090.804 -4137.3154 -4206.8286 -4132.439 -4038.2183 -4043.02 -4087.158 -4108.6895 -4079.1479 -3980.8245 -3944.7605 -3993.7124 -4039.5613 -4101.3691 -4100.873 -3999.7327 -3938.6011 -3976.0222 -4033.8774 -4013.7988 -4001.8777 -3976.3154
-4213.2056 -4125.6826 -4078.6609 -4105.4536 -4111.4961 -4031.6697 -4016.7937 -4033.72 -4003.53 -4175.2026 -4235.3662 -3857.4033 -3798.7874 -3951.0986 -4068.05 -4159.8306 -4046.7952 -4012.7747 -4114.5732 -4125.1177 -4054.0591 -3894.3579 -3883.678 -4035.1523 -4120.9712 -4122.1177 -4006.636 -3830.0659 -3989.3542 -4294.856 -4116.9463 -3730.8201 -3719.8093 -3914.3333 -4034.489 -4162.2148 -4244.271 -4074.6135 -3865.6636 -4010.1414 -4202.7212 -4132.6768 -3973.95 -3940.741 -4013.0032 -4079.6216 -4048.7327 -3936.1191 -3973.4563 -4029.8557 -4029.8572 -4047.238 -4040.5244 -4025.5117 -4045.6797 -4032.7844 -4082.2627 -4099.5176 -4035.2793 -4005.48
-4209.2285 -4208.6685 -4160.4028 -4118.415 -4140.0918 -4134.1099 -4068.6272 -4065.3301 -4075.1145 -4193.6313 -4317.5649 -4108.1499 -3915.2549 -3973.2622 -4136.6978 -4161.0322 -3997.4031 -4038.5073 -4209.144 -4224.0215 -4184.8628 -4055.9094 -3974.4524 -4100.981 -4183.4897 -4104.4326 -3930.6006 -3761.8157 -3949.0688 -4411.729 -4448.2173 -4026.9304 -3835.1934 -3990.1982 -4155.0981 -4263.7466 -4284.0781 -4047.1021 -3749.0459 -3818.2148 -4033.2053 -4111.2158 -4115.9736 -4079.0439 -4056.6489 -4094.7517 -4061.5264 -3982.2375 -4008.2756 -4053.6501 -4056.8479 -4015.8279 -4009.1228 -4135.1045 -4172.605 -4085.6326 -4101.5894 -4074.6646 -3996.6453 -3986.7725
-4218.5127 -4229.9639 -4106.3979 -3999.4844 -4040.5303 -4151.0225 -4165.709 -4171.1084 -4132.1309 -4145.3989 -4214.1187 -4103.5249 -3903.0105 -3824.1187 -3925.4587 -4048.3887 -4033.1348 -4091.1462 -4187.2676 -4182.8794 -4214.5059 -4182.5776 -4088.5 -4156.1924 -4192.2305 -4076.0371 -3983.7058 -3912.1035 -3973.6938 -4245.5571 -4320.3623 -4048.9456 -3827.7981 -3870.9102 -3986.854 -4030.8794 -4088.3921 -4106.876 -3974.7373 -3918.2947 -4024.0608 -4147.9937 -4206.6152 -4154.979 -4068.8147 -4084.6331 -4134.8882 -4121.9263 -4071.4084 -4053.4602 -4071.3684 -4056.1736 -4020.9673 -4095.4131 -4113.1123 -4074.5376 -4094.8862 -4033.1025 -3985.7246 -3981.6499
-4321.3877 -4305.3125 -4169.7876 -4070.5454 -4061.7913 -4141.9214 -4194.8179 -4203.085 -4200.1514 -4194.4531 -4172.0923 -4165.9028 -4067.4363 -3858.3328 -3823.6602 -4068.51 -4188.8853 -4150.9204 -4111.4707 -4102.9302 -4182.7256 -4228.3784 -4188.23 -4181.9482 -4143.4722 -4088.5728 -4143.7842 -4143.4819 -4021.062 -4035.0078 -4106.8706 -3954.8989 -3756.0813 -3804.0767 -3914.0872 -3899.9854 -3975.9688 -4159.814 -4215.4087 -4129.8916 -4081.4607 -4121.5522 -4136.8232 -4110.3438 -4053.2397 -4046.9258 -4103.0913 -4154.0884 -4150.8325 -4084.7786 -4072.6826 -4104.5288 -4063.8303 -4018.855 -4018.751 -4008.5303 -4008.8997 -4013.4775 -4016.6702 -3987.2402
-4389.1563 -4362.0835 -4316.9077 -4279.9541 -4215.8091 -4206.8149 -4196.0322 -4213.9189 -4265.8228 -4237.3398 -4225.5103 -4280.5093 -4246.9502 -4072.0911 -3985.7285 -4144.3086 -4259.2803 -4199.9888 -4117.8301 -4092.804 -4111.9136 -4144.1699 -4179.6519 -4182.9258 -4127.1455 -4109.5928 -4169.5776 -4193.6011 -4027.2405 -3990.4802 -4220.7544 -4111.7402 -3709.6274 -3703.0457 -3971.0828 -4100.6396 -4136.623 -4189.0503 -4274.1934 -4239.5073 -4103.8555 -4055.1687 -4078.7234 -4063.5007 -3993.9285 -4024.4478 -4082.3467 -4112.5884 -4141.2295 -4116.3252 -4100.1016 -4095.1985 -4087.0269 -4036.022 -3988.3083 -3949.043 -3972.6001 -4060.6516 -4014.3989 -3888.6716
-4446.4346 -4454.3496 -4439.2661 -4389.499 -4354.021 -4334.1685 -4227.6621 -4240.7637 -4349.7437 -4326.3618 -4295.9414 -4277.6855 -4237.8604 -4176.0806 -4105.106 -4119.2075 -4246.23 -4267.4448 -4177.9497 -4106.4893 -4046.3157 -4040.2842 -4099.9419 -4148.8271 -4156.7749 -4057.6089 -3967.9946 -4076.1472 -4046.3037 -3943.0452 -4154.5239 -4217.1001 -3816.0452 -3605.7827 -3860.8252 -4147.9805 -4120.21 -3976.876 -4090.8215 -4247.7935 -4162.5142 -4041.708 -4061.5981 -4007.9888 -3922.6519 -4013.7144 -4076.1975 -4091.4646 -4130.7505 -4127.481 -4087.1089 -4021.0474 -4048.8413 -4050.0227 -3972.6143 -3941.1309 -3993.1196 -4047.73 -3929.9585 -3786.8396
-4581.4937 -4642.9492 -4620.8037 -4498.1313 -4426.4102 -4391.6719 -4280.6714 -4264.2026 -4366.707 -4357.8135 -4271.6865 -4221.8276 -4232.8257 -4287.082 -4249.8101 -4141.4609 -4207.373 -4265.4849 -4188.6724 -4106.0659 -4053.3735 -4047.4849 -4075.575 -4079.3577 -4132.9678 -4051.9636 -3885.6289 -3993.8862 -4113.6328 -3967.2437 -3957.1311 -4213.6826 -4173.9385 -3816.9802 -3698.1465 -3889.2639 -3932.3447 -3856.4053 -4009.0779 -4210.4941 -4153.6724 -4048.6606 -4069.7751 -4013.8445 -3992.3865 -4046.9446 -4005.4102 -4036.1953 -4139.7393 -4122.2202 -4035.1252 -3970.8489 -4010.448 -4010.2236 -3952.4128 -3951.1589 -3973.2971 -3960.8496 -3863.7185 -3843.6123
-4563.6064 -4634.1245 -4731.4229 -4670.9795 -4492.0278 -4394.8579 -4375.5479 -4359.5669 -4367.0098 -4318.8105 -4264.7012 -4277.8818 -4254.2998 -4293.457 -4347.5645 -4272.4365 -4220.2227 -4233.3989 -4224.5317 -4144.9204 -4095.8801 -4090.5891 -4071.9636 -4015.7673 -4061.9214 -4091.1038 -3995.3574 -3992.1563 -4073.2722 -3951.8145 -3814.697 -4081.8643 -4421.127 -4262.3394 -3885.1284 -3839.1563 -3980.1318 -4082.5374 -4155.4155 -4153.4663 -4062.0117 -4039.0603 -4061.6816 -4042.3884 -4081.9592 -4044.3459 -3936.781 -3988.9929 -4085.564 -4049.8772 -4012.5007 -3998.5747 -3990.8386 -3941.5706 -3884.3301 -3919.8674 -3913.2268 -3881.4106 -3863.396 -3886.7419
-4374.2021 -4446.5088 -4700.6313 -4798.3379 -4610.3472 -4442.2886 -4448.9834 -4434.2446 -4350.1577 -4297.167 -4377.3921 -4425.5977 -4271.0835 -4205.749 -4309.7769 -4347.9658 -4277.6606 -4232.3652 -4252.6494 -4200.6982 -4111.4585 -4071.6902 -4065.2705 -4058.7817 -4075.8914 -4126.2197 -4104.5547 -4034.8762 -4010.7244 -3935.0044 -3887.522 -4090.478 -4483.4043 -4573.9214 -4236.0317 -3936.0586 -3928.385 -4037.8777 -4053.187 -4013.8154 -4018.2915 -4056.5471 -4052.7771 -4028.0239 -4004.936 -3950.3269 -3926.1873 -3976.3799 -3991.9404 -3927.8018 -3966.4714 -4014.6624 -3949.4917 -3864.1392 -3790.2166 -3836.9939 -3861.5664 -3848.7078 -3855.4482 -3854.0432
-4330.5586 -4404.7227 -4591.3364 -4688.502 -4627.626 -4548.52 -4548.0259 -4509.6689 -4404.5723 -4362.0586 -4425.4355 -4422.9888 -4312.8096 -4215.0215 -4242.897 -4335.1826 -4318.3066 -4230.7813 -4226.6553 -4234.1563 -4148.1167 -4081.4558 -4077.2234 -4095.3652 -4063.1882 -4092.9678 -4177.2212 -4137.9102 -4016.4507 -3945.8438 -3991.6233 -4147.2002 -4370.9282 -4478.4126 -4298.373 -3952.8933 -3800.4851 -3876.2585 -3889.1345 -3836.6694 -3876.1174 -3977.1807 -4006.9546 -3998.3074 -3956.8799 -3911.4167 -3855.905 -3833.738 -3874.9314 -3854.4011 -3872.9829 -3943.3572 -3927.4307 -3866.9048 -3782.8027 -3754.7815 -3769.9282 -3805.3394 -3840.8674 -3844.7441
-4598.0674 -4585.126 -4554.4224 -4517.9238 -4573.249 -4662.1831 -4666.0479 -4592.6279 -4469.7075 -4353.4756 -4324.0718 -4353.5444 -4376.8486 -4286.6011 -4205.5059 -4239.5884 -4265.7114 -4218.6152 -4210.9233 -4217.1108 -4165.4819 -4116.999 -4100.8306 -4056.1382 -3990.5015 -4037.5896 -4175.4458 -4157.7095 -3974.5715 -3865.9883 -3921.3911 -4053.5552 -4136.915 -4175.3159 -4130.3564 -3951.0874 -3853.5522 -3915.1599 -3893.5212 -3793.1162 -3819.7549 -3944.761 -3973.939 -3996.2627 -4063.322 -4049.4287 -3906.0557 -3802.2019 -3840.6096 -3858.9224 -3855.1306 -3906.0408 -3951.741 -3945.1997 -3881.2412 -3793.1182 -3788.0034 -3865.9031 -3906.9741 -3891.178
