Resources/Map/Lvl0_30x30/Ele_BF.asc
ncols         335
nrows         335
xllcorner     -3295000
yllcorner     3325000
cellsize      10000
nodata_value  -99999.0
[rows 200 to 224 of 335, columns 232 to 289 of 335]
234.7941 208.4109 608.2534 394.8174 822.8649 919.8351 772.7018 686.9926 675.5883 907.7125 996.3223 883.2936 803.7675 672.2948 441.8762 743.1929 771.5232 704.7645 869.4502 943.7217 928.0478 1169.6167 850.2682 840.7469 886.8332 996.2977 877.2473 868.0219 844.4576 808.812 765.4538 750.9879 729.324 714.16 705.5566 729.2111 726.2737 715.9725 722.3736 750.3557 775.1595 743.0652 746.8735 754.5668 797.2374 833.0162 863.8408 732.9708 790.3578 828.0552 844.6327 904.4775 914.4923 879.3298 899.8652 954.1656 952.8292 1034.6646
288.7396 351.5165 703.1372 132.4583 421.502 317.0744 541.9515 708.7641 1170.2742 1234.5364 1102.8168 1083.6936 739.3427 711.0435 400.5013 682.5313 741.4008 644.7949 706.184 880.453 789.5153 861.0821 678.6971 733.3904 757.1288 832.6417 833.382 894.0273 948.3412 965.316 866.9534 799.5432 749.0713 713.5339 700.6994 686.1152 683.8092 688.1888 705.4274 733.8059 738.9167 779.0438 831.6823 849.6458 854.5249 835.7026 776.7518 790.2242 787.4348 815.1634 855.7773 915.4592 915.8317 917.5068 912.5525 928.234 919.8796 959.5358
128.1691 61.2858 147.532 187.9855 444.0379 800.4406 773.8605 1134.0378 837.1111 1074.9176 940.8622 883.2062 779.7932 559.2949 392.49 680.3859 716.6127 534.3478 542.0532 855.7551 871.0316 802.55 594.539 667.1735 661.6218 750.2692 883.6923 791.0294 784.6873 889.0126 850.1109 814.3692 702.4583 700.8489 681.8914 691.3536 710.1744 742.6905 705.3503 722.5385 834.2623 836.9189 844.7266 851.536 828.3532 734.0076 751.6915 838.36 825.519 839.6653 867.2437 852.2223 902.1606 841.5165 851.7573 869.0339 859.1472 881.6658
128.603 149.6073 207.6341 143.1796 298.5421 555.5002 253.6564 603.141 714.9819 959.2141 965.996 820.8567 552.0826 526.3249 728.5486 708.7616 487.8954 395.052 520.2755 643.7589 976.4542 784.3453 815.106 667.5231 633.5721 816.6841 824.5552 846.2849 823.4802 721.8381 763.7066 754.0183 707.6706 698.0347 677.7062 671.1589 693.3307 727.7786 781.7863 803.9895 819.6837 796.1347 814.0327 837.5867 746.1432 739.9727 750.2878 827.8338 820.9729 868.9286 888.6691 862.7964 887.2532 774.5222 775.6334 798.0024 814.3736 857.3044
172.0589 143.927 96.7807 53.2767 222.2213 278.8395 391.3069 509.0562 871.6265 943.4283 567.7264 504.237 660.2386 661.2476 829.1324 459.874 358.8815 284.2976 499.1784 706.9619 663.0207 735.3525 663.7783 627.6249 641.109 696.7045 774.7944 761.7208 706.7355 792.8353 780.5295 716.4927 717.366 696.4998 646.4374 726.0109 726.7013 725.0343 737.708 725.615 727.7322 823.6208 791.5706 728.4595 698.8425 728.4999 719.4583 726.5974 823.399 878.2817 843.5815 753.4465 823.8486 876.5575 920.0343 862.8663 881.3401 927.7817
34.4332 119.5452 196.9854 175.954 160.1115 395.7648 439.4143 675.4932 318.6402 354.0752 736.3589 934.4575 859.7395 823.9272 677.632 467.7204 387.088 251.4694 417.3593 521.4973 617.7007 658.706 556.9305 526.429 579.25 713.9452 759.7323 673.699 746.3403 728.3481 731.5831 741.9312 690.7692 637.0277 628.7932 641.4532 659.444 642.9309 696.232 688.1902 691.5884 686.4182 677.7599 702.1426 699.1923 700.4968 778.5026 854.7842 866.0048 887.3298 891.6744 898.9399 826.7546 912.3218 960.1396 1008.9505 1084.7538 1054.3009
66.6244 48.3354 104.6544 129.5135 276.1366 387.8692 458.5648 609.9213 305.2419 509.7021 1091.4895 909.0395 911.1824 809.0651 465.8622 445.2288 343.2811 245.9978 510.5626 801.6791 523.8652 368.4487 535.5003 663.8372 683.9421 698.7979 675.9368 719.3564 759.8538 792.9756 754.5281 745.774 715.9581 724.236 717.4941 712.8978 751.6372 745.5035 680.533 675.8099 717.8491 708.8795 740.4778 761.0995 715.0287 778.9133 746.5322 816.4233 838.8158 875.3403 872.3684 852.4729 897.5336 897.4006 1104.554 1164.139 1088.1156 1002.062
47.3835 62.0806 128.1993 314.0396 314.8271 347.635 399.6447 270.9011 295.42 771.7014 911.0258 543.713 767.4852 552.813 707.0308 364.9781 382.0578 530.225 254.303 446.7361 390.3774 428.4083 697.6378 779.2205 738.3715 559.29 690.2448 757.3273 775.4258 789.0157 808.8802 813.9271 785.942 830.6124 806.0306 776.8639 772.8368 727.0317 759.6085 742.642 739.2654 734.9706 741.2319 733.5558 740.6442 770.4425 755.1937 757.9148 768.8225 793.6945 832.9595 873.4292 874.8488 896.5962 991.2324 1032.5404 959.4395 1051.1837
30.6425 78.7323 133.8173 283.0981 272.1282 267.3395 219.3512 246.2185 558.6517 948.0272 399.2066 420.6015 586.8206 471.6267 405.9728 620.0184 730.7291 534.5002 258.5587 355.0339 359.3799 513.0899 698.3685 625.8448 610.6835 759.7862 750.0801 726.6799 753.4675 778.1867 817.1795 862.4159 887.1879 855.3897 844.3829 848.2286 810.0818 761.3494 787.0148 758.3936 749.1758 743.1874 730.6675 750.2655 765.3591 805.1679 776.1617 786.1354 803.1136 816.4067 873.3531 880.758 894.5692 932.7006 961.7891 989.1416 1006.6606 1093.6958
4.985 50.865 149.2369 113.9731 329.3817 318.7805 414.8188 528.7563 544.3758 389.2018 187.8186 190.1696 373.1284 317.2409 480.5434 346.1713 191.9083 212.578 333.4876 609.8045 405.6303 695.5895 554.3564 717.2426 723.5173 739.1806 774.3704 805.7531 794.7249 776.2924 779.6564 797.0581 819.1379 830.2461 821.5478 841.0841 846.6926 819.8859 771.4091 785.123 776.6543 774.8384 767.7228 771.9472 799.5875 800.1755 834.8474 805.4315 813.9064 885.8185 860.9693 890.0143 950.753 1048.708 1042.8306 1131.2504 1206.543 1615.343
-6.1523 71.7417 174.5255 90.0356 111.0007 229.6911 573.4967 680.9102 757.8348 888.4243 577.42 694.9841 693.4845 722.4905 767.2021 580.9725 543.2677 450.7636 341.6378 369.7599 399.9404 326.6379 606.9399 682.2009 700.9756 746.1781 762.7665 798.3206 829.7988 803.8154 796.3236 776.7004 773.4319 791.8187 793.7476 818.6249 846.3865 838.2842 820.719 809.9332 814.2451 819.0415 798.3748 835.7931 832.2189 845.9681 888.1887 850.2449 928.6202 867.2011 940.1865 971.566 1019.9288 1136.2542 1414.7755 1444.4491 1343.8229 1094.2849
-8.7272 62.6554 219.449 283.571 234.2612 459.6297 431.9995 662.5643 1060.8138 918.4834 913.7874 927.0177 773.5726 644.5214 776.5404 828.2561 630.8825 450.266 451.2194 519.5422 492.9274 549.2061 660.1892 687.7458 667.332 739.0801 787.1772 792.0133 815.2272 837.5723 819.8808 799.1804 820.902 812.4073 811.3491 792.5647 787.5084 835.5765 849.4326 855.1182 869.4775 863.9211 875.3018 881.1165 862.1938 865.0855 911.2431 935.335 949.4544 899.1509 899.1837 1015.0606 1135.3953 1563.6798 1685.5671 1274.6584 1067.759 1000.0847
-8.0659 31.8057 156.4538 306.5263 585.8004 1000.8832 525.3519 763.4441 572.8973 574.4477 784.6447 821.5397 803.0972 753.6342 852.7352 809.5356 609.0995 462.3971 475.9948 695.8757 629.5753 479.438 693.6295 723.8835 762.3269 747.3345 744.1927 760.127 759.569 796.6089 792.5428 824.9437 853.6534 859.4839 860.5092 877.3954 813.6612 839.7724 874.0385 904.0719 942.3807 934.6972 920.5023 890.7256 908.171 893.3395 927.0355 1015.5489 988.7723 942.3557 995.9187 1112.4343 1271.0682 1878.6523 1332.3718 1409.309 1448.3136 1004.0726
12 14.7581 103.0372 238.1559 740.9395 234.9131 480.5229 391.1683 484.2545 559.3182 623.4147 651.9115 659.9006 698.9515 757.0662 749.3134 621.1959 588.7625 565.592 529.6743 696.2555 705.5593 606.3181 682.4072 783.6525 779.4695 753.8765 768.6452 791.5688 813.51 859.7238 876.8404 933.7263 979.1771 966.214 864.3495 868.3379 871.9551 885.3786 940.0128 968.8541 1050.1831 992.7432 994.2352 1010.4597 929.2877 1036.0515 1063.5798 1099.124 1167.5002 1223.479 1602.778 1909.4006 1920.4354 1672.623 1027.646 846.3686 858.0178
5.2718 13.4776 97.0603 85.2529 270.8707 473.0605 490.7171 601.8198 466.6843 544.8313 487.9834 465.3581 522.5099 595.4938 606.039 491.8513 575.3 642.3411 677.8121 705.165 694.4831 743.4672 709.0766 681.0126 812.1409 814.9395 769.4278 803.8647 835.2005 865.8514 876.8707 961.0095 1024.4512 985.8596 861.931 877.6263 911.0672 933.3734 985.9988 1069.4286 1181.9962 1173.8505 1253.6055 1274.7039 1170.8046 1133.3888 1131.9113 1331.5892 1314.3511 1402.8611 1495.9164 1244.7137 1060.2859 964.3453 918.3873 957.1169 844.3561 683.3203
12.408 47.7251 14.0988 30.7275 213.4454 608.5681 746.4957 400.2016 384.438 372.6213 418.0565 513.05 533.3606 442.4592 491.0723 644.011 655.4515 806.9332 775.6511 758.0359 741.1279 772.1838 702.9313 652.2159 645.6946 721.6804 835.0385 897.4832 937.834 992.1167 1012.9769 1000.329 886.4062 927.3987 933.8508 896.6554 1007.7967 1110.9728 1239.6229 1338.2263 1407.5697 1287.9216 1207.2537 1099.5106 1112.9165 1169.6571 1249.7262 1387.3427 1356.2104 1273.2413 1364.6046 986.278 886.8142 892.4254 803.3386 727.3921 679.142 623.1855
23.7734 43.2903 40.3731 28.6519 253.6033 534.3175 222.9703 293.4534 309.521 389.0104 246.4808 419.8777 470.2103 677.5843 1092.3096 848.153 902.0892 813.3726 770.2375 777.6176 806.6702 778.8322 692.4744 739.6774 726.9989 784.1115 898.0731 1158.0145 1162.8101 990.0004 881.8062 699.5647 898.004 962.3818 965.3872 949.4315 1044.8473 1073.1105 1073.0479 1281.1392 1772.3419 1413.7904 1456.9519 1462.4094 1480.203 1418.6067 901.5028 1102.39 930.9846 936.4559 1048.3842 866.0309 833.3831 659.5789 686.9238 631.6381 708.189 611.4311
47.0166 62.0056 80.915 48.6504 197.3217 136.2135 190.7695 221.0991 275.0104 282.2211 410.4833 543.8263 1103.6483 1195.3646 819.6321 657.1346 657.3936 811.3267 773.1351 776.0287 805.2365 777.5017 777.8763 806.5565 817.3041 865.0205 1081.1471 756.205 624.7306 685.8565 562.7191 821.2099 842.4804 1037.6255 1076.5154 1020.2161 1078.1959 1332.653 1750.0826 1727.4916 1581.5309 1452.5385 1442.9987 1136.5807 867.2599 816.0744 784.5617 733.5488 675.9325 769.4001 749.3237 625.2798 611.9982 609.6301 696.6544 642.2566 673.2293 642.3005
45.5351 76.824 114.2414 87.0073 331.7617 145.2832 160.5238 234.644 322.3411 428.8488 488.5338 860.8585 1660.6766 1309.8046 784.1404 465.8614 485.7314 752.5242 785.166 877.5794 963.8545 910.9982 867.3583 861.7369 913.2188 1031.6942 647.9196 642.04 498.709 477.7982 712.9742 720.5009 1064.4552 1662.5341 1643.2937 1122.7253 1277.662 1395.6151 1393.7863 1466.792 1601.7883 1376.5697 1477.1558 1493.3472 1411.2115 1045.2369 1264.4994 833.0585 789.929 691.2123 511.9161 571.2189 647.4713 589.2289 673.6951 655.3734 592.2758 593.3308
37.3182 69.872 53.355 48.6218 438.2328 187.3037 150.7691 167.4901 250.7752 609.402 733.0826 769.3314 683.2065 636.9499 453.7876 531.9024 496.1334 529.8297 672.3601 786.9805 738.0211 1129.053 871.6255 792.9075 562.6808 548.0012 546.0928 458.6353 426.4139 377.0475 425.7536 634.7192 1271.272 1192.3917 1465.4193 1709.0907 1772.7164 1796.7368 2101.0024 1759.3959 948.7267 730.9788 1043.8557 482.8976 481.8828 647.2464 654.0535 788.6121 528.0672 473.2632 498.0222 595.1405 627.5005 564.7874 681.6404 640.0009 606.4438 561.249
20.5183 58.7767 38.2924 194.8735 261.6893 129.0567 250.8761 437.2792 579.3651 805.8389 926.2448 472.669 470.9342 443.2462 469.6107 480.4485 410.6735 446.6847 473.4303 462.4922 415.5362 505.1485 582.7108 364.7107 350.2809 422.4214 521.3308 396.3975 353.4595 407.4294 640.772 936.4449 916.9625 1227.9509 1039.4797 1003.8052 912.4364 499.295 491.9723 498.2865 450.5347 409.5277 472.6014 579.7493 968.9061 752.9244 596.2274 476.2179 444.9628 500.1345 594.3586 629.8329 583.6313 595.2356 623.765 601.943 643.3987 519.4769
84.79 32.1517 120.8586 220.8884 261.9719 693.4622 895.1735 568.6982 561.5988 577.1976 416.1057 586.4449 729.9816 741.5298 448.1054 366.9812 373.4728 400.2073 536.6441 531.4105 375.2439 373.7781 279.6738 274.5576 361.7949 377.1871 352.1614 268.7008 303.4354 338.8386 453.0429 617.8139 848.6541 467.6303 414.7683 318.1411 281.2399 293.2939 302.3396 361.0033 409.3069 422.8523 480.6388 545.4589 513.9952 416.3598 418.9351 446.3241 483.7748 528.0016 574.8737 566.6373 521.1811 599.5421 527.6578 606.7988 554.7866 521.5444
34.121 75.5184 297.555 297.195 425.5791 471.3576 549.8309 340.2088 390.1313 606.8766 491.2837 608.8644 360.0932 381.6796 390.3851 277.7914 347.3395 312.9131 403.3084 394.0215 307.7522 377.9648 348.0222 285.7999 230.6065 256.5661 273.5328 259.4365 400.193 441.6482 380.319 284.1812 244.3034 233.7323 250.2827 260.8084 267.1505 286.0464 306.8389 324.7788 347.2075 393.6623 471.0447 370.9776 368.7014 402.4879 467.8399 506.6313 554.0615 536.7066 505.8445 476.4954 492.3515 496.3393 489.8527 497.8454 556.1161 607.7186
141.798 117.895 264.0113 262.1136 267.2724 353.3848 308.34 549.3251 527.5193 787.0255 593.1257 340.7049 269.7142 346.5799 353.8694 312.2317 198.185 245.4048 274.1448 355.8072 284.999 301.3772 349.0267 292.6625 298.7233 331.4918 303.3838 367.8321 489.3019 411.7104 359.7305 226.2363 240.3097 257.6234 272.2229 335.3289 295.0312 304.0791 348.9887 412.6657 372.0482 389.8865 357.2447 451.662 460.1647 478.5061 432.6515 405.7643 479.2688 481.8363 451.4338 470.1455 500.3205 482.198 519.9575 546.09 580.3729 684.3182
179.2829 236.7819 238.0629 202.8238 278.8852 167.2593 329.6289 307.316 444.9355 567.0251 419.7928 297.6167 287.548 335.8287 266.8735 178.7134 216.8094 234.6885 296.3015 228.655 334.2807 307.4646 302.0964 287.9546 330.8672 394.2734 399.5588 347.2865 318.4143 333.4605 301.1913 330.3707 313.0985 273.3009 306.698 390.1303 326.967 360.3859 386.978 391.3977 357.265 418.181 412.9261 473.6068 547.3372 502.2 480.7409 611.2352 491.2733 514.657 609.5981 652.0615 698.7979 691.8796 642.7114 602.5895 639.2861 601.0814
