Resources/Map/Lvl0_30x30/Ele_FJ.asc
ncols         335
nrows         335
xllcorner     10105000
yllcorner     -10075000
cellsize      10000
nodata_value  -99999.0
[rows 208 to 233 of 335, columns 240 to 299 of 335]
3318.8108 3314.2195 3271.2771 3372.8391 3284.0225 3315.313 3281.8757 3292.5652 3319.8696 3306.7686 3315.4807 3335.71 3289.8242 3280.9888 3280.3298 3288.6265 3273.6467 3275.731 3330.8984 3355.2532 3274.0925 3281.1367 3259.406 3265.9436 3254.5491 3252.7021 3263.0525 3262.4976 3272.3054 3285.1113 3256.6382 3232.8271 3247.3848 3235.3118 3231.8635 3239.083 3233.748 3226.0598 3220.0408 3209.0945 3219.5991 3225.0896 3209.396 3205.5769 3213.1697 3195.8821 3196.5481 3188.2422 3208.1245 3170.9763 3205.0303 3189.8389 3197.3884 3184.6982 3165.791 3142.4023 3167.2046 3162.0212 3182.1912 3159.3103
3313.8862 3314.6116 3315.4233 3295.3572 3312.6887 3293.728 3287.3494 3306.2241 3291.1838 3277.531 3305.2798 3295.8037 3282.3247 3295.2803 3282.2891 3281.2917 3266.552 3270.4587 3273.3865 3266.4575 3266.4182 3265.0706 3259.498 3265.1787 3268.7219 3250.8411 3245.3625 3239.5613 3227.4946 3249.6736 3239.0664 3221.0103 3134.1885 3236.4866 3203.468 3216.0361 3226.8875 3212.7505 3203.4702 3208.7493 3202.812 3184.3535 3199.8398 3194.8779 3186.8967 3193.8018 3197.4177 3201.1016 3183.7234 3219.3303 3181.1316 3176.5442 3165.5566 3175.2908 3187.2378 3159.7959 3162.0547 3158.8022 3165.8594 3161.6824
3326.4331 3298.135 3302.5801 3304.6306 3299.8726 3303.4619 3303.8208 3313.5002 3309.0859 3285.2222 3279.8545 3279.8403 3282.2764 3285.6934 3283.157 3294.5718 3272.4434 3274.512 3244.5413 3262.2178 3272.7815 3262.3555 3263.4834 3236.6038 3248.7166 3258.6548 3234.3398 3211.2488 3202.105 3229.0042 3197.4529 3226.0784 3224.8752 3212.0723 3199.4814 3206.4358 3211.6445 3205.1001 3208.5911 3211.4656 3210.062 3212.1802 3200.3074 3218.9944 3203.406 3188.3933 3195.5215 3176.6086 3194.3481 3167.5217 3183.2622 3179.4819 3184.4507 3175.8611 3166.4604 3165.6787 3146.178 3169.4734 3187.1538 3172.5745
3301.0186 3305.3184 3511.4182 3262.2126 3297.2737 3295.2876 3360.938 3346.1274 3428.9565 3298.2207 3295.9524 3284.627 3284.355 3261.47 3406.0276 3250.0442 3272.521 3268.5151 3253.2244 3242.7168 3218.8623 3211.1904 3245.3752 3242.1306 3252.1543 3239.7839 3241.7749 3237.6638 3226.9016 3229.0457 3199.186 3218.3149 3242.1235 3238.4514 3209.2368 3223.3748 3240.9143 3186.051 3209.0742 3206.5256 3204.8979 3198.1392 3202.9253 3225.5247 3202.1121 3201.0752 3191.4783 3175.7463 3187.3821 3175.4512 3158.5618 3173.4207 3168.7756 3160.7881 3178.238 3194.1567 3166.1216 3154.531 3161.8765 3153.7141
3287.2178 3301.5383 3642.1672 3445.4856 3396.0535 3383.5676 3412.6453 3396.5403 3287.6462 3295.0977 3470.6248 3569.4185 3266.1697 3268.6326 3267.4988 3284.0479 3252.6394 3265.5398 3264.4543 3248.6379 3239.2437 3247.0823 3245.2993 3237.7256 3238.7876 3251.3457 3239.9709 3225.1421 3217.1384 3238.8506 3224.9851 3258.8286 3222.2021 3227.3738 3226.6233 3190.4363 3214.9519 3214.6929 3203.3738 3210.1426 3207.2864 3195.2307 3191.1663 3187.3145 3201.6711 3186.0359 3189.8713 3178.1167 3214.863 3182.9609 3138.0256 3144.2678 3141.0239 3153.2668 3152.3237 3209.7832 3265.2568 3279.6479 3146.3267 3160.9993
3282.7957 3281.9092 3249.5281 3771.6721 3407.8875 2552.7908 3429.4346 3438.5862 3454.1255 3510.0632 3340.728 3269.238 3272.7415 3265.53 3281.0996 3266.0762 3264.5842 3258.2395 3260.1155 3256.3384 3255.0537 3250.1516 3244.7158 3237.3586 3246.4512 3254.8008 3239.2825 3229.6394 3222.6179 3235.0117 3249.9531 3225.1619 3216.4048 3208.2537 3206.6294 3200.375 3190.8865 3205.9849 3192.4124 3188.9915 3207.8735 3173.668 3181.4724 3192.6379 3186.6038 3203.0342 3193.4272 3186.9683 3188.1443 3179.7588 3160.8206 3152.6487 3068.5464 3159.0029 3196.6157 3161.3186 3134.6428 3117.5144 3149.1089 3158.4985
3248.9629 3286.1199 3256.2571 3309.1943 3390.5371 3306.0454 3347.1953 3278.4778 3304.5898 3409.4282 3412.6631 3171.0071 3282.2454 3289.0337 3250.7405 3278.28 3305.0295 3222.3391 3249.9536 3257.5554 3251.7954 3243.3828 3238.155 3233.5632 3231.668 3241.9912 3324.5686 3204.2139 2945.9153 1331.8503 1884.7052 2811.6909 3212.5518 3212.3357 3209.9055 3191.4097 3206.4534 3205.6594 3225.0376 3195.8477 3196.5227 3185.6494 3202.4829 3187.9202 3180.0793 3199.2314 3173.9871 3177.5583 3180.3645 3161.6521 3170.8254 3174.6072 3210.7075 3164.3435 3160.0286 3171.0554 3152.9705 3194.0684 3150.262 3080.7449
3344.7681 3391.6821 3399.0103 3311.0771 3294.1853 3280.8198 3353.2368 3287.5398 3396.7429 3465.4604 3299.5386 3294.7012 3282.9558 3271.7937 3264.7737 3255.7185 3238.7563 3242.7488 3226.3835 3254.5859 3247.3262 3249.2 3235.1326 3250.9688 3228.8687 3246.989 3234.2322 3227.6318 3217.5337 3220.6736 3216.1846 3216.4771 3232.1914 3097.1946 3206.2576 3208.8127 3200.8855 3226.0916 3260.8765 3196.0583 3188.4644 3182.7568 3189.0535 3105.5229 2931.7126 3174.9917 3219.771 3176.2615 3160.9285 3174.1858 3178.3582 3147.3147 3157.2141 3156.6331 3167.1179 3156.2629 3140.4705 3151.9082 3136.2766 3054.7236
3297.6062 3277.4011 3271.2571 3287.1277 3321.5142 3656.188 2984.1973 3352.0066 3302.3088 3286.7441 3281.302 3272.595 3280.8784 3269.7317 3261.7688 3247.6299 3361.0437 2896.7588 3107.4707 3251.7183 3238.6582 3244.9404 3263.7871 3234.3967 3262.6128 3231.8113 3234.7461 3229.3062 3230.0042 3226.9048 3216.7571 3211.6592 3209.6685 2878.0522 1596.4921 2191.8237 3163.8037 3205.1636 3201.481 3220.8516 3190.1963 3186.1179 3193.1709 3174.0881 3135.4221 3114.6787 3120.0928 3174.5671 3181.6895 3159.5393 3162.7246 3165.1418 3161.365 3155.4421 3154.9094 3152.844 3138.8875 3126.376 3124.698 3129.2241
3280.3411 3276.2278 3273.6074 3329.5547 3420.8718 3190.7756 3215.8428 3175.3772 3196.7957 3274.5476 3271.5037 3301.9028 3414.2717 3269.9014 3256.9556 3257.3237 3257.6309 3282.5972 3244.8442 3079.3845 3172.9216 3171.9839 3230.9248 3331.0293 3334.2883 3261.3813 3198.2378 3219.0776 3157.3701 3227.2446 3221.8584 3217.7468 3181.6804 3180.4519 3181.4238 3200.3267 3196.6558 3216.6179 3199.3584 3197.9001 3176.3176 3189.4521 3176.3193 3127.2678 3113.2366 3156.0356 3163.593 3174.9507 3167.4937 3168.6865 3165.2957 3167.6963 3147.918 3150.7842 3141.5825 3140.1807 3140.2646 3128.5847 3131.1543 3125.1418
3271.457 3237.0828 3221.3035 3239.0063 3223.385 3175.272 3209.5015 3274.0776 3265.4763 3305.4519 3259.7073 3260.2478 3254.9351 3262.5955 4577.686 5748.3237 4093.313 3432.8567 3220.4082 3206.1189 3237.7114 3219.4536 2975.6509 3168.99 3230.4307 3221.5269 3214.8447 3147.3882 3208.8281 3210.9788 3210.1292 3208.9937 3192.5205 3198.0793 3208.3069 3210.0413 3196.7803 3195.9966 3189.572 3188.998 3194.5308 3179.1848 3186.1875 3173.5837 3169.5095 3166.5667 3170.1221 3166.3679 3164.0564 3159.126 3146.6575 3139.8723 3147.302 3151.4912 3148.4961 3147.8875 3146.6311 3143.5247 3140.1223 3136.312
3281.5562 3271.8848 3277.4614 3215.8838 3190.6018 3205.4409 3202.4563 3200.7009 3216.8347 3221.7454 3227.9014 3254.5747 3263.3938 3607.135 4530.4775 201.0212 204.7626 3299.396 3227.8987 3197.9827 3320.9944 3215.8181 3268.179 3326.3818 3217.0608 3221.9063 3209.2002 3221.6855 2602.989 3195.9512 3178.2273 3203.6162 3201.7979 3207.2214 3199.4998 3196.1472 3196.3794 3193.9175 3185.782 3188.9485 3173.1897 3178.2109 3172.1208 3189.1328 3175.2505 3163.4177 3166.2476 3170.4475 3159.2517 3165.6887 3155.0356 3161.6516 3158.0356 3154.2227 3152.301 3152.7141 3167.2566 3133.2729 3140.7314 3138.7529
3267.4377 3223.7493 3226.2908 3225.4612 3233.9141 3248.3857 3246.417 3223.9753 3248.6809 3251.8726 3252.2227 3251.9929 3247.3687 3238.9529 3233.4087 3242.6589 3245.4829 3249.0398 3241.5557 3229.1667 3226.7751 3235.0745 3230.3579 3223.4517 3078.7715 2520.3535 3145.8459 3177.8638 3198.6377 3202.8215 3195.8379 3203.1951 3193.9268 3190.7209 3328.7686 3187.1194 3180.5679 3190.3069 3187.1016 3174.5044 3187.2087 3186.7434 3187.575 3181.8491 3184.7981 3170.6982 3171.6584 3159.8606 3159.5686 3162.0691 3167.4863 3152.6702 3155.1765 3155.2419 3149.2703 3150.0151 3150.8994 3156.9773 3147.6565 3153.2407
3228.126 3207.9792 3252.1106 3261.7683 3257.7029 3245.0547 3251.1711 3257.2942 3259.5066 3256.8264 3233.6541 3247.4966 3237.2642 3242.2336 3243.8618 3249.4502 3239.7598 3226.3677 3228.5537 3220.7871 3224.0627 3205.1399 3214.6946 3201.936 3209.3167 3199.0601 3496.7988 3200.6316 3280.1775 3126 3146.1965 3167.48 3172.9238 3189.5603 3203.8857 3188.4446 3203.668 3203.2676 3203.6426 3197.3716 3194.6685 3190.1924 3186.6575 3184.4666 3175.9294 3175.4902 3186.2358 3174.4126 3171.4238 3158.8804 3159.4834 3158.5876 3145.9011 3149.0225 3150.1951 3151.5967 3139.5405 3142.0237 3144.3018 3139.3906
3259.907 3261.1196 3261.5623 3206.9792 3215.2178 3181.0762 3251.8223 3258.2817 3257.7947 3252.6394 3253.4141 3251.4043 3242.9883 3232.7852 3218.7104 3220.2883 3215.376 3221.2886 3213.2004 3219.0664 3214.2134 3215.7908 3212.5413 3213.0674 3204.4285 3203.2825 3186.1196 3205.116 3201.9031 3212.9314 3203.8049 3209.3184 3215.4282 3207.3298 3204.667 3200.667 3190.6226 3194.124 3189.6721 3188.271 3180.3943 3179.8689 3176.2803 3174.6609 3174.314 3167.8833 3163.3342 3170.0779 3165.05 3165.1787 3163.9465 3158.1443 3158.0742 3153.9958 3157.5359 3156.356 3160.6997 3141.4065 3135.6885 3134.3103
3014.8704 3210.3284 3242.5725 3261.124 3230.0703 3256.8721 3230.8081 3193.114 3198.7207 3253.0598 3237.8357 3236.0481 3231.9307 3235.6279 3234.2852 3227.3618 3224.7925 3221.1995 3215.5967 2965.3535 2659.249 3183.0215 3206.3464 3168.3347 3208.8184 3176.7788 3138.5208 2838.1235 2895.3518 3125.2554 3120.6045 3134.5903 2548.3359 3150.8647 3188.8208 3187.2649 3187.5747 3182.1968 3178.6233 3174.9724 3168.4885 3159.125 3172.0164 3175.5027 3174.1453 3175.9451 3167.271 3180.873 3167.5513 3164.9817 3167.718 3151.4353 3153.3027 3144.9272 3155.2705 3161.811 3153.2239 3140.8806 3143.4004 3128.9717
2659.3611 2628.5664 2985.5671 3126.668 3152.521 3191.3281 3223.9819 3184.2561 3226.0557 3202.6907 3239.231 3234.3323 3228.677 3222.4937 3221.5786 3103.2649 3111.8213 3229.1836 3224.3494 3222.8508 3223.0337 3222.0811 3137.8059 2753.9094 3145.668 3219.1064 3223.9458 3204.2217 3208.5613 3215.5891 3200.4993 3199.5813 3201.5154 3200.6328 3196.7554 3190.5037 3179.5393 3157.7271 3174.9829 3159.7463 3161.5767 3175.3279 3191.7729 3190.877 3173.6514 3184.7732 3175.8533 3166.4543 3161.6062 3158.6006 3151.3997 3151.3311 3149.052 3143.2585 3135.1157 3150.062 3135.9912 3131.6174 3122.2295 3127.106
2476.8896 2728.6716 2953.5159 2832.9304 2964.7932 2953.49 2703.0059 2806.176 3226.1262 3249.4724 3247.7236 3246.9551 3234.8638 3238.7305 3233.397 3081.2986 3140.6877 3181.7551 3210.137 3219.3328 3222.4985 3213.0234 3215.9309 3219.7112 3231.0002 3216.6716 3220.8997 3214.6104 3198.0098 3202.509 3215.5442 3206.0278 3192.3848 3187.0483 3180.2913 3191.7073 3179.5417 3179.1274 3183.262 3178.1707 3174.9104 3178.2324 3174.9246 3172.0515 3164.4988 3175.2104 3157.4307 3165.7761 3156.2063 3146.6335 3147.2319 3145.2603 3144.9612 3144.2412 3138.6958 3132.6631 3131.8486 3126.5884 3120.8298 3113.2852
2363.2671 2837.6208 3112.0718 3141.428 3203.5469 3229.6902 3228.0195 3091.0625 3219.2988 3257.1624 3233.8167 3230.4258 3221.9534 3228.7488 3229.5474 3229.3757 3227.301 3226.5696 3220.9114 3218.7578 3223.7915 3223.6399 3216.873 3214.8489 3210.2866 3204.9514 3207.6975 3202.8062 3196.145 3196.5664 3197.0159 3201.0615 3197.3142 3197.075 3196.6548 3194.5059 3190.9102 3196.6904 3172.3994 3178.7021 3173.1838 3172.0044 3178.9602 3171.113 3165.7698 3167.1108 3156.8701 3162.1936 3148.2273 3150.6279 3145.6338 3141.3879 3139.9546 3143.908 3170.6121 3126.978 3122.645 3126.884 3117.9272 3111.3101
2544.8918 2843.3118 2850.6304 2845.1382 3211.2712 3232.2615 3218.0938 3244.925 3210.3503 3185.126 3224.0051 3179.176 3214.0266 3205.7964 3196.0879 3213.6807 3214.9094 3213.0925 3219.2671 3219.3625 3224.3159 3221.5627 3229.8738 3217.8633 3215.7478 3211.5896 3209.8591 3205.6326 3202.675 3203.4448 3204.1304 3204.2822 3202.8635 3200.5266 3195.2888 3187.6389 3189.8945 3180.6616 3178.0325 3170.7048 3164.4294 3174.2822 3168.3052 3163.1743 3166.3506 3153.0361 3150.5037 3150.8071 3172.7349 3146.4888 3138.1694 3144.0027 3144.6194 3141.8916 3128.3633 3126.9692 3121.2058 3116.1243 3123.9282 3116.7471
1578.9478 2268.05 2140.4214 2584.0854 3133.9702 3140.0195 3208.2715 3241.6714 3228.884 3253.3752 3230.0542 3227.6345 3223.7532 3224.7522 3227.5815 3216.7378 3220.9883 3220.6541 3223.907 3223.3528 3223.4109 3231.8337 3219.3376 3214.4719 3213.0747 3208.9548 3206.0186 3206.6348 3204.4153 3195.6357 3193.8162 3188.0352 3195.3479 3185.4583 3190.8323 3183.5166 3186.3674 3185.1096 3175.6199 3174.9829 3174.77 3176.1606 3169.2634 3161.0112 3160.3135 3156.0559 3156.5366 3162.6299 3146.0217 3149.2783 3160.2925 3134.426 3119.4783 3139.4116 3134.9941 3130.7915 3122.6589 3123.3123 3117.9788 3116.9617
3233.8342 3217.0911 3208.1765 3195.498 3187.208 3206.46 3232.5554 3229.4009 3225.6086 3229.8042 3225.6267 3223.9607 3225 3220.9839 3222.0286 3224.6697 3220.0149 3219.7222 3216.4138 3215.668 3216 3214.7825 3214.3506 3212.6125 3212.3643 3205.7476 3207.5715 3204.7466 3203.4307 3196.8462 3194.4741 3195.0269 3192.9482 3191.1941 3191.1592 3191.0266 3189.9492 3185.7781 3186.3503 3181.4563 3180.7861 3173.843 3170.5139 3166.4956 3154.3923 3157.4768 3154.606 3144.6514 3149.8049 3139.9341 3129.6953 3142.55 3139.2981 3136.1533 3134.4414 3134.0713 3127.5784 3121.6987 3120.6792 3116.1333
3233.7485 3234.0618 3227.6843 3219.6697 3229.4653 3245.0972 3233.603 3229.2446 3223.0508 3224.0386 3216.3718 3224.2151 3223.5764 3218.6479 3222.6321 3220.4861 3215.6418 3214.0195 3216.23 3211.8181 3212.8708 3214.3762 3216.4875 3213.6843 3213.5681 3210.501 3207.6321 3204.8369 3202.239 3200.418 3197.4209 3200.5862 3192.6233 3194.3005 3189.9971 3181.5847 3190.8267 3184.4539 3186.8882 3174.9514 3179 3175.8408 3177.5708 3164.875 3167.2195 3160.8354 3160.3025 3159.6697 3159.9036 3155.8152 3148.1482 3143.999 3138.0703 3125.9763 3131.0359 3120.8025 3129.7395 3119.033 3112.9739 3118.804
3243.4028 3236.6443 3211.9341 3231.3765 3226.2061 3221.925 3224.9458 3210.4641 3215.5164 3218.8564 3223.7327 3219.4507 3216.4783 3216.4583 3219.5605 3216.1838 3216.3303 3218.7681 3219.2395 3213.6296 3219.0154 3216.7698 3218.7212 3215.9551 3217.6409 3213.5098 3208.4885 3205.918 3200.7256 3201.9619 3194.6414 3194.3796 3187.1565 3187.947 3186.2512 3181.0237 3176.5984 3170.332 3177.7898 3187.416 3171.1538 3170.2031 3167 3163.3655 3164.1436 3157.2695 3148.7488 3150.1211 3147.3298 3153.1787 3145.729 3136.8086 3133.1631 3128.2795 3122.9197 3118.2815 3115.0789 3105.2148 3105.4036 3101.8745
3248.0796 3234.6489 3238.855 3242.041 3231.2825 3235.7251 3230.0015 3231.3193 3227.8303 3226.946 3226.2483 3231.3503 3228.623 3223.8452 3226.0198 3218.2129 3216.9424 3213.3645 3213.408 3207.79 3214.0583 3209.6189 3217.3843 3212.0054 3207.804 3206.6521 3198.3425 3201.2468 3189.5457 3195.4487 3195.8706 3185.6157 3179.7725 3179.2043 3173.2031 3167.895 3171.6216 3167.0911 3166.1755 3163.6006 3161.2891 3156.3206 3151.0625 3146.7275 3140.6685 3134.3069 3138.3994 3128.5127 3124.4224 3130.0581 3118.2622 3137.593 3140.729 3131.6951 3127.449 3116.7339 3125.7549 3117.5879 3124.4299 3117.2756
3244.2351 3243.0645 3247.291 3243.322 3240.5701 3233.9551 3238.0083 3237.1716 3236.1543 3232.384 3227.1245 3226.2324 3221.6077 3222.8101 3215.9167 3215.4978 3214.3826 3214.5315 3210.6895 3211.9187 3210.4036 3195.781 3198.4028 3185.3672 3199.0942 3199.1458 3195.0447 3189.5847 3186.7998 3185.4182 3185.6182 3189.6885 3172.3872 3172.9458 3170.8584 3173.9182 3162.4541 3154.7681 3161.1814 3148.5408 3150.6599 3149.7329 3145.2976 3142.9087 3132.178 3135.4712 3131.4548 3130.6855 3135.1655 3141.3176 3139.9526 3127.1643 3128.0862 3130.3398 3120.0505 3117.9612 3118.3296 3120.8044 3127.9897 3122.2217
