Resources/Map/Lvl0_30x30/Ele_BL.asc
ncols         335
nrows         335
xllcorner     16805000
yllcorner     3325000
cellsize      10000
nodata_value  -99999.0
[rows 150 to 174 of 335, columns 171 to 227 of 335]
-5879.4399 -5793.3643 -5792.9224 -5847.6104 -5852.8521 -5855.5869 -5870.0645 -5885.2529 -5917.5615 -5983.459 -6046.2944 -6074.4414 -6097.1377 -6081.1758 -6063.7852 -6137.3501 -6223.4287 -6199.7681 -6136.9019 -6102.186 -6175.1182 -6232.5137 -6208.5186 -6220.272 -6264.9521 -6266.9521 -6282.4385 -6344.6699 -6354.4526 -6025.8774 -5409.3013 -4563.0063 -3537.0249 -2705.0486 -2241.5247 -2080.1057 -2385.9795 -3036.1238 -4220.9043 -5396.0933 -6022.71 -6268.5332 -6323.7783 -6371.1924 -6393.605 -6383.1279 -6353.7373 -6278.937 -6232.9766 -6209.0405 -6129.3657 -6030.3921 -6006.8018 -6031.832 -6017.1226 -5967.3838 -5939.0371
-5832.835 -5765.1475 -5780.2568 -5820.2266 -5820.1436 -5833.9395 -5852.7944 -5867.6919 -5896.8677 -5956.9912 -6004.6118 -6040.3613 -6115.3364 -6107.1055 -6032.4204 -6091.8613 -6217.9131 -6215.8071 -6161.4731 -6098.4917 -6110.8691 -6170.3281 -6193.0649 -6251.0854 -6287.4224 -6230.1782 -6201.7251 -6280.9541 -6345.8687 -6073.7539 -5399.9028 -4693.3511 -4077.1978 -2904.4802 -2048.4695 -1881.9242 -2268.271 -3219.1409 -4581.6201 -5520.1455 -5985.0493 -6228.9365 -6309.6694 -6322.6719 -6319.6484 -6286.8369 -6271.7603 -6237.3276 -6174.5874 -6157.7134 -6128.5249 -6046.5093 -6012.1104 -6026.9443 -6001.8369 -5953.2764 -5928.6309
-5679.4971 -5670.0366 -5745.7539 -5782.9243 -5812.8086 -5845.6519 -5861.3374 -5877.7607 -5906.4487 -5936.9131 -5966.9922 -6000.7974 -6052.2915 -6070.3618 -6037.5605 -6053.1099 -6111.189 -6117.4946 -6119.9414 -6119.8228 -6117.4956 -6168.9956 -6214.2651 -6253.7568 -6250.312 -6191.7217 -6178.4868 -6195.793 -6140.9209 -5758.9014 -5003.2734 -4158.8877 -3535.5237 -2576.1895 -1797.7286 -1628.1403 -1856.0109 -2603.5686 -3885.2234 -5005.4189 -5675.6689 -6140.627 -6349.0825 -6341.1055 -6284.5044 -6227.6787 -6219.4771 -6218.0278 -6130.6558 -6073.4082 -6078.2056 -6072.1592 -6069.9546 -6048.8086 -5991.1533 -5945.5898 -5903.5332
-5593.2646 -5653.6948 -5709.0542 -5709.1895 -5759.1201 -5824.3267 -5860.7681 -5890.8555 -5925.0928 -5953.9634 -5976.4692 -5995.6304 -6003.0264 -6022.481 -6043.3159 -6040.2866 -6049.147 -6069.7456 -6092.2432 -6101.0518 -6112.834 -6160.5732 -6201.8423 -6218.3755 -6197.9277 -6191.6704 -6227.5718 -6177.0273 -5946.8926 -5451.3638 -4663.1094 -3650.5632 -2717.5442 -1958.887 -1485.907 -1370.3954 -1497.5275 -1817.7156 -2817.113 -4224.4463 -5286.5933 -5968.5845 -6230.7822 -6205.3921 -6134.3242 -6083.9243 -6068.9771 -6070.5586 -6022.2212 -5980.3604 -6020.1333 -6070.9858 -6080.3315 -6021.2544 -5911.5435 -5834.8159 -5773.9458
-5611.1084 -5579.7285 -5620.0352 -5668.6763 -5725.5073 -5777.998 -5830.6167 -5857.1211 -5879.6616 -5923.0459 -5958.7461 -6003.0806 -6042.145 -6048.0547 -6036.7632 -6015.7466 -6024.4912 -6053.002 -6052.4585 -6045.6724 -6068.8188 -6106.9233 -6173.6758 -6219.0698 -6207.791 -6218.1528 -6278.2661 -6243.5225 -5912.2363 -5252.9893 -4460.8623 -3378.4082 -2090.2786 -1447.7704 -1299.6185 -1315.2626 -1314.6812 -1434.0361 -2232.4385 -3565.9561 -4782.0498 -5561.9487 -5856.8662 -5875.7549 -5875.8535 -5898.437 -5905.355 -5911.6807 -5944.4702 -5962.7769 -5995.2471 -6018.1143 -5965.8745 -5885.0737 -5806.5859 -5723.8784 -5652.8755
-5672.8608 -5633.6577 -5619.1294 -5665.4893 -5688.6333 -5689.2051 -5743.9116 -5797.8525 -5850.7188 -5915.5537 -5954.8818 -5994.0396 -6042.5244 -6046.2744 -6025.7705 -6008.3062 -6007.4648 -5999.0908 -5966.2324 -5961.2539 -5989.5371 -6035.2119 -6141.4995 -6228.5313 -6174.1191 -6165.0654 -6278.0381 -6264.9863 -5932.9692 -5181.1499 -4078.0913 -2719.3784 -1870.4139 -1702.8839 -1665.074 -1683.1309 -1595.4003 -1645.7234 -2225.0796 -3169.4668 -4098.9438 -4741.3691 -5075.5718 -5294.2334 -5491.2983 -5644.021 -5758.9912 -5844.1948 -5940.5903 -5963.4414 -5951.1626 -5930.9614 -5868.9854 -5836.6602 -5801.9912 -5713.8013 -5629.4004
-5723.5845 -5675.0972 -5626.4678 -5693.2695 -5698.21 -5631.7656 -5673.521 -5755.7148 -5814.2549 -5849.6812 -5880.9082 -5922.2725 -5977.0562 -6014.728 -6011.8672 -5982.3926 -5968.689 -5956.7397 -5917.9932 -5908.5635 -5936.4209 -5970.897 -6057.9854 -6188.9561 -6206.3721 -6214.8984 -6282.3198 -6212.2393 -5864.9175 -4947.8794 -3284.77 -1706.915 -1934.5184 -2775.9495 -3147.228 -3160.4709 -3049.4355 -3114.3303 -3423.6487 -3613.1194 -3595.8303 -3522.2493 -3811.0344 -4510.8247 -5124.8022 -5435.1885 -5655.437 -5821.8081 -5942.7861 -5965.1465 -5937.687 -5911.3389 -5869.0254 -5818.2822 -5773.5137 -5737.0288 -5709.1401
-5757.9692 -5729.4336 -5653.4102 -5699.6426 -5733.7842 -5681.6855 -5692.9956 -5738.2075 -5778.8242 -5827.1421 -5884.3384 -5921.6924 -5945.0083 -5971.1069 -5963.0249 -5919.1187 -5910.0439 -5925.4614 -5897.2554 -5884.5625 -5925.3682 -5924.7344 -5924.1636 -6058.0693 -6176.1646 -6274.6211 -6353.772 -6287.8281 -5923.2197 -4602.4199 -2596.6733 -1647.6663 -2828.4917 -4136.3735 -4845.4346 -4961.6299 -4842.4717 -4717.0181 -4296.5737 -3502.666 -2779.8699 -2258.2881 -2790.3035 -4045.7563 -4938.1514 -5352.9092 -5585.2212 -5771.6509 -5893.625 -5944.5571 -5957.4951 -5941.042 -5888.3115 -5825.9404 -5796.1699 -5798.9116 -5786.3184
-5785.7944 -5808.5708 -5781.7393 -5787.7612 -5812.0762 -5837.1631 -5853.1313 -5844.3003 -5858.2256 -5921.0894 -5992.5952 -5999.1553 -5946.7612 -5913.8193 -5896.7178 -5863.5947 -5871.813 -5931.3345 -5925.2759 -5908.5264 -5953.2573 -5924.4067 -5888.3037 -5997.6294 -6152.7158 -6324.7026 -6511.2573 -6543.5547 -6251.5186 -4975.5664 -3408.4136 -3321.0916 -4487.2065 -5153.4644 -5516.4395 -5646.1968 -5499.8643 -5050.1704 -4072.8914 -2734.8958 -1816.0022 -1610.1635 -2569.5554 -4051.8721 -4871.48 -5335.8223 -5592.3872 -5758.8286 -5872.335 -5936.8472 -5980.2852 -5995.7915 -5981.0396 -5957.354 -5931.6436 -5898.4185 -5849.3594
-5900.5889 -5905.5107 -5923.7275 -5966.8398 -6000.126 -6030.0205 -6062.2739 -6041.4976 -5995.7988 -5984.1772 -6006.7144 -6008.2437 -5969.7085 -5950.0259 -5933.1104 -5873.8735 -5860.8813 -5949.4849 -5968.7544 -5933.1519 -5934.6299 -5876.4546 -5853.2192 -5937.2476 -6059.8999 -6253.3633 -6546.6406 -6733.2178 -6508.9419 -5661.6431 -4881.813 -5112.437 -5628.022 -5796.2236 -5865.8198 -5836.3911 -5489.1484 -4791.2612 -4152.9214 -2985.5784 -1803.5741 -1539.5972 -2375.2468 -3985.3523 -4972.7612 -5459.0273 -5704.4258 -5865.4429 -5964.4268 -6006.9678 -6035.1426 -6061.6118 -6069.9844 -6048.2842 -5995.9009 -5963.2241 -5932.8628
-5893.085 -5877.2661 -5794.9224 -5801.8496 -5831.752 -5832.3125 -5878.4028 -5902.8169 -5860.106 -5828.6094 -5850.8755 -5907.1235 -5940.9951 -5958.6724 -5957.417 -5899.2813 -5856.5708 -5900.7183 -5928.9653 -5912.9409 -5878.1665 -5797.064 -5781.6577 -5849.7192 -5948.7495 -6134.8501 -6421.2422 -6632.562 -6483.71 -5943.0073 -5600.6177 -5644.9751 -5800.1143 -5875.8906 -5944.7686 -5888.563 -5628.7969 -5230.7139 -5077.0786 -4158.8237 -2457.9783 -1676.6526 -2158.0667 -3646.9575 -4949.2339 -5487.6504 -5778.0132 -5972.3721 -6048.5771 -6066.5596 -6076.0239 -6099.5601 -6121.4663 -6093.1567 -6012.9146 -5984.1865 -5966.3638
-5605.3472 -5584.481 -5508.6938 -5458.1802 -5430.1797 -5436.3887 -5499.5366 -5582.7842 -5648.7222 -5690.8979 -5712.8242 -5747.6807 -5789.8745 -5822.165 -5849.3721 -5850.7339 -5832.064 -5820.4604 -5820.3042 -5831.3965 -5824.6445 -5775.2749 -5775.9194 -5856.6924 -5932.8379 -6051.4648 -6214.062 -6325.1938 -6250.4917 -5943.7451 -5549.4404 -5230.1704 -5605.8379 -5877.9629 -5943.3447 -5921.0322 -5863.625 -5771.1377 -5637.9834 -4941.8213 -3308.6338 -1919.349 -2043.2629 -3059.6782 -4432.4995 -5183.2998 -5619.3267 -5899.5674 -6033.8027 -6077.106 -6098.9248 -6118.2554 -6106.2915 -6065.5513 -6013.0596 -5987.2422 -5941.0605
-5521.0215 -5523.4673 -5511.3857 -5481.2417 -5439.8765 -5456.8057 -5549.6079 -5646.4092 -5704.5967 -5730.9556 -5716.3384 -5707.5708 -5724.897 -5744.5396 -5781.3696 -5824.4961 -5832.1299 -5814.73 -5813.1816 -5830.3442 -5840.5928 -5830.4248 -5852.3062 -5930.9795 -5968.2671 -6009.334 -6086.2231 -6105.0049 -6065.9258 -5945.189 -5661.2617 -5339.9473 -5737.5713 -6018.9126 -5994.2744 -5972.623 -5966.9229 -5857.335 -5581.5991 -4941.3057 -3895.8474 -2303.125 -2061.1836 -2647.9871 -3845.3193 -4701.8213 -5102.3804 -5547.1372 -5875.9834 -6015.2949 -6107.1929 -6153.8486 -6101.4668 -6046.8179 -6021.4219 -5980.0801 -5857.0913
-5609.9214 -5635.7686 -5630.2251 -5631.3359 -5649.0786 -5701.562 -5779.7568 -5805.4736 -5786.1304 -5784.1196 -5776.5181 -5780.6772 -5785.4517 -5750.0063 -5743.6953 -5783.7402 -5798.3335 -5793.4741 -5808.6909 -5821.4551 -5825.7129 -5851.9688 -5889.5688 -5927.9873 -5931.3159 -5946.2202 -5995.5439 -5991.4526 -5990.188 -5997.9111 -5949.5581 -5936.6997 -6005.6777 -6062.1338 -6028.2236 -6018.5322 -5978.7441 -5792.272 -5375.4893 -4677.1987 -3809.9053 -2577.7678 -2054.5857 -2211.9856 -3088.0674 -4040.3186 -4464.876 -4880.4917 -5168.4307 -5357.5205 -5586.8252 -5819.0166 -5917.4937 -5983.2446 -6036.752 -6017.354 -5872.8989
-5751.0488 -5750.1675 -5708.7275 -5747.9956 -5807.0576 -5848.6089 -5906.4995 -5910.6162 -5845.0728 -5790.8623 -5776.6938 -5795.978 -5807.1855 -5759.6343 -5718.0371 -5716.0708 -5727.0454 -5750.4502 -5778.8955 -5786.0317 -5791.2285 -5838.4419 -5879.376 -5865.5269 -5815.6899 -5842.3516 -5900.583 -5917.479 -5951.4019 -5993.7124 -6000.1665 -6012.1143 -6047.9556 -6029.3823 -6023.1187 -6053.4019 -6011.2344 -5786.5229 -5315.4238 -4719.0322 -3940.2322 -2869.3623 -2252.2356 -2146.1868 -2562.9692 -3206.7168 -3654.1528 -3925.4424 -4056.9561 -4302.8711 -4703.0234 -5199.4995 -5662.2217 -5979.3643 -6149.0059 -6156.1392 -6028.5029
-5850.2407 -5811.812 -5770.0225 -5817.3711 -5820.0586 -5809.1123 -5871.4312 -5888.5454 -5833.978 -5742.2705 -5708.3125 -5724.4194 -5735.4395 -5729.0586 -5714.6294 -5706.894 -5711.7563 -5726.6802 -5745.8647 -5754.1797 -5771.1587 -5807.3828 -5828.5928 -5822.0825 -5784.8159 -5797.9351 -5838.8794 -5871.9854 -5918.8115 -5965.4048 -5987.6484 -6017.9805 -6046.1831 -6046.4204 -6043.0205 -6067.9331 -6023.7817 -5712.9512 -5177.1514 -4596.5664 -3770.5378 -2830.8738 -2404.4797 -2348.157 -2573.7383 -2952.3774 -3270.0776 -3534.002 -3980.8806 -4569.2295 -5160.5869 -5674.291 -6063.6343 -6264.9575 -6337.4844 -6264.231 -6105.8633
-5828.8564 -5819.9434 -5786.166 -5784.0806 -5746.4331 -5732.7524 -5786.2119 -5790.6401 -5751.8525 -5678.6934 -5654.7227 -5678.8936 -5689.9839 -5697.7651 -5703.7036 -5701.9136 -5698.042 -5698.8384 -5709.3022 -5716.5483 -5736.5278 -5760.5249 -5772.1289 -5790.5815 -5805.3525 -5807.4102 -5822.8662 -5847.0283 -5880.373 -5922.125 -5961.1499 -5992.0098 -6024.6943 -6052.4106 -6063.8438 -6020.0361 -5871.3384 -5393.8989 -4610.7148 -3759.7949 -2887.1172 -2349.792 -2287.4778 -2534.2168 -2893.5991 -3176.7153 -3544.0435 -4109.9917 -4857.1064 -5637.8398 -6187.9214 -6449.2813 -6503.0313 -6461.4468 -6413.4307 -6316.2349 -6187.8198
-5727.8013 -5756.5127 -5738.6025 -5701.2407 -5689.9946 -5705.5088 -5752.9961 -5773.0391 -5722.959 -5654.3779 -5623.6196 -5633.9404 -5660.1597 -5688.4443 -5715.8457 -5722.6787 -5695.8511 -5665.126 -5661.6724 -5678.0488 -5706.2485 -5724.2314 -5739.4497 -5767.7729 -5788.8096 -5788.3154 -5802.2563 -5815.5659 -5842.0679 -5890.2954 -5916.7563 -5924.2344 -5912.8647 -5855.6182 -5684.4639 -5258.813 -4953.4443 -4389.1812 -3556.8586 -2727.3088 -2166.3203 -2000.6495 -2051.0854 -2317.7043 -2708.8989 -3080.4402 -3796.1909 -4522.2749 -5116.8887 -5737.9678 -6233.9556 -6424.4014 -6453.8677 -6421.1655 -6388.2788 -6341.998 -6256.8286
-5650.0303 -5693.7998 -5686.4966 -5620.4971 -5609.4697 -5643.7495 -5706.4604 -5751.0225 -5711.0645 -5660.7222 -5623.2808 -5602.4453 -5627.2114 -5661.4233 -5696.0928 -5724.145 -5687.3901 -5614.7827 -5607.9658 -5656.9233 -5690.0513 -5694.1509 -5713.0698 -5739.8262 -5745.1592 -5753.6802 -5771.2114 -5774.2856 -5788.4556 -5857.519 -5918.3462 -5923.9995 -5588.7354 -5098.3335 -4691.1499 -4246.0293 -3817.8862 -3063.9429 -2518.7781 -2136.8359 -1924.0984 -1853.7684 -1870.4155 -1949.7228 -2146.127 -2648.4478 -3625.7153 -4345.6294 -4871.6201 -5465.6812 -6041.6938 -6339.7334 -6405.335 -6381.5195 -6351.3408 -6320.9429 -6268.7031
-5568.3135 -5582.1147 -5571.4639 -5533.3149 -5574.7012 -5636.8545 -5655.002 -5668.4224 -5662.0493 -5656.71 -5626.0454 -5585.1294 -5605.1611 -5640.041 -5661.0034 -5687.9502 -5669.7603 -5598.6787 -5592.5308 -5657.478 -5680.2622 -5677.7412 -5688.6104 -5690.2939 -5655.3696 -5698.9355 -5728.6123 -5718.8818 -5727.6445 -5787.9067 -5873.603 -5908.8765 -5440.0308 -4726.7607 -4595.375 -4692.3164 -4133.9585 -3249.5667 -2613.1545 -2126.7012 -1829.7244 -1741.8262 -1700.9265 -1644.2336 -1674.3724 -1969.238 -2840.2598 -3901.1838 -4745.2251 -5427.6045 -6012.5391 -6327.6406 -6403.5557 -6378.2212 -6345.8823 -6312.5537 -6277.0884
-5511.6089 -5454.6826 -5406.9736 -5398.0181 -5531.5591 -5682.6606 -5680.0688 -5639.5483 -5636.7012 -5652.7959 -5636.2539 -5594.5972 -5614.3926 -5647.4131 -5653.21 -5659.3169 -5659.5928 -5623.7646 -5608.8174 -5645.3071 -5674.2295 -5679.0483 -5655.4609 -5623.8325 -5583.7368 -5642.4971 -5676.3472 -5682.7012 -5717.7476 -5752.2822 -5782.0923 -5780.2822 -5588.1479 -5321.4961 -5449.3745 -5645.0498 -5210.1587 -4566.9185 -3904.5144 -3007.0496 -2041.5708 -1559.8013 -1459.1224 -1348.895 -1317.6669 -1498.55 -2381.4609 -3806.9324 -4774.3491 -5442.5864 -6025.4141 -6354.8115 -6414.063 -6386.8379 -6360.5337 -6328.0767 -6292.1592
-5469.7412 -5430.0752 -5373.2383 -5328.564 -5436.1919 -5598.2144 -5637.1606 -5634.895 -5635.9854 -5649.1182 -5653.7827 -5604.5527 -5590.4019 -5625.6411 -5658.1934 -5668.1587 -5667.6133 -5639.5845 -5617.3291 -5645.8896 -5731.0518 -5742.3789 -5654.2114 -5582.8135 -5561.8076 -5608.1655 -5637.2676 -5674.1973 -5730.1328 -5751.3799 -5756.5801 -5767.9609 -5784.3477 -5809.3799 -5860.939 -5885.5088 -5742.2427 -5537.1743 -5110.2437 -4067.7861 -2728.6694 -1792.8938 -1403.9113 -1204.0963 -1160.4342 -1353.6216 -2304.4153 -3910.6514 -4966.7632 -5673.3984 -6184.5854 -6397.7671 -6395.7803 -6364.4067 -6336.0327 -6305.7095 -6272.0518
-5476.0806 -5451.1943 -5393.269 -5307.5049 -5333.9702 -5439.7129 -5498.5479 -5538.4521 -5555.1143 -5575.2046 -5590.2979 -5544.5854 -5508.4199 -5555.687 -5645.8154 -5682.7397 -5666.145 -5623.1152 -5581.0923 -5600.3799 -5720.4326 -5745.02 -5639.2666 -5569.9634 -5591.6665 -5662.6968 -5684.4482 -5709.7012 -5725.0366 -5730.5664 -5761.3018 -5818.4619 -5866.2778 -5886.251 -5873.4976 -5849.8564 -5886.4331 -5903.8003 -5600.8594 -5041.7139 -4093.9622 -3168.8564 -2132.2612 -1436.5551 -1325.7635 -1431.8151 -2241.2151 -3789.1487 -5086.7603 -5920.9106 -6326.0151 -6397.8984 -6368.9854 -6335.3862 -6295.7378 -6262.8135 -6225.8179
-5548.6445 -5532.2075 -5417.1572 -5287.1255 -5308.5835 -5418.9297 -5454.6938 -5445.2739 -5430.02 -5442.9648 -5463.231 -5445.4482 -5428.1987 -5491.7139 -5601.021 -5651.7378 -5644.9653 -5613.0894 -5563.605 -5555.6504 -5641.5908 -5685.457 -5631.9126 -5603.9292 -5638.6099 -5695.6851 -5708.1494 -5716.6162 -5707.8535 -5714.3208 -5739.4478 -5779.4453 -5808.2285 -5813.8965 -5798.311 -5800.1567 -5859.5859 -5909.2778 -5757.2422 -5653.3096 -5221.0498 -4516.7158 -3345.9841 -2179.4648 -1698.2498 -1651.6816 -2170.9624 -3478.2627 -4937.8457 -5884.1089 -6227.3584 -6364.0142 -6373.0137 -6323.876 -6268.5972 -6233.2578 -6179.5708
-5574.6382 -5579.2402 -5455.6597 -5383.2813 -5455.1807 -5513.1167 -5469.5728 -5412.4878 -5355.708 -5336.2651 -5379.1318 -5398.8179 -5387.3359 -5457.6484 -5568.6763 -5626.2949 -5648.9136 -5627.8765 -5593.6611 -5576.1216 -5615.9287 -5649.0063 -5628.876 -5605.2842 -5613.0244 -5637.5898 -5649.5562 -5662.2842 -5666.9092 -5672.7261 -5690.5576 -5717.583 -5734.5981 -5710.499 -5703.5708 -5774.894 -5831.0425 -5849.9463 -5810.5459 -5803.938 -5607.189 -5084.1421 -4115.3926 -2755.7493 -1950.8202 -1845.5436 -2158.4177 -3148.4236 -4314.4634 -4925.5508 -5382.4126 -6139.6406 -6350.5884 -6322.7417 -6273.6372 -6207.1016 -6107.2529
