Resources/Map/Lvl0_30x30/Ele_EE.asc
ncols         335
nrows         335
xllcorner     -6645000
yllcorner     -6725000
cellsize      10000
nodata_value  -99999.0
[rows 29 to 57 of 335, columns 0 to 64 of 335]
8.7496 14.5966 19.1156 36.361 31.2941 13.1779 24.7581 47.0524 40.916 23.7719 24.8954 9 10.7397 11.6089 17.8626 21.7829 13.5055 7.1407 22.0697 35.6759 34.7012 41.7073 57.3139 41.5854 45.6245 39.8879 74.7974 68.8189 73.0335 65.0017 57.139 61.2388 81.8329 96.9595 90.0025 92.3433 90.647 89.8269 86.3843 92.3104 96.9541 104.8436 120.3653 105.3451 115.4595 138.5178 139.5119 160.1379 157.872 159.3609 209.1951 261.3825 256.516 229.4929 184.8002 168.3747 187.2835 166.8481 112.2804 120.3859 125.3385 85.6243 66.9586 31.3277 15.7888
8.9999 11.0552 16.5833 21.3689 13.0598 23.2903 42.2221 40.1318 42.5703 35.3944 16.2907 20.95 9.1303 9.4859 9.6145 20.7674 12.3273 7.2112 29.5665 18.0963 47.0573 26.7062 51.464 40.842 49.9995 35.2772 69.5162 50.6455 56.7826 71.1588 57.2973 83.3057 102.3075 104.3283 105.4403 119.0313 98.2076 98.1889 111.1202 120.4267 133.3491 137.8245 150.1365 131.1101 128.0302 136.6125 178.7617 164.0914 193.9559 183.826 195.202 253.8147 271.5446 209.8301 119.9242 99.2005 115.9222 146.6332 50.3159 95.3157 110.5594 59.7629 32.7353 19.0083 13.7087
10.0024 10 10.1673 11.815 9.1607 12.3973 14.0126 19.0388 27.3756 30.4659 32.1648 15.6086 13.7352 10.8189 5.8983 21.355 26.8591 26.7287 18.4054 27.8907 42.5262 46.7093 53.8911 63.1372 69.4094 52.3811 55.5329 65.6157 53.0781 58.3676 59.8596 70.4586 97.7862 97.8168 89.4963 110.5145 107.4905 112.3848 107.0074 104.1986 115.6088 128.2622 145.6295 146.2393 152.4937 154.302 162.123 184.1272 177.5997 193.4143 240.7017 186.7264 155.1357 111.5957 86.6779 69.8446 129.0441 100.91 49.9994 68.33 81.7509 50.2925 26.5897 17.9204 11.1526
9.0601 10.8823 10.0783 10.8134 10.8882 11.6156 11.6418 10.6316 10.52 18.1903 24.7603 25.7909 29.5415 12.8109 5.4764 26.6155 33.8543 15.3841 13.0897 29.8631 67.4415 67.5548 56.5593 85.9077 75.1905 103.2525 84.0182 74.9328 87.7517 82.0664 71.0129 65.5486 74.8957 61.4695 76.6199 97.1079 94.3309 103.4967 91.7132 122.4271 141.3239 156.3153 130.1098 138.9174 153.2418 143.3939 139.9659 144.8567 168.1653 196.9714 251.2305 268.9965 188.8552 172.3376 83.6204 69.4559 57.0232 39.3515 28.248 31.9624 31.4228 23.7616 17.2476 11.6598 13.2313
6.914 10.1595 8.1031 8.4095 9.618 9.9009 10.1816 10.8876 9.9171 8.9072 8.4208 17.2029 16.0069 11.2381 5.0091 15.3121 17.515 25.6783 43.2108 43.0488 42.0267 44.3119 83.7231 88.5738 97.8351 86.1243 72.3292 85.3573 86.4768 104.9834 91.1941 67.87 78.8815 73.3189 73.6308 75.959 88.1032 85.2128 111.1195 115.0196 129.2708 131.8707 132.3269 125.2928 127.5454 129.8431 146.8285 145.4292 165.2534 229.766 277.5544 220.3935 193.0342 110.8219 90.5687 87.2687 77.1034 62.2145 35.6169 21.1149 18.1213 12.7223 12.8465 11.6326 10.7553
10.6516 11.0834 8.311 7.7231 7.2827 6.7285 10.5613 10.173 9.613 9.6214 9.0728 9.0801 10.1646 3.259 5.8074 11.1886 24.8694 46.8743 57.5 66.3362 62.7734 66.0461 68.3145 99.5852 102.2201 88.5145 82.7627 107.2849 105.9029 117.2381 108.3527 105.1956 94.9955 84.1341 69.2412 90.4127 80.2439 84.8788 90.1819 109.6304 115.9583 108.4627 112.88 115.5702 117.0756 136.1384 132.4679 178.1566 213.347 244.2168 318.9844 282.0307 206.2259 105.2377 127.1336 185.6391 103.6285 68.1269 27.841 25.9274 16.8217 15.783 15.293 11.0539 10.1975
9.7243 10.7473 10.7475 9.5887 8.2755 8.0517 7.3539 8.234 9.6068 8.8277 9.0712 10.9947 9.6872 -0.3324 9.7278 12.3985 17.7654 35.1349 66.9888 75.279 88.5041 84.1248 87.6413 109.4016 113.3263 104.9366 104.3256 109.7065 113.8287 132.0118 114.067 107.4391 112.8648 99.4643 90.8842 85.2576 106.9871 103.4886 83.86 100.152 105.7419 111.4452 120.0928 121.2653 144.5995 154.4913 173.0147 195.2035 194.3296 257.6123 274.9031 247.7134 182.878 180.5615 177.509 103.6172 73.9275 55.7426 31.3432 26.6916 17.6094 16.2318 12.3238 10.2755 10.3959
10.1707 8.9815 9.298 10.1495 8.5795 9.2677 10.2291 9.4884 8.6636 8.8233 11.2742 10.651 9.1692 0.8298 23.0725 19.8314 29.555 23.8467 44.5605 65.0041 72.6711 99.2492 113.99 143.2754 122.2382 105.279 118.3481 111.519 106.2726 125.7994 134.111 116.8974 119.3109 135.5736 98.9443 94.7695 121.5613 117.6732 96.0646 116.7282 127.8675 127.2813 120.08 124.97 129.4807 148.6537 153.3348 234.3797 233.8111 218.0711 159.966 158.7268 124.5807 178.2733 152.3836 132.5951 70.2229 28.2082 20.996 22.4669 18.3348 15.0037 12.1072 12.2003 11.287
9.9801 8.3579 6.8371 8.1031 10.9435 9.5139 9.776 10.6231 8.0602 9.8888 11.4003 10.5238 3.958 -0.1339 23.3277 27.5525 41.0171 46.4582 46.8235 63.675 80.6279 95.1847 110.4141 129.8823 125.2203 113.8915 126.1677 118.0046 120.3045 124.2479 139.4735 136.5917 134.3266 121.881 113.9388 107.7046 119.3629 125.1015 127.8014 116.2052 133.3483 147.2665 142.6372 139.8689 165.3366 156.5025 145.246 173.6246 202.4846 153.3544 115.197 116.022 98.7876 123.0017 70.8348 54.3141 46.1641 32.2234 23.4244 64.0527 36.6737 14.8015 12.0615 10.8347 10.5927
20.2785 13.6268 8.6339 7.0919 8.1836 9.5016 9.2063 8.5551 8.6339 8.7447 11 11.2407 10.3202 2.3022 22.1557 35.1037 55.3321 62.6115 67.5801 65.077 79.9261 99.3461 103.802 125.0937 153.7199 150.5251 158.6702 122.5036 139.8183 156.8526 141.1553 124.5739 119.1374 141.2858 135.9678 118.7671 121.325 139.1001 131.4859 134.7122 128.7527 144.9572 154.884 166.3935 153.4807 187.2549 169.4264 201.2601 210.371 139.9322 181.2946 131.9574 111.389 86.6917 70.5107 51.9246 56.7987 30.9363 27.7128 29.8122 67.845 25.9742 17.9329 19.2527 10.6636
17.6322 31.5175 24.1957 20.7364 5.871 6.318 11.0655 9.9319 12.1267 8.4936 9.7783 11.2976 10.3547 5.8925 18.4818 32.958 26.8085 55.1775 79.5011 78.405 92.7487 90.8963 107.4058 108.3643 138.9372 160.1962 145.8804 154.7983 148.8277 159.9858 109.605 107.2097 102.4028 114.4236 141.121 149.3769 153.1956 131.065 114.8693 100.1996 95.1985 103.6398 127.0126 124.9335 156.1462 202.3213 210.1163 254.1471 222.8216 203.9883 122.6315 117.0628 169.6009 120.8432 72.9619 70.806 96.5413 44.8026 35.5891 37.8792 26.6201 19.8913 17.2094 20.2437 21.4151
16.6815 27.3672 16.8924 11.1437 20.4236 14.3899 10.94 10.7683 11.2566 10.8286 8.4377 10.6433 11.2166 11.505 8.8059 15.887 26.5455 37.5977 52.8706 69.3465 93.7619 96.2954 114.0165 127.2865 131.2549 125.5214 141.4973 147.3815 152.9309 159.2633 119.2285 82.3406 88.8608 106.5647 103.1901 132.9055 125.0858 94.3866 99.59 93.1342 79.2565 91.7834 104.8617 124.2644 150.03 157.4932 135.6806 171.0654 254.1972 251.341 149.9593 125.1412 206.4518 114.8385 122.0076 211.6529 107.9674 39.5303 46.7121 51.3978 40.8949 32.361 55.2831 61.3617 70.0322
41.0508 21.8168 20.793 15.8923 15.7851 23.7866 11.1436 10.0183 12.9601 10.6112 11.5697 11.473 10.0573 9.627 8.2249 8.2553 32.9414 48.1237 73.5905 93.155 78.6481 85.3645 109.1184 95.8606 138.4999 93.9826 101.3751 103.6562 139.4711 171.5918 106.6837 67.5323 109.3067 107.741 90.7618 103.6262 101.3711 82.5109 84.2088 82.0526 102.3466 121.873 110.9006 99.1501 127.1341 111.3506 101.4337 161.7694 206.3889 274.5323 313.6551 164.059 245.1246 229.7121 102.984 64.7374 60.3585 73.5969 73.529 78.5944 59.3939 69.3388 109.2628 133.9895 69.1313
43.5835 25.7653 37.1168 29.3461 15.9513 26.3209 23.2704 14.9195 10.1462 9 9.1884 11.0565 11.9693 10.1853 8.4298 1.4605 24.3496 28.5024 57.7605 75.6361 55.2075 66.3644 68.6425 102.3491 113.7002 94.0384 72.3556 96.7532 82.7947 109.7702 128.727 83.5902 51.5071 53.5044 69.2439 80.3708 75.5971 70.8259 64.9432 87.0007 77.5866 98.3389 77.1155 81.8843 95.6387 95.7545 123.7491 131.6952 138.2434 207.4247 297.3595 263.2282 234.7158 138.2831 109.8428 92.7628 78.9249 93.0739 85.2168 87.2331 92.5918 91.3761 92.3827 71.0595 56.8208
46.9517 44.0248 28.1232 20.3666 25.9384 27.6064 28.3657 17.4137 15.6445 9.5883 9.9792 11.903 10.995 11.4127 3.0698 -0.512 3.2651 13.9809 24.9102 18.3217 32.3079 50.9488 76.5821 106.7787 106.86 59.4644 67.1098 55.7071 56.6381 91.2706 76.3329 74.6838 41.6243 36.0842 41.9969 49.6911 52.757 40.3793 66.3225 61.7171 49.1018 45.8996 66.5362 55.724 70.0202 60.9605 79.501 95.378 174.5104 211.1147 206.6696 268.4998 169.7145 234.0376 111.8131 136.9015 281.1037 86.9106 166.5606 128.5815 122.7868 84.7899 115.7439 17.8307 16.3948
38.8457 40.535 35.539 27.1928 32.8909 25.353 19.3693 19.1809 11.3907 12.8549 12.2465 12.802 10.2219 2.6464 -0.0615 -0.9861 -0.8761 0.4044 6.9573 22.4539 35.0355 79.4006 75.2394 80.7539 65.3534 61.7921 36.651 45.1593 49.332 40.4152 69.6221 58.3409 42.2955 25.261 45.2664 37.9751 33.2665 34.2283 34.4381 33.968 44.402 44.471 49.7458 61.5563 76.4248 73.4982 98.8206 109.9184 121.8427 129.1497 203.711 209.909 252.4521 231.3004 155.9874 268.0202 262.6913 121.59 184.642 132.9671 124.4618 112.1867 33.7266 6.077 5.5123
46.7965 49.3398 39.6987 37.7498 25.5979 25.7755 30.2956 23.4913 12.8871 14.7008 14.3908 12.5932 12.4949 0.7146 -0.9894 -1 -1 -0.9875 -0.1266 8.1451 25.3896 44.0732 43.1165 36.8415 16.2714 29.608 17.7526 38.1809 19.6683 27.2242 30.596 33.5036 33.8372 17.9748 27.7747 29.2539 14.4678 32.5258 39.5773 37.0823 56.4081 59.1306 55.5846 64.0356 76.7937 63.5958 48.9239 104.9393 189.9149 204.1112 231.991 292.5386 345.5341 283.6412 226.2015 355.7052 280.7845 167.0472 74.3825 48.8365 47.1825 23.2239 10.3875 10.3848 23.6136
47.8833 51.23 47.9225 42.812 33.0735 28.3428 22.9295 15.5448 24.244 24.7963 36.3421 23.2709 18.8108 3.3573 -0.9625 -1 -1 -1 -1 1.2737 10.2936 16.5152 11.7649 7.1748 5.1494 3.5392 5.1488 8.3768 10.8362 8.222 11.1355 15.471 27.7228 17.4387 17.1215 20.8565 14.4698 22.1919 33.0206 35.9302 46.3387 39.5681 49.827 45.8155 45.9962 45.7326 38.1705 71.1576 214.749 311.0807 304.6891 279.9931 202.1723 128.7331 148.9264 194.8456 145.9837 89.3792 61.4191 19.9935 17.1607 36.9689 14.0943 10.6699 4.0237
42.1522 42.2626 35.2452 32.9469 29.6429 24.4528 21.9619 29.3886 32.0302 25.1231 26.9579 18.3695 28.2712 26.4501 15.5446 -0.9501 -1 -1 -1 -1 -1 -1 -1 -1 -1 -1 -1 -1 -0.53 3.9315 11.5749 30.8565 19.3949 32.6512 23.285 11.3472 28.5012 44.6501 30.6517 39.6307 41.9425 23.6532 30.2489 30.7423 50.1168 64.202 53.5732 58.0543 248.6481 197.6311 234.836 101.9107 166.6126 65.3633 137.1226 73.626 84.2182 45.302 29.2127 11.6356 9.3231 12.8373 9.1639 -8.7693 -22.5653
41.3328 35.3589 38.9999 36.12 32.1697 34.0368 27.1676 24.6867 19.1158 23.2247 23.9516 29.1494 28.3238 15.351 14.4933 1.007 -0.7513 -1 -1 -1 -1 -1 -1 -1 -1 -1 -1 -1 -1 -0.0396 6.4054 6.0205 15.7726 19.5656 25.0397 10.0845 14.9949 27.6019 42.2184 56.4355 51.3932 21.0468 40.1808 19.3762 24.1001 67.4266 41.1557 44.5242 306.6523 79.6263 81.2522 126.1264 105.9858 35.6017 47.0775 32.5639 38.6656 20.1013 17.5531 12.2136 7 8.252 -10.6417 -21.672 -28.2506
38.8216 38.9007 40.1283 36.8182 37.1793 34.2366 32.4547 27.3203 26.8235 33.0294 25.7478 21.4965 13.5444 11.6586 21.589 20.364 14.6227 12.0704 -0.7589 -0.9248 -0.948 -1 -1 -1 -1 -1 -1 -1 -1 -1 -1 0.0196 3.5004 10.9789 14.7676 10.1141 11.5266 19.6676 42.3515 43.0762 29.4413 16.8795 16.9283 15.9035 20.3702 21.7669 26.2635 14.4902 172.1622 34.3286 47.5622 27.6503 19.1404 16.8458 47.3702 30.3409 20.6689 11.0354 14.1679 2.9336 -8.3745 -15.2638 -21.4729 -24.6163 -34.1919
45.7784 40.7233 35.8911 35.051 34.1139 35.4007 32.4567 30.9022 27.7384 24.8861 21.8058 19.0257 21.7813 27.742 31.2424 29.8254 26.4031 22.6708 12.1378 11.1093 0.1173 -0.7726 -0.9371 -1 -1 -1 -1 -1 -1 -1 -1 -1 -1 -1 -0.5027 0.4449 18.2795 27.2094 24.176 43.6629 17.4084 14.867 8.2171 5.2015 3.2389 8.4467 11.0244 9.5296 51.6775 45.7781 13.8925 17.6052 22.5735 34.2475 19.3128 5.5576 10.9114 -3.3387 -14.2373 -20.6218 -21.4821 -22.5247 -24.7724 -31.7809 -41.1462
37.4329 39.7283 37.458 37.4977 32.404 32.6615 33.5473 31.8533 31.0202 26.9716 21.8571 21.4558 24.4053 27.4259 28.4179 28.8173 27.1988 31.4241 29.7692 28.079 16.1854 16.337 17.9418 -0.8509 -1 -1 -1 -1 -1 -1 -1 -1 -1.0684 -1.1193 -1.663 -1.5132 2.2566 9.4631 13.9202 16.5689 6.5149 0.024 -3.8203 -6.2278 -7.3343 -6.8226 -5.9392 -6.9545 -2.2916 19.6834 2.8159 6.7427 2.6737 10.2373 5.5991 -9.9523 -13.937 -20.9295 -24.2481 -24.8518 -24.3323 -25.6632 -28.3824 -33.8223 -40.1535
40.2735 40.4382 35.9943 33.9052 27.5979 30.0842 34.7425 32.7638 33.7208 34.5554 28.4592 26.8837 26.4299 25.2674 24.4678 23.0724 24.7633 26.1966 29.6428 20.6627 17.2016 24.6226 22.4953 12.3318 -0.2912 -0.8358 -1 -1 -1 -1 -1.0748 -1.1413 -1.7146 -2.1413 -2.1413 -2.7807 -3.2348 -3.3793 -2.8182 -3.3957 -5.2058 -7.1408 -9.0405 -10.9401 -11.4011 -12.4053 -12.9392 -15.4453 -16.6325 -17.6545 -18.6766 -17.7147 -9.2834 -11.1467 -19.5736 -22.0226 -22.4725 -24.2129 -24.7173 -24.7887 -25.495 -27.4246 -29.8712 -33.7429 -37.9914
37.0029 33.1597 34.2029 32.1969 30.4485 24.8129 28.5503 28.1663 33.0264 32.9964 33.2488 30.5531 25.2241 24.4213 22.0175 19.0813 21.343 21.591 27.2294 25.0313 24.7683 25.2372 20.2572 14.5311 15.867 15 -0.7261 -1 -1 -1 -1.5292 -2.0901 -2.7367 -3.1634 -3.2642 -3.9661 -4.9882 -6.0102 -6.5572 -7.9897 -9.8668 -11.0983 -12.1204 -13.1424 -14.1644 -16.0462 -18.684 -20.0515 -21.0892 -22.2661 -23.1382 -22.3335 -23.1494 -22.1751 -22.4806 -22.4739 -24.2321 -24.6086 -23.0239 -23.6406 -26.1592 -27.1919 -29.0169 -31.6988 -35.1846
32.098 29.7133 32.4376 32.6226 31.1468 24.5307 22.9291 25.2452 31.4719 30.8346 31.8336 31.0324 28.1318 25.982 23.3323 16.156 20.3358 20.9962 21.2137 19.7992 18.5181 25.2429 22.3554 18.1782 16.2575 11.6007 12.0758 -0.7014 -1 -1.094 -1.7146 -2.6345 -3.6796 -4.2958 -4.9882 -5.8917 -6.9695 -8.0543 -9.651 -11.0478 -12.1204 -13.1424 -14.1644 -15.1865 -16.0532 -17.9049 -18.9037 -20.8076 -22.0975 -24.0812 -23.8257 -23.9985 -23.798 -22.7213 -25.1273 -24.2507 -24.9168 -24.0382 -23.092 -23.9969 -25.7793 -25.5505 -26.0049 -29.5169 -33.0625
34.6509 34.3598 28.897 28.0913 30.0492 28.3176 26.3579 27.7445 28.714 31.5428 26.8222 27.9259 29.7097 26.6162 24.1782 19.694 19.0968 13.8117 13.6596 16.1476 17.0431 16.9234 16.7866 16.306 16.6563 19.715 9.809 6.8129 -0.7864 -1.5072 -2.5292 -3.1144 -4.354 -5.8028 -6.8248 -7.3401 -8.6005 -10.0327 -11.2667 -12.9265 -14.1644 -15.1865 -16.0439 -17.0231 -17.2074 -18.7486 -19 -20.8076 -23.0438 -24.5133 -22.8465 -24.1961 -23.3898 -21.7801 -25.9299 -24.7593 -24.3565 -24.0507 -23.0006 -22.2973 -24.6023 -23.456 -23.0962 -27.282 -32.287
37.4309 33.3979 30.5844 30.7129 25.7351 22.73 23.0403 29.4359 31.4354 32.1117 27.6229 31.4273 28.3605 27.3441 23.5692 22.796 20.8515 16.1439 16.3711 11.9443 13.2088 12.4284 12.1254 13.1277 13.7328 15.336 9.9453 7 0.7386 -1.6236 -2.7587 -3.7807 -5.3761 -6.8248 -7.9885 -9.0983 -10.2722 -11.8985 -13.87 -15.1865 -16.2085 -17.2306 -17.4589 -18.2746 -18.4589 -19.1214 -19.2295 -21.0371 -23.7946 -22.6171 -22.2388 -25.2054 -25.2187 -24.4979 -25.4116 -23.1697 -21.5327 -21.803 -23.7908 -21.6956 -23.766 -22.868 -23.7712 -26.9995 -33.3701
34.0035 32.678 29.3737 29.8484 24.8323 24.1665 22.1547 23.4668 25.6091 27.5006 27.6335 28.0343 26.6368 23.7525 23.9521 23.1142 20.3275 21.892 20.5053 18.2695 15.7307 13.2307 12.3794 12.1789 10.0204 12.5029 9.0916 8.2069 2.7303 -2.0144 -3.6623 -4.8028 -6.3981 -7.9966 -9.5825 -11.0517 -12.8259 -14.3584 -15.9881 -17.4135 -18.3156 -19.0806 -19.2515 -19.862 -20 -20.2162 -20.2515 -22.2865 -23.889 -21.1563 -23.4278 -25.9799 -25.993 -25.4068 -22.8636 -20.7087 -20.5579 -23.5311 -25.1379 -23.3002 -24.4218 -23.5375 -25.6859 -28.1857 -36.4748
