Resources/Map/Lvl0_30x30/Ele_AI.asc
ncols         335
nrows         335
xllcorner     6755000
yllcorner     6675000
cellsize      10000
nodata_value  -99999.0
[rows 56 to 83 of 335, columns 0 to 63 of 335]
-3813.0754 -3812.6018 -3812.0623 -3811.571 -3811.0491 -3810.8953 -3810.5247 -3810.0295 -3809.8953 -3809.4783 -3809.1938 -3809.0032 -3808.4319 -3808.1938 -3807.9834 -3807.3855 -3806.9702 -3806.8953 -3806.8953 -3806.3235 -3805.9438 -3805.8953 -3805.2771 -3804.9243 -3804.8953 -3804.8953 -3804.2153 -3803.8979 -3803.8953 -3803.8953 -3803.8953 -3803.8396 -3803.1636 -3802.8953 -3802.8953 -3802.8953 -3802.8953 -3802.8953 -3802.8257 -3802.5969 -3802.5969 -3802.5969 -3802.5969 -3802.5969 -3802.5969 -3802.5969 -3802.5969 -3802.5969 -3802.5969 -3802.4548 -3802.2983 -3802.2983 -3802.2983 -3802.6943 -3803 -3803 -3803 -3803 -3803.4731 -3803.7017 -3803.7017 -3803.7017 -3803.7017 -3803.7017
-3809.8291 -3809.7136 -3809.2341 -3808.7014 -3808.5527 -3808.1863 -3807.6831 -3807.1545 -3806.8291 -3806.6648 -3806.1067 -3805.8291 -3805.1685 -3804.8291 -3804.3193 -3803.9048 -3803.2874 -3803.1057 -3802.5317 -3802.1567 -3802.1057 -3801.4841 -3801.1384 -3800.4521 -3800.3821 -3799.6965 -3798.6892 -3798.6584 -3798.6489 -3797.9348 -3797.9348 -3797.9128 -3797.585 -3796.9348 -3796.9348 -3796.8135 -3796.2112 -3796.2112 -3796.2112 -3796.2112 -3796.2112 -3795.9944 -3795.4875 -3795.4875 -3795.2229 -3794.7639 -3794.7639 -3794.7639 -3794.7639 -3794.7639 -3795.1243 -3795.4875 -3795.4875 -3796.0518 -3796.4875 -3796.4875 -3796.4875 -3796.4875 -3796.6741 -3796.7639 -3796.7639 -3796.7639 -3796.7639 -3796.1963
-3807.2134 -3806.7632 -3806.6511 -3806.1641 -3805.7632 -3805.6343 -3805.1147 -3804.623 -3804.0818 -3803.7632 -3803.6062 -3803.0325 -3802.1023 -3801.2542 -3800.3127 -3799.4756 -3798.5229 -3798.2717 -3796.8877 -3795.9185 -3795.1565 -3793.5354 -3793.2893 -3792.3862 -3791.5994 -3790.5964 -3789.5745 -3788.8044 -3788.0391 -3787.0525 -3787.0095 -3786.2476 -3785.4597 -3784.561 -3784.3442 -3783.0273 -3782.6741 -3781.9121 -3781.3242 -3781.1335 -3780.3716 -3779.7566 -3779.3386 -3778.833 -3778.467 -3777.833 -3777.5273 -3777.0874 -3776.7488 -3776.3416 -3776.0969 -3775.8503 -3775.4463 -3775.2483 -3774.9221 -3774.1599 -3773.8679 -3773.3816 -3772.6194 -3772.3767 -3771.8408 -3771.0789 -3770.3169 -3769.3552
-3804.605 -3804.4646 -3804.1267 -3803.5896 -3803.0928 -3802.3081 -3801.4009 -3800.5066 -3799.5891 -3798.2488 -3796.6797 -3795.4524 -3793.9231 -3792.6406 -3791.0774 -3789.271 -3788.0391 -3786.6045 -3784.6667 -3783.4377 -3781.7732 -3780.4263 -3778.8999 -3777.1208 -3776.0244 -3774.2754 -3773.2126 -3772.1907 -3770.4011 -3769.3872 -3768.5894 -3767.5671 -3766.4673 -3764.7842 -3763.9319 -3762.7502 -3761.9216 -3760.8997 -3759.9319 -3759.0879 -3758.0659 -3757.1135 -3756.2542 -3755.312 -3754.4424 -3753.2126 -3752.1777 -3751.709 -3750.8188 -3749.9075 -3749.0071 -3748.106 -3747.1956 -3745.8713 -3744.616 -3744.061 -3743.0022 -3742.283 -3741.5278 -3740.1331 -3738.9485 -3737.9265 -3736.3191 -3735.1147
-3797.3694 -3796.2319 -3794.1775 -3792.3687 -3790.6946 -3788.8582 -3787.4189 -3785.155 -3783.4231 -3781.3369 -3778.9727 -3777.063 -3775.0947 -3773.1943 -3771.217 -3769.1729 -3767.2864 -3765.2949 -3763.251 -3761.3782 -3760.0342 -3758.2993 -3756.2849 -3754.9541 -3753.1812 -3751.1528 -3750.0779 -3749.0559 -3747.0234 -3745.2222 -3744.2 -3743.1152 -3741.345 -3740.134 -3738.9971 -3737.3 -3736.2781 -3735.0889 -3733.4443 -3732.4224 -3731.4001 -3730.1416 -3728.5664 -3727.5444 -3726.5225 -3725.1125 -3723.5645 -3722.6665 -3721.6445 -3720.2466 -3718.8108 -3717.7888 -3716.3386 -3714.8364 -3713.7227 -3712.3481 -3710.9666 -3710.0039 -3709.0552 -3707.8867 -3706.2334 -3704.989 -3703.8066 -3702.115
-3768.0046 -3766.2246 -3763.6255 -3761.563 -3759.1357 -3756.6716 -3755.1494 -3752.9375 -3750.5518 -3748.9587 -3747.1675 -3745.1235 -3743.0793 -3741.0354 -3739.5635 -3737.759 -3736.3228 -3735.1084 -3733.2502 -3731.2061 -3729.999 -3728.1179 -3726.7891 -3725.0117 -3722.9858 -3721.7104 -3720.6785 -3718.8518 -3717.6321 -3716.3955 -3714.5903 -3713.5535 -3712.2759 -3710.5244 -3709.4749 -3708.156 -3706.4583 -3705.3962 -3704.2258 -3702.9963 -3701.3701 -3700.2915 -3698.8765 -3697.304 -3696.282 -3694.8721 -3693.2378 -3692.2158 -3690.8252 -3689.2705 -3688.1497 -3686.7056 -3685.1919 -3684.0837 -3682.5857 -3681.1133 -3680.0176 -3678.4661 -3677.1616 -3676.1396 -3674.9824 -3672.7053 -3671.2617 -3670.092
-3719.5845 -3717.5713 -3715.4304 -3713.3865 -3711.2617 -3709.5542 -3708.0095 -3706.4114 -3705.1448 -3704.0518 -3703.4412 -3702.5691 -3701.3772 -3700.7544 -3699.9441 -3699.4072 -3698.5676 -3698.1882 -3697.2256 -3696.0337 -3694.981 -3693.8159 -3692.7705 -3691.5984 -3690.4065 -3688.5823 -3687.5161 -3686.3293 -3685.3059 -3684.2781 -3683.0957 -3682.0073 -3680.2009 -3679.0295 -3677.8862 -3676.1238 -3674.9634 -3673.7649 -3672.0854 -3671.021 -3669.6438 -3667.7695 -3665.8418 -3663.855 -3662.2859 -3660.876 -3658.8999 -3657.0256 -3655.4546 -3654.3418 -3652.9045 -3650.9438 -3649.4419 -3648.4199 -3647.3005 -3646.2097 -3645.1875 -3644.0571 -3642.9773 -3641.9553 -3640.9331 -3639.665 -3638.5566 -3637.5347
-3674.9243 -3672.7214 -3671.552 -3670.3826 -3668.7986 -3667.261 -3666.6152 -3666.3997 -3665.7625 -3665.7581 -3666.0466 -3665.9546 -3665.8071 -3666.3425 -3666.5125 -3666.4697 -3665.7209 -3665.4697 -3664.677 -3663.6548 -3662.6328 -3661.6108 -3660.5889 -3659.5667 -3658.5447 -3657.386 -3656.3564 -3654.4861 -3653.4565 -3652.4346 -3651.3635 -3649.5232 -3648.2817 -3646.4905 -3645.4475 -3644.1589 -3642.2622 -3640.335 -3638.1248 -3635.572 -3632.6848 -3626.8855 -3620.1929 -3613.7834 -3609.168 -3605.5872 -3603.8938 -3603.0942 -3602.865 -3602.3101 -3601.2163 -3599.6018 -3598.0999 -3597.5605 -3597.4133 -3597.7864 -3597.4351 -3596.9712 -3596.2466 -3595.2246 -3594.2026 -3593.1807 -3592.811 -3591.9924
-3651.2542 -3649.0247 -3647.6162 -3646.1028 -3644.5964 -3642.6143 -3641.2234 -3640.8096 -3640.2371 -3639.3601 -3638.5125 -3637.6152 -3637.2981 -3636.7822 -3636.5425 -3635.9043 -3634.9158 -3634.6646 -3634.5676 -3633.7275 -3632.7056 -3632.4375 -3631.5393 -3629.7244 -3629.4294 -3628.4731 -3626.6003 -3625.4302 -3624.3953 -3622.5071 -3621.478 -3620.2712 -3618.3396 -3616.2021 -3613.2581 -3609.377 -3604.4751 -3598.842 -3592.9758 -3585.9033 -3577.687 -3569.4607 -3559.9077 -3550.0713 -3542.5906 -3536.1687 -3531.6655 -3528.9019 -3526.6086 -3525.1741 -3524.1521 -3523.0664 -3522.4617 -3522.4058 -3522.9204 -3523.3579 -3523.3289 -3523.2837 -3523.2012 -3523.6877 -3523.8293 -3524.3545 -3525.22 -3525.3328
-3628.4705 -3626.408 -3624.4221 -3622.4243 -3620.4341 -3618.8457 -3616.823 -3614.5122 -3613.1306 -3611.5735 -3610.1868 -3609.1646 -3608.2087 -3607.2207 -3606.2693 -3605.9307 -3605.1545 -3604.9033 -3604.1899 -3604.6553 -3604.7195 -3604.7031 -3604.615 -3604.4221 -3603.5703 -3601.7034 -3599.6646 -3596.8279 -3592.1414 -3587.2783 -3580.6863 -3573.2183 -3565.656 -3558.0813 -3550.2712 -3541.5676 -3532.9302 -3524.5779 -3515.1638 -3507.0386 -3499.0378 -3491.7512 -3484.3279 -3477.4863 -3472.1057 -3467.179 -3463.0093 -3459.4121 -3456.3914 -3453.9036 -3451.5137 -3449.1201 -3446.7449 -3445.0012 -3444.1401 -3443.2617 -3442.342 -3441.4224 -3440.5027 -3439.6526 -3438.7634 -3437.9177 -3437.1003 -3436.2043
-3607.2124 -3606.4963 -3605.9307 -3605.2551 -3604.6489 -3603.5867 -3602.4822 -3601.3435 -3600.2864 -3598.6697 -3596.1052 -3593.1987 -3589.6831 -3585.8345 -3581.3359 -3576.6018 -3571.8323 -3567.812 -3563.2502 -3558.5864 -3553.8899 -3549.1787 -3543.6553 -3538.8345 -3533.198 -3525.6445 -3517.0535 -3508.3364 -3498.5002 -3486.7888 -3474.866 -3461.9785 -3449.0911 -3436.0898 -3422.2488 -3408.6482 -3396.6379 -3384.8547 -3374.1594 -3365.2766 -3357.3779 -3350.7764 -3345.8032 -3342.1633 -3340.5544 -3340.5432 -3341.5442 -3343.9395 -3347.8875 -3352.3965 -3356.45 -3359.5408 -3362.1655 -3363.8005 -3364.6631 -3365.5256 -3365.8069 -3365.1257 -3364.1038 -3363.0818 -3361.3975 -3360.7983 -3360.7185 -3360.6387
-3600.314 -3600.2803 -3600.2556 -3600.6606 -3601.1409 -3600.6057 -3599.5835 -3597.0027 -3592.0054 -3585.5649 -3579.2446 -3571.4756 -3562.584 -3554.3167 -3545.6646 -3536.6956 -3528.4331 -3519.7441 -3510.7878 -3501.8186 -3493.6396 -3484.8242 -3475.8057 -3466.8298 -3456.9355 -3446.8381 -3435.7632 -3423.6997 -3409.6233 -3394.4314 -3378.1423 -3358.9924 -3338.9526 -3318.7896 -3297.865 -3277.9448 -3259.6428 -3245.0952 -3233.5757 -3225.3572 -3220.615 -3217.3533 -3214.7981 -3213.6428 -3213.2949 -3214.2815 -3215.7134 -3217.8059 -3220.4185 -3223.1499 -3225.8081 -3228.4114 -3230.001 -3231.0742 -3231.543 -3231.6003 -3231.6223 -3230.97 -3230.5845 -3229.8699 -3228.8076 -3227.8113 -3226.8464 -3227.3628
-3589.9573 -3589.374 -3589.7996 -3590.3557 -3589.4382 -3586.468 -3580.9526 -3572.8872 -3562.1646 -3550.6628 -3538.9849 -3526.8638 -3515.3418 -3504.1921 -3493.03 -3482.5593 -3473.1226 -3463.9329 -3454.7344 -3447.8977 -3440.8813 -3435.3225 -3430.0735 -3425.6965 -3421.4031 -3417.1064 -3412.7769 -3407.4541 -3401.98 -3392.3333 -3375.4763 -3349.1348 -3311.1189 -3275.8315 -3248.8682 -3231.3784 -3219.812 -3213.0144 -3209.3491 -3208.3306 -3208.1758 -3208.6504 -3210.5427 -3212.1504 -3213.4812 -3215.1157 -3216.1519 -3217.2085 -3218.2808 -3218.8962 -3219.4639 -3219.533 -3219.1204 -3218.6104 -3218.2041 -3217.6165 -3216.0205 -3214.0237 -3211.386 -3208.4004 -3205.4038 -3201.6919 -3197.7083 -3193.0198
-3505.4351 -3501.3887 -3497.3547 -3492.8655 -3487.3262 -3481.231 -3474.582 -3467.4146 -3460.2153 -3453.0068 -3446.4055 -3440.2 -3433.3494 -3427.4954 -3422.3118 -3417.1367 -3412.7144 -3408.5649 -3405.199 -3402.8938 -3401.6179 -3399.6941 -3399.3545 -3399.304 -3399.2551 -3399.2061 -3398.1995 -3397.1289 -3393.0146 -3385.6934 -3374.2139 -3359.4446 -3340.8057 -3322.4443 -3306.25 -3292.4009 -3281.5322 -3272.7842 -3266.1365 -3261.3311 -3257.5662 -3254.8401 -3252.845 -3250.8457 -3249.5657 -3249.2024 -3248.6096 -3248.6221 -3249.0828 -3250.0991 -3251.1147 -3252.6382 -3254.1165 -3256.2344 -3258.6792 -3261.2925 -3264.3022 -3266.6626 -3267.9834 -3267.5803 -3263.6948 -3253.4792 -3230.7661 -3193.6016
-3413.4629 -3412.4409 -3411.4187 -3410.3967 -3409.3699 -3407.8362 -3406.3152 -3404.738 -3402.6882 -3401.2166 -3400.1636 -3398.4719 -3397.0444 -3395.9849 -3394.9248 -3393.1421 -3391.0671 -3389 -3387.7124 -3385.0439 -3381.9675 -3378.8826 -3375.8047 -3372.7192 -3369.6418 -3366.5654 -3362.52 -3359.4128 -3354.3198 -3349.1653 -3342.9395 -3334.8726 -3327.6375 -3319.3596 -3310.3376 -3302.1921 -3294.0466 -3286.1086 -3279.1958 -3273.0688 -3267.2292 -3262.4189 -3258.009 -3253.2424 -3249.5166 -3246.8281 -3244.3638 -3242.147 -3240.2056 -3238.5579 -3238.0442 -3237.012 -3236.5327 -3237.6711 -3240.3293 -3244.6897 -3251.1951 -3260.4473 -3270.6453 -3279.9402 -3280.3167 -3270.4893 -3252.8923 -3231.9749
-3399.0586 -3397.8726 -3396.6865 -3395.4856 -3393.8135 -3391.6057 -3389.3987 -3387.2058 -3384.4436 -3380.6707 -3376.5039 -3371.7117 -3365.9175 -3361.1069 -3356.2937 -3351.1602 -3346.0413 -3341.6772 -3336.8142 -3332.5256 -3328.4644 -3323.5776 -3319.3857 -3314.4854 -3310.3689 -3306.3464 -3301.3547 -3297.3013 -3292.2522 -3286.2551 -3282.1443 -3277.0972 -3271.925 -3265.8872 -3259.9614 -3254.8787 -3249.7625 -3244.4077 -3238.2354 -3232.5405 -3228.0764 -3223.1482 -3218.5847 -3213.687 -3209.4561 -3205.5916 -3201.9648 -3198.1912 -3195.0559 -3192.4329 -3190.3879 -3188.4102 -3188.0562 -3190.2573 -3195.696 -3207.5793 -3226.9504 -3249.5237 -3257.2874 -3244.3367 -3225.2522 -3206.0574 -3189.0496 -3175.0986
-3380.1978 -3373.9321 -3367.634 -3360.8984 -3354.1179 -3346.8896 -3339.6865 -3332.8931 -3325.6592 -3318.4175 -3311.7358 -3304.8335 -3298.2292 -3291.9863 -3286.4482 -3280.6187 -3275.2502 -3270.1816 -3265.9197 -3261.9309 -3258.8357 -3255.9822 -3253.1851 -3251.2986 -3249.5313 -3247.7124 -3244.9729 -3243.0674 -3240.2168 -3236.3281 -3233.3726 -3230.3379 -3226.4397 -3223.1196 -3218.6919 -3213.6536 -3207.2371 -3199.7773 -3191.5122 -3182.9829 -3175.1536 -3166.4495 -3157.1753 -3148.3022 -3139.7642 -3131.0645 -3123.021 -3115.8511 -3110.7375 -3107.2361 -3105.2498 -3105.3232 -3106.9719 -3110.7886 -3117.1582 -3125.0313 -3133.3181 -3139.0667 -3140.0774 -3135.9055 -3127.115 -3114.7593 -3101.4868 -3088.9849
-3333.6106 -3324.938 -3315.6619 -3306.4209 -3297.707 -3289.063 -3280.4307 -3271.7878 -3263.2305 -3254.4595 -3245.1672 -3235.7161 -3226.7664 -3218.071 -3210.0547 -3203.7537 -3198.0776 -3193.311 -3189.7473 -3187.4487 -3187.0786 -3188.134 -3190.3376 -3193.5962 -3197.1851 -3199.8489 -3202.364 -3203.9595 -3205.1121 -3204.0767 -3202.6392 -3200.6511 -3197.0266 -3189.8469 -3177.9053 -3158.6289 -3133.3738 -3107.6753 -3085.3508 -3067.1614 -3052.9666 -3040.7012 -3030.3645 -3021.3743 -3013.1633 -3006.5229 -3000.8787 -2996.2781 -2993.1411 -2991.5369 -2990.9351 -2991.8181 -2994.7129 -2999.6099 -3007.0222 -3016.2837 -3025.9592 -3034.4294 -3040.2961 -3041.9563 -3037.2473 -3027.0059 -3014.5051 -3002.4106
-3277.1121 -3267.1943 -3256.6729 -3246.614 -3237.5037 -3228.8257 -3220.0437 -3211.4451 -3202.4578 -3192.4404 -3180.865 -3167.5549 -3153.1353 -3138.1448 -3123.7891 -3110.7227 -3098.9343 -3089.634 -3083.3386 -3080.8879 -3080.8372 -3084.2368 -3090.0732 -3097.0198 -3106.6675 -3115.5464 -3123.3743 -3130.9543 -3133.5137 -3132.2219 -3125.8684 -3113.6843 -3095.842 -3071.4419 -3042.7783 -3018.5503 -3002.417 -2992.1177 -2984.873 -2978.1089 -2970.6536 -2963.1982 -2955.7112 -2948.8093 -2943.2332 -2937.6836 -2932.5217 -2928.4216 -2925.3523 -2922.9067 -2920.9102 -2919.4375 -2918.9917 -2919.467 -2920.5159 -2922.5659 -2925.2153 -2927.9165 -2929.9729 -2931.6475 -2930.6987 -2927.9871 -2922.0461 -2914.8616
-3213.408 -3200.6526 -3187.3132 -3174.1438 -3160.8389 -3147.0608 -3132.2893 -3114.5867 -3094.0918 -3072.8235 -3051.3606 -3031.6519 -3013.9924 -3000.1563 -2989.47 -2982.189 -2978.1743 -2975.7173 -2975.0017 -2976.8679 -2980.1177 -2983.4492 -2989.0864 -2995.0957 -3001.9189 -3006.9331 -3010.8284 -3012.6882 -3010.7942 -3008.4111 -3003.3091 -2996.3477 -2990.114 -2983.0535 -2976.5476 -2969.2705 -2961.637 -2952.3035 -2942.4797 -2932.7202 -2922.8352 -2912.8606 -2902.5256 -2891.5432 -2881.0652 -2870.572 -2860.0898 -2850.7368 -2842.3079 -2835.1184 -2828.2458 -2822.0193 -2816.3596 -2811.3223 -2806.813 -2803.0376 -2801.3889 -2800.2791 -2798.7263 -2796.4773 -2793.7688 -2790.8093 -2785.6782 -2777.8545
-3063.2888 -3053.948 -3043.0645 -3029.2209 -3013.0938 -2996.593 -2979.4922 -2961.6523 -2943.2141 -2925.2822 -2910.4534 -2899.3108 -2891.8276 -2888.1267 -2887.6521 -2889.6411 -2893.4407 -2898.1118 -2903.4944 -2908.9248 -2914.6865 -2919.6687 -2924.3628 -2928.9082 -2933.1736 -2935.9211 -2937.582 -2937.6304 -2936.4407 -2932.7788 -2928.7295 -2922.8994 -2917.0876 -2910.0657 -2901.8479 -2893.3333 -2884.3857 -2874.9988 -2867.3511 -2860.4182 -2852.9468 -2844.5398 -2835.1921 -2822.9675 -2807.283 -2789.1919 -2769.9812 -2751.2893 -2733.771 -2718.6133 -2706.3938 -2695.9648 -2686.8 -2678.6672 -2671.5967 -2666.0674 -2661.4275 -2657.4583 -2652.7456 -2647.585 -2641.136 -2632.6421 -2622.8225 -2612.9697
-2692.9343 -2713.3269 -2726.4255 -2730.9575 -2728.9702 -2725.3708 -2721.5898 -2718.448 -2717.0237 -2717.8674 -2720.8003 -2726.105 -2734.2405 -2745.2 -2758.4656 -2774.427 -2791.2148 -2806.9639 -2820.5403 -2830.897 -2836.8215 -2839.7881 -2840.4561 -2839.6208 -2836.4736 -2833.5808 -2830.3938 -2828.5056 -2825.4797 -2823.5706 -2820.2981 -2816.4182 -2812.78 -2806.5466 -2796.6404 -2783.9873 -2769.2324 -2754.8489 -2741.7195 -2730.6599 -2722.3389 -2712.5903 -2700.5989 -2685.9807 -2668.3433 -2647.0718 -2625.4043 -2604.5386 -2585.2817 -2569.929 -2558.6448 -2550.3206 -2544.4973 -2539.6477 -2535.9495 -2533.0513 -2530.9993 -2529.5806 -2528.7864 -2528.5212 -2527.1772 -2523.9707 -2518.3574 -2508.9626
-1965.4778 -2013.3961 -2060.1477 -2100.9778 -2134.3154 -2173.061 -2215.8289 -2255.6396 -2296.2295 -2339.3972 -2373.5735 -2397.6262 -2424.5544 -2463.0708 -2507.561 -2553.0386 -2601.6577 -2652.7866 -2697.6782 -2726.2856 -2737.9272 -2735.9529 -2723.5918 -2707.3513 -2689.1445 -2670.2847 -2654.8357 -2643.2876 -2636.4438 -2632.6938 -2631.6997 -2631.3462 -2628.8777 -2621.9084 -2608.1655 -2588.6833 -2565.9426 -2547.3 -2530.6335 -2517.2556 -2507.9194 -2500.572 -2493.4824 -2487.825 -2481.3877 -2474.0027 -2464.6128 -2454.0598 -2442.9814 -2432.7031 -2423.8955 -2417.8542 -2414.4519 -2412.4517 -2411.0583 -2409.3228 -2405.9006 -2401.6667 -2397.3323 -2390.1951 -2378.1855 -2363.6414 -2342.6489 -2317.0393
-1372.5841 -1406.2633 -1443.766 -1479.1184 -1514.3551 -1560.4773 -1612.1141 -1661.2631 -1717.4205 -1782.6211 -1839.7484 -1886.9601 -1942.5226 -2014.0015 -2089.864 -2159.7156 -2226.4744 -2290.9883 -2346.802 -2378.3508 -2381.5886 -2363.801 -2332.1851 -2298.3533 -2273.593 -2257.6438 -2248.3325 -2244.6355 -2249.5803 -2260.5801 -2276.7737 -2294.6118 -2312.54 -2326.5896 -2334.0469 -2334.4646 -2328.3948 -2319.6602 -2310.9836 -2305.4375 -2304.5703 -2306.6511 -2309.7229 -2313.0967 -2313.9331 -2310.1248 -2300.8784 -2287.238 -2271.4019 -2256.8623 -2247.1711 -2242.5706 -2242.7554 -2246.1741 -2248.7959 -2248.1484 -2244.345 -2237.5183 -2228.6423 -2214.864 -2196.0298 -2173.7092 -2150.9885 -2128.2559
-1012.0007 -1037.4705 -1059.0236 -1079.059 -1094.375 -1110.536 -1137.5002 -1180.0636 -1234.8414 -1286.5657 -1330.0236 -1383.8193 -1458.903 -1538.1062 -1603.8179 -1659.2269 -1709.214 -1745.094 -1759.2721 -1757.0376 -1750.0474 -1741.1234 -1734.891 -1734.4834 -1750.2939 -1784.4861 -1825.894 -1864.3481 -1897.394 -1929.5652 -1962.6194 -2000.5178 -2041.0536 -2078.5193 -2104.3098 -2114.2239 -2109.6392 -2098.9302 -2087.1233 -2078.7119 -2074.134 -2074.6375 -2078.7295 -2084.9438 -2090.5854 -2092.2988 -2088.4697 -2080.4275 -2069.8472 -2057.8853 -2046.6288 -2036.6588 -2028.387 -2023.0427 -2018.4526 -2014.1251 -2013.8191 -2015.519 -2012.8092 -2004.8059 -1993.8308 -1980.1515 -1965.6326 -1950.8511
-710.7149 -737.4825 -760.4807 -781.676 -801.8988 -822.4952 -844.5186 -866.5573 -890.7681 -921.6316 -957.2689 -996.5541 -1038.5135 -1077.1903 -1111.1182 -1150.3387 -1193.9456 -1227.4268 -1250.0676 -1269.7416 -1294.6365 -1323.561 -1360.9602 -1406.1616 -1463.522 -1537.4225 -1615.6893 -1684.9762 -1738.9426 -1784.822 -1826.6306 -1861.488 -1887.6328 -1906.3119 -1914.7236 -1914.3374 -1907.0479 -1894.71 -1882.2832 -1870.3759 -1859.8987 -1853.1932 -1850.3646 -1852.0656 -1856.6942 -1861.3427 -1863.6965 -1864.0178 -1860.746 -1852.4802 -1839.8676 -1822.8069 -1801.5896 -1778.5275 -1755.9785 -1740.676 -1749.7919 -1769.4689 -1774.6338 -1759.0796 -1732.599 -1703.2999 -1677.0931 -1654.8156
-451.6127 -473.1098 -496.2867 -523.6378 -551.8215 -578.7553 -602.5981 -624.5049 -646.0143 -668.466 -690.4909 -710.0452 -727.1195 -744.6169 -765.1097 -795.7791 -839.9269 -889.0482 -933.963 -971.4094 -1011.7151 -1062.2612 -1122.9615 -1191.5212 -1263.642 -1335.842 -1408.7103 -1480.9159 -1547.4276 -1606.923 -1660.1653 -1702.3872 -1729.0481 -1740.3942 -1737.7084 -1725.894 -1708.5964 -1687.9862 -1668.7827 -1650.8872 -1636.401 -1627.662 -1623.1208 -1622.338 -1624.8975 -1628.5302 -1632.359 -1637.0267 -1639.9603 -1635.4626 -1621.0897 -1599.0773 -1570.3295 -1538.5853 -1508.5657 -1484.4436 -1479.0986 -1485.3544 -1482.1914 -1464.2202 -1438.7985 -1413.0282 -1391.9678 -1376.7264
-346.2427 -363.1241 -379.7443 -396.2077 -411.9836 -426.1429 -438.2619 -449.6579 -460.7719 -472.4428 -486.8184 -500.9918 -513.5072 -527.9075 -547.3522 -572.0462 -598.8276 -627.3354 -663.1124 -709.938 -763.3504 -819.7163 -884.8539 -967.3533 -1054.7002 -1126.2653 -1187.657 -1250.6146 -1316.4762 -1384.3038 -1440.7952 -1481.5964 -1503.9706 -1508.3265 -1499.8496 -1483.0454 -1463.2737 -1444.5713 -1432.0353 -1423.8341 -1418.5049 -1417.5034 -1419.0905 -1421.2854 -1422.9724 -1423.8868 -1424.5946 -1424.5028 -1423.8779 -1419.5179 -1408.6997 -1391.8264 -1369.2505 -1342.2179 -1312.4513 -1279.0472 -1242.7865 -1210.2894 -1186.8041 -1172.3142 -1162.6208 -1156.1975 -1149.7406 -1141.9496
