Resources/Map/Lvl0_30x30/Ele_EK.asc
ncols         335
nrows         335
xllcorner     13455000
yllcorner     -6725000
cellsize      10000
nodata_value  -99999.0
[rows 261 to 289 of 335, columns 195 to 259 of 335]
-3960 -3565 -3563 -3722 -3975 -4072 -4022 -3909 -3937 -4163 -4413 -4295 -4003 -3845 -3662 -3356 -3061 -2980 -3178 -3157 -3240 -3361 -3178 -3115 -3156 -3005 -2925 -3044 -3055 -2972 -2926 -2966 -2947 -2990 -3017 -3062 -3076 -2953 -2900 -3028 -3050 -3026 -2992 -2999 -2908 -2764 -2893 -3048 -3063 -3104 -3043 -2986 -2924 -2874 -2869 -2851 -2651 -2284 -2585 -2799 -2777 -2713 -2621 -2786 -3077
-3845 -3578 -3645 -4035 -4207 -4077 -3959 -3823 -3816 -4085 -4412 -4353 -4019 -3714 -3545 -3302 -2975 -3026 -3333 -3223 -3341 -3704 -3622 -3356 -3298 -3206 -3149 -3153 -3042 -2881 -2777 -2818 -2812 -2756 -2877 -2988 -2922 -2819 -2781 -2909 -2995 -2983 -2936 -2902 -2885 -2924 -3016 -3013 -2931 -3038 -3018 -2776 -2633 -2789 -2882 -2922 -2871 -2716 -2644 -2642 -2715 -2744 -2725 -2849 -3047
-3900 -3706 -3560 -3922 -4206 -4126 -3917 -3793 -3836 -4010 -4279 -4315 -3926 -3498 -3489 -3432 -3043 -3224 -3329 -3337 -3508 -3702 -3718 -3529 -3428 -3344 -3231 -3131 -2973 -2749 -2602 -2556 -2406 -2494 -2714 -2751 -2713 -2667 -2593 -2667 -2713 -2751 -2747 -2688 -2739 -2863 -2930 -2927 -2988 -3114 -3049 -2782 -2702 -2832 -2859 -2896 -2901 -2775 -2617 -2580 -2657 -2682 -2669 -2839 -3111
-3769 -3513 -3192 -3493 -3960 -4091 -3913 -3790 -3818 -3927 -4165 -4284 -3954 -3449 -3439 -3461 -2867 -2982 -3389 -3473 -3541 -3616 -3542 -3354 -3295 -3276 -3106 -3012 -2958 -2803 -2700 -2681 -2683 -2797 -2797 -2674 -2674 -2633 -2590 -2590 -2565 -2616 -2700 -2737 -2739 -2710 -2711 -2706 -2895 -2958 -2703 -2360 -2486 -2744 -2741 -2758 -2823 -2775 -2682 -2645 -2662 -2642 -2557 -2670 -3070
-3783 -3515 -2975 -3295 -3781 -3987 -3977 -3898 -3799 -3856 -4121 -4325 -4176 -3724 -3542 -3439 -3012 -3028 -3338 -3426 -3520 -3605 -3503 -3329 -3247 -3231 -3193 -3038 -2894 -2865 -2815 -2754 -2767 -2811 -2847 -2810 -2783 -2715 -2761 -2802 -2714 -2684 -2760 -2803 -2789 -2730 -2622 -2498 -2684 -2718 -2575 -2475 -2579 -2579 -2471 -2531 -2592 -2558 -2517 -2488 -2512 -2571 -2539 -2658 -2980
-3945 -4046 -3693 -3725 -3894 -3912 -3921 -3908 -3787 -3786 -3977 -4220 -4243 -3975 -3747 -3565 -3274 -3026 -3280 -3442 -3470 -3582 -3387 -3259 -3358 -3328 -3297 -3156 -2951 -2905 -2837 -2714 -2756 -2812 -2837 -2845 -2775 -2709 -2767 -2835 -2772 -2764 -2856 -2888 -2867 -2819 -2741 -2651 -2681 -2640 -2667 -2688 -2582 -2323 -2357 -2607 -2692 -2695 -2650 -2593 -2594 -2652 -2761 -2920 -3050
-3804 -3856 -3792 -3705 -3760 -3831 -3891 -3878 -3843 -3888 -3977 -4163 -4256 -4069 -3770 -3511 -3210 -3075 -3269 -3462 -3512 -3604 -3466 -3417 -3371 -3294 -3263 -3123 -2966 -2936 -2952 -2872 -2812 -2855 -2849 -2868 -2846 -2813 -2820 -2906 -2923 -2893 -2893 -2896 -2893 -2885 -2911 -2940 -2907 -2814 -2875 -2935 -2844 -2676 -2671 -2703 -2755 -2807 -2663 -2548 -2703 -2781 -2834 -2967 -2922
-3769 -3571 -3250 -3221 -3427 -3716 -3854 -3774 -3724 -3806 -3941 -4200 -4331 -4103 -3734 -3486 -3344 -3341 -3359 -3365 -3447 -3483 -3492 -3481 -3349 -3267 -3199 -3002 -2911 -2930 -2934 -2938 -2913 -2926 -2941 -2941 -2935 -2869 -2817 -2850 -2876 -2883 -2887 -2879 -2888 -2896 -2931 -2930 -2950 -2953 -2946 -2947 -2933 -2878 -2860 -2890 -2920 -2824 -2576 -2483 -2732 -2899 -2965 -2968 -2741
-3897 -3877 -3336 -3018 -3121 -3609 -3982 -4076 -4003 -3892 -3915 -4220 -4384 -4174 -3769 -3489 -3382 -3359 -3335 -3314 -3448 -3505 -3502 -3494 -3450 -3376 -3241 -3046 -2905 -2895 -2975 -3016 -2915 -2948 -3021 -2953 -2889 -2849 -2838 -2833 -2749 -2665 -2755 -2897 -2925 -2909 -2901 -2838 -2862 -2914 -2883 -2877 -2907 -2864 -2891 -2961 -2955 -2873 -2735 -2681 -2801 -2939 -3069 -3076 -2924
-3832 -4002 -3912 -3410 -3030 -3259 -3793 -4185 -4185 -3930 -3756 -4006 -4275 -4249 -3888 -3534 -3363 -3343 -3381 -3388 -3500 -3596 -3578 -3560 -3545 -3465 -3340 -3136 -2916 -2926 -3026 -3034 -2714 -2504 -2870 -3032 -2981 -2890 -2823 -2876 -2869 -2650 -2508 -2687 -2865 -2948 -2971 -2923 -2905 -2886 -2826 -2829 -2909 -2945 -2913 -2863 -2881 -2908 -2848 -2839 -2772 -2818 -3053 -3165 -2984
-3920 -4032 -4146 -3636 -2883 -2786 -3378 -3922 -3991 -3855 -3748 -3899 -4113 -4168 -3881 -3510 -3304 -3315 -3405 -3457 -3503 -3565 -3588 -3578 -3597 -3587 -3501 -3298 -3082 -3067 -3102 -3104 -3050 -2873 -2910 -2997 -3051 -3013 -2894 -2928 -3011 -2873 -2691 -2822 -2983 -2963 -2845 -2755 -2922 -2944 -2862 -2811 -2801 -2825 -2821 -2774 -2793 -2815 -2835 -2882 -2870 -2928 -2994 -2867 -2652
-3808 -3903 -4093 -3838 -3345 -3308 -3719 -3949 -3841 -3762 -3734 -3837 -4025 -4080 -3801 -3508 -3392 -3316 -3368 -3421 -3457 -3552 -3566 -3448 -3476 -3549 -3451 -3283 -3208 -3182 -3181 -3208 -3245 -3177 -3053 -3012 -3042 -3039 -2931 -2897 -2951 -2931 -2921 -2976 -3011 -2974 -2903 -2834 -2823 -2929 -2878 -2810 -2793 -2811 -2879 -2888 -2847 -2813 -2911 -2999 -3009 -3072 -3019 -2710 -2475
-3727 -3758 -4117 -4175 -4054 -3968 -3930 -3835 -3735 -3681 -3641 -3776 -4040 -4117 -3650 -3398 -3435 -3364 -3313 -3315 -3380 -3582 -3602 -3441 -3509 -3637 -3485 -3245 -3207 -3215 -3217 -3224 -3217 -3175 -3089 -3003 -2990 -3026 -3052 -2996 -2919 -2922 -2999 -2963 -2862 -2882 -3018 -3006 -2764 -2914 -2931 -2890 -2848 -2799 -2841 -2869 -2850 -2837 -2955 -3046 -3027 -3077 -3034 -2707 -2432
-3729 -3601 -3633 -3746 -3903 -4006 -3908 -3749 -3718 -3705 -3668 -3737 -3919 -4044 -3792 -3439 -3363 -3315 -3238 -3261 -3392 -3567 -3624 -3586 -3620 -3639 -3461 -3165 -3042 -3169 -3206 -3175 -3126 -3099 -3075 -3018 -2977 -3010 -3109 -3091 -2980 -2974 -3042 -2996 -2895 -2884 -2981 -2979 -2743 -2743 -2789 -2887 -2955 -2968 -2932 -2931 -2988 -2982 -3074 -3139 -3065 -3071 -3061 -2811 -2549
-3761 -3622 -3148 -3071 -3348 -3743 -3831 -3659 -3530 -3531 -3602 -3715 -3860 -3982 -3838 -3529 -3360 -3334 -3288 -3294 -3419 -3553 -3649 -3753 -3785 -3695 -3507 -3261 -3050 -3148 -3245 -3222 -3151 -3139 -3108 -3041 -3032 -3064 -3118 -3153 -3095 -3025 -3041 -3055 -3011 -2984 -3006 -2971 -2845 -2808 -2850 -2893 -2880 -2913 -2939 -2978 -3036 -3067 -3166 -3161 -2957 -3030 -3140 -2917 -2629
-3961 -3997 -3704 -3415 -3381 -3589 -3680 -3571 -3389 -3349 -3473 -3659 -3817 -3986 -3942 -3554 -3250 -3317 -3430 -3452 -3486 -3543 -3646 -3850 -3957 -3891 -3660 -3374 -3179 -3276 -3305 -3344 -3329 -3243 -3177 -3157 -3160 -3143 -3130 -3149 -3131 -3096 -3096 -3091 -3052 -3028 -2975 -2889 -2992 -2956 -2920 -2883 -2810 -2804 -2816 -2851 -2924 -3054 -3118 -2951 -2774 -2997 -3149 -2988 -2740
-3945 -4057 -3944 -3806 -3728 -3762 -3820 -3774 -3609 -3499 -3574 -3802 -3993 -4171 -4122 -3691 -3321 -3371 -3472 -3407 -3308 -3347 -3563 -3893 -4043 -4008 -3754 -3447 -3182 -3078 -3185 -3366 -3374 -3237 -3172 -3205 -3228 -3212 -3199 -3173 -3145 -3168 -3182 -3117 -3046 -3034 -3053 -3056 -3068 -3056 -3007 -2932 -2868 -2859 -2885 -2986 -3079 -3107 -3077 -2930 -2911 -3132 -3279 -3164 -2963
-3804 -3898 -3802 -3800 -3861 -3878 -3795 -3595 -3344 -3378 -3557 -3812 -4001 -4154 -4135 -3815 -3497 -3481 -3473 -3248 -3071 -3230 -3591 -3934 -4039 -3954 -3701 -3433 -3196 -3072 -3191 -3384 -3372 -3216 -3180 -3201 -3191 -3192 -3192 -3140 -3124 -3184 -3208 -3153 -3084 -3035 -3058 -3085 -3032 -3060 -3010 -2993 -2973 -2933 -2951 -3080 -3134 -3042 -2969 -2863 -2960 -3196 -3241 -3137 -2919
-3807 -3809 -3669 -3654 -3709 -3743 -3677 -3464 -3123 -3191 -3488 -3754 -3935 -4111 -4205 -4001 -3627 -3451 -3390 -3218 -3146 -3353 -3635 -3844 -3917 -3967 -3683 -3341 -3329 -3256 -3284 -3361 -3339 -3264 -3263 -3264 -3227 -3198 -3171 -3145 -3174 -3224 -3213 -3164 -3128 -3125 -3146 -3151 -3084 -3045 -2978 -3012 -3034 -3016 -3049 -3128 -3122 -2981 -2880 -2888 -3088 -3192 -3213 -3134 -2956
-3857 -3858 -3816 -3746 -3595 -3513 -3619 -3626 -3632 -3595 -3649 -3802 -3944 -4134 -4264 -4062 -3619 -3407 -3493 -3508 -3458 -3528 -3641 -3793 -3948 -4062 -3957 -3611 -3372 -3255 -3270 -3312 -3270 -3278 -3262 -3250 -3250 -3238 -3266 -3286 -3236 -3194 -3193 -3162 -3141 -3163 -3141 -3108 -3053 -3031 -3015 -3007 -3010 -3012 -3042 -3075 -3097 -3010 -2896 -2772 -2875 -3116 -3248 -3183 -2977
-3760 -3851 -3904 -3857 -3768 -3701 -3724 -3752 -3752 -3672 -3632 -3721 -3830 -4001 -4200 -4178 -3849 -3580 -3571 -3557 -3519 -3508 -3531 -3682 -3917 -4131 -4034 -3738 -3443 -3330 -3369 -3400 -3333 -3337 -3309 -3319 -3312 -3276 -3312 -3348 -3288 -3210 -3193 -3162 -3125 -3139 -3176 -3222 -3222 -3128 -3053 -3073 -3096 -3128 -3195 -3148 -3076 -3096 -3091 -3010 -3081 -3235 -3314 -3325 -3176
-3796 -3832 -3754 -3747 -3792 -3799 -3781 -3753 -3721 -3678 -3644 -3668 -3742 -3891 -4130 -4263 -4069 -3734 -3587 -3525 -3470 -3500 -3595 -3717 -3857 -4229 -4101 -3855 -3560 -3356 -3282 -3292 -3353 -3388 -3385 -3382 -3342 -3292 -3295 -3291 -3252 -3227 -3255 -3261 -3254 -3285 -3297 -3252 -3223 -3156 -3102 -3169 -3147 -3057 -3110 -3162 -3109 -3104 -3147 -3175 -3206 -3301 -3366 -3385 -3304
-3817 -3796 -3736 -3768 -3797 -3770 -3775 -3804 -3772 -3701 -3658 -3645 -3676 -3798 -4024 -4234 -4211 -3830 -3585 -3454 -3373 -3494 -3577 -3664 -3759 -3951 -4137 -3921 -3598 -3326 -3193 -3263 -3384 -3409 -3397 -3411 -3425 -3411 -3376 -3351 -3362 -3358 -3334 -3313 -3328 -3335 -3315 -3268 -3159 -3141 -3182 -3175 -3092 -3031 -3108 -3194 -3205 -3154 -3093 -3114 -3133 -3220 -3344 -3405 -3252
-3904 -3834 -3703 -3740 -3786 -3766 -3710 -3697 -3724 -3710 -3669 -3648 -3704 -3868 -4083 -4282 -4260 -3754 -3467 -3446 -3364 -3506 -3661 -3739 -3869 -4045 -4113 -3913 -3654 -3436 -3301 -3324 -3396 -3423 -3404 -3385 -3384 -3421 -3463 -3450 -3401 -3328 -3294 -3324 -3347 -3301 -3284 -3336 -3196 -3156 -3199 -3152 -3081 -3068 -3130 -3174 -3197 -3201 -3218 -3207 -3118 -3201 -3414 -3535 -3336
-4002 -3887 -3808 -3795 -3787 -3781 -3719 -3665 -3734 -3786 -3711 -3673 -3811 -4016 -4139 -4215 -4116 -3639 -3382 -3457 -3195 -3121 -3485 -3672 -3902 -4142 -4256 -4107 -3799 -3463 -3293 -3405 -3467 -3474 -3457 -3410 -3375 -3399 -3473 -3465 -3368 -3313 -3343 -3353 -3335 -3304 -3298 -3345 -3280 -3270 -3265 -3197 -3158 -3161 -3168 -3189 -3188 -3214 -3331 -3364 -3172 -3133 -3321 -3507 -3456
-4047 -4047 -3865 -3790 -3756 -3754 -3727 -3661 -3708 -3805 -3769 -3734 -3875 -4073 -4177 -4257 -4226 -3842 -3481 -3441 -3164 -2918 -3386 -3696 -3989 -4215 -4376 -4304 -3932 -3556 -3430 -3444 -3464 -3472 -3544 -3561 -3518 -3492 -3485 -3434 -3366 -3394 -3438 -3365 -3317 -3312 -3278 -3300 -3324 -3307 -3262 -3229 -3232 -3218 -3210 -3218 -3205 -3192 -3323 -3410 -3237 -3261 -3412 -3535 -3529
-4069 -4096 -3875 -3817 -3801 -3786 -3796 -3765 -3738 -3789 -3835 -3842 -3926 -4086 -4193 -4268 -4332 -4166 -3840 -3690 -3498 -3204 -3524 -3810 -3999 -4176 -4364 -4380 -4088 -3620 -3388 -3407 -3442 -3475 -3549 -3524 -3453 -3427 -3403 -3397 -3411 -3411 -3399 -3387 -3402 -3421 -3384 -3357 -3392 -3364 -3281 -3248 -3258 -3249 -3248 -3258 -3252 -3285 -3315 -3267 -3176 -3242 -3365 -3424 -3471
-3996 -3972 -3800 -3777 -3774 -3751 -3785 -3820 -3791 -3765 -3785 -3849 -3952 -4098 -4197 -4210 -4222 -4184 -4024 -3813 -3668 -3618 -3652 -3786 -3918 -4091 -4327 -4392 -4220 -3810 -3460 -3401 -3470 -3535 -3555 -3496 -3446 -3448 -3442 -3442 -3465 -3459 -3433 -3419 -3410 -3407 -3405 -3382 -3422 -3358 -3240 -3236 -3301 -3245 -3202 -3206 -3244 -3328 -3323 -3258 -3204 -3241 -3348 -3411 -3494
-3960 -3908 -3757 -3762 -3831 -3789 -3685 -3658 -3747 -3838 -3876 -3859 -3899 -4026 -4134 -4161 -4174 -4141 -4000 -3857 -3747 -3698 -3550 -3457 -3695 -4012 -4261 -4334 -4221 -3918 -3602 -3476 -3509 -3541 -3530 -3529 -3526 -3506 -3459 -3391 -3346 -3350 -3360 -3340 -3363 -3391 -3373 -3369 -3409 -3377 -3318 -3356 -3377 -3295 -3216 -3176 -3134 -3102 -3148 -3243 -3265 -3270 -3308 -3398 -3582
