Resources/Map/Lvl0_30x30/Ele_BB.asc
ncols         335
nrows         335
xllcorner     -16695000
yllcorner     3325000
cellsize      10000
nodata_value  -99999.0
[rows 0 to 25 of 335, columns 0 to 57 of 335]
1378.2906 950.5359 181.9136 410.2069 118.3673 205 -0.627 319.888 -14.0046 -112.5984 -36.4651 -1.297 45 -42.302 49.0184 19.9642 -76.625 -92.5223 -84.5125 -32.4798 -29.4396 -53.9837 -81.939 -32.3915 118.0471 333.9744 380.3944 105.6811 18.3267 -45.0261 -126.5704 -197.0915 -186.6448 -139.9815 -93.0369 -71.499 -69.3527 -69.2289 -68.0968 -69.0933 -70.1876 -74.6869 -83.4302 -89.9893 -92.9747 -95.2336 -89.1282 -82.9507 -81.3251 -81.7304 -94.1302 -103.0563 -127.9849 -150.8186 -164.7655 -192.4473 -207.7697 -198.8266
915.2299 295.589 97.3452 174 4.8491 -117.3181 16 -118.566 -149.9191 -185.6817 -170.3834 -154.4109 -160.7028 -165.3966 -134.6354 -135.4334 -141.8874 -129.0863 -121.0614 -112.5219 -100.5595 -76.7625 -21.6073 133.3021 307.0869 123.8415 51.2981 -7.9426 -48.881 -77.4977 -133.3156 -194.5126 -187.3198 -136.3143 -89.4358 -76.7299 -75.2697 -73.5668 -71.8699 -71.2034 -69.422 -67.3931 -72.7109 -84.5283 -91.9628 -97.923 -99.3441 -98.6166 -101.0481 -103.0819 -105.2017 -110.0335 -129.8516 -157.2057 -174.8216 -184.8344 -168.339 -123.6471
196.9401 421.4076 45.8111 -0.7568 61.0385 -124.0425 -202.9419 -217.3289 -207.3016 -183.3506 -181.1225 -181.3924 -184.6365 -186.0266 -184.2571 -183.3176 -174.3628 -158.1864 -159.0628 -131.3357 -77.8813 -47.524 -34.7954 -21.0383 -36.6612 -65.6553 -78.0302 -91.5042 -103.5404 -101.7211 -137.5108 -195.9122 -196.6301 -145.9977 -99.6696 -89.212 -84.4988 -83.4568 -83.6628 -83.0343 -80.8052 -77.7391 -77.8151 -79.4658 -79.7085 -82.0422 -89.0181 -93.8796 -102.7422 -112.3356 -108.2588 -109.7179 -118.3581 -150.8792 -160.3737 -146.49 -129.5633 -97.5098
-64.9309 45.078 7.4707 8.6859 -95.3434 -209.9093 -229.4293 -223.2432 -208.8616 -188.0739 -173.545 -175.5721 -174.9389 -144.7433 -128.6006 -134.6178 -179.8439 -190.6931 -192.7181 -172.5538 -117.6724 -79.444 -77.6793 -96.0373 -109.549 -113.3658 -118.2579 -122.8019 -128.2655 -138.9083 -171.4647 -200.8102 -206.4774 -178.6889 -129.78 -109.7732 -106.0962 -104.5427 -98.7011 -92.8924 -92.2768 -95.0349 -97.5518 -103.1317 -108.6593 -115.4531 -123.5707 -118.331 -114.5559 -119.2376 -118.4282 -114.3285 -111.8645 -144.4462 -169.7675 -149.8732 -155.7866 -147.3824
-171.2667 -168.7985 -115.7427 -42.4277 -78.3548 -137.4648 -172.2412 -216.3821 -210.2085 -194.7813 -183.8443 -181.6231 -153.7519 -99.6636 -90.3066 -95.3424 -119.1176 -158.7852 -190.2937 -196.7616 -197.2047 -173.6293 -133.9147 -114.4614 -113.533 -114.0159 -112.1701 -115.8238 -127.3022 -158.339 -197.0195 -208.1359 -208.7564 -193.4832 -148.4808 -116.2468 -110.3007 -104.8058 -88.3459 -69.3169 -66.4051 -83.5046 -114.3146 -140.4 -156.6742 -224.7463 -392.8638 -429.3024 -307.4618 -185.2245 -159.9991 -164.6048 -149.943 -142.9455 -197.6703 -243.642 -255.1748 -258.8137
-167.4545 -183.4094 -146.212 -90.5585 -94.0492 -112.955 -137.6495 -177.5465 -200.2886 -201.7252 -194.0611 -189.8161 -147.773 -95.0117 -87.251 -94.7703 -111.9963 -139.4874 -177.6071 -199.6541 -196.1394 -182.479 -165.0443 -138.448 -122.372 -117.7465 -114.8624 -115.0089 -125.2522 -163.9506 -199.4917 -204.2106 -208.3049 -203.329 -171.9619 -126.3597 -99.75 -86.2519 -61.6287 -34.041 -22.3634 -45.5821 -87.9966 -142.8441 -290.3092 -497.283 -856.5781 -1095.7484 -976.4131 -640.7286 -596.5852 -765.068 -820.6688 -728.6776 -851.2985 -881.316 -836.0731 -916.7015
-173.4904 -181.7337 -166.0251 -120.2801 -110.5163 -120.8256 -136.6637 -158.6038 -178.4694 -201.1855 -196.367 -183.5837 -158.139 -115.4452 -95.6586 -90.1922 -93.1708 -106.2196 -135.177 -168.1527 -173.2145 -184.3702 -191.6286 -174.6191 -150.4628 -132.1842 -120.8259 -116.2929 -124.1408 -153.3697 -183.3674 -190.2828 -195.3773 -198.9868 -189.7868 -164.4815 -141.957 -124.068 -97.9575 -77.1897 -111.1429 -181.4751 -227.7964 -275.3564 -657.2285 -1031.6332 -1200.3918 -1410.7379 -1391.1276 -1124.5526 -1371.135 -1757.0914 -1949.7125 -1935.111 -1898.389 -1886.3865 -1805.0863 -1850.972
-174.5211 -182.5883 -160.4491 -130.2389 -128.1443 -139.8342 -144.5535 -146.7384 -161.3498 -172.1751 -177.6793 -173.1691 -158.2126 -143.7577 -113.7693 -104.0672 -103.0756 -103.7249 -114.0724 -148.8826 -181.2074 -193.6854 -195.3422 -188.3644 -184.5728 -174.9579 -159.6264 -163.7322 -188.406 -209.218 -219.6817 -225.8685 -251.139 -278.5664 -274.8203 -241.3249 -238.337 -317.4321 -435.8335 -450.7292 -409.7129 -527.2441 -952.9024 -1358.8182 -1589.1233 -1770.1932 -1981.2791 -2032.0458 -1986.3639 -1788.5879 -1996.2202 -2356.2646 -2384.1311 -2357.9988 -2368.8955 -2587.709 -2870.3743 -3066.6921
-151.0806 -153.9909 -152.9924 -157.9793 -154.5847 -144.8398 -142.601 -142.9626 -154.4738 -164.0287 -168.2699 -170.4639 -160.9759 -148.1935 -134.982 -137.7094 -125.2887 -117.8342 -123.6994 -136.4524 -161.0649 -178.4344 -194.1254 -201.7205 -205.7369 -215.8055 -272.4054 -389.2698 -545.399 -687.7198 -734.5945 -725.4675 -784.4426 -873.3115 -936.5313 -972.9406 -1064.6891 -1389.5382 -1764.4158 -1780.6252 -1504.8833 -1285.0833 -1638.6627 -2236.6333 -2507.1008 -2572.1387 -2590.1797 -2769.6135 -3044.7815 -3065.4751 -3441.8982 -3727.8066 -3720.3877 -3784.0652 -3784.2065 -3712.8474 -3612.1882 -3569.8713
-177.072 -184.6562 -203.083 -214.0455 -210.3841 -190.7591 -168.4249 -149.3902 -149.0758 -155.8652 -151.0035 -154.8527 -157.7809 -162.9817 -171.4227 -192.5106 -198.5114 -168.5048 -142.2525 -131.3571 -136.2491 -154.2643 -180.9685 -199.0729 -223.6547 -307.7004 -525.564 -746.8094 -990.9474 -1318.3752 -1583.5862 -1695.6418 -1716.3575 -1717.7748 -1841.2338 -2156.6382 -2459.8716 -2630.2551 -2667.1333 -2488.27 -2161.7144 -2011.7207 -2328.5703 -3000.0813 -3562.1326 -3792.5317 -3801.2744 -3997.252 -4278.79 -4351.1304 -4369.5161 -4361.1191 -4340.4658 -4312.1367 -4254.3105 -4196.2866 -4130.6445 -4061.8958
-216.0943 -224.4508 -227.8398 -229.2728 -232.2155 -229.4504 -229.9995 -213.049 -197.5284 -188.1278 -187.6852 -198.6463 -217.4491 -224.4564 -228.7653 -234.6448 -236.5987 -235.1905 -219.785 -194.6946 -184.3634 -226.8284 -347.2319 -505.4057 -638.2392 -835.9374 -1030.3202 -1138.1052 -1238.9072 -1405.8483 -1697.1985 -2111.9465 -2305.5361 -2367.0398 -2508.9299 -2683.1445 -2775.4709 -2787.6265 -2755.7996 -2674.2683 -2574.3845 -2639.9321 -3005.907 -3427.7749 -4049.644 -4401.6655 -4488.8076 -4468.2583 -4405.416 -4341.5674 -4293.4941 -4258.2881 -4228.0635 -4203.6543 -4183.0825 -4139.2236 -4080.6196 -4024.6777
-227.8563 -234.2021 -232.1893 -236.0773 -241.923 -237.3757 -230.7263 -218.8845 -210.0862 -219.6532 -237.4389 -252.4844 -266.4493 -269.582 -263.5742 -258.5949 -261.287 -271.5928 -276.717 -300.2497 -364.5626 -523.1891 -764.2398 -1058.9973 -1322.0278 -1564.3575 -1686.1799 -1659.2986 -1640.8844 -1767.4083 -2002.8207 -2281.9465 -2436.4905 -2565.4436 -2678.7913 -2712.5137 -2731.4321 -2720.1404 -2697.3721 -2789.9597 -3010.7322 -3233.3823 -3463.9243 -3818.5325 -4287.0264 -4511.7739 -4503.7656 -4431.7314 -4359.1938 -4290.6714 -4233.8242 -4180.5869 -4136.0659 -4097.3438 -4064.7944 -4029.5103 -3992.9497 -3942.6389
-200.5766 -225.7252 -230.0737 -233.8196 -228.3899 -208.3916 -195.2748 -196.5013 -198.7195 -220.2822 -246.3944 -248.9738 -258.5426 -262.6363 -269.3647 -289.3481 -283.0149 -281.911 -280.6278 -333.3876 -548.559 -822.0779 -1084.6479 -1397.0913 -1745.1929 -1990.7328 -2089.7798 -2059.6545 -2017.7375 -2226.1465 -2405.5664 -2414.1746 -2429.3774 -2559.2227 -2544.3149 -2464.1685 -2406.4958 -2361.4795 -2576.0706 -2920.0378 -3417.7803 -3834.9434 -4051.1646 -4282.6797 -4493.2754 -4574.7461 -4503.0254 -4415.0161 -4334.7578 -4246.3428 -4177.2559 -4130.9805 -4094.9272 -4062.4021 -4018.4751 -3964.854 -3910.2593 -3852.8528
-147.2183 -176.0404 -185.9875 -182.6626 -174.9803 -167.5609 -158.0262 -159.5546 -168.5889 -183.4595 -198.0749 -208.5388 -216.8722 -227.0236 -242.4984 -257.6438 -263.6016 -270.7386 -285.6706 -355.7849 -571.3733 -788.5516 -1014.1222 -1506.9281 -1954.1654 -2146.2834 -2296.749 -2369.9385 -2356.0264 -2418.9387 -2394.509 -2494.8899 -2588.6687 -2442.1016 -2479.8689 -2519.3967 -2518.2471 -2727.5796 -3223.3044 -3779.8643 -4205.7158 -4372.4468 -4397.0054 -4484.6167 -4578.2705 -4553.1416 -4442.3804 -4347.8672 -4272.7866 -4202.125 -4141.1465 -4092.0654 -4048.1201 -4003.8816 -3950.3083 -3895.8782 -3845.7793 -3798.9216
-135.7155 -138.8565 -132.7946 -135.6005 -135.7423 -134.9034 -133.6198 -127.7011 -130.7708 -133.3889 -135.8093 -144.5243 -158.0799 -161.0656 -175.9339 -205.3709 -235.5464 -306.4987 -476.8053 -715.2592 -958.4331 -1191.9172 -1418.3347 -1761.2164 -1942.8942 -2029.5267 -2182.8728 -2395.6887 -2509.1606 -2582.3542 -2705.7339 -2755.762 -2634.1743 -2637.5867 -2886.2295 -3089.4412 -3233.6758 -3521.4099 -3992.7563 -4381.4985 -4540.0098 -4597.5786 -4618.7471 -4641.7852 -4604.4829 -4505.4077 -4394.2925 -4300.9136 -4219.5488 -4156.7163 -4109.3892 -4068.6516 -4028.2358 -3982.7659 -3939.5359 -3895.8774 -3845.7031 -3782.6785
-129.0034 -135.2539 -126.0506 -120.9418 -125.0506 -125.1744 -125.3046 -122.6432 -114.246 -110.9284 -109.6078 -111.9127 -116.4001 -117.6728 -122.1313 -148.508 -256.7181 -493.6799 -903.9694 -1269.7983 -1566.8641 -1798.5162 -1892.2495 -1949.7075 -2070.5225 -2109.113 -2097.095 -2325.4697 -2493.3169 -2507.1775 -2596.1912 -2401.0918 -2209.0723 -2602.3684 -3183.7251 -3763.209 -4164.6831 -4269.1646 -4398.0601 -4550.8677 -4645.2383 -4700.7075 -4702.1582 -4666.5435 -4602.3188 -4511.1602 -4415.0298 -4326.2085 -4244.3999 -4194.2222 -4164.793 -4127.9756 -4084.1519 -4039.3262 -4001.1375 -3957.3809 -3902.8892 -3849.7725
-114.5867 -129.3795 -138.5613 -145.4578 -147.473 -139.9843 -132.6367 -132.3459 -128.3064 -117.5183 -113.9797 -113.8182 -115.592 -117.6454 -121.6336 -150.7356 -351.4632 -723.8286 -1173.7311 -1478.5659 -1660.6859 -1744.7601 -1775.2272 -1971.7441 -2210.1663 -2352.8127 -2350.4124 -2383.0256 -2533.6772 -2600.123 -2569.3191 -2330.9019 -2231.238 -2722.5566 -3511.5886 -4187.2427 -4496.2017 -4530.0337 -4576.3208 -4646.4189 -4712.8804 -4728.5151 -4691.2407 -4642.9966 -4564.0361 -4481.0034 -4412.9692 -4351.7578 -4291.2012 -4247.5225 -4202.7422 -4147.5947 -4096.1011 -4036.5076 -3974.6924 -3947.7285 -3936.2834 -3915.5142
-86.9403 -102.3445 -122.5109 -140.081 -149.9782 -152.8215 -149.684 -149.8892 -143.1072 -127.6007 -123.4182 -123.2406 -123.1219 -126.349 -140.2914 -197.5629 -444.6055 -879.6269 -1179.0342 -1312.6838 -1424.854 -1478.3716 -1585.4259 -1800.9103 -2037.5319 -2227.6084 -2266.5808 -2268.5488 -2375.2234 -2465.3899 -2457.894 -2432.0334 -2525.4785 -3164.8958 -4158.2993 -4658.3872 -4668.3325 -4636.1104 -4667.1343 -4722.894 -4750.4048 -4722.6162 -4677.7266 -4593.5083 -4440.8945 -4307.5898 -4249.2056 -4220.1553 -4161.8223 -4107.1533 -4072.032 -4031.8335 -3986.1477 -3930.6245 -3877.4053 -3859.1118 -3860.0696 -3856.0586
-73.6929 -76.7028 -84.1981 -93.5045 -113.0601 -129.8639 -136.2425 -141.2627 -135.5479 -124.8617 -131.989 -132.4766 -137.7562 -193.876 -262.6212 -376.2735 -598.2653 -918.7126 -1176.4269 -1285.9052 -1398.4021 -1541.5107 -1801.2162 -2045.7791 -2190.292 -2240.8613 -2195.8584 -2249.8748 -2429.6416 -2564.1375 -2632.5989 -2781.8091 -3078.7639 -3747.062 -4533.9702 -4840.6079 -4802.4185 -4741.4717 -4744.3164 -4775.9941 -4772.3584 -4704.4888 -4623.9395 -4514.0811 -4370.8018 -4286.5625 -4264.2412 -4164.4731 -3979.8235 -3845.2708 -3863.2439 -3900.5386 -3906.6355 -3902.0867 -3874.4529 -3840.7163 -3841.4775 -3846.3245
-117.2615 -102.552 -95.5613 -88.2343 -99.2153 -109.2925 -114.52 -119.8282 -118.1874 -120.5553 -130.2549 -133.1606 -170.7569 -425.5384 -598.9421 -723.8039 -927.0487 -1169.8298 -1326.9979 -1413.8215 -1552.2256 -1790.6956 -2014.2368 -2195.3196 -2306.5479 -2359.7766 -2386.0425 -2488.3484 -2628.7744 -2767.5012 -2970.2605 -3384.6526 -3860.9951 -4291.3672 -4650.4116 -4790.6094 -4801.8647 -4796.3198 -4784.708 -4773.1353 -4744.5859 -4682.2031 -4588.0371 -4500.3589 -4410.7593 -4347.8564 -4258.625 -3974.3208 -3617.5134 -3514.4253 -3734.5933 -3909.3401 -3914.0896 -3904.8237 -3908.5361 -3888.2185 -3865.2339 -3853.5361
-206.3965 -173.9383 -160.6268 -159.6653 -164.9128 -154.519 -153.7808 -146.7053 -119.4191 -114.2236 -118.3774 -141.5966 -232.8627 -583.9252 -765.1685 -842.3113 -1012.7382 -1140.4469 -1300.77 -1513.4364 -1721.8103 -1926.5463 -2020.4556 -2117.8215 -2238.7764 -2391.6858 -2605.8518 -2745.3948 -2916.5342 -3207.2981 -3581.438 -4059.1714 -4428.0796 -4597.3379 -4731.2622 -4791.6758 -4799.3022 -4807.5898 -4779.3545 -4713.7832 -4667.2759 -4622.9829 -4544.6367 -4464.6328 -4400.2124 -4348.6699 -4238.1743 -3974.2368 -3695.9001 -3665.5757 -3873.7505 -3981.8105 -3933.5647 -3913.9707 -3921.3596 -3889.1748 -3847.396 -3830.4063
-258.8538 -224.4605 -176.128 -153.1652 -168.3141 -191.8519 -240.3546 -229.6646 -175.195 -184.7869 -228.2686 -317.6194 -502.4721 -739.5425 -792.0636 -827.8776 -1031.723 -1085.5171 -1240.6882 -1504.5729 -1765.7836 -2021.647 -2090.3748 -2147.48 -2315.3826 -2557.5354 -2864.7761 -3140.7637 -3496.4883 -3939.4573 -4239.2354 -4459.2871 -4705.1738 -4809.7705 -4813.3184 -4800.8687 -4806.8779 -4816.6943 -4787.3477 -4716.5332 -4643.0986 -4571.6631 -4512.666 -4444.5181 -4381.8027 -4329.9414 -4256.8701 -4147.2539 -4015.6155 -3932.6768 -3961.7271 -3948.7727 -3905.9653 -3900.6799 -3893.1257 -3853.2134 -3821.3408 -3814.3792
-252.1381 -240.9512 -208.741 -172.2582 -187.1891 -286.5799 -431.5072 -458.5811 -452.5714 -525.1904 -653.4539 -810.3921 -950.6638 -1123.0764 -1195.9496 -1253.9788 -1493.7019 -1568.3308 -1653.9683 -1834.2823 -2065.9368 -2286.321 -2434.9561 -2525.7468 -2724.625 -3029.1846 -3352.7456 -3750.7644 -4183.8657 -4510.853 -4648.6836 -4734.9849 -4828.6465 -4818.2285 -4777.958 -4767.4546 -4818.8071 -4852.1465 -4802.7046 -4708.0361 -4610.0117 -4555.7886 -4532.9839 -4488.5693 -4432.4038 -4355.4536 -4249.6055 -4145.0015 -4026.6182 -3905.9307 -3865.8052 -3808.4844 -3837.3123 -3872.364 -3856.2275 -3821.3135 -3801.7686 -3797.3901
-234.1873 -270.2095 -318.3413 -312.5797 -331.5348 -497.8646 -786.8928 -971.7484 -1085.5781 -1144.2306 -1265.9139 -1395.9165 -1517.0718 -1652.7755 -1783.412 -1903.5299 -2102.0242 -2231.1653 -2352.4019 -2568.282 -2722.147 -2821.5911 -3023.3679 -3155.1904 -3356.1304 -3661.9514 -3973.6736 -4295.2529 -4577.2344 -4782.2695 -4839.1445 -4833.8535 -4822.2324 -4798.3467 -4750.5029 -4719.2891 -4749.645 -4760.7256 -4704.3682 -4611.4033 -4533.9419 -4490.7764 -4445.2188 -4394.1313 -4354.2358 -4286.5811 -4175.1465 -4082.8721 -4007.3032 -3938.9692 -3799.1572 -3585.5349 -3690.4319 -3827.8682 -3837.8083 -3803.3455 -3780.5901 -3771.9773
-223.1864 -318.2625 -443.4913 -486.5941 -533.5043 -714.968 -1095.116 -1497.5537 -1791.1388 -1806.5306 -1859.9547 -1935.568 -2114.0972 -2240.8247 -2368.0667 -2434.6399 -2624.0986 -2747.0015 -2856.365 -2957.929 -3039.1106 -3199.312 -3427.7358 -3574.5447 -3836.8438 -4233.2134 -4524.7119 -4741.9595 -4812.1758 -4838.8223 -4827.7085 -4815.9395 -4817.3804 -4811.2866 -4776.5947 -4719.7266 -4694.7271 -4677.5322 -4614.7539 -4514.3438 -4429.376 -4375.8364 -4316.9224 -4245.7202 -4200.0469 -4163.7559 -4099.5874 -4036.5449 -4001.1692 -3987.3962 -3868.4619 -3659.2527 -3709.3484 -3821.9028 -3820.5625 -3771.0791 -3752.8982 -3751.345
-326.7398 -470.2468 -666.8182 -781.3779 -886.8109 -1067.9668 -1317.8104 -1692.2531 -2104.5784 -2290.3752 -2376.2383 -2461.1719 -2645.8372 -2770.7842 -2873.2307 -2943.7058 -3118.3088 -3154.8665 -3129.667 -3132.7195 -3212.0237 -3479.7742 -3766.8716 -4046.9485 -4429.5527 -4741.2832 -4846.0698 -4888.7998 -4865.3569 -4843.7407 -4813.2891 -4798.9028 -4810.3652 -4798.3579 -4741.7876 -4677.6919 -4664.2031 -4641.9365 -4545.6616 -4409.502 -4319.3735 -4286.1631 -4242.1445 -4176.9185 -4128.2231 -4092.5405 -4045.8992 -4002.8813 -3980.9072 -3975.6116 -3927.0718 -3854.04 -3819.521 -3837.3489 -3808.2498 -3740.7522 -3733.1489 -3755.9009
