Resources/Map/Lvl0_30x30/Ele_FK.asc
ncols         335
nrows         335
xllcorner     13455000
yllcorner     -10075000
cellsize      10000
nodata_value  -99999.0
[rows 156 to 181 of 335, columns 180 to 239 of 335]
2775.1323 2782.8809 2792.4839 3059.6794 3019.4321 2748.425 2760.5664 2755.1819 2783.2778 2766.9282 2763.625 2770.9624 2753.896 2735.2996 2741.3171 2722.7124 2749.5515 2743.2668 2733.9377 2709.2427 2730.2751 2717.6863 2722.5835 2713.9934 2708.0264 2712.3025 2714.7395 2717.073 2711.7075 2703.3533 2711.646 2714.3936 2701.3389 2713.417 2705.728 2692.333 2693.2837 2702.1855 2676.4783 2687.0972 2706.2673 2683.6414 2696.8257 2678.1162 2678.4133 2677.5532 2695.491 2670.8647 2667.7971 2682.7224 2687.4653 2667.4224 2662.667 2677.4192 2660.7153 2668.8904 2667.4321 2664.7422 2636.5295 2626.085
2800.6279 2779.5239 2764.4243 2788.905 2771.1873 2842.9219 3049.4683 2910.8887 3012.1079 2858.3186 3040.3149 2900.3093 2744.6023 2749.0313 2761.0837 2736.4285 2754.437 2769.0903 2758.5125 2737.3789 2729.0046 2740.1106 2731.6211 2719.2493 2792.127 2745.3337 2726.9924 2708.0381 2717.3079 2707.5435 2732.7791 2720.2913 2717.4011 2718.3491 2720.7617 2703.25 2700.1929 2707.6194 2704.0818 2694.9429 2678.5088 2669.2886 2660.8855 2693.4929 2675.3499 2662.8013 2670.2971 2675.2639 2670.6482 2672.8674 2656.4021 2645.0144 2664.9922 2674.925 2665.9922 2669.3545 2658.8381 2669.626 2657.957 2646.4399
2816.1775 2784.5684 2779.5981 2785.4148 2762.1882 2751.1145 3117.5627 3177.5439 3105.8918 3225.5977 3182.5579 3406.3118 2977.4495 2803.0408 2978.23 2747.8992 2732.4465 2733.2817 2734.5005 2733.7874 2814.8025 2737.356 2728.8364 3044.0818 3189.1663 2802.9067 2721.9534 2731.2292 2732.2607 2712.7446 2730.9431 2733.812 2714.2798 2730.6936 2716.428 2715.0393 2713.1228 2716.8716 2724.1733 2695.125 2710.1973 2715.5935 2678.7354 2699.0315 2763.0134 2801.03 2891.7483 3102.6174 4086.4519 5078.2295 2888.8591 2636.5959 2653.9302 2662.8298 2649.0068 2647.6887 2666.8022 2665.9465 2668.1648 2654.7859
2787.8723 2797.3 2793.5911 2770.5437 2775.3767 2791.1672 2876.4548 3429.2878 3537.0408 3212.6306 3022.072 2926.0938 2759.1826 2744.4827 2871.1626 2739.4087 2814.0483 2864.2593 2754.4919 2736.4985 2761.8159 2855.7854 2735.1917 2730.9509 2742.5847 2717.8159 2716.6338 2713.7048 2725.4773 2721.1978 2715.6597 2905.5906 2819.3491 2732.3616 2723.3865 2714.1243 2715.8606 2725.5273 2711.6975 2716.8213 2705.4631 2682.3091 2669.2444 2802.8779 3023.0317 3441.6594 3855.8037 4095.3999 4694.9399 4086.0452 3187.4521 2677.5842 2657.9561 2649.4578 2630.9478 2645.457 2652.1458 2658.1726 2657.4304 2647.3877
2788.5251 2779.804 2774.6548 2765.7993 2760.4004 2754.439 2770.1289 3025.7163 3417.2332 3279.0823 2940.6152 3069.5295 2767.4221 2756.0249 2734.8557 2881.1294 3804.333 2825.3071 2751.2217 2793.1777 2753.054 2733.6179 2739.231 2727.3901 2743.3306 2856.9539 3135.6025 2982.0667 3765.7769 2958.6609 2737.3469 2727.6357 2724.7476 2717.1724 2717.1692 2729.071 2745.9858 2737.8877 3403.5081 2709.8669 2696.8276 2696.5513 2672.1042 2883.0977 3382.7856 4452.3008 5063.082 4238.4326 4143.0044 3712.3674 2933.7253 2724.0388 2665.9895 2653.8069 2647.8467 2651.2859 2643.0422 2645.5942 2643.481 2642.5879
2782.2854 2773.9595 2785.0769 2778.5288 2779.1438 2751.1594 2788.7319 3331.1577 3557.2063 3317.6013 3468.8896 3077.5796 3232.4573 2852.6013 2728.3645 2845.9436 2763.6414 2866.8528 2773.9963 3546.54 2831.2478 2737.4697 2722.5161 2750.5022 2709.6077 2736.8215 2739.5459 2730.7981 2765.3613 2749.144 2733.5713 2739.8689 2741.2954 2834.324 2731.5488 2761.1467 3288.1057 3721.3562 2805.354 2703.0347 2673.6902 2696.2957 2673.6135 2726.0251 3340.2622 4037.9329 3542.4766 3260.0161 2996.7192 2823.7092 2655.0662 2658.9036 2654.9329 2654.7002 2654.8206 2647.9543 2645.5845 2636.1653 2622.4036 2635.7153
2800.0911 2798.8958 2796.1812 2769.6816 2776.9951 2768.8889 2750.3323 2735.9346 2791.3872 2801.981 2784.7815 2774.647 2803.3792 2742.9666 2799.5508 2757.0728 2742.283 3068.2139 3365.3538 3071.7878 3102.6267 2741.1909 2735.5476 2720.5596 2721.4622 2743.261 2741.2781 2734.4907 2738.3018 2746.2192 2746.4729 2736.4629 2737.2583 2731.5256 2722.3076 2730.6321 2733.5449 2896.7808 2788.7253 2691.0291 2691.5688 2682.6394 2682.3945 2703.5449 2759.6335 2782.2056 2666.3206 2683.5847 2656.8242 2652.9622 2654.6995 2656.7026 2645.2393 2644.8257 2633.0305 2642.4541 2639.0134 2623.9146 2598.3247 2612.9653
2791.9766 2787.1897 2780.9949 2779.9011 2781.7737 2773.2957 2782.7458 2762.2764 2898.2612 3758.2717 3366.4209 3477.2891 2953.5754 2791.4534 2933.7271 2826.1821 2808.6196 2739.2417 2746.4675 2748.2959 2742.3979 2740.0313 2752.771 2754.0154 2751.6267 2740.4744 2741.3115 2746.1274 2736.3247 2736.8708 2750.9492 2746.3682 2755.0881 2724.9199 2714.123 2715 2694.1799 2670.0542 2686.22 2717.7275 2719.0503 2715.6953 2714.2141 2682.1553 2680.427 2675.7656 2661.8489 2593.2205 2575.5098 2579.4675 2610.0271 2640.479 2638.4773 2640.4888 2634.9807 2649.0862 2628.0349 2645.0369 2636.3782 2613.9639
2792.8374 2803.0566 2785.5496 2773.1633 2778.9326 2764.8481 2762.3252 2760.5601 2760.3762 3144.3914 3595.543 3013.6904 2931.3271 2870.8276 2776.8625 2722.2805 2838.7791 2749.2458 2775.3945 3817.1799 2772.8176 2748.7976 2757.3735 2759.1426 2762.6873 2759.3994 2768.2952 2756.9067 2769.2163 2765.7061 2753.3694 2749.8477 2746.5271 2734.3115 2727.4131 2727.0535 2684.9766 2657.437 2690.9517 2708.0547 2675.3911 2704.7903 2662.9749 2643.5928 2625.8945 2626.4722 2550.9504 2563.4167 2625.4661 2627.2058 2636.0535 2643.2312 2637.2288 2619.2886 2618.5308 2620.1138 2619.4016 2634.3564 2641.2729 2605.877
2801.7776 2791.6697 2781.2275 2772.9136 2770.2598 2769.8923 2758.9465 2745.1416 2762.0374 2817.3726 3432.4639 2790.3416 2772.6201 2754.5386 2795.2192 2759.0496 2767.1628 2765.0398 2745.3 2772.1216 2759.7788 2714.5771 2704.0259 2756.3408 2755.332 2768.801 2785.6973 2781.3938 2781.0796 2765.0598 2760.7671 2750.2327 2745.9277 2713.4558 2722.6448 2709.1152 2707.6101 2702.3857 2672.7886 2651.4497 2683.0325 2679.7766 2641.5608 2596.9312 2538.6335 2518.2988 2557.8376 2583.5864 2613.1628 2612.1946 2621.4194 2620.4819 2642.7466 2622.5405 2621.8059 2620.134 2617.7166 2605.5833 2626.4668 2613.0181
2781.1934 2782.8123 2779.9324 2770.4165 2785.7231 2782.0713 2791.0232 2747.4819 2756.8293 2751.7979 2768.3235 2756.6794 2745.2515 2782.3079 2761.1558 2834.5764 2742.2805 2751.2063 2808.2546 2757.5962 2788.0261 2710.4761 2614.9275 2618.937 2674.2371 2734.7712 2772.3643 2778.8601 2760.3547 2748.2158 2732.5393 2727.3242 2719.386 2727.9983 2723.6472 2708.3066 2697.8665 2671.6055 2681.2395 2670.5325 2641.0066 2551.4346 2524.1743 2553.1484 2593.4924 2602.2957 2622.6147 2642.1924 2626.2703 2625.1533 2640.6677 2633.8735 2631.0989 2635.137 2638.8611 2638.2922 2632.4373 2632.99 2652.9031 2628.6096
2807.4573 2796.5862 2796.2075 2796.9373 2787.2148 2782.6423 2758.0352 2757.8599 2741.8862 2769.0198 2749.6418 2768.8384 2738.7346 2753.4309 2741.5938 2781.3501 2749.4036 2719.6877 2794.5876 2647.3289 2625.0623 2524.0771 2487.2993 2487.6565 2518.134 2567.4314 2603.5996 2623.1152 2638.7397 2645.4287 2648.459 2670.5554 2688.8162 2707.5027 2707.7671 2690.1526 2645.6733 2697.4563 2628.6514 2556.4907 2562.0244 2605.6099 2627.2222 2624.8337 2632.0247 2624.3396 2629.9297 2641.6055 2638.5823 2638.0386 2645.3442 2630.7698 2641.2278 2631.0061 2640.7068 2638.7871 2651.3945 2625.3801 2629.4573 2629.2747
2819.2869 2792.2222 2819.4497 2794.269 2796.5002 2782.3354 2764.8328 2782.9377 2777.1382 2788.2007 2749.9063 2766.166 2745.2292 2757.4141 2733.146 2685.2197 2647.0715 2590.3442 2553.9216 2528.8008 2446.1914 2406.3813 2401.7832 2401.7832 2401.7832 2424.4097 2466.3589 2504.8538 2520.8687 2536.4312 2551.3413 2562.9275 2576.5928 2559.6272 2574.1992 2588.6895 2603.8132 2562.9216 2605.4253 2632.0244 2639.6057 2624.3496 2624.8816 2642.0098 2659.4578 2645.7927 2641.1111 2642.1252 2639.3928 2644.4207 2673.2244 2640.5396 2646.5813 2656.8682 2638.9016 2633.771 2633.8435 2624.7319 2621.3655 2618.1523
2800.199 2805.2754 2793.3069 2803.9307 2777.8528 2777.9131 2771.3955 2763.8867 2767.8713 2762.1658 2761.7891 2741.0984 2686.0955 2625.2139 2560.771 2508.5667 2489.7444 2474.7473 2408.6794 2350.49 2326.8743 2325.5635 2321.6609 2321.1863 2321.6824 2322.1104 2345.8184 2384.5432 2413.8389 2432.321 2444.6841 2464.1816 2500.0273 2519.0481 2552.334 2594.3162 2648.9883 2660.3198 2693.1238 2647.29 2676.2544 2683.9609 2663.4788 2665.2751 2658.9524 2655.8533 2660.4951 2655.4858 2643.4092 2646.145 2640.8604 2639.1201 2648.5996 2646.4285 2636.9109 2635.043 2663.0969 2631.77 2618.2246 2646.7266
2792.1863 2804.7336 2791.6663 2783.4185 2766.7197 2771.3984 2770.9866 2768.4031 2726.0217 2669.9768 2598.2046 2552.1162 2532.7529 2516.0808 2428.7024 2404.2068 2371.6094 2331.4204 2261.0291 2236.0667 2236.0667 2239.0369 2260.6648 2292.5969 2313.0317 2354.7275 2403.0344 2437.2659 2473.5278 2518.0369 2564.1406 2604.2861 2621.085 2649.6907 2651.9919 2657.9885 2675.6482 2658.4548 2642.4519 2663.1541 2659.8176 2669.8008 2667.9055 2657.5679 2655.3052 2651.8511 2659.9851 2649.0046 2655.605 2657.7783 2667.5161 2653.4617 2635.8101 2641.2173 2636.0911 2634.8562 2631.3494 2624.3672 2630.6755 2638.9717
2786.2515 2786.595 2780.7153 2811.7634 2803.1389 2794.0286 2747.1001 2688.7131 2593.543 2545.9351 2495.7473 2438.1807 2399.0608 2366.0884 2324.7576 2284.0354 2259.6179 2259.2429 2259.2429 2271.6814 2307.8699 2345.865 2374.0596 2391.6782 2434.1956 2483.9836 2529.4658 2578.3247 2620.6543 2649.2874 2659.301 2647.8833 2665.4353 2660.8647 2663.5735 2660.5471 2664.3428 2662.575 2661.2915 2676.1868 2657.1333 2658.4624 2655.5708 2665.1538 2651.3328 2663.1116 2672.47 2668.7566 2660.063 2651.7656 2644.1409 2644.5933 2638.2886 2641.127 2653.3123 2634.3811 2611.1204 2634.1646 2638.5369 2634.7195
2777.7952 2773.2183 2775.3965 2753.3643 2759.7395 3283.5303 2730.4131 2627.186 2470.0017 2432.5308 2406.8267 2353.5137 2348.3159 2348.3159 2348.3159 2348.3159 2348.3159 2348.3159 2359.4165 2393.0447 2433.6655 2472.3027 2477.9985 2544.5054 2586.677 2628.967 2657.3706 2667.5842 2659.8357 2657.9451 2656.6777 2652.7458 2667.052 2681.7444 2706.2141 2679.4768 2669.4021 2664.3833 2688.5308 2672.437 2673.4529 2666.2112 2652.9783 2661.9539 2661.2656 2663.1233 2651.8494 2647.8794 2654.8484 2656.3079 2651.0691 2648.0957 2636.7297 2623.6702 2637.6543 2646.7151 2623.6306 2626.4607 2630.2632 2625.2898
2786.1809 3621.8374 3441.187 2924.8127 2785.3276 2694.7859 2704.4644 2629.8755 2591.8801 2569.7769 2532.135 2487.0547 2431.9922 2445.8486 2399.6885 2399.6885 2426.3726 2434.9478 2466.157 2530.2681 2573.3953 2599.0491 2632.7109 2640.7336 2673.9028 2699.4641 2678.6052 2695.9084 2675.1042 2660.3726 2672.0515 2682.5325 2678.7263 2675.3623 2672.4275 2674.6643 2671.4426 2662.1401 2666.7595 2668.0349 2660.6372 2665.7725 2643.8804 2666.3523 2685.8479 2657.5598 2657.1582 2644.1545 2646.9746 2635.2961 2638.791 2644.2283 2633.2822 2634.8589 2638.8372 2649.3792 2640.1067 2633.9812 2636.4685 2651.1912
2825.3362 4605.6611 2792.1196 2782.6147 2838.6521 2765.1743 2766.8816 2726.02 2693.5435 2712.1707 2600.4409 2550.5698 2587.8303 2517.4495 2399.082 2423.8086 2491.8601 2576.0273 2587.3479 2665.2813 2664.0728 2705.7861 2691.9836 2680.1082 2685.1121 2662.0757 2675.543 2700.8938 2704.1917 2686.929 2679.9226 2672.6904 2668.4548 2662.1191 2672.3735 2676.6121 2677.1741 2678.8713 2676.834 2684.646 2684.3867 2664.1289 2650.75 2675.5874 2649.9861 2649.1123 2651.3411 2651.1089 2654.1074 2655.083 2642.4705 2629.5535 2653.4812 2641.2205 2644.1855 2639.218 2644.0803 2647.2559 2645.3481 2638.5078
2784.2139 2773.9646 2804.1462 2785.9629 3082.5305 2796.8618 3220.0183 2773.5525 2765.9351 2755.0303 2749.3008 2676.7002 3230.2227 2594.3408 2420.324 2478.6992 2628.2249 2668.4226 2666.0391 2674.2061 2662.748 2671.5886 2680.8418 2697.1526 2696.5977 2692.2327 2708.7507 2697.9607 2695.4282 2695.8357 2687.3059 2684.791 2679.5762 2676.3547 2674.2878 2691.3577 2679.8337 2667.6511 2668.9282 2704.3428 2679.8459 2653.2302 2667.0508 2647.0874 2660.8794 2646.2214 2653.6194 2652.2971 2657.6404 2658.8853 2644.752 2657.2329 2651.7861 2635.4089 2646.0708 2642.9917 2612.2751 2634.8684 2635.1477 2615.1023
2787.2703 2782.2842 2769.2346 2781.6575 2775.595 2769.6826 2750.8718 2741.1614 2729.6853 2730.8806 2620.3367 2675.3508 2625.4778 2664.8965 2617.2793 2577.6074 2709.0696 2650.25 2661.8359 2681.8188 2680.5303 2683.8059 2683.4502 2684.8425 2694.0137 2694.1555 2667.6614 2685.6702 2682.8931 2685.6692 2678.1052 2686.6206 2677.6194 2682.6921 2678.5833 2665.5437 2658.8281 2670.2334 2656.4353 2662.5642 2668.5532 2662.0361 2657.4426 2643.4514 2659.4897 2648.6174 2640.4004 2651.3196 2635.9236 2644.6277 2684.5234 2665.3772 2651.4592 2667.2458 2659.3848 2630.5691 2652.3987 2650.1606 2668.8564 2636.5972
2795.8159 2764.0784 2741.8491 2739.8657 2722.887 2726.8723 2673.8845 2706.9705 2736.863 2680.5698 2617.3501 2629.8044 2710.2935 2699.1331 2689.375 2785.6982 2691.458 2672.9436 2673.1804 2693.4929 2687.5867 2696.5989 2682.2212 2682.9021 2676.1594 2681.4385 2682.3586 2706.9099 2704.8792 2689.7693 2684.614 2684.1724 2675.4397 2676.1633 2674.7854 2660.0835 2661.6084 2665.406 2667.752 2663.7949 2653.3389 2656.4221 2641.6365 2646.9585 2629.5527 2641.9641 2654.8337 2661.3433 2669.2317 2659.5 2677.4863 2665.0842 2670.7566 2677.9832 2656.1819 2656.072 2664.2917 2664.4949 2641.2412 2611.6465
2734.8838 2737.1404 2735.8123 2735.1819 2719.9238 2728.2322 2737.5435 2722.075 2700.0979 2690.459 2677.7258 2690.7458 2685.6392 2684.2371 2686.7671 2691.8201 2693.2383 2702.8228 2694.2974 2694.4805 2704.4993 2696.645 2692.2896 2693.9983 2703.6223 2698.1892 2696.3274 2678.1809 2685.0901 2680.8545 2676.3452 2674.5361 2673.0278 2670.0752 2662.707 2670.6855 2655.3169 2663.2788 2653.7598 2646.6335 2643.9468 2661.657 2657.8296 2689.7747 2671.1465 2659.6926 2643.6648 2665.7097 2670.4287 2674.1904 2671.5991 2660.6614 2663.6731 2651.3286 2652.0466 2662.6685 2636.0315 2642.4299 2606.2097 2612.6033
2742.0698 2726.1304 2737.9763 2724.7463 2715.3462 2700.8652 2705.417 2705.7683 2698.4792 2693.1587 2695.1436 2699.8464 2698.8401 2703.5688 2684.9299 2689.7756 2703.1538 2697.4868 2698.0945 2687.2693 2716.0435 2694.6123 2686.2432 2682.7231 2681.8284 2683.3279 2686.2004 2676.3083 2666.8687 2669.2478 2658.3523 2652.3872 2660.1523 2644.7461 2649.8567 2672.0808 2655.5408 2682.0708 2656.8389 2662.8962 2667.4487 2665.0815 2672.3232 2626.1858 2648.2314 2666.1489 2649.3247 2671.9722 2670.2136 2655.6389 2628.8955 2623.4287 2645.1223 2610.2927 2621.0947 2637.2395 2638.1018 2658.6118 2624.509 2604.6929
2750.998 2728.3938 2712.2573 2710.7871 2705.2385 2685.8162 2678.5859 2690.5266 2692.8887 2677.8096 2715.2317 2692.5952 2677.8779 2705.4927 2711.7244 2711.8894 2690.8169 2754.0591 2690.334 2683.7927 2686.4148 2689.554 2661.6963 2678.0369 2679.1826 2669.9133 2653.0371 2662.5881 2649.9204 2638.2129 2627.7839 2643.2227 2634.5881 2663.769 2677.5024 2647.0022 2648.5242 2663.0908 2665.5859 2682.8435 2661.0696 2637.4277 2687.0503 3301.3108 2662.792 3099.3228 3887.0154 3602.7021 3656.2883 3174.8494 2718.3884 2641.3992 2679.8169 2666.7344 2606.4512 2606.3447 2949.8396 3292.4263 2786.3794 2593.5962
2715.0193 2698.7856 2675.8572 2688.8901 2708.666 2699.4314 2690.6084 2699.5544 2714.9507 2700.2266 2703.656 2701.3311 2706.0352 2683.7957 2681.8606 2673.2551 2668.5645 2688.2913 2667.6536 2676.9595 2682.3997 2738.6494 2666.1812 2679.8364 2660.0647 2655.1648 2658.9746 2657.6704 2638.4158 2637.915 2631.8337 2644.0579 2636.2156 2637.4583 2654.8794 2644.4353 2648.2009 2679.7559 4983.1963 2892.4351 2669.2898 2649.6926 2780.645 3592.6213 2658.1956 2660.9451 2643.3054 2756.0698 2986.9167 3177.1606 2743.9805 2730.0806 3456.4177 3236.5461 3606.0706 2693.8137 3382.3625 3708.7004 3244.8123 2555.5659
