Resources/Map/Lvl0_30x30/Ele_AA.asc
ncols         335
nrows         335
xllcorner     -20045000
yllcorner     6675000
cellsize      10000
nodata_value  -99999.0
[rows 0 to 35 of 335, columns 81 to 161 of 335]
-99999.0 -99999.0 -99999.0 -99999.0 -99999.0 -99999.0 -99999.0 -99999.0 -99999.0 -99999.0 -99999.0 -99999.0 -99999.0 -99999.0 -99999.0 -99999.0 -99999.0 -99999.0 -99999.0 -99999.0 -99999.0 -99999.0 -99999.0 -99999.0 -99999.0 -99999.0 -99999.0 -99999.0 -99999.0 -99999.0 -99999.0 -99999.0 -99999.0 -99999.0 -99999.0 -99999.0 -99999.0 -99999.0 -99999.0 -99999.0 -99999.0 -99999.0 -99999.0 -99999.0 -99999.0 -99999.0 -99999.0 -99999.0 -99999.0 -99999.0 -99999.0 -99999.0 -99999.0 -99999.0 -99999.0 -99999.0 -99999.0 -99999.0 -99999.0 -99999.0 -99999.0 -99999.0 -99999.0 -99999.0 -99999.0 -99999.0 -99999.0 -99999.0 -99999.0 -99999.0 -99999.0 -99999.0 -99999.0 -99999.0 -99999.0 -99999.0 -99999.0 -99999.0 -99999.0 -99999.0 -99999.0
-99999.0 -99999.0 -99999.0 -99999.0 -99999.0 -99999.0 -99999.0 -99999.0 -99999.0 -99999.0 -99999.0 -99999.0 -99999.0 -99999.0 -99999.0 -99999.0 -99999.0 -99999.0 -99999.0 -99999.0 -99999.0 -99999.0 -99999.0 -99999.0 -99999.0 -99999.0 -99999.0 -99999.0 -99999.0 -99999.0 -99999.0 -99999.0 -99999.0 -99999.0 -99999.0 -99999.0 -99999.0 -99999.0 -99999.0 -99999.0 -99999.0 -99999.0 -99999.0 -99999.0 -99999.0 -99999.0 -99999.0 -99999.0 -99999.0 -99999.0 -99999.0 -99999.0 -99999.0 -99999.0 -99999.0 -99999.0 -99999.0 -99999.0 -99999.0 -99999.0 -99999.0 -99999.0 -99999.0 -99999.0 -99999.0 -99999.0 -99999.0 -99999.0 -99999.0 -99999.0 -99999.0 -99999.0 -99999.0 -99999.0 -99999.0 -99999.0 -99999.0 -99999.0 -99999.0 -99999.0 -99999.0
-99999.0 -99999.0 -99999.0 -99999.0 -99999.0 -99999.0 -99999.0 -99999.0 -99999.0 -99999.0 -99999.0 -99999.0 -99999.0 -99999.0 -99999.0 -99999.0 -99999.0 -99999.0 -99999.0 -99999.0 -99999.0 -99999.0 -99999.0 -99999.0 -99999.0 -99999.0 -99999.0 -99999.0 -99999.0 -99999.0 -99999.0 -99999.0 -99999.0 -99999.0 -99999.0 -99999.0 -99999.0 -99999.0 -99999.0 -99999.0 -99999.0 -99999.0 -99999.0 -99999.0 -99999.0 -99999.0 -99999.0 -99999.0 -99999.0 -99999.0 -99999.0 -99999.0 -99999.0 -99999.0 -99999.0 -99999.0 -99999.0 -99999.0 -99999.0 -99999.0 -99999.0 -99999.0 -99999.0 -99999.0 -99999.0 -99999.0 -99999.0 -99999.0 -99999.0 -99999.0 -99999.0 -99999.0 -99999.0 -99999.0 -99999.0 -99999.0 -99999.0 -99999.0 -99999.0 -99999.0 -99999.0
-99999.0 -99999.0 -99999.0 -99999.0 -99999.0 -99999.0 -99999.0 -99999.0 -99999.0 -99999.0 -99999.0 -99999.0 -99999.0 -99999.0 -99999.0 -99999.0 -99999.0 -99999.0 -99999.0 -99999.0 -99999.0 -99999.0 -99999.0 -99999.0 -99999.0 -99999.0 -99999.0 -99999.0 -99999.0 -99999.0 -99999.0 -99999.0 -99999.0 -99999.0 -99999.0 -99999.0 -99999.0 -99999.0 -99999.0 -99999.0 -99999.0 -99999.0 -99999.0 -99999.0 -99999.0 -99999.0 -99999.0 -99999.0 -99999.0 -99999.0 -99999.0 -99999.0 -99999.0 -99999.0 -99999.0 -99999.0 -99999.0 -99999.0 -99999.0 -99999.0 -99999.0 -99999.0 -99999.0 -99999.0 -99999.0 -99999.0 -99999.0 -99999.0 -99999.0 -99999.0 -99999.0 -99999.0 -99999.0 -99999.0 -99999.0 -99999.0 -99999.0 -99999.0 -99999.0 -99999.0 -99999.0
-4172 -4170 -4169 -4168 -4168 -4166 -4165 -4164 -4163 -4162 -4160 -4159 -4158 -4157 -4156 -4154 -4153 -4152 -4150 -4148 -4147 -4146 -4145 -4145 -4144 -4144 -4144 -4144 -4144 -4144 -4144 -4144 -4144 -4144 -4144 -4144 -4145 -4145 -4146 -4146 -4146 -4146 -4147 -4147 -4148 -4148 -4149 -4149 -4150 -4149 -4150 -4150 -4151 -4151 -4152 -4152 -4152 -4153 -4153 -4154 -4154 -4154 -4155 -4156 -4156 -4157 -4157 -4158 -4158 -4159 -4159 -4160 -4160 -4161 -4161 -4162 -4162 -4162 -4162 -4163 -4163
-4082 -4085 -4086 -4089 -4091 -4093 -4095 -4096 -4098 -4100 -4102 -4104 -4106 -4108 -4110 -4112 -4114 -4116 -4121 -4124 -4128 -4131 -4134 -4138 -4141 -4145 -4149 -4153 -4156 -4161 -4164 -4168 -4172 -4174 -4177 -4180 -4181 -4184 -4187 -4188 -4189 -4191 -4192 -4193 -4194 -4195 -4195 -4197 -4197 -4198 -4199 -4200 -4201 -4202 -4203 -4204 -4205 -4207 -4208 -4209 -4210 -4210 -4211 -4212 -4211 -4211 -4211 -4211 -4211 -4210 -4209 -4208 -4208 -4207 -4206 -4205 -4204 -4203 -4203 -4202 -4201
-3878 -3882 -3885 -3888 -3891 -3894 -3898 -3901 -3904 -3906 -3910 -3913 -3915 -3918 -3921 -3925 -3927 -3930 -3936 -3939 -3941 -3944 -3947 -3949 -3952 -3954 -3955 -3957 -3959 -3959 -3960 -3960 -3961 -3962 -3962 -3962 -3963 -3964 -3964 -3965 -3966 -3967 -3967 -3968 -3968 -3969 -3970 -3971 -3972 -3973 -3974 -3975 -3975 -3977 -3977 -3978 -3979 -3980 -3980 -3982 -3982 -3982 -3983 -3984 -3985 -3984 -3986 -3986 -3986 -3986 -3986 -3986 -3987 -3987 -3987 -3988 -3989 -3989 -3989 -3989 -3989
-3590 -3591 -3592 -3594 -3595 -3597 -3599 -3601 -3603 -3605 -3607 -3609 -3612 -3613 -3615 -3617 -3618 -3619 -3622 -3623 -3624 -3626 -3627 -3629 -3630 -3632 -3634 -3635 -3637 -3638 -3639 -3640 -3641 -3641 -3642 -3642 -3642 -3642 -3642 -3642 -3641 -3640 -3639 -3638 -3637 -3635 -3634 -3632 -3630 -3628 -3626 -3623 -3620 -3617 -3613 -3610 -3606 -3601 -3597 -3593 -3588 -3583 -3577 -3566 -3559 -3553 -3545 -3538 -3530 -3522 -3513 -3504 -3495 -3485 -3475 -3464 -3454 -3443 -3433 -3422 -3411
-3273 -3273 -3274 -3275 -3276 -3277 -3278 -3279 -3281 -3282 -3284 -3286 -3288 -3290 -3292 -3294 -3296 -3298 -3302 -3304 -3306 -3308 -3310 -3311 -3312 -3313 -3314 -3314 -3314 -3314 -3313 -3313 -3313 -3312 -3312 -3312 -3311 -3310 -3309 -3307 -3305 -3303 -3300 -3297 -3294 -3291 -3288 -3284 -3281 -3278 -3275 -3271 -3267 -3264 -3260 -3254 -3249 -3242 -3235 -3227 -3218 -3208 -3198 -3176 -3164 -3153 -3141 -3128 -3116 -3103 -3090 -3076 -3062 -3046 -3031 -3014 -2996 -2976 -2957 -2937 -2914
-2862 -2866 -2870 -2874 -2877 -2880 -2882 -2886 -2890 -2894 -2898 -2902 -2906 -2910 -2914 -2918 -2922 -2925 -2932 -2934 -2937 -2938 -2940 -2940 -2941 -2942 -2944 -2944 -2945 -2945 -2943 -2941 -2938 -2934 -2929 -2923 -2916 -2909 -2902 -2894 -2887 -2880 -2873 -2866 -2860 -2855 -2850 -2845 -2841 -2834 -2829 -2822 -2815 -2807 -2799 -2792 -2784 -2776 -2769 -2761 -2753 -2746 -2738 -2722 -2714 -2706 -2697 -2689 -2679 -2670 -2661 -2650 -2639 -2628 -2617 -2605 -2595 -2585 -2575 -2565 -2556
-1919 -1924 -1929 -1934 -1939 -1943 -1948 -1952 -1957 -1961 -1964 -1968 -1970 -1971 -1973 -1973 -1973 -1974 -1976 -1977 -1978 -1980 -1980 -1980 -1979 -1977 -1976 -1973 -1970 -1968 -1965 -1962 -1959 -1957 -1955 -1953 -1951 -1951 -1950 -1950 -1950 -1950 -1951 -1951 -1951 -1951 -1952 -1952 -1952 -1952 -1952 -1953 -1953 -1954 -1955 -1957 -1959 -1961 -1962 -1963 -1964 -1964 -1963 -1960 -1957 -1953 -1949 -1944 -1937 -1930 -1923 -1916 -1909 -1901 -1893 -1885 -1878 -1872 -1866 -1862 -1857
-1722 -1714 -1705 -1695 -1686 -1676 -1667 -1657 -1648 -1638 -1629 -1622 -1615 -1609 -1603 -1597 -1591 -1584 -1573 -1567 -1561 -1556 -1550 -1546 -1542 -1539 -1536 -1534 -1532 -1529 -1527 -1525 -1524 -1523 -1522 -1522 -1522 -1523 -1524 -1525 -1526 -1528 -1529 -1529 -1530 -1530 -1530 -1529 -1528 -1527 -1525 -1524 -1523 -1523 -1522 -1522 -1522 -1521 -1522 -1522 -1524 -1526 -1527 -1530 -1533 -1535 -1536 -1538 -1539 -1540 -1540 -1542 -1542 -1542 -1543 -1544 -1544 -1544 -1544 -1543 -1543
-1473 -1466 -1458 -1451 -1444 -1437 -1429 -1422 -1416 -1409 -1403 -1397 -1390 -1385 -1381 -1378 -1378 -1378 -1379 -1380 -1381 -1381 -1383 -1384 -1385 -1388 -1393 -1398 -1404 -1407 -1410 -1412 -1414 -1417 -1418 -1419 -1421 -1422 -1424 -1427 -1430 -1432 -1434 -1437 -1440 -1441 -1446 -1450 -1454 -1458 -1464 -1470 -1475 -1481 -1487 -1492 -1499 -1505 -1510 -1519 -1525 -1532 -1542 -1558 -1565 -1573 -1582 -1590 -1598 -1608 -1616 -1625 -1637 -1648 -1658 -1669 -1680 -1688 -1696 -1704 -1708
-1943 -1961 -1978 -1992 -2006 -2018 -2029 -2040 -2050 -2062 -2079 -2099 -2123 -2151 -2181 -2211 -2241 -2272 -2332 -2362 -2392 -2424 -2457 -2488 -2520 -2550 -2577 -2603 -2627 -2647 -2664 -2679 -2693 -2708 -2722 -2737 -2752 -2767 -2783 -2798 -2813 -2826 -2837 -2844 -2852 -2859 -2865 -2871 -2876 -2880 -2883 -2885 -2887 -2888 -2890 -2893 -2896 -2900 -2904 -2907 -2910 -2913 -2917 -2933 -2943 -2953 -2964 -2976 -2993 -3012 -3036 -3061 -3086 -3112 -3137 -3162 -3187 -3210 -3234 -3255 -3276
-3126 -3155 -3183 -3208 -3231 -3253 -3272 -3292 -3311 -3330 -3350 -3369 -3391 -3413 -3436 -3460 -3484 -3508 -3551 -3570 -3588 -3605 -3621 -3637 -3652 -3665 -3676 -3685 -3694 -3701 -3708 -3714 -3719 -3724 -3729 -3735 -3741 -3747 -3753 -3759 -3764 -3770 -3775 -3779 -3784 -3788 -3792 -3795 -3798 -3800 -3803 -3806 -3809 -3812 -3815 -3817 -3820 -3823 -3826 -3829 -3831 -3834 -3836 -3841 -3843 -3846 -3850 -3854 -3858 -3861 -3865 -3868 -3870 -3873 -3875 -3876 -3877 -3879 -3880 -3881 -3883
-3691 -3700 -3709 -3718 -3729 -3741 -3755 -3769 -3782 -3796 -3810 -3823 -3837 -3850 -3861 -3871 -3878 -3884 -3894 -3899 -3903 -3908 -3911 -3913 -3915 -3915 -3916 -3917 -3918 -3918 -3919 -3919 -3918 -3918 -3918 -3918 -3917 -3916 -3917 -3916 -3916 -3916 -3916 -3916 -3916 -3916 -3916 -3915 -3915 -3915 -3915 -3915 -3915 -3915 -3915 -3915 -3915 -3915 -3914 -3914 -3913 -3912 -3911 -3910 -3909 -3909 -3909 -3909 -3909 -3909 -3909 -3909 -3909 -3909 -3909 -3909 -3910 -3910 -3911 -3911 -3912
-3832 -3824 -3816 -3808 -3801 -3795 -3789 -3785 -3782 -3779 -3775 -3772 -3769 -3766 -3764 -3765 -3771 -3778 -3795 -3803 -3809 -3815 -3820 -3824 -3827 -3831 -3836 -3841 -3844 -3849 -3850 -3853 -3853 -3853 -3852 -3851 -3850 -3850 -3849 -3846 -3843 -3838 -3831 -3824 -3816 -3809 -3802 -3796 -3789 -3785 -3780 -3776 -3774 -3773 -3775 -3778 -3782 -3787 -3795 -3801 -3809 -3816 -3822 -3835 -3842 -3849 -3855 -3862 -3868 -3874 -3879 -3884 -3888 -3892 -3895 -3899 -3902 -3905 -3907 -3909 -3911
-3858 -3850 -3841 -3831 -3823 -3814 -3808 -3801 -3796 -3791 -3785 -3779 -3775 -3771 -3771 -3774 -3781 -3791 -3810 -3819 -3827 -3832 -3837 -3840 -3843 -3847 -3850 -3852 -3855 -3856 -3855 -3853 -3850 -3847 -3845 -3842 -3839 -3835 -3830 -3825 -3818 -3812 -3806 -3800 -3796 -3792 -3789 -3785 -3783 -3781 -3780 -3781 -3782 -3787 -3794 -3803 -3815 -3826 -3837 -3847 -3855 -3863 -3870 -3883 -3889 -3895 -3900 -3904 -3907 -3909 -3910 -3911 -3912 -3913 -3915 -3916 -3918 -3919 -3921 -3921 -3922
-3926 -3926 -3925 -3925 -3924 -3924 -3922 -3921 -3919 -3918 -3916 -3914 -3912 -3909 -3906 -3903 -3901 -3899 -3894 -3890 -3887 -3884 -3882 -3880 -3879 -3876 -3871 -3864 -3856 -3851 -3842 -3837 -3832 -3828 -3825 -3821 -3816 -3812 -3808 -3804 -3804 -3808 -3815 -3823 -3832 -3842 -3850 -3858 -3861 -3865 -3865 -3865 -3867 -3867 -3867 -3868 -3868 -3868 -3869 -3867 -3868 -3867 -3868 -3872 -3876 -3878 -3881 -3884 -3886 -3887 -3888 -3889 -3890 -3892 -3893 -3895 -3896 -3897 -3899 -3900 -3902
-3847 -3855 -3862 -3870 -3878 -3885 -3892 -3899 -3905 -3910 -3913 -3916 -3918 -3919 -3920 -3920 -3916 -3909 -3885 -3872 -3858 -3841 -3818 -3789 -3753 -3714 -3673 -3631 -3593 -3556 -3528 -3508 -3493 -3482 -3469 -3458 -3452 -3447 -3444 -3445 -3447 -3448 -3449 -3452 -3454 -3455 -3460 -3462 -3466 -3468 -3472 -3476 -3478 -3480 -3482 -3484 -3486 -3488 -3490 -3494 -3497 -3502 -3507 -3518 -3522 -3527 -3531 -3534 -3536 -3539 -3542 -3544 -3546 -3549 -3550 -3552 -3553 -3554 -3555 -3557 -3558
-3896 -3900 -3904 -3908 -3912 -3916 -3919 -3922 -3924 -3925 -3926 -3927 -3927 -3927 -3926 -3922 -3918 -3913 -3900 -3893 -3884 -3874 -3862 -3850 -3837 -3823 -3810 -3797 -3786 -3776 -3767 -3759 -3751 -3745 -3739 -3735 -3730 -3726 -3723 -3718 -3715 -3712 -3709 -3706 -3703 -3700 -3696 -3692 -3688 -3684 -3680 -3676 -3672 -3667 -3663 -3659 -3654 -3649 -3645 -3640 -3636 -3632 -3627 -3618 -3614 -3609 -3605 -3601 -3596 -3590 -3586 -3580 -3574 -3568 -3561 -3554 -3545 -3535 -3524 -3511 -3495
-3846 -3846 -3847 -3847 -3848 -3847 -3842 -3835 -3827 -3819 -3811 -3805 -3801 -3799 -3794 -3787 -3782 -3776 -3761 -3746 -3729 -3711 -3692 -3672 -3663 -3667 -3680 -3696 -3712 -3730 -3747 -3761 -3774 -3786 -3797 -3808 -3817 -3824 -3829 -3833 -3836 -3839 -3841 -3841 -3842 -3841 -3841 -3840 -3839 -3837 -3835 -3832 -3828 -3825 -3822 -3816 -3812 -3806 -3800 -3794 -3787 -3780 -3772 -3753 -3743 -3732 -3722 -3710 -3698 -3686 -3674 -3661 -3649 -3637 -3627 -3615 -3603 -3591 -3578 -3567 -3558
-3348 -3345 -3346 -3355 -3365 -3376 -3387 -3397 -3408 -3421 -3438 -3456 -3473 -3491 -3507 -3525 -3548 -3577 -3636 -3662 -3684 -3697 -3700 -3700 -3701 -3703 -3707 -3717 -3734 -3754 -3772 -3791 -3807 -3822 -3833 -3844 -3855 -3865 -3874 -3881 -3887 -3892 -3898 -3902 -3907 -3910 -3913 -3915 -3917 -3918 -3918 -3917 -3915 -3911 -3906 -3899 -3890 -3880 -3869 -3857 -3844 -3832 -3814 -3774 -3754 -3731 -3708 -3684 -3655 -3622 -3587 -3555 -3522 -3495 -3477 -3466 -3461 -3459 -3458 -3460 -3466
-3557 -3573 -3591 -3608 -3624 -3641 -3659 -3678 -3698 -3718 -3737 -3753 -3768 -3781 -3794 -3806 -3816 -3826 -3842 -3846 -3848 -3850 -3852 -3853 -3853 -3853 -3853 -3852 -3851 -3850 -3849 -3849 -3849 -3848 -3847 -3846 -3845 -3844 -3843 -3843 -3843 -3844 -3845 -3845 -3847 -3847 -3847 -3846 -3845 -3842 -3839 -3833 -3824 -3812 -3795 -3776 -3756 -3734 -3712 -3689 -3666 -3640 -3615 -3568 -3549 -3530 -3511 -3492 -3474 -3458 -3444 -3436 -3434 -3436 -3442 -3451 -3462 -3477 -3495 -3514 -3533
-3847 -3851 -3855 -3858 -3861 -3863 -3867 -3870 -3873 -3876 -3878 -3880 -3882 -3884 -3886 -3887 -3888 -3889 -3888 -3886 -3884 -3882 -3879 -3874 -3868 -3861 -3853 -3845 -3836 -3831 -3827 -3824 -3821 -3819 -3818 -3817 -3817 -3817 -3816 -3818 -3818 -3818 -3820 -3820 -3821 -3823 -3823 -3824 -3825 -3825 -3826 -3826 -3826 -3825 -3825 -3824 -3823 -3822 -3820 -3818 -3816 -3812 -3809 -3803 -3798 -3793 -3786 -3781 -3774 -3768 -3760 -3752 -3744 -3736 -3728 -3720 -3712 -3704 -3696 -3687 -3677
-3919 -3919 -3918 -3917 -3915 -3914 -3913 -3911 -3910 -3909 -3907 -3906 -3905 -3904 -3902 -3901 -3899 -3897 -3894 -3893 -3891 -3890 -3888 -3887 -3885 -3883 -3881 -3879 -3877 -3874 -3871 -3867 -3864 -3860 -3856 -3852 -3846 -3842 -3838 -3832 -3828 -3823 -3818 -3814 -3809 -3804 -3799 -3794 -3789 -3784 -3778 -3771 -3764 -3756 -3748 -3741 -3733 -3724 -3715 -3703 -3692 -3680 -3668 -3644 -3629 -3615 -3600 -3585 -3572 -3562 -3550 -3539 -3527 -3513 -3499 -3485 -3472 -3459 -3446 -3434 -3420
-3915 -3914 -3913 -3913 -3911 -3910 -3909 -3909 -3907 -3907 -3905 -3904 -3903 -3902 -3901 -3900 -3899 -3897 -3895 -3894 -3893 -3892 -3891 -3890 -3889 -3888 -3887 -3885 -3884 -3882 -3880 -3877 -3873 -3868 -3862 -3856 -3850 -3843 -3836 -3828 -3819 -3811 -3803 -3793 -3783 -3772 -3761 -3749 -3736 -3721 -3707 -3692 -3677 -3661 -3646 -3631 -3616 -3602 -3587 -3574 -3561 -3548 -3535 -3508 -3495 -3481 -3467 -3454 -3442 -3430 -3418 -3406 -3394 -3381 -3367 -3354 -3341 -3327 -3313 -3299 -3286
-3906 -3905 -3905 -3904 -3904 -3903 -3902 -3902 -3901 -3901 -3900 -3900 -3899 -3898 -3898 -3897 -3896 -3896 -3894 -3894 -3893 -3893 -3892 -3891 -3891 -3890 -3889 -3889 -3887 -3886 -3885 -3882 -3880 -3877 -3873 -3869 -3864 -3859 -3854 -3849 -3843 -3836 -3829 -3822 -3815 -3806 -3796 -3785 -3773 -3759 -3744 -3727 -3709 -3692 -3674 -3655 -3638 -3624 -3609 -3595 -3582 -3567 -3551 -3518 -3502 -3486 -3470 -3456 -3442 -3430 -3419 -3409 -3399 -3389 -3377 -3363 -3347 -3331 -3314 -3295 -3277
-3893 -3893 -3893 -3893 -3893 -3893 -3893 -3892 -3892 -3892 -3892 -3892 -3892 -3892 -3892 -3892 -3892 -3892 -3892 -3892 -3893 -3893 -3893 -3893 -3892 -3892 -3892 -3891 -3891 -3889 -3888 -3887 -3885 -3883 -3881 -3878 -3876 -3872 -3869 -3865 -3862 -3858 -3854 -3849 -3844 -3840 -3835 -3830 -3824 -3818 -3811 -3805 -3797 -3788 -3778 -3766 -3749 -3731 -3711 -3691 -3670 -3651 -3634 -3602 -3588 -3576 -3564 -3552 -3540 -3526 -3511 -3496 -3481 -3466 -3451 -3437 -3422 -3408 -3394 -3380 -3366
-3869 -3870 -3870 -3870 -3870 -3871 -3871 -3872 -3872 -3874 -3874 -3875 -3875 -3877 -3877 -3879 -3879 -3880 -3882 -3883 -3884 -3885 -3886 -3887 -3888 -3888 -3889 -3889 -3890 -3891 -3891 -3891 -3892 -3892 -3891 -3890 -3888 -3887 -3885 -3884 -3881 -3879 -3877 -3874 -3872 -3869 -3866 -3863 -3860 -3856 -3852 -3848 -3843 -3838 -3833 -3826 -3820 -3812 -3805 -3797 -3789 -3780 -3771 -3753 -3743 -3732 -3720 -3706 -3691 -3675 -3657 -3638 -3618 -3598 -3578 -3558 -3541 -3525 -3511 -3497 -3484
-3827 -3828 -3828 -3829 -3830 -3832 -3833 -3834 -3836 -3837 -3839 -3842 -3844 -3846 -3849 -3851 -3853 -3857 -3862 -3865 -3868 -3872 -3874 -3877 -3880 -3882 -3885 -3887 -3888 -3889 -3890 -3891 -3892 -3892 -3893 -3893 -3894 -3893 -3893 -3893 -3891 -3891 -3890 -3889 -3888 -3887 -3885 -3884 -3882 -3881 -3879 -3878 -3876 -3874 -3872 -3870 -3868 -3866 -3863 -3860 -3857 -3854 -3850 -3841 -3836 -3830 -3824 -3817 -3809 -3801 -3792 -3782 -3771 -3760 -3750 -3740 -3731 -3719 -3706 -3693 -3678
-3752 -3751 -3750 -3749 -3748 -3748 -3749 -3749 -3750 -3751 -3753 -3755 -3756 -3760 -3764 -3768 -3772 -3778 -3791 -3798 -3805 -3815 -3824 -3834 -3844 -3855 -3864 -3874 -3883 -3891 -3898 -3904 -3909 -3912 -3911 -3911 -3909 -3907 -3905 -3901 -3898 -3894 -3890 -3887 -3884 -3880 -3876 -3873 -3870 -3867 -3864 -3862 -3859 -3857 -3854 -3852 -3850 -3848 -3846 -3844 -3842 -3840 -3838 -3835 -3833 -3832 -3830 -3829 -3827 -3825 -3824 -3823 -3821 -3820 -3819 -3818 -3816 -3816 -3815 -3815 -3813
-3679 -3673 -3668 -3662 -3656 -3650 -3645 -3641 -3636 -3632 -3630 -3628 -3627 -3625 -3624 -3625 -3626 -3627 -3636 -3644 -3655 -3666 -3683 -3704 -3729 -3753 -3774 -3793 -3813 -3830 -3838 -3834 -3822 -3809 -3802 -3798 -3793 -3788 -3786 -3785 -3785 -3786 -3786 -3786 -3788 -3790 -3791 -3793 -3794 -3796 -3797 -3799 -3800 -3802 -3804 -3805 -3807 -3808 -3809 -3810 -3811 -3813 -3814 -3816 -3818 -3819 -3820 -3821 -3823 -3824 -3825 -3826 -3828 -3829 -3830 -3832 -3833 -3834 -3836 -3837 -3839
-3725 -3721 -3716 -3712 -3708 -3704 -3700 -3697 -3694 -3691 -3689 -3688 -3688 -3687 -3687 -3687 -3690 -3691 -3699 -3705 -3712 -3720 -3730 -3742 -3757 -3771 -3786 -3802 -3821 -3837 -3848 -3852 -3852 -3851 -3852 -3851 -3850 -3848 -3847 -3845 -3844 -3842 -3841 -3839 -3838 -3837 -3836 -3835 -3833 -3832 -3832 -3831 -3830 -3830 -3830 -3830 -3830 -3830 -3830 -3830 -3831 -3831 -3832 -3833 -3834 -3834 -3835 -3836 -3837 -3838 -3839 -3841 -3842 -3843 -3844 -3845 -3846 -3848 -3849 -3851 -3852
-3823 -3823 -3822 -3822 -3821 -3822 -3822 -3823 -3823 -3824 -3825 -3826 -3828 -3829 -3832 -3834 -3837 -3840 -3846 -3850 -3853 -3858 -3862 -3866 -3871 -3874 -3878 -3882 -3885 -3886 -3888 -3888 -3889 -3890 -3890 -3889 -3889 -3889 -3888 -3887 -3886 -3885 -3884 -3883 -3881 -3880 -3879 -3877 -3876 -3875 -3873 -3872 -3871 -3870 -3869 -3868 -3867 -3866 -3866 -3865 -3865 -3864 -3864 -3864 -3863 -3863 -3863 -3863 -3863 -3864 -3864 -3864 -3865 -3865 -3865 -3865 -3866 -3866 -3867 -3867 -3868
-3868 -3868 -3868 -3869 -3869 -3870 -3870 -3871 -3871 -3872 -3872 -3873 -3873 -3874 -3875 -3876 -3877 -3878 -3879 -3880 -3881 -3882 -3883 -3884 -3885 -3886 -3886 -3887 -3887 -3888 -3888 -3888 -3888 -3888 -3887 -3887 -3886 -3886 -3885 -3884 -3883 -3883 -3881 -3881 -3880 -3879 -3878 -3877 -3877 -3876 -3875 -3875 -3873 -3873 -3873 -3872 -3872 -3871 -3871 -3871 -3871 -3871 -3871 -3871 -3871 -3871 -3871 -3871 -3872 -3872 -3872 -3872 -3872 -3872 -3872 -3872 -3872 -3872 -3872 -3872 -3872
