Resources/Map/Lvl0_30x30/Ele_BF.asc
ncols         335
nrows         335
xllcorner     -3295000
yllcorner     3325000
cellsize      10000
nodata_value  -99999.0
[rows 125 to 149 of 335, columns 0 to 57 of 335]
-3482.2185 -3407.7495 -3245.4495 -3095.0146 -3049.8914 -2988.5676 -2859.5349 -2807.8843 -2724.1006 -2592.74 -2545.7197 -2552.2673 -2426.6384 -2327.1519 -2261.6768 -1973.8932 -2238.1658 -2873.4333 -3078.8694 -2794.4937 -2313.3943 -2254.4338 -2456.6904 -2517.4094 -2516.0732 -2555.676 -2580.115 -2634.8167 -2605.2642 -2499.7485 -2594.8396 -2974.6289 -3165.9324 -3172.3291 -3361.2068 -3533.3003 -3611.0479 -3691.4463 -3462.0586 -3068.7461 -3071.948 -3378.6079 -3540.9844 -3575.9734 -3561.4578 -3572.5286 -3529.1411 -3502.2849 -3671.3816 -3769.5132 -3685.8894 -3560.5852 -3595.6794 -3685.3047 -3570.8628 -3501.8201 -3666.7471 -3733.1118
-3644.5215 -3591.3291 -3445.7837 -3295.2437 -3238.4084 -3173.1394 -2981.6409 -2804.6694 -2632.3691 -2531.594 -2596.3831 -2659.7285 -2503.387 -2345.2515 -2397.2808 -2385.4548 -2447.969 -2656.8137 -2789.5171 -2659.8403 -2332.7915 -2145.2288 -2187.074 -2335.0525 -2483.2329 -2580.1372 -2568.0005 -2614.9836 -2637.9536 -2451.3982 -2390.8557 -2746.0571 -3098.5422 -3159.6877 -3257.4612 -3443.9375 -3591.491 -3707.6941 -3568.1423 -3248.5745 -3145.083 -3332.2073 -3489.7046 -3532.7239 -3513.1777 -3617.6804 -3676.427 -3613.28 -3652.8596 -3779.2773 -3751.9626 -3595.7952 -3586.9602 -3664.0676 -3497.2646 -3402.0322 -3632.1077 -3708.98
-3545.0725 -3551.9888 -3527.9573 -3448.5752 -3388.061 -3282.9265 -3037.4214 -2745.1541 -2542.2947 -2551.438 -2722.4941 -2772.1167 -2579.8516 -2413.717 -2458.6543 -2432.4814 -2324.1143 -2253.4185 -2268.3518 -2308.6001 -2203.1145 -2000 -1818.5635 -1938.6533 -2251.0752 -2430.5054 -2429.9346 -2458.2617 -2636.5703 -2611.1406 -2467.8918 -2633.0103 -2933.312 -2994.3188 -2995.2861 -3085.4795 -3253.8948 -3427.488 -3450.6755 -3424.324 -3480.9741 -3456.4756 -3493.9636 -3407.5947 -3278.4324 -3398.4336 -3532.7249 -3513.5068 -3537.3228 -3645.5737 -3690.3369 -3665.4382 -3686.5193 -3770.1794 -3692.1907 -3627.6975 -3798.4902 -3867.1182
-3342.9463 -3406.3723 -3416.8535 -3309.0881 -3182.8701 -3012.4438 -2799.0991 -2690.7373 -2702.9263 -2797.0093 -2903.2756 -2830.1436 -2634.7993 -2620.0251 -2673.5159 -2522.1838 -2334.9495 -2163.5276 -2121.7046 -2272.5413 -2366.1362 -2396.7559 -2024.7683 -1737.0498 -1958.7234 -2285.8538 -2418.2073 -2365.0056 -2482.6636 -2681.75 -2686.2244 -2708.4104 -2898.0696 -3015.3801 -2986.2266 -2969.1045 -3045.5781 -3157.9683 -3145.8384 -3258.9768 -3499.7183 -3589.4521 -3614.5427 -3365.8552 -3013.2175 -3084.9753 -3320.3413 -3408.6064 -3422.6348 -3427.1414 -3535.8647 -3722.9792 -3771.8923 -3770.9961 -3763.384 -3754.4634 -3778.3579 -3760.917
-3054.6982 -3151.1021 -3126.6919 -2991.1719 -2924.9485 -2826.4963 -2608.1743 -2609.7302 -2695.8157 -2743.9514 -2820.1506 -2801.7378 -2745.4309 -2763.5298 -2724.781 -2529.8994 -2349.6309 -2339.0847 -2531.4895 -2786.668 -2733.1594 -2504.6306 -2138.1824 -1881.6815 -1913.507 -2150.5068 -2391.5801 -2414.6052 -2362.4517 -2444.2175 -2668.4419 -2861.7063 -3075.4495 -3267.3928 -3233.7893 -3252.1982 -3310.0042 -3348.449 -3306.9465 -3351.2708 -3438.2073 -3493.3484 -3624.5693 -3552.738 -3233.3994 -3175.7979 -3334.7583 -3431.1467 -3460.729 -3404.4727 -3437.0618 -3609.9907 -3621.0854 -3532.2908 -3625.7322 -3781.5166 -3808.2542 -3719.7307
-3032.9026 -3024.9412 -2979.8086 -2864.8794 -2784.3459 -2818.8713 -2859.158 -2909.167 -2891.74 -2839.5874 -2841.1677 -2813.7078 -2792.5281 -2751.4778 -2663.6697 -2553.8704 -2414.9104 -2466.7737 -2861.8313 -3243.5996 -3022.2708 -2462.3916 -2169.8879 -2202.7571 -2244.345 -2324.6106 -2479.6865 -2628.1143 -2653.4951 -2580.3865 -2728.9089 -2895.49 -3014.5562 -3172.9409 -3256.4036 -3410.8572 -3443.4707 -3429.2358 -3394.3376 -3426.6458 -3468.2031 -3487.5706 -3595.8486 -3647.2449 -3562.4526 -3506.1338 -3506.2642 -3504.9692 -3534.3655 -3541.9507 -3543.0754 -3608.3101 -3609.0662 -3505.5403 -3551.853 -3742.7542 -3849.3992 -3813.2488
-3363.7737 -3257.322 -3228.5581 -3159.9446 -2999.0791 -2904.2405 -2899.3689 -2917.8997 -2966.2246 -2994.3359 -2942.8779 -2897.3748 -2845.9026 -2597.0894 -2365.7151 -2380.0388 -2379.6406 -2468.0725 -2911.125 -3266.8872 -3106.9854 -2783.2979 -2570.2227 -2636.5818 -2765.6506 -2735.1931 -2736.7063 -2882.564 -2991.4717 -2889.9534 -2786.4792 -2690.7483 -2531.9404 -2720.8489 -3007.8037 -3206.749 -3067.4004 -3114.9175 -3183.6045 -3275.1921 -3461.0735 -3560.2937 -3566.8015 -3547.5591 -3627.6465 -3718.9873 -3734.9585 -3724.9553 -3704.3059 -3690.8982 -3751.0691 -3819.3953 -3815.3953 -3734.6907 -3700.8997 -3796.1062 -3879.4131 -3874.3723
-3642.459 -3615.3306 -3597.0229 -3471.7676 -3250.1567 -3119.7515 -3030.5837 -2901.4797 -2874.9221 -2911.2129 -2869.9082 -2890.8884 -2815.8491 -2324.7432 -1999.7805 -2220.4727 -2151.1848 -1928.285 -2341.3711 -2772.2666 -2884.854 -2945.7915 -3053.0664 -3073.1145 -3045.7722 -3074.2378 -3048.6135 -2989.1252 -3060.512 -3115.731 -3088.0193 -2912.21 -2529.1238 -2511.9097 -2888.3665 -2898.3323 -2731.8179 -3043.4534 -3232.2708 -3277.696 -3520.2537 -3602.5166 -3539.4626 -3571.6396 -3699.2825 -3740.7832 -3748.2712 -3811.9971 -3830.0059 -3817.3857 -3823.2148 -3747.835 -3676.9458 -3779.3672 -3891.5068 -3957.2441 -3927.8533 -3767.9924
-3615.3462 -3656.4443 -3601.4631 -3438.5994 -3292.5281 -3233.5796 -3195.113 -3170.3564 -3109.2942 -2962.5042 -2839.4529 -2834.345 -2796.1035 -2473.7073 -2277.24 -2411.5874 -2126.2305 -1710.0349 -1922.5885 -2156.8474 -2153.334 -2488.1475 -3013.6555 -2899.2781 -2647.2205 -2739.7085 -2717.6626 -2582.4492 -2721.4934 -2985.9888 -3063.6609 -3049.7202 -2997.2832 -2947.6138 -3157.5237 -3206.6672 -3217.8381 -3399.8037 -3403.9629 -3303.9934 -3243.209 -3137.9751 -3034.875 -3161.1941 -3424.1331 -3476.0596 -3472.6455 -3558.7852 -3663.7886 -3713.1147 -3645.8457 -3451.0923 -3352.3821 -3481.5913 -3676.9915 -3806.0706 -3857.3293 -3840.3088
-3493.3416 -3322.062 -3124.5203 -3033.9929 -3146.3286 -3223.7988 -3232.0344 -3315.8564 -3255.3154 -3112.897 -3119.4756 -3079.3733 -2925.0525 -2802.4934 -2740.3662 -2648.4773 -2290.4187 -2042.6154 -2160.2554 -2137.564 -2002.6156 -2445.7988 -2993.9277 -2637.5374 -2228.9451 -2101.281 -2030.297 -1995.8301 -2185.0039 -2512.717 -2545.4749 -2501.5515 -2724.7747 -2929.5208 -3096.5229 -3335.8 -3453.6953 -3274.4919 -2960.5007 -2922.6113 -2941.4124 -2860.2454 -2706.9895 -2757.7136 -3016.5708 -3032.3997 -3059.6909 -3161.8079 -3260.7517 -3385.5925 -3314.2939 -3100.1201 -3112.4841 -3202.8882 -3321.4592 -3493.7085 -3668.97 -3846.2832
-3387.7229 -3085.8359 -3084.3965 -3246.5239 -3314.6555 -3164.8372 -3088.9722 -3191.1223 -3212.304 -3291.2222 -3405.0522 -3319.8879 -3082.7917 -2995.3088 -2975.8145 -2912.9832 -2798.4392 -2717.7495 -2740.7698 -2671.458 -2677.0945 -2996.5837 -3212.2114 -2686.7783 -2107.6987 -1610.1493 -1538.8318 -1727.1211 -1964.3647 -2209.2122 -2121.8784 -1864.7216 -2034.6648 -2240.0076 -2555.7415 -3105.4456 -3280.5229 -3089.4348 -2640.2246 -2519.811 -2844.7859 -3033.5364 -2910.551 -2901.0483 -3031.5662 -2974.5242 -2973.2278 -2989.1775 -3012.4558 -3241.8103 -3364.6958 -3272.6777 -3308.1428 -3463.0073 -3532.7131 -3559.8901 -3623.9729 -3787.6946
-3402.1646 -3194.0476 -3307.6257 -3465.4609 -3370.4021 -3192.0569 -3191.7722 -3147.6482 -3119.2839 -3254.7903 -3272.2227 -3216.7236 -3105.5364 -2937.4143 -2866.9697 -2925.9993 -3025.2007 -3106.364 -3095.802 -2994.0637 -2984.1292 -3119.7673 -3252.3545 -2931.9797 -2511.7827 -2203.2031 -2174.7886 -2239.5625 -2294.4546 -2444.7764 -2442.8333 -2244.5579 -2202.5049 -2174.1731 -2411.4771 -2898.1438 -3105.2678 -3083.5823 -2837.3223 -2706.0723 -2993.6611 -3276.6316 -3238.5046 -3209.5464 -3303.9858 -3280.0615 -3265.7344 -3286.1755 -3344.4688 -3550.9192 -3627.2073 -3512.252 -3410.7322 -3493.4348 -3672.9871 -3724.4155 -3696.1887 -3702.8284
-3463.3181 -3346.7493 -3366.051 -3379.7095 -3242.7065 -3129.2549 -3231.6997 -3231.0791 -3105.7974 -3176.8445 -3186.9939 -3104.6216 -3026.6501 -2924.6777 -2862.6008 -2752.8689 -2659.2175 -2746.5344 -2720.5696 -2469.4048 -2424.8591 -2703.7341 -2986.8948 -3049.9705 -3091.4407 -3060.0793 -2916.6646 -2923.6174 -2839.4304 -2773.7358 -2856.8201 -2871.7996 -2727.7698 -2654.6858 -2751.4019 -2801.3506 -2915.2598 -3069.6233 -3011.1248 -2953.7056 -3140.7498 -3381.3467 -3435.2336 -3476.3418 -3559.6758 -3541.1128 -3556.6833 -3594.8979 -3595.9055 -3663.8091 -3667.3948 -3598.9089 -3435.7336 -3387.9395 -3615.1499 -3786.6001 -3768.3628 -3637.1267
-3435.0032 -3382.2515 -3403.1096 -3365.5847 -3279.4436 -3160.7327 -3168.0588 -3208.4778 -3092.4678 -3191.1912 -3333.5015 -3220.8015 -3073.2332 -3039.4968 -2897.3203 -2591.4031 -2443.8357 -2520.5708 -2449.9304 -1999.637 -1718.1674 -1845.5955 -1967.3708 -2499.3164 -3202.417 -3072.3752 -2451.4775 -2443.2585 -2670.2405 -2864.1472 -2946.7588 -2945.8169 -2909.4221 -2849.9839 -2813.8132 -2522.614 -2495.9941 -2992.6013 -3250.804 -3279.9253 -3354.7244 -3352.8638 -3402.6792 -3549.3491 -3589.3616 -3501.9133 -3424.7444 -3419.562 -3403.679 -3442.0132 -3482.1035 -3573.3359 -3541.3215 -3517.3013 -3691.5876 -3809.4016 -3704.9685 -3428.3567
-3260.0891 -3230.1716 -3364.1001 -3404.0847 -3368.4954 -3227.459 -3143.1992 -3162.6538 -3097.8213 -3145.1819 -3348.6118 -3375.4861 -3276.5923 -3145.939 -2834.1001 -2531.8582 -2393.5239 -2460.3181 -2615.4485 -2504.2 -2355.261 -2319.4226 -2192.4175 -2449.4604 -3141.4817 -2991.7251 -2284.8608 -1938.3413 -2142.6277 -2518.7739 -2614.2346 -2680.5188 -2593.26 -2585.7966 -2781.1326 -2711.334 -2491.6729 -2712.1155 -2954.0669 -3049.6924 -3194.1372 -3218.7341 -3213.917 -3329.2827 -3373.666 -3319.8213 -3137.894 -3112.2756 -3139.5383 -3189.2781 -3311.5242 -3490.6711 -3519.7439 -3500.8767 -3636.3953 -3647.5593 -3473.3242 -3236.8452
-3154.0422 -3190.1458 -3327.0232 -3352.5093 -3343.509 -3263.4985 -3190.3232 -3253.323 -3187.0676 -3142.4878 -3296.9524 -3307.2217 -3214.4915 -3036.5134 -2722.7998 -2579.8906 -2471.2166 -2336.4436 -2397.2773 -2527.0852 -2635.3015 -2612.2622 -2631.8779 -2963.5273 -3433.9597 -3234.6643 -2637.9116 -2132.4443 -2264.3025 -2588.7332 -2570.8071 -2450.4954 -2392.084 -2649.2463 -2860.1143 -2920.8191 -2729.5945 -2590.8799 -2506.0286 -2582.6104 -2901.9929 -3136.6111 -2982.1804 -2962.1284 -3184.2266 -3031.0645 -2811.5017 -2876.2742 -3028.9602 -3130.0427 -3224.1528 -3375.1292 -3450.1804 -3403.2354 -3512.3245 -3518.8289 -3402.8447 -3307.2351
-3212.533 -3169.8293 -3173.4014 -3119.4451 -3183.0044 -3266.886 -3237.7039 -3213.4446 -3039.542 -2921.491 -3126.5366 -3217.446 -3109.1462 -2931.5479 -2814.5481 -2879.2634 -2824.845 -2610.1909 -2550.2725 -2546.9265 -2507.5625 -2451.0349 -2460.812 -2654.6082 -3059.8992 -3168.6382 -2940.2563 -2701.6577 -2800.2263 -2896.9917 -2746.0415 -2532.0334 -2532.2725 -2764.7214 -2854.4753 -2931.196 -2834.9055 -2734.1912 -2609.1619 -2659.9258 -2907.0393 -3043.8801 -2828.1055 -2767.6455 -3064.9341 -2934.0505 -2809.9016 -2889.8723 -3005.2983 -3151.2322 -3208.4028 -3270.9326 -3291.0598 -3131.7285 -3291.7498 -3515.0627 -3604.1421 -3530.9761
-3175.1086 -3099.0566 -3101.8669 -3005.5298 -3085.0044 -3255.9968 -3239.6746 -3255.9946 -3182.1531 -3020.0603 -3202.8042 -3467.4612 -3353.3994 -3002.1899 -2901.4153 -3018.0977 -3048.7395 -2984.3206 -2721.3591 -2434.9387 -2388.3345 -2502.3628 -2361.0347 -2256.4976 -2677.5198 -3074.5757 -3095.2427 -2900.9207 -2815.6821 -2762.2432 -2621.0515 -2482.9744 -2472.5542 -2596.0161 -2680.7615 -2749.1284 -2753.488 -2761.7905 -2738.8491 -2941.0952 -3044.1941 -3045.6519 -3002.9663 -3087.4412 -3181.2126 -3026.4463 -3001.5676 -3103.3499 -3177.9709 -3212.7717 -3183.2773 -3205.9724 -3219.9766 -3114.8005 -3187.3933 -3443.3127 -3644.4153 -3623.3733
-3180.9644 -3142.4788 -3208.5505 -3172.7012 -3107.9497 -3215.0581 -3402.0266 -3464.5242 -3342.4722 -3223.5935 -3367.1506 -3523.4275 -3279.5725 -2934.115 -2975.0295 -3156.6677 -3121.8921 -2891.5552 -2440.2634 -2118.6555 -2182.947 -2340.0273 -2198.4099 -2186.8113 -2705.8022 -3074.7778 -2859.333 -2533.0269 -2322.6904 -2448.1929 -2619.0742 -2652.6174 -2658.6926 -2660.9446 -2534.051 -2665.7937 -2834.7656 -2721.3823 -2777.5054 -3029.4248 -3106.3535 -3197.8391 -3131.2544 -3247.0342 -3256.1553 -3118.1299 -3081.3711 -3108.8442 -3215.7021 -3252.1079 -3219.8401 -3235.325 -3317.8015 -3305.4771 -3348 -3535.3865 -3643.0015 -3621.2239
-3151.2681 -3094.9929 -3136.2349 -3228.3479 -3196.7229 -3238.2803 -3425.6602 -3387.7239 -3139.2537 -3037.0745 -3204.3511 -3343.1235 -3239.1624 -3153.9868 -3184.0183 -3104.0952 -2904.2813 -2674.3452 -2421.2136 -2312.5796 -2280.7891 -2194.5217 -2122.4456 -2304.3071 -2838.4443 -3188.7952 -2810.2791 -2444.0391 -2314.5569 -2274.0562 -2401.7322 -2557.2263 -2493.7058 -2639.8279 -2500.0056 -2609.855 -2889.0608 -2887.1123 -2839.0994 -2974.8462 -3163.3933 -3151.8125 -3012.1694 -3171.6528 -3222.7261 -3141.6887 -3098.2292 -3040.9548 -3205.7581 -3301.1223 -3277.209 -3358.3599 -3446.9297 -3410.1299 -3451.2854 -3578.9719 -3580.8367 -3580.7751
-3185.7134 -3167.3967 -3157.4097 -3207.2671 -3261.4944 -3334.7625 -3320.7585 -3192.8003 -3048.439 -3028.3477 -3182.3774 -3320.7595 -3299.5947 -3210.4419 -3041.3071 -2843.4934 -2761.4082 -2735.9949 -2595.5767 -2513.3015 -2451.5681 -2248.438 -2241.9299 -2385.7761 -2785.436 -3152.5962 -2737.0378 -2453.9314 -2371.167 -2384.4824 -2271.3247 -2486.2759 -2304.887 -2564.2188 -2668.3398 -2603.0986 -2728.9968 -2818.4385 -2783.0869 -3037.4009 -3286.75 -3099.2114 -3021.3713 -3230.407 -3261.3062 -3147.4795 -3025.2559 -3041.9827 -3249.4158 -3168.8005 -3081.0984 -3268.7258 -3409.2744 -3381.5129 -3401.0007 -3402.5801 -3355.5698 -3431.573
-3417.7461 -3370.2195 -3306.1846 -3302.2356 -3350.5435 -3330.5054 -3171.125 -3053.5415 -3036.8967 -3138.0835 -3250.3853 -3262.8408 -3197.0632 -3118.8691 -3114.157 -3000.6729 -2777.3367 -2722.552 -2508.551 -2502.189 -2485.1968 -2512.2498 -2443.1292 -2325.1262 -2821.3572 -3050.3171 -2461.0288 -2134.1616 -2346.4634 -2523.3684 -2224.2043 -2543.8396 -2538.7341 -2607.3765 -2642.1772 -2792.0066 -2954.4336 -2973.9563 -2970.0706 -3199.3196 -3288.3918 -3033.5242 -2947.9353 -3133.3413 -3231.3962 -3142.2261 -2913.0166 -3000.8088 -3224.6733 -3151.0264 -2967.1736 -3086.7297 -3299.8831 -3339.1021 -3224.5168 -3039.0288 -3051.9893 -3197.7263
-3297.8911 -3310.1328 -3269.8442 -3265.7073 -3270.2258 -3206.1763 -3153.8711 -3108.9341 -3000.8677 -3082.429 -3116.0422 -3013.4163 -3011.6211 -3095.0925 -3285.0017 -3132.5103 -2872.2424 -2646.8916 -2376.5693 -2436.4468 -2385.6729 -2481.1418 -2521.8755 -2535.7205 -3120.1477 -3291.5281 -2538.2625 -2105.0188 -2440.4849 -2536.114 -2165.6694 -2425.0767 -2707.7058 -2735.0151 -2766.47 -2882.7158 -2897.3313 -2863.8333 -2906.5774 -3127.0967 -3187.3059 -3038.4558 -2996.092 -3101.0042 -3267.7827 -3148.6406 -2892.6755 -3001.9614 -3089.9399 -2970.7852 -2942.6047 -3154.4846 -3282.1899 -3279.0703 -3111.8374 -2904.0427 -2996.1736 -3184.0945
-3266.9016 -3276.2625 -3205.3335 -3125.3513 -3078.5068 -3100.1746 -3207.948 -3276.1326 -3163.6426 -3131.5667 -3087.698 -2941.603 -2933.4548 -3147.562 -3311.8665 -3139.7017 -2893.071 -2612.137 -2534.3677 -2425.7285 -2207.6428 -2346.1409 -2621.7075 -2845.8369 -3273.8442 -3226.7278 -2388.7112 -1904.5048 -2240.6248 -2319.9824 -2075.2595 -2244.4697 -2681.5835 -2888.5259 -2856.2712 -2752.3267 -2553.1243 -2488.3547 -2770.3335 -3016.6536 -3042.1064 -2925.8823 -2893.4851 -3049.4167 -3271.738 -3168.887 -2969.8645 -2988.9602 -3008.2683 -2996.8574 -3167.0908 -3310.1179 -3268.2693 -3274.8323 -3247.6606 -3143.0867 -3197.0439 -3326.188
-3376.7092 -3337.72 -3179.6885 -3074.7012 -3042.6648 -3037.6792 -3179.5747 -3201.0012 -3112.363 -3127.4136 -3096.5557 -3083.0818 -3176.7742 -3213.627 -3166.2717 -3089.3162 -2806.5049 -2521.9634 -2598.855 -2496.5837 -2235.2 -2281.3687 -2566.5518 -2936.5254 -3251.1094 -2883.394 -2081.7991 -1787.6044 -2135.3872 -2473.147 -2565.4019 -2621.3577 -2875.4404 -2973.7153 -2800.6021 -2651.4817 -2581.3984 -2589.522 -2895.9189 -3084.4429 -2974.9001 -2900.1531 -3023.4424 -3231.5322 -3267.0698 -3150.5706 -3052.1289 -2994.1904 -3038.3984 -3109.6455 -3248.7683 -3311.1367 -3260.8606 -3248.0142 -3116.7727 -2990.498 -3072.8577 -3265.4224
