Resources/Map/Lvl0_30x30/Ele_BD.asc
ncols         335
nrows         335
xllcorner     -9995000
yllcorner     3325000
cellsize      10000
nodata_value  -99999.0
[rows 290 to 318 of 335, columns 132 to 197 of 335]
-11.4645 -17.008 -20.797 -23.8631 -26.0789 -27.8716 -30.1808 -31.9209 -33.0511 -34.6664 -36.2428 -37.9945 -40.5398 -43.3058 -52.712 -81.1851 -140.3501 -220.6581 -329.7232 -438.309 -524.1696 -642.0737 -981.443 -1566.0421 -2342.51 -2953.2573 -3027.5786 -3056.8325 -3130.5964 -3206.2551 -3294.6721 -3384.5359 -3486.2192 -3598.6223 -3729.9546 -3854.4763 -3972.6887 -4061.6487 -4119.6006 -4145.8779 -4169.1172 -4222.8086 -4265.8198 -4303.6846 -4346.6914 -4385.6499 -4429.1382 -4478.231 -4515.2295 -4539.8564 -4584.1089 -4635.104 -4645.9946 -4649.2134 -4702.9893 -4764.2476 -4713.9541 -4662.0527 -4684.7324 -4717.8745 -4773.041 -4850.9858 -4932.2153 -4998.3252 -5028.2734 -5042.5137
-11.3993 -17.6703 -22.1701 -25.504 -28.1016 -29 -30.4434 -32.9803 -34.7209 -36.2931 -38.553 -40.7986 -44.0519 -59.5563 -98.823 -158.4205 -232.8838 -333.1633 -464.5031 -568.1301 -653.7546 -843.9327 -1355.5728 -2113.772 -2765.6597 -3034.6353 -3079.5527 -3120.3142 -3189.1047 -3277.0527 -3365.011 -3451.217 -3537.9783 -3622.6826 -3730.3591 -3863.9497 -3998.8252 -4120.9072 -4215.1479 -4272.1914 -4294.6665 -4321.6914 -4363.3081 -4389.6074 -4408.7095 -4426.5557 -4460.8628 -4507.6533 -4555.3989 -4586.7217 -4617.5752 -4678.9653 -4726.9785 -4753.8169 -4776.3442 -4736.188 -4678.4937 -4694.5479 -4767.0908 -4817.7983 -4873.166 -4978.6089 -5045.2061 -5083.4424 -5098.9668 -5127.2847
-11.4604 -15.7443 -20.5855 -25.1232 -28.3267 -29.4275 -30.4726 -32.7757 -35.1425 -36.9303 -40.5535 -48.7631 -67.1085 -113.3682 -176.6829 -237.5684 -345.5204 -454.1225 -545.5381 -625.9055 -740.3012 -1090.1794 -1760.3348 -2534.2954 -2937.5596 -3084.7771 -3127.1931 -3179.8125 -3260.509 -3350.9177 -3433.8789 -3519.2683 -3596.8018 -3672.22 -3764.3875 -3872.7144 -3996.7021 -4129.0371 -4249.9639 -4345.686 -4393.4141 -4410.4272 -4442.5244 -4476.6685 -4486.2129 -4479.7104 -4494.8872 -4529.2793 -4576.6704 -4635.9639 -4678.9956 -4720.0737 -4801.5225 -4882.853 -4876.3384 -4764.123 -4728.9175 -4792.5 -4878.1851 -4968.853 -5021.9438 -5079.459 -5120.8594 -5142.5024 -5164.7593 -5203.9478
-17.0853 -16.2563 -18.0895 -22.105 -26.8457 -30.2022 -31.8499 -34.0467 -36.3667 -38.8224 -48.7449 -81.3811 -132.5258 -187.8831 -253.4439 -342.5508 -457.5975 -529.3347 -597.9667 -687.6193 -913.5066 -1428.1045 -2158.9121 -2763.595 -2999.0095 -3122.3335 -3163.0955 -3235.4136 -3331.6497 -3422.2893 -3506 -3588.594 -3660.3098 -3734.1404 -3823.6296 -3916.8494 -4014.4717 -4120.4302 -4247.8491 -4358.2803 -4430.3687 -4475.7188 -4507.7393 -4535.3628 -4549.7988 -4539.438 -4539.2744 -4568.1821 -4606.9512 -4660.8721 -4717.6309 -4769.1714 -4874.6011 -4958.105 -4876.2212 -4797.8306 -4828.728 -4901.3496 -4978.9316 -5054.0337 -5105.624 -5153.0454 -5182.6636 -5193.7183 -5210.9141 -5250.7866
-25.0469 -23.663 -21.2745 -20.7466 -24.2454 -29.0284 -33.1004 -37.1811 -40.5016 -49.0555 -82.0961 -140.6443 -193.7372 -258.812 -355.9868 -451.3818 -528.5494 -594.5855 -660.7141 -790.8754 -1143.921 -1774.6742 -2490.2971 -2877.1904 -3047.925 -3164.7422 -3210.6885 -3300.022 -3399.9592 -3486.2434 -3571.8894 -3652.9609 -3722.2859 -3800.8823 -3889.1011 -3976.9087 -4063.0183 -4153.4531 -4252.6992 -4352.4214 -4433.96 -4505.73 -4557.9058 -4584.7388 -4599.3389 -4597.9546 -4589.2954 -4616.9316 -4660.377 -4711.084 -4768.4663 -4830.998 -4948.7437 -4991.8398 -4895.479 -4867.1152 -4920.3608 -4990.377 -5060.0674 -5106.1226 -5153.2168 -5202.543 -5226.7944 -5237.8232 -5249.0527 -5278.6196
-28.7002 -28.2832 -26.5368 -24.7507 -25.0284 -28.2005 -34.3666 -43.3582 -59.4873 -94.0951 -150.9502 -208.0851 -262.483 -354.6225 -448.3238 -518.5047 -583.71 -654.9037 -739.3204 -940.0033 -1414.5886 -2094.0208 -2669.6055 -2931.7068 -3105.3054 -3207.5208 -3275.0862 -3379.5657 -3472.3147 -3545.6799 -3621.5061 -3697.2766 -3774.5132 -3861.6824 -3953.8101 -4039.4939 -4122.8896 -4206.2891 -4286.8286 -4364.8027 -4439.9697 -4516.6196 -4577.1826 -4614.728 -4639.1602 -4651.9712 -4652.0742 -4677.3247 -4723.3838 -4769.4644 -4828.9941 -4892.5522 -5014.8193 -5046.6421 -4966.9917 -4958.8931 -5005.6509 -5062.4497 -5121.4883 -5149.7739 -5183.1265 -5223.9219 -5245.7822 -5257.7021 -5258.6714 -5276.6313
-30.8913 -30.8546 -30.2641 -30.3204 -31.0811 -33.7332 -42.0723 -67.4088 -113.7515 -167.3491 -221.1143 -281.6806 -357.7972 -439.5747 -511.2212 -575.789 -641.4297 -716.2201 -843.2204 -1129.318 -1661.002 -2281.5906 -2738.876 -2963.4631 -3133.3665 -3245.6799 -3335.5811 -3444.1807 -3537.8606 -3614.478 -3672.4507 -3738.075 -3822.386 -3914.9827 -4009.1418 -4097.2031 -4184.6411 -4262.7178 -4332.0645 -4398.9136 -4458.582 -4522.2114 -4583.6216 -4634.1626 -4672.5596 -4700.5493 -4722.1885 -4743.6895 -4784.0796 -4826.7168 -4884.3511 -4958.2598 -5080.5508 -5118.4409 -5055.4141 -5046.1304 -5080.77 -5120.2524 -5162.6084 -5193.002 -5223.4619 -5247.6416 -5254.2056 -5264.6597 -5267.2373 -5273.0161
-33.8889 -35.7928 -38.166 -42.1063 -49.6586 -63.2813 -87.1222 -130.5131 -180.9734 -235.6023 -307.8388 -376.7286 -439.0074 -503.5995 -568.5206 -633.9745 -700.8298 -787.9423 -958.4586 -1327.8674 -1872.9109 -2410.1204 -2772.656 -2987.2336 -3154.2856 -3285.3286 -3397.9648 -3512.8323 -3627.2888 -3700.1455 -3748.6626 -3804.5234 -3880.885 -3967.8254 -4058.2227 -4150.9609 -4240.0317 -4316.6641 -4384.083 -4446.2432 -4495.2085 -4540.7954 -4590.9707 -4649.3711 -4701.7769 -4735.8193 -4768.186 -4801.6143 -4837.4883 -4883.2231 -4946.2075 -5013.4756 -5102.1465 -5168.8701 -5158.0332 -5131.1172 -5134.4258 -5155.6392 -5184.0698 -5214.3257 -5247.5859 -5267.5015 -5269.7036 -5283.2261 -5292.6616 -5294.4614
-44.5548 -55.9384 -68.5722 -84.5518 -108.7216 -141.3821 -181.9328 -219.0152 -252.1276 -322.4029 -406.8799 -464.3545 -509.6769 -564.1329 -625.061 -688.9278 -762.3098 -883.6199 -1115.9088 -1524.4827 -2030.5332 -2500.5151 -2792.9517 -3002.7871 -3176.8997 -3331.8381 -3476.4451 -3606.6074 -3722.0828 -3800.8298 -3854.4219 -3908.9602 -3967.0901 -4036.0071 -4115.3413 -4207.7651 -4295.1089 -4372.21 -4444.0601 -4507.2935 -4553.2021 -4584.3501 -4621.0317 -4673.8472 -4727.3506 -4764.2329 -4806.9834 -4852.5449 -4896.6704 -4948.5415 -5009.687 -5053.2407 -5111.1489 -5183.7549 -5213.7178 -5206.3423 -5196.2017 -5193.5806 -5202.1763 -5227.0933 -5254.1162 -5274.8994 -5291.3486 -5306.1489 -5318.0996 -5326.584
-80.9876 -106.8806 -133.7548 -164.4999 -196.9278 -229.8354 -262.9936 -286.9538 -314.4646 -385.0888 -456.1254 -519.2792 -572.988 -624.5613 -677.9876 -742.3754 -832.0922 -1007.9691 -1308.4478 -1704.8102 -2144.7021 -2562.1533 -2791.5791 -3006.6318 -3181.0637 -3341.1528 -3489.0222 -3628.1006 -3737.8645 -3843.7449 -3928.4387 -4013.3247 -4075.1294 -4125.5273 -4168.2285 -4273.1763 -4360.7036 -4434.4487 -4503.1479 -4568.6572 -4613.3984 -4634.8208 -4661.7793 -4706.4438 -4754.5186 -4789.6958 -4839.4531 -4897.418 -4950.8452 -5004.3228 -5055.6929 -5086.481 -5119.4141 -5175.3291 -5219.793 -5237.9385 -5242.6978 -5239.478 -5239.7432 -5252.2622 -5266.1421 -5285.2046 -5305.6294 -5320.4434 -5330.3496 -5342.1533
-137.8697 -169.415 -200.8931 -229.2143 -252.0459 -275.0899 -303.8667 -333.8679 -365.3961 -434.7603 -505.4636 -564.7859 -626.3773 -679.0789 -729.938 -796.8127 -919.4507 -1178.6198 -1495.2091 -1829.8866 -2219.262 -2574.2183 -2782.4136 -3009.8188 -3178.3733 -3311.6926 -3447.825 -3587.2124 -3719.9163 -3834.0305 -3926.321 -4046.1763 -4149.4614 -4201.9404 -4235.4282 -4353.2046 -4435.3838 -4498.5405 -4558.8799 -4621.8799 -4664.3633 -4683.8184 -4704.8174 -4740.8428 -4781.9365 -4818.8418 -4865.7959 -4928.269 -4986.1919 -5034.3218 -5080.7573 -5115.4468 -5139.7988 -5171.5874 -5205.4839 -5224.9023 -5250.9419 -5271.0825 -5281.3223 -5286.0537 -5288.9717 -5298.249 -5311.5278 -5319.2871 -5330.3945 -5345.187
-189.0816 -218.6868 -248.5471 -268.3646 -287.0473 -314.1296 -348.2946 -382.9875 -427.819 -496.7086 -562.4764 -619.6331 -674.4511 -727.5488 -787.8109 -874.0735 -1049.2777 -1371.7837 -1669.729 -1928.0874 -2251.9392 -2556.0652 -2786.262 -3023.3621 -3201.8264 -3309.8547 -3436.8262 -3570.9805 -3708.7185 -3823.0168 -3925.8904 -4060.4846 -4176.7271 -4254.7266 -4324.3784 -4426.8472 -4498.8394 -4555.8423 -4608.6523 -4655.4048 -4680.7939 -4718.6367 -4762.896 -4788.3105 -4819.7329 -4847.6372 -4882.6899 -4945.5537 -5008.1465 -5059.7861 -5105.4111 -5136.9951 -5162.6484 -5185.4917 -5193.9106 -5206.5225 -5249.8271 -5282.7188 -5302.2227 -5314.0479 -5318.8247 -5323.8184 -5327.8101 -5336.2217 -5339.3613 -5343.6411
-239.4492 -261.1575 -285.7278 -307.079 -332.5273 -366.7083 -403.3834 -442.6761 -495.9964 -557.1458 -615.8926 -670.6802 -722.3418 -778.741 -856.0362 -980.3084 -1232.1208 -1572.2168 -1821.0865 -2013.0123 -2256.248 -2527.2175 -2777.4714 -3010.1609 -3215.9136 -3331.8718 -3446.9219 -3583.2058 -3720.908 -3834.76 -3944.4805 -4067.9475 -4178.3789 -4286.9917 -4373.8584 -4455.3267 -4528.0806 -4596.0869 -4640.4355 -4674.9619 -4701.272 -4749.7754 -4808.8794 -4840.1064 -4870.2368 -4890.4546 -4910.4277 -4959.9971 -5022.0688 -5084.9917 -5131.5229 -5155.2427 -5179.3618 -5205.1421 -5215.8652 -5229.3188 -5261.3032 -5282.4458 -5303.6582 -5326.9644 -5338.8779 -5346.5508 -5344.3369 -5357.1235 -5360.6694 -5355.6191
-277.3835 -299.2095 -329.8745 -361.8729 -390.8665 -424.1308 -460.2693 -506.3728 -558.8306 -613.6002 -667.6725 -716.5042 -769.3105 -831.1537 -926.4006 -1092.3792 -1425.5559 -1772.3954 -1969.4368 -2091.8792 -2255.1267 -2495.0088 -2761.8523 -2994.6702 -3205.1316 -3349.27 -3458.9226 -3591.2659 -3733.2646 -3867.3726 -3972.655 -4065.5164 -4174.4951 -4290.4727 -4391.8032 -4463.4839 -4520.1465 -4581.3223 -4644.6689 -4691.7251 -4737.8203 -4780.5303 -4815.7148 -4850.5347 -4900.0078 -4939.0938 -4956.4263 -4983.8096 -5035.7012 -5096.627 -5142.0796 -5173.1763 -5198.6914 -5221.9468 -5242.374 -5257.0454 -5261.98 -5276.7671 -5305.123 -5327.417 -5337.9746 -5348.9478 -5355.0713 -5363.5029 -5367.4434 -5367.7212
-306.469 -333.3892 -370.178 -407.9753 -438.8647 -472.1918 -517.8665 -571.8266 -618.9543 -667.0499 -717.5972 -763.8849 -822.4902 -896.1552 -1020.3776 -1267.8027 -1630.7762 -1948.5228 -2106.0244 -2163.9456 -2277.5723 -2480.8848 -2749.1736 -2984.405 -3176.1064 -3342.0725 -3458.9268 -3582.9021 -3733.9727 -3879.332 -3986.4978 -4067.8579 -4202.1802 -4307.7061 -4388.1167 -4460.8315 -4509.4312 -4564.125 -4648.7251 -4696.0508 -4735.5405 -4787.2485 -4831.9229 -4858.6074 -4925.9961 -4977.2681 -5000.9829 -5019.8745 -5049.3936 -5093.2144 -5143.314 -5186.7964 -5218.022 -5237.7017 -5255.918 -5274.9771 -5274.1328 -5281.1699 -5303.7124 -5324.0117 -5336.229 -5351.2778 -5369.4448 -5371.9053 -5378.9731 -5375.8701
-346.2691 -372.9225 -405.9297 -444.406 -487.7545 -540.7176 -598.7599 -647.3778 -685.52 -725.6528 -768.9387 -816.5062 -887.3967 -987.9626 -1187.8032 -1544.6417 -1886.1041 -2107.9939 -2190.5242 -2214.4475 -2308.8774 -2475.3718 -2720.3562 -2943.4629 -3160.2817 -3326.832 -3431.978 -3553.1211 -3700.5042 -3860.3713 -3993.3567 -4100.2148 -4275.8091 -4358.0146 -4381.4956 -4435.6006 -4497.144 -4572.2417 -4645.5313 -4700.0034 -4765.9854 -4803.666 -4844.5771 -4889.5649 -4954.437 -5006.4204 -5039.6411 -5068.0879 -5086.8721 -5115.7217 -5158.5186 -5193.9219 -5228.5938 -5251.9658 -5269.6313 -5287.8296 -5296.0088 -5295.21 -5305.8618 -5324.4331 -5339.0493 -5354.0771 -5369.4614 -5370.1016 -5378.2773 -5378.4233
-393.5118 -421.1911 -457.1161 -499.8851 -550.8591 -610.3043 -665.277 -711.5411 -749.4704 -783.691 -821.9641 -876.5065 -968.8983 -1137.0778 -1453.6486 -1863.6683 -2121.2783 -2230.1033 -2255.5752 -2261.6724 -2327.563 -2470.1013 -2667.6155 -2881.9473 -3121.2393 -3307.5171 -3407.3059 -3526.155 -3671.0762 -3841.2573 -3984.3704 -4121.1841 -4270.7729 -4340.5303 -4369.5718 -4426.4727 -4488.6274 -4563.2432 -4623.4331 -4685.3535 -4773.0679 -4810.3481 -4846.1641 -4906.4844 -4964.5381 -5019.1479 -5065.3672 -5104.0371 -5126.2925 -5145.8672 -5171.4136 -5198.4644 -5233.7607 -5261.8569 -5282.73 -5296.8086 -5306.3188 -5311.3701 -5317.0796 -5327.0303 -5343.2881 -5357.5405 -5366.416 -5366.1548 -5368.0386 -5377.3618
-452.8458 -486.8304 -516.3762 -557.5707 -598.162 -645.1915 -706.5973 -760.3664 -799.2656 -834.619 -879.1079 -950.5959 -1094.7424 -1395.886 -1802.7933 -2117.0505 -2249.3105 -2299.3682 -2327.4888 -2333.2351 -2354.0686 -2445.9358 -2603.4426 -2797.7402 -2992.572 -3249.0552 -3396.8677 -3521.8452 -3672.395 -3831.3215 -3975.9883 -4101.6548 -4247.436 -4314.127 -4373.8369 -4453.2876 -4514.8062 -4587.665 -4646.7046 -4682.8525 -4750.1357 -4811.7534 -4866.3521 -4930.3252 -4987.4565 -5028.6196 -5079.7051 -5122.8418 -5143.29 -5167.501 -5190.0679 -5212.3433 -5257.5117 -5280.0645 -5288.7476 -5307.4175 -5316.7588 -5323.8696 -5334.6953 -5339.8115 -5347.2974 -5358.8696 -5366.3926 -5369.7529 -5374.0762 -5371.5088
-515.3044 -532.3475 -562.8354 -601.4367 -645.7235 -701.0609 -759.4454 -799.2993 -841.2068 -880.8847 -937.8044 -1063.915 -1280.7498 -1699.1688 -2083.0808 -2261.9417 -2326.1343 -2369.7305 -2405.738 -2419.9775 -2424.3904 -2451.0366 -2537.6462 -2680.0498 -2856.595 -3125.176 -3307.4973 -3469.3 -3663.4961 -3800.355 -3957.5386 -4048.5723 -4189.3398 -4255.8286 -4361.4443 -4496.769 -4557.5991 -4613.7764 -4668.5752 -4703.7627 -4762.6646 -4828.5313 -4879.5791 -4930.9561 -5002.9819 -5046.0098 -5094.7461 -5137.7896 -5158.2383 -5190.4658 -5187.2886 -5182.458 -5254.7827 -5297.6255 -5297.4482 -5311.4854 -5316.6509 -5324.1719 -5339.6748 -5350.7588 -5349.583 -5353.666 -5362.3472 -5372.6426 -5373.3701 -5373.7539
-566.9071 -587.9534 -617.7835 -645.0842 -686.0758 -744.1356 -801.4073 -834.8168 -883.5059 -931.962 -1013.248 -1243.4048 -1580.6812 -1965.6597 -2230.4817 -2342.043 -2385.8452 -2440.7678 -2488.7095 -2502.3232 -2508.3896 -2509.7058 -2519.3694 -2592.7104 -2732.8145 -2937.8923 -3111.0928 -3296.5647 -3520.1814 -3651.1226 -3823.9751 -3960.0352 -4097.6631 -4193.5171 -4327.8579 -4482.1089 -4588.5166 -4667.7612 -4707.3691 -4735.9712 -4783.251 -4848.3486 -4906.6094 -4950.4844 -5013.9893 -5060.6802 -5098.2046 -5134.1831 -5161.7744 -5214.6084 -5209.7075 -5209.9287 -5279.7061 -5300.3081 -5299.27 -5314.7515 -5322.9341 -5333.2939 -5339.3247 -5347.1489 -5344.6597 -5346.0854 -5361.2769 -5377.3633 -5376.5645 -5381.1348
-635.0661 -642.4943 -653.9823 -694.3668 -743.6353 -782.4253 -817.0525 -856.672 -928.663 -986.6953 -1099.4344 -1451.8682 -1919.2135 -2202.8489 -2326.1873 -2410.3506 -2461.8572 -2512.7456 -2551.3606 -2565.4749 -2576.9475 -2590.0088 -2581.335 -2606.7466 -2656.3533 -2764.4873 -2916.0557 -3108.0647 -3276.6624 -3411.8596 -3634.6406 -3864.2239 -4011.4084 -4164.4277 -4291.272 -4435.7319 -4622.9951 -4715.3857 -4738.4375 -4770.6001 -4808.4106 -4862.2354 -4916.1704 -4961.9775 -5027.521 -5083.4194 -5101.9331 -5137.0103 -5168.769 -5218.5903 -5239.6978 -5261.8853 -5295.6221 -5299.3325 -5307.9214 -5324.1406 -5334.5801 -5343.2617 -5346.8071 -5344.5884 -5349.8032 -5365.0029 -5375.8872 -5385.0908 -5388.2476 -5387.5977
-667.5222 -657.2254 -663.2969 -732.2109 -793.4465 -801.0018 -818.313 -882.9153 -980.4655 -1055.951 -1251.9974 -1701.0801 -2143.3689 -2344.4634 -2410.2205 -2469.8586 -2529.5889 -2573.3152 -2598.822 -2619.8396 -2632.998 -2645.3613 -2642.9937 -2655.8606 -2673.6772 -2697.6257 -2780.7729 -2931.5232 -3092.0276 -3266.2625 -3476.4932 -3722.8093 -3890.8098 -4078.5327 -4239.3979 -4384.6709 -4589.0684 -4675.0249 -4750.5205 -4814.417 -4876.1313 -4951.4604 -4972.9829 -4975.8154 -5014.1001 -5058.6836 -5084.9634 -5113.894 -5161.6084 -5217.6006 -5250.9985 -5288.1616 -5292.791 -5289.0879 -5322.5991 -5334.7178 -5339.2012 -5343.6895 -5343.9111 -5350.9043 -5355.3413 -5370.8145 -5365.8369 -5366.2207 -5385.1489 -5386.1777
-665.9126 -661.7426 -677.4195 -713.5912 -761.0685 -801.3023 -842.7083 -925.8414 -1035.193 -1161.719 -1478.5895 -1950.3505 -2287.6382 -2418.5256 -2473.9412 -2523.7295 -2576.3342 -2618.1472 -2642.3274 -2658.2998 -2668.1624 -2671.6924 -2661.9971 -2655.603 -2671.6848 -2691.1389 -2735.2505 -2820.7173 -2942.8708 -3111.1448 -3313.5432 -3534.8984 -3759.4448 -3983.4883 -4163.7314 -4290.5708 -4467.5313 -4610.1206 -4764.6914 -4856.8623 -4937.6929 -4997.7471 -5011.0391 -5021.5674 -5041.9912 -5064.6201 -5096.915 -5125.9014 -5161.4395 -5214.2178 -5255.7837 -5310.6494 -5321.5771 -5290.0425 -5298.5928 -5318.7554 -5338.9395 -5347.3613 -5347.3755 -5354.9961 -5355.4067 -5369.3901 -5353.4336 -5345.3447 -5379.0327 -5391.1606
-646.4673 -668.905 -701.5026 -728.8931 -769.2712 -820.9164 -879.9092 -968.9473 -1092.1139 -1304.5499 -1727.6299 -2153.6619 -2375.4272 -2452.2285 -2522.1333 -2571.248 -2611.9167 -2652.2207 -2679.937 -2690.1875 -2694.3438 -2689.7981 -2677.7227 -2694.095 -2731.3003 -2787.7585 -2822.7898 -2854.6924 -2892.3328 -2983.968 -3152.6138 -3321.0347 -3618.062 -3864.0823 -4060.9048 -4195.5361 -4373.1807 -4553.1396 -4737.853 -4862.4614 -4949.8496 -4989.6094 -5018.4238 -5050.5698 -5076.8276 -5093.814 -5111.3066 -5117.54 -5139.6934 -5184.2813 -5219.1919 -5252.6958 -5267.4858 -5286.3813 -5318.9912 -5335.6523 -5346.6694 -5352.2124 -5356.9248 -5359.3311 -5365.7285 -5375.9829 -5374.4634 -5374.0845 -5386.9414 -5395.3696
-651.7584 -697.8654 -738.4461 -767.1896 -806.8237 -864.3253 -928.8924 -1017.58 -1180.0853 -1498.1045 -1952.2462 -2292.5376 -2444.0444 -2507.1985 -2570.759 -2617.9148 -2653.6074 -2688.1606 -2709.0032 -2714.6426 -2716.1733 -2722.7019 -2770.6831 -2830.0115 -2890.8406 -2960.208 -2979.0417 -2976.282 -2971.9014 -2982.7007 -3054.2935 -3199.6851 -3450.2295 -3697.8792 -3953.0068 -4107.5576 -4287.7139 -4464.2441 -4663.9702 -4842.9756 -4957.6323 -4997.1616 -5028.2246 -5061.4585 -5092.3594 -5115.7246 -5133.2241 -5135.6362 -5144.7563 -5168.644 -5187.9658 -5214.0674 -5238.6191 -5305.229 -5361.502 -5360.6011 -5354.2764 -5356.6094 -5362.7104 -5369.0283 -5376.7773 -5377.5054 -5367.5049 -5361.4795 -5373.9419 -5394.8452
-690.6038 -728.4152 -755.0167 -787.0092 -842.9288 -910.0905 -969.0482 -1067.5319 -1293.6284 -1697.1273 -2129.7268 -2384.6484 -2492.9324 -2559.6575 -2611.696 -2659.3953 -2698.0654 -2721.0762 -2724.5403 -2740.7529 -2777.0728 -2835.1436 -2922.5466 -2992.3154 -3045.4453 -3074.1685 -3066.3381 -3063.9604 -3051.3484 -3032.7642 -3022.3669 -3111.6912 -3306.2332 -3546.469 -3823.854 -4010.9001 -4207.3384 -4384.0742 -4575.3896 -4772.5166 -4929.9463 -5010.061 -5040.4849 -5066.3784 -5093.6968 -5124.6299 -5149.6221 -5167.2837 -5179.1167 -5191.5791 -5216.3877 -5253.0605 -5279.71 -5315.5073 -5350.9541 -5356.0981 -5350.2959 -5356.9404 -5365.5513 -5374.2412 -5382.1831 -5383.9746 -5366.1528 -5358.3599 -5392.9536 -5405.9688
-724.0685 -751.4067 -769.4265 -808.5945 -869.0532 -936.3996 -1000.6557 -1125.9456 -1426.8251 -1886.5215 -2267.1699 -2448.3545 -2533.7949 -2593.5579 -2619.2815 -2680.4275 -2730.7283 -2746.2993 -2751.1902 -2797.4844 -2895.7185 -2992.3325 -3075.3198 -3111.9602 -3118.5315 -3119.1787 -3117.2683 -3120.4231 -3090.9768 -3071.6174 -3042.2712 -3046.989 -3194.3245 -3391.6235 -3629.5344 -3872.1543 -4096.4829 -4281.3604 -4466.2607 -4665.355 -4858.4043 -4991.5078 -5052.2446 -5070.8667 -5086.4424 -5118.3984 -5152.6162 -5181.3159 -5204.8809 -5212.0879 -5192.2788 -5218.813 -5298.8169 -5331.396 -5342.9072 -5373.6816 -5373.8848 -5360.644 -5354.3149 -5367.416 -5384.7842 -5392.8076 -5388.7114 -5410.9102 -5478.0781 -5433.5488
-761.0308 -781.2853 -795.2016 -830.5005 -885.062 -952.8625 -1027.5381 -1202.0414 -1569.1611 -2038.9326 -2356.2361 -2498.3379 -2587.554 -2654.2849 -2687.9873 -2721.1262 -2756.6208 -2794.2351 -2850.6367 -2917.8523 -3041.5388 -3122.9656 -3151.9661 -3152.585 -3156.8516 -3154.3838 -3165.6943 -3166.7288 -3125.9063 -3098.6257 -3061.1563 -3030.4785 -3090.592 -3267.7473 -3470.0957 -3707.5408 -3960.7954 -4167.1836 -4348.3882 -4542.9756 -4743.9722 -4919.6177 -5037.7559 -5078.6318 -5084.147 -5105.5688 -5141.8843 -5177.9326 -5208.9414 -5227.8433 -5203.0439 -5218.0449 -5305.2168 -5320.082 -5310.2729 -5366.1968 -5373.4404 -5363.7275 -5357.9902 -5367.7891 -5386.624 -5397.3389 -5395.7852 -5419.854 -5469.8638 -5422.6694
-799.9224 -823.3344 -827.1327 -853.296 -905.3924 -975.075 -1069.8469 -1292.58 -1694.3188 -2134.7983 -2390.699 -2518.2642 -2616.1279 -2691.0256 -2744.9355 -2769.5864 -2811.8254 -2892.8533 -2997.2766 -3086.575 -3141.1384 -3172.1304 -3175.1169 -3193.4128 -3201.0938 -3181.7034 -3175.8696 -3169.7759 -3162.689 -3148.7083 -3127.6672 -3112.6936 -3118.2085 -3183.468 -3327.3909 -3551.2744 -3803.876 -4044.939 -4239.812 -4422.7515 -4616.7148 -4820.1899 -4984.9961 -5072.8164 -5089.9199 -5097.6812 -5126.0044 -5163.5894 -5198.3481 -5228.9023 -5249.3135 -5262.4961 -5296.3472 -5341.9453 -5343.3628 -5334.96 -5322.1504 -5341.0977 -5359.3652 -5371.2266 -5378.1748 -5395.8267 -5402.4741 -5408.8706 -5419.5552 -5406.8267
