Resources/Map/Lvl0_30x30/Ele_FD.asc
ncols         335
nrows         335
xllcorner     -9995000
yllcorner     -10075000
cellsize      10000
nodata_value  -99999.0
[rows 81 to 107 of 335, columns 183 to 243 of 335]
-467.5315 -477.6496 -483.2502 -479.9984 -477.592 -479.7415 -469.2409 -444.6135 -414.5385 -386.7892 -362.5992 -347.9933 -344.6538 -348.4138 -355.6045 -364.7192 -375.2908 -385.9626 -396.9342 -408.6651 -416.4332 -427.5578 -442.5082 -468.4716 -495.2379 -533.6176 -589.5597 -669.1467 -747.1108 -775.3281 -763.7144 -785.9594 -723.8143 -660.7479 -592.7324 -513.4033 -501.8673 -535.9208 -513.8265 -410.5159 -302.2418 -250.7547 -240.2319 -247.9457 -218.0592 -152.7082 -95.6604 -67.4718 -52.2784 155.0024 223.3969 95.9198 337.752 159.9503 -29.3967 304.513 -263.3964 -376.6993 -527.5135 -630.7397 -563.9753
-420.4734 -432.8645 -438.2147 -438.3189 -442.1636 -452.9525 -463.5258 -462.475 -448.0376 -424.4019 -381.7477 -337.9841 -323.3395 -325.2202 -328.7442 -331.4019 -337.1581 -343.8011 -351.9885 -359.6687 -369.8607 -388.117 -400.09 -413.8615 -446.9619 -488.9111 -531.2979 -610.6284 -732.6669 -781.1479 -787.2275 -819.0963 -779.9355 -693.673 -650.0278 -620.3028 -628.5493 -656.7455 -605.3129 -465.8884 -389.1048 -332.8311 -253.2854 -222.5562 -189.7521 -160.2684 -143.0522 -108.7069 -77.9938 -96.5944 -112.2205 -75.0552 -116.0408 -202.2573 -203.1712 -255.5786 -430.4189 -623.05 -721.9854 -683.6999 -509.2036
-377.4319 -382.7912 -389.928 -384.7305 -383.082 -403.0469 -426.8831 -433.2633 -422.8802 -396.4701 -340.96 -312.8544 -307.8191 -309.8871 -309.3922 -307.2404 -307.7702 -315.4189 -317.3245 -320.7224 -331.9526 -345.3326 -354.1461 -367.7285 -405.7843 -449.0579 -469.8578 -535.2658 -620.1435 -743.9589 -808.1478 -833.9285 -858.5779 -833.1818 -730.3276 -691.1292 -684.6215 -659.7468 -632.0125 -545.2408 -411.8283 -312.6213 -284.4931 -273.7032 -219.7386 -188.5876 -192.8385 -160.8061 -140.2302 -153.7874 -157.7381 -112.7675 -151.604 -240.6146 -347.246 -581.9944 -715.9299 -713.2762 -566.7683 -412.0764 -306.3515
-392.4129 -383.7405 -378.3792 -375.5238 -370.5547 -379.6961 -396.9051 -402.6109 -402.7595 -397.6492 -371.3329 -357.6842 -354.0699 -353.0605 -349.5759 -340.4626 -338.5866 -336.7602 -326.1672 -324.2882 -334.3766 -348.0161 -357.9102 -370.8928 -400.7715 -413.5708 -392.2693 -417.2213 -521.1249 -615.5626 -732.6386 -809.8626 -841.6327 -852.812 -800.7319 -774.5586 -741.87 -665.1058 -592.5268 -588.6851 -578.4095 -542.5098 -561.8387 -576.1902 -487.1819 -330.1909 -172.4964 -94.2634 -104.4883 -129.5068 -133.6334 -172.7729 -296.0529 -449.2611 -548.5803 -605.4149 -569.7471 -513.3626 -344.777 -219.0227 -204.3357
-372.0238 -368.9969 -364.2849 -358.8385 -342.8165 -344.3653 -363.224 -373.5139 -379.3966 -393.7542 -408.9916 -424.3733 -442.5086 -459.1454 -463.4433 -455.7568 -445.7842 -435.0536 -416.5575 -396.8705 -390.0914 -407.7879 -448.9464 -471.7681 -489.1079 -483.9879 -442.9637 -359.7427 -377.7525 -546.0002 -731.2765 -825.7622 -854.5629 -828.8118 -754.0864 -742.425 -750.6811 -696.3399 -577.6988 -494.3706 -508.3185 -584.8578 -616.7286 -564.215 -517.902 -412.0074 -225.3828 -105.6812 -64.2243 -83.307 -135.8101 -225.4791 -279.8688 -266.0846 -289.2584 -390.5625 -460.1815 -476.0408 -408.7063 -341.627 -299.0473
-360.6743 -352.8257 -346.4326 -337.2114 -312.3261 -299.2959 -313.9239 -329.1323 -342.0753 -359.6934 -368.505 -380.5877 -400.9495 -438.1339 -471.0131 -475.5186 -447.9286 -435.4333 -443.1769 -414.7744 -428.6668 -487.9867 -599.6429 -637.4485 -592.1669 -570.6866 -576.9413 -612.9261 -647.6041 -734.8279 -794.6196 -823.4202 -851.257 -833.0266 -690.0339 -661.1008 -725.7009 -761.295 -702.0961 -602.3256 -486.4606 -398.4406 -412.2481 -463.0623 -419.5894 -352.0124 -334.1609 -262.6981 -159.1072 -121.0281 -181.6403 -263.1338 -310.9635 -356.2338 -385.3035 -387.6813 -399.9093 -465.81 -476.2516 -427.7615 -374.5272
-390.2682 -364.8102 -347.9106 -341.5132 -339.7246 -340.3512 -350.6238 -368.321 -397.5183 -434.0666 -465.7495 -454.057 -406.0999 -380.1521 -360.6317 -321.7133 -256.1516 -234.0644 -285.4854 -358.7527 -506.4813 -623.7662 -749.37 -754.8552 -572.4688 -497.1853 -527.0221 -619.4186 -721.3391 -772.1385 -729.0122 -763.7471 -835.4006 -849.3014 -741.1061 -677.9304 -760.3411 -762.5555 -643.4543 -581.6354 -603.6336 -616.6121 -608.7964 -532.5648 -439.8371 -426.0833 -490.2121 -470.7457 -326.8796 -279.874 -387.2063 -443.1326 -441.7772 -465.1239 -463.6981 -459.7191 -412.2149 -371.938 -376.6476 -399.0622 -295.6736
-428.3702 -403.5186 -389.1714 -385.3994 -400.7763 -428.2116 -454.2333 -467.5291 -469.696 -460.0451 -472.1065 -465.9471 -403.2441 -344.5469 -324.2126 -279.9583 -199.2453 -156.186 -182.248 -313.7807 -592.7454 -717.2862 -720.4515 -628.5233 -433.261 -378.9835 -450.9033 -570.9316 -694.423 -722.4238 -642.0114 -633.9216 -723.6132 -767.8333 -787.9747 -810.0804 -872.0575 -768.1122 -514.8083 -409.4883 -385.96 -417.3461 -470.3853 -459.101 -498.221 -533.7841 -548.7045 -475.0664 -260.4298 -231.1269 -358.4637 -448.3561 -476.3839 -443.3162 -352.5779 -377.5895 -385.5651 -346.9192 -406.0509 -500.8694 -428.8964
-496.092 -477.6548 -462.5625 -444.5692 -448.2354 -476.7069 -516.9923 -535.2354 -504.9823 -455.1063 -421.6584 -402.4443 -384.2003 -353.4323 -362.5537 -369.0223 -287.3037 -201.0136 -215.5389 -339.5831 -584.1156 -614.0252 -491.8286 -371.7499 -295.2005 -305.7748 -400.99 -532.587 -707.6117 -742.3878 -662.8534 -557.3237 -516.6008 -523.2484 -649.9062 -833.4032 -1012.8505 -791.3727 -433.9451 -332.6032 -327.8696 -403.0074 -402.038 -294.5351 -269.2901 -260.0402 -328.71 -349.4791 -225.6423 -239.9375 -367.7263 -488.8032 -563.3413 -538.752 -450.1249 -389.9196 -379.8288 -418.506 -493.8287 -517.4536 -435.1351
-556.0728 -542.578 -533.9523 -515.1193 -496.7794 -488.1802 -505.6095 -551.3745 -581.7049 -600.1671 -568.9155 -452.4288 -414.3884 -420.718 -362.9247 -377.3156 -426.935 -360.6476 -308.0406 -301.4961 -450.8128 -443.9768 -330.3258 -245.8616 -225.8 -254.6449 -295.9936 -387.9369 -594.3881 -699.8382 -611.5272 -491.1132 -427.4375 -370.6047 -429.9381 -791.8379 -1167.8601 -980.0495 -612.5465 -470.3604 -441.2212 -457.9139 -465.289 -364.6042 -280.9142 -283.7756 -261.2871 -238.2643 -229.9417 -286.9198 -413.7938 -500.7022 -543.9979 -549.2482 -562.6661 -533.3354 -460.6492 -429.0971 -446.4295 -446.0133 -343.4907
-572.7753 -641.6213 -657.7416 -611.2532 -502.5301 -410.8432 -389.7534 -446.6865 -514.4871 -533.5924 -547.868 -500.157 -446.5554 -408.3782 -326.9004 -308.4706 -434.0623 -482.7647 -367.0457 -242.2812 -311.1486 -401.6762 -392.4729 -251.6016 -210.7659 -204.8537 -191.6573 -269.0185 -397.3582 -478.8687 -425.9371 -360.8895 -343.3476 -360.3408 -363.4408 -714.5745 -1243.77 -1127.7834 -805.7083 -618.4081 -465.5956 -375.0979 -369.1069 -328.808 -262.6443 -244.9473 -203.137 -149.5671 -161.558 -235.0679 -309.9924 -356.0182 -384.3936 -394.1539 -415.2383 -399.062 -347.3097 -302.5827 -286.5003 -316.3267 -318.8445
-505.6909 -662.6185 -739.1041 -748.8063 -643.1208 -488.9334 -366.284 -306.4101 -332.7184 -318.1525 -331.3104 -411.2803 -445.0969 -412.0509 -349.0617 -325.5479 -340.3603 -374.7409 -360.7145 -268.4691 -283.1596 -411.6284 -422.5773 -249.8886 -246.8885 -267.6134 -212.266 -216.6622 -271.4999 -307.8328 -286.4954 -263.0558 -277.0522 -315.6651 -340.1212 -639.6911 -1268.6907 -1250.0331 -917.3607 -699.1179 -562.0135 -463.2589 -411.139 -338.6321 -276.8365 -236.5682 -200.5708 -205.3808 -238.3587 -256.8903 -277.0002 -317.6096 -356.1149 -359.4018 -354.2656 -373.9448 -387.5935 -334.8275 -303.8935 -347.0315 -345.3222
-492.9187 -607.0367 -718.4017 -871.4158 -931.9576 -836.4496 -598.9446 -363.1511 -238.1233 -179.9493 -180.2557 -237.605 -257.1535 -249.9964 -237.8232 -223.2657 -191.335 -220.6679 -337.5274 -322.6817 -318.9907 -299.1079 -280.496 -180.4922 -175.2662 -215.6708 -166.0567 -101.649 101.5474 56.766 46.9669 135.1299 187.6709 2.4041 -234.0288 -484.8555 -1133.8367 -1298.2622 -986.9896 -699.8641 -586.392 -532.5756 -477.1653 -373.1 -279.151 -245.0842 -244.1389 -294.3856 -326.2884 -288.1093 -263.438 -287.2554 -315.1399 -324.3228 -328.2575 -335.9597 -364.743 -380.749 -384.8531 -375.4461 -330.4841
-546.5621 -539.5542 -737.6755 -896.5728 -913.699 -1063.8767 -1033.5956 -859.1674 -628.9143 -400.8759 -244.3883 -187.8395 -196.4737 -203.605 -175.0574 -156.051 -141.6822 -125.0933 -133.6611 90.2454 265.2034 349.6021 333.9093 328.8565 332.3473 533.1749 770.2144 511.4399 365.9877 372.6513 363.847 371.7754 462.8586 405.1974 359.6705 193.0671 -763.7889 -1137.8026 -970.3244 -751.7376 -701.1602 -639.3416 -502.9378 -356.6991 -245.6666 -219.6527 -243.8366 -327.5119 -402.6513 -402.3537 -391.1137 -395.4688 -415.2699 -431.2442 -461.0849 -460.8251 -463.0102 -473.6978 -441.9105 -371.6926 -278.7208
-480.8663 -492.3993 -684.9122 -589.6509 -461.0769 -793.6298 -1103.2875 -1162.0316 -1010.6989 -732.7899 -429.6984 -252.6069 -165.1219 -125.7865 -91.1189 211.5611 320.2698 332.5524 374.432 437.8997 507.1135 605.7642 624.7112 665.7374 701.7261 820.0839 936.0817 1446.3588 1294.2245 761.1093 481.9831 382.0085 316.0082 351.0858 434.1231 219.2688 -413.7267 -713.3067 -743.0208 -715.2759 -788.3371 -805.604 -660.3564 -460.6272 -313.8213 -259.1615 -270.5656 -329.6406 -403.6566 -432.5857 -426.1404 -429.0899 -515.23 -592.9285 -583.1824 -509.1212 -442.9008 -409.8789 -408.191 -421.1985 -407.5589
-231.9646 -298.3104 -448.9716 -392.066 -312.2146 -468.8235 -631.1374 -692.7186 -697.5453 -574.793 -389.5047 -256.8094 -140.9193 171.426 318.303 361.0176 414.1331 565.2191 642.2896 630.9449 741.8701 790.3636 799.9575 990.4163 1292.6716 1488.6096 2363.8308 2637.1377 2637.1875 1408.4093 457.9523 307.8576 215.1191 133.9313 102.12 51.3252 84.4133 -378.0453 -513.1315 -630.4544 -790.3022 -862.5175 -826.4726 -649.5524 -455.2751 -318.5108 -290.6752 -323.7343 -354.0395 -369.1675 -369.0165 -370.0775 -428.9994 -482.6913 -437.512 -359.1151 -315.7822 -316.186 -361.5111 -440.3197 -512.6882
-175.0097 -187.8127 -262.9158 -293.7671 -274.2254 -328.4395 -308.9688 -256.3275 -259.0098 -244.8915 -228.5413 -236.501 -221.2168 -163.3428 288.6111 473.5761 621.207 1082.6632 887.6791 977.4648 971.3718 1042.7581 935.1893 894.0224 938.4138 1374.6306 1434.9392 2633.2358 2197.4802 1056.7495 550.9326 680.0573 932.7532 865.6818 1422.3333 1397.9573 233.7647 -299.7523 -486.4066 -646.7205 -862.1137 -846.1684 -834.1733 -827.0261 -704.8606 -540.8115 -461.6927 -448.6973 -448.4661 -420.2521 -376.4233 -353.8681 -341.0974 -325.3969 -307.9647 -297.6821 -297.1793 -322.8806 -375.749 -430.7045 -463.5128
-448.6744 -353.0508 -255.1525 -199.0778 -199.0142 -211.9061 -169.7265 -137.2977 -131.1581 -147.1669 -178.4323 -295.7713 -375.8502 -238.6018 183.1221 1033.2559 999.7523 1219.2998 1061.387 1003.0728 1070.3406 891.6616 1152.8918 1051.6802 899.3059 877.1043 1242.09 1280.2051 2346.1721 2402.6333 1452.2606 1131.0536 1299.6847 896.4247 298.1155 117.6354 1.4506 -316.4478 -377.4661 -440.5318 -680.4639 -717.244 -733.1563 -857.626 -890.133 -798.0178 -696.0473 -579.6817 -467.3243 -387.334 -323.681 -285.2972 -246.7336 -221.1957 -221.9482 -242.1974 -258.5593 -261.1036 -300.0919 -338.0382 -352.2464
-658.8748 -461.0056 -295.7442 -201.3865 -157.818 -132.9264 -111.6362 -102.5823 -103.7341 -119.0881 -159.1252 -252.901 -329.7726 -246.1006 -189.3827 -27.3969 114.1332 266.2768 272.7588 319.8612 527.8727 561.4807 577.869 663.0303 727.9266 727.3276 935.1996 1054.5621 1573.4565 1607.4182 1397.0963 1800.5936 2285.5586 1140.6697 447.1836 335.2066 166.2655 38.6076 485.232 672.2882 186.4607 -441.4975 -628.6075 -780.7732 -852.8765 -852.2246 -794.1032 -651.7698 -467.905 -349.6628 -306.6158 -246.6683 -143.1896 -85.9513 -100.3857 -156.6098 224.6959 465.6109 251.8345 -190.6721 -197.4955
-422.9731 -296.7441 -205.7148 -149.3658 -103.3257 94.9303 259.1351 221.2725 142.1596 80.9204 -116.4357 -131.8943 -174.24 -201.727 -217.8935 -240.8669 -218.9199 -198.096 -109.942 161.1281 405.8826 482.5477 620.5941 711.379 912.4104 867.1173 910.3229 985.7896 1221.5791 1686.9553 1236.9594 783.8389 718.9481 584.4837 435.5978 494.8827 307.8474 481.2218 986.6418 794.7117 340.5008 188.6989 -460.5549 -688.0378 -786.3685 -837.7497 -839.6097 -753.4949 -586.8937 -382.7383 -323.7133 253.4199 385.5966 416.7599 912.4531 666.5681 1358.6051 446.9091 344.7158 290.1476 352.1795
-269.5581 -170.4894 -111.3253 -86.9494 146.5735 277.0466 542.279 471.6593 469.4828 382.1984 244.5817 98.3581 -126.9554 -177.6313 -221.2418 -284.4815 -381.619 -435.3701 195.9786 562.5616 1117.1808 1038.4475 854.254 819.3611 763.8572 790.9301 821.0643 1442.3073 1346.5894 1777.7958 1731.1934 1035.2841 1567.687 941.4818 739.9611 621.4956 604.7989 844.9945 1540.8544 1525.1428 548.8245 300.4074 170.6892 -466.244 -629.5398 -719.0862 -768.4943 -791.5937 -735.3986 -523.2981 -335.5796 -280.844 -186.9757 244.8963 357.5034 427.9399 560.7935 573.0038 641.7535 623.1214 691.9787
-277.0544 -199.7303 -147.6597 -140.1284 -128.5314 1 111.2513 162.4796 214.6971 313.3774 324.2205 172.94 80.1584 -144.1468 -192.2892 -260.4191 -349.2222 -330.0541 220.0291 727.5146 1019.8077 780.3569 697.3251 688.455 692.6874 775.346 861.9461 957.1095 1062.0953 1340.2234 2032.9596 1984.3025 1369.8096 984.8209 1136.8633 777.9914 734.1955 873.8818 1348.8661 1609.676 585.1328 394.9772 750.3585 285.5812 113.7375 -568.4366 -698.7224 -733.3519 -774.6057 -697.298 -468.6436 -303.1688 -258.7439 -229.2331 293.4348 311.7402 344.7879 249.6606 451.446 520.0049 552.5762
-263.5422 -242.7321 -223.4801 -226.2634 -196.9275 -144.7419 -124.2861 -129.5472 -149.051 -146.4497 -124.3481 -111.2315 -112.5344 -118.8069 -133.8678 -169.6274 -200.7575 -129.2577 64.8916 102.6406 325.2281 654.8088 743.9312 594.0385 574.4764 594.2802 682.2453 738.3524 1189.7678 1869.7528 1540.8917 1115.2522 1044.7153 896.3351 860.0686 837.6592 894.6577 875.5031 1196.3519 1570.0656 836.3952 636.3948 860.8826 720.0147 226.2559 -445.8547 -738.6395 -763.4879 -759.2388 -718.8322 -575.6718 -407.887 -288.6051 -240.9996 -233.847 8.7911 101.9656 167.9808 349.1735 498.6324 537.2208
-300.568 -297.0797 -295.6842 -298.4224 -272.2671 -228.4265 -207.4483 -189.2591 -191.2641 -173.8913 -154.3173 -144.5577 -136.2744 -116.877 -86.8489 -65.4587 -44.1532 53.1933 49.1761 92.316 347.9802 463.6725 564.2631 390.5241 326.2915 417.6777 518.74 376.9376 429.2194 478.8159 744.5665 536.1313 672.7842 1110.132 945.9899 849.9399 755.0117 735.2114 1793.1827 2302.3604 2216.1243 1105.3419 1008.5952 933.343 333.4107 -362.8114 -730.8443 -799.4017 -714.4957 -606.0546 -494.5657 -387.5474 -291.9922 -217.4251 -209.4732 111.0257 211.2163 298.3048 330.6407 380.197 415.1605
-315.3062 -311.8918 -307.5599 -299.2851 -269.8632 -228.9011 -204.9116 -189.1875 -186.3099 -174.9042 -164.5795 -159.833 -149.3935 -119.059 -73.1809 -41.9505 53.3182 159.2917 232.1907 315.3193 374.4946 509.6032 641.1509 428.4451 226.6838 212.4067 199.971 241.9551 306.4742 384.5118 444.6224 621.7496 852.438 504.105 382.4405 832.5161 680.2162 626.413 581.647 917.6063 2097.5808 1985.9927 1557.7017 1370.213 643.5749 160.5883 -507.8783 -615.385 -543.9197 -442.3265 -358.4893 -289.7487 -230.9021 -181.3647 43.8218 215.1445 360.6282 419.2197 498.776 505.249 612.625
-279.0058 -264.1922 -248.1979 -230.5475 -209.6214 -191.0629 -181.6443 -178.2428 -178.2787 -177.6416 -175.5387 -170.1305 -156.6253 -128.0249 -95.6004 -81.8108 32.3518 207.9488 333.7373 363.6154 377.6888 376.6709 332.112 189.2943 217.4109 204.4111 183.751 230.6931 235.3316 278.2229 348.7076 574.6876 488.9188 447.0917 179.3682 496.4036 342.5705 398.5617 564.6206 583.3582 963.4128 1879.9398 1310.7157 989.5911 668.0546 136.2074 -189.0754 -321.8525 -351.1674 -322.3211 -297.0974 -261.7582 -197.9834 -146.3365 142.2088 367.1104 387.3332 471.2579 452.2108 515.228 540.173
-248.1154 -234.6071 -221.3967 -209.5317 -198.6403 -191.6283 -187.8582 -185.154 -183.4163 -182.5447 -180.8869 -175.8344 -163.4853 -139.0132 -119.053 -118.9479 -126.4887 -139.4216 26.6529 138.6998 163.1773 244.874 171.2023 212.686 212.495 177.5464 141.1813 96.5981 168.4605 180.8436 573.4012 240.5992 144.9769 97.6732 113.9225 131.2794 221.7526 260.9018 296.6891 453.2875 1334.7682 2358.0457 2208.9575 1643.4139 1101.3333 489.3355 148.8704 -111.8733 -185.0973 -190.7834 -221.6614 -236.6183 -203.0703 -172.6933 23.5103 238.6446 445.0271 461.5173 610.3774 562.4117 574.8531
