Resources/Map/Lvl0_30x30/Ele_EG.asc
ncols         335
nrows         335
xllcorner     55000
yllcorner     -6725000
cellsize      10000
nodata_value  -99999.0
[rows 100 to 124 of 335, columns 114 to 170 of 335]
-4852.5771 -4865.0156 -4946.2593 -5017.1289 -5056.4775 -5073.8047 -5075.1157 -5057.6733 -5064.0103 -5103.7065 -5072.6104 -4966.6265 -4799.2896 -4735.6001 -4763.5405 -4825.6958 -4956.3438 -4941.8418 -4891.3936 -4941.0239 -4934.9106 -4849.7847 -4762.936 -4738.0474 -4804.3223 -4826.7124 -4839.5728 -4882.0977 -4561.0151 -4031.7371 -3696.7007 -3714.4878 -3459.2344 -2814.2471 -2618.7727 -3188.6521 -4102.2412 -4623.2544 -4885.314 -4965.7871 -4863.2422 -4795.3208 -4771.8604 -4701.9512 -4670.0005 -4671.4419 -4663.2427 -4677.4346 -4706.3745 -4737.3037 -4718.6597 -4754.6714 -4827.998 -4837.7837 -4858.1392 -4892.6396 -4928.6479
-4745.7378 -4820.728 -4977.3701 -5081.1895 -5034.374 -5008.958 -5032.3184 -5028.4023 -5035.499 -5078.1909 -5088.9771 -4978.5996 -4810.0767 -4769.2456 -4826.5977 -4895.1968 -4942.8931 -4895.9897 -4865.8159 -4845.1313 -4736.3105 -4551.4185 -4492.5244 -4639.0112 -4767.3472 -4505.623 -4308.6484 -4583.0703 -4286.0894 -3267.7932 -2807.6802 -3540.9888 -3995.4824 -3781.0422 -3649.8816 -4024.8628 -4511.6646 -4869.498 -5019.6992 -4970.8564 -4837.9248 -4743.0542 -4713.6855 -4677.873 -4663.3047 -4667.8687 -4692.6221 -4728.9014 -4738.9189 -4695.6245 -4661.042 -4770.5576 -4855.2188 -4873.6431 -4872.6387 -4858.4595 -4791.5918
-4731.0776 -4774.0103 -4882.0972 -5012.8091 -5027.668 -4977.8433 -4959.063 -4996.7266 -5040.2549 -5074.4854 -5072.2949 -5029.9653 -4947.0601 -4911.085 -4893.6211 -4842.1831 -4784.4395 -4818.2881 -4844.8076 -4755.6069 -4592.291 -4357.9683 -4294.0762 -4469.7197 -4522.9795 -3868.7512 -3486.6543 -4203.9443 -4340.0063 -3523.863 -3190.3105 -3996.8411 -4541.6367 -4531.7236 -4416.7832 -4598.4336 -4853.4487 -4973.8823 -4983.8564 -4869.917 -4778.0313 -4695.3984 -4679.3574 -4658.4736 -4701.7065 -4736.3232 -4745.606 -4773.0073 -4747.4253 -4650.144 -4673.5176 -4811.9434 -4845.1763 -4853.2944 -4812.1323 -4688.8335 -4610.1123
-4754.6592 -4762.6597 -4794.8428 -4897.5298 -4986.9546 -4943.3794 -4918.521 -4985.0493 -5067.0347 -5128.4165 -5132.8418 -5130.3916 -5036.9263 -4923.8701 -4848.4751 -4771.5942 -4716.1143 -4763.688 -4750.8569 -4668.6997 -4629.8862 -4514.6802 -4372.7861 -4390.0005 -4521.061 -4198.0059 -3940.4407 -4320.8853 -4256.4463 -3915.2566 -4012.3342 -4427.9502 -4700.7622 -4738.021 -4798.3857 -4953.7651 -4970.6499 -4889.4824 -4876.4829 -4788.1938 -4709.5044 -4677.5586 -4656.0195 -4682.5532 -4798.084 -4819.0693 -4787.4121 -4812.4082 -4809.5483 -4772.3149 -4808.3169 -4838.834 -4755.4375 -4620.6289 -4663.6353 -4776.1558 -4807.1919
-4746.5361 -4715.8096 -4754.4629 -4838.0142 -4919.3687 -4880.2754 -4855.6323 -4931.3569 -5052.4556 -5138.1733 -5119.8931 -5093.8696 -5018.0049 -4879.4087 -4755.603 -4724.3174 -4758.0942 -4729.957 -4577.1538 -4526.3086 -4606.9648 -4611.2358 -4501.5781 -4448.8672 -4613.4839 -4665.3218 -4551.8809 -4321.4414 -3691.3386 -3476.3223 -4145.2158 -4615.2085 -4717.0977 -4757.9883 -4902.3379 -5044.8579 -4949.1489 -4792.5386 -4771.5869 -4692.4512 -4653.085 -4667.1284 -4671.6934 -4751.0513 -4849.9165 -4813.7124 -4801.2432 -4866.604 -4884.417 -4828.0063 -4830.7183 -4837.4644 -4806.6587 -4726.5439 -4868.1025 -5047.5562 -5003.5337
-4703.8892 -4631.6948 -4677.9092 -4763.7749 -4834.5054 -4815.6782 -4767.127 -4866.2363 -5018.4106 -5088.0596 -5048.4033 -5004.3862 -4939.6777 -4709.146 -4407.7373 -4368.0991 -4603.6123 -4767.0459 -4713.9912 -4676.4883 -4681.0942 -4664.6206 -4655.021 -4622.3794 -4693.9336 -4749.2153 -4647.9336 -4305.7642 -3645.3252 -3346.3479 -4009.8245 -4615.3198 -4749.0117 -4799.1836 -4890.52 -4958.9307 -4898.502 -4757.3413 -4703.2241 -4631.8086 -4650.0571 -4683.7124 -4725.1265 -4774.4165 -4814.8945 -4799.5596 -4828.644 -4909.1401 -4906.2192 -4851.7344 -4847.1846 -4871.6621 -4960.8501 -4913.9849 -4890.1914 -4914.7563 -4875.2822
-4638.0522 -4623.3872 -4693.9219 -4770.4263 -4840.5488 -4865.6831 -4830.6992 -4869.5088 -4950.3809 -4960.4136 -4917.3296 -4887.0195 -4830.729 -4630.0977 -4277.8262 -4093.407 -4279.166 -4622.96 -4825.6313 -4834.3789 -4768.2637 -4763.2515 -4781.0156 -4746.5674 -4768.6255 -4739.1616 -4553.8472 -4375.6357 -4296.4653 -4245.9072 -4486.9136 -4779.9858 -4848.6479 -4875.5552 -4727.1787 -4599.2642 -4666.8218 -4702.085 -4698.2754 -4641.5415 -4645.4521 -4690.0986 -4731.7827 -4741.4917 -4705.9302 -4733.6997 -4869.0098 -4920.4556 -4842.7676 -4875.1821 -4893.0571 -4865.4722 -4906.5586 -4832.5327 -4750.0278 -4803.2368 -4862.1392
-4648.666 -4733.249 -4799.061 -4845.8228 -4893.1299 -4945.8105 -4953.2314 -4909.314 -4860.7705 -4788.9619 -4760.1963 -4762.8667 -4739.3408 -4715.2759 -4546.2607 -4255.1484 -4097.3135 -4270.5117 -4638.7847 -4832.7896 -4826.9834 -4814.9795 -4789.8496 -4783.6831 -4820.8911 -4725.6294 -4541.0137 -4535.3994 -4693.7637 -4801.0459 -4866.2393 -4928.3174 -4926.418 -4884.0889 -4626.6865 -4407.1235 -4393.8877 -4547.4209 -4686.5879 -4680.9165 -4628.1406 -4623.3447 -4627.1865 -4577.5127 -4438.4043 -4405.1323 -4728.5923 -4880.5522 -4772.6372 -4787.9023 -4774.0674 -4754.8755 -4802.1431 -4802.207 -4783.5566 -4831.4502 -4888.4185
-4715.3647 -4818.1826 -4845.3066 -4863.7837 -4930.0703 -4980.6792 -4943.3047 -4846.6851 -4766.0181 -4710.853 -4724.2451 -4751.0806 -4743.3901 -4781.748 -4787.0117 -4642.1001 -4369.8794 -4229.3599 -4414.7988 -4702.8472 -4850.813 -4882.1084 -4837.5352 -4813.7412 -4819.5176 -4741.1304 -4716.1738 -4852.2393 -4920.3662 -4901.665 -4897.8354 -4963.3555 -4962.5112 -4874.0337 -4698.2153 -4581.0708 -4404.9688 -4253.1284 -4378.999 -4540.3145 -4519.5669 -4467.3032 -4354.6865 -4196.2041 -3929.7432 -3640.8914 -3926.8794 -4281.2314 -4357.4307 -4406.1924 -4434.1948 -4499.1699 -4659.1313 -4762.7593 -4771.4751 -4766.6665 -4778.6987
-4770.0015 -4827.6875 -4809.2461 -4801.5571 -4860.2681 -4862.5054 -4755.9712 -4649.2329 -4638.4014 -4700.8379 -4810.0288 -4866.2612 -4849.2695 -4837.6948 -4855.1284 -4847.917 -4708.2012 -4512.9736 -4493.3643 -4659.5156 -4829.2842 -4913.751 -4885.5029 -4792.7017 -4726.6021 -4697.3789 -4614.6611 -4541.0571 -4769.3291 -4903.5864 -4913.4302 -4931.8706 -4888.2075 -4843.7314 -4784.2065 -4777.3057 -4682.5889 -4262.5293 -3893.2217 -4001.8618 -4147.0962 -4068.1584 -3652.0298 -3243.894 -2856.1826 -2623.6416 -2734.1135 -3069.8997 -3434.2727 -3731.9021 -3941.6863 -4023.4531 -4220.8516 -4377.5205 -4362.4492 -4315.939 -4360.8818
-4797.2544 -4812.5601 -4802.0542 -4781.6016 -4751.0376 -4671.5332 -4596.6978 -4579.6235 -4634.2407 -4732.4673 -4868.6943 -4930.8105 -4913.3726 -4869.8975 -4865.1118 -4909.6543 -4844.7266 -4699.5195 -4709.6616 -4779.8174 -4773.8726 -4823.5962 -4895.6689 -4851.8271 -4729.9849 -4674.5835 -4322.8555 -3787.0469 -4383.9453 -4931.0757 -5011.6416 -4954.2148 -4874.8418 -4841.9507 -4838.7847 -4858.5898 -4756.1577 -4312.1709 -3514.4194 -3123.6765 -3300.1819 -3151.2886 -2633.585 -2128.7463 -1875.7897 -1971.7802 -2063.762 -2102.937 -2314.3274 -2686.4797 -3079.0449 -3252.8179 -3383.7417 -3474.2041 -3536.2275 -3679.7351 -4039.8418
-4726.7813 -4731.9624 -4740.6455 -4738.9106 -4710.8335 -4679.2524 -4686.665 -4716.5894 -4705.4585 -4681.1143 -4753.3081 -4861.5176 -4926.2319 -4918.207 -4900.6924 -4941.082 -4906.1021 -4810.2944 -4853.6328 -4861.3799 -4744.1138 -4760.6187 -4901.7559 -4900.1299 -4687.8735 -4603.918 -4409.1582 -3959.8455 -4440.104 -4972.4976 -5002.312 -4924.0723 -4879.2402 -4855.8052 -4831.5664 -4738.936 -4601.8921 -4091.425 -2982.4719 -2119.6736 -2271.637 -2237.4072 -2058.197 -1949.3119 -1837.0269 -1858.8333 -1927.7313 -1864.262 -1801.7172 -1910.9606 -2192.0767 -2500.4617 -2636.5322 -2767.7095 -3283.7363 -3937.979 -4364.8784
-4647.1597 -4677.835 -4700.7617 -4698.5327 -4728.2637 -4780.2285 -4780.9873 -4773.9014 -4740.3354 -4638.1401 -4642.1006 -4778.0952 -4908.8242 -4945.8237 -4929.0103 -4924.0986 -4865.2769 -4795.7114 -4865.0889 -4882.2544 -4802.6255 -4774.6597 -4835.7505 -4794.771 -4582.6245 -4568.1655 -4692.6768 -4688.7583 -4817.3364 -4965.6714 -4885.9707 -4848.563 -4867.561 -4861.1172 -4767.2417 -4516.5913 -4252.5825 -3627.4958 -2428.1106 -1682.4397 -1855.8672 -1891.38 -1835.1268 -2006.6703 -2006 -1996.7911 -2071.3708 -2034.0658 -2002.2729 -2069.7725 -2316.2861 -2725.7822 -3077.8623 -3424.6809 -4030.1926 -4533.5371 -4601.0688
-4620.3643 -4675.3232 -4700.7441 -4682.3003 -4679.0718 -4718.6069 -4743.626 -4763.0137 -4804.2339 -4780.6987 -4716.5552 -4736.8369 -4856.2388 -4919.8677 -4885.5444 -4891.5098 -4879.6743 -4834.9736 -4891.7871 -4898.1934 -4789.084 -4629.9937 -4603.772 -4681.2065 -4697.9414 -4695.6333 -4683.1953 -4775.1631 -4887.0186 -4909.1992 -4853.8066 -4857.042 -4890.6963 -4752.0313 -4485.7808 -4030.0488 -3639.7615 -3127.9756 -2490.8203 -2134.4619 -2075.3936 -1884.1462 -1737.1627 -1831.384 -1968.0879 -2210.5896 -2392.9011 -2281.803 -2356.3647 -2790.6335 -3302.9778 -3816.0273 -4241.5044 -4479.2925 -4610.085 -4581.2891 -4524.0083
-4580.3271 -4613.7207 -4637.1748 -4659.3877 -4630.6992 -4648.4155 -4708.0078 -4709.1021 -4750.2661 -4823.7529 -4770.4263 -4743.0435 -4894.5449 -4962.9106 -4777.4258 -4671.1431 -4731.0654 -4773.3623 -4808.5156 -4791.0063 -4674.5591 -4445.3062 -4363.4199 -4553.0186 -4690.1978 -4635.5947 -4591.2373 -4710.0327 -4843.0215 -4883.3687 -4876.7017 -4835.7686 -4699.7002 -4281.3008 -3853.6304 -3384.9629 -2997.6184 -2731.0964 -2596.0129 -2403.2085 -2226.2104 -1937.8232 -1709.1523 -1709.5178 -1910.7803 -2185.8901 -2393.7524 -2458.408 -2935.3633 -3753.3032 -4273.6807 -4548.9043 -4682.2954 -4695.6978 -4751.3906 -4705.4473 -4664.1245
-4615.0215 -4566.3281 -4560.8462 -4622.8442 -4604.751 -4590.8652 -4638.2573 -4643.2734 -4666.668 -4746.4775 -4721.5278 -4702.4292 -4874.0957 -4962.3179 -4706.4404 -4481.9233 -4516.9487 -4587.4951 -4606.6421 -4622.9219 -4608.1812 -4437.9355 -4364.7524 -4539.7207 -4638.2642 -4600.6929 -4681.8091 -4814.8677 -4861.1733 -4876.9595 -4856.0029 -4683.9717 -4267.2661 -3687.1191 -3326.0337 -2993.1125 -2634.0798 -2429.9211 -2327.9504 -2198.3486 -2175.5923 -2062.3689 -1830.452 -1880.5026 -2204.2356 -2498.9065 -2890.2915 -3254.2065 -3835.8423 -4378.668 -4542.7744 -4597.3125 -4611.6831 -4612.5933 -4764.9023 -4774.8618 -4738.2119
-4673.8115 -4552.625 -4503.1626 -4554.6812 -4571.2192 -4556.1206 -4593.8086 -4626.1934 -4665.1465 -4699.8315 -4689.7441 -4665.5464 -4735.1274 -4809.7119 -4673.6406 -4559.4741 -4585.0068 -4589.4312 -4498.8354 -4454.3789 -4509.9351 -4499.7144 -4515.4663 -4628.6255 -4720.1094 -4768.5913 -4832.3716 -4848.9067 -4763.3394 -4736.2021 -4628.3057 -4414.7041 -3906.6396 -3347.6313 -3110.187 -2829.9116 -2502.696 -2317.2627 -2175.0098 -2031.9243 -2028.5277 -2016.5848 -2033.6193 -2604.8303 -3248.7761 -3670.3633 -4045.6633 -4181.3682 -4335.6582 -4427.3496 -4425.7485 -4464.3511 -4550.8022 -4693.7993 -4833.459 -4796 -4784.7485
-4620.5386 -4534.5801 -4518.3101 -4563.6519 -4581.3506 -4613.0171 -4650.3379 -4651.7813 -4682.3452 -4676.5249 -4663.3418 -4633.3467 -4596.688 -4653.3574 -4678.9604 -4643.605 -4605.3618 -4578.4692 -4487.7876 -4411.0381 -4444.7305 -4527.8906 -4597.5903 -4637.7798 -4710.4653 -4810.6606 -4810.3823 -4708.2178 -4649.0273 -4592.9199 -4337.0542 -3965.375 -3472.5874 -3031.1111 -2757.7356 -2472.8279 -2282.4006 -2190.5811 -2118.9851 -2055.6516 -1999.9022 -2172.4102 -2764.6575 -3692.4492 -4231.2012 -4366.4102 -4400.8438 -4351.4482 -4374.0972 -4450.6909 -4463.4634 -4461.73 -4619.6421 -4870.0034 -4924.626 -4863.1089 -4884.5635
-4565.998 -4581.6187 -4598.7329 -4592.2671 -4573.751 -4596.5415 -4600.6182 -4590.0391 -4584.7246 -4557.5923 -4555.2993 -4568.915 -4506.1802 -4512.873 -4602.0933 -4561.022 -4534.23 -4611.29 -4582.3213 -4513.1069 -4500.1226 -4525.7085 -4574.2354 -4598.3218 -4639.2124 -4720.5562 -4690.7148 -4603.5229 -4500.6899 -4221.6343 -3732.9673 -3231.4893 -2844.8811 -2566.7754 -2336.019 -2130.7449 -2031.1423 -2083.7522 -2292.261 -2448.0359 -2793.2378 -3262.9773 -3851.5574 -4345.3999 -4416.8877 -4170.2534 -4089.7461 -4357.2017 -4581.6963 -4700.3574 -4723.6938 -4723.835 -4849.2036 -4965.3711 -4912.0215 -4867.144 -4914.7476
-4626.8101 -4646.6084 -4615.1094 -4596.144 -4649.2695 -4652.4302 -4576.2822 -4489.2461 -4392.123 -4360.7886 -4372.6528 -4428.6592 -4440.6357 -4409.0449 -4469.936 -4520.1646 -4632.229 -4745.9287 -4647.2563 -4559.2915 -4553.6333 -4515.6777 -4522.7788 -4602.7241 -4669.9346 -4689.6084 -4616.6406 -4502.4102 -4019.7747 -3389.6228 -2852.082 -2545.5525 -2381.5952 -2317.7134 -2186.2107 -2089.5405 -2134.166 -2483.9841 -3187.2646 -3515.5938 -3837.8687 -4012.5256 -4100.8672 -4308.793 -4360.7964 -4028.5474 -3986.9651 -4478.5728 -4851.2041 -4977.9033 -5005.0425 -5042.0425 -5088.7437 -4966.752 -4869.9053 -4895.2451 -4942.0146
-4808.5874 -4755.6362 -4663.9897 -4636.6309 -4705.2524 -4694.7495 -4565.6865 -4382.9312 -4223.1099 -4232.875 -4327.9561 -4411.311 -4458.5957 -4422.562 -4430.8838 -4502.0444 -4614.6069 -4641.436 -4565.0303 -4556.9307 -4564.3145 -4544.0991 -4552.311 -4634.5098 -4625.9072 -4349.5391 -3981.8015 -3617.9851 -3065.4436 -2667.3567 -2361.2129 -2215.3054 -2200.8225 -2313.6582 -2509.1372 -2789.7327 -3163.8101 -3612.0691 -4050.2891 -4153.4541 -4210.8999 -4090.0344 -3862.8472 -4038.8579 -4403.3779 -4335.5894 -4313.0444 -4639.1128 -5000.8423 -5072.7041 -4916.3115 -4905.3647 -4881.5459 -4585.3984 -4594.8105 -4875.5083 -5063.7051
-4856.6929 -4694.3149 -4594.8003 -4580.3408 -4555.8647 -4563.4355 -4545.5737 -4450.062 -4324.2056 -4350.8262 -4549.5317 -4649.8291 -4618.689 -4534.2793 -4451.25 -4410.8179 -4411.8389 -4421.4487 -4522.248 -4608.1797 -4579.835 -4557.9131 -4535.5752 -4452.0869 -4092.1482 -3396.5422 -2853.8208 -2539.3579 -2351.3083 -2324.5681 -2293.2224 -2360.7275 -2568.7585 -2922.8997 -3459.272 -3817.9507 -4058.509 -4201.5835 -4163.3125 -4072.0598 -4142.0859 -4220.4155 -4003.3196 -3960.1943 -4339.7129 -4517.8667 -4559.4292 -4778.9438 -5082.7505 -5040.8403 -4630.8633 -4526.4927 -4588.5698 -4442.8442 -4532.7983 -4842.5234 -5108.021
-4643.0972 -4397.8022 -4403.2539 -4468.2139 -4380.7329 -4464.9795 -4620.6494 -4644.6255 -4615.2217 -4660.8813 -4797.0308 -4789.5508 -4641.2627 -4515.8398 -4426.8252 -4359.0669 -4314.646 -4375.5161 -4572.6406 -4599.2227 -4381.0381 -4167.5469 -3965.8667 -3595.4966 -3021.3911 -2543.4858 -2417.8726 -2373.2668 -2318.1033 -2479.1914 -2957.2083 -3365.4631 -3782.6313 -4072.6865 -4262.4883 -4226.9609 -4188.1343 -4202.3882 -4155.1284 -4088.8589 -3942.0808 -4032.8518 -4213.4224 -4128.2764 -4256.1079 -4434.6216 -4584.5005 -4805.2104 -5021.8755 -4888.7441 -4596.5088 -4589.4951 -4792.249 -4863.3647 -4818.9194 -4885.9277 -5049.6919
-4427.1636 -4313.2192 -4486.1152 -4642.1826 -4597.8711 -4619.4614 -4635.8735 -4603.0054 -4633.0605 -4691.7729 -4745.2246 -4696.3687 -4579.7065 -4517.3086 -4473.0396 -4438.271 -4437.063 -4526.5327 -4591.7549 -4351.4048 -3860.113 -3392.1167 -2988.8123 -2681.877 -2541.9316 -2575.9937 -2853.2354 -3055.5935 -3132.373 -3631.5339 -4132.3501 -4403.6216 -4540.4907 -4586.6519 -4481.7617 -4220.856 -4104.8462 -4150.9785 -4273.5747 -4416.1543 -4172.0264 -3929.6902 -4183.4399 -4435.3281 -4488.1973 -4557.9243 -4754.2764 -4847.6323 -4868.7778 -4890.4849 -4979.27 -4926.0591 -4863.2847 -4916.7061 -4958.6089 -4998.4175 -5016.2354
-4565.0967 -4520.6274 -4611.8853 -4712.3789 -4700.0283 -4651.9287 -4595.3638 -4550.0571 -4546.1831 -4573.2988 -4651.3169 -4686.4683 -4641.5161 -4597.835 -4559.7061 -4481.9697 -4340.6748 -4268.9131 -4151.9673 -3774.3245 -3228.8806 -2709.6958 -2490.3574 -2639.675 -3039.6653 -3429.606 -3883.458 -4212.9565 -4347.3857 -4532.9443 -4585.2856 -4668.0786 -4688.0337 -4691.9976 -4578.6372 -4341.2944 -4313.75 -4148.9087 -3991.5295 -4264.4131 -4505.4932 -4413.1382 -4398.0903 -4620.3955 -4758.4253 -4827.9033 -4956.0869 -4910.0371 -4751.8389 -4786.0483 -5016.0874 -5049.2959 -4917.3838 -4810.1655 -4842.4248 -4963.4688 -4955.3506
