Resources/Map/Lvl0_30x30/Ele_CG.asc
ncols         335
nrows         335
xllcorner     55000
yllcorner     -25000
cellsize      10000
nodata_value  -99999.0
[rows 0 to 27 of 335, columns 63 to 125 of 335]
276.0011 250.8397 248.6591 250.4964 255.8758 262.5488 275.3533 255.6789 258.8038 254.4576 243.0871 256.7534 265.9471 256.4005 299.6024 295.3493 296.3781 270.7896 336.731 287.5673 280.4424 324.3001 328.6546 331.753 302.6308 321.6562 318.9274 311.0537 303.2331 316.865 306.4349 308.2451 302.7747 315.6536 383.0421 407.683 410.7741 405.7535 411.6853 393.5621 390.0284 401.2441 404.6993 367.111 381.6146 402.7836 403.4021 421.4286 450.2593 502.8134 580.3505 575.2955 564.3586 587.4174 604.3772 607.5748 601.4734 614.1096 614.3509 616.4247 622.7781 617.3155 626.8179
254.8824 255.4627 255.4124 268.6335 255.2521 263.5634 258.4495 251.7057 268.0278 272.9714 272.007 277.6255 285.5026 280.1567 275.5949 252.1788 313.7233 276.537 342.3388 301.8312 294.0662 301.0828 322.2814 342.2747 325.0912 345.4256 296.0213 302.5083 320.3002 346.8684 299.5088 311.194 321.4047 344.0626 376.1223 429.7018 443.6412 453.8635 439.3185 457.4065 419.125 414.7469 447.1616 432.1404 406.4402 425.216 452.8893 465.0171 555.3445 562.9685 557.1005 594.8463 591.4096 593.2215 604.9405 603.9655 608.6595 616.8615 620.2985 620.4978 624.0775 625.6992 631.5482
264.2473 257.8414 260.6653 264.3828 261.4238 265.0597 276.3441 274.8107 260.9853 266.1227 274.9243 284.6942 295.981 267.9505 276.9921 281.8673 309.8107 305.0634 310.9809 339.2074 311.2345 315.6901 304.0195 331.2527 296.7961 301.3 313.8856 331.8971 343.9285 313.7858 315.3528 349.3903 348.4095 367.9001 411.9698 466.5945 470.2987 485.8245 471.7176 471.3413 460.2177 438.3755 453.3979 505.7956 437.3432 472.1716 458.8366 577.93 605.3322 603.4889 610.242 595.1047 598.9361 599.2933 582.7684 601.3502 612.5013 619.4238 622.5435 620.3644 627.0627 628.045 633.2864
268.6557 262.5382 275.248 298.5094 265.8394 276.5922 275.7452 274.622 271.567 273.4448 290.8397 303.1084 271.031 281.3075 306.7805 309.7001 291.1924 292.7128 325.1708 310.6433 300.8775 314.0989 333.8069 292.6358 318.3525 326.4712 356.6718 356.8766 376.1847 336.9194 359.503 405.885 411.8676 438.7436 458.1904 474.5552 499.9178 500.9509 513.836 524.8172 508.903 475.2552 511.2167 518.3631 486.1614 546.6657 523.7083 611.3055 614.5031 612.3067 618.8067 618.3143 609.3345 596.261 603.3157 603.4797 613.5474 611.893 622.0436 621.745 626.3018 633.4802 635.4846
278.6658 277.9787 270.8109 273.9468 272.1514 281.5206 282.0582 289.5724 283.654 282.4125 305.4799 309.9177 289.6925 281.5011 308.9982 315.1564 312.91 313.6736 309.0573 325.1913 308.6504 300.2147 310.4909 327.339 327.4265 346.4531 354.7102 325.8519 356.0325 360.2908 382.3481 430.647 471.2887 493.2075 483.2299 492.049 493.1811 515.9815 522.1053 528.5865 551.5693 556.6613 569.7064 594.9374 602.7914 604.53 616.4082 619.0034 624.137 613.4105 624.2415 627.6224 621.9489 606.336 617.9117 621.2885 624.983 629.6489 628.6525 632.0148 639.0723 640.5889 639.5112
323.9958 278.5932 271.1556 273.4445 281.8648 299.9726 291.671 292.2982 300.5445 312.0906 302.2502 313.3916 300.6156 287.4931 308.4146 305.1874 325.5054 323.3294 315.1514 301.5748 309.9128 329.1955 342.843 337.8479 368.7321 376.6957 356.7234 371.4293 386.6501 396.7239 422.3765 455.4307 496.4733 504.3499 515.7631 516.5067 519.6538 526.0183 528.5607 525.3282 536.7695 565.5888 577.1557 598.6296 605.4847 616.2541 612.272 628.2549 638.0705 637.2412 638.2921 642.5321 629.6078 626.4879 619.906 617.7908 627.9388 635.439 635.4318 637.1852 647.1232 652.4874 642.8563
316.0346 283.1263 283.8104 282.0465 296.8259 294.5508 288.7613 314.0179 314.8927 318.8483 321.8987 326.2808 311.3167 297.1849 336.7652 300.5225 311.2738 304.2881 323.0327 331.6332 352.4606 360.7772 368.5274 351.7817 360.4721 322.9403 343.5449 352.9562 394.8149 430.5089 463.0802 483.1566 498.3939 524.3695 539.3628 545.6913 543.5587 546.9015 549.8936 561.1658 570.6933 581.9211 581.8403 590.8114 619.1539 612.9461 616.9608 622.3206 634.8402 643.8051 647.7324 650.0223 641.0896 641.9617 640.0071 627.7646 635.1371 637.6761 641.0567 648.2358 651.5425 651.7208 644.6794
328.1114 295.3717 291.7104 297.4111 299.63 299.8602 309.1651 307.9311 355.5327 323.5527 306.704 335.7468 311.5774 343.3134 305.3449 306.0519 314.5154 332.306 347.0954 369.342 347.277 336.9649 355.852 374.5547 384.323 380.3546 355.2351 341.1105 349.5697 378.0534 416.7813 481.2579 528.7105 537.3759 556.2916 557.325 561.0277 565.0585 571.0479 584.9708 593.9349 594.128 610.1289 619.6808 620.6305 621.6802 615.5148 625.338 627.2205 635.9862 652.9576 660.3507 656.2779 653.8384 650.3887 643.1731 649.4291 646.9025 652.2709 651.4642 656.0804 660.9357 657.9956
300.2473 294.0004 318.4565 303.061 298.7056 315.036 316.6719 333.2139 349.9245 323.6956 317.532 312.8087 315.1632 339.0993 314.4096 323.5578 336.8026 364.4229 340.2892 340.7777 353.7314 370.3929 386.2661 415.3759 403.9722 367.5031 351.0456 378.0738 361.83 398.2261 402.2628 457.9392 511.1306 573.0666 581.7346 591.2001 577.4761 585.9534 600.3664 609.6303 615.1187 612.7162 625.5583 630.5334 629.1268 637.7759 638.4185 634.692 640.519 633.0213 667.3994 668.3032 654.7874 653.6531 645.7728 658.2731 665.9916 666.02 662.3117 666.1029 667.2982 669.2054 665.9426
299.2386 311.8781 339.5678 309.9151 313.2915 316.8888 337.35 314.5835 333.9526 324.4414 305.0439 319.5966 318.4367 336.0989 338.6396 332.5705 360.0313 307.7084 308.2376 325.6774 361.5631 374.8058 413.4576 440.8739 375.504 353.1174 395.7483 419.6125 424.2868 381.8415 406.0634 485.5464 578.1662 584.6338 610.123 621.256 611.6046 612.4719 627.158 629.2715 641.2012 641.3953 645.8488 644.392 644.013 645.1439 651.3087 655.1778 650.9825 655.0937 678.5287 644.4803 645.812 655.7769 660.5158 673.0398 676.1978 677.3486 672.1127 675.8757 674.1448 668.3668 671.2349
320.2419 316.3902 313.5693 320.6839 342.9346 350.7653 341.0732 335.1528 324.1596 330.7788 334.3763 304.8611 311.6127 320.6049 338.6938 327.5637 344.4253 364.8059 323.1953 327.6883 346.0739 394.741 458.2659 475.7772 437.8147 412.0862 459.193 463.4557 510.0225 468.8765 458.8596 532.7639 556.5575 610.6682 630.4728 630.8062 632.5053 638.5664 654.9548 662.9362 665.6509 663.1657 667.5269 666.3537 656.3027 656.5637 664.1088 673.0956 670.1876 668.0986 652.6556 643.9468 651.3505 646.5494 649.6057 669.3669 672.8083 669.2744 660.7064 666.4188 665.5756 673.0775 674.5747
317.4692 316.0624 330.9392 330.3444 333.2778 347.237 347.6217 345.0048 334.5551 311.7367 299.8982 316.8115 337.748 354.4167 358.8753 380.38 363.4483 344.8483 355.8289 375.0249 394.0637 413.8568 428.625 455.6315 466.7697 485.3053 507.9347 513.2011 509.7572 545.0436 494.2159 550.561 569.1458 639.8356 646.1043 642.28 654.6745 664.6883 668.769 673.2124 675.7508 679.4816 689.4291 678.0878 660.82 673.6873 674.0046 672.0737 686.5112 679.1949 655.2153 652.2673 658.7595 688.3892 700.157 690.8569 675.1476 659.7912 677.0807 682.5511 687.3667 695.8408 701.705
329.9433 358.5107 321.3416 321.585 329.6248 339.7178 318.3294 331.7817 302.8026 319.8585 332.1557 355.9991 361.321 390.6048 408.1852 404.2233 371.9917 393.0046 408.0916 427.9986 443.4759 454.8806 478.2489 493.5098 515.3914 535.872 551.6534 524.0042 516.2358 565.9051 579.4617 596.809 578.989 614.5244 639.5158 654.1359 674.4119 681.8482 662.587 670.1279 685.6872 695.2878 698.2041 685.509 685.0673 689.2745 690.7078 684.3217 678.6617 666.9922 643.0688 622.5424 644.3969 665.2065 637.9081 621.3706 590.2279 568.0603 565.1475 617.3386 702.0285 708.8199 707.8041
323.6583 326.5063 336.7111 323.5244 327.9798 324.7297 324.9997 331.0821 343.4367 364.5658 371.5246 371.9284 393.0604 381.3549 393.9884 408.0065 422.1433 443.9856 432.2741 462.1821 496.3524 518.8083 538.7541 555.4272 528.7068 521.9437 543.0139 552.6755 551.8972 566.6668 577.8487 587.5421 605.312 651.8688 666.7683 669.6653 676.4661 684.3071 685.4045 683.5727 688.2109 700.2104 702.7848 708.208 691.8276 667.9266 686.9016 643.7906 626.725 622.1862 640.192 611.8647 606.7381 631.918 607.6523 603.4164 576.6771 562.6954 548.9658 548.3463 564.438 614.4637 591.3118
330.7007 314.568 344.6407 344.5432 331.0139 339.2111 351.0681 359.3801 400.2988 387.0062 371.9456 391.989 413.5039 413.9891 438.5646 458.6719 476.8028 497.0024 476.9661 456.6243 484.9295 503.5572 508.7123 535.3905 548.4384 522.7826 550.1882 516.8735 512.025 522.4301 502.8319 630.0568 654.3932 672.4977 674.3251 686.0543 697.9778 709.0914 700.7231 702.8846 710.7679 720.1534 680.8807 652.7299 655.9446 686.0974 669.9013 649.8879 636.3529 630.6126 619.4464 607.8264 595.6927 599.003 613.7386 586.84 565.1495 557.5494 548.4599 522.161 507.415 500.6273 511.5077
324.7717 355.8498 369.8859 384.1431 393.908 391.4431 409.4256 380.4429 416.3258 446.6726 414.7822 428.7262 429.1248 407.7871 460.7615 499.3547 536.8853 504.9991 495.458 519.3832 535.2906 546.6542 534.3843 510.5353 487.6553 496.7852 515.0701 501.0313 506.3788 481.5805 480.2629 512.2195 537.4646 567.9604 547.0579 544.3455 641.4316 578.5984 593.869 619.9969 598.5811 618.4642 649.4576 658.8648 649.3486 648.89 648.2298 632.8409 626.4513 617.9187 619.1645 604.78 591.0491 609.6802 601.9474 599.2094 597.4343 594.5457 576.2298 551.7582 523.0683 515.6447 497.8003
363.3875 378.2405 390.3037 409.3354 390.9166 373.154 414.5897 406.9529 423.0934 446.2933 415.7928 425.043 454.3626 460.5131 476.5511 489.0278 505.6573 524.7347 495.2459 447.0716 433.2494 432.4642 432.4424 461.8803 474.3505 494.3745 497.1046 495.585 505.2191 491.245 479.0229 523.2891 549.6343 553.941 543.5654 557.3768 570.5904 577.5823 587.857 582.9658 604.7576 628.2632 642.0835 636.8839 633.1217 628.1499 631.1041 624.0457 616.2637 604.5065 598.6935 591.3006 591.9379 610.2737 600.234 613.3986 594.8107 595.8203 589.211 571.473 546.5576 516.3949 495.0432
389.5478 424.9558 420.544 392.4871 410.0451 420.5998 431.1991 439.297 471.9816 466.1353 456.3997 443.7881 462.7914 429.0284 417.3026 389.213 403.6177 390.4006 411.6586 419.4834 447.518 462.7538 467.6674 472.3045 490.8196 494.2538 489.2859 491.0456 503.8489 501.6326 499.0804 518.2759 542.446 555.6777 574.6238 595.8387 605.1881 598.8969 614.4722 615.902 613.039 618.2811 638.6105 602.5853 592.4536 611.9122 594.7567 594.7269 606.1575 587.8092 579.8592 585.5728 578.0956 577.2396 586.2347 602.4707 598.0727 613.2042 594.9556 575.2755 548.7289 548.3765 517.2136
427.2842 365.3875 383.3617 346.8367 424.9659 446.9721 460.3217 446.6182 459.7568 447.1244 396.2272 408.8471 434.4597 441.8045 459.5808 459.2151 460.3994 455.4872 453.7968 460.1736 468.9085 487.3157 482.1989 478.8509 489.6761 493.7898 486.3018 486.4692 480.9758 540.8187 518.2653 557.3616 580.7664 573.3676 582.7939 599.3999 603.614 610.9014 616.3763 595.7918 580.0851 581.4272 586.6411 610.9381 573.5109 596.7059 597.1373 596.8055 596.5637 586.1038 577.459 574.5903 573.5956 580.8928 571.0945 586.3702 577.7413 594.5405 587.567 589.0526 574.3057 543.1592 536.7462
373.0357 369.6883 365.0959 368.9375 371.3423 375.4763 379.9638 377.0948 391.9264 410.4232 444.5893 452.5123 474.2346 460.4157 466.1944 471.8918 463.8568 478.8019 479.3655 483.3851 489.0284 489.1084 494.6429 480.4317 503.3495 478.4636 503.7784 477.3416 478.1588 536.8846 536.8495 520.2338 547.1129 557.0603 568.9059 585.9676 572.5774 574.4406 567.1185 564.0374 562.4733 560.9567 556.1884 556.2618 559.8834 588.7546 571.0655 585.0529 573.1757 574.9246 571.0859 570.4759 559.5788 568.2879 557.439 555.9406 575.2698 568.6083 570.1373 577.5554 559.6747 551.2408 553.3078
387.7328 383.5606 380.9884 376.101 381.5842 401.2726 429.7441 417.1354 439.1846 437.2283 459.6829 453.2415 453.997 470.5881 466.6103 497.3383 472.0684 493.4839 488.4216 479.3902 483.4915 485.4033 499.6813 479.2364 470.3361 467.5955 484.8936 479.1791 485.6798 498.6249 507.1574 532.2133 525.1417 542.1939 555.5479 544.2715 548.2283 549.5798 551.2931 549.8406 563.1379 568.967 555.9445 545.4907 534.7139 530.8276 551.7585 577.7867 576.1541 549.1039 566.2067 549.976 548.8619 557.762 561.1833 558.6384 550.75 554.8191 556.0318 547.3665 560.2409 552.7889 544.3325
398.3786 395.2197 383.0441 379.3952 382.2981 452.1519 412.8033 409.1454 420.5777 417.0418 450.961 444.239 437.2302 470.8675 496.306 462.1407 485.814 469.3863 467.8066 477.4777 489.1046 471.8338 483.2696 463.6492 448.8449 493.5554 508.0801 521.5295 526.0594 528.2812 530.7524 555.0014 560.91 572.7532 589.187 567.7603 567.3247 576.5258 578.7897 552.1027 538.1181 556.9933 557.7905 552.6147 546.8427 548.7839 503.0565 520.368 552.2875 580.8027 562.3847 524.3495 543.65 520.3339 540.5878 546.9901 539.459 554.6548 555.3012 546.6077 547.3412 539.327 509.8819
405.8141 399.9824 392.2218 386.053 378.9031 414.1946 428.5006 433.6145 438.9012 455.6948 472.3594 459.6327 449.6039 471.4225 465.4705 467.8631 483.8351 452.2933 456.4983 458.6152 457.6685 477.75 463.0978 472.1334 474.1038 451.9375 460.6652 485.2625 510.1023 545.4041 548.5285 528.8998 491.2542 477.8004 530.7855 539.2611 529.439 486.9526 505.0548 501.9344 521.4406 492.1242 520.9847 510.3103 529.2823 519.6492 517.8471 508.8819 520.5934 482.2259 495.1621 510.5138 532.9446 521.7945 508.132 539.8961 534.7075 545.619 542.399 540.7923 522.616 537.3765 536.1646
418.683 410.3933 401.1135 387.6988 384.3593 399.6513 412.3394 424.3236 444.0713 428.7894 465.9754 447.6988 456.9363 452.6862 480.9154 457.0114 471.7766 472.3643 485.1186 462.5824 478.1116 463.4554 467.1834 460.4505 457.2343 446.1729 463.7553 479.0498 527.624 538.8254 531.855 488.937 463.9482 440.7171 440.2073 434.1682 447.7293 451.9399 468.3809 505.0205 520.7601 535.0131 522.2707 512.1095 488.4682 497.5349 511.616 507.3019 481.6022 493.1087 500.8691 520.0137 516.7823 496.4568 504.9691 545.111 531.8636 511.9083 532.6313 505.206 523.6461 491.394 499.6718
420.6334 411.2508 404.7021 398.5347 390.4373 399.9885 428.1603 462.8988 426.0476 428.7376 437.0671 437.0741 432.9351 449.2962 433.4839 465.735 481.2781 474.7096 476.346 476.8345 465.0435 452.7519 466.3691 480.7956 468.3603 462.1087 440.9581 510.6179 508.6506 516.9236 485.4114 458.0211 469.8496 485.3541 489.1208 504.0934 474.0606 500.8103 504.2328 524.8228 508.3482 508.7534 510.8912 509.2882 521.7703 486.4001 498.9384 494.8566 498.3535 470.0175 494.9246 525.4197 497.8293 485.8356 488.0185 491.2583 525.0025 504.7701 495.6958 485.1465 535.6506 490.5938 509.2725
420.4316 406.6036 403.7416 394.6977 391.7894 401.0724 450.1465 412.437 422.62 410.6955 437.8412 469.0068 445.7971 448.6446 490.2749 457.1113 446.1145 468.2925 471.5084 462.0928 465.8942 462.5271 461.6211 456.5026 455.4397 455.6315 479.7111 502.2844 529.5469 536.5134 534.4103 525.174 531.9729 497.0825 504.0158 504.6987 489.8198 495.5316 520.6873 525.6125 519.7074 523.0477 491.7292 523.9613 501.645 474.6045 479.3131 503.4603 502.2686 484.8683 504.0481 494.0013 511.7759 493.3882 511.708 519.8243 493.0162 494.6281 526.5993 507.5219 502.5141 501.6875 494.9097
429.6113 416.4798 412.3858 386.4852 406.5022 440.4678 435.6181 439.5467 420.1682 424.4699 429.46 465.9283 437.5114 432.7683 456.6011 454.9052 457.4593 450.9747 461.4238 467.5817 463.2275 455.0949 466.4912 458.8871 468.7389 453.2817 454.9683 477.4572 550.4706 559.8286 543.2265 529.0193 538.0746 531.8936 508.8477 512.2263 499.8822 463.6594 505.8013 525.0645 519.7473 520.2797 505.0933 487.6134 464.1666 517.5683 480.536 481.3013 491.8601 507.6701 516.624 500.4398 499.853 514.1842 509.0226 504.2532 504.6223 503.0329 501.513 512.4053 518.1635 521.3689 499.4937
439.4908 429.1192 420.4034 369.9292 411.8234 470.8165 486.2203 484.1841 427.2698 483.4657 436.7373 456.8004 426.299 437.0231 462.2195 471.0782 513.9946 459.6648 451.023 453.6887 461.8894 454.8268 474.95 466.384 464.4405 473.4699 473.3574 477.8232 488.9427 504.7668 578.933 537.0842 517.7095 503.6321 510.6719 462.3158 440.7928 495.5648 504.6518 536.3447 523.1959 507.4991 497.69 471.0879 489.8531 495.7595 479.7646 498.0142 505.7533 480.6546 478.4543 517.6038 509.92 464.6485 477.9615 540.8822 511.6939 514.9377 523.1699 511.335 516.0634 519.4377 508.3118
