Resources/Map/Lvl0_30x30/Ele_DH.asc
ncols         335
nrows         335
xllcorner     3405000
yllcorner     -3375000
cellsize      10000
nodata_value  -99999.0
[rows 81 to 107 of 335, columns 120 to 179 of 335]
-2842.4119 -2893.0002 -3003.2654 -3109.3318 -3207.0735 -3287.4128 -3292.3416 -3274.5684 -3308.6077 -3401.8721 -3504.2908 -3560.5842 -3610.6367 -3668.2805 -3707.3796 -3770.1189 -3844.8284 -3830.4639 -3864.2129 -3917.7197 -3939.1863 -3949.6482 -3989.5789 -4020.3203 -4039.0388 -4050.4575 -4061.9939 -4067.4717 -4079.6208 -4116.9282 -4140.3311 -4157.0166 -4170.75 -4189.4326 -4196.4355 -4191.106 -4199.4595 -4215.9399 -4267.8506 -4373.2925 -4399.6953 -4387.856 -4418.6196 -4452.9795 -4442.373 -4375.2158 -4361.2524 -4385.4507 -4383.9565 -4327.1992 -4253.8599 -4244.5332 -4136.0542 -4066.6147 -4137.8584 -4096.6587 -4137.0298 -4172.4604 -3889.4482 -3476.9368
-2907.0461 -2937.8635 -3023.3984 -3109.3467 -3197.531 -3290.0857 -3312.1086 -3291.314 -3309.2681 -3393.512 -3491.2058 -3545.0371 -3600.9321 -3655.8428 -3697.7798 -3764.0708 -3844.1545 -3844.9001 -3881.739 -3945.1389 -3965.0889 -3971.4875 -3996.0381 -4013.6833 -4026.4045 -4034.5222 -4047.5151 -4059.519 -4069.947 -4104.2813 -4131.7109 -4147.6919 -4172.2466 -4202.1465 -4215.5122 -4206.9004 -4197.0381 -4205.2188 -4255.3145 -4363.9468 -4394.334 -4366.6045 -4416.416 -4465.2109 -4452.1685 -4374.9893 -4357.2905 -4399.4463 -4377.5352 -4327.0967 -4294.6333 -4289.1929 -4299.1387 -4339.3618 -4379.5791 -4328.5044 -4221.748 -4096.8657 -3809.0833 -3253.9631
-2966.0078 -2980.8835 -3053.2847 -3128.4509 -3207.2512 -3292.7393 -3351.5308 -3340.8398 -3350.6201 -3419.5337 -3510.6567 -3558.5635 -3602.8347 -3654.1848 -3689.4475 -3752.9934 -3828.4224 -3871.5852 -3905.5598 -3973.9451 -3990.7759 -3991.8215 -3999.1606 -4007.1499 -4010.8059 -4022.2361 -4050.4294 -4069.8528 -4065.071 -4086.3711 -4113.6226 -4134.8013 -4164.1938 -4187.916 -4198.1782 -4197.1641 -4189.0303 -4210.7881 -4253.3979 -4334.2969 -4380.583 -4361.2612 -4398.3081 -4442.1665 -4443.0684 -4353.9419 -4310.7861 -4360.8921 -4332.7964 -4302.2188 -4301.9551 -4298.686 -4319.4443 -4339.6118 -4341.333 -4315.7788 -4241.3965 -4066.3474 -3784.5024 -3416.4207
-3022.1489 -3028.7129 -3090.7148 -3141.5227 -3189.3994 -3271.2585 -3361.3208 -3390.2236 -3412.5696 -3466.0496 -3537.1892 -3570.9185 -3618.6074 -3675.6199 -3706.2488 -3746.561 -3785.0229 -3844.9321 -3902.8062 -3954.0669 -3969.5923 -3977.2866 -3978.4028 -3991.4761 -3997.3274 -4015.0325 -4055.5146 -4068.3613 -4051.8782 -4069.8994 -4099.3613 -4132.5874 -4155.8667 -4165.3501 -4169.5801 -4169.0942 -4175.2505 -4219.1128 -4259.1353 -4306.8833 -4349.6777 -4339.0015 -4358.1528 -4396.7769 -4400.7363 -4320.3354 -4166.5449 -4078.106 -4029.2158 -4097.3188 -4226.9526 -4290.2603 -4336.5723 -4330.5684 -4308.2642 -4299.8457 -4216.6211 -3983.3765 -3799.019 -3640.1741
-3043.0383 -3073.1084 -3104.1545 -3134.9285 -3180.77 -3261.1309 -3365.8318 -3410.3308 -3430.637 -3468.6326 -3522.8391 -3561.625 -3615.1682 -3707.9209 -3743.4792 -3747.4539 -3754.1245 -3806.4092 -3871.9744 -3896.2009 -3915.1318 -3938.6436 -3947.1335 -3971.9963 -3983.9666 -3994.0967 -4025.1982 -4040.5957 -4034.8198 -4049.5427 -4074.9473 -4116.0781 -4144.5845 -4160.5527 -4156.0928 -4142.6328 -4158.1289 -4210.8457 -4263.9043 -4303.8306 -4318.5674 -4308.0659 -4318.9058 -4341.3955 -4345.7178 -4317.5723 -4029.6309 -3550.0618 -3270.9807 -3465.5425 -3946.0769 -4243.6499 -4357.9248 -4335.1929 -4283.6821 -4279.2842 -4150.3408 -3834.7957 -3768.4233 -3664.4646
-2996.1335 -3045.7649 -3097.8577 -3146.8701 -3202.5112 -3274.4077 -3360.8171 -3403.2813 -3428.6553 -3460.9253 -3512.2256 -3570.5779 -3612.1584 -3714.5569 -3741.9165 -3739.8923 -3758.0352 -3797.4001 -3839.9509 -3869.3489 -3899.2515 -3924.6489 -3938.946 -3957.4966 -3965.7058 -3974.0122 -4003.3706 -4018.1704 -4022.3843 -4033.082 -4052.959 -4093.2537 -4125.4702 -4149.2881 -4142.9424 -4125.251 -4142.3037 -4186.9009 -4237.4282 -4262.2197 -4273.9233 -4279.9644 -4279.4224 -4288.0576 -4314.1011 -4331.3838 -4100.916 -3527.1162 -3076.3545 -3097.7708 -3538.4839 -3949.8105 -4198.9678 -4251.4316 -4195.625 -4220.9634 -4042.4895 -3726.8904 -3711.3289 -3619.1304
-2945.4348 -2998.6995 -3073.5225 -3141.8918 -3216.4441 -3281.6765 -3338.5542 -3389.3367 -3423.5339 -3478.7983 -3522.177 -3588.3674 -3638.9143 -3702.6589 -3715.2593 -3735.4927 -3763.2441 -3792.0776 -3836.0522 -3897.5476 -3923.0176 -3923.2056 -3931.6721 -3939.9753 -3944.4131 -3969.0527 -4005.2595 -3993.6792 -4005.5483 -4021.1948 -4040.0305 -4071.2358 -4098.5879 -4120.1406 -4120.1426 -4116.0986 -4131.272 -4155.083 -4185.9038 -4202.3037 -4224.1655 -4239.3179 -4240.46 -4264.1655 -4290.335 -4308.7153 -4227.6147 -3977.3918 -3654.5981 -3279.6406 -3163.575 -3415.5444 -3718.3667 -3866.4175 -3844.3545 -3908.0303 -3817.8677 -3605.6326 -3560.1392 -3506.0327
-2934.6665 -2996.9934 -3046.448 -3093.5872 -3197.053 -3276.938 -3326.6814 -3377.9229 -3396.1025 -3462.8091 -3513.7373 -3583.814 -3674.1528 -3728.6294 -3724.7053 -3756.8789 -3773.689 -3783.5981 -3862.2878 -3922.728 -3944.821 -3941.5913 -3928.4077 -3928.54 -3931.9829 -3964.6804 -3980.8813 -3973.0413 -3994.0325 -4010.0991 -4027.8862 -4049.7512 -4071.4939 -4088.5061 -4096.8896 -4108.9668 -4121.8755 -4137.4375 -4158.7915 -4174.3662 -4192.2173 -4205.4258 -4215.1636 -4240.1963 -4248.9937 -4256.6646 -4249.6577 -4207.0474 -4054.5884 -3612.4751 -3235.1096 -3285.6416 -3317.8491 -3249.8699 -3102.3257 -3220.7759 -3352.4883 -3128.3237 -3049.1021 -3046.4346
-2961.9658 -3035.553 -3074.1812 -3091.6362 -3172.364 -3262.1233 -3318.7944 -3360.115 -3379.4744 -3425.9412 -3487.6831 -3550.5879 -3657.7886 -3732.0461 -3720.8459 -3745.8511 -3742.9473 -3762.0593 -3848.084 -3884.9954 -3949.6797 -3961.7397 -3930.0195 -3934.9902 -3924.3799 -3944.8242 -3944.0051 -3956.3137 -3985.8416 -4000.3066 -4014.5923 -4031.8679 -4051.4412 -4064.894 -4072.8579 -4091.9922 -4109.6465 -4129.04 -4150.5659 -4158.2168 -4167.5483 -4189.6792 -4217.0791 -4226.7905 -4220.041 -4237.4624 -4242.8354 -4234.1748 -4195.7197 -4025.3352 -3839.5034 -3817.7654 -3619.3284 -3138.1672 -2608.5767 -2512.8381 -2788.5242 -2584.5034 -2461.6643 -2442.0967
-3046.3779 -3142.1555 -3163.9463 -3166.8147 -3205.4565 -3270.4827 -3333.5876 -3359.6506 -3382.9829 -3433.4988 -3505.3853 -3541.542 -3614.6558 -3687.8318 -3686.6885 -3712.3884 -3700.2075 -3732.1467 -3784.4661 -3852.5027 -3918.1279 -3917.3999 -3932.2419 -3955.1887 -3912.3162 -3913.6643 -3919.356 -3935.4492 -3967.1079 -3983.6111 -4000.1724 -4019.5066 -4037.5293 -4050.2368 -4057.7727 -4080.1624 -4103.2847 -4121.4429 -4143.6445 -4145.1787 -4145.585 -4172.6851 -4209.1602 -4221.5903 -4204.3413 -4223.3496 -4225.5024 -4193.8936 -4202.9209 -4205.3018 -4196.1621 -4201.6675 -4082.9106 -3617.2874 -3030.1182 -2699.3164 -2737.3269 -2506.4551 -2415.406 -2475.623
-3108.7986 -3216.8279 -3230.7646 -3238.3818 -3259.5503 -3293.4497 -3350.502 -3364.4944 -3389.1267 -3473.9487 -3584.4834 -3619.7581 -3582.6895 -3615.4404 -3667.2078 -3732.6128 -3690.1431 -3725.77 -3772.0413 -3845.0525 -3859.4453 -3872.9961 -3930.916 -3942.8601 -3888.0198 -3885.0532 -3897.0916 -3918.2778 -3949.6133 -3973.3337 -3990.2146 -4010.6948 -4024.6123 -4036.7427 -4047.8267 -4071.3574 -4095.8103 -4116.0303 -4141.4014 -4148.6494 -4142.5024 -4150.5723 -4165.3115 -4185.2773 -4187.4609 -4205.6851 -4208.9917 -4181.8838 -4196.8921 -4203.1548 -4230.6069 -4303.7339 -4283.6172 -4051.0828 -3709.313 -3397.2771 -3269.5798 -3088.4351 -3038.1462 -3027.1501
-3053.1414 -3145.615 -3174.624 -3187.5657 -3229.4207 -3302.2654 -3331.6375 -3333.4927 -3368.2734 -3452.1252 -3581.481 -3622.8408 -3561.9158 -3578.251 -3671.5439 -3797.4155 -3742.9976 -3758.927 -3795.4373 -3837.4917 -3847.9023 -3876.7195 -3887.4822 -3882.1389 -3858.0642 -3864.4077 -3878.4917 -3907.3994 -3949.1111 -3975.0425 -3984.9531 -4001.989 -4014.6577 -4027.4868 -4041.4397 -4062.4846 -4081.7148 -4101.3125 -4137.124 -4168.5967 -4145.6045 -4125.3071 -4143.3833 -4146.146 -4137.7622 -4184.6909 -4183.8384 -4148.0073 -4174.2427 -4192.3711 -4232.7139 -4343.9087 -4339.8071 -4225.7056 -4065.9055 -3901.2051 -3801.9324 -3776.5269 -3804.5388 -3598.5632
-2977.9116 -3037.1091 -3048.2695 -3072.0012 -3148.6741 -3257.6006 -3294.8049 -3304.5054 -3343.6287 -3398.3057 -3494.834 -3548.698 -3567.7043 -3627.2915 -3733.8103 -3856.8135 -3813.728 -3780.9106 -3801.2515 -3843.9731 -3829.7625 -3838.6794 -3818.5508 -3825.4951 -3833.8276 -3845.6614 -3868.0164 -3901.7668 -3946.8875 -3969.6807 -3980.6233 -3991.8853 -4004.6455 -4022.1084 -4036.6179 -4051.5842 -4065.2891 -4081.8074 -4125.4219 -4173.4502 -4140.0283 -4109.7593 -4121.9629 -4115.0078 -4138.5229 -4195.4707 -4153.2461 -4086.2229 -4135.0811 -4187.9897 -4223.5718 -4321.5308 -4345.7803 -4338.3149 -4236.4067 -4124.5273 -4077.8828 -4095.9868 -4092.5186 -3792.2231
-2980.032 -3023.7175 -3006.3379 -3038.562 -3147.4607 -3299.9094 -3347.4019 -3330.2791 -3344.6621 -3378.2236 -3446.1899 -3496.6848 -3547.772 -3661.8491 -3756.4509 -3793.7942 -3748.4717 -3729.2332 -3761.6235 -3800.0146 -3788.0911 -3786.313 -3784.4368 -3797.8721 -3816.7529 -3836.0479 -3869.9214 -3897.7195 -3933.155 -3956.8354 -3972.8401 -3980.4055 -3991.9702 -4009.0188 -4024.0273 -4035.8455 -4047.0713 -4062.6021 -4093.0667 -4119.0415 -4094.29 -4076.6777 -4087.4043 -4102.3892 -4137.3335 -4173.5415 -4138.2432 -4103.4736 -4139.3618 -4173.248 -4187.5244 -4246.9937 -4315.0249 -4362.3013 -4298.585 -4177.1294 -4169.8125 -4198.0415 -4069.2441 -3726.8601
-2979.2454 -3033.5396 -3063.1877 -3129.866 -3214.7585 -3287.531 -3303.3066 -3301.3955 -3329.4995 -3374.4331 -3450.1841 -3504.5662 -3486.7568 -3577.7947 -3623.8208 -3661.1572 -3678.7129 -3689.7053 -3716.7612 -3757.5952 -3764.8228 -3746.5684 -3773.717 -3784.6511 -3805.0222 -3841.3235 -3872.7236 -3890.1689 -3919.3303 -3940.4675 -3955.4929 -3964.9551 -3975.7344 -3990.6243 -4005.5247 -4018.1619 -4030.7593 -4040.9297 -4063.7205 -4085.5232 -4070.5093 -4053.3511 -4072.405 -4129.1123 -4138.3691 -4140.6294 -4127.5859 -4142.6255 -4166.1421 -4149.9395 -4134.7178 -4158.6333 -4219.2188 -4250.6577 -4282.522 -4186.0332 -4159.1411 -4161.5498 -3995.5139 -3723.3376
-3053.6528 -3116.6804 -3142.7317 -3190.0745 -3245.0464 -3245.3149 -3250.0449 -3295.6873 -3350.7046 -3422.2834 -3502.7351 -3534.5181 -3452.98 -3492.269 -3524.0769 -3605.0701 -3645.1421 -3671.075 -3686.7715 -3722.6541 -3740.5923 -3729.3203 -3752.0271 -3777.6765 -3817.2288 -3846.7786 -3867.3645 -3882.2844 -3903.1902 -3923.4241 -3939.5715 -3948.3916 -3958.6646 -3974.6826 -3986.5791 -3993.7424 -4006.1265 -4018.9973 -4054.5442 -4113.0229 -4097.6646 -4060.5859 -4056.5703 -4098.1519 -4119.7808 -4126.748 -4119.6094 -4165.2798 -4169.1934 -4088.9683 -4068.7744 -4106.4214 -4149.5718 -4185.8521 -4258.2798 -4193.1875 -4158.2979 -4085.2324 -3897.0017 -3708.5261
-3092.1221 -3106.3511 -3074.6423 -3088.7341 -3173.4983 -3213.2639 -3237.5107 -3308.9966 -3355.7532 -3415.2986 -3456.4563 -3475.5449 -3460.887 -3473.6731 -3508.345 -3571.5198 -3596.7876 -3628.3413 -3649.604 -3694.4646 -3739.2585 -3737.4773 -3728.5591 -3767.448 -3842.7285 -3852.728 -3857.3811 -3871.6758 -3890.9983 -3911.439 -3926.6853 -3929.9988 -3938.4771 -3955.9351 -3966.4709 -3972.3081 -3982.2771 -4000.1807 -4030.926 -4088.7512 -4080.6211 -4041.8914 -4016.9407 -4009.5439 -4043.9246 -4081.8232 -4107.8579 -4148.2964 -4124.0776 -4073.6836 -4052.8892 -4093.6726 -4115.1733 -4145.3501 -4227.3726 -4189.627 -4184.2632 -4135.8921 -3931.8208 -3702.7798
-2912.6353 -2911.999 -2903.9106 -2928.4065 -3030.7502 -3110.3262 -3194.9109 -3300.8792 -3305.6187 -3336.6343 -3369.3364 -3416.9285 -3485.4182 -3470.5393 -3477.2605 -3529.9463 -3554.7993 -3591.9915 -3621.0481 -3644.0935 -3705.4861 -3725.8362 -3720.6108 -3752.4448 -3819.4504 -3829.3281 -3845.1477 -3866.8977 -3887.7126 -3898.0823 -3903.5388 -3906.8257 -3916.4045 -3932.5803 -3945.6987 -3952.666 -3962.0344 -3972.8127 -3974.7974 -4010.2415 -4021.0432 -4005.0781 -4003.5164 -3991.1787 -4021.9214 -4052.8987 -4115.6392 -4158.0908 -4131.5195 -4144.7446 -4095.3289 -4083.1445 -4083.7642 -4110.3882 -4197.5742 -4187.0469 -4159.5269 -4153.9355 -4079.3152 -3943.9063
-2857.6343 -2876.5559 -2820.3574 -2819.7219 -2952.2107 -3066.6689 -3147.9551 -3223.3452 -3227.4768 -3284.1692 -3341.8325 -3372.748 -3440.8494 -3412.7109 -3439.1982 -3520.8953 -3536.7283 -3563.0696 -3626.2927 -3645.0281 -3675.5764 -3701.0579 -3716.6921 -3762.9614 -3815.6052 -3824.0479 -3829.9021 -3850.0405 -3869.5247 -3872.2869 -3880.4663 -3883.1423 -3896.0574 -3911.2673 -3924.8499 -3931.5916 -3941.7002 -3947.1782 -3942.21 -3980.0596 -4001.7422 -3989.9902 -4020.916 -4032.9702 -4050.9229 -4063.2986 -4109.1846 -4180.771 -4153.877 -4116.9316 -4097.1841 -4090.1228 -4060.6968 -4057.3533 -4172.8086 -4174.125 -4059.9956 -4172.2847 -4167.5874 -4117.8442
-2927.4622 -2929.6162 -2825.0398 -2780.9778 -2913.1116 -3043.2017 -3099.2007 -3142.5007 -3183.8169 -3235.3557 -3275.4944 -3297.1091 -3351.022 -3367.509 -3429.2781 -3516.9602 -3523.3923 -3526.4756 -3578.9612 -3622.7856 -3649.001 -3679.1528 -3704.3218 -3766.9695 -3828.6738 -3819.1458 -3804.7668 -3822.0776 -3830.3181 -3843.406 -3854.6021 -3855.6201 -3872.9243 -3886.554 -3904.7214 -3918.4216 -3927.7234 -3933.4561 -3949.209 -4009.363 -4047.0596 -4017.8005 -4004.8098 -4030.0339 -4080.5059 -4078.7764 -4075.6357 -4131.3687 -4100.2041 -4111.6572 -4106.1143 -4091.3396 -4099.3511 -3916.4199 -3798.0503 -3467.3513 -3047.6497 -3674.207 -4071.5784 -4135.5024
-3009.7373 -2937.856 -2804.1787 -2749.7104 -2862.2827 -2988.5027 -3044.5942 -3075.3518 -3144.0652 -3197.6152 -3208.2522 -3247.0574 -3322.0171 -3352.9863 -3441.4524 -3500.4312 -3482.6045 -3502.7417 -3549.1143 -3582.2788 -3625.3779 -3653.5032 -3679.9199 -3748.4688 -3801.4207 -3782.1765 -3778.2339 -3796.4185 -3806.8923 -3825.1118 -3826.0046 -3829.5754 -3851.3179 -3865.481 -3882.8137 -3893.5369 -3904.5923 -3912.7021 -3942.5017 -3986.0244 -3997.5586 -4005.2783 -3998.1914 -4014.8079 -4092.9065 -4093.5972 -4061.8484 -4082.8887 -4062.1589 -4111.9639 -4064.406 -4123.3906 -4077.7051 -2813.6689 -1566.1726 -977.2454 -676.449 -1369.0199 -2608.5991 -3817.1733
-3036.134 -2872.9353 -2703.4561 -2678.3748 -2823.4858 -2935.9417 -3001.7263 -3052.4849 -3108.8718 -3172.6797 -3181.6536 -3189.064 -3285.2988 -3338.3164 -3420.1768 -3433.292 -3448.6216 -3477.8831 -3494.5 -3507.1272 -3572.5645 -3642.0728 -3695.543 -3746.5527 -3756.3464 -3735.0889 -3755.0789 -3774.6294 -3779.3591 -3792.1958 -3797.0439 -3813.7578 -3830.2273 -3839.4058 -3857.2585 -3864.6572 -3874.1074 -3887.0308 -3906.8149 -3929.2739 -3953.1492 -3981.2715 -3979.7351 -3981.9739 -4054.6174 -4077.9014 -4077.386 -4089.3838 -4077.1917 -4109.9829 -4110.8647 -4222.8975 -4035.4919 -2232.9082 -544.1217 -292.8728 -235.4378 -273.6103 -1316.6063 -3341.459
-2999.2356 -2790.0439 -2601.7534 -2617.7786 -2796.4697 -2914.7561 -2968.3157 -3017.9321 -3093.6785 -3164.1204 -3140.3235 -3119.2214 -3212.8916 -3279.0774 -3332.4966 -3360.001 -3422.9182 -3433.0659 -3424.4958 -3435.3491 -3511.5942 -3635.394 -3692.427 -3740.8184 -3719.6477 -3690.8723 -3737.8901 -3763.9851 -3757.4722 -3762.4712 -3770.7117 -3788.2439 -3802.3105 -3813.5557 -3827.2092 -3833.8335 -3840.0662 -3863.3467 -3890.3528 -3908.8315 -3937.1023 -3941.7969 -3919.9961 -3881.8235 -3924.5386 -4007.2708 -4034.3865 -4065.739 -4102.7046 -4103.1045 -4096.2939 -4234.8179 -4111.1772 -2882.0273 -1126.478 -628.9897 -952.4412 -1511.6884 -2612.4338 -3717.7239
-2937.1685 -2696.4336 -2508.9263 -2556.7805 -2752.7803 -2882.988 -2947.4883 -3002.8286 -3092.9036 -3124.2354 -3096.2017 -3098.3413 -3179.0588 -3254.6851 -3313.8716 -3359.6582 -3428.136 -3426.3989 -3408.5664 -3456.6375 -3524.9724 -3634.7751 -3697.1665 -3764.2456 -3690.6289 -3653.9897 -3719.5254 -3753.6646 -3738.1887 -3731.9336 -3741.2458 -3753.9893 -3768.3008 -3786.5986 -3794.1321 -3797.825 -3803.3936 -3829.1924 -3853.6687 -3878.7932 -3914.7695 -3907.8186 -3881.7056 -3863.699 -3896.3074 -3975.9146 -4011.1743 -4051.3367 -4097.2495 -4129.5127 -4055.9299 -4142.3872 -4233.3994 -3916.1899 -3152.7258 -2699.5276 -2756.3584 -2861.6479 -3457.4495 -4097.8511
-2823.7954 -2611.2673 -2420.1816 -2468.8127 -2660.4448 -2802.0281 -2909.6355 -2986.2837 -3084.6304 -3063.46 -3073.6592 -3132.5693 -3189.8608 -3219.3628 -3297.54 -3348.407 -3366.4197 -3410.1553 -3433.582 -3448.3547 -3478.616 -3579.0334 -3665.9497 -3719.9685 -3638.1018 -3640.3882 -3717.3706 -3741.908 -3700.603 -3699.936 -3715.9592 -3725.6943 -3737.6914 -3753.9861 -3765.4863 -3772.1738 -3777.2939 -3802.2751 -3822.6543 -3844.2576 -3876.6194 -3897.6128 -3887.438 -3888.3867 -3925.6184 -3962.4294 -4020.5457 -4018.6184 -3992.5134 -4077.3044 -4123.4551 -4174.9468 -4229.8101 -4209.5 -4018.1631 -3821.8757 -2913.9705 -1289.7867 -1645.8817 -3614.6113
-2712.9089 -2510.9802 -2298.9739 -2372.7495 -2536.7119 -2697.2427 -2850.5964 -2967.6975 -3037.873 -3044.8965 -3111.3384 -3122.7703 -3126.3652 -3162.7314 -3220.208 -3220.7993 -3251.7881 -3335.72 -3386.9871 -3376.6216 -3374.0891 -3477.9146 -3600.2534 -3653.248 -3627.415 -3662.6536 -3676.2017 -3685.6863 -3677.8599 -3678.28 -3694.0337 -3698.0759 -3705.2515 -3719.4294 -3739.8225 -3750.76 -3757.5415 -3777.6877 -3792.9331 -3823.8818 -3868.2769 -3903.7539 -3904.1282 -3873.4727 -3894.3467 -3922.8662 -4019.8733 -3992.2869 -3964.0959 -4001.3115 -4066.3345 -4147.373 -4131.375 -4154.6284 -4081.0464 -3903.7678 -2825.1001 -1077.375 -1108.5948 -3185.7864
-2636.3804 -2466.7441 -2213.4365 -2261.2437 -2405.2363 -2573.7576 -2761.3906 -2877.8242 -2983.8342 -3046.2046 -3096.6755 -3043.9448 -3038.4109 -3088.1897 -3178.1113 -3271.2788 -3231.1296 -3295.7473 -3345.2087 -3345.8711 -3352.5249 -3419.8286 -3514.7356 -3597.1379 -3650.2471 -3674.0034 -3651.5132 -3663.1514 -3671.7129 -3659.6572 -3672.4502 -3663.9639 -3668.4001 -3688.9573 -3722.9131 -3741.8032 -3748.4666 -3763.9998 -3780.2542 -3824.1755 -3889.8403 -3904.9236 -3884.1003 -3834.6836 -3823.731 -3860.7288 -3968.29 -3976.3281 -3995.5752 -4051.4978 -4044.958 -4010.4663 -4026.6733 -4045.5002 -4093.8564 -4055.8794 -3544.4189 -2917.6216 -3037.8818 -3768.9661
