Resources/Map/Lvl0_30x30/Ele_FE.asc
ncols         335
nrows         335
xllcorner     -6645000
yllcorner     -10075000
cellsize      10000
nodata_value  -99999.0
[rows 208 to 233 of 335, columns 0 to 59 of 335]
-513.3409 -551.3738 -592.8468 -638.0628 -684.5582 -722.0971 -747.006 -773.6844 -815.4082 -861.8575 -888.7481 -897.8286 -900.1644 -901.4133 -902.6622 -903.889 -905.049 -906.5406 -908.3113 -908.9384 -910.2322 -911 -910.2549 -907.6808 -903.9909 -900.002 -896.58 -893.3385 -890.6441 -889.1064 -888.727 -889.514 -891.4496 -893.834 -895.6694 -895.7954 -894.3054 -891.5396 -888.8307 -886.3329 -883.752 -881.2264 -878.9929 -877.6511 -875.6779 -873.5204 -870.579 -866.1064 -862.1703 -859.9944 -855.0405 -847.0646 -838.0188 -831.345 -828.6606 -828.4671 -827.3316 -826.0582 -823.6411 -820.049
-472.4789 -507.0722 -535.5921 -564.7156 -601.0892 -641.6245 -681.165 -721.9474 -769.683 -818.1624 -855.9829 -881.9946 -899.4553 -907.2206 -910.8745 -913.3965 -914.0164 -913.1982 -912.4023 -911.7582 -911.8492 -911.6094 -911.2585 -911.6323 -910.962 -909.704 -908.4998 -907.2956 -905.6927 -903.2319 -900.3951 -896.6472 -893.1791 -890.5685 -887.9028 -886.252 -885.7734 -885.5303 -885.3199 -885.1377 -885.6382 -887.0898 -888.7695 -891.2649 -893.1289 -896.3748 -899.8378 -903.1271 -901.4179 -897.6338 -891.7015 -885.3951 -877.1329 -868.1953 -861.4209 -854.9702 -849.2004 -842.5817 -835.8699 -828.7435
-359.5166 -397.5775 -436.3824 -478.8963 -522.2582 -559.5972 -595.7353 -639.7216 -691.5318 -742.0217 -785.2159 -822.7905 -855.0309 -881.9445 -900.2844 -912.6978 -919.7454 -923.3108 -922.9951 -921.7248 -920.1063 -919.1308 -918.4855 -918.529 -918.132 -917.1099 -916.0879 -914.6339 -912.626 -910.0747 -907.0086 -903.3541 -899.2744 -895.8103 -893.32 -891.2932 -889.9794 -889.6636 -890.3216 -891.9534 -892.5121 -894.7919 -896.3088 -897.4545 -898.5577 -899.7642 -900.9925 -902.2208 -901.3483 -898.3617 -893.2869 -889.0332 -883.7505 -880.243 -876.0027 -872.5175 -867.3317 -861.9681 -855.4944 -847.3642
-278.7749 -307.8339 -348.2719 -399.1703 -450.0098 -493.9381 -533.6973 -578.8211 -632.7668 -683.1494 -723.09 -762.6409 -808.1776 -851.977 -880.6078 -901.6913 -921.8881 -938.0037 -946.7011 -948.747 -948.6682 -948.3058 -947.2999 -945.9664 -943.6182 -940.645 -936.8297 -932.7683 -929.7487 -927.1901 -924.0892 -920.5487 -917.9834 -916.4418 -914.7656 -913.3318 -911.662 -909.0431 -906.8218 -904.9501 -903.7392 -902.1323 -901.0059 -900.0767 -898.3479 -897.2638 -895.493 -894.451 -892.5539 -891.3749 -889.246 -887.1077 -884.9259 -882.8682 -881.654 -879.5562 -876.9828 -870.8914 -864.6063 -857.2451
-208.2474 -228.6235 -256.6626 -295.848 -340.6428 -383.685 -423.6092 -461.7293 -506.3488 -561.2709 -628.5906 -701.1597 -770.29 -825.5638 -869.4313 -903.1189 -927.616 -944.0265 -955.922 -963.6773 -969.758 -972.7726 -973.0572 -971.6602 -969.2191 -965.7438 -962.0897 -958.545 -954.0073 -948.9573 -943.8945 -938.8214 -934.8925 -932.4459 -931.0142 -929.9831 -928.2996 -926.9067 -925.8531 -924.807 -922.3148 -917.7719 -914.3026 -911.2847 -909.883 -908.0176 -905.9769 -905.7191 -906.5772 -907.5493 -907.5531 -906.5363 -902.5336 -899.4573 -895.3834 -890.502 -887.2509 -881.9954 -875.5742 -867.2538
-155.1672 -165.0102 -181.6356 -208.3741 -241.7267 -277.4233 -311.2057 -348.1352 -391.5956 -447.9134 -521.1768 -601.2426 -673.7249 -730.587 -779.8126 -829.4675 -875.0385 -909.1304 -932.8072 -951.4717 -969.0174 -979.9738 -984.3342 -985.7263 -987.3663 -987.5438 -986.5172 -985.4907 -983.9782 -981.4225 -978.8811 -975.7311 -971.6431 -968.1521 -965.7051 -963.6629 -961.6194 -960.2589 -959.9411 -959.9393 -958.4384 -955.6195 -950.9681 -946.6758 -944.2648 -941.3628 -938.2985 -934.3351 -930.2557 -927.1227 -925.0303 -922.9881 -919.9143 -915.7919 -910.6254 -904.4953 -898.3681 -892.3614 -886.957 -879.8007
-97.7214 -120.8139 -147.9672 -175.439 -200.0418 -223.41 -249.6358 -284.9814 -324.2958 -365.1362 -412.7786 -470.4415 -532.8535 -596.1985 -664.9701 -738.2553 -802.6475 -849.95 -887.5704 -924.3204 -960.963 -990.9721 -1010.0259 -1018.3974 -1022.3166 -1024.7881 -1027.4337 -1029.9614 -1032.5531 -1034.0901 -1034.0642 -1031.9492 -1027.725 -1022.5583 -1017.3536 -1012.1664 -1006.3332 -1000.8365 -997.1105 -995.4789 -994.4514 -994.201 -992.6456 -991.4255 -987.1199 -982.0401 -976.0687 -969.9388 -963.8066 -957.6744 -952.4536 -948.2339 -946.0445 -941.9196 -936.617 -928.2994 -918.075 -907.9352 -898.8156 -890.5298
-177.5226 -200.3002 -221.1925 -241.7269 -259.3776 -273.2461 -285.1627 -294.8658 -304.7949 -323.4432 -357.6043 -408.3165 -473.3669 -547.3324 -619.7372 -686.6133 -745.9724 -800.6445 -855.4612 -912.4655 -967.1159 -1010.3937 -1035.644 -1045.1279 -1048.9185 -1051.637 -1055.0696 -1058.3845 -1061.3287 -1062.6945 -1063.0173 -1061.2811 -1056.4763 -1048.6331 -1038.946 -1030.1062 -1021.4097 -1013.6638 -1008.6689 -1006.0482 -1004.7537 -1004.4386 -1004.3862 -1003.5276 -1002.4276 -998.8487 -993.9216 -987.9505 -981.9 -975.8138 -967.8659 -958.8263 -951.7404 -947.5372 -941.2993 -933.7727 -923.1723 -910.6831 -897.9417 -883.7973
-407.4179 -407.454 -410.1119 -409.4837 -405.841 -405.8022 -408.6128 -406.5724 -402.0549 -404.0394 -416.6546 -446.9856 -496.2459 -557.7538 -622.552 -689.1268 -757.779 -829.9297 -904.399 -971.7767 -1022.4741 -1053.7035 -1069.4146 -1075.2172 -1076.0955 -1075.1119 -1073.6488 -1072.0383 -1070.9202 -1068.3108 -1064.6506 -1060.8376 -1055.4805 -1049.2451 -1042.4833 -1035.9521 -1030.4161 -1024.6881 -1020.7128 -1018.4206 -1017.1435 -1015.399 -1014.1632 -1012.3775 -1009.454 -1006.3228 -1002.3659 -997.374 -993.1306 -988.1503 -983.0434 -977.0678 -971.1447 -966.1557 -958.9539 -948.4733 -933.8518 -916.1478 -895.6749 -869.5648
-493.2655 -492.364 -492.1761 -492.0886 -492.001 -493.7864 -493.9113 -492.9155 -493.3648 -501.0266 -526.7558 -564.4894 -604.7278 -648.4816 -702.9825 -769.212 -845.1178 -922.0923 -989.8028 -1039.0393 -1068.817 -1085.5369 -1093.8175 -1097.6598 -1098.8904 -1098.5588 -1097.2211 -1095.3124 -1092.9537 -1089.6864 -1084.89 -1078.6038 -1071.7399 -1064.1654 -1057.1874 -1050.405 -1043.9996 -1039.0878 -1035.4426 -1033.569 -1032.2844 -1031.0659 -1029.9368 -1028.8971 -1025.4336 -1021.3594 -1017.2712 -1012.2792 -1007.0898 -1003.0023 -997.9487 -993.5757 -989.8176 -986.8839 -980.9536 -971.1934 -956.5113 -937.9893 -915.52 -889.6896
-531.4213 -530.7288 -529.9383 -529.1359 -528.2308 -528.297 -529.4066 -528.8815 -531.2429 -541.5245 -566.1305 -600.3437 -645.1098 -704.9103 -773.5934 -844.0645 -911.6288 -972.8138 -1024.5948 -1063.6276 -1087.5824 -1101.0103 -1107.8914 -1110.3173 -1111.3639 -1111.947 -1111.9622 -1111.439 -1110.7977 -1110.5236 -1109.363 -1107.3103 -1103.7446 -1098.4146 -1091.5099 -1084.9554 -1079.6333 -1073.3395 -1067.0347 -1062.3109 -1058.1129 -1054.5208 -1052.004 -1050.4683 -1047.5313 -1043.4781 -1039.1853 -1033.7794 -1027.4034 -1023.4797 -1018.0231 -1010.4896 -999.1669 -987.7941 -975.9298 -965.0308 -951.6561 -937.5119 -921.5458 -906.4516
-563.8925 -565.9536 -567.2034 -568.1159 -568.1732 -569.025 -570.9156 -574.1089 -577.0898 -580.7974 -592.9305 -625.0534 -683.7543 -755.9858 -826.3251 -888.2719 -940.7388 -986.3332 -1028.9556 -1067.9946 -1100.4174 -1122.5726 -1133.58 -1137.5305 -1139.3606 -1140.2238 -1140.5529 -1139.6155 -1137.8507 -1135.0341 -1132.6888 -1130.2495 -1128.1237 -1125.8005 -1122.6547 -1118.817 -1114.5111 -1109.5635 -1104.4124 -1099.3022 -1094.386 -1089.0679 -1084.876 -1080.9467 -1076.3696 -1071.656 -1065.8325 -1057.121 -1047.9351 -1038.6143 -1029.2837 -1018.2258 -1005.9687 -993.6476 -983.521 -975.5769 -967.6032 -954.7874 -937.6756 -914.558
-602.5749 -604.3073 -606.0257 -606.1747 -606.1747 -606.3226 -608.235 -614.2825 -625.1014 -638.0313 -658.5203 -691.6854 -736.9571 -787.1306 -839.5798 -891.9459 -943.6621 -995.0408 -1043.2183 -1082.7296 -1110.9861 -1130.6416 -1144.0057 -1152.6973 -1158.9304 -1163.1558 -1165.2223 -1165.4585 -1162.9515 -1159.5079 -1155.8121 -1151.8591 -1148.7211 -1145.964 -1142.6829 -1138.5155 -1133.4619 -1127.9989 -1122.9769 -1118.2858 -1114.7983 -1113.2754 -1111.4597 -1108.6 -1106.4982 -1104.0887 -1099.0691 -1091.0751 -1082.2383 -1072.6877 -1063.0854 -1053.0332 -1040.7635 -1026.704 -1008.1931 -985.8701 -959.2294 -929.058 -896.0008 -860.7785
-628.6746 -628.0703 -628.1373 -628.1525 -628.6489 -631.3427 -640.3115 -658.1459 -678.9947 -700.2392 -722.8075 -751.475 -788.2758 -832.9045 -880.4147 -922.3206 -956.5848 -988.439 -1020.4835 -1050.2841 -1076.7504 -1099.4464 -1117.423 -1129.8733 -1139.1481 -1145.8904 -1151.2427 -1155.6718 -1159.3612 -1162.7823 -1164.6207 -1164.6953 -1164.2815 -1163.996 -1163.858 -1163.7202 -1163.5824 -1162.6428 -1160.7227 -1159.0165 -1156.8829 -1155.667 -1153.8907 -1151.031 -1149.0605 -1144.3385 -1137.1353 -1128.1324 -1120.6257 -1114.2426 -1107.7656 -1097.6173 -1083.3737 -1064.2349 -1040.0082 -1008.9304 -968.2531 -922.4448 -874.8549 -828.2235
-653.5193 -653.799 -654.5549 -654.9896 -658.4432 -670.1241 -689.3629 -714.7425 -742.6255 -772.7831 -807.4266 -840.6229 -870.2635 -893.7755 -913.4945 -932.3056 -954.7 -981.3589 -1010.6896 -1038.8654 -1064.5875 -1086.9523 -1104.0938 -1116.9286 -1126.3037 -1134.0514 -1141.8721 -1149.7085 -1156.4722 -1161.8881 -1165.7421 -1168.8999 -1171.7279 -1175.4441 -1180.1711 -1185.1805 -1190.1356 -1193.6534 -1196.2192 -1197.9341 -1199.2084 -1199.8083 -1198.6194 -1195.999 -1191.7831 -1186.4106 -1178.4023 -1169.8246 -1161.428 -1153.4463 -1143.3914 -1126.0864 -1100.8035 -1072.2679 -1044.3861 -1013.9042 -979.9655 -943.3283 -903.0545 -852.8751
-689.2637 -689.5466 -689.585 -691.656 -698.9902 -715.6899 -741.6647 -774.0325 -805.7814 -838.3074 -871.9745 -903.2885 -931.4498 -953.5042 -972.201 -992.0765 -1010.8629 -1029.202 -1046.5852 -1064.9121 -1083.1251 -1099.1219 -1111.7334 -1119.7893 -1124.1521 -1126.7402 -1129.5278 -1133.4705 -1139.251 -1146.2244 -1152.635 -1157.6029 -1162.896 -1169.4874 -1177.6066 -1186.9481 -1196.0714 -1203.3971 -1208.7141 -1212.4238 -1214.7994 -1216.6763 -1217.0836 -1215.629 -1213.4434 -1210.5043 -1205.8657 -1199.6815 -1190.5502 -1178.2075 -1158.0059 -1130.3185 -1097.6284 -1063.3105 -1029.9353 -993.7753 -948.5927 -895.0918 -835.2609 -768.2669
-711.2593 -709.7719 -710.0399 -714.2218 -728.3138 -753.7802 -791.0166 -836.6972 -879.1905 -917.056 -947.6742 -974.9476 -998.9192 -1017.7518 -1031.7596 -1042.5725 -1049.2007 -1053.7532 -1059.1913 -1066.2225 -1075.4773 -1085.6573 -1094.2557 -1100.1136 -1103.4557 -1104.2206 -1102.5253 -1100.7404 -1102.6835 -1110.5984 -1120.613 -1129.1584 -1136.6501 -1145.0211 -1154.787 -1165.2067 -1175.7175 -1184.6672 -1191.9697 -1197.0447 -1199.8774 -1201.0256 -1200.8208 -1199.5175 -1196.1326 -1191.3094 -1184.5696 -1174.8442 -1161.9866 -1142.4313 -1112.3995 -1076.9176 -1040.1652 -1009.9009 -983.6263 -948.0761 -893.5211 -823.2581 -747.2589 -673.8115
-715.1801 -717.0486 -720.261 -729.6891 -749.9959 -784.1986 -829.0367 -876.5654 -919.2187 -954.4765 -982.4966 -1004.7449 -1019.0662 -1025.0762 -1027.3911 -1028.5509 -1030.2111 -1032.7937 -1037.4282 -1043.0603 -1049.0319 -1055.1865 -1060.749 -1066.094 -1071.5205 -1075.7021 -1078.877 -1082.1417 -1086.6477 -1092.6013 -1098.3121 -1102.3428 -1105.4514 -1110.191 -1117.1736 -1125.333 -1133.9476 -1142.4783 -1149.6934 -1155.8198 -1160.0341 -1161.3176 -1160.2627 -1157.298 -1149.7074 -1135.5377 -1114.7461 -1089.1824 -1059.127 -1021.9832 -977.3156 -926.6609 -872.9199 -822.2271 -774.0289 -726.6874 -679.6639 -633.3837 -590.8398 -556.8627
-834.3962 -842.709 -848.3804 -856.8929 -876.5081 -909.1588 -954.7999 -1004.0566 -1045.5197 -1075.4539 -1093.8624 -1104.328 -1111.7567 -1117.0007 -1121.3773 -1125.4991 -1128.3445 -1130.2516 -1131.6034 -1132.6693 -1133.7135 -1134.4978 -1135.4875 -1136.5604 -1137.1656 -1137.204 -1136.7555 -1136.5549 -1137.0823 -1138.6195 -1142.2426 -1147.6383 -1154.4177 -1162.8945 -1172.842 -1183.0138 -1193.7389 -1203.5625 -1212.0553 -1219.4102 -1224.3954 -1226.761 -1226.4812 -1221.6624 -1205.6827 -1177.2821 -1136.6478 -1084.847 -1024.6547 -957.4517 -888.194 -822.644 -760.8194 -698.836 -640.1786 -594.3053 -569.1879 -556.0684 -549.7006 107.0615
-921.2924 -932.1671 -936.9084 -941.8088 -952.6033 -975.4121 -1008.223 -1041.9589 -1071.7943 -1094.7448 -1111.1101 -1122.0769 -1129.6746 -1134.9078 -1140.3289 -1145.4733 -1149.1838 -1151.4379 -1152.474 -1153.4949 -1153.9309 -1154.5034 -1154.3551 -1154.1185 -1153.6285 -1152.9742 -1151.9496 -1151.03 -1150.978 -1151.6642 -1154.141 -1158.9551 -1166.0615 -1175.2457 -1185.4534 -1195.692 -1205.6378 -1213.1873 -1217.8101 -1218.0613 -1214.6829 -1208.8008 -1199.6716 -1185.7946 -1161.9128 -1126.1062 -1074.8501 -1006.0704 -929.0815 -853.3445 -786.0201 -729.7496 -679.1821 -629.0399 -584.1991 -554.0373 -541.8235 -540.2093 -543.3849 -550.9907
-939.8452 -949.9717 -959.5126 -972.8472 -989.4248 -1012.0928 -1040.048 -1067.9912 -1092.2968 -1110.4043 -1123.9164 -1132.2673 -1136.1129 -1138.4923 -1142.7986 -1148.1904 -1154.3582 -1159.2821 -1163.6748 -1168.618 -1175.0155 -1181.4202 -1186.7892 -1190.4186 -1194.8723 -1200.6294 -1207.3728 -1214.5767 -1221.7086 -1227.9745 -1233.9233 -1238.4402 -1241.4884 -1243.6619 -1245.2169 -1247.071 -1247.8455 -1246.301 -1239.9661 -1226.5052 -1205.9174 -1178.4076 -1146.8743 -1115.1926 -1084.4459 -1051.2391 -1009.2133 -953.7396 -890.8233 -826.7226 -769.4739 -717.9888 -671.4894 -629.5297 -592.5259 -564.6345 -551.5847 -548.7645 -551.0881 -555.1704
-1047.8578 -1052.7844 -1057.7787 -1065.3629 -1075.803 -1090.3364 -1107.3508 -1126.7174 -1145.5856 -1160.8467 -1171.3845 -1175.8906 -1176.4321 -1176.4321 -1176.8392 -1179.9893 -1186.8932 -1195.7225 -1205.7103 -1217.4342 -1231.1836 -1244.4041 -1254.4827 -1261.29 -1268.061 -1276.5116 -1286.5078 -1296.4764 -1305.0333 -1311.7314 -1316.0287 -1318.283 -1318.6689 -1316.7345 -1313.4805 -1309.8809 -1306.1482 -1300.8405 -1292.6973 -1278.3177 -1254.2913 -1219.8241 -1178.0563 -1135.9724 -1097.7634 -1062.6282 -1028.23 -991.2867 -948.4891 -897.4534 -841.2215 -782.4999 -728.6868 -684.6485 -657.2926 -646.1464 -649.0831 -655.9185 -664.6021 -672.6868
-1140.9401 -1147.5924 -1154.733 -1165.3464 -1180.9559 -1200.0769 -1220.3405 -1239.5815 -1257.6056 -1270.5304 -1278.5314 -1282.606 -1285.0664 -1287.0474 -1287.6018 -1289.3557 -1293.575 -1302.1456 -1313.2499 -1325.338 -1338.5936 -1351.4094 -1361.7291 -1368.8077 -1373.2003 -1375.1602 -1375.8481 -1375.4894 -1374.1727 -1372.3676 -1369.7231 -1367.0786 -1364.4966 -1361.2129 -1358.2368 -1355.8845 -1353.3296 -1350.7157 -1349.105 -1345.4449 -1336.0551 -1317.8019 -1292.6406 -1265.5558 -1240.8315 -1216.473 -1191.3312 -1166.4432 -1139.6118 -1105.7535 -1066.4707 -1028.2837 -997.4147 -976.7435 -967.2003 -965.604 -969.1508 -977.1204 -992.6043 -1014.5922
-1186.0847 -1194.5074 -1204.9952 -1218.5056 -1235.5225 -1256.251 -1279.7025 -1304.1743 -1327.9391 -1349.4442 -1369.2655 -1384.9346 -1396.5732 -1403.5327 -1406.0553 -1407.7798 -1408.5349 -1411.3073 -1417.0507 -1425.5278 -1436.303 -1446.9235 -1456.1322 -1461.621 -1463.7903 -1461.8922 -1457.2369 -1451.6636 -1445.3416 -1438.302 -1431.162 -1425.0553 -1420.6481 -1418.0706 -1417.396 -1418.309 -1419.0261 -1419.947 -1421.4535 -1423.2554 -1424.5343 -1420.9373 -1415.1719 -1408.5447 -1403.2762 -1396.5883 -1386.7321 -1374.2247 -1363.0804 -1353.0554 -1342.3452 -1331.248 -1320.6147 -1312.5105 -1306.3657 -1300.0743 -1295.0757 -1295.8043 -1302.717 -1314.9437
-1198.3402 -1201.2972 -1205.0566 -1210.9301 -1219.6335 -1233.1753 -1251.1012 -1272.3596 -1293.5919 -1314.1178 -1332.5248 -1348.3711 -1360.9425 -1371.7458 -1380.9155 -1389.1797 -1396.8165 -1404.1564 -1412.6897 -1422.8923 -1434.1387 -1445.53 -1455.3759 -1462.3401 -1466.7244 -1468.702 -1468.3156 -1466.5442 -1463.5282 -1459.4559 -1456.3588 -1455.8768 -1457.7593 -1462.4283 -1469.1759 -1475.8698 -1481.3124 -1485.2794 -1487.0654 -1487.3599 -1485.5509 -1480.7695 -1475.7025 -1471.5852 -1468.713 -1466.9291 -1463.9083 -1460.2915 -1458.2552 -1456.5527 -1454.1259 -1448.5115 -1442.4443 -1435.9852 -1430.2855 -1424.88 -1421.0643 -1418.2314 -1416.347 -1414.5981
-1178.0759 -1181.0504 -1183.2043 -1185.7761 -1188.9376 -1193.7939 -1200.4199 -1208.2465 -1216.5079 -1224.6943 -1231.8014 -1238.9421 -1246.99 -1259.7855 -1275.991 -1294.4281 -1313.3038 -1331.0018 -1348.3892 -1366.5603 -1384.7826 -1402.0105 -1417.951 -1432.23 -1444.3319 -1453.5809 -1460.4739 -1465.9196 -1469.3497 -1471.2646 -1473.6282 -1477.9293 -1484.568 -1493.4902 -1503.8031 -1513.1895 -1520.4877 -1525.4003 -1527.6788 -1527.7849 -1525.7438 -1520.4718 -1513.9943 -1507.8781 -1503.6624 -1501.4473 -1499.8051 -1496.9087 -1494.2455 -1490.6763 -1487.1586 -1482.5271 -1478.5641 -1474.4556 -1469.7069 -1463.6548 -1458.3848 -1451.8535 -1446.382 -1439.6647
