Resources/Map/Lvl0_30x30/Ele_BG.asc
ncols         335
nrows         335
xllcorner     55000
yllcorner     3325000
cellsize      10000
nodata_value  -99999.0
[rows 196 to 223 of 335, columns 256 to 319 of 335]
1040.2904 1164.5317 856.4264 582.9189 656.1553 628.7739 409.7162 274.2379 282.4627 292.9348 255.8297 218.0047 209.2577 192.4234 181.9171 179.172 198.0525 200.1538 217.5513 344.6649 424.6829 304.0701 205.1877 172.9466 147.0288 128.4007 118.2721 130.1187 147.0189 157.6302 168.4246 178.6759 160.6703 161.1703 131.161 174.7005 273.5519 207.5282 174.5593 120.6103 178.1776 138.1994 94.4721 100.0183 156.5484 74.3277 119.1381 36.9861 3.5895 -31.2588 -47.8756 -67.7449 -84.4664 -91.0248 -132.1676 -222.9559 -386.8415 -685.9213 -1036.6448 -1301.1554 -1477.5367 -1659.5305 -1837.0541 -1950.736
1529.3483 2092.2588 1957.4015 1427.0905 798.9411 448.002 296.5821 217.3474 211.2258 205.9602 206.6139 188.1456 177.2749 170.9601 161.2614 157.0297 147.0789 143.8645 142.3974 166.3474 218.693 196.3527 173.5759 167.3852 165.4476 144.4417 136.5486 117.3247 119.3489 194.9636 209.13 285.6927 242.6907 153.6242 132.5145 170.1961 223.9807 243.7406 250.4196 266.6726 280.7322 255.9633 335.8268 308.4015 321.051 204.7334 90.3133 38.9458 25.0223 -24.5874 -45.9635 -50.7564 -74.0749 -100.5962 -110.7876 -155.6201 -275.8004 -536.2698 -885.9302 -1182.219 -1392.0184 -1594.6108 -1765.9636 -1896.984
2271.5925 1920.6969 1996.3927 2062.8955 1551.5531 1230.8844 1194.0228 547.8887 234.075 284.7982 211.0284 178.1977 167.9365 167.964 151.0812 143.7634 144.396 142.6774 119.8173 113.8738 132.7542 153.936 168.0424 144.5436 150.918 132.6479 86.7124 124.7687 144.0336 212.8722 258.9434 239.6661 155.2428 102.2692 139.6391 167.7979 206.0059 248.2015 317.5093 314.3273 321.041 354.4218 316.7048 303.3197 213.1401 292.618 232.6443 274.5775 114.0639 41.4842 -27.2134 -46.9708 -52.6702 -87.9114 -117.5417 -110.737 -151.2866 -359.2856 -725.8793 -1087.6177 -1350.0992 -1568.3451 -1738.1985 -1843.6229
1687.4745 1315.2745 1087.4626 1302.3076 1196.4951 841.5659 804.8038 1106.4261 799.0305 419.6691 413.8879 384.6559 502.1349 493.2684 237.1473 198.8136 183.0224 202.6195 188.6981 168.6312 143.6645 154.474 126.8727 124.5601 96.2422 140.1788 85.5638 209.3876 337.6866 471.0131 397.0208 417.8301 187.0695 153.7198 240.3021 285.8024 311.5902 337.5962 395.7403 392.8492 532.3356 606.2082 368.6286 379.7988 275.3504 182.7722 170.7578 174.2228 162.4446 92.0947 36.4495 -30.9659 -52.2883 -77.9932 -119.5584 -121.2274 -133.763 -322.7874 -665.8438 -992.6733 -1249.297 -1427.5859 -1564.6191 -1713.8824
953.3143 1094.7158 1440.9843 1440.4098 1242.5593 1296.8674 1279.3051 1163.5674 1208.9261 1409.3433 934.3958 1413.1477 1446.1368 1316.8625 915.3204 862.2411 373.6229 311.3641 342.7281 373.7022 306.1857 233.2926 212.5612 172.6235 184.2817 179.8748 139.2679 206.3183 222.8372 311.4642 365.4617 476.559 283.6699 202.6723 277.6116 395.367 379.154 431.9703 353.4398 347.6606 493.6049 596.4903 543.975 563.285 538.0635 346.2306 309.3518 239.8447 167.5797 108.6038 26.484 -4.1329 -50.0036 -70.0118 -95.4731 -98.0411 -113.0087 -241.5618 -489.8883 -763.9288 -985.6165 -1141.3726 -1344.3853 -1567.4585
911.8353 828.2957 1371.3853 1454.522 1471.9927 1795.8193 1742.4735 1687.3604 1784.9138 1325.6035 825.7047 1517.0698 1123.412 991.2822 907.8336 864.0839 948.9966 851.722 749.5735 563.7225 397.3739 271.1355 224.8306 180.9722 237.685 217.0216 173.0099 155.287 78.2551 145.2542 205.3832 327.1996 253.663 132.4607 112.8888 210.1908 241.464 303.5769 278.7924 295.0594 354.9557 404.0853 469.3145 452.1118 451.6808 454.153 513.5525 363.4489 245.1544 26.1132 54.3932 -8.0385 -49.7282 -59.1096 -62.8485 -72.7521 -92.7673 -157.0569 -327.1545 -564.1807 -772.2208 -1002.6088 -1252.5568 -1478.4539
1358.2056 1153.3297 1068.9027 1538.3259 1642.7223 1465.2135 1710.7196 1570.8784 1508.7031 1271.7815 1180.9073 1600.1001 1341.7391 1315.7925 1242.4282 1346.7404 1142.937 989.8383 719.5187 678.1888 455.2179 463.9188 331.9487 230.6093 335.7384 256.842 209.6222 189.5059 139.6307 61.2974 116.2659 120.6807 117.967 98.6109 82.8307 143.2417 148.5777 185.2733 183.7119 204.7368 199.8515 284.0193 251.5184 401.9372 529.077 605.0147 699.731 620.3138 343.0537 300.093 105.236 1.4458 -50.7169 -62.2692 -63.4994 -65.8833 -79.0741 -105.9558 -185.8324 -364.669 -599.3187 -885.3106 -1174.8962 -1383.1324
2056.8071 1096.4525 821.2242 1222.5942 1473.4229 1363.9242 1402.4742 1327.3291 1301.9445 1064.4911 1338.0442 1282.3912 1461.5524 1487.8762 1487.6661 1405.4166 1017.4926 725.4767 565.2161 453.7883 512.2635 396.8102 338.4404 352.2213 332.499 258.1956 267.5854 208.3746 270.4944 171.2458 78.7788 109.3174 80.1633 46.594 84.8279 105.0308 125.0304 118.9655 116.6453 138.8642 158.1358 157.1167 190.9352 235.2542 284.8978 353.5521 406.1293 405.682 290.955 142.2576 115.5772 50.3998 -28.2497 -60.334 -69.767 -70.6359 -70.8276 -82.4656 -99.6708 -160.7599 -357.1966 -674.6629 -957.3133 -1130.0829
1304.9454 1492.0507 583.291 574.6058 884.7988 1033.4755 1060.9808 1215.402 1433.6447 1374.6422 1529.5021 1770.3435 1572.0226 1119.553 1025.347 1086.7239 964.3955 779.555 897.3411 642.1682 509.0858 311.6281 351.1219 518.7838 243.9478 334.6632 497.3728 256.622 260.8138 262.6606 79.3946 69.9094 69.1782 47.5413 27.7335 76.5421 84.2289 113.0361 94.2967 109.9067 137.7839 142.8581 156.8655 195.9011 196.0728 251.728 273.4997 288.0708 302.203 185.235 147.353 95.4952 56.8583 -26.5868 -58.147 -65.8734 -64.4767 -69.5901 -83.416 -97.641 -159.3019 -328.7084 -478.5997 -689.0814
774.1418 1471.9585 1109.3572 561.6111 534.6069 633.8719 851.4379 1286.9697 1334.0065 1329.6791 1089.4371 1204.3833 1131.3868 924.3027 927.9695 846.0093 986.4298 716.918 838.5194 461.0244 382.2624 353.1664 478.0627 223.9636 534.1967 566.0023 481.7285 508.2347 396.4097 188.1602 133.7416 152.3757 96.6078 31.4955 24.8046 99.1066 81.9776 97.9615 79.3993 78.0112 105.2461 118.0826 133.9075 110.0204 158.4612 158.7684 174.2041 180.2127 129.0471 220.5009 322.1988 311.6382 162.9724 94.461 5.3674 -38.8703 -55.4994 -65.0269 -76.8218 -85.336 -87.9996 -104.6008 -135.9402 -253.6023
963.2651 1443.9607 808.7642 792.8362 651.2856 835.6205 541.7914 622.3539 966.3633 1034.0909 577.9617 870.8762 1376.9001 1460.4858 1135.3185 1119.9999 900.7472 631.9651 642.3652 491.6556 378.3063 533.9821 402.2445 338.4864 407.6693 564.0762 372.4115 262.7052 301.5956 120.9613 156.5639 70.7292 65.586 87.1241 28.5742 90.4991 82.0728 40.159 45.4393 50.2618 55.985 69.8945 92.8317 80.6822 88.0186 122.9768 121.5212 135.5688 168.8648 155.4599 166.8376 185.4265 222.4754 168.795 55.9755 47 -12.5352 -35.4761 -51.0521 -64.9143 -74.6908 -79.961 -85.9249 -94.7092
540.6136 1177.6482 1124.0885 564.9998 883.2302 1036.4597 1359.3206 798.0352 647.7088 701.4211 447.6762 489.2505 965.7653 1319.4059 1098.9742 712.1109 642.6069 521.0113 562.5793 582.0156 410.6955 552.7664 532.7669 595.0516 582.1469 576.8281 1081.6187 469.3405 266.3553 239.7787 161.4997 140.9521 126.0651 22.4578 43.7501 62.9644 40.6706 45.3341 68.2572 63.5744 41.3013 52.5329 53.7527 53.0886 81.6077 76.7284 115.8026 135.4557 158.0989 177.8907 188.6307 192.4577 203.8229 208.4531 165.1047 56.4649 25.4243 17.8119 20.1645 -0.2558 -20.7181 -36.5799 -51.1564 -61.7735
1115.2333 980.2368 1103.543 738.4339 673.3478 663.967 935.7238 567.5898 752.8084 588.8063 409.1349 457.8766 276.9922 460.3019 492.5749 435.8597 676.6981 442.2694 311.8484 865.1274 949.2146 569.4528 474.6873 406.6661 556.9599 479.8335 586.1893 382.5298 305.7872 327.1869 207.2006 37.2384 58.5088 79.7552 18.5284 32.862 68.2764 110.3735 145.6216 110.0444 61.2162 59.8303 101.6078 99.204 76.6703 106.7076 111.2673 129.9873 152.9512 176.6103 155.1541 196.3232 177.578 146.1719 109.6738 94.7227 125.9834 98.639 107.7826 97.0731 92.859 53.0148 24.1413 13.6953
294.1048 479.6852 931.1134 1014.8527 459.1004 84.2165 79.1422 105.3393 159.3291 521.8607 850.5464 976.3824 716.2509 390.0896 939.3851 159.2328 140.689 231.1866 252.0021 180.3835 49.4798 74.1936 88.7361 176.5606 122.1728 418.2039 840.8887 553.918 531.8992 219.0338 39.2185 10.8972 55.3714 11.7558 62.1023 90.4949 168.6122 219.379 192.2882 111.0646 73.9858 81.5153 123.1432 165.5054 132.2021 101.537 153.28 115.8391 144.4146 132.2396 137.2692 89.3186 69.5369 114.7295 209.6328 61.2958 63.579 90.9465 133.42 142.8656 65.8956 105.7092 89.3591 118.8744
13.0745 40.8527 125.7321 349.2899 341.8967 150.6718 42.5968 55.6843 161.2196 617.3837 686.5045 451.5853 303.2255 142.7664 51.3499 16.7027 13.178 4.1355 7.4263 19.1685 15.0824 23.6086 20.2021 29.6565 79.5068 318.6616 666.2015 453.4153 303.8703 205.1763 64.0267 10.4895 14.7502 47.2354 60.6915 81.838 169.5891 201.5418 126.7847 78.4116 119.345 193.3688 149.9299 192.4032 200.3693 124.6461 67.4372 41.9385 104.7596 69.7116 58.0599 20.5873 -7.3363 -4.6377 17.4547 95.2829 35.0907 118.7011 28.8205 88.2595 78.8577 38.2781 117.7379 203.8796
7.5025 7.5431 17.6183 28.1857 97.2511 238.2343 603.0594 251.9041 35.8796 113.9827 151.7097 45.704 11.8214 10.7794 8.995 9.1703 14.8394 0.5019 6.009 6.6839 7.9215 68.0459 221.4882 65.2675 190.6176 276.1247 255.3688 327.1604 168.1778 98.7545 41.1409 18.1169 26.8365 70.6723 112.8402 124.4512 164.2812 135.9915 101.9033 102.8952 117.7971 160.7907 223.2862 197.6754 123.4085 -31.1541 -212.0081 -296.9982 -268.6943 -234.0205 -309.3519 -363.5001 -313.7922 -238.3178 -205.3178 -176.3327 -121.9156 -64.1806 -97.0977 -141.8891 -87.864 -27.5519 65.4411 197.0453
249.7051 102.0092 56.7955 14.8875 162.0285 931.7144 804.0407 305.8157 211.6092 1.5861 33.8459 5.3605 8 8.6794 7.2871 -5.9215 -16.9904 -25.6529 -28.6212 -27.3389 -28.5928 -24.1943 75 55.4527 150.6957 146.5294 40.1914 42.1923 44.0386 29.0095 8.4693 14.6636 56.5076 68.0578 47.448 123.5919 179.1987 147.652 155.2325 200.3001 231.8183 288.367 231.3739 94.0847 -90.0667 -537.1703 -762.3911 -741.9077 -650.6159 -725.621 -901.9498 -943.26 -777.8707 -572.0219 -514.2823 -519.4909 -443.6844 -425.8486 -593.4078 -720.3684 -678.9501 -458.588 -207.9057 10
466.0755 939.9913 423.4864 67.9456 56.3117 207.9882 155.3179 219.306 99.0466 5.978 -34.3796 -18.9181 274 171.0512 87.0779 -20.8457 -49.7232 -57.6226 -59.3247 -59.9883 -61.9889 -63.5482 -59.5304 -43.0641 -30.1287 -15.7659 -9.6498 -8.412 5.5478 6.9298 7.5398 7.2866 18.1637 14.2444 28.8149 55.2315 70.3839 242.1488 224.6827 145.4413 145.7447 410.8484 642.7938 138.9843 -362.5712 -804.252 -830.2953 -690.2347 -693.6606 -857.8019 -997.945 -968.8959 -780.1564 -569.6219 -509.6755 -540.7324 -569.5394 -658.1929 -830.6583 -985.9178 -1038.64 -941.8205 -765.5807 -550.6242
245.1874 220.4462 324.5052 107.7581 -27.356 -35.0209 -13.3275 -15.2767 -62.4395 -93.7251 -89.0682 280.2705 561.8919 546.0025 173.1656 -36.8659 -90.5126 -100.0725 -102.1573 -97.8252 -89.8967 -83.0504 -75.4133 -64.0482 -51.4505 -43.4095 -34.8217 -27.0227 -13.7333 63.6426 119.2408 63.6204 48.2813 110.7881 158.6156 221.3144 183.9872 105.5138 99.4151 150.1173 351.7431 221.9117 160.5734 -28.4176 -272.8425 -359.7439 -267.0645 -259.7451 -372.3511 -464.6034 -493.4576 -426.3016 -341.1643 -266.7025 -244.7099 -286.0874 -407.7104 -521.8145 -567.6356 -623.2603 -629.6909 -593.499 -587.8694 -474.568
267.0395 317.9922 281.5219 9.3823 17.9179 -53.5878 -77.9572 -96.1368 -128.9533 -155.9238 -158.1164 -111.8689 73.7597 197.2011 10.5918 -113.0686 -154.6335 -158.3282 -147.58 -127.8644 -108.5382 -94.6733 -78.3342 -54.771 -46.7072 -49.7399 -46.0906 -42.7768 -36.5168 28.9172 16.774 52.8688 21.9158 38.8057 2 -4.184 6.6216 31.5238 172.7478 63.4484 3.3146 22.7875 -40.5277 -78.5287 -85.9625 406.7375 163.6485 -38.4523 -84.8117 -107.0577 -107.4326 -79.2905 -74.8982 -83.9621 -92.5464 -109.3519 -179.5528 -284.0423 -308.654 -235.1944 187.4711 468.5659 342.1944 117.0232
479.1213 579.2352 523.2146 152.839 2.1576 -38.5032 -70.718 -115.8178 -175.4363 -226.6927 -281.2209 -281.9485 -233.0143 -216.1574 -249.9469 -274.1272 -273.0568 -246.852 -230.6032 -184.1685 -123.6235 -96.1877 -41.1767 186.5789 128.2535 -54.8845 -108.5821 -131.416 -148.952 -165.6644 -213.6537 -246.197 -214.1579 -104.716 -19.8323 2 65.385 7.2872 8.8181 -0.889 -32.9393 -36.3382 -39.1004 -48.2424 14.7802 -12.536 4.556 98.144 17.7175 98.7905 22.1733 -26.0126 -42.8572 -51.4598 -50.367 -42.9469 -54.2663 -101.3585 -120.6997 163.0634 507.2865 654.1457 369.6735 732.5824
523.7346 344.7165 383.86 196.113 72.0439 -14.954 -11.5711 -70.9078 -172.1633 -272.3993 -409.1193 -507.7279 -531.7626 -507.8234 -456.7109 -379.6327 -329.3382 -320.7069 -381.8093 -353.4601 -221.4458 -149.0701 -131.4241 696.9042 -135.4844 -403.9497 -511.8014 -480.7682 -434.3259 -411.4073 -339.6971 -239.4365 138.7533 139.9242 99.962 45.8112 23.6971 37.9688 28.4638 24 76.4051 115.7705 18.9301 -14.0517 -32.8984 -21.4267 -9.8137 31.6667 249.4487 105.9602 62.2393 41.5357 101.1998 157.0283 123.8488 45.3218 13.4136 -2.8872 1.6715 45.4337 66.0057 81.506 17.9434 341.8911
222.2553 186.2829 123.3281 7.8485 -161.51 194.158 188.2787 128.0512 7.8019 -167.9482 -436.1285 -658.9115 -729.6052 -697.9303 -628.6102 -500.9692 -356.571 -365.4575 -578.6499 -779.5302 -723.8038 -539.1813 -584.5931 -610.199 -638.2193 -636.5339 -556.5159 -435.6735 -342.0395 -295.1553 -169.7824 142.7383 115.5098 137.7213 12.1856 84.4301 175.6406 253.7164 150.9945 82.7303 61.6588 9.4984 12.9772 21.5159 12.08 12.3313 18.6884 42.2631 140.3018 66.3391 79.0283 203.4634 351.8042 417.4862 366.4756 157.1697 164.8387 121.4835 239.476 247.8516 120.3102 231.5308 228.7106 381.1556
12.0871 114.203 38.9259 -35.56 -212.7412 -363.9958 -369.7445 -306.4225 295.8706 53.5303 -232.9367 -656.613 -826.3852 -817.9384 -779.6602 -649.9929 -434.647 -486.874 -805.5762 -1016.303 -947.9413 -659.1134 -575.8743 -578.4075 -450.928 -258.7127 -121.6585 -59.3819 -88.3666 -93.7726 -57.704 148.8527 83.3657 66.7857 31.6433 110.437 300.1286 468.0129 361.3913 132.115 27.899 21.822 29.8968 86.7119 340.8407 181.4906 132.9872 111.3018 71.4275 35.3598 23.3505 37.7374 49.7699 38.9685 57.3029 63.6389 106.3345 116.4203 125.6033 113.9377 71.5414 89.2557 89.5221 108.2033
-104.1637 -157.7091 -113.792 247.5186 391 -82.2602 -344.8813 -477.5421 -455.233 572.7411 -364.6267 -787.6505 -927.5814 -900.1616 -816.0473 -653.3179 -485.5866 -572.1462 -730.2537 -704.1564 -521.5142 -326.0101 -233.4449 -214.4869 246.5096 271.9886 159.0948 10.7405 -27.171 -60.8498 14.6764 105.6268 17.0567 92.6027 456.994 587.3828 409.2193 193.5809 243.2818 199.925 259.1434 244.009 403.9606 436.4396 340.2716 204.6859 22.4518 86.489 16.7596 15.0847 21.2607 50.2029 14.6307 12.9091 11.9577 9.6218 6.385 6.3274 266.2027 306.7159 387.5537 757.145 1002.3473 919.1128
-21.405 -134.0213 -172.1555 47.5246 296.5516 6.5408 -157.9283 -413.7302 -621.4685 -730.3818 -815.0333 -955.1893 -963.2495 -843.9827 -614.1327 -494.4136 -455.8705 -398.8652 -331.8851 -283.4769 -166.6757 -83.639 -61.2047 -64.0207 -56.5604 -32.8893 -21.6355 -36.9545 -56.0975 -57.9463 70.1819 3.8928 95.8341 190.0689 298.8432 404.1663 403.5068 336.1016 249.7295 282.3593 136.6894 421.1403 363.8068 527.8611 548.934 124.6556 83.0495 327.323 83.6344 105.1729 25.8547 41.3208 22.6415 22.1131 20.7108 101.5823 376.8476 464.6447 509.7502 749.2142 758.0638 724.0928 1271.0317 2001.6823
187.801 39.7664 -114.5322 -208.6508 -186.3922 138 -353.2409 -677.043 -877.4104 -1001.5104 -962.7545 -880.5383 -801.238 -575.47 -373.0261 -337.7617 -305.0177 301.7147 108.9896 19.096 15.9202 13.5104 -26.0239 -45.0874 -57.3077 -76.1537 -74.2496 -70.234 -52.5488 -29.3302 10.2091 74.0049 334.7801 366.5152 484.138 399.1387 285.9798 153.5984 168.2788 143.7003 356.8057 285.6546 539.4662 368.0645 514.5416 374.5259 405.4048 170.9641 299.0805 300.3876 507.3526 120.8426 68.8583 194.4144 128.7945 37.5496 289.7353 312.4978 683.8052 412.6799 664.2689 786.6566 1031.2598 1106.8093
-266.1898 -295.3491 -334.4749 -443.133 -564.981 -683.8585 -814.9374 -956.8282 -1021.8152 -999.3887 -938.1444 -825.1846 -630.5714 -434.3636 -318.7617 -279.6563 -219.6859 79.3846 45.809 1.3332 11.1452 -9.3738 -57.0432 -68.3048 -70.3265 -79.8176 -64.6537 -48.7907 -18.6889 -7.3063 38.9782 173.309 316.8763 239.7247 208.2335 180.6335 354.604 520.0411 450.6452 594.1277 751.431 532.9541 357.3652 187.3936 287.763 321.4719 165.8538 173.2044 408.1422 344.2691 446.5132 143.8423 436.653 746.7364 686.5143 698.475 325.9665 724.2574 827.4608 638.9351 599.6901 723.6018 681.0456 1001.0906
