Resources/Map/Lvl0_30x30/Ele_EC.asc
ncols         335
nrows         335
xllcorner     -13345000
yllcorner     -6725000
cellsize      10000
nodata_value  -99999.0
[rows 200 to 224 of 335, columns 228 to 284 of 335]
-4454.7666 -4379.1704 -4343.4268 -4360.624 -4378.166 -4388.5708 -4333.6064 -4271.2041 -4239.2734 -4198.7329 -4167.9604 -4133.8906 -4136.3794 -4213.3618 -4268.0518 -4308.1592 -4364.5669 -4410.2622 -4419.9048 -4432.522 -4415.9233 -4263.9824 -4095.4519 -4047.4302 -4148.1772 -4305.3315 -4422.6621 -4479.9097 -4490.3779 -4483.2759 -4497.9072 -4563.5669 -4615.9053 -4674.4966 -4705.2266 -4672.8354 -4627.9365 -4653.0771 -4732.4277 -4763.5054 -4673.9102 -4620.1411 -4704.4595 -4773.2349 -4667.9863 -4554.1934 -4533.4321 -4504.3022 -4605.7271 -4729.9092 -4705.0068 -4675.665 -4700.1353 -4677.1348 -4655.1626 -4608.4106 -4517.2671
-4414.8247 -4406.7607 -4402.0381 -4260.9526 -4148.5879 -4301.4829 -4371.6206 -4256.8301 -4193.9019 -4210.8525 -4112.8345 -3834.9275 -3700.2244 -3926.9817 -4200.75 -4301.8262 -4334.2129 -4343.8369 -4278.729 -4226.0952 -4207.0649 -4191.0762 -4179.2148 -4136.6206 -4143.0361 -4265.0298 -4388.1045 -4404.0151 -4367.3564 -4368.1318 -4448.3457 -4532.4692 -4573.9409 -4636.083 -4700.9834 -4706.085 -4671.4907 -4635.2109 -4638.0864 -4682.5977 -4637.6035 -4660.5552 -4782.7192 -4779.6357 -4653.0244 -4526.1719 -4455.6421 -4462.835 -4563.1191 -4702.6367 -4786.855 -4762.9766 -4683.4063 -4652.2495 -4621.6919 -4601.3398 -4634.5869
-4418.1934 -4466.7827 -4429.939 -4160.7998 -3905.7678 -4118.9893 -4367.8101 -4248.353 -4078.655 -4054.7527 -4002.2266 -3634.3748 -3175.644 -3239.3789 -3813.6489 -4272.833 -4418.7729 -4308.0845 -4081.7192 -3999.2917 -3999.5222 -4064.7976 -4134.248 -4127.8867 -4141.123 -4248.875 -4383.6323 -4405.1279 -4271.7896 -4211.7754 -4376.8687 -4491.3394 -4539.5317 -4640.7422 -4706.5864 -4730.936 -4707.9463 -4619.3428 -4579.5845 -4625.3682 -4645.0425 -4738.8013 -4825.9263 -4778.9888 -4695.4678 -4601.1694 -4514.584 -4531.4072 -4593.5645 -4681.3545 -4786.0859 -4739.0352 -4591.8457 -4572.5171 -4569.0615 -4579.4512 -4688.6094
-4331.042 -4445.3677 -4551.4395 -4434.1519 -4149.8179 -4166.9424 -4339.2446 -4249.5054 -4069.6643 -4039.3413 -4132.478 -3987.7266 -3475.772 -3132.0457 -3465.5186 -4001.5647 -4160.5527 -3848.0896 -3485.9639 -3597.5725 -3881.2073 -3997.7148 -4012.134 -4038.0244 -4103.7598 -4190.4707 -4288.4746 -4332.8677 -4303.4438 -4320.3853 -4454.5781 -4516.5278 -4549.436 -4632.8735 -4651.4272 -4660.2163 -4675.937 -4650.3887 -4650.3916 -4650.8311 -4661.189 -4800.2437 -4843.4126 -4720.457 -4648.7217 -4606.0313 -4554.7144 -4634.5869 -4701.4775 -4685.4058 -4731.981 -4746.2246 -4706.6895 -4701.3735 -4646.832 -4600.3179 -4676.5776
-4275.9111 -4403.1357 -4534.853 -4546.6377 -4419.0635 -4342.8843 -4335.3442 -4225.6836 -4092.4326 -4065.5178 -4123.7358 -4124.7793 -3938.8447 -3666.6111 -3661.1296 -3888.8584 -3948.2886 -3659.9731 -3342.3362 -3465.103 -3771.9158 -3832.6758 -3813.8613 -3927.28 -4078.9536 -4153.2554 -4183.5005 -4234.4058 -4347.4434 -4441.9888 -4489.4189 -4530.5938 -4582.5439 -4622.3789 -4599.8042 -4586.2588 -4568.2915 -4614.8608 -4691.3574 -4656.1133 -4670.2563 -4798.6172 -4794.6611 -4624.3774 -4572.1294 -4604.9575 -4618.5791 -4708.7026 -4740.5596 -4671.502 -4688.6978 -4750.2993 -4801.895 -4812.3271 -4746.8081 -4689.0024 -4701.2202
-4297.6177 -4381.4961 -4421.668 -4438.4136 -4427.0005 -4372.8462 -4318.4229 -4232.918 -4159.9106 -4110.832 -4034.0117 -3998.5654 -4019.6841 -3979.9631 -3933.8696 -4023.6797 -4156.188 -4067.2375 -3807.2065 -3714.9028 -3763.1863 -3721.0503 -3705.3735 -3858.093 -4030.2402 -4095.7529 -4148.0288 -4279.6245 -4411.0698 -4398.4443 -4369.5713 -4516.0532 -4624.4644 -4618.8428 -4627.2954 -4676.9976 -4616.6382 -4617.0557 -4684.3872 -4612.6851 -4662.9678 -4768.6523 -4758.5503 -4679.7964 -4663.1362 -4724.5513 -4768.8223 -4776.5625 -4720.5933 -4628.1152 -4674.6382 -4776.9448 -4805.5498 -4798.9673 -4802.6138 -4803.4468 -4779.8594
-4325.4771 -4376.2217 -4376.6152 -4388.6719 -4379.0874 -4329.0835 -4280.9678 -4206.355 -4164.6626 -4152.0498 -4059.1426 -3970.7988 -4007.1838 -4026.8831 -3995.479 -4082.0007 -4212.6328 -4147.6611 -3942.6157 -3812.8232 -3754.5554 -3687.1211 -3699.2224 -3848.2976 -4027.4636 -4132.314 -4207.1719 -4322.8354 -4405.2271 -4382.2578 -4390.9868 -4552.666 -4625.6948 -4592.7354 -4633.6235 -4707.3037 -4662.5938 -4601.3325 -4647.9941 -4634.5518 -4696.5688 -4799.0322 -4804.2227 -4785.7661 -4740.0981 -4765.1587 -4813.0591 -4789.6812 -4738.0889 -4681.4858 -4746.7061 -4839.6045 -4806.687 -4774.2734 -4829.1606 -4860.1396 -4823.1035
-4347.2021 -4369.8359 -4355.3403 -4333.3867 -4280.8408 -4242.2139 -4238.3335 -4218.6792 -4194.7485 -4189.1846 -4124.9136 -4044.1794 -4065.5288 -4072.6738 -4031.4912 -4106.9385 -4188.7407 -4082.011 -3920.8782 -3862.0083 -3835.0261 -3808.0986 -3795.4529 -3844.9575 -4013.9832 -4140.2139 -4126.6772 -4127.0098 -4236.6563 -4395.5034 -4511.3667 -4566.8994 -4548.3423 -4530.6782 -4577.8794 -4669.1021 -4718.2974 -4648.3491 -4647.8359 -4676.7383 -4709.2471 -4795.4297 -4807.8252 -4796.6992 -4763.4272 -4771.0879 -4791.7681 -4778.6597 -4787.2607 -4790.2437 -4806.312 -4821.6807 -4795.8887 -4782.9902 -4828.2646 -4859.5835 -4816.749
-4403.5737 -4309.5425 -4283.7656 -4275.981 -4253.3594 -4208.043 -4181.6377 -4251.5962 -4274.0117 -4175.21 -4052.2388 -4048.0796 -4115.9307 -4084.083 -4028.1794 -4109.9521 -4141.3105 -4008.751 -3940.6108 -3991.2114 -4029.8062 -4009.176 -3929.6746 -3940.0627 -4112.6572 -4230.4326 -4215.7817 -4200.4258 -4296.2383 -4466.7378 -4550.9653 -4499.5371 -4473.8145 -4535.3008 -4572.3164 -4649.0322 -4721.0742 -4672.6787 -4638.6968 -4631.8589 -4658.6064 -4702.0161 -4737.4717 -4786.0361 -4765.9751 -4736.7002 -4748.3247 -4770.6372 -4804.7046 -4819.0947 -4801.7144 -4770.5957 -4752.4087 -4742.7119 -4777.9165 -4848.0068 -4864.5366
-4455.1807 -4335.9033 -4314.6929 -4297.8013 -4273.4307 -4213.5547 -4156.1035 -4243.625 -4307.1157 -4171.3901 -4014.3994 -4079.7507 -4159.709 -4073.145 -4050.2109 -4124.0156 -4025.2078 -3916.8826 -4027.2559 -4142.8911 -4094.2178 -3927.1182 -3874.0293 -4035.9927 -4211.9019 -4292.6563 -4341.6558 -4400.5229 -4469.3032 -4515.166 -4531.1084 -4492.3438 -4506.3003 -4586.2729 -4601.269 -4626.4805 -4680.2876 -4678.0864 -4600.855 -4557.814 -4649.5493 -4684.4375 -4718.1104 -4790.9097 -4765.8467 -4710.085 -4734.2124 -4763.3452 -4779.167 -4809.1138 -4828.397 -4778.1548 -4692.1719 -4653.8066 -4718.4414 -4829.8394 -4884.5234
-4517.6445 -4459.2158 -4387.126 -4294.9541 -4278.0791 -4280.0493 -4235.3081 -4256.7734 -4302.7393 -4214.5835 -4116.7642 -4183.9092 -4174.3652 -4043.0596 -4076.1492 -4139.4937 -3998.5229 -3965.2434 -4163.1602 -4262.585 -4103.9722 -3885.6956 -3957.5776 -4188.1812 -4276.1816 -4289.333 -4318.5195 -4370.1836 -4427.2456 -4419.1504 -4448.7285 -4512.5454 -4552.6299 -4575.7046 -4596.3984 -4629.3521 -4679.0591 -4700.9141 -4643.876 -4619.9492 -4697.2271 -4711.2163 -4684.8755 -4672.8291 -4685.6738 -4722.0815 -4742.6553 -4709.8267 -4687.9585 -4742.0708 -4825.2065 -4824.2573 -4752.0791 -4697.5654 -4730.8892 -4805.9741 -4840.8066
-4528.4409 -4493.9932 -4416.9878 -4318.6592 -4298.377 -4295.1777 -4269.6626 -4304.6465 -4337.3271 -4256.353 -4201.9414 -4222.6704 -4151.1816 -4091.6323 -4154.9365 -4181.0176 -4097.0273 -4071.012 -4184.0698 -4263.8916 -4157.623 -4038.8867 -4154.04 -4288.3384 -4236.9497 -4191.8125 -4244.4229 -4322.6997 -4383.0225 -4385.5615 -4405.8101 -4479.0093 -4546.4521 -4567.9355 -4559.6196 -4555.8457 -4596.8027 -4647.5654 -4667.9268 -4702.9219 -4759.0151 -4740.6475 -4639.4326 -4556.7852 -4600.4453 -4706.5957 -4731.9229 -4697.814 -4686.3936 -4746.8784 -4843.4307 -4858.1665 -4812.8706 -4788.3027 -4795.5991 -4780.3369 -4716.7451
-4580.1406 -4502.6348 -4454.0703 -4430.4683 -4408.0469 -4337.9268 -4254.7285 -4282.5532 -4353.4907 -4305.3403 -4225.5591 -4197.5811 -4184.7734 -4219.1855 -4233.209 -4213.1338 -4198.1157 -4140.3843 -4138.2285 -4217.106 -4225.7344 -4202.7236 -4244.6885 -4204.5674 -4072.8831 -4098.4028 -4216.6782 -4326.9146 -4430.5786 -4433.5215 -4361.7993 -4403.644 -4503.5215 -4572.5146 -4574.498 -4528.5059 -4547.0464 -4602.3159 -4635.9165 -4686.1484 -4742.6689 -4723.3711 -4669.3311 -4649.5786 -4660.0752 -4658.7583 -4634.3477 -4675.3057 -4759.7026 -4820.4248 -4869.4951 -4872.2627 -4804.314 -4784.5933 -4834.5586 -4810.0957 -4687.6641
-4583.8481 -4501.7383 -4407.9932 -4382.959 -4440.8628 -4444.9341 -4327.2773 -4247.3999 -4328.751 -4387.835 -4293.3057 -4206.7769 -4229.1094 -4260.2466 -4207.9551 -4142.7793 -4115.752 -4093.0901 -4130.7969 -4227.9253 -4233.3657 -4148.4321 -4117.4971 -4131.3677 -4141.2871 -4235.8066 -4302.2153 -4322.1226 -4439.665 -4469.0298 -4336.4233 -4328.9814 -4432.5425 -4524.2119 -4591.4712 -4599.606 -4613.1479 -4658.2324 -4652.8354 -4631.5161 -4670.7041 -4674.8433 -4659.4946 -4674.1245 -4686.4302 -4662.7744 -4647.0869 -4712.5332 -4805.4658 -4822.1279 -4822.2021 -4824.9292 -4741.7261 -4719.3486 -4817.5464 -4846.0938 -4756.3408
-4439.3599 -4474.5464 -4320.4214 -4255.6699 -4386.2583 -4438.7808 -4299.8428 -4140.1577 -4209.1572 -4373.0415 -4337.7148 -4236.1733 -4210.7788 -4214.2622 -4175.4907 -4109.7188 -4072.3467 -4086.7266 -4142.564 -4180.6294 -4154.2437 -4084.5674 -4093.6311 -4223.7583 -4288.3247 -4302.7427 -4338.9985 -4337.6548 -4414.561 -4462.7939 -4355.3589 -4336.1816 -4467.8521 -4527.8643 -4523.0874 -4563.4775 -4639.894 -4737.1714 -4721.478 -4666.9932 -4693.0957 -4700.4307 -4646.8843 -4600.6602 -4624.5586 -4645.4307 -4662.6357 -4706.5801 -4765.8276 -4775.9487 -4757.8369 -4747.999 -4700.5396 -4696.3364 -4781.7271 -4839.5518 -4802.3315
-4498.0806 -4519.8408 -4285.3335 -4168.0103 -4305.8311 -4447.2949 -4443.8267 -4350.1416 -4325.6846 -4377.4282 -4362.0161 -4292.1401 -4222.6523 -4196.5527 -4156.5439 -4088.4995 -4092.1538 -4152.3345 -4200.29 -4192.7412 -4189.1035 -4197.7104 -4245.0308 -4341.1191 -4297.4531 -4209.3052 -4316.791 -4404.6484 -4390.958 -4410.1538 -4426.1631 -4450.0806 -4510.8687 -4454.9409 -4302.6636 -4217.0254 -4289.0879 -4586.3086 -4745.4648 -4727.6289 -4675.4414 -4680.9683 -4655.2334 -4569.4619 -4539.2554 -4567.2466 -4644.4517 -4701.8267 -4720.8799 -4706.146 -4682.5913 -4703.1533 -4731.5522 -4740.043 -4791.979 -4854.3672 -4825.3516
-4570.1216 -4468.9395 -4329.3892 -4336.7012 -4454.0156 -4538.2925 -4545.4375 -4532.7803 -4494.854 -4424.0532 -4364.063 -4308.8384 -4240.4263 -4203.0083 -4181.1621 -4174.5098 -4163.0869 -4109.8691 -4087.658 -4098.4302 -4145.5752 -4195.5659 -4246.418 -4321.1108 -4321.853 -4290.6382 -4388.6021 -4450.1265 -4395.3213 -4423.4126 -4486.0283 -4528.3672 -4552.1582 -4465.8691 -4414.9512 -4370.6089 -4330.4966 -4503.8789 -4682.1885 -4682.4473 -4586.521 -4592.2603 -4604.7681 -4532.9707 -4480.4473 -4513.1592 -4618.0703 -4714.894 -4731.2402 -4683.1636 -4683.3086 -4743.0269 -4760.3472 -4733.8267 -4772.9785 -4825.21 -4798.3799
-4534.9214 -4409.7129 -4407.2188 -4590.2944 -4747.9297 -4686.6187 -4577.6274 -4615.4482 -4629.5337 -4529.2529 -4415.2261 -4329.8711 -4234.96 -4175.9331 -4185.7007 -4219.6636 -4169.9678 -3962.7253 -3791.6638 -3825.9883 -4038.8252 -4225.1421 -4282.1865 -4324.1313 -4377.6978 -4379.6714 -4406.96 -4426.6099 -4445.7622 -4511.7808 -4500.4727 -4499.1455 -4551.4756 -4479.8228 -4549.6406 -4697.8408 -4700.3789 -4623.8164 -4630.3193 -4657.0679 -4624.3569 -4592.0171 -4588.9922 -4566.1895 -4506.9536 -4542.5039 -4640.9082 -4728.5557 -4754.7173 -4679.3486 -4662.0303 -4720.2256 -4727.3145 -4721.9106 -4776.4316 -4805.5835 -4776.9248
-4510.5879 -4296.6533 -4187.146 -4438.3594 -4723.2861 -4749.6982 -4627.6304 -4551.7896 -4530.7041 -4466.4263 -4302.7173 -4195.6196 -4101.1133 -3959.8159 -4043.156 -4197.834 -4239.5273 -4182.3535 -4041.3718 -3995.7051 -4106.8916 -4205.3765 -4167.2236 -4117.1597 -4197.6182 -4285.5815 -4308.2632 -4327.0479 -4452.3979 -4562.1914 -4514.7363 -4432.9189 -4456.1475 -4442.0503 -4509.0679 -4683.7969 -4747.0039 -4617.769 -4596.7935 -4692.6689 -4665.7949 -4553.0571 -4492.1758 -4480.0142 -4510.8569 -4631.8394 -4693.3115 -4696.2876 -4688.0586 -4601.6709 -4646.8984 -4734.8794 -4722.6396 -4696.8184 -4725.0083 -4743.356 -4740.6411
-4442.6167 -4307.6357 -4162.7598 -4236.2695 -4456.0708 -4638.6426 -4639.0957 -4479.8706 -4418.0483 -4395.4673 -4230.0996 -4083.5925 -4057.363 -4075.4817 -4127.3159 -4174.5073 -4268.1592 -4397.2754 -4411.8667 -4379.3301 -4372.7231 -4358.1963 -4272.978 -4170.4189 -4181.3076 -4245.0132 -4260.2944 -4281.2192 -4391.2148 -4493.4629 -4484.8726 -4345.4634 -4322.8799 -4415.6035 -4452.5801 -4574.1348 -4683.7671 -4568.8701 -4521.6851 -4652.8833 -4669.6758 -4574.1284 -4430.5386 -4356.4214 -4510.6885 -4697.834 -4716.9414 -4681.5825 -4663.7163 -4620.2095 -4670.1396 -4723.5059 -4693.3711 -4652.5479 -4656.3076 -4718.6372 -4787.0229
-4284.4932 -4308.001 -4339.4492 -4357.8818 -4400.1846 -4454.8667 -4427.6216 -4291.6313 -4268.3081 -4325.8628 -4322.1133 -4282.001 -4244.2295 -4198.8105 -4009.4692 -3767.5046 -3850.2922 -4241.127 -4468.8755 -4420.4116 -4406.4478 -4507.0952 -4516.5513 -4415.752 -4330.2241 -4310.5439 -4304.9663 -4288.5361 -4344.7202 -4400.5103 -4346.1118 -4205.4316 -4195.2207 -4346.8779 -4480.6133 -4598.6445 -4682.3477 -4614.8564 -4504.4419 -4511.3032 -4628.7808 -4668.4067 -4582.8291 -4530.0947 -4620.585 -4698.5054 -4712.4868 -4677.0151 -4634.354 -4662.5557 -4701.3711 -4683.1431 -4657.5313 -4682.3447 -4702.5078 -4743.0605 -4797.522
-4137.0859 -4246.3843 -4347.79 -4361.5386 -4332.5767 -4332.9819 -4333.1602 -4290.229 -4244.9854 -4229.166 -4247.7305 -4300.667 -4319.4771 -4275.625 -4136.7339 -4017.0872 -4102.6152 -4167.2544 -3783.0288 -3270.1411 -3260.0342 -3744.1357 -4258.1479 -4442.9712 -4408.2441 -4307.5815 -4200.1118 -4208.8867 -4355.6118 -4441.4302 -4414.019 -4370.7939 -4382.0352 -4460.9536 -4499.7876 -4432.8999 -4396.7393 -4555.9414 -4612.0015 -4554.9497 -4615.2012 -4647.7988 -4618.9004 -4585.582 -4539.0669 -4580.9385 -4695.2305 -4705.6636 -4661.9829 -4696.1138 -4736.5234 -4691.6328 -4647.0034 -4716.2441 -4756.1895 -4740.4521 -4774.563
-4112.3613 -4183.1426 -4222.0581 -4243.7061 -4266.8799 -4246.5361 -4242.064 -4251.2358 -4192.4717 -4174.6543 -4213.9106 -4265.2773 -4291.5586 -4243.2085 -4277.9258 -4381.7563 -4446.3657 -4400.8564 -4089.9824 -3803.5554 -3824.3127 -4107.2383 -4435.3682 -4524.1094 -4453.3975 -4369.9404 -4319.21 -4336.3599 -4389.9028 -4432.6699 -4468.8398 -4480.4048 -4488.7588 -4542.0806 -4536.5454 -4404.7456 -4280.5933 -4458.0728 -4612.1396 -4625.4907 -4641.6353 -4600.1299 -4609.834 -4675.4648 -4680.7002 -4741.3154 -4794.3945 -4752.6777 -4718.9497 -4734.686 -4786.8359 -4772.6919 -4689.771 -4726.7944 -4775.5864 -4748.3911 -4776.7817
-4198.2695 -4176.4238 -4087.6965 -4129.4116 -4244.1831 -4197.8364 -4176.3193 -4240.9683 -4248.7363 -4273.4185 -4328.3887 -4359.9937 -4309.5767 -4205.3374 -4251.5854 -4349.5122 -4338.1768 -4316.4937 -4403.0532 -4556.2563 -4647.4922 -4644.7124 -4616.4175 -4586.0063 -4529.2749 -4492.0215 -4511.9336 -4520.5991 -4521.8091 -4550.7222 -4556.5747 -4544.2114 -4517.394 -4477.7554 -4508.707 -4506.6724 -4443.2773 -4521.188 -4619.7534 -4623.2197 -4639.3906 -4607.1777 -4626.4946 -4646.333 -4693.3721 -4750.7319 -4745.7295 -4730.1729 -4743.8989 -4771.2568 -4826.3662 -4836.8115 -4764.7944 -4756.0068 -4760.3325 -4733.9316 -4773.2993
-4269.248 -4235.5811 -4128.6372 -4107.2061 -4188.3237 -4158.0449 -4109.313 -4186.9077 -4304.415 -4356.9932 -4378.1499 -4372.2954 -4269.3843 -4145.7817 -4123.0049 -4182.0708 -4284.8862 -4363.9404 -4459.1621 -4521.0938 -4514.5303 -4488.1953 -4476.4624 -4493.4883 -4495.3833 -4453.3955 -4422.6333 -4442.5996 -4498.9224 -4543.229 -4573.7847 -4575.5527 -4534.0635 -4475.1807 -4545.1211 -4564.9351 -4498.6855 -4566.4126 -4651.4907 -4673.2876 -4647.1763 -4637.7993 -4676.2129 -4667.5107 -4681.8604 -4698.3574 -4661.1709 -4659.6064 -4739.4209 -4786.9795 -4827.5571 -4874.23 -4842.2432 -4808.3262 -4803.1157 -4790.3462 -4807.9995
