Resources/Map/Lvl0_30x30/Ele_FL.asc
ncols         335
nrows         335
xllcorner     16805000
yllcorner     -10075000
cellsize      10000
nodata_value  -99999.0
[rows 108 to 134 of 335, columns 120 to 179 of 335]
-335.462 -338.5187 -313.1721 -261.9984 -203.6373 -146.0935 -99.2092 -82.0423 -78.5562 -78.1379 -77.7615 -79.1452 -102.4161 -163.8173 -228.8608 -261.8051 -261.4273 -238.0245 -205.6431 -181.2696 -183.1584 -204.2619 -220.2807 -226.9695 -229.2337 -225.8385 -218.5128 -204.7917 -179.5523 -156.9616 -151.0454 -154.8859 -156.9026 -157.03 -166.3015 -190.4736 -230.0816 -258.0219 -251.6619 -229.4939 -217.3083 -222.6992 -236.1022 -250.2002 -267.5869 -292.6674 -326.2228 -368.3466 -405.5496 -436.5177 -479.17 -534.3517 -581.3331 -614.9555 -657.6382 -715.2807 -782.3528 -868.0842 -972.896 -1068.3308
-254.5401 -225.4038 -211.2661 -195.282 -146.4016 -95.4931 -65.2093 -59.4426 -55.879 -58.8579 -65.6702 -67.1194 -89.0083 -158.6755 -244.7895 -284.1449 -261.8027 -207.0838 -164.3618 -156.1086 -180.5159 -214.3357 -229.3129 -219.4539 -192.1805 -154.92 -122.9746 -100.7171 -82.8997 -78.6794 -84.5713 -89.7754 -93.1411 -96.0426 -102.0669 -116.3973 -127.6476 -139.9887 -142.2957 -140.5054 -142.6625 -146.7565 -152.8339 -159.4652 -168.6693 -181.4629 -197.5466 -215.3807 -225.8554 -236.6073 -263.611 -297.2944 -319.4915 -344.6632 -399.8453 -471.4346 -527.5901 -565.518 -592.9646 -599.658
-165.4822 -141.4764 -119.0526 -96.5647 46.695 108.1151 311.1134 348.1912 326.2544 243.6327 90.6389 -108.9858 -60.2516 -109.8257 -183.6579 -237.6687 -251.9126 -238.995 -226.8923 -242.0141 -281.9428 -325.7619 -338.3864 -307.8851 -240.3138 -143.3436 -65.528 -42.9073 -39.6701 -41.7974 -46.5653 -53.6283 -62.3664 -72.6665 -85.0002 -97.0459 -105.1189 -113.2802 -120.3849 -125.7335 -130.7077 -133.7965 -137.0363 -139.7631 -143.6028 -147.3621 -150.9597 -154.7482 -155.1514 -155.5214 -160.5842 -169.8709 -194.5486 -261.3796 -353.0209 -430.09 -459.9947 -434.5215 -359.6765 -271.2564
-141.5617 -121.79 -92.0916 200.4835 181.4465 205.5424 383.328 448.8928 375.3814 296.6475 115.7743 38.6761 -76.2482 -84.5991 -136.8859 -188.893 -228.1725 -254.464 -263.5873 -288.8774 -318.3094 -344.6413 -354.9334 -329.4684 -269.3514 -189.0975 -118.5471 -85.3172 -62.165 -46.8459 -54.4656 -77.2667 -101.6916 -119.4616 -117.4252 -98.9626 -87.5888 -97.9303 -108.4195 -116.8665 -124.2014 -129.4896 -133.1443 -135.2193 -137.2222 -137.4733 -136.7324 -136.1295 -135.3427 -134.9045 -139.5185 -166.129 -236.2715 -339.0941 -414.5319 -426.8033 -397.2794 -350.6732 -288.1218 -231.6217
-212.1302 -200.4066 -162.1381 125.6373 721.4876 461.0371 451.6917 810.4151 1085.0988 924.772 482.1757 739.1282 386.8452 -9.4067 -69.3746 -123.1411 -175.508 -214.5252 -237.8997 -254.2086 -262.5205 -265.527 -263.0052 -243.3803 -202.9868 -145.8902 204.2231 168.7439 161.6845 67.3957 -88.4764 -92.7947 -114.8125 -129.5226 -131.8758 -103.624 -70.9779 -77.396 -90.4173 -110.3078 -133.5083 -151.1 -160.5508 -160.6579 -158.3436 -153.6962 -146.0418 -137.7367 -129.4316 -122.2916 -123.6481 -145.1805 -187.8578 -235.0771 -254.7182 -243.2073 -231.8327 -229.1194 -240.2599 -261.8112
-296.578 -290.4347 -254.8316 94.8861 335.5674 810.8745 665.9593 764.5295 1119.4019 1396.4229 1358.3712 1215.7922 1012.0226 823.0665 811.7394 285.5526 -58.1187 -124.7775 -148.8172 -162.5003 -170.9539 -167.5004 -153.7432 -135.8091 -115.9987 -71.3167 24.4282 239.4491 363.0502 408.9981 363.9601 377.9021 298.5898 291.3881 236.8312 248.3571 261.2074 257.3172 234.3341 213.1812 211.6273 135.2656 -189.455 -218.1018 -219.8517 -209.833 -191.9561 -170.5998 -144.0725 -120.8717 148.8163 167.6308 94.4883 -118.2488 -113.0328 -98.9947 -108.4234 -138.9085 -176.2964 -209.2811
86.7164 -300.7559 -297.5417 69.881 390.2776 434.4165 833.7929 1205.8621 1292.8237 1670.6945 1383.9102 1378.2006 1220.593 1107.7269 643.0099 367.1591 219.1617 83.0145 144.028 243.0221 186.3474 370.0393 268.9313 100.993 -89.0217 31.1526 96.1437 225.641 229.4929 313.9001 399.1574 482.7823 550.3602 813.9938 806.7687 555.1215 777.1874 1052.6204 1018.6176 958.3242 909.2338 875.4627 810.942 692.8883 212.8017 -107.6395 362.8255 120.131 104.437 328.1909 553.627 477.9251 481.4278 482.1378 -30.8625 -58.4437 27.5255 -107.5229 -133.9993 -151.9709
47.0081 41.1885 -281.1949 86.9414 547.2559 948.0054 1082.8418 1147.2876 1153.183 1736.3531 1791.4657 1470.522 1302.4928 1207.1595 922.7125 685.4263 565.8439 565.1247 370.2567 332.7201 600.5812 239.8914 174.4072 132.1921 -137.0529 106.8324 248.5768 619.3278 886.0339 739.4569 802.5909 737.4521 1057.761 1238.962 1166.1613 933.706 963.491 1102.251 1340.4801 1325.9579 1362.2686 1311.17 1260.5233 709.5663 659.7576 914.1199 1141.4198 1104.0338 876.0903 993.1806 488.1469 746.8148 812.9767 600.899 42.8151 -63.7172 75.2051 81.5839 148.5125 352.8698
70.1574 79.7399 49.4209 -260.2107 -65.4262 50.1007 299.67 666.1334 936.256 1196.7953 1481.145 1981.3059 1880.6854 1523.2921 1499.8105 1194.4857 850.45 1038.7521 418.3 326.1177 294.0723 171.8273 122.77 121.8197 320.4604 128.6138 -209.5701 120.8125 252.2305 507.0302 1048.7765 1544.2407 1336.278 1329.6904 1407.0033 1560.4159 1476.2144 1362.8644 1400.8964 1491.3629 1619.5531 1442.5797 1248.6086 949.6382 893.0602 956.7629 1016.5059 1285.1691 1349.2556 1372.9398 1231.3618 878.3546 956.4024 1346.6365 756.002 779.1973 663.1852 960.7441 926.4243 995.6608
97.1404 86.2692 70.2213 52.9133 -316.3405 -203.6015 118.9602 468.6769 1149.2817 1044.9927 1174.4485 1324.8807 1969.7705 1474.3462 1148.4863 873.6628 813.8824 586.8182 501.3201 389.2714 446.5462 430.6362 357.6469 169.6967 119.9361 413.0148 145.7421 147.8305 180.6779 183.0257 209.0382 361.697 506.9279 849.518 818.7329 915.9412 1176.0269 1462.9921 1694.1547 1601.4883 1701.0851 1447.1208 1478.6495 1656.969 1380.4409 1341.7816 1504.1465 1557.4735 1446.3257 1536.9775 1370.6628 1330.348 1233.16 841.8712 715.9117 991.371 977.8027 637.3248 363.4494 759.4355
59.8784 61.373 78.4129 81.3292 -404.4938 -361.255 -235.4538 98.7061 604.4397 1557.0938 1702.7076 1921.4789 1865.1804 2171.6401 1836.4048 1624.6976 1537.7981 1131.5804 1040.8555 705.6365 455.3387 498.948 503.3987 491.5121 461.4127 133.4366 122.206 131.8838 179.4893 170.2469 224.4704 258.3246 353.1666 409.7536 472.244 519.8763 557.5076 628.3827 652.7821 714.194 799.3877 1148.2592 1059.7179 1499.3289 1672.9019 1647.1008 1576.0039 1709.8623 1649.084 1799.8867 1762.7169 1770.7212 1793.6746 1745.1328 1253.5242 1377.1149 1183.8042 776.9769 805.2115 342.2474
113.0275 63.7954 46.962 83.1428 62.3516 63 22.2456 199.2177 738.2031 924.5786 1363.5107 1271.9758 1720.3406 1834.4675 1611.5703 1560.4459 1387.99 1329.1505 1389.6232 787.4851 669.1265 622.5723 626.4205 804.7461 1239.473 621.0568 323.4003 270.9118 256.4172 254.2015 508.3656 1115.7327 1505.9324 837.2844 956.4592 973.4088 841.0881 792.296 1266.6254 841.803 817.1772 857.7185 890.3016 953.3802 976.8566 1100.351 1125.8191 1224.1813 1320.0219 1575.6307 1631.9935 1591.2347 1576.2189 1525.7214 1512.7327 1432.9305 1431.8655 1389.157 1336.2726 632.3422
199.7423 152.3298 67.557 72.2925 64.8347 73.746 83.1055 112.207 191.7409 1022.1624 608.702 946.5618 1326.7126 1276.7126 1203.1666 1285.3414 1269.8763 1132.7938 1376.1641 838.4291 790.4604 734.033 818.811 870.9014 1176.547 1157.0402 832.1346 464.1601 489.2057 492.1601 513.6197 722.8632 705.7758 928.0103 1515.8055 1413.5253 1257.8983 1349.174 1548.074 1613.455 1641.6058 1420.5383 1041.4757 986.8976 1000.4728 1067.3997 1094.2618 1077.3934 1108.99 1163.4799 1230.8799 1271.4313 1382.8053 1447.0261 1414.325 1373.5553 1268.929 1197.4384 1143.0403 1042.6185
327.3427 310.4467 183.1499 174.7188 115.2421 90.6172 107.7434 107.7617 133.08 428.4554 1313.0223 1416.5583 1674.7004 1501.6345 1696.1848 1786.1771 1856.0013 1632.0629 1303.5104 1411.7477 1461.4612 1370.9243 1613.3557 1346.2882 1052.905 1115.2133 906.8126 887.1007 998.5251 605.4855 586.2727 635.0363 686.3299 717.015 762.8399 806.1842 853.9039 908.9321 934.3033 1046.1704 1149.5271 1494.2837 1540.4138 1611.1941 1601.6337 1232.6573 1270.566 1146.4794 1139.6085 1134.769 1222.577 1266.6237 1323.0718 1660.3839 1708.8542 1722.1686 1704.2568 1781.1962 1554.937 1306.8912
417.3156 404.2592 261.612 241.7178 192.391 159.0673 144.8795 141.4781 123.2148 174.927 311.9274 372.5344 499.7343 556.5303 647.2662 1049.927 1166.825 1405.4088 1548.9863 1607.4155 1580.744 1749.5913 1971.0692 1709.676 1499.3728 1673.2026 1411.6193 1267.631 1119.7008 929.6034 873.2098 880.8682 812.0832 855.2883 878.4015 983.813 1009 944.8776 963.6646 987.0572 1023.9865 1060.4882 1145.6572 1244.4397 1546.3806 1746.9414 1704.0636 1542.2955 1292.2185 1276.3181 1292.7323 1335.2279 1627.9249 1708.385 1814.2733 1954.9136 1835.9598 1667.2535 1477.0083 1600.7657
710.2957 445.4588 354.6382 314.11 287.0387 279.6884 302.8854 291.4566 304.8034 329.9062 761.6113 1496.2646 1580.7456 1002.5973 1015.1472 823.6779 1017.6728 1067.2789 1117.9915 1289.1365 1596.2355 1709.3666 1743.8114 1794.2202 1771.86 1651.5583 1531.7695 1646.0537 1573.2772 1363.2822 1262.491 1127.4336 1007.0325 1009.404 1011.9792 996.4691 1009.8894 1052.4785 1507.7329 1111.3455 1075.6432 1091.5681 1124.7126 1149.8934 1200.8184 1465.8141 1691.0487 1650.8486 1474.1422 1463.361 1750.5818 1464.8925 1446.0593 1458.9396 1637.6857 1854.6401 1912.0538 1954.5955 1649.7494 1760.9923
1355.7808 1171.9119 550.4862 394.3977 430.2414 431.6692 459.2492 471.6309 464.3554 505.4708 509.9471 695.3882 785.0322 1375.0021 1760.1362 1977.9198 1706.9551 1626.7397 1442.101 1463.4552 1607.2469 1798.4757 1940.6705 1825.7025 1601.7673 1581.9667 1596.5564 1872.1462 1521.5897 1488.1693 1476.8829 1190.666 1103.7579 1071.2216 1048.8718 1072.6459 1095.9489 1122.3158 1161.483 1652.6339 1382.1936 1165.4628 1164.0631 1185.7412 1216.886 1236.7098 1460.8075 1638.9961 1629.2584 1713.8318 1790.9382 1838.0476 1887.9957 1710.4696 1830.2198 1638.035 1855.9524 1896.8177 1861.5425 1941.9172
994.7204 1577.9843 1474.7374 1256.0811 548.0417 544.645 561.8405 569.4775 625.1061 626.611 655.6989 668.0042 1093.8081 1464.3582 1094.634 1521.1638 1345.9095 1373.554 1625.5168 1873.6876 1778.3199 1791.3947 1712.3762 1509.2402 1466.9636 1445.8895 1426.5753 1415.9358 1393.5585 1366.2762 1350.2281 1182.2062 1177.7582 1121.9351 1204.3936 1166.3398 1148.1892 1145.2748 1189.6511 1207.7958 1208.2883 1416.3925 1381.2246 1289.6317 1265.1064 1253.4137 1277.4044 1343.4108 1773.0173 1726.1135 1684.7482 1719.8242 1778.7924 1831.1952 1958.426 2011.4563 2157.7639 2048.2175 1867.7727 1920.892
1114.0282 1134.0623 1282.8334 781.4627 952.8216 657.174 675.251 641.7299 668.0814 730.968 703.9612 715.1564 754.7065 794.7399 857.2137 1050.0356 1462.9169 1668.8835 1601.6046 1553.9086 1754.7736 1935.8107 1870.8977 1840.6875 1873.1615 1556.0802 1498.554 1408.7891 1335.1238 1320.1025 1291.2394 1286.9274 1288.6794 1343.5719 1649.8584 1570.683 1427.4592 1326.8022 1304.0303 1283.9858 1269.9183 1268.2446 1298.2227 1523.2107 1583.1141 1377.7117 1369.4581 1393.7898 1444.7596 1476.4635 1491.5485 1526.8229 1543.9675 1399.6632 1588.0909 1778.5822 1999.4539 1873.4366 1778.5223 1535.22
1080.8204 1083.708 1066.833 899.9662 847.2489 803.4315 780.5596 782.5108 786.9246 737.8478 771.241 793.2012 808.6194 810.8031 868.6288 960.7346 1011.666 1019.3885 1078.757 1167.4171 1406.8187 1805.6744 1545.7345 1519.9312 1623.1495 1545.3162 1468.3939 1424.0061 1413.4222 1403.3365 1431.2561 1515.4241 1419.7987 1429.9087 1454.8146 1574.082 1769.1573 1650.958 1586.9891 1575.7916 1435.7 1426.2653 1401.1099 1385.1727 1680.2623 1575.0018 1509.0261 1454.0831 1447.1564 1428.5027 1820.2814 1568.9603 1540.2275 1538.7424 1510.1757 1435.8837 1398.0219 1366.778 1337.2865 1286.2263
1081.6267 1052.0063 1008.8138 1013.1282 1016.5665 998.9787 980.6624 931.7031 896.2971 924.0481 888.1612 882.9948 919.1764 936.3936 1162.0508 1703.2998 1496.7169 1395.1097 1198.3844 1230.3412 1253.1768 1248.1094 1707.0592 1774.5365 1483.6577 1491.0193 1486.1561 1482.5511 1494.2941 1488.725 1593.0322 1798.1595 1934.6659 1625.3689 1631.2229 1855.3796 1806.0013 1688.2314 1798.2651 1800.7097 1751.7118 1548.6128 1552.6298 1559.0962 1676.6522 1754.672 1944.8203 1849.5574 1538.2389 1545.1837 1557.004 1559.5836 1744.394 1894.325 1886.8337 1865.6041 1966.3585 1952.3893 1944.3224 2210.5439
1224.9751 1206.6494 1146.1165 1155.3054 1108.4922 1097.9783 1072.6295 1043.099 1038.5679 1035.4434 1023.2224 1023.5029 1039.9459 1056.9742 1146.7172 1369.1654 1531.5122 1728.8766 1588.7638 1633.4943 1361.3177 1398.2393 1401.1055 1453.5869 1695.1423 1735.7787 1607.2767 1627.6044 1611.2371 1591.1428 1704.0505 1849.5239 1789.1138 1860.1592 1949.0159 1810.3143 1906.7423 1925.2617 2014.7762 2001.3436 1985.3069 1808.3601 1683.0691 1644.4772 1733.3049 1864.0247 1973.6636 2028.7014 1944.0337 1728.2845 1756.454 1977.9658 1722.2103 1686.2369 1710.1821 1853.165 2006.8497 2318.0547 2620.4956 1966.4586
1303.8728 1259.3278 1245.3517 1206.218 1183.5516 1145.9091 1124.0767 1109.4812 1122.8562 1123.1235 1110.5062 1107.2444 1155.7476 1176.8649 1254.7537 1381.4539 1595.96 1702.9329 1705.3159 1916.6096 1797.912 1704.1617 1577.9578 1615.3888 1627.0231 1675.0315 1805.1897 1732.7109 1723.8121 1695.1039 1724.7864 1792.0005 1878.3719 1968.475 2101.1453 2124.7925 2158.4402 2189.0247 2038.1514 2037.922 2050.9888 1994.9037 2084.6099 2013.5887 2051.4028 2040.6132 2208.3933 2301.9053 1957.0367 1958.4869 1968.3801 1904.4611 1909.9335 1996.1993 1885.6014 2272.6301 2241.699 1888.877 1970.4625 1821.4559
1360.9703 1336.0623 1294.3615 1273.1868 1248.7454 1250.1434 1224.6398 1211.8613 1205.7467 1210.0071 1220.7473 1240.2809 1234.5892 1255.3999 1282.1617 1304.1041 1481.4696 1758.1123 1746.749 1826.7134 1791.8279 1829.2427 1845.7168 1720.6838 1757.5181 1809.4913 1884.2926 1956.299 2118.1387 1847.407 2000.4188 1931.1752 1968.5247 2030.1354 2090.313 2134.1309 2209.5696 3010.0681 2177.762 2199.9719 2181.28 2194.4153 2184.2756 2162.0166 2174.792 2229.4141 2301.4033 2355.2891 2111.064 1960.5046 1941.5229 1755.7291 1787.8464 1792.2562 2259.9102 2429.9167 1628.5768 1721.4561 1520.7056 1369.6417
1352.7908 1330.6648 1314.7646 1297.0594 1297.489 1275.8682 1267.1307 1259.5767 1264.5774 1267.0277 1278.1907 1278.5042 1290.8372 1274.0122 1302.2677 1332.4827 1375.6406 1396.5812 1440.3821 1490.7036 1573.047 1784.1766 1827.7688 1978.0347 1894.1758 1903.6665 1946.2021 1940.9224 1994.6921 2043.7858 2090.6641 2134.1917 2218.0168 2254.6133 2312.5991 2265.4707 2236.9575 2211.2896 2107.3237 2101.9517 2209.4897 2249.9084 2304.7385 2308.1265 2339.5747 2338.6514 2296.7659 2332.5825 2397.2224 2144.5837 2132.8347 2009.5422 1975.2604 1837.8656 1646.2924 1552.6395 1746.2356 1725.424 1656.8088 1938.9491
1398.0273 1390.4281 1373.5586 1367.163 1363.4708 1321.5002 1335.6484 1341.1302 1353.5302 1348.9783 1346.6428 1361.1346 1349.7676 1372.1049 1362.5865 1372.5487 1551.254 1488.0493 1446.0479 1523.7136 1553.4419 1566.5371 1694.9396 1731.6266 1937.5529 1986.3024 1992.5457 2029.6375 2055.2966 2076.8315 2150.231 2192.176 2211.4517 2255.4902 2280.8513 2271.009 2219.7134 2195.8555 2113.7678 1991.6193 2030.062 2103.3904 2177.9224 2185.4231 2222.8538 2240.9324 2301.3018 2384.1658 2446.5857 2409.7725 2439.2463 2639.8154 2250.4119 2235.0137 2405.969 2090.2629 2031.0718 2041.5831 1946.785 2136.5559
1471.245 1456.4092 1459.8082 1438.3838 1425.0554 1434.223 1496.2585 1468.179 1438.4039 1418.0836 1424.4623 1439.1924 1429.8844 1435.5078 1434.9089 1446.3837 1432.1832 1419.4973 1705.6022 1721.5334 1721.7936 1720.0347 1739.8369 1846.7288 1921.1267 2019.0472 2042.3309 2066.9976 2101.1692 2134.1399 2178.2788 2298.4531 2281.1121 2272.2795 2280.2781 2232.5042 2199.7595 2182.3591 2120.4429 2060 2047.2401 2082.6726 2104.4966 2103.9053 2013.1041 1962.7645 1967.2825 2047.9729 2099.7122 2106.2151 2252.1169 2191.0979 2182.5488 2339.6675 2223.7336 1720.0498 1657.0371 1623.793 1876.0995 1445.6931
