Resources/Map/Lvl0_30x30/Ele_CA.asc
ncols         335
nrows         335
xllcorner     -20045000
yllcorner     -25000
cellsize      10000
nodata_value  -99999.0
[rows 300 to 324 of 335, columns 114 to 170 of 335]
-5534.8101 -5533.1553 -5490.6113 -5505.9946 -5486.6011 -5504.4087 -5459.2939 -5225.8057 -5116.9839 -5001.1338 -4968.3916 -4951.4956 -4940.1245 -4949.041 -4948.6226 -5004.6719 -5049.3672 -5133.9956 -5226.644 -5266.9941 -5351.2354 -5311.3403 -5316.6479 -5342.8691 -5299.5239 -5291.4268 -5412.7852 -5458.8691 -5446.2188 -5481.8853 -5384.8442 -5280.1846 -5389.2119 -5472.3423 -5464.2358 -5480.1558 -5506.6631 -5565.583 -5619.2407 -5233.8984 -4943.2446 -5132.8901 -5369.2236 -5410.522 -5393.5479 -5380.2446 -5376.2339 -5383.5166 -5459.5815 -5280.5488 -4549.3936 -4490.188 -3886.3303 -2213 -3702.0896 -5092.2437 -5309.8345
-5519.9741 -5491.0483 -5470.0942 -5493.2002 -5441.2686 -5504.1904 -5437.0479 -5042.7178 -4800.2573 -4902.2612 -5031.1089 -4960.6885 -4934.6475 -4955.6846 -5001.0659 -5048.7173 -5132.5313 -5287.625 -5258.8804 -5215.4302 -5319.2397 -5379.5562 -5402.8828 -5423.5103 -5448.1606 -5439.4521 -5464.52 -5465.876 -5453.1494 -5472.6401 -5361.1167 -5331.8018 -5427.1665 -5454.5107 -5451.2764 -5478.9194 -5517.2271 -5570.4194 -5652.3042 -5452.9795 -5187.5806 -5194.8711 -5358.7397 -5443.0938 -5401.6445 -5376.8838 -5372.9106 -5382.6436 -5410.5825 -4780.98 -2908.926 -3351.3525 -3336.062 -2026.5214 -3627.6162 -5108.8604 -5351.8887
-5515.5474 -5470.9189 -5450.7026 -5417.2021 -5310.0986 -5446.5874 -5481.5088 -5112.6792 -4823.417 -5038.8193 -5151.8521 -5094.0679 -5057.3506 -5103.3354 -5123.4238 -5166.1646 -5320.042 -5418.5498 -5387.1826 -5394.731 -5416.7026 -5429.1797 -5468.5127 -5479.1265 -5497.0229 -5525.2402 -5468.6895 -5406.3677 -5411.2485 -5348.8799 -5166.8706 -5212.9966 -5404.3882 -5435.1001 -5413.5381 -5444.4385 -5476.2222 -5537.5801 -5627.6841 -5546.1948 -5375.3521 -5319.3447 -5346.4385 -5441.04 -5412.3926 -5377.5483 -5374.4517 -5361.5039 -5368.2627 -5024.3218 -3956.2327 -4240.9043 -4461.936 -3829.1733 -4253.4941 -5251.3774 -5365.4839
-5493.2153 -5451.895 -5427.2173 -5334.8267 -5362.8296 -5457.7373 -5533.1914 -5243.4199 -5151.7681 -5418.5732 -5342.668 -5309.0884 -5300.8135 -5323.8096 -5326.2817 -5377.9873 -5476.3604 -5482.9673 -5437.0957 -5441.7603 -5466.3096 -5460.1758 -5526.1475 -5515.0005 -5428.0752 -5466.647 -5479.9443 -5419.793 -5407.749 -5406.5171 -5407.1362 -5435.6318 -5450.999 -5420.7485 -5410.457 -5434.3945 -5465.2319 -5509.7651 -5536.6265 -5430.6323 -5280.2412 -5276.7705 -5315.0371 -5389.1582 -5387.8193 -5377.0054 -5371.9512 -5349.7383 -5356.7686 -5381.9302 -5148.291 -5167.0137 -5241.5718 -5047.2568 -5079.9712 -5361.1987 -5390.1631
-5490.895 -5449.7007 -5383.2817 -5239.1055 -5420.2905 -5414.4009 -5404.2534 -5087.6748 -5109.957 -5546.2856 -5411.9448 -5315.1714 -5349.4331 -5413.5933 -5485.9629 -5509.1118 -5507.1626 -5511.6924 -5492.373 -5490.5039 -5476.3271 -5424.5327 -5464.9219 -5528.8638 -5582.8726 -5580.6997 -5456.6582 -5308.7144 -5249.0176 -5369.4346 -5509.1021 -5555.8149 -5469.2969 -5384.1519 -5392.6191 -5409.3408 -5457.5337 -5525.6875 -5529.2715 -5438.3638 -5293.6177 -5307.4434 -5349.3159 -5372.6465 -5374.1821 -5385.0503 -5375.584 -5366.4614 -5362.0015 -5371.6831 -5346.6445 -5340.1597 -5379.3516 -5381.0322 -5405.6899 -5386.3389 -5367.6108
-5474.4702 -5435.2559 -5312.1846 -5077.7358 -5219.1855 -5325.3101 -5406.1196 -5213.5562 -5287.6318 -5398.4727 -5361.853 -5259.1924 -5249.4702 -5357.5747 -5467.3042 -5503.0313 -5468.1851 -5497.0884 -5498.6528 -5483.2651 -5484.5425 -5491.6489 -5504.1694 -5530.4048 -5568.4756 -5473.3232 -5315.5972 -5217.5605 -5114.1855 -5169.0562 -5300.6509 -5464.0566 -5452.0386 -5365.7051 -5394.9575 -5420.5024 -5430.8042 -5507.7305 -5520.0864 -5430.0708 -5318.0947 -5321.4224 -5347.0322 -5359.6079 -5331.8467 -5266.5142 -5342.46 -5367.4482 -5380.8208 -5379.6475 -5368.7539 -5367.0288 -5381.1641 -5325.8022 -5335.9878 -5361.4927 -5256.46
-5444.3062 -5405.1812 -5235.8823 -5071.6855 -5096.7456 -5207.7373 -5234.21 -5130.835 -5351.8389 -5365.5845 -5398.3706 -5371.6167 -5340.1689 -5414.9653 -5429.0078 -5475.4595 -5491.8423 -5480.3267 -5483.8892 -5489.9585 -5509.2212 -5516.2007 -5481.4316 -5456.5879 -5470.4883 -5413.5205 -5359.7583 -5334.8418 -5275.4795 -5193.6782 -5228.6099 -5355.002 -5394.6338 -5369.9961 -5363.4717 -5384.562 -5436.3018 -5521.0415 -5521.3013 -5407.522 -5315.4727 -5232.1021 -5228.9858 -5316.8877 -5313.5918 -5251.6924 -5328.7739 -5336.5952 -5341.5176 -5351.0859 -5349.6147 -5358.9985 -5390.6851 -5333.6968 -5334.2256 -5300.7412 -4640.0605
-5431.2495 -5372.54 -5204.4497 -5159.9678 -5228.0498 -5323.0469 -5273.6787 -5124.6157 -5220.6489 -5362.5146 -5372.8945 -5382.5928 -5390.3833 -5477.3652 -5486.5273 -5545.5518 -5506.042 -5393.4873 -5430.5771 -5509.6587 -5487.6904 -5457.6353 -5487.1235 -5463.6636 -5425.5059 -5342.106 -5381.2671 -5332.019 -5222.6748 -5267.9375 -5256.8833 -5186.5342 -5277.7686 -5330.4312 -5346.5537 -5383.2251 -5457.0649 -5534.0107 -5550.4473 -5449.9229 -5330.7041 -5171.4653 -5168.8721 -5315.9683 -5369.522 -5378.606 -5329.772 -5245.9585 -5263.5762 -5349.8843 -5338.8638 -5366.2798 -5080.6528 -4748.0977 -5050.2192 -5283.144 -4590.3071
-5391.0552 -5329.4653 -5245.917 -5208.1265 -5252.73 -5319.8501 -5101.4399 -5169.145 -5387.0767 -5506.6509 -5436.6294 -5406.6333 -5423.7549 -5415.6426 -5436.6514 -5506.4761 -5465.3652 -5435.333 -5508.7388 -5547.228 -5466.9443 -5315.7349 -5408.2271 -5484.8491 -5433.2324 -5292.1826 -5288.2456 -5235.3467 -5139.9199 -5225.4736 -5278.4312 -5242.4697 -5283.9712 -5351.8447 -5417.6333 -5455.3037 -5500.5923 -5554.4697 -5538.9482 -5400.4521 -5291.9189 -5285.7832 -5312.5186 -5331.8413 -5322.0063 -5349.0635 -5331.6934 -5284.4868 -5277.2251 -5369.1367 -5369.5967 -5337.9521 -4195.1641 -3189.4832 -4523.0811 -5292.5771 -5297.6328
-5376.9702 -5275.3174 -5211.8945 -5335.7061 -5300.52 -5340.6948 -5115.5625 -5015.3042 -5259.0571 -5357.187 -5444.0117 -5491.1616 -5420.1846 -5398.3447 -5428.6479 -5455.4927 -5456.9126 -5468.877 -5494.3975 -5492.2607 -5514.5156 -5336.6748 -5367.9897 -5482.5029 -5451.6211 -5385.2334 -5388.6992 -5362.3848 -5293.6631 -5292.1421 -5330.3833 -5329.1504 -5345.2764 -5356.6167 -5411.0815 -5470.7539 -5499.4102 -5541.4292 -5537.8164 -5400.6992 -5287.2061 -5310.666 -5311.9546 -5334.6069 -5331.1577 -5331.8242 -5335.1255 -5331.3667 -5333.2104 -5365.689 -5383.9893 -5346.5981 -4851.7778 -4520.6602 -5054.5923 -5319.124 -5378.2412
-5465.8789 -5365.1577 -5270.8623 -5495.1426 -5381.4487 -5365.1738 -5484.1211 -5486.3628 -5445.3672 -5104.7451 -5314.625 -5531.3076 -5432.7749 -5403.103 -5415.499 -5432.7749 -5424.2646 -5462.8623 -5412.2129 -5190.0601 -5282.2334 -5348.9106 -5412.083 -5518.0229 -5482.4839 -5389.7563 -5393.9282 -5405.439 -5348.6416 -5312.0566 -5339.8496 -5364.1279 -5395.7124 -5362.3486 -5366.5864 -5437.9873 -5490.9702 -5536.0854 -5532.4482 -5411.2964 -5322.9482 -5361.1885 -5342.3945 -5342.2593 -5345.0669 -5321.707 -5322.9492 -5324.1445 -5339.8838 -5365.3784 -5378.4546 -5317.5674 -5278.7588 -5271.4419 -5288.8457 -5337.2944 -5347.5059
-5536.4795 -5425.3896 -5299.0864 -5448.5508 -5212.2881 -5194.0659 -5397.564 -5556.1743 -5477.7539 -5221.9351 -5373.4902 -5394.8018 -5419.0815 -5407.3135 -5395.9106 -5405.1763 -5317.3696 -5437.3613 -5465.1431 -5243.646 -5193.2759 -5303.3857 -5346.0972 -5386.6411 -5404.6284 -5370.3306 -5362.4194 -5328.3687 -5266.6807 -5234.1431 -5278.9946 -5367.1167 -5411.7813 -5398.0854 -5373.1333 -5423.5313 -5496.8579 -5555.5044 -5513.6299 -5384.502 -5302.5137 -5294.3066 -5294.6294 -5298.8848 -5242.1304 -5306.7729 -5310.2153 -5283.9219 -5302.8501 -5339.9224 -5376.2729 -5348.729 -5349.2515 -5348.8242 -5343.6021 -5341.0786 -5331.2036
-5572.2451 -5392.375 -5271.3696 -5242.7617 -4826.0391 -5013.0464 -5299.48 -5405.9399 -5357.3818 -5282.5737 -5382.5757 -5369.4736 -5411.4102 -5380.4985 -5397.9238 -5424.9219 -5274.2832 -5208.9453 -5369.6445 -5327.5439 -5286.9287 -5311.4712 -5315.123 -5263.4614 -5317.8413 -5389.1538 -5410.4766 -5417.4541 -5425.4268 -5454.1323 -5402.0703 -5351.1553 -5384.7271 -5424.1328 -5459.3374 -5475.4497 -5488.3389 -5536.0996 -5462.9678 -5338.4473 -5325.3262 -5303.3374 -5229.4946 -5191.0508 -5132.7676 -5276.5884 -5329.1187 -5246.4863 -5302.5742 -5374.4922 -5364.2695 -5358.5884 -5351.5864 -5358.1226 -5351.4097 -5341.5161 -5312.4717
-5603.7646 -5370.8281 -5283.0903 -5305.395 -5188.3413 -5302.6777 -5425.7271 -5367.1802 -5254.5254 -5172.6611 -5297.897 -5314.7412 -5357.376 -5365.9189 -5339.0117 -5325.9971 -5238.9883 -5179.3892 -5332.2476 -5339.147 -5312.5176 -5338.501 -5384.811 -5314.8022 -5344.209 -5423.0229 -5429.2515 -5315.144 -5261.8564 -5365.8682 -5396.2715 -5334.0103 -5341.2524 -5374.0083 -5426.2412 -5473.6343 -5476.8662 -5478.7524 -5379.7661 -5278.8374 -5327.4312 -5328.5596 -5321.0107 -5315.8848 -5335.2349 -5342.6411 -5304.9707 -4991.7173 -5143.002 -5359.3638 -5337.7866 -5349.6787 -5342.7397 -5347.0537 -5357.1206 -5364.2344 -5334.8965
-5571.4795 -5436.2861 -5365.3398 -5396.7852 -5341.1455 -5326.998 -5447.4175 -5433.6406 -5269.2769 -5153.9302 -5315.1943 -5371.1572 -5367.4829 -5342.7476 -5322.2847 -5301.4189 -5187.4907 -5124.9004 -5193.5557 -5299.7085 -5370.7734 -5402 -5313.6123 -5215.8887 -5276.8926 -5440.0718 -5395.9702 -5189.9688 -5193.4819 -5357.0605 -5426.1865 -5398.7236 -5384.2139 -5407.0649 -5434.5669 -5454.4224 -5458.9507 -5448.6079 -5345.9922 -5285.1938 -5282.3438 -5280.4131 -5305.604 -5323.6396 -5326.8149 -5295.6968 -5273.1313 -4976.8315 -5173.4839 -5360.564 -5293.6992 -5319.2676 -5307.1748 -5314.4644 -5346.832 -5357.3291 -5348.8398
-5494.5581 -5402.7861 -5366.1104 -5350.4429 -5357.8833 -5213.8091 -5276.9453 -5416.7773 -5370.1147 -5509.0327 -5471.2446 -5378.7412 -5377.377 -5354.8413 -5357.8823 -5367.812 -5350.3472 -5328.6758 -5249.7358 -5169.3037 -5251.8633 -5293.938 -5272.6338 -5251.0088 -5270.8027 -5386.4932 -5436.7168 -5407.4722 -5425.9346 -5446.8628 -5432.3174 -5425.2622 -5410.6353 -5396.4487 -5414.2002 -5431.3345 -5445.7153 -5456.5972 -5352.9751 -5305.5903 -5308.2324 -5273.2393 -5266.8608 -5290.7998 -5303.0752 -5271.6274 -5361.3711 -5306.0107 -5319.5405 -5329.3979 -5293.3105 -5298.8491 -5303.5015 -5317.7031 -5331.3423 -5348.3262 -5351.9023
-5415.7261 -5315.9922 -5347.9355 -5356.2275 -5400.3745 -5339.8574 -5274.4019 -5349.6592 -5427.896 -5594.4536 -5348.5156 -5194.0122 -5325.8975 -5357.2852 -5377.4736 -5398.2437 -5361.5605 -5370.3486 -5333.6851 -5282.4502 -5262.3164 -5189.1074 -5207.0586 -5312.7773 -5364.1836 -5399.0645 -5428.8101 -5450.8672 -5457.3818 -5446.188 -5416.1367 -5415.7432 -5389.1401 -5339.894 -5368.7803 -5410.103 -5439.4761 -5467.1401 -5356.5664 -5300.606 -5326.585 -5311.4526 -5297.6011 -5311.6616 -5317.9736 -5340.5859 -5379.019 -5344.4722 -5311.7881 -5299.0063 -5273.0962 -5273.3433 -5277.3188 -5277.2065 -5289.769 -5391.6016 -5361.4688
-5430.3687 -5376.3545 -5395.3311 -5406.0195 -5446.7046 -5497.2803 -5350.0864 -5393.6162 -5459.8994 -5500.5244 -5444.6558 -5377.6646 -5279.7676 -5295.8828 -5221.6992 -5277.27 -5275.7075 -5238.3389 -5313.7969 -5318.1313 -5282.5317 -5086.8306 -5029.4834 -5229.2354 -5345.7544 -5349.9058 -5310.1357 -5371.3052 -5446.8579 -5445.7446 -5421.7256 -5409.0854 -5370.2451 -5341.4927 -5368.0732 -5388.4336 -5429.2827 -5458.7671 -5374.1763 -5336.8452 -5357.0288 -5321.5322 -5307.8833 -5342.1206 -5366.4785 -5362.5435 -5376.8359 -5331.4463 -5297.8711 -5283.311 -5258.2158 -5246.0522 -5256.4629 -5227.8789 -5231.5679 -5289.7061 -5212.1543
-5468.3975 -5435.0581 -5443.9463 -5439.4082 -5485.5938 -5535.814 -5417.6943 -5434.104 -5367.2119 -5335.6992 -5430.9507 -5462.7627 -5378.0078 -5334.6377 -5131.6655 -5128.7783 -5127.1294 -5143.7549 -5204.5796 -5062.7876 -5241.729 -5273.6133 -5213.2671 -5271.6523 -5306.6196 -5319.6914 -5296.1758 -5381.4814 -5414.6313 -5370.5015 -5390.314 -5395.3638 -5381.9521 -5353.8979 -5339.6411 -5354.2002 -5412.4248 -5444.5747 -5358.2031 -5318.2085 -5344.7949 -5330.1475 -5322.438 -5344.228 -5366.3047 -5347.5034 -5321.2964 -5299.3794 -5269.772 -5252.7188 -5248.0264 -5241.3384 -5241.9238 -5128.6748 -5201.7969 -5188.0625 -5079.854
-5490.2139 -5450.1841 -5427.9897 -5446.0469 -5515.4966 -5565.02 -5455.6201 -5446.5605 -5349.5806 -5226.2007 -5319.439 -5419.1621 -5423.9927 -5432.3521 -5384.7783 -5354.5322 -5316.8906 -5341.8145 -5259.915 -5107.5303 -5312.1929 -5354.8081 -5206.5054 -5046.8188 -5059.0508 -5177.7134 -5256.0786 -5355.6025 -5298.1133 -5242.3003 -5333.8706 -5369.9185 -5386.1084 -5368.9014 -5341.4253 -5347.0518 -5396.9106 -5365.8408 -5234.064 -5260.4004 -5338.9492 -5325.6685 -5304.4951 -5294.2813 -5311.7114 -5315.2095 -5290.5781 -5294.8125 -5253.6099 -5207.0073 -5234.3193 -5229.9258 -5215.1143 -4974.2461 -5060.0796 -5197.2314 -5155.1924
-5429.3115 -5439.2891 -5358.2852 -5405.959 -5513.7949 -5544.25 -5471.3115 -5471.9863 -5470.8408 -5423.2271 -5387.0928 -5394.7158 -5372.0059 -5388.7021 -5404.2085 -5348.334 -5285.562 -5303.4072 -5173.6294 -5090.7661 -5266.8955 -5213.7871 -4917.7432 -4833.6069 -5048.4556 -5224.9819 -5301.4761 -5385.0889 -5303.5322 -5249.29 -5308.4175 -5313.3784 -5348.5708 -5362.1382 -5336.0352 -5337.9482 -5362.7153 -5238.2847 -5167.5342 -5276.2314 -5311.1543 -5229.7021 -5203.604 -5233.272 -5264.7227 -5280.0591 -5277.0063 -5271.3496 -5227.0049 -5198.623 -5202.0791 -5227.1489 -5208.3066 -5083.5313 -5066.6963 -5122.917 -5176.1294
-5333.248 -5392.9956 -5392.3989 -5431.0654 -5470.1465 -5540.5938 -5607.9971 -5601.7007 -5559.8804 -5524.6953 -5453.4658 -5383.7759 -5359.8389 -5370.4966 -5392.7456 -5282.1812 -5136.6201 -5102.9341 -4958.9258 -4929.1636 -5166.0024 -5188.5991 -5057.186 -5132.2339 -5299.5405 -5293.79 -5277.2754 -5383.5225 -5378.874 -5334.1963 -5294.2026 -5250.3457 -5301.9194 -5290.1846 -5237.686 -5307.022 -5314.8813 -5246.0562 -5248.729 -5209.042 -5196.1772 -5140.6396 -5149.6636 -5187.5601 -5197.6929 -5215.2373 -5277.5352 -5205.4688 -5125.8931 -5192.0308 -5161.8911 -5206.4155 -5140.146 -5151.3257 -5155.2544 -5131.1084 -5233.9502
-5424.3354 -5411.25 -5410.209 -5390.9663 -5385.959 -5555.1323 -5683.999 -5589.5273 -5571.7407 -5564.7603 -5536.7637 -5451.7559 -5446.4097 -5422.8604 -5418.3818 -5408.0376 -5345.2896 -5347.4023 -5274.3623 -5280.873 -5370.9189 -5372.8965 -5345.6934 -5263.3569 -5083.3667 -4902.5352 -4997.6514 -5295.8438 -5365.002 -5278.9419 -5070.3628 -5003.5093 -5207.564 -5205.8755 -5151.6479 -5323.2783 -5362.5605 -5329.6045 -5276.4263 -5162.3242 -5209.4067 -5240.9761 -5239.9097 -5194.0781 -5124.1357 -5179.5688 -5239.4463 -5214.7861 -5159.8286 -5207.0723 -5193.7495 -5202.7607 -5110.811 -5144.7134 -5193.1641 -5239.6816 -5309.4443
-5494.8525 -5429.3765 -5355.5298 -5365.7827 -5507.7983 -5708.2231 -5638.333 -5266.8828 -5248.0986 -5360.5176 -5402.2168 -5378.5762 -5425.8345 -5441.3999 -5403.5649 -5387.2583 -5370.5967 -5399.9766 -5298.0649 -5332.2788 -5342.5562 -5203.2178 -5106.6846 -5086.1763 -4904.5854 -4768.5059 -4956.3994 -5230.0132 -5252.4375 -5095.5591 -4816.8765 -4838.8057 -5144.9424 -5221.1924 -5249.0928 -5383.1265 -5366.7759 -5286.769 -5211.959 -5204.8594 -5241.8247 -5213.0156 -5201.416 -5126.5713 -5038.9756 -5144.4092 -5104.1401 -5186.6323 -5207.0449 -5198.5557 -5242.5723 -5249.4019 -5254.5869 -5280.7139 -5260.2661 -5313.311 -5356.6597
-5493.5737 -5447.2339 -5407.2598 -5515.0181 -5657.9395 -5624.2305 -5525.1138 -5308.3169 -5273.5356 -5288.853 -5213.2061 -5190.7188 -5248.4727 -5297.3545 -5341.8716 -5344.0269 -5298.9258 -5310.6177 -5227.3853 -5274.6978 -5240.9722 -5157.9312 -5157.8262 -5303.1416 -5277.1831 -5190.6753 -5266.4648 -5261.563 -5154.9253 -5019.9473 -4958.7661 -5098.5713 -5229.4785 -5255.1201 -5306.9985 -5387.2505 -5345.3188 -5244.3394 -5033.1938 -4977.3374 -5029.5684 -5068.8848 -5101.3042 -5024.7168 -5011.9683 -5113.4136 -4965.5947 -5097.5664 -5134.4346 -5169.0073 -5261.8403 -5257.1235 -5310.1411 -5367.9155 -5346.0518 -5374.5645 -5423.5732
