Resources/Map/Lvl0_30x30/Ele_AB.asc
ncols         335
nrows         335
xllcorner     -16695000
yllcorner     6675000
cellsize      10000
nodata_value  -99999.0
[rows 60 to 89 of 335, columns 0 to 65 of 335]
-2275.3215 -2260.9375 -2243.2654 -2222.9407 -2201.0322 -2178.2104 -2155.9133 -2131.6724 -2104.3914 -2074.1714 -2044.016 -2015.2106 -1985.4465 -1955.9679 -1926.8115 -1899.4844 -1877.3776 -1860.3384 -1846.5331 -1833.3623 -1821.0503 -1810.2981 -1803.1864 -1798.569 -1796.363 -1795.4767 -1796.6582 -1798.2543 -1802.9825 -1811.5653 -1825.0658 -1844.9031 -1872.7654 -1907.6425 -1949.8009 -1999.3805 -2053.0886 -2104.2471 -2147.9612 -2182.5935 -2207.1863 -2223.0811 -2234.5608 -2243.657 -2251.2109 -2258.2151 -2264.9998 -2271.2849 -2276.3093 -2280.9897 -2283.5449 -2283.229 -2279.6802 -2274.5674 -2269.4868 -2265.1667 -2258.0972 -2247.1265 -2233.989 -2221.8252 -2211.8896 -2203.6555 -2197.8623 -2194.0466 -2191.2754 -2189.613
-2139.3706 -2114.8037 -2090.9331 -2066.7288 -2042.2397 -2016.203 -1989.2898 -1961.0657 -1932.1337 -1902.6121 -1875.5056 -1852.1028 -1831.3108 -1814.2926 -1801.2225 -1789.5084 -1781.1982 -1774.6819 -1769.4617 -1764.5524 -1760.5548 -1756.8583 -1753.9991 -1752.413 -1752.8204 -1755.9121 -1764.0204 -1777.0438 -1798.8134 -1831.1536 -1870.1658 -1913.875 -1962.8097 -2013.7784 -2063.1067 -2107.9604 -2146.0068 -2174.6667 -2195.8093 -2211.5269 -2221.8274 -2226.968 -2228.356 -2227.8252 -2225.6223 -2222.821 -2220.0198 -2218.3062 -2219.99 -2225.2148 -2234.0332 -2247.873 -2259.8467 -2262.4919 -2259.3843 -2255.917 -2250.1938 -2241.9895 -2229.2439 -2211.8579 -2196.8201 -2185.6318 -2179.2542 -2177.3071 -2177.8843 -2179.2549
-2046.5614 -2011.0349 -1975.5989 -1939.9921 -1906.4121 -1875.8608 -1850.0112 -1830.6727 -1815.2778 -1803.365 -1793.8326 -1785.9181 -1780.2268 -1775.2887 -1771.0385 -1767.0232 -1764.4989 -1764.5177 -1764.8883 -1766.7886 -1769.3785 -1775.6046 -1786.0452 -1800.5613 -1820.4382 -1847.0176 -1884.9219 -1930.8937 -1981.4968 -2031.4714 -2078.5928 -2123.6306 -2165.9033 -2202.5801 -2232.9971 -2256.5168 -2274.1155 -2286.4124 -2294.8894 -2299.8848 -2300.7039 -2298.9116 -2294.0422 -2286.5093 -2276.3704 -2264.7 -2252.1592 -2238.9998 -2227.0061 -2221.2976 -2222.6975 -2229.2239 -2231.7676 -2227.978 -2221.7048 -2216.009 -2214.0544 -2213.6587 -2212.4905 -2211.1443 -2210.1597 -2209.8804 -2210.3218 -2210.0369 -2210.2288 -2210.543
-2061.1829 -2017.8644 -1970.4657 -1924.8527 -1888.0183 -1863.7213 -1851.3198 -1839.5466 -1826.5479 -1814.7273 -1804.9373 -1798.7473 -1797.2684 -1799.4043 -1801.5862 -1804.0011 -1811.3114 -1827.1559 -1851.3602 -1879.6401 -1913.6538 -1955.1281 -2002.5093 -2053.459 -2102.1655 -2145.8364 -2181.582 -2212.4827 -2240.9016 -2267.0762 -2291.094 -2313.7332 -2335.2354 -2355.364 -2372.821 -2386.615 -2396.9736 -2404.0498 -2408.4829 -2410.6604 -2409.4158 -2406.4067 -2401.8586 -2395.1145 -2386.7744 -2377.2949 -2366.1416 -2349.1597 -2327.106 -2304.2896 -2288.7161 -2279.7004 -2275.3965 -2274.1555 -2275.4814 -2276.4092 -2277.9636 -2277.3364 -2275.7529 -2273.3855 -2269.345 -2266.1409 -2262.9114 -2259.3184 -2255.0583 -2251.5596
-1923.6227 -1920.7429 -1916.5461 -1901.3318 -1876.4177 -1851.8972 -1835.1199 -1825.5995 -1823.1385 -1822.436 -1820.4106 -1818.7362 -1819.4247 -1823.3912 -1833.114 -1856.3014 -1905.2373 -1982.9636 -2069.8533 -2142.0771 -2203.561 -2260.626 -2308.7205 -2345.7161 -2372.1855 -2389.1404 -2400.9031 -2410.2458 -2417.6492 -2422.9993 -2428.8135 -2438.1121 -2453.7512 -2475.3567 -2498.4946 -2517.2014 -2529.5737 -2536.0913 -2539.1853 -2539.1702 -2534.0269 -2523.729 -2508.6902 -2489.4016 -2467.4905 -2445.4985 -2425.4976 -2408.1008 -2393.6357 -2379.7751 -2367.5168 -2357.7554 -2349.0684 -2343.2729 -2339.8254 -2337.3169 -2334.0356 -2328.6208 -2322.1123 -2313.6382 -2304.0864 -2295.4541 -2286.0603 -2277.4727 -2269.0225 -2262.2427
-2031.8207 -1995.58 -1967.2712 -1947.3207 -1936.4615 -1925.3019 -1911.2581 -1895.8696 -1878.6298 -1859.5908 -1838.4943 -1821.5782 -1816.6599 -1834.463 -1878.5525 -1948.5072 -2043.4 -2155.3271 -2259.8772 -2340.8296 -2397.5627 -2434.616 -2455.1479 -2463.6858 -2469.6462 -2474.3752 -2477.7307 -2479.9695 -2481.4011 -2482.6279 -2483.9312 -2484.188 -2482.5715 -2481.5112 -2482.0168 -2483.4958 -2484.7717 -2484.9399 -2485.3245 -2489.3557 -2499.0283 -2509.0837 -2508.8044 -2497.5923 -2482.6238 -2469.2905 -2458.3652 -2448.345 -2437.3391 -2425.2727 -2414.5737 -2406.7041 -2402.4695 -2400.6587 -2397.666 -2391.229 -2379.2261 -2362.2634 -2340.4941 -2317.4978 -2294.4856 -2273.563 -2256.3118 -2242.8127 -2232.2781 -2225.4019
-2270.0862 -2219.2012 -2171.9692 -2134.2561 -2110.8003 -2097.9331 -2093.5923 -2096.1094 -2103.4746 -2112.9341 -2126.7622 -2150.2134 -2182.4949 -2231.9229 -2291.3042 -2354.4307 -2415.2095 -2467.1216 -2503.8765 -2525.2046 -2537.2957 -2543.0901 -2544.0786 -2542.0039 -2536.4551 -2528.0857 -2521.9785 -2517.0444 -2514.2932 -2513.7639 -2513.4905 -2512.1277 -2509.9705 -2507.802 -2505.7517 -2503.3711 -2498.6438 -2489.0332 -2473.697 -2457.7551 -2451.9143 -2456.5566 -2465.0627 -2473.0779 -2479.1912 -2482.8628 -2483.1555 -2480.3416 -2476.6748 -2472.9077 -2467.7329 -2460.8621 -2452.3784 -2444.6184 -2436.0176 -2427.8674 -2419.323 -2409.4641 -2397.312 -2380.3005 -2362.3743 -2344.7437 -2329.364 -2315.9219 -2301.8943 -2288.1685
-2534.4331 -2508.5471 -2478.5728 -2449.8896 -2427.0496 -2410.7673 -2403.355 -2403.5864 -2410.1777 -2421.9514 -2438.0386 -2456.8098 -2477.0957 -2497.387 -2518.1067 -2537.8408 -2554.5 -2569.47 -2581.4792 -2589.842 -2595.6394 -2598.3723 -2599.1184 -2598.5332 -2596.01 -2592.5889 -2589.3101 -2586.1077 -2583.3616 -2581.7358 -2581.1113 -2581.0313 -2581.7234 -2583.1143 -2583.5195 -2582.9116 -2580.6865 -2576.1958 -2570.4392 -2564.0759 -2558.448 -2553.2571 -2548.5896 -2543.0369 -2536.0686 -2528.6316 -2522.3669 -2515.7356 -2508.8105 -2502.6423 -2494.2563 -2484.3938 -2472.6094 -2459.7266 -2444.9536 -2429.1372 -2412.3403 -2393.5798 -2372.7329 -2347.6963 -2322.8542 -2303.7454 -2287.7102 -2274.9382 -2266.7932 -2261.1675
-2533.3306 -2526.9426 -2527.1926 -2531.4844 -2538.2002 -2546.3423 -2554.1426 -2561.1943 -2566.5876 -2571.0347 -2575.5291 -2581.0317 -2586.6274 -2593.1558 -2598.7168 -2604.137 -2607.655 -2611.8625 -2614.0928 -2614.9404 -2613.0005 -2609.2375 -2600.9673 -2590.8579 -2580.1621 -2570.7126 -2562.9951 -2555.98 -2549.6313 -2545.3354 -2543.8325 -2546.3857 -2553.002 -2562.8098 -2573.6885 -2584.5317 -2594.3262 -2602.0325 -2608.2292 -2613.3977 -2618.146 -2621.0742 -2617.8577 -2607.1865 -2587.4033 -2559.5918 -2536.1421 -2534.2075 -2547.187 -2561.2183 -2567.5845 -2564.0076 -2551.957 -2532.657 -2505.3494 -2471.7385 -2429.2703 -2378.6008 -2323.6575 -2273.6609 -2234.8955 -2210.3284 -2197.8853 -2195.9041 -2197.7419 -2201.1267
-2672.2546 -2669.5286 -2673.8333 -2683.8511 -2694.251 -2701.1675 -2703.95 -2698.2639 -2687.709 -2674.8325 -2661.7542 -2651.5461 -2642.4841 -2635.4875 -2631.4792 -2626.2302 -2615.8745 -2601.2107 -2580.4509 -2554.3787 -2522.405 -2486.4663 -2447.3779 -2405.1726 -2360.8579 -2318.3997 -2282.1299 -2257.8428 -2247.9792 -2252.5046 -2267.3801 -2293.0217 -2327.5276 -2368.1184 -2417.8066 -2473.48 -2529.6504 -2583.1101 -2630.3623 -2674.2852 -2714.7861 -2743.3076 -2753.3284 -2743.657 -2716.324 -2681.5535 -2660.4617 -2664.0117 -2678.8965 -2689.6841 -2689.0864 -2678.4946 -2661.9448 -2639.2686 -2613.0076 -2581.7288 -2541.4038 -2489.7612 -2432.6484 -2375.6226 -2325.0564 -2284.5371 -2262.9971 -2261.7214 -2267.4507 -2279.2712
-2755.9626 -2757.3308 -2765.6985 -2777.4551 -2785.6782 -2786.228 -2775.0757 -2747.8569 -2712.7649 -2674.9873 -2639.7866 -2609.5664 -2584.4131 -2558.2861 -2528.947 -2493.3091 -2446.5676 -2389.4836 -2331.1782 -2278.1467 -2236.7739 -2206.5881 -2180.126 -2151.6533 -2122.7615 -2099.5142 -2085.0081 -2081.4111 -2103.4111 -2156.7961 -2225.4277 -2300.1499 -2372.3911 -2435.0552 -2487.6301 -2537.3667 -2588.6133 -2639.2456 -2688.9038 -2736.8467 -2774.522 -2795.4448 -2801.9983 -2798.7805 -2790.6794 -2783.6604 -2783.321 -2788.1938 -2791.7761 -2788.3267 -2776.636 -2759.219 -2737.5247 -2714.3528 -2691.9819 -2672.488 -2656.1133 -2642.8403 -2631.6682 -2621.4736 -2608.4111 -2598.6443 -2595.1375 -2597.9893 -2599.6526 -2599.2102
-2770.3684 -2768.51 -2770.5955 -2778.1687 -2787.1633 -2792.9692 -2793.8848 -2776.0574 -2735.947 -2683.0259 -2627.9812 -2570.082 -2502.342 -2422.4343 -2341.8694 -2277.1694 -2238.4041 -2216.084 -2207.6816 -2215.4343 -2235.6287 -2261.978 -2287.1201 -2317.4856 -2362.8994 -2423.814 -2487.02 -2541.1299 -2586.9265 -2626.4175 -2671.2988 -2715.9343 -2747.9221 -2768.4529 -2787.1208 -2805.886 -2820.1018 -2829.3245 -2837.1577 -2846.1318 -2855.355 -2863.5742 -2871.4224 -2877.3047 -2879.4524 -2876.1196 -2866.5149 -2851.3608 -2834.0972 -2820.4978 -2809.645 -2801.6516 -2796.6616 -2792.9187 -2791.9138 -2790.291 -2790.4617 -2790.762 -2789.9336 -2788.0969 -2783.5366 -2778.4951 -2770.6006 -2762.6743 -2752.7209 -2738.9634
-2825.4863 -2818.5093 -2814.51 -2815.4055 -2818.2046 -2822.0476 -2825.3186 -2825.0769 -2819.2261 -2802.1831 -2781.2561 -2761.0115 -2737.0352 -2710.1235 -2684.2505 -2662.73 -2652.5046 -2658.8147 -2678.0696 -2709.0205 -2742.7373 -2772.3188 -2796.3191 -2812.9998 -2827.4917 -2848.3088 -2871.1599 -2887.4607 -2895.395 -2899.7014 -2902.9014 -2904.7124 -2904.2576 -2901.6665 -2899.1489 -2896.4954 -2893.0698 -2889.7009 -2886.8875 -2884.3855 -2880.9885 -2877.2903 -2873.2617 -2868.3159 -2862.9817 -2856.7346 -2844.6963 -2826.1711 -2805.3801 -2785.1619 -2767.4124 -2749.929 -2731.2385 -2710.5159 -2688.511 -2665.6021 -2643.886 -2622.6279 -2596.7649 -2572.8035 -2554.0903 -2526.9927 -2497.9397 -2474.623 -2459.3762 -2442.6077
-2899.1694 -2903.3237 -2905.3875 -2906.6433 -2908.4756 -2911.2886 -2915.001 -2918.1128 -2921.7942 -2924.8608 -2926.9065 -2928.8728 -2929.8523 -2931.7278 -2933.5618 -2936.1609 -2938.8865 -2943.3896 -2949.6506 -2956.9558 -2965.167 -2973.3662 -2980.7129 -2986.769 -2990.813 -2992.938 -2992.1777 -2989.1492 -2984.7412 -2979.7114 -2972.8062 -2959.2944 -2938.397 -2917.6641 -2900.3379 -2888.0598 -2879.5989 -2871.905 -2864.5 -2854.6096 -2838.5273 -2812.926 -2774.6851 -2731.9241 -2700.1814 -2682.0542 -2670.5232 -2658.6213 -2646.1318 -2634.2424 -2620.938 -2602.6921 -2577.95 -2549.8245 -2518.7458 -2489.1509 -2466.127 -2450.0188 -2436.125 -2421.6235 -2406.4495 -2393.8418 -2387.2659 -2386.6675 -2397.4934 -2412.6265
-2988.3164 -2990.092 -2991.7896 -2992.6211 -2993.8928 -2995.2529 -2995.6563 -2996.4075 -2995.4502 -2995.8157 -2995.3191 -2994.8301 -2993.457 -2992.2429 -2990.1621 -2986.293 -2982.282 -2976.3726 -2969.6448 -2963.8726 -2959.291 -2956.7498 -2955.9014 -2953.8809 -2948.1838 -2934.0432 -2908.5232 -2879.2314 -2852.9424 -2830.9783 -2810.877 -2793.825 -2784.3469 -2781.6055 -2784.8818 -2792.031 -2798.1602 -2801.9524 -2803.854 -2801.6726 -2791.5623 -2769.113 -2739.3831 -2713.3977 -2697.0876 -2690.6907 -2689.8306 -2688.5901 -2686.1438 -2681.9543 -2676.6838 -2672.78 -2669.9763 -2668.1143 -2665.4592 -2663.5366 -2664.3738 -2667.2561 -2671.0264 -2678.5378 -2687.9541 -2701.9988 -2718.6692 -2729.3086 -2736.7185 -2740.2046
-3032.2351 -3023.3176 -3018.2551 -3014.2446 -3009.2156 -3002.9663 -2994.8984 -2983.7808 -2970.6279 -2956.4478 -2940.6331 -2925.7686 -2911.5618 -2899.7678 -2889.2737 -2879.1372 -2868.9353 -2857.8145 -2845.9084 -2834.3264 -2823.5767 -2814.3364 -2808.3567 -2803.8718 -2800.0242 -2794.8923 -2789.1313 -2785.606 -2783.979 -2784.7986 -2786.4182 -2789.2871 -2792.6577 -2796.1736 -2799.1736 -2801.7463 -2803.2749 -2804.8345 -2806.3862 -2807.0195 -2806.8796 -2805.8464 -2803.355 -2800.0085 -2798.8857 -2799.342 -2800.6426 -2801.6196 -2802.3958 -2802.4666 -2803.0686 -2803.9465 -2804.637 -2805.5044 -2805.3818 -2805.136 -2805.6165 -2807.0076 -2807.3167 -2807.5791 -2806.8313 -2805.6731 -2802.1375 -2799.9116 -2795.9629 -2792.6899
-3013.4993 -2993.3359 -2977.8643 -2965.6006 -2951.9834 -2936.6292 -2920.5142 -2901.6699 -2882.5161 -2863.249 -2845.0439 -2828.447 -2816.0315 -2807.821 -2802.0625 -2798.8628 -2795.7795 -2792.4404 -2789.4031 -2787.5574 -2785.2209 -2783.6216 -2781.6672 -2778.7397 -2777.106 -2774.7642 -2771.9932 -2769.8098 -2769.271 -2770.1331 -2772.97 -2777.4207 -2782.9692 -2788.3665 -2793.2981 -2797.7009 -2800.4636 -2802.5823 -2804.533 -2805.7898 -2807.4482 -2808.3975 -2810.0325 -2811.5601 -2812.0872 -2811.2554 -2809.9382 -2809.5947 -2809.5903 -2809.5862 -2809.4648 -2809.8 -2808.7473 -2808.5771 -2806.6235 -2804.1682 -2800.7317 -2796.812 -2791.1575 -2785.2981 -2778.3567 -2769.5894 -2760.6104 -2750.6252 -2738.8142 -2726.1355
-2914.6626 -2890.2166 -2868.1711 -2849.7029 -2836.7268 -2826.6162 -2818.4536 -2812.9399 -2808.4185 -2803.0596 -2799.0193 -2793.9761 -2787.5552 -2779.3843 -2769.1638 -2758.9788 -2749.2954 -2737.7979 -2726.8557 -2714.373 -2702.6538 -2691.1665 -2680.1262 -2669.5613 -2660.4729 -2652.9626 -2647.4167 -2644.3816 -2648.7705 -2660.5918 -2679.187 -2702.0017 -2725.9353 -2747.4094 -2764.0928 -2774.1033 -2778.5176 -2780.1255 -2777.907 -2769.5742 -2757.5164 -2743.1411 -2734.8347 -2736.8308 -2743.8792 -2752.1626 -2760.2397 -2769.0796 -2777.594 -2785.2505 -2791.2253 -2795.0083 -2797.8398 -2797.6077 -2794.3496 -2789.0652 -2782.8201 -2774.0676 -2765.0408 -2755.3057 -2744.7051 -2733.4038 -2721.4753 -2709.6262 -2697.0759 -2684.1338
-2793.0374 -2779.1443 -2768.2292 -2760.4944 -2756.3999 -2754.428 -2753.46 -2753.3413 -2752.4429 -2750.5005 -2747.6897 -2743.0647 -2735.7434 -2728.1252 -2718.6553 -2708.783 -2698.1667 -2685.8147 -2673.2153 -2660.0234 -2646.8604 -2635.2024 -2625.9893 -2618.6589 -2615.0029 -2614.4067 -2618.8945 -2628.0083 -2644.4255 -2665.5566 -2686.9448 -2706.5706 -2724.9998 -2739.0674 -2740.158 -2724.9827 -2704.5283 -2690.4561 -2675.0969 -2650.0935 -2624.9329 -2613.9312 -2618.8706 -2636.5786 -2664.1943 -2693.2876 -2720.0259 -2740.9912 -2757.0149 -2768.6416 -2775.3093 -2778.7874 -2778.9775 -2775.0457 -2768.9226 -2761.8398 -2754.8638 -2747.8999 -2740.1226 -2733.3533 -2726.8147 -2721.3325 -2717.0725 -2713.8564 -2711.7092 -2711.052
-2755.8767 -2747.759 -2743.1699 -2740.8811 -2740.3328 -2740.1199 -2740.085 -2739.9023 -2738.978 -2737.4192 -2735.6047 -2733.2112 -2729.5918 -2725.1208 -2719.3596 -2711.8201 -2704.1497 -2695.2175 -2685.187 -2675.1956 -2664.7302 -2655.6697 -2648.1208 -2643.5054 -2642.7817 -2645.5469 -2655.2031 -2671.0212 -2690.4495 -2709.1807 -2720.2795 -2724.2288 -2724.9968 -2724.5122 -2722.7676 -2720.6931 -2721.4766 -2725.3237 -2731.876 -2740.1357 -2747.6968 -2753.7087 -2757.7563 -2759.4021 -2758.4246 -2756.0283 -2753.2349 -2749.9397 -2746.3281 -2741.864 -2737.0081 -2731.2649 -2725.1648 -2718.6616 -2711.0015 -2703.2083 -2695.9727 -2688.9795 -2682.4124 -2676.8938 -2672.2019 -2668.4441 -2667.1028 -2667.0461 -2668.6013 -2672.583
-2773.2327 -2774.9988 -2776.9241 -2778.0381 -2779.0867 -2779.6086 -2780.2634 -2779.6897 -2778.696 -2777.7461 -2776.2959 -2775.323 -2773.0898 -2770.7913 -2766.1873 -2759.9004 -2749.0708 -2735.1685 -2717.9114 -2697.3198 -2676.5281 -2654.708 -2633.6086 -2616.186 -2604.3289 -2596.4194 -2593.6301 -2596.0498 -2603.759 -2617.4775 -2631.8145 -2644.1384 -2655.5618 -2665.1475 -2673.5779 -2680.825 -2686.0896 -2690.4268 -2693.72 -2696.2371 -2698.2385 -2698.6028 -2698.6995 -2699.1704 -2699.1091 -2698.958 -2698.1421 -2697.623 -2696.5278 -2694.3884 -2690.6353 -2684.9216 -2676.2014 -2662.562 -2644.7576 -2625.8848 -2608.4185 -2595.6375 -2587.5981 -2582.3586 -2578.6235 -2577.9185 -2582.175 -2589.4146 -2599.075 -2610.8711
-2817.0295 -2819.3823 -2827.5972 -2838.4709 -2848.5183 -2854.9053 -2857.7444 -2855.1948 -2849.1279 -2838.7644 -2828.1965 -2817.9011 -2810.3506 -2803.6362 -2793.7844 -2780.1819 -2761.1245 -2736.8335 -2707.2278 -2674.0266 -2640.0476 -2599.7349 -2549.5903 -2504.3923 -2475.7683 -2460.8154 -2462.334 -2479.4363 -2512.0669 -2555.4995 -2593.7297 -2617.8538 -2630.9187 -2640.0959 -2646.2727 -2650.2654 -2652.8054 -2654.6724 -2655.6555 -2656.991 -2657.5598 -2657.6077 -2658.3398 -2659.3518 -2660.3638 -2661.9094 -2663.1355 -2664.1475 -2664.1829 -2662.9104 -2658.0667 -2648.2009 -2629.4321 -2597.2373 -2556.2141 -2515.5471 -2486.0032 -2473.106 -2473.4207 -2482.3276 -2498.1912 -2524.5068 -2557.6582 -2594.9419 -2631.301 -2663.9231
-2898.5942 -2907.2856 -2925.55 -2946.2981 -2960.2102 -2965.9915 -2962.7183 -2946.3159 -2920.1406 -2887.0391 -2853.4768 -2825.9063 -2807.1257 -2790.2622 -2769.9573 -2744.8096 -2716.6248 -2686.7788 -2656.9163 -2628.8218 -2598.9048 -2556.8274 -2499.8416 -2460.478 -2455.8486 -2472.9382 -2498.043 -2529.1423 -2564.4189 -2601.2273 -2630.6848 -2649.2527 -2658.5024 -2662.4229 -2663.3411 -2661.9382 -2659.1917 -2655.5261 -2651.4099 -2647.6047 -2643.1675 -2638.9736 -2635.4241 -2631.9775 -2628.9104 -2626.0247 -2623.3411 -2620.7358 -2617.2131 -2612.4622 -2605.5134 -2595.262 -2580.25 -2559.1753 -2539.4031 -2532.4473 -2541.4475 -2562.4756 -2591.1572 -2625.4758 -2664.9104 -2707.4629 -2751.4985 -2794.4836 -2834.4468 -2868.7214
-2971.5637 -2974.2544 -2982.4546 -2992.0527 -2996.5347 -2992.1455 -2975.6082 -2946.0513 -2909.0825 -2869.7764 -2835.6729 -2812.1672 -2797.9619 -2783.5183 -2765.5105 -2743.967 -2719.4187 -2693.5454 -2666.9841 -2642.2141 -2617.4734 -2594.3064 -2578.9026 -2581.8406 -2599.1116 -2618.2151 -2634.5786 -2649.3718 -2661.8528 -2672.2261 -2680.0862 -2685.9585 -2690.2915 -2692.6694 -2693.6526 -2692.6658 -2688.9663 -2683.8403 -2677.5359 -2669.5039 -2660.6091 -2651.011 -2642.0481 -2633.8801 -2627.6104 -2622.6204 -2618.7671 -2617.5322 -2618.323 -2621.4905 -2627.8293 -2635.6455 -2643.7336 -2654.1467 -2673.312 -2702.4844 -2741.6367 -2783.0112 -2820.5659 -2854.4104 -2885.1802 -2914.1123 -2940.3535 -2963.9387 -2983.4316 -2997.2505
-3019.0894 -3011.3691 -3006.8823 -3004.0088 -2999.7024 -2989.3284 -2971.9238 -2946.6204 -2917.8228 -2887.4854 -2859.3245 -2836.574 -2818.7966 -2804.2092 -2789.2275 -2773.4185 -2755.502 -2735.9268 -2715.8074 -2696.4902 -2678.8042 -2666.0427 -2660.5457 -2663.825 -2671.3096 -2679.9783 -2690.356 -2701.8088 -2713.4531 -2725.9819 -2738.4644 -2752.8726 -2771.0344 -2790.5466 -2808.8342 -2823.657 -2833.6558 -2838.0215 -2835.6768 -2827.856 -2816.0327 -2801.1973 -2787.7356 -2777.6794 -2771.5281 -2767.8982 -2766.0239 -2771.002 -2779.5474 -2793.0664 -2813.5674 -2834.9448 -2852.27 -2868.4851 -2887.7471 -2911.1201 -2935.4119 -2957.6997 -2976.124 -2988.8738 -2998.5518 -3006.4482 -3011.6514 -3015.625 -3016.7507 -3014.1855
-3047.6514 -3038.125 -3030.2427 -3024.6125 -3018.9727 -3011.8074 -3001.783 -2988.071 -2970.8477 -2952.3137 -2930.2107 -2907.116 -2883.6006 -2860.366 -2839.2014 -2820.0554 -2801.7239 -2785.5139 -2770.7229 -2754.3601 -2735.9929 -2720.6055 -2711.7671 -2712.3381 -2717.9832 -2726.7439 -2737.6707 -2751.8962 -2772.1187 -2797.5493 -2823.8706 -2856.4194 -2903.2637 -2959.7798 -3017.7334 -3071.085 -3115.5339 -3145.7087 -3157.6511 -3155.4675 -3142.3179 -3118.1909 -3090.4321 -3069.1655 -3057.0273 -3046.6853 -3034.8982 -3023.6646 -3012.248 -3005.7737 -3007.8345 -3008.2273 -2997.1667 -2977.1167 -2958.812 -2948.3984 -2946.4285 -2950.9456 -2961.1592 -2973.8901 -2982.8381 -2989.4509 -2994.8787 -2997.6543 -2996.3406 -2991.4419
-3079.6616 -3080.2605 -3078.6973 -3075.5354 -3069.303 -3061.2056 -3051.9951 -3041.741 -3029.5439 -3017.6868 -3002.207 -2983.0771 -2960.9622 -2934.0447 -2904.0972 -2873.3618 -2845.1357 -2824.8389 -2811.8708 -2804.5752 -2800.6755 -2801.0791 -2804.1262 -2808.5403 -2823.8059 -2847.585 -2874.0293 -2909.0613 -2958.7021 -3014.4075 -3062.7285 -3107.1387 -3157.3521 -3213.1313 -3267.3518 -3313.0537 -3343.3616 -3350.8799 -3334.6567 -3302.3396 -3256.8684 -3195.2119 -3127.5134 -3070.2627 -3028.2656 -2986.5049 -2937.5674 -2884.2524 -2835.7742 -2800.3403 -2774.896 -2751.4058 -2721.0906 -2690.8342 -2669.9683 -2663.4639 -2672.4648 -2695.0789 -2730.8123 -2773.1807 -2812.8093 -2853.521 -2881.8052 -2895.9932 -2901.5398 -2901.6709
-3115.01 -3136.4102 -3147.3032 -3149.6414 -3144.4741 -3135.8074 -3125.8337 -3114.8159 -3101.5103 -3087.2014 -3069.1169 -3050.2007 -3029.9631 -3006.0071 -2978.8733 -2949.0483 -2923.5205 -2905.4729 -2900.8816 -2912.9624 -2942.6116 -2979.509 -3010.3074 -3032.4968 -3069.2122 -3116.321 -3165.6865 -3221.4465 -3282.2449 -3337.4453 -3379.3967 -3406.7905 -3422.6028 -3431.0112 -3428.7957 -3410.6426 -3370.9561 -3303.5757 -3209.0361 -3098.0505 -2983.9045 -2868.6719 -2760.4778 -2670.229 -2597.8003 -2532.4485 -2468.0742 -2409.9458 -2368.0688 -2347.4707 -2344.95 -2356.9834 -2381.9905 -2411.4827 -2444.9377 -2485.1467 -2536.1738 -2594.5266 -2655.8669 -2709.5876 -2757.27 -2801.012 -2822.9626 -2824.5686 -2821.4087 -2819.136
-3116.9136 -3148.9951 -3173.864 -3187.9375 -3191.4875 -3190.4626 -3187.6665 -3184.4712 -3179.2842 -3172.3601 -3160.9768 -3146.3372 -3128.1973 -3106.9336 -3088.2729 -3071.4961 -3060.8918 -3059.1211 -3075.2412 -3113.387 -3170.5393 -3226.0627 -3260.7256 -3284.1978 -3309.8276 -3338.6899 -3367.2261 -3391.5715 -3409.5085 -3420.7068 -3426.9861 -3428.2156 -3424.0891 -3413.8435 -3393.8606 -3359.7419 -3305.6531 -3219.9883 -3100.9231 -2963.759 -2823.3982 -2687.8323 -2565.2522 -2468.1499 -2405.0881 -2366.5122 -2344.0496 -2341.7537 -2356.4543 -2383.9053 -2425.5632 -2484.1672 -2557.9697 -2623.9614 -2678.4089 -2727.4641 -2777.3745 -2824.9844 -2864.7036 -2893.0728 -2910.4966 -2917.4971 -2918.8142 -2918.0833 -2920.2805 -2924.7278
-3185.2275 -3201.9524 -3217.9365 -3226.9573 -3226.2373 -3220.6064 -3212.9827 -3207.8506 -3204.2036 -3201.3562 -3198.4473 -3194.2874 -3189.4897 -3182.9424 -3176.2844 -3171.7012 -3172.1899 -3184.1887 -3214.7878 -3271.2417 -3346.2522 -3412.5994 -3437.8286 -3422.5586 -3400.9114 -3388.084 -3383.8823 -3383.1863 -3382.2156 -3378.7957 -3371.3672 -3358.2466 -3339.6482 -3316.3418 -3288.5476 -3255.7944 -3214.6492 -3150.8794 -3062.3347 -2966.877 -2868.7981 -2770.0261 -2684.6123 -2630.6621 -2615.5813 -2623.1528 -2638.6997 -2665.9167 -2702.6213 -2743.1069 -2780.5964 -2821.949 -2868.8699 -2910.377 -2944.0566 -2969.833 -2990.3 -3004.9976 -3014.7354 -3020.7966 -3023.5691 -3023.0327 -3021.3694 -3022.6814 -3026.751 -3022.3298
