Resources/Map/Lvl0_30x30/Ele_EF.asc
ncols         335
nrows         335
xllcorner     -3295000
yllcorner     -6725000
cellsize      10000
nodata_value  -99999.0
[rows 225 to 249 of 335, columns 114 to 170 of 335]
-4566.4946 -4590.1309 -4645.7661 -4610.623 -4511.1812 -4441.6865 -4406.1816 -4409.9673 -4429.7617 -4406.8091 -4394.2329 -4408.396 -4378.2847 -4325.8481 -4302.7734 -4287.7827 -4254.7671 -4205.6274 -4192.8735 -4216.3457 -4232.5947 -4233.4106 -4181.373 -4130.5293 -4112.873 -4087.9312 -4067.5349 -4075.6311 -4098.0498 -4123.1738 -4128.9585 -4090.6138 -4063.7375 -4070.8262 -4088.1863 -4089.447 -4032.9043 -3954.0015 -3890.0476 -3839.917 -3844.3235 -3935.6541 -3979.2297 -3924.0405 -3856.5281 -3819.9968 -3801.1091 -3801.969 -3844.5417 -3886.1016 -3849.3228 -3762.1611 -3712.822 -3760.0112 -3800.8684 -3839.6833 -3830.7815
-4446.3628 -4491.749 -4569.2476 -4525.9966 -4408.9707 -4346.4814 -4346.0005 -4367.3848 -4374.4712 -4352.5791 -4328.6177 -4316.1484 -4284.1646 -4277.1919 -4285.3579 -4255.2202 -4224.0977 -4199.1851 -4191.2803 -4187.6929 -4207.3135 -4209.7114 -4175.29 -4137.688 -4094.1868 -4045.0808 -4030.2102 -4039.3257 -4068.2407 -4110.2466 -4117.4463 -4091.9895 -4073.5811 -4072.9512 -4090.2783 -4105.6479 -4091.8298 -4027.7559 -3933.6309 -3886.3525 -3923.646 -3959.3745 -3954.8066 -3956.1401 -3947.8843 -3911.9893 -3880.9734 -3925.2756 -4007.5369 -4038.6309 -3982.6699 -3883.4023 -3820.366 -3870.7322 -3951.6392 -4020.8215 -3994.4163
-4330.8062 -4377.1719 -4484.7334 -4518.4941 -4438.873 -4352.4536 -4321.7539 -4330.5176 -4353.8013 -4372.9297 -4312.3003 -4241.9512 -4224.1221 -4234.2144 -4222.6621 -4164.7983 -4142.5859 -4167.9819 -4217.6362 -4224.0469 -4171.3481 -4135.0522 -4160.1943 -4147.5625 -4093.6316 -4086.7524 -4089.0789 -4083.5471 -4117.9771 -4141.3076 -4091.1216 -4019.676 -4009.301 -4062.8762 -4115.4883 -4157.4609 -4230.5615 -4246.1714 -4148.5386 -4077.2134 -4129.7617 -4173.541 -4137.061 -4131.2397 -4153.6128 -4154.9814 -4166.8374 -4230.4565 -4265.9932 -4243.3057 -4222.8726 -4190.3389 -4123.0684 -4054.2 -4012.156 -4015.0747 -3897.9365
-4273.0068 -4309.3838 -4417.8398 -4489.0293 -4414.1504 -4313.0728 -4304.8696 -4337.1929 -4345.5039 -4309.1768 -4237.208 -4204.2939 -4218.8442 -4198.7036 -4142.1577 -4111.0786 -4118.7417 -4141.6304 -4170.2378 -4133.5796 -4070.8123 -4099.6968 -4167.5771 -4134.877 -4073.114 -4095.0327 -4117.9888 -4113.9116 -4110.2661 -4108.0278 -4118.9907 -4085.7295 -4017.3674 -3988.4739 -3965.9622 -3954.2329 -4055.2219 -4200.9004 -4222.7319 -4202.582 -4196.8877 -4149.7598 -4062.2751 -4010.0938 -4033.1558 -4102.1665 -4184.8916 -4252.8633 -4258.7944 -4236.2896 -4218.5654 -4110.8481 -3930.9563 -3841.4299 -3853.8711 -3901.2351 -3844.2195
-4321.3574 -4343.9785 -4429.625 -4487.4497 -4440.9771 -4374.9199 -4359.3042 -4352.1074 -4326.4722 -4263.9199 -4230.1753 -4233.749 -4261.4722 -4261.4302 -4216.5854 -4181.8066 -4180.4287 -4200.8276 -4221.0654 -4118.127 -4042.5239 -4129.2939 -4206.3354 -4147.1299 -4039.926 -4020.8347 -4072.8643 -4092.3113 -4055.0649 -4057.5361 -4138.7441 -4148.46 -4038.499 -3923.572 -3833.9109 -3778.3083 -3850.468 -4047.1189 -4132.1558 -4068.7607 -4023.9407 -3974.3049 -3873.833 -3756.5588 -3666.3406 -3688.8875 -3823.2705 -3906.4829 -3908.5554 -3885.3352 -3876.8411 -3761.6433 -3686.1777 -3709.8582 -3703.8665 -3708.7026 -3719.4285
-4377.0078 -4402.6934 -4476.5947 -4506.895 -4476.7974 -4454.939 -4414.0732 -4346.5444 -4260.0269 -4177.8745 -4181.4766 -4219.3623 -4240.3257 -4215.4761 -4195.7534 -4226.499 -4265.8242 -4271.5757 -4276.0996 -4160.3223 -4067.5044 -4140.9683 -4191.854 -4135.4819 -4056.8735 -4008.4541 -4032.7131 -4084.3394 -4099.5698 -4121.9351 -4162.5854 -4164.1577 -4127.8198 -4102.3799 -4074.5808 -4006.3701 -3938.2112 -3997.8254 -4160.9473 -4219.0562 -4113.4741 -3907.9058 -3756.1895 -3758.9441 -3777.4297 -3811.2109 -3912.6975 -3956.2 -3993.1382 -4010.7559 -4082.2751 -4147.0483 -4185.5928 -4158.5991 -4125.8179 -4073.9353 -4005.1123
-4387.8643 -4416.2173 -4476.1514 -4437.6763 -4365.2998 -4397.0879 -4465.5444 -4436.3896 -4302.3457 -4168.3359 -4152.0151 -4200.5137 -4233.3892 -4219.9995 -4221.0083 -4282.8218 -4331.9937 -4307.1963 -4292.5942 -4207.2158 -4120.0854 -4175.3091 -4248.1636 -4192.5112 -4086.5671 -4031.8379 -4051.5005 -4106.8809 -4157.0264 -4202.3789 -4244.1563 -4274.2515 -4281.6206 -4278.7241 -4286.6768 -4254.2876 -4139.9375 -4068.3076 -4120.4097 -4189.7524 -4134.1616 -3972.0945 -3911.0066 -3989.7126 -4079.7114 -4144.6816 -4200.7881 -4251.209 -4304.498 -4345.3062 -4344.8545 -4354.3584 -4361.2822 -4323.1665 -4258.7524 -4145.7969 -4085.3616
-4308.3989 -4359.7544 -4398.7627 -4338.7583 -4301.2559 -4336.5215 -4428.4409 -4466.4307 -4395.4355 -4342.8174 -4358.7466 -4379.3384 -4388.0688 -4364.2402 -4344.6333 -4388.3486 -4383.0742 -4320.7607 -4334.7358 -4335.6152 -4306.3979 -4339.9814 -4391.333 -4351.6182 -4263.6318 -4231.8257 -4245.8408 -4275.7407 -4328.0854 -4373.4829 -4413.3784 -4459.6211 -4471.1489 -4454.2583 -4472.1763 -4490.6924 -4422.0898 -4309.6504 -4204.1885 -4099.1973 -4084.9624 -4136.6973 -4216.6274 -4270.8726 -4267.3066 -4227.2065 -4162.6587 -4143.7349 -4188.2422 -4207.0815 -4150.3398 -4057.8721 -3952.0764 -3892.4673 -3917.8081 -3934.1978 -3954.6138
-4335.5869 -4378.6436 -4359.4937 -4307.7134 -4313.7593 -4336.0825 -4373.1807 -4436.3633 -4490.3364 -4555.5229 -4529.9453 -4447.6851 -4419.2798 -4377.9653 -4346.7559 -4407.2153 -4407.9502 -4355.8638 -4395.2314 -4431.1431 -4417.5957 -4436.7856 -4486.8296 -4523.7793 -4527.251 -4470.9268 -4395.5293 -4386.9326 -4453.6177 -4500.8691 -4515.6133 -4535.5908 -4514.1528 -4425.3521 -4373.0649 -4362.1372 -4348.2935 -4263.8892 -4081.4468 -3926.1375 -3905.5413 -3973.1113 -4031.8721 -4078.1636 -4110.4434 -4057.7522 -3945.7512 -3900.9768 -3940.0942 -3934.8098 -3812.2444 -3529.9421 -3116.8579 -2962.9617 -3280.5964 -3725.4741 -3896.8652
-4508.6489 -4540.2651 -4469.4702 -4383.1885 -4385.1416 -4430.146 -4436.7021 -4430.1143 -4468.897 -4519.6548 -4431.54 -4293.6665 -4245.5586 -4241.918 -4258.3115 -4319.1558 -4336.2959 -4321.0225 -4357.665 -4387.6758 -4402.6094 -4465.1289 -4528.708 -4564.3389 -4569.9463 -4494.1406 -4362.9795 -4305.125 -4360.5044 -4391.1421 -4357.4419 -4337.5166 -4297.9883 -4151.3008 -4066.3914 -4113.041 -4183.6489 -4133.4707 -3982.019 -3897.0872 -3909.5867 -3957.7615 -4005.4053 -4061.803 -4121.7271 -4119.4375 -4088.9282 -4083.6738 -4081.4426 -4035.9885 -3797.0984 -3102.5474 -2062.501 -1688.1715 -2409.7061 -3420.4431 -3851.053
-4586.9365 -4531.9287 -4434.8428 -4368.0205 -4383.9443 -4425.3301 -4382.9629 -4284.4326 -4266.356 -4344.894 -4378.52 -4314.5737 -4243.9478 -4251.2275 -4262.2671 -4254.9336 -4260.9292 -4288.25 -4313.1396 -4283.3916 -4234.0322 -4246.604 -4326.7354 -4354.4927 -4312.5293 -4271.0459 -4218.1157 -4241.8208 -4353.2808 -4319.5791 -4210.0303 -4146.604 -4146.2202 -4130.6357 -4172.9814 -4326.4639 -4431.4185 -4384.2305 -4282.2202 -4240.1694 -4246.271 -4271.3545 -4307.1255 -4312.8477 -4304.8706 -4302.292 -4265.2739 -4178.9551 -4095.8494 -4039.8215 -3848.7402 -3289.2007 -2486.2178 -2260.8955 -2872.1118 -3598.1118 -3859.7195
-4496.2803 -4348.1694 -4285.2817 -4327.5972 -4386.2993 -4427.9102 -4420.0811 -4338.6211 -4308.1245 -4404.5557 -4506.3691 -4458.5898 -4332.5537 -4305.5474 -4272.8813 -4229.2642 -4212.415 -4213.9111 -4248.3242 -4251.2183 -4164.9517 -4126.9326 -4255.2598 -4335.3691 -4278.3657 -4242.811 -4257.2539 -4364.8779 -4505.752 -4474.4766 -4333.2109 -4198.1763 -4140.7109 -4155.2612 -4226.0645 -4347.8145 -4396.502 -4344.0552 -4310.6758 -4310.291 -4283.4751 -4279.7632 -4305.1191 -4246.376 -4157.103 -4125.6152 -4077.3774 -4004.6907 -3966.2073 -3938.79 -3851.1113 -3661.8989 -3449.2356 -3440.9978 -3646.7639 -3808.5261 -3741.5107
-4316.2642 -4257.0693 -4260.1396 -4324.0532 -4399.6792 -4454.9331 -4481.104 -4458.9072 -4425.3945 -4441.5996 -4478.5059 -4412.5977 -4272.7959 -4221.7129 -4230.7368 -4276.4873 -4267.6006 -4202.3823 -4197.3164 -4281.5801 -4299.7329 -4271.0034 -4316.2456 -4376.644 -4337.0723 -4265.7476 -4268.1309 -4408.4355 -4518.3828 -4457.6377 -4303.292 -4178.2085 -4134.1563 -4133.9966 -4152.6523 -4172.3965 -4152.1357 -4121.6206 -4121.4492 -4110.0513 -4078.1226 -4092.8594 -4141.2876 -4120.6182 -4090.9966 -4105.8428 -4108.9961 -4118.3887 -4124.7847 -4086.1226 -3992.9258 -3845.7188 -3695.0901 -3690.8525 -3812.0103 -3843.0503 -3761.041
-4184.8608 -4233.2593 -4273.8691 -4315.7134 -4383.022 -4404.0151 -4390.8223 -4402.3281 -4385.0654 -4325.4453 -4288.8823 -4254.7017 -4205.0869 -4170.9448 -4182.2993 -4209.0347 -4221.9263 -4217.4033 -4210.0898 -4246.3481 -4251.7397 -4217.5962 -4211.2046 -4233.3682 -4254.1587 -4266.9536 -4310.7231 -4415.8672 -4450.7681 -4355.7495 -4261.4292 -4222.0439 -4187.814 -4148.2549 -4158.4976 -4192.4229 -4171.8735 -4129.9497 -4106.3613 -4100.4053 -4128.2559 -4147.7837 -4143.7012 -4140.1206 -4170.2207 -4198.9893 -4194.5825 -4212.2437 -4221.771 -4166.7646 -4075.752 -4011.5911 -3963.0562 -3982.032 -4065.1921 -4093.5674 -4090.0625
-4190.4604 -4237.3037 -4258.2686 -4276.4058 -4331.9175 -4346.9648 -4327.5415 -4331.6689 -4305.3359 -4237.7852 -4243.0332 -4270.8872 -4297.2251 -4307.9883 -4330.0947 -4350.6489 -4362.1738 -4377.0654 -4370.7925 -4342.8325 -4300.8042 -4260.1558 -4277.4653 -4303.7832 -4319.4937 -4348.917 -4378.0981 -4402.6382 -4360.0347 -4237.73 -4184.4419 -4208.4512 -4179.7544 -4122.3916 -4138.9448 -4187.1611 -4167.7114 -4138.5049 -4162.2476 -4205.1499 -4220.6333 -4171.4097 -4140.856 -4185.9077 -4231.0439 -4234.7505 -4225.9023 -4229.0283 -4192.8413 -4149.2593 -4195.6021 -4275.3086 -4252.0107 -4202.6143 -4198.0151 -4179.0171 -4157.4014
-4302.625 -4335.2764 -4347.6206 -4344.854 -4373.5122 -4397.8447 -4452.6245 -4508.814 -4453.7192 -4380.4678 -4437.1445 -4510.7012 -4539.145 -4551.5396 -4590.7349 -4650.125 -4636.4043 -4563.9868 -4530.2588 -4551.395 -4531.2437 -4466.6665 -4458.4126 -4472.269 -4454.4053 -4408.1318 -4333.2915 -4247.3975 -4188.8599 -4160.5796 -4187.771 -4218.6021 -4161.6636 -4084.0125 -4095.4727 -4168.6265 -4185.7896 -4161.1445 -4187.6885 -4240.2212 -4223.8564 -4140.5513 -4132.5454 -4209.7334 -4256.1367 -4278.5566 -4260.4946 -4054.1667 -3733.4915 -3743.4827 -4103.5322 -4311.9033 -4217.0967 -4115.1519 -4097.7954 -4053.491 -4018.1233
-4450.9111 -4467.8315 -4505.083 -4543.894 -4571.6675 -4606.7144 -4690.2495 -4730.9321 -4646.6914 -4584.3872 -4603.3379 -4614.9985 -4589.9805 -4590.3813 -4579.4512 -4568.3975 -4541.7026 -4453.3535 -4412.6973 -4468.9097 -4482.6729 -4404.9092 -4362.8438 -4391.583 -4398.6299 -4331.6577 -4221.686 -4112.8638 -4079.2122 -4124.8501 -4179.9858 -4184.1294 -4123.833 -4071.0964 -4095.8123 -4171.166 -4198.501 -4165.5322 -4159.1479 -4192.8047 -4188.4766 -4148.4648 -4158.8066 -4220.5215 -4274.5962 -4316.0835 -4250.8784 -3838.1384 -3264.9155 -3314.5303 -3894.6357 -4163.5581 -4049.5891 -3979.8372 -3994.6824 -3974.8269 -3982.3513
-4413.731 -4376.7656 -4410.7129 -4480.5625 -4513.8096 -4516.2988 -4516.7095 -4476.8677 -4419.1143 -4414.0254 -4371.498 -4295.9468 -4269.9839 -4306.0801 -4257.1484 -4192.4575 -4199.377 -4173.5034 -4142.521 -4167.917 -4222.1245 -4218.0986 -4192.3325 -4237.0557 -4298.188 -4260.9043 -4171.1401 -4123.2969 -4126.0454 -4151.6255 -4172.4634 -4154.7339 -4099.6123 -4063.1343 -4098.543 -4165.2529 -4189.2964 -4153.2583 -4096.6318 -4087.0269 -4117.8931 -4165.6455 -4211.8262 -4253.0488 -4298.6104 -4311.0298 -4238.916 -3986.6628 -3613.9224 -3631.1016 -3973.0164 -4089.8979 -3981.0701 -3931.844 -3990.2239 -4095.0542 -4144.9385
-4214.9829 -4171.2041 -4202.2529 -4279.585 -4307.5132 -4299.7788 -4288.5596 -4223.9287 -4180.2646 -4243.1211 -4245.8706 -4178.5586 -4189.5342 -4250.355 -4224.5703 -4185.123 -4188.9595 -4185.207 -4172.811 -4148.2349 -4185.9531 -4220.9531 -4198.3296 -4218.3828 -4297.7734 -4300.3677 -4212.8008 -4168.7339 -4166.5171 -4156.0273 -4157.1187 -4151.7266 -4122.1914 -4095.9067 -4098.5566 -4130.061 -4170.3433 -4154.9136 -4072.5481 -4023.7334 -4053.8696 -4133.1411 -4193.6104 -4221.999 -4242.4629 -4219.5825 -4173.4927 -4114.3633 -4007.6755 -4003.6692 -4080.9829 -4082.4097 -4032.1777 -4003.9646 -4091.2493 -4217.9175 -4188.8218
-4202.7715 -4199.2852 -4240.1787 -4308.9199 -4317.3052 -4292.896 -4306.8096 -4279.3306 -4250.5532 -4322.3301 -4348.7881 -4284.2764 -4286.9038 -4327.9395 -4323.1045 -4330.8867 -4344.1509 -4307.6108 -4254.8027 -4212.4897 -4235.5542 -4266.8159 -4237.0557 -4227.7935 -4297.894 -4350.2031 -4288.7471 -4216.8955 -4188.4922 -4162.0117 -4150.2373 -4160.8799 -4155.541 -4110.562 -4069.7791 -4091.5667 -4153.0664 -4151.4219 -4086.0999 -4050.2241 -4060.9106 -4105.8955 -4154.3237 -4184.7612 -4160.7041 -4077.3259 -4079.9551 -4130.5879 -4104.5396 -4062.2671 -4085.481 -4113.75 -4100.1846 -4072.8589 -4087.0588 -4092.1272 -4016.0974
-4237.4106 -4277.3057 -4327.5078 -4379.3662 -4374.0732 -4322.896 -4305.5415 -4300.1553 -4310.4258 -4360.1821 -4376.2632 -4361.0742 -4363.1294 -4339.2832 -4313.6611 -4353.7476 -4411.9238 -4351.0137 -4235.6504 -4195.1973 -4233.4238 -4268.2319 -4254.3892 -4251.6177 -4278.752 -4315.8896 -4313.5503 -4269.0571 -4216.3628 -4158.3232 -4110.2803 -4125.6494 -4166.1196 -4125.1401 -4067.938 -4096.0215 -4150.8481 -4136.686 -4095.5107 -4089.9241 -4100.1978 -4115.0122 -4143.5308 -4173.5044 -4126.9087 -4011.7134 -4037.6423 -4114.3599 -4099.4658 -4083.6533 -4118.5459 -4121.1621 -4065.6628 -4025.5586 -4004.6855 -3951.3225 -3884.4402
-4293.0718 -4330.6855 -4373.272 -4387.3452 -4366.4468 -4342.5273 -4337.8413 -4334.6865 -4329.7056 -4338.6313 -4355.3418 -4381.8052 -4377.9038 -4337.3159 -4321.4204 -4341.0161 -4347.8682 -4299.8188 -4236.6836 -4209.6787 -4229.7241 -4246.2329 -4230.2998 -4231.9336 -4247.458 -4265.8638 -4284.1035 -4259.5801 -4211.6191 -4170.5732 -4109.8623 -4104.1211 -4177.3154 -4172.1069 -4110.1787 -4127.0063 -4179.0615 -4167.4854 -4111.8496 -4052.8455 -4033.3931 -4051.5054 -4083.9297 -4123.4189 -4110.8789 -4030.988 -4023.6001 -4040.0999 -4030.009 -4082.5386 -4123.1646 -4086.105 -4025.1941 -3978.4829 -3948.1685 -3911.5525 -3877.5625
-4296.3667 -4330.5288 -4398.9619 -4391.333 -4343.6914 -4348.2148 -4359.9136 -4337.7583 -4328.7202 -4354.9341 -4384.4551 -4397.895 -4374.1465 -4322.8677 -4312.1465 -4335.0488 -4292.5073 -4250.6055 -4247.1475 -4227.3237 -4223.0928 -4228.3457 -4202.6084 -4186.3159 -4225.0679 -4270.3677 -4259.1113 -4205.0903 -4170.9214 -4172.4146 -4148.5864 -4138.1675 -4186.7856 -4184.7017 -4121.5454 -4124.7017 -4178.7588 -4167.707 -4074.8916 -3955.9539 -3909.7498 -3938.9714 -3982.5781 -4031.5566 -4058.8066 -4024.678 -3994.4368 -3980.0466 -3975.3804 -4016.0251 -4042.5244 -4009.2866 -3976.3542 -3956.5276 -3960.8191 -3966.7244 -3939.4128
-4311.2959 -4337.9141 -4395.0918 -4364.5 -4320.2554 -4332.9077 -4336.8618 -4328.3428 -4343.1963 -4364.8218 -4382.918 -4397.0186 -4374.7954 -4284.792 -4260.4253 -4335.8042 -4327.4551 -4276.731 -4262.6807 -4218.124 -4178.02 -4178.2627 -4181.0728 -4176.8564 -4217.8628 -4267.5884 -4241.0513 -4174.3774 -4145.7256 -4157.8818 -4155.625 -4155.1084 -4190.5996 -4207.521 -4167.2988 -4136.4873 -4144.9399 -4137.8765 -4070.9863 -3945.853 -3861.4399 -3890.8943 -3964.6873 -3999.5396 -4017.6987 -4028.668 -4015.4033 -4008.2476 -4005.6394 -4007.467 -4016.7224 -3979.3218 -3932.6624 -3906.4343 -3913.251 -3923.7476 -3904.7495
-4311.959 -4315.4033 -4343.8887 -4318.0469 -4296.4712 -4319.0864 -4331.3716 -4333.0786 -4332.6592 -4331.4141 -4355.5254 -4389.8867 -4376.4824 -4293.937 -4286.9717 -4358.3887 -4343.5068 -4267.7378 -4230.2593 -4195.4106 -4156.6196 -4164.4546 -4201.3208 -4216.4644 -4233.7227 -4251.812 -4216.0757 -4145.1133 -4112.7451 -4118.2329 -4134.3296 -4170.9004 -4195.7109 -4194.0459 -4174.4834 -4145.4248 -4125.1592 -4128.5488 -4104.6631 -4015.3674 -3937.9016 -3962.23 -4042.4719 -4055.6135 -4046.3687 -4060.4683 -4019.2654 -3976.6711 -3961.9944 -3948.3247 -3967.2935 -3976.1436 -3950.2588 -3895.4917 -3820.6426 -3752.103 -3762.6018
