Resources/Map/Lvl0_30x30/Ele_BH.asc
ncols         335
nrows         335
xllcorner     3405000
yllcorner     3325000
cellsize      10000
nodata_value  -99999.0
[rows 174 to 202 of 335, columns 64 to 127 of 335]
-1367.0676 -1393.7533 -1479.0891 -1547.6418 -1605.6946 -1701.6248 -1814.3289 -1860.6475 -1839.3302 -1794.3866 -1739.1522 -1676.9937 -1636.2059 -1606.0723 -1541.9004 -1472.7097 -1407.254 -1351.5195 -1314.6552 -1150.4133 -903.159 -703.3271 -608.7012 -480.2541 -258.0906 -52.5495 24.7143 83.4502 158.6402 366.0194 513.8019 557.717 331.2178 300.5517 438.5978 537.0599 599.0368 387.9315 299.1713 398.7386 562.7007 776.1783 572.6568 684.8352 813.7968 817.2406 692.7131 580.1931 555.4949 474.7437 466.7396 548.9323 594.2482 684.6348 783.7695 707.0585 565.9376 557.5107 531.9564 700.4975 566.6139 603.8265 547.5885 495.5762
-1557.1261 -1577.3978 -1637.9333 -1709.3798 -1772.3934 -1843.0811 -1926.0815 -1972.4614 -1984.214 -1965.2062 -1920.0251 -1854.7678 -1803.9684 -1762.0287 -1704.1499 -1654.78 -1672.6914 -1664.3761 -1685.3903 -1504.9388 -1261.7889 -1106.5388 -1018.0877 -954.8827 -745.3428 -501.7726 -389.7965 -248.834 61.8077 169.1482 213.9458 424.2746 193.5576 641.0253 418.0614 922.1765 608.2075 625.2943 463.2861 962.7656 921.6046 1155.3538 569.6079 584.2928 781.0244 1052.0417 802.4272 624.7625 738.6562 670.4557 579.9571 612.5635 791.8596 835.5496 746.6419 724.9137 670.7111 637.6081 666.2818 690.4671 714.6732 599.7037 747.9312 563.9141
-1714.6992 -1730.4294 -1772.8337 -1819.5031 -1868.2791 -1921.8539 -1983.8938 -2045.1843 -2067.2766 -2063.3079 -2050.5581 -1996.2504 -1927.3562 -1878.6572 -1834.5592 -1801.0974 -1786.6075 -1758.8762 -1742.2479 -1600.4285 -1462.8556 -1360.8834 -1215.1047 -1189.1082 -1074.6241 -889.4597 -798.1749 -579.6403 -327.374 -118.1635 157.7253 295.8767 442.4175 413.0219 978.9242 1123.9133 837.9811 862.0822 1264.548 1724.5214 1458.9863 1105.7168 876.9417 898.8177 964.6034 1120.3091 898.386 642.422 792.7919 697.7293 863.4966 889.3755 785.0025 845.7897 975.0493 899.166 673.0805 776.2652 865.6722 857.6109 822.428 797.4365 763.1913 759.5475
-1870.0148 -1888.9908 -1910.5814 -1928.53 -1964.5978 -2005.6368 -2046.4633 -2096.9844 -2109.2358 -2102.9038 -2109.9292 -2089.238 -2028.9438 -1983.2495 -1934.2808 -1874.697 -1837.8511 -1799.3337 -1738.4927 -1646.8978 -1588.7335 -1531.197 -1376.9872 -1333.1382 -1288.8024 -1109.9561 -1011.9847 -860.8121 -665.1973 -415.5746 -224.7795 114.0315 306.8044 272.347 547.1975 948.2352 1067.5028 969.4344 1127.3835 1890.3545 2015.5598 1101.6191 1109.4043 1497.0425 1365.3424 1973.67 1369.476 1042.3149 1024.2612 1087.5226 879.1051 939.4735 1295.6121 1334.9388 971.5918 1196.6455 1127.2415 976.6925 877.4727 993.117 822.442 971.3255 751.4081 913.7025
-1946.323 -1981.9856 -2002.194 -2022.8555 -2072.3748 -2109.5842 -2122.1128 -2139.718 -2146.8381 -2141.9014 -2134.541 -2115.5342 -2083.5857 -2059.2664 -2019.2196 -1954.1785 -1919.1123 -1897.3918 -1845.7821 -1775.6111 -1700.2123 -1646.0388 -1552.5024 -1508.1251 -1487.6362 -1361.0643 -1294.3363 -1232.8387 -1077.8599 -817.5744 -548.2323 -250.0043 -47.8912 235.1844 643.9186 539.6282 909.5328 1185.6958 1453.2699 1624.2865 1798.6975 1514.2733 1361.0094 1683.6678 1207.3707 2176.3723 1501.5225 1314.6854 1290.8573 1687.0043 1336.1814 1074.0007 1194.7698 970.2413 939.2019 1087.3451 1198.3573 863.1808 1210.7899 864.3025 1238.4913 848.9854 1251.4562 1189.282
-1925.4137 -1958.6621 -1988.2542 -2021.5059 -2089.5276 -2152.6697 -2174.874 -2180.457 -2172.1023 -2165.0974 -2164.3638 -2148.6287 -2133.0425 -2118.2358 -2099.4612 -2078.1577 -2053.8188 -1998.283 -1930.4429 -1887.849 -1856.0242 -1818.8612 -1724.2415 -1682.7856 -1707.5275 -1651.5043 -1534.6315 -1462.9797 -1395.2903 -1189.045 -941.6981 -647.2773 -377.5394 -214.3931 153.6795 100.4639 426.3442 693.6075 972.2869 1040.6353 1196.7061 1463.5466 2452.3281 2491.8855 1540.5211 2183.1702 1882.0135 2246.1348 1738.4365 2169.9958 1693.0031 1495.2838 1356.6857 1171.4585 1228.9846 1145.3301 1023.5535 1111.9557 1005.0994 933.5486 965.8245 1011.5812 1159.2357 1834.7344
-1887.8582 -1923.6748 -1956.0946 -1992.4069 -2058.5894 -2125.0083 -2176.2607 -2208.0315 -2219.8201 -2224.1133 -2216.9536 -2206.1711 -2217.0227 -2217.2664 -2196.8621 -2187.8574 -2191.7212 -2128.5671 -2039.9801 -2001.9806 -2034.1283 -2003.826 -1849.6206 -1816.6997 -1896.2915 -1904.1191 -1781.5155 -1681.3739 -1647.1404 -1546.3309 -1338.3937 -1095.1467 -960.5876 -853.3718 -501.203 47.9057 322.5374 460.9461 720.1659 1029.6775 1353.2272 1218.467 1550.3944 1574.3827 1384.4064 2092.5742 2739.9148 1488.3571 2422.7195 2308.9675 2010.2242 2208.9055 1870.4762 1603.8961 1659.2496 1618.3475 1351.6573 1257.1925 1132.0386 1171.2762 1267.0194 1159.2335 1323.9746 1549.5487
-1875.4742 -1930.9882 -1952.1448 -1985.7946 -2029.2646 -2071.9004 -2138.3118 -2198.8252 -2232.3013 -2267.8582 -2284.7703 -2282.1433 -2298.9695 -2270.22 -2234.0955 -2252.7681 -2275.9727 -2226.0408 -2159.5942 -2137.4673 -2172.2002 -2161.4775 -2018.8788 -1928.2952 -1970.8658 -1998.484 -1955.3401 -1896.0645 -1874.7208 -1864.8286 -1813.8357 -1706.1331 -1555.2429 -1498.5726 -1084.7753 -370.1949 -2.082 270.0704 409.1574 711.9231 656.8377 572.6426 698.2051 1448.7635 894.5517 1646.5973 2573.7397 2669.9026 2654.7451 2388.699 1685.4194 2541.9639 2748.1021 2484.8953 2300.2507 1852.7324 1544.755 1755.9244 1781.3367 1585.4595 1839.209 1252.5067 1318.0034 1353.546
-1881.4375 -1933.7913 -1957.2454 -1978.0171 -2006.8248 -2038.9587 -2089.7222 -2161.8787 -2202.1907 -2237.2332 -2277.741 -2291.5132 -2318.4424 -2315.6941 -2291.6428 -2293.3792 -2317.6384 -2321.3691 -2262.4199 -2215.8975 -2221.8892 -2206.804 -2192.6018 -2116.5457 -2069.0657 -2076.7036 -2064.3237 -2083.6628 -2112.1902 -2114.6262 -2122.0076 -2039.2335 -1922.4561 -1843.4658 -1566.9351 -1011.7736 -408.6257 64 172.1274 236.2442 324.5162 631.7003 1083.782 1088.7775 1601.59 2222.9604 1698.5236 2442.2715 2280.6482 1885.2035 1913.473 1765.7944 2199.3606 2284.9846 2187.2607 1935.6644 1949.226 2428.5234 1929.868 2204.5164 1710.9812 1640.1008 1689.02 1880.7887
-1908.7876 -1970.7351 -1999.0508 -1994.735 -2005.2028 -2037.3361 -2068.8071 -2122.4524 -2176.7649 -2215.8567 -2239.4585 -2263.9529 -2291.3071 -2308.8489 -2317.0996 -2312.5737 -2331.0632 -2368.6135 -2340.5413 -2294.7483 -2282.6033 -2231.9785 -2269.9197 -2248.5264 -2159.3733 -2175.6938 -2174.1589 -2208.3491 -2241.3459 -2222.9104 -2185.9658 -2186.8499 -2218.864 -2166.3291 -1970.8204 -1632.9666 -1169.2389 -704.4191 -332.4767 46.2862 119.1978 200.5451 928.9113 2000.9946 1986.6132 1133.7178 1319.958 1567.4802 2066.4165 1663.4006 2260.2642 2027.598 2291.3198 2448.3862 2418.3704 2103.9341 2621.6843 2054.8423 2648.833 2430.0457 1868.3584 3084.5991 2817.9602 2136.5989
-1952.3969 -2013.2694 -2055.7283 -2038.1272 -2027.01 -2060.0146 -2106.8303 -2154.2947 -2182.512 -2177.8616 -2154.7747 -2185.9001 -2214.9578 -2222.7783 -2232.9497 -2262.0027 -2310.9851 -2344.7827 -2359.8276 -2368.1667 -2362.4131 -2316.0391 -2332.2495 -2320.7798 -2248.9409 -2288.1882 -2276.5471 -2314.0532 -2399.7524 -2354.937 -2289.835 -2370.1248 -2343.3894 -2275.4133 -2207.5354 -1954.9366 -1626.0021 -1335.8698 -961.2332 -575.6201 6 31.9609 681.629 1335.5164 1854.5636 948.0893 1278.9642 788.3524 655.9858 802.0742 1711.3795 2038.3435 2354.3884 2529.5562 2609.7153 2560.5247 2711.3816 2884.731 2967.3943 1767.7277 2670.3718 3043.4392 2289.0747 2937.6428
-2001.2924 -2038.2601 -2092.1787 -2077.2834 -2064.1404 -2093.3635 -2120.1895 -2136.0735 -2139.4983 -2127.8481 -2075.5637 -2053.8882 -2081.5688 -2094.8975 -2096.1672 -2176.1968 -2246.9868 -2245.8606 -2285.9563 -2348.5906 -2389.217 -2334.0347 -2367.3997 -2423.1455 -2350.3723 -2347.2217 -2341.5876 -2363.564 -2453.0549 -2490.1914 -2430.1797 -2432.8533 -2350.3447 -2303.4312 -2285.2368 -2124.7578 -1847.5878 -1583.2405 -1313.8112 -1057.0791 -867.5247 -607.8264 -329.6246 75.9135 1421.3558 1147.8687 1969.0343 2042.2942 1863.0051 1573.5586 1212.4618 1539.0491 2040.4371 2412.4944 2205.0427 1840.3851 2274.5518 2706.812 1949.6973 2577.6912 2298.6582 3091.9143 2564.9883 2303.064
-2095.3896 -2111.5247 -2142.2153 -2118.4338 -2091.188 -2100.2441 -2114.5825 -2108.1194 -2101.8665 -2097.2417 -2038.2736 -1978.8789 -1962.5068 -1959.0529 -1959.3763 -1993.5723 -2046.6255 -2069.9673 -2130.458 -2227.4937 -2317.9714 -2331.5022 -2416.7227 -2503.2073 -2442.593 -2432.717 -2400.1355 -2406.0391 -2468.1689 -2488.2566 -2475.8794 -2423.1821 -2326.4436 -2251.0315 -2179.6404 -2085.1882 -1933.3274 -1788.6354 -1652.3801 -1443.0424 -1222.3573 -951.2625 -667.3271 -362.8383 61.9025 141.1342 72.7686 229.2033 332.8907 498.765 943.9185 562.4628 1042.2566 1693.8468 1724.6874 1769.3866 2323.0298 1731.7896 2121.5608 2372 2760.5283 2246.4485 2603.9104 2953.3408
-2181.2485 -2181.3215 -2176.532 -2162.7998 -2150.5586 -2142.5725 -2141.7151 -2113.8455 -2096.7056 -2088.0271 -2040.2629 -1979.851 -1922.7683 -1924.0554 -1916.7031 -1865.314 -1871.2469 -1915.6002 -1957.256 -2039.5942 -2144.0474 -2219.4185 -2313.6138 -2370.6748 -2400.969 -2511.853 -2483.6152 -2410.1157 -2419.3545 -2396.2734 -2429.927 -2398.2219 -2264.8506 -2161.4927 -2094.5237 -2036.4274 -1982.8055 -1933.1438 -1842.6022 -1613.7616 -1325.3937 -1060.7826 -819.0564 -568.0167 -305.7057 -117.6417 -30.1682 35.0989 53.6457 253.4974 986.1812 638.8237 615.1875 1048.0883 1087.3115 1135.6246 1212.2966 1992.0491 1496.4532 923.0541 1061.9011 1265.3701 2132.8188 2320.2585
-2211.2473 -2251.9194 -2274.3484 -2241.3457 -2196.6406 -2171.4402 -2159.0789 -2129.1563 -2106.5166 -2093.6133 -2060.1204 -2022.0021 -1997.3262 -1970.3079 -1923.8228 -1878.912 -1858.1837 -1868.9109 -1868.5419 -1894.2191 -1957.3706 -2028.5547 -2081.3252 -2137.9202 -2244.1599 -2409.7397 -2429.3967 -2372.2546 -2369.9148 -2357.4377 -2331.6047 -2330.6221 -2237.4417 -2157.8809 -2105.0486 -2041.7949 -2046.0212 -2069.5198 -1937.5885 -1703.863 -1404.0021 -1076.2656 -755.2426 -460.3461 -262.3201 -167.7046 -116.6199 -74.956 -56.4109 -63.2131 -72.9125 40.5386 199.9592 224.4068 422.5299 532.2831 576.96 627.2498 886.4466 2092.3984 1616.3818 2310.7107 1988.0938 2105.2297
-2210.9285 -2249.5571 -2279.4592 -2264.5151 -2208.3918 -2168.5249 -2165.0046 -2155.8157 -2145.3557 -2136.6709 -2096.9507 -2057.6167 -2056.5789 -2043.8286 -1989.0126 -1948.8503 -1912.9551 -1886.0547 -1874.2856 -1861.8948 -1875.8419 -1919.0353 -1952.3838 -1995.7042 -2081.791 -2222.6846 -2272.0942 -2283.5774 -2281.2471 -2292.6257 -2329.7761 -2327.5488 -2210.8875 -2160.0991 -2138.4634 -2095.1636 -2115.4153 -2124.0105 -1928.0708 -1676.9668 -1410.1798 -1118.2247 -863.7679 -644.1993 -426.4151 -252.6136 -177.2973 -173.8072 -189.4199 -229.9348 -304.3129 -278.2014 -158.9393 157.3406 270.427 363.0569 392.4618 569.7041 652.095 1444.0796 2042.7919 1939.9224 2007.1686 1405.4822
-2235.468 -2250.0938 -2263.1863 -2238.5469 -2191.668 -2163.1912 -2146.7129 -2139.2358 -2126.2593 -2103.1304 -2101.106 -2100.8418 -2100.5681 -2106.2559 -2086.3425 -2054.3982 -2032.7186 -1988.3705 -1936.9275 -1923.668 -1906.1849 -1876.694 -1898.8979 -1908.5493 -1936.0415 -2022.3563 -2074.1008 -2114.6753 -2129.188 -2163.3853 -2237.1636 -2237.4551 -2148.4084 -2115.5889 -2138.7527 -2135.9563 -2134.2739 -2106.4133 -1963.4532 -1775.8253 -1603.3196 -1406.8698 -1214.9729 -1005.3608 -703.99 -410.5846 -319.1812 -419.6094 -481.2996 -450.3607 -462.6282 -435.0896 -277.9086 17.9606 50.4258 71.5106 86.5226 105.5131 198.1653 478.4552 764.2029 2062.6528 1689.2006 1118.4178
-2256.5852 -2229.489 -2240.6201 -2223.7449 -2179.5161 -2127.5471 -2064.6616 -2041.6947 -2056.4028 -2084.4023 -2102.5054 -2115.6992 -2133.4507 -2140.895 -2142.0825 -2124.6458 -2107.4021 -2094.6533 -2046.3341 -2009.1406 -1979.1061 -1964.256 -1944.147 -1913.2584 -1894.5764 -1878.3383 -1892.6244 -1936.6056 -1960.5868 -1980.0795 -2045.4673 -2061.8342 -2041.1062 -2067.4487 -2112.2117 -2124.6135 -2152.7776 -2128.2429 -2037.8862 -1926.082 -1779.4034 -1592.833 -1417.1067 -1162.6012 -829.939 -584.4833 -571.8951 -675.6164 -670.0768 -578.0219 -542.4327 -500.6637 -405.002 -297.093 -173.4804 -62.2149 -9.2223 41.3787 85.3376 135.8595 581.7197 1368.0952 1237.9446 684.9866
-2256.6477 -2211.5713 -2202.2209 -2182.939 -2131.3127 -2089.1143 -2045.6118 -2011.5487 -2009.6625 -2071.6165 -2118.6614 -2137.0259 -2154.8064 -2152.5935 -2160.2627 -2166.8972 -2159.196 -2136.8877 -2112.2185 -2091.3398 -2038.6699 -2014.973 -1986.9092 -1923.2211 -1895.1759 -1864.1686 -1855.5035 -1871.5604 -1841.0017 -1823.2793 -1842.6426 -1878.5431 -1908.3422 -1923.9147 -1981.8181 -2042.2164 -2080.4539 -2082.5698 -2050.4373 -1988.1971 -1871.2231 -1692.5929 -1492.1819 -1219.0836 -940.1448 -795.1878 -815.7217 -857.9641 -806.3477 -733.0612 -691.5604 -594.3417 -462.0543 -329.9709 -213.9889 -126.2389 -65.1129 13.8436 18.947 73.0651 133.8899 296.0005 290.074 339.5973
-2260.6755 -2247.0227 -2262.2498 -2236.6318 -2161.0496 -2099.022 -2065.5996 -2046.6941 -2036.2284 -2074.2104 -2107.5664 -2126.6638 -2145.0247 -2143.6768 -2165.5791 -2182.6067 -2183.8787 -2168.0601 -2137.5457 -2115.6597 -2083.8704 -2063.3218 -2049.8325 -1997.2277 -1951.4843 -1900.1383 -1862.8372 -1851.8119 -1798.2421 -1766.6343 -1777.8206 -1795.6909 -1813.0184 -1805.8794 -1831.8383 -1903.7744 -1920.3473 -1940.5452 -1963.3689 -1942.488 -1860.6393 -1718.7438 -1523.9104 -1303.2203 -1130.4163 -1066.319 -1065.1492 -1019.871 -943.2318 -883.9816 -804.2982 -674.6487 -538.1187 -368.5564 -212.2013 -139.755 -96.1624 -40.3843 11.5609 32.2045 83.1405 136.2903 250.6197 229.0932
-2199.1987 -2237.1255 -2281.8613 -2266.7803 -2194.0901 -2119.573 -2084.2261 -2078.2004 -2081.1885 -2097.7783 -2095.3523 -2097.5544 -2115.8831 -2122.6118 -2135.4968 -2152.3162 -2144.5098 -2152.2202 -2149.3528 -2108.1816 -2107.2412 -2097.0308 -2084.8167 -2078.7354 -2042.0004 -1982.7771 -1891.5608 -1877.7426 -1850.1465 -1764.5226 -1767.5134 -1772.3284 -1776.1342 -1776.2874 -1778.7607 -1787.8462 -1786.8965 -1809.2145 -1801.7427 -1752.6204 -1695.8357 -1636.3046 -1532.3832 -1424.3102 -1342.3151 -1300.4091 -1245.7994 -1134.1523 -1047.9337 -986.041 -897.4467 -764.324 -618.4888 -459.9617 -312.4393 -222.6187 -167.3532 -79.7182 11.0815 21.7714 47.1253 82.2612 187.7468 148.3259
-1981.3917 -2018.8429 -2115.3394 -2199.8735 -2166.6831 -2098.5457 -2073.7783 -2073.3191 -2062.199 -2060.8767 -2068.8428 -2072.5286 -2088.2014 -2104.2175 -2108.8691 -2116.6284 -2118.1719 -2132.4978 -2147.3965 -2108.3352 -2102.9316 -2128.6929 -2106.4246 -2096.9751 -2099.8845 -2076.9043 -1995.4722 -1954.2155 -1895.9467 -1828.017 -1813.2943 -1795.5443 -1799.3282 -1785.774 -1782.6842 -1780.3956 -1759.4941 -1720.9297 -1685.9534 -1647.8501 -1607.7689 -1566.2467 -1482.7557 -1418.5599 -1359.9346 -1320.3289 -1255.6923 -1139.6329 -1069.2462 -1004.7142 -918.4483 -806.7498 -670.0934 -542.7009 -416.4717 -294.8801 -210.774 -120.8176 7.7179 9.7425 15.1138 144.9492 54.6693 78.2121
-1697.8893 -1579.631 -1634.1215 -1881.5496 -2021.4414 -2054.884 -2067.2549 -2073.9734 -2054.894 -2037.0765 -2034.9937 -2033.8661 -2038.9355 -2057.9988 -2073.0225 -2086.0181 -2096.0322 -2103.5608 -2106.5691 -2102.551 -2103.5391 -2111.2063 -2107.7524 -2104.217 -2107.9292 -2083.6082 -2060.4546 -2032.1498 -1975.0009 -1923.6284 -1908.0553 -1912.8727 -1878.1443 -1853.0969 -1856.5265 -1859.3533 -1809.0266 -1725.7581 -1686.4404 -1691.1453 -1664.4253 -1594.0172 -1511.306 -1444.2302 -1365.9067 -1283.6427 -1195.3468 -1081.5278 -1001.3528 -923.667 -849.6585 -786.9961 -700.0345 -608.5902 -514.3862 -441.5577 -359.5214 -254.3432 -138.6612 8.582 7.8984 12.2124 37.0429 169.4982
-1525.3353 -1292.3175 -1105.3018 -1245.822 -1574.5775 -1875.7452 -2018.6167 -2051.1467 -2035.2367 -2010.9873 -1998.9933 -1996.5209 -2001.5164 -2014.6774 -2018.4668 -2043.2811 -2076.5857 -2078.5491 -2067.3 -2056.9875 -2085.8333 -2099.3987 -2100.6982 -2104.7991 -2087.7527 -2069.2944 -2078.3962 -2059.834 -2050.7563 -2030.1053 -2020.8906 -2029.6311 -1988.7838 -1954.3015 -1951.2648 -1954.0822 -1901.601 -1839.2145 -1804.1426 -1799.912 -1774.1561 -1691.5347 -1626.0906 -1553.4077 -1408.7267 -1257.2329 -1134.0039 -1018.7985 -932.8589 -857.7071 -810.619 -790.2697 -741.5104 -669.9725 -580.1451 -503.9271 -437.8294 -368.1234 -250.6903 7.609 8.5137 9.6199 8.6351 11.1201
-1366.0078 -1215.0807 -930.1739 -702.3829 -851.9201 -1361.2896 -1823.1895 -2013.7217 -2035.4076 -2010.3107 -1990.3802 -1987.3523 -1987.8209 -1996.4153 -2000.2358 -2019.5764 -2054.3997 -2028.7473 -2030.9094 -2035.78 -2052.2529 -2081.6838 -2097.2205 -2117.8684 -2076.2791 -2034.408 -2040.2805 -2034.5483 -2048.2085 -2049.9846 -2034.6195 -2036.1151 -2027.6854 -2015.6473 -2010.433 -2011.3645 -1967.9399 -1903.8251 -1897.8031 -1870.2729 -1798.7062 -1735.3362 -1690.3129 -1611.3434 -1453.6617 -1303.879 -1177.7657 -1075.2284 -989.991 -910.6991 -873.7657 -858.7751 -789.5129 -698.2614 -623.2978 -537.7198 -430.5808 -356.367 -271.9711 -94.2902 6.5251 10.5756 7.366 9.7717
-1224.5117 -1154.475 -919.9352 -609.0563 -509.8482 -844.0475 -1441.3464 -1871.506 -2012.6064 -2018.3274 -2005.1848 -2010.4409 -2011.6582 -2002.3188 -1995.1821 -1993.6492 -2021.1953 -2005.2129 -2010.4557 -2046.6592 -2040.0671 -2064.5688 -2063.0215 -2071.7957 -2065.9526 -2054.4963 -2036.8621 -2006.2415 -2044.0781 -2076.2537 -2059.2368 -2035.3591 -2020.2819 -2010.0127 -2010.079 -2004.6204 -1980.3619 -1937.0997 -1933.9104 -1895.0028 -1802.8832 -1744.1433 -1685.7648 -1618.6995 -1518.8312 -1409.7052 -1286.516 -1180.2991 -1104.3452 -1062.698 -1023.8196 -929.3825 -807.6852 -717.8527 -671.2805 -611.4327 -491.6405 -368.8486 -285.7679 -152.8385 8.1703 50.9209 232.6883 235.9726
-959.3032 -1061.4886 -981.0135 -738.2722 -502.8629 -536.7548 -943.4327 -1470.5187 -1814.0834 -1952.1169 -1978.3584 -1991.3328 -1991.0824 -1972.7833 -1967.6877 -1955.5256 -1940.1169 -1934.7496 -1963.3768 -2040.7352 -2041.3307 -2063.3315 -2057.7532 -2064.7825 -2083.3748 -2076.072 -2048.3828 -2021.7797 -2058.417 -2120.4167 -2103.3201 -2038.0273 -1998.1136 -1969.856 -1982.2114 -1992.1423 -1990.3469 -1976.9355 -1953.6267 -1911.6624 -1864.488 -1825.7637 -1790.3685 -1742.0189 -1635.1185 -1532.8212 -1430.4535 -1325.593 -1260.6874 -1218.8728 -1162.6272 -1036.2129 -874.7865 -772.8039 -748.3541 -682.2778 -515.0502 -362.7538 -289.5352 -212.1929 27.3731 55.065 68.6446 122.5859
-982.6503 -1022.5928 -989.353 -828.6749 -580.7497 -412.6053 -500.1962 -903.7667 -1399.4792 -1759.1766 -1912.6017 -1950.6987 -1948.8488 -1902.5753 -1868.8181 -1883.2234 -1858.663 -1843.444 -1912.8296 -2013.0032 -2037.0486 -2047.8837 -2060.0737 -2084.1128 -2078.925 -2057.083 -2065.0139 -2049.1418 -2063.7786 -2106.5486 -2065.7939 -1983.616 -1937.4595 -1932.3701 -1944.7169 -1960.0857 -1977.7418 -1968.5338 -1944.3828 -1922.0615 -1903.2106 -1870.3893 -1844.2604 -1812.4708 -1744.5938 -1679.7411 -1606.553 -1508.8843 -1447.7997 -1381.4038 -1272.8018 -1140.2174 -1030.2942 -976.4069 -923.1169 -817.4061 -631.9329 -463.6828 -359.349 -250.8111 8.3321 50.1206 184.6086 508.2841
-846.1599 -892.0367 -917.6534 -829.9639 -646.0959 -417.4734 -249.0279 -418.2095 -900.9935 -1442.7794 -1793.6818 -1902.8655 -1891.9088 -1809.3032 -1760.1492 -1785.8596 -1801.011 -1824.3611 -1885.8186 -1959.4458 -1993.9843 -2036.4636 -2099.3242 -2110.1406 -2071.7212 -2050.8931 -2075.8923 -2090.4517 -2020.9956 -1991.7432 -1934.3712 -1883.8048 -1871.4734 -1909.7465 -1952.3269 -1954.6068 -1987.364 -1974.2302 -1946.4841 -1913.7095 -1902.8389 -1880.9318 -1857.9274 -1836.7642 -1807.2623 -1778.4579 -1736.1364 -1665.3936 -1599.8855 -1523.1041 -1424.447 -1332.8704 -1263.8867 -1187.5291 -1062.837 -930.2829 -747.2903 -515.2887 -354.2082 -239.8869 53.7832 596.3301 411.9908 1602.9601
