Resources/Map/Lvl0_30x30/Ele_BE.asc
ncols         335
nrows         335
xllcorner     -6645000
yllcorner     3325000
cellsize      10000
nodata_value  -99999.0
[rows 78 to 103 of 335, columns 174 to 231 of 335]
-3889.5317 -3887.7744 -3842.7297 -3753.5562 -3708.7886 -3709.2712 -3698.2151 -3684.5908 -3684.925 -3663.1985 -3627.0049 -3613.6389 -3635.3308 -3666.8408 -3652.2725 -3608.4617 -3580.2791 -3604.8977 -3583.7019 -3521.9502 -3543.3997 -3665.4036 -3787.2205 -3835.083 -3845.9028 -3860.6826 -3862.356 -3810.6323 -3756.844 -3727.1165 -3709.8667 -3680.1404 -3723.7793 -3805.8894 -3833.5134 -3802.3904 -3801.6372 -3821.0349 -3826.1157 -3840.7346 -3868.7107 -3923.0325 -3921.0903 -3839.7822 -3755.7998 -3773.9468 -3876.5413 -3959.2488 -3987.8225 -4005.4946 -3985.426 -3833.1321 -3652.229 -3610.677 -3578.9299 -3414.644 -3309.3196 -3527.9558
-3916.6274 -3887.762 -3871.9763 -3825.6736 -3783.4072 -3778.5396 -3767.3079 -3753.2988 -3752.4626 -3742.7375 -3708.6379 -3712.4343 -3757.2825 -3781.0955 -3745.3564 -3687.9866 -3658.1768 -3750.03 -3817.6885 -3817.7842 -3937.6121 -4132.3384 -4250.7642 -4240.5913 -4192.8081 -4119.7646 -4059.3589 -4094.1543 -4099.4253 -4066.4478 -3991.187 -3986.7708 -4009.4895 -3921.5549 -3897.1396 -3897.9202 -3931.1472 -3962.3298 -3958.679 -3941.7839 -3931.4915 -3977.3923 -4049.4272 -4051.8738 -3975.3 -3898.3533 -3895.8269 -4005.5706 -4076.1328 -4078.2844 -4077.3433 -3997.499 -3891.8984 -3888.7163 -3874.2407 -3774.4219 -3696.5649 -3788.8115
-3938.0132 -3872.375 -3908.9138 -3927.384 -3888.0249 -3894.0981 -3931.5154 -3948.1917 -3908.6694 -3877.8728 -3852.2634 -3871.9915 -3988.6011 -4068.7397 -3945.9126 -3803.1665 -3741.4771 -3775.9031 -3861.6016 -3905.0327 -3886.9663 -4086.2158 -4179.6973 -4090.4246 -3965.0515 -3856.0803 -3779.4778 -3851.7759 -3891.3086 -3922.0315 -3898.9182 -3896.8459 -3898.3052 -3830.5251 -3803.1907 -3803.9417 -3851.9617 -3874.6038 -3834.3789 -3791.4749 -3791.9641 -3802.3152 -3834.0161 -3865.929 -3823.2551 -3726.0198 -3714.3408 -3789.6184 -3856.8174 -3846.3091 -3814.625 -3784.3711 -3776.469 -3810.4602 -3798.8191 -3837.9163 -3933.4333 -3959.7388
-3943.2031 -3970.3428 -4068.1509 -4088.4939 -3991.8237 -3996.3613 -3985.9187 -3963.0117 -3913.6555 -3906.8481 -3911.5989 -3975.5281 -4153.5713 -4250.1255 -4011.375 -3869.1431 -3891.5552 -3828.6726 -3666.4651 -3524.2854 -3450.7095 -3656.231 -3790.9841 -3687.5654 -3514.8135 -3498.1211 -3568.4802 -3648.1858 -3654.2253 -3645.8984 -3619.5505 -3542.7229 -3472.1382 -3455.4941 -3468.5122 -3549.3247 -3630.0706 -3512.5483 -3309.9153 -3298.0962 -3407.1563 -3391.2405 -3388.5183 -3465.1804 -3386.3462 -3223.5872 -3381.1775 -3553.9397 -3592.9861 -3586.3306 -3542.1248 -3512.3528 -3526.7312 -3558.2737 -3560.573 -3646.0381 -3829.8931 -3905.042
-3995.1853 -4078.0369 -4160.5479 -4080.3364 -3962.8655 -4042.1943 -4005.4092 -3949.4536 -3981.9883 -4049.3164 -4088.4829 -4220.5894 -4351.5894 -4307.3882 -4082.6235 -4016.1943 -4080.062 -4037.1035 -3805.2527 -3585.2231 -3543.7122 -3632.6812 -3614.2686 -3355.6313 -3088.4487 -3150.5713 -3430.1526 -3594.7029 -3561.1348 -3479.0203 -3341.8848 -3102.314 -2809.6445 -2559.4619 -2574.2954 -2949.9673 -3213.291 -2932.8826 -2526.3013 -2538.467 -2776.0864 -2855.8997 -2953.8281 -3132.3562 -3141.8118 -3090 -3352.3987 -3592.437 -3573.146 -3467.3145 -3379.9509 -3366.0574 -3380.0735 -3430.6929 -3490.3022 -3556.5151 -3707.5911 -3858.1294
-4106.1924 -4151.0303 -4185.5112 -4140.981 -4081.1702 -4159.5884 -4197.252 -4192.3545 -4228.9644 -4237.022 -4200.9312 -4242.3281 -4270.2144 -4183.5464 -4064.7808 -4053.0078 -4138.9575 -4153.1577 -4031.6042 -3887.8154 -3801.7217 -3782.4409 -3676.1187 -3321.9519 -2941.9739 -2891.7302 -3143.0046 -3310.6919 -3253.813 -3186.6899 -3150.4353 -3100.562 -2909.1685 -2583.6226 -2546.9028 -2966.249 -3287.6958 -3108.0034 -2808.1052 -2801.9607 -2988.0479 -3123.2063 -3205.3015 -3282.4617 -3336.0933 -3359.3809 -3484.5405 -3657.2327 -3666.9746 -3540.7827 -3407.1816 -3397.6809 -3405.3 -3444.052 -3502.9678 -3562.2615 -3684.1387 -3854.5757
-4172.2715 -4217.0381 -4241.7783 -4206.7715 -4138.3203 -4158.6196 -4183.686 -4152.9961 -4133.3999 -4121.5884 -4105.7695 -4098.5859 -4081.6006 -4044.2646 -3997.8203 -4032.7993 -4154.7495 -4183.8833 -4133.6577 -4126.0264 -4124.5669 -4103.8203 -4063.2017 -3848.8059 -3487.7146 -3181.1638 -3080.9885 -3104.9614 -3030.0039 -2928.3489 -2942.5034 -3082.2002 -3155.376 -3082.3408 -3098.8303 -3310.4448 -3477.8567 -3441.8594 -3322.7097 -3290.5837 -3362.5291 -3434.0608 -3411.8291 -3322.2102 -3266.2546 -3232.564 -3328.2715 -3604.6663 -3755.5723 -3712.9114 -3608.7217 -3578.1885 -3566.5945 -3553.3655 -3580.2881 -3621.2212 -3625.2185 -3715.2168
-4143.3843 -4173.7549 -4187.4941 -4136.1895 -4050.1877 -4051.8201 -4070.8052 -4044.9014 -4038.6411 -4062.1206 -4062.877 -4051.5916 -4019.1909 -3964.4692 -3965.2695 -4047.1602 -4116.6938 -4116.8877 -4116.2334 -4179.4946 -4267.6177 -4299.7422 -4335.6807 -4329.3892 -4164.8237 -3868.5999 -3620.813 -3511.1279 -3309.6147 -3018.2192 -2898.7131 -2986.5232 -3065.3745 -3059.6201 -3124.509 -3274.2896 -3397.9451 -3477.6064 -3448.3667 -3356.1536 -3336.8359 -3353.543 -3319.1086 -3235.4177 -3135.4033 -3060.1631 -3170.4468 -3490.6523 -3662.8118 -3637.9023 -3580.8115 -3547.7971 -3537.2375 -3554.6333 -3621.3516 -3693.3411 -3616.4072 -3477.2666
-4105.583 -4106.3398 -4111.5166 -4098.7773 -4068.6333 -4077.6685 -4101.1475 -4098.123 -4093.3184 -4101.7725 -4089.4272 -4070.1599 -4024.6855 -3965.0046 -3984.7573 -4047.7415 -4052.2361 -4025.0273 -4029.1563 -4037.7668 -4087.9216 -4196.1265 -4295.8726 -4350.0205 -4345.2959 -4293.5303 -4195.4341 -4058.6062 -3811.9084 -3430.1724 -3118.2764 -3030.6685 -3031.3186 -3010.7351 -3056.0378 -3123.0959 -3178.655 -3329.7085 -3403.4971 -3303.7615 -3223.5459 -3183.5305 -3155.0508 -3186.3936 -3210.2407 -3212.1919 -3272.5825 -3429.2192 -3492.449 -3432.137 -3393.3423 -3343.6628 -3303.3071 -3365.4343 -3507.6536 -3664.6279 -3683.8518 -3454.1331
-4120.2676 -4119.8496 -4126.082 -4136.3198 -4140.769 -4146.541 -4154.9956 -4150.5742 -4153.1382 -4156.5991 -4161.7524 -4139.4155 -4084.0381 -4032.8723 -4024.5984 -4039.502 -4026.2397 -3981.8845 -3975.4897 -3959.553 -3945.4832 -4023.1663 -4106.8955 -4157.5708 -4247.5039 -4333.2021 -4307.8145 -4190.0728 -4013.2688 -3703.9763 -3375.9949 -3203.3618 -3143.4949 -3115.2756 -3130.7393 -3128.4045 -3098.2 -3153.9978 -3152.8931 -3000.4944 -2882.8235 -2840.6873 -2889.6589 -3032.0825 -3088.4048 -3073.9968 -3102.23 -3204.2466 -3364.0342 -3463.6584 -3462.6064 -3278.9702 -3216.8081 -3297.4443 -3448.4019 -3566.1604 -3524.2151 -3263.9067
-4168.3174 -4165.6074 -4161.3457 -4161.7002 -4170.9038 -4178.8369 -4186.1094 -4203.4087 -4265.8022 -4259.8784 -4220.6348 -4188.647 -4136.2202 -4041.0007 -3971.7205 -3973.2007 -3966.7285 -3922.6072 -3907.157 -3911.9636 -3910.3337 -3966.2629 -4032.8281 -4084.5999 -4192.25 -4274.2124 -4263.9297 -4224.1177 -4174.1665 -3982.4666 -3670.1335 -3438.6677 -3318.0454 -3282.9639 -3247.3792 -3158.1052 -3078.3093 -3093.9897 -3045.561 -2892.6384 -2775.3357 -2703.4063 -2742.8245 -2871.9578 -2898.6833 -2891.1155 -2957.8845 -3039.7441 -3152.6729 -3302.1836 -3477.1301 -3385.2871 -3275.0122 -3334.7317 -3464.4238 -3550.9214 -3496.5334 -3253.179
-4179.9697 -4178.2061 -4165.2656 -4160.3677 -4173.4697 -4196.6772 -4210.5967 -4240.2871 -4291.6895 -4306.2373 -4266.0957 -4223.2378 -4179.4634 -4097.8779 -4017.2673 -4003.7332 -3998.3679 -3949.5442 -3913.4514 -3965.4265 -4026.7688 -4034.9829 -4045.946 -4083.0938 -4179.6001 -4214.1382 -4207.7803 -4275.9746 -4361.5093 -4340.269 -4129.3359 -3837.7253 -3618.4412 -3527.5264 -3477.364 -3408.8242 -3337.3721 -3210.5559 -2981.0793 -2852.2656 -2807.136 -2685.9565 -2650.4729 -2725.8291 -2772.6995 -2806.0752 -2868.1492 -2929.4419 -2973.3035 -3098.9548 -3369.0093 -3452.4624 -3323.1956 -3289.3628 -3415.1628 -3501.4824 -3508.8662 -3459.3638
-4166.5586 -4181.8779 -4174.7524 -4163.0156 -4177.5308 -4204.0747 -4204.584 -4199.9922 -4234.6792 -4296.7158 -4340.3223 -4324.6807 -4274.2803 -4203.3618 -4147.5137 -4127.6108 -4132.8394 -4116.1284 -4068.3845 -4107.5454 -4194.6025 -4194.0684 -4145.3428 -4149.4854 -4236.123 -4225.7319 -4203.4199 -4296.1875 -4405.9077 -4472.6411 -4425.8813 -4321.3779 -4207.4922 -4105.2578 -4027.991 -3944.948 -3799.3926 -3526.7896 -3125.1191 -2852.4622 -2795.9722 -2714.4858 -2659.3389 -2736.342 -2797.3904 -2843.8257 -2874.3994 -2905.1025 -3003.9102 -3160.8049 -3304.0747 -3356.0078 -3370.0671 -3397.9685 -3413.2952 -3438.0281 -3448.0222 -3475.3633
-4165.1768 -4191.3096 -4188.9829 -4177.7129 -4200.3579 -4222.6226 -4223.7202 -4228.3179 -4264.1948 -4322.4678 -4391.208 -4433.166 -4370.0078 -4260.6533 -4246.2065 -4246.1582 -4259.3696 -4262.1377 -4186.8086 -4170.105 -4200.8506 -4176.3994 -4148.5601 -4177.9917 -4232.9072 -4219.4854 -4205.5024 -4248.6523 -4285.6431 -4307.6978 -4333.7324 -4369.3945 -4364.4497 -4312.6294 -4272.6987 -4229.542 -4089.7141 -3885.0618 -3643.886 -3334.0503 -3001.2087 -2737.7202 -2708.0234 -2853.344 -2931.5381 -2957.2974 -2997.3762 -3065.156 -3184.8987 -3284.4224 -3338.1494 -3366.4553 -3443.0024 -3517.1716 -3500.0647 -3499.6792 -3512.8975 -3506.3625
-4157.7534 -4175.936 -4190.0942 -4188.0381 -4194.1431 -4199.3242 -4222.5493 -4267.0103 -4349.686 -4417.0415 -4418.3203 -4430.123 -4389.4287 -4306.3613 -4316.2031 -4337.73 -4400.3193 -4417.5474 -4288.0791 -4175.624 -4115.835 -4058.5071 -4032.4001 -3994.6765 -3934.9265 -3949.7466 -4030.7329 -4086.7905 -4077.4504 -4083.5686 -4151.9243 -4203.1592 -4223.6802 -4248.2568 -4298.3223 -4294.4277 -4248.2446 -4273.0981 -4269.1172 -4062.5798 -3585.0259 -2979.8945 -2691.9622 -2777.3179 -2927.9478 -2988.1777 -3043.73 -3151.6934 -3284.1838 -3348.4297 -3393.2603 -3425.4272 -3490.5559 -3592.5413 -3588.5193 -3546.4236 -3564.9434 -3584.0083
-4146.8877 -4154.1563 -4179.3408 -4195.9912 -4201.397 -4218.3228 -4249.4414 -4257.062 -4309.1455 -4390.1245 -4371.874 -4338.1636 -4315.1279 -4290.5938 -4306.2773 -4329.6929 -4348.8955 -4280.5542 -4126.0278 -4005.2429 -3962.1738 -3977.3569 -3990.1008 -3938.3918 -3874.6619 -3919.0979 -4018.4834 -4057.2229 -4054.1313 -4083.1736 -4130.689 -4122.0791 -4100.377 -4130.73 -4159.2046 -4133.5845 -4166.1904 -4306.6606 -4373.9097 -4260.0405 -4057.1479 -3777.2864 -3430.1902 -3155.0359 -3059.833 -3042.936 -3077.8154 -3181.4321 -3305.6841 -3398.3813 -3489.8904 -3565.9895 -3604.6331 -3626.0029 -3571.511 -3528.7837 -3558.1013 -3591.8394
-4148.2964 -4166.8354 -4210.3096 -4237.8389 -4224.3433 -4247.9302 -4274.3257 -4255.1753 -4261.6191 -4288.9414 -4277.7026 -4251.9292 -4232.0469 -4220.8994 -4237.1475 -4268.6187 -4223.9219 -4095.176 -3963.729 -3901.571 -3926.0503 -4013.9346 -4079.0894 -4071.1042 -4047.9756 -4045.9939 -4081.6057 -4115.6323 -4128.48 -4118.1299 -4109.5566 -4103.7788 -4119.3164 -4164.6772 -4166.8853 -4112.084 -4113.8281 -4173.7129 -4229.4009 -4269.7319 -4269.5488 -4167.3984 -3970.0046 -3756.949 -3545.644 -3306.2261 -3188.3691 -3219.926 -3324.1865 -3483.7551 -3610.3909 -3693.4712 -3702.6824 -3627.3127 -3537.353 -3488.8914 -3486.1936 -3569.1577
-4141.6084 -4162.7847 -4215.6406 -4259.856 -4239.1699 -4230.7451 -4238.7817 -4247.8662 -4257.8018 -4260.2363 -4262.2437 -4259.2676 -4246.1831 -4225.5952 -4218.1025 -4245.2109 -4241.6758 -4169.8135 -4089.9646 -4017.9846 -4009.3127 -4115.2485 -4218.7559 -4224.7617 -4161.4189 -4054.686 -4033.6833 -4092.8857 -4131.0913 -4161.7671 -4168.3267 -4163.5127 -4207.3857 -4218.2261 -4173.916 -4155.8086 -4156.7612 -4104.3276 -4084.6052 -4187.0952 -4284.4263 -4248.1226 -4159.6616 -4157.0498 -4121.8271 -3876.2656 -3582.8169 -3364.3611 -3331.5662 -3496.7769 -3673.8499 -3771.1563 -3762.8901 -3652.5322 -3546.2681 -3447.7659 -3450.9443 -3627.51
-4174.5386 -4191.1006 -4213.9844 -4228.856 -4215.0923 -4221.6655 -4243.7695 -4266.9932 -4278.167 -4272.3086 -4262.7358 -4265.5806 -4273.7441 -4267.561 -4253.7388 -4261.3311 -4289.8496 -4312.5361 -4298.8477 -4242.0815 -4225.6099 -4259.4673 -4261.3032 -4263.8887 -4257.1045 -4237.085 -4233.4336 -4234.5083 -4232.4536 -4246.4463 -4239.8931 -4230.8076 -4260.6563 -4200.5864 -4090.1509 -4061.2271 -4051.5723 -4005.4731 -3987.4255 -4071.3301 -4204.8135 -4237.1294 -4163.2827 -4153.2676 -4211.6309 -4145.793 -3909.3003 -3631.0715 -3400.7629 -3363.6833 -3542.8369 -3720.1785 -3784.5061 -3775.3955 -3646.7468 -3480.9885 -3497.1575 -3659.1016
-4196.79 -4233.8359 -4220.0142 -4204.8481 -4204.5005 -4224.4639 -4258.0303 -4269.9673 -4281.5112 -4289.9785 -4279.7007 -4278.8267 -4289.4409 -4293.6299 -4293.4897 -4293.2212 -4282.0244 -4261.9639 -4236.2671 -4194.1055 -4198.6094 -4218.0625 -4272.9014 -4367.2461 -4344.8623 -4352.1821 -4444.96 -4458.4614 -4384.2764 -4298.0547 -4206.3022 -4105.5435 -4053.217 -4024.0063 -3997.575 -3977.8989 -3953.3196 -3941.1829 -3932.2903 -4000.375 -4165.6792 -4236.3379 -4164.7798 -4113.1694 -4165.1172 -4230.1704 -4175.1489 -4034.303 -3817.3677 -3563.2434 -3419.8777 -3494.0054 -3625.9478 -3704.1919 -3652.1824 -3565.2532 -3524.9397 -3532.365
-4175.7026 -4188.7568 -4188.147 -4189.8174 -4205.0068 -4220.9092 -4227.8643 -4225.2681 -4240.3975 -4257.8286 -4296.3662 -4290.3853 -4291.1523 -4285.1035 -4289.9409 -4295.0249 -4270.0547 -4264.6958 -4214.2056 -4141.2725 -4157.4429 -4203.4595 -4260.5146 -4315.0884 -4272.4473 -4295.5156 -4409.6895 -4421.7261 -4361.5396 -4292.1528 -4185.7412 -4033.9539 -3952.0774 -3998.7993 -4040.4548 -4043.2734 -4066.3582 -4079.7903 -4033.259 -4016.0667 -4122.4854 -4214.9956 -4186.4653 -4128.6689 -4145.6338 -4193.1143 -4171.9917 -4172.7666 -4212.9624 -4063.6729 -3767.2202 -3634.7419 -3651.5229 -3690.4976 -3740.1096 -3814.959 -3694.8425 -3519.4548
-4171.5615 -4144.9771 -4146.2388 -4161.0552 -4180.2041 -4190.2695 -4194.2061 -4192.1421 -4194.0493 -4204.0576 -4235.2646 -4271.7124 -4311.042 -4289.2568 -4276.189 -4282.2373 -4288.6279 -4292.4731 -4264.4961 -4248.0181 -4286.0728 -4320.1108 -4301.6538 -4246.6958 -4157.1709 -4109.8413 -4153.2085 -4231.2349 -4325.4092 -4346.5894 -4249.8926 -4211.9365 -4231.2148 -4224.1045 -4204.4536 -4256.5962 -4292.3579 -4191.9541 -4117.8491 -4151.1851 -4174.1392 -4139.394 -4109.4077 -4115.7324 -4150.5693 -4180.7681 -4103.3271 -4062.999 -4184.3076 -4240.5791 -4166.6294 -4062.0591 -4021.282 -3980.144 -3923.3428 -3980.4277 -3944.8306 -3776.5176
-4129.0942 -4121.2607 -4133.7544 -4155.9058 -4187.8066 -4209.5112 -4216.6768 -4214.8535 -4207.5796 -4209.3384 -4230.1353 -4262.8799 -4291.7705 -4289.7744 -4280.9849 -4284.189 -4298.2222 -4315.3506 -4324.0361 -4327.3945 -4349.1582 -4389.1719 -4398.8057 -4380.2344 -4314.0625 -4241.9233 -4220.7861 -4256.3149 -4344.3794 -4396.2539 -4345.7197 -4339.2397 -4363.4063 -4325.4517 -4285.0088 -4312.7563 -4305.8931 -4209.7314 -4159.5117 -4177.0195 -4157.2759 -4096.5273 -4097.9429 -4161.7153 -4204.3745 -4216.3481 -4154.5444 -4093.5232 -4147.3584 -4210.2549 -4245.6216 -4210.5654 -4181.9849 -4179.5972 -4117.5049 -4091.9949 -4096.1152 -4034.2742
-4125.0859 -4153.3477 -4181.707 -4200.5405 -4221.6113 -4228.166 -4225.7241 -4222.9653 -4219.4805 -4221.9561 -4245.9937 -4275.8975 -4320.4814 -4304.396 -4300.3101 -4299.0088 -4304.2144 -4327.8706 -4340.4702 -4332.2817 -4330.0449 -4363.1982 -4414.0356 -4437.4009 -4414.7031 -4382.0293 -4353.5229 -4328.1274 -4363.3701 -4454.3218 -4494.4966 -4472.8105 -4440.7798 -4389.6016 -4308.9287 -4228.2241 -4168.5415 -4141.8169 -4133.458 -4136.9375 -4156.0962 -4168.1172 -4200.0688 -4240.729 -4234.687 -4233.0293 -4204.0342 -4137.0381 -4120.3472 -4140.001 -4160.7305 -4162.3906 -4149.0107 -4136.2964 -4108.2422 -4076.8137 -4051.6509 -4042.1929
-4212.0308 -4211.689 -4209.7153 -4208.604 -4215.1802 -4223.6304 -4227.3447 -4230.5962 -4233.9346 -4240.4346 -4260.2451 -4283.2383 -4308.7529 -4320.9126 -4330.668 -4323.2949 -4316.9756 -4339.7256 -4361.2358 -4373.3081 -4376.4819 -4402.6606 -4447.3818 -4429.6323 -4388.106 -4382.7363 -4375.7153 -4346.1748 -4344.4399 -4406.0132 -4491.9414 -4521.2515 -4526.9443 -4524.0386 -4443.4248 -4307.335 -4235.0054 -4232.1255 -4217.2534 -4216.168 -4235.6221 -4222.1875 -4226.2944 -4257.2051 -4256.2495 -4229.7866 -4200.4751 -4192.3643 -4151.5063 -4113.2476 -4110.1665 -4112.7324 -4109.3774 -4078.1438 -4049.3486 -4034.3428 -4039.6672 -4052.5659
-4222.0625 -4226.7583 -4213.644 -4209.4937 -4226.6313 -4235.9575 -4234.2485 -4238.6265 -4253.0522 -4267.8618 -4277.5913 -4287.8472 -4313.7754 -4338.543 -4344.1694 -4335.8281 -4332.8682 -4358.1592 -4384.4922 -4378.3809 -4359.2603 -4371.292 -4393.1865 -4378.8022 -4337.0083 -4288.3838 -4270.1465 -4318.1514 -4355.4224 -4332.9048 -4336.7485 -4373.8989 -4417.0972 -4472.7603 -4480.5527 -4412.9351 -4357.8013 -4330.5366 -4285.1074 -4246.1934 -4211.3052 -4164.9521 -4159.4141 -4177.9268 -4167.791 -4097.6514 -4079.7617 -4276.2056 -4305.4854 -4205.3149 -4142.2905 -4125.4092 -4133.772 -4114.3281 -4077.6812 -4091.0408 -4155.9253 -4181.8081
