Resources/Map/Lvl0_30x30/Ele_DK.asc
ncols         335
nrows         335
xllcorner     13455000
yllcorner     -3375000
cellsize      10000
nodata_value  -99999.0
[rows 252 to 279 of 335, columns 189 to 251 of 335]
278.4675 234.3455 221.929 236.1418 195.3095 173.8922 164.2415 163.5529 147.6205 133.8616 131.1909 131.2407 139.584 144.4762 139.0992 143.2038 138.9432 140.1758 144.4925 149.9039 167.2448 157.8863 160.1435 157.1806 161.4493 160.0346 154.5828 151.269 143.3307 139.5605 149.2275 163.9387 179.247 204.2568 190.4767 174.4266 184.0488 196.3569 179.4598 167.7487 166.8826 135.4442 118.7966 130.9935 128.0263 129.7612 142.3693 164.69 178.1278 190.7395 192.202 268.1022 258.4926 243.3684 226.1886 228.3341 253.4004 271.5503 312.8297 307.1495 261.5624 242.2034 235.1555
223.9748 250.8297 243.6921 230.6825 207.2273 187.3196 183.643 180.1357 156.3204 142.0773 133.0414 136.3383 130.1075 131.7253 129.6549 132.2963 126.1039 125.0113 133.1535 134.7792 154.1058 145.0589 146.0876 150.4002 151.0402 150.6523 144.1663 138.7211 132.9908 146.7044 159.6726 173.1777 200.5604 207.1174 169.8755 155.8478 169.3317 210.8881 191.1545 175.7573 140.2707 122.3283 119.4317 119.4688 133.5216 136.8594 139.7925 151.7786 167.2387 203.1547 219.1387 258.9812 247.9526 236.1604 224.1317 227.0279 249.8107 270.5089 262.8215 260.9373 267.486 254.2315 240.5862
210.543 231.1423 231.2099 216.4091 207.5344 205.7825 159.1947 159.0677 139.5679 133.6612 142.7595 139.88 135.1439 127.1578 125.8104 127.5868 120.9866 126.1082 123.2642 128.1928 135.3521 137.3257 141.0401 142.2538 140.9955 137.9736 135.7045 127.1045 136.76 151.3697 171.9514 196.7855 211.7999 176.4667 155.0775 143.2504 155.5031 169.8163 179.9729 143.4057 127.3447 117.9273 112.3347 113.7744 127.3445 134.2974 142.1929 160.6942 198.7825 194.1199 223.3099 247.7482 237.4472 260.4554 230.1676 213.2335 242.5568 249.0583 244.7634 267.4149 255.0995 232.8146 229.5087
195.2846 204.0269 206.4085 196.8927 180.6562 188.4669 186.5674 154.9327 145.2714 133.1254 133.394 133.2582 141.9569 149.8068 153.6347 134.1144 131.5765 132.1214 124.7405 130.2884 132.5745 135.5285 134.1797 133.4557 136.0004 131.0459 125.9763 136.6204 148.1129 157.8536 154.1679 186.9335 210.4808 173.4475 146.4025 140.4798 133.1425 137.622 144.8785 132.9224 115.1663 108.4528 104.0192 117.8152 134.6514 141.9915 152.8402 164.5564 191.2769 248.3592 221.7184 227.8348 238.2544 260.0463 231.5133 214.056 233.5912 228.2887 255.024 266.0678 246.0403 227.894 213.5782
187.7948 200.5316 193.0124 204.7202 174.1676 178.8646 169.5594 155.6586 132.8832 131.9595 136.3182 146.4787 151.1425 148.3103 156.6516 188.2919 137.8496 143.6507 158.46 132.6859 128.7046 129.3823 127.5868 127.6368 126.4104 127.6524 144.2959 148.4408 156.816 153.6765 145.5804 158.5165 176.8188 162.8011 157.4494 132.5691 121.5685 126.2059 140.8417 116.3761 115.2034 117.5379 112.645 147.7233 169.6927 155.8853 173.531 181.0754 195.3428 224.7857 209.6398 209.8829 224.4943 253.3258 241.1285 218.369 225.3757 234.2832 256.8365 258.4819 288.8698 242.4756 216.854
184.503 176.3196 190.2531 190.5353 176.7886 152.8659 144.4705 137.8275 118.7188 117.653 116.5382 126.1941 135.2843 137.5874 135.6013 154.134 163.4334 179.7112 144.9486 141.9951 118.1521 117.6471 119.1759 118.089 122.6503 128.1413 134.1914 148.066 155.4413 143.9041 137.6908 163.8874 160.6279 149.2602 150.247 122.4847 113.1096 116.1444 134.2397 115.4584 109.5264 113.7146 135.7112 152.7928 163.3043 180.5384 190.3902 201.7535 229.6621 216.8394 204.7305 195.5304 221.3871 246.806 256.7049 216.4444 209.2333 228.1449 234.186 246.5617 245.4768 229.8278 213.8466
167.823 168.9842 176.6431 181.1174 168.312 148.689 133.5909 126.0065 105.284 110.6457 106.6224 119.4747 115.5619 119.9823 130.1927 171.8921 161.2508 153.3315 148.1196 125.9118 118.3085 115.0978 116.5369 117.8557 121.1422 126.9343 136.9879 148.3965 164.3302 144.9213 132.4068 134.3349 147.3623 132.4479 138.9617 132.5094 105.4986 103.574 107.5181 107.6142 109.1075 111.2721 123.2111 145.6192 162.757 182.6905 198.287 196.506 216.2424 206.9938 190.2211 191.3025 214.6065 222.5336 240.1639 269.0153 200.9471 205.7083 223.493 229.5885 229.2229 215.6647 221.36
149.042 157.6105 164.1026 168.0639 150.6015 141.8619 124.395 113.0157 107.245 105.6107 120.1071 129.0253 107.1836 110.7412 127.064 161.5312 160.0054 150.4621 158.2577 129.003 118.2703 115.2293 115.3667 114.8976 117.7829 122.4704 137.3476 156.8102 149.4703 134.0549 129.4192 126.4343 131.6922 118.1165 112.2496 121.6425 100.7565 101.0023 100.9247 118.2673 134.0142 119.0266 128.0783 149.3645 160.1622 158.8553 167.5803 175.0594 175.7143 201.7389 182.6603 184.3916 205.0246 220.668 264.4018 236.8064 205.9923 196.4957 205.9317 206.1046 220.6515 206.4159 206.64
155.7735 162.216 146.7663 131.6877 126.7095 127.9513 116.0186 105.0227 100.1286 94.3419 101.8461 113.2771 100.747 115.6175 128.0969 168.9085 147.3077 137.0191 119.1964 111.5977 115.8711 110.775 109.0623 106.6338 112.2606 117.9693 127.6937 141.5581 144.9908 136.9944 133.0228 116.0348 116.7864 120.2113 112.9654 120.4516 95.0229 95.6218 104.9585 107.8755 114.956 124.1072 138.0622 148.5393 144.638 139.8531 146.0922 153.6448 165.1313 174.3869 171.7569 189.3833 223.2993 245.305 254.0092 229.237 208.0953 187.3223 193.8583 206.6283 208.3228 218.8278 197.5121
141.2963 141.954 136.7911 121.6499 123.3439 122.1652 101.3275 95.5063 94.7873 85.1981 86.5023 89.8156 102.6626 121.8657 135.4221 140.0432 139.0196 155.8735 146.3826 123.6326 107.7897 108.9512 106.0236 106.4775 108.0831 113.3157 126.7923 141.9686 149.5624 133.2402 121.2322 115.0145 107.6453 115.0372 105.4139 95.8657 98.5091 97.0414 108.1869 134.6151 138.8015 130.1634 137.7208 147.3417 163.1444 145.0909 161.2743 173.1284 189.0733 178.5601 190.8721 197.093 233.9606 218.2585 246.2606 251.8357 210.2022 195.6741 180.5962 195.3979 212.4974 193.5987 197.4107
134.241 130.0945 125.5294 120.4718 115.9417 104.3988 96.9438 90.5815 88.2272 86.1633 86.7274 90.969 122.5655 139.6181 157.8049 147.7612 136.9784 132.4605 118.6056 116.7816 106.1388 109.7318 106.1176 107 106.6392 114.6548 122.0276 146.9149 167.8909 137.9239 123.0163 114.844 109.0409 98.0549 94.604 90.2495 91.7587 96.5173 107.9137 138.1367 155.0078 169.183 181.2859 175.0069 160.1053 160.9101 182.6643 198.4376 210.2704 209.4799 201.0994 202.5674 234.1157 234.0186 258.588 220.1963 198.1083 195.7918 176.8924 189.3642 195.1466 183.0774 170.6759
129.9756 119.4345 119.319 115.8523 111.5144 91.256 94.6056 93.4784 82.2266 79.9764 86.2347 94.617 102.2649 115.3774 128.5382 150.8817 160.315 153.9142 124.1488 106.47 104.3826 106.3139 103.9652 103.5488 103.6896 108.7929 120.1874 135.6864 146.6449 134.6621 132.6075 115.7693 94.9319 92.7161 92.2072 90.7699 91.0615 93.2344 107.7541 124.864 146.1184 164.781 181.9694 181.6823 180.2946 181.9569 193.3087 216.1456 229.4776 208.3604 198.2528 196.3616 212.3985 230.0115 230.7703 218.1497 213.9728 198.7693 179.4495 184.6246 191.9085 169.5514 161.1505
121.5406 116 113.3316 109.5009 110.0669 97.1621 88.8148 86.2212 75.634 87.0937 91.3701 86.4259 96.5522 96.1438 107.9694 127.3738 129.0233 131.5728 114.2088 101.1451 103.1828 100.8703 97.8506 99.0558 102.7158 112.9274 119.6008 125.8684 133.6917 129.8329 116.7446 103.359 92.462 88.3922 85.324 87.2652 84.385 99.0089 103.8015 124.1723 148.1637 163.6377 175.2689 190.6758 195.8696 205.9658 212.2303 236.1991 229.2766 204.0053 187.1753 187.8044 197.7629 200.672 223.6368 221.0014 191.1623 178.1755 164.7222 183.5253 165.2263 157.4669 158.2637
111.0622 108.609 101.9638 104.6206 97.7382 84.9285 86.2418 87.5089 89.4288 75.9332 87.8627 91.0807 86.4319 91.2406 100.754 125.9334 115.9289 135.0241 108.7993 99.2108 103.9187 99.5888 96.2219 96.9372 100.0373 106.6102 115.4286 124.5393 126.0959 134.8016 119.2908 111.9626 90.7092 86.3539 83.1632 86.5564 86.2487 96.7953 107.0538 123.0801 144.3102 156.2355 170.2716 192.7746 196.633 208.9384 205.572 206.1248 205.0892 198.4689 184.1352 184.2484 197.9607 214.2194 237.7801 231.2424 197.226 187.2306 156.4933 186.4277 158.0097 155.7162 168.3385
107.1657 102.8925 99.2511 96.1558 90.8529 84.9877 79.884 82.7184 82.7594 81.0295 88.4223 87.3471 86.5676 87.6518 80.8727 94.137 111.3238 112.4713 97.6947 96.6728 96.8036 95.0716 98.7352 94.7872 101.5007 109.9983 120.6624 132.9284 119.3403 124.2347 118.4624 114.5756 96.1674 85.1078 85.5061 85.9849 89.0658 97.64 122.2244 145.03 149.3472 170.9821 182.1053 199.6551 197.4998 187.0163 186.8008 182.1433 179.5209 172.7548 171.8344 181.1444 198.1403 215.7226 226.5988 215.3162 209.7307 194.522 162.9255 167.7234 161.7856 153.6096 157.6862
104.2802 102.3071 98.431 92.5531 86.5482 81.7996 78.1596 74.57 64.7863 72.7542 81.2848 84.0629 79.2123 69.9681 77.83 111.0769 103.3443 92.1464 89.4119 91.0544 92.3635 89.2011 90.685 89.3562 95.237 101.2946 110.2955 117.5975 114.6595 105.8603 103.2033 100.3086 92.1414 86.7971 83.7951 90.7017 86.3334 99.2436 119.9546 134.3648 160.8373 161.0753 186.7321 206.9479 210.4433 194.4801 183.14 164.6746 165.8777 158.9038 179.283 196.8002 201.3977 208.0123 195.5591 187.0307 192.3572 181.5354 182.692 160.079 148.8838 153.3019 159.9403
102.5874 94.1399 90.7688 96.3564 86.6589 82.0795 76.0179 70.3236 75.8839 71.5393 78.3622 77.209 69.7885 66.0893 87.5439 109.2833 92.9714 86.3783 86.8591 89.6216 87.659 88.5683 93.2196 98.9224 102.7908 110.3118 110.0826 107.7775 104.8858 97.4622 97.13 93.222 82.2899 82.4802 85.4293 90.9793 98.3635 97.6291 113.461 138.5731 167.1333 165.681 173.4375 187.2594 210.7735 197.5145 176.1093 148.7736 156.5679 166.2405 187.8678 183.1691 203.3345 197.3098 184.1426 179.4766 189.3404 180.6729 166.0729 153.0844 150.3693 156.1449 159.5433
103.9466 91.8399 89.6003 89.455 71.0025 77.871 74.7689 70.9016 83.9893 69.9709 64.5711 67.6964 77.7531 74.6148 89.4442 90.5295 84.5996 85.7568 89.9608 87.826 90.1737 107.8136 111.0213 109.5382 121.5037 126.0155 116.7905 116.2646 107.8822 95.825 92.3024 83.6421 84.87 83.6391 83.6873 81.6369 95.0078 117.4316 132.2687 126.3827 140.8851 151.9583 163.1149 174.0324 184.4564 170.5027 166.8642 163.1422 169.0726 185.2894 184.5233 183.5779 187.6992 203.4812 217.0067 203.9654 199.3529 216.6536 195.6323 151.9967 158.6267 201.7873 176.084
98.1948 87.3141 84.6838 75.156 69.5527 70.7868 71.1639 68.2791 63.0677 62.0261 68.633 70.2886 75.0252 79.2217 80.0101 82.2618 82.2144 83.1174 81.2927 86.7748 99.5225 110.7844 98.188 102.0843 114.6043 115.992 130.409 131.8652 119.5614 99.6049 82.39 77.4725 78.6353 76.4648 80.36 99.1632 105.2751 128.2639 145.5336 145.9049 145.7954 142.376 156.4978 155.5395 157.9571 152.0413 169.0813 176.7939 184.4441 180.7931 184.3805 197.0975 202.404 193.5273 186.5896 177.6327 191.7736 171.7296 170.0061 144.0506 172.1159 233.7033 203.2122
95.5813 85.2412 78.7431 66.8949 65.2093 63.8829 62.7677 61.5439 59.5798 61.8468 67.3385 71.0513 68.5054 78.5403 85.4095 79.9645 81.3343 83.0947 80.1977 82.3693 85.7748 85.7278 85.9294 95.135 102.0225 102.6516 114.0045 113.4704 123.0383 94.6823 77.399 70.9465 72.596 78.73 93.1296 114.9953 129.3661 138.2565 138.5877 139.5593 150.6375 134.6159 132.8376 136.2101 143.4756 160.3547 174.6913 215.9494 202.2065 197.7759 191.6416 198.2289 200.0051 184.577 181.7139 169.5748 175.4694 165.7141 145.6247 139.5805 193.8385 210.3741 264.4995
90.3306 79.9405 76.3978 65.7782 63.8554 60.3703 60.4722 57.7049 56.6552 61.2709 64.7775 67.8765 66.3847 67.8949 72.1594 76.0179 85.3638 82.3122 81.2031 85.431 84.3871 87.9062 78.5356 84.1555 90.0346 94.005 96.5196 102.8239 98.9397 84.6902 73.7022 68.3167 69.2804 86.5931 103.4216 111.954 133.9259 135.2005 131.903 133.3435 132.9379 123.03 138.1329 149.9933 154.9328 179.8497 196.7314 221.9099 241.4227 210.0575 180.9317 196.2573 204.7272 180.6393 173.4655 183.7739 156.8177 142.5023 137.5355 161.8707 171.6677 212.8568 221.4448
81.955 81.2937 69.6382 56.8689 60.4329 57.2264 53.6003 56.5469 58.9238 59.6006 59.5131 66.065 62.0313 65.8173 69.3395 73.1349 76.6741 78.0947 79.167 76.8244 76.1243 72.8885 78.5986 72.3854 74.7472 82.6574 86.4747 87.2205 91.441 81.0766 70.6096 71.8853 75.901 84.4491 97.155 111.0037 119.5419 124.6819 132.6209 120.3884 114.8328 118.278 142.834 156.0056 175.519 197.2186 230.7094 212.5615 197.3534 187.2326 167.7802 174.7112 181.9241 191.7714 189.0145 162.4568 149.6854 139.9458 139.7231 156.6567 179.1031 255.6015 267.1317
75.8704 66.2236 60.3021 56.1771 57.6189 49.6558 49.9413 52.6828 52.3706 61.922 60.8423 63.021 66.541 75.0923 74.3205 84.7439 74.5488 72.254 72.7736 70.4544 72.4789 75.6479 75.9659 72.5529 70.7347 75.8727 77.1212 80.1281 80.419 66.7278 61.2366 75.7616 91.263 99.4304 90.5454 100.8393 111.1788 128.324 110.7569 105.5325 114.2995 139.1199 137.3062 152.2993 167.0658 181.511 209.7027 221.46 181.2314 174.6094 154.5268 174.2711 186.8773 182.4448 177.8881 169.7125 141.2275 132.6821 137.8833 157.8564 195.4263 219.6756 211.9295
73.5078 67.1374 60.7034 56.5363 55.1334 48.8479 46.2452 49.6669 50.0018 54.2421 59.3875 67.6949 79.9325 83.764 85.2135 98.8456 84.9402 83.1681 90.3219 81.5344 87.1585 74.5337 63.0091 60.5329 61.8495 70.586 71.0179 72.9136 65.1268 66.5959 71.3144 74.2796 75.671 80.9858 102.3133 111.6418 133.7524 109.1185 100.0571 100.7382 109.289 132.1715 133.1982 147.2943 166.7661 179.9253 208.7239 216.4577 192.1551 158.3599 158.9987 205.3143 168.3735 174.4217 164.309 145.5506 132.1954 130.0087 134.5465 155.5728 178.8898 201.9849 192.7824
70.3682 65.4701 57.7087 57.3677 48.4184 45.513 46.859 52.0764 51.6547 53.8894 58.6837 72.4435 79.5213 76.5486 94.0569 100.4659 98.6917 104.3421 91.738 85.7471 73.0461 61.4567 56.0635 60.935 60.5301 64.1243 68.6869 66.6845 67.9396 70.2887 73.2877 66.2922 72.3097 80.9528 92.7588 108.7485 133.1705 102.07 96.2389 97.4332 108.6843 121.0945 133.5913 164.6628 181.3256 223.5275 228.6694 174.8827 158.6878 144.2446 144.473 150.0744 188.3524 153.0843 138.6789 133.7768 133.2527 123.0775 142.1769 153.449 160.8359 172.4586 166.2321
68.1934 57.3324 50.604 51.4578 42.2249 44.1235 49.6994 46.0263 50.6364 62.1766 61.5554 82.2516 77.8621 79.4162 95.8696 79.8668 97.6609 95.5099 87.583 76.2322 73.7071 57.7572 59.6501 55.4947 60.5578 61.6596 64.467 70.8502 58.687 70.688 65.7687 60.741 61.7751 69.4692 82.7678 93.4667 108.4634 86.2781 87.9961 93.0007 101.3953 121.688 141.7939 159.6557 208.8573 205.5603 181.9906 153.4713 142.4566 130.5399 131.4646 140.9518 199.078 133.4084 130.5327 124.6408 125.7663 128.6402 135.6989 134.8715 141.8202 147.9573 147.8752
59.4472 56.7885 51.0103 47.9696 40.8933 39.1005 39.0243 46.9903 48.1083 59.3081 79.851 85.9306 93.649 74.2054 84.1618 99.3338 89.457 89.7449 76.9029 68.7879 63.2373 68.4959 66.926 78.9768 72.0798 61.1677 65.5641 54.2647 56.6382 55.9088 62.9 57.7862 57.6014 64.1688 70.4919 84.7649 91.4193 81.6902 84.4408 90.2861 109.8375 140.7168 126.7212 142.4026 222.9758 193.2391 169.3064 140.5577 129.9159 124.5525 129.756 130.8953 162.147 141.3448 126.2466 123.5784 125.3279 123.3906 130.7077 137.3836 146.3715 160.6325 185.1138
51.7916 49.2585 48.193 41.968 37.6438 40.2991 39.0025 42.215 49.1576 63.7706 72.2854 82.0568 86.3491 71.3762 95.0682 85.7139 80.5589 83.239 75.09 78.9408 81.8036 73.1089 75.9758 72.3157 67.0497 60.5218 54.5326 55.3737 54.4951 61.2116 58.1204 59.7155 59.2621 63.8942 75.0509 94.5171 79.8359 80.4259 85.6286 93.5028 124.0199 116.4628 122.5224 140.7352 177.3115 191.4498 145.598 128.7804 120.8788 121.1537 122.7049 121.3086 133.4606 137.6111 127.3461 123.3061 124.7098 125.8953 132.5242 138.2576 151.4351 185.7124 198.0163
