Resources/Map/Lvl0_30x30/Ele_CK.asc
ncols         335
nrows         335
xllcorner     13455000
yllcorner     -25000
cellsize      10000
nodata_value  -99999.0
[rows 78 to 103 of 335, columns 0 to 57 of 335]
1448.5381 1187.525 253.0988 -128.1259 -750.1563 -833.8459 -799.0719 -2048.2002 -3305.4934 -3911.7769 -4137.4136 -4363.373 -4614.8613 -4833.3076 -5066.0977 -5213.8105 -5249.583 -5341.0781 -5405.0283 -5289.3198 -5168.8604 -5014.3672 -4411.4951 -4707.2056 -5574.1875 -5868.7988 -5918.0376 -5964.4351 -6029.5684 -6119.4282 -6169.1226 -6189.9194 -6223.709 -6218.7109 -6025.5508 -5926.4575 -6041.7861 -6024.1938 -5693.4292 -5147.6885 -5769.8467 -5971.8501 -5906.3672 -5896.5991 -5887.999 -5914.1074 -5899.3301 -5854.5142 -5790.0088 -5701.4282 -5577.02 -5490.5313 -5571.189 -5700.3921 -5585.4043 -5663.0835 -5825.0601 -5445.4272
1294.241 734.9101 28.3641 -438.5391 -1105.5474 -998.7867 -579.3214 -1662.9833 -3327.0576 -4100.478 -4325.29 -4541.2236 -4654.6543 -4758.6577 -4910.5918 -5033.0776 -5115.918 -5187.8291 -5276.5264 -5193.4751 -5043.1729 -4798.2837 -4217.3965 -4550.6953 -5475.3633 -5771.502 -5722.5908 -5612.4629 -5593.0073 -5667.7754 -5819.3755 -5939.6631 -5975.9136 -5987.2749 -5776.0078 -5782.6875 -5803.7407 -5831.5547 -5840.415 -5685.1689 -5801.5557 -5798.8018 -5737.8193 -5702.5518 -5732.2969 -5742.8765 -5688.8013 -5709.1768 -5687.6777 -5622.3184 -5539.9819 -5549.9341 -5745.9897 -5593.2959 -5322.1133 -5477.2871 -5503.104 -4797.2393
776.1666 226.6694 -604.7587 -683.0106 -1160.3813 -1142.6902 -825.0342 -1893.0393 -3575.9009 -4204.376 -4439.9946 -4634.8892 -4690.6934 -4808.9941 -4956.8062 -5048.6074 -5067.9722 -5026.3091 -5111.5454 -5094.6577 -4991.2061 -4709.7905 -4002.8403 -4199.5752 -5295.8701 -5722.0654 -5738.4141 -5642.6211 -5345.1943 -5329.5854 -5544.8911 -5727.3105 -5694.7095 -5603.6089 -5563.9697 -5678.8613 -5661.0732 -5678.3726 -5856.4995 -5830.7559 -5803.3735 -5738.729 -5661.0386 -5569.5791 -5743.8589 -5816.0571 -5526.2744 -5606.0166 -5653.7813 -5563.2065 -5518.6475 -5692.5415 -5880.5278 -5556.6831 -5370.0063 -5423.4297 -5177.5137 -4840.7021
432.0043 -448.4032 -847.9077 -811.8998 -1359.7678 -1510.3485 -1729.2131 -2924.6882 -3950.4221 -4298.4087 -4489.856 -4639.7266 -4721.1445 -4815.1499 -4884.2598 -4847.7583 -4861.5957 -4956.5566 -5077.1865 -5094.8877 -5130.2222 -4752.5503 -3786.1406 -3945.6157 -5090.4473 -5627.7363 -5671.8945 -5512.769 -5341.7007 -5370.9189 -5522.3477 -5569.981 -5489.7734 -5435.0913 -5565.1431 -5637.167 -5576.0747 -5584.9102 -5688.7627 -5696.0493 -5677.8477 -5642.2603 -5748.2495 -5700.375 -5734.9131 -5822.9883 -5478.1025 -5612.7808 -5659.6831 -5214.2339 -5203.1548 -5705.5942 -5865.4165 -5515.8296 -5463.9434 -5241.4595 -4873.7388 -5234.6304
231.3793 -784.8288 -987.6903 -876.5057 -1562.2483 -2267.5769 -2626.5503 -3449.093 -4121.6548 -4419.2397 -4533.7153 -4507.3711 -4553.8667 -4699.0815 -4797.9302 -4815.7783 -4851.9761 -4940.9248 -5020.3467 -5021.3945 -5049.0313 -4573.9639 -3547.6367 -3750.571 -4973.4917 -5503.3853 -5391.5625 -5112.4995 -5253.1572 -5565.9302 -5545.332 -5372.7231 -5284.2007 -5340.1475 -5477.6001 -5591.209 -5551.4634 -5463.9917 -5568.5483 -5598.9028 -5608.5527 -5684.6826 -5787.627 -5682.0762 -5594.7671 -5570.835 -5364.9092 -5539.9121 -5714.2222 -5295.8086 -5263.8921 -5705.4341 -5567.5781 -5275.7124 -5350.8799 -5160.9678 -4908.3276 -5456.2383
-154.4079 -917.1708 -1093.8223 -999.3123 -1495.1075 -2108.6619 -1935.8496 -2721.2063 -3739.2295 -4220.7773 -4312.5547 -4433.1982 -4629.2251 -4762.9292 -4829.3696 -4851.8994 -4868.25 -4888.4341 -4877.5029 -4856.0005 -4919.3662 -4487.9556 -3334.8982 -3412.4753 -4723.1323 -5448.4785 -5333.1538 -5127.5464 -5454.6567 -5673.4478 -5286.2817 -5085.8911 -5068.5557 -5097.2012 -5320.1162 -5304.3125 -5128.1128 -5083.3428 -5541.4492 -5593.2383 -5663.9082 -5621.1816 -5581.604 -5583.998 -5559.1479 -5661.2041 -5610.9521 -5528.2407 -5493.4775 -5368.5615 -5335.9282 -5428.394 -5224.6851 -5139.1836 -5330.0313 -5295.6675 -5136.145 -5514.751
-281.9118 -1015.4283 -1103.5443 -952.5803 -1367.4896 -1741.6678 -1197.757 -1806.7578 -3230.3342 -3912.1489 -4205.6807 -4427.3984 -4598.5952 -4739.6123 -4844.6294 -4883.3975 -4860.8369 -4867.2412 -4877.082 -4847.9834 -4857.2764 -4230.8379 -3154.5918 -3518.614 -4751.6445 -5376.1006 -5204.7832 -5148.0308 -5379.7476 -5534.7358 -5156.6489 -5002.0537 -5017.4258 -4981.8594 -5155.8711 -5122.8789 -5029.5205 -5456.7852 -5589.7813 -5569.2822 -5591.7534 -5544.5649 -5542.9873 -5558.9155 -5476.1992 -5436.6978 -5301.2744 -5175.7432 -5145.0625 -5237.1909 -5366.0044 -5330.9312 -5362.5947 -5672.6079 -5703.0498 -5430.0811 -5503.0991 -5891.6235
-310.1211 -1067.3395 -1233.2926 -1218.3684 -1520.8224 -1695.5363 -1050.566 -1471.4575 -2784.1038 -3660.8379 -4112.1489 -4359.8872 -4587.7188 -4743.6475 -4821.9287 -4874.75 -4860.7241 -4858.8896 -4812.085 -4768.8706 -4808.1147 -4065.0178 -3043.7334 -3594.5737 -4910.6328 -5447.0049 -5196.3267 -5138.4785 -5150.519 -5152.6748 -5078.4741 -4946.0674 -4990.4248 -5021.854 -5051.6543 -5238.4453 -5406.2798 -5522.2617 -5500.4917 -5518.9438 -5549.3032 -5559.0684 -5637.2407 -5696.5244 -5608.6587 -5449.3159 -5060.8975 -4893.5947 -5183.3784 -5369.793 -5405.6763 -5315.3013 -5468.8647 -5809.2383 -5561.3267 -5206.0981 -5645.123 -5978.645
-353.193 -1116.0959 -1270.6348 -1328.2019 -1694.5991 -1841.665 -739.345 -501.2741 -1711.738 -3160.9402 -3962.9885 -4377.8008 -4656.1587 -4773.7012 -4834.0464 -4857.3438 -4837.2222 -4838.1958 -4795.8682 -4709.1484 -4773.2686 -3925.5161 -2710.7871 -3288.3831 -4783.3252 -5456.2432 -5370.561 -5290.0557 -5105.6909 -4953.3203 -4972.8823 -4912.9956 -4932.7808 -5057.5703 -5201.4492 -5331.1582 -5398.8281 -5474.6021 -5471.5688 -5468.1987 -5569.8599 -5657.6147 -5685.3877 -5722.6265 -5571.4775 -5524.9761 -5378.4692 -5066.5396 -5167.3589 -5311.9678 -5320.8599 -5287.7676 -5598.6836 -5854.6982 -5440.6294 -5168.2559 -5518.8555 -5660.5688
-502.3005 -1163.6007 -1172.434 -1305.5214 -1960.1711 -2380.104 -1369.3604 -553.8741 -1171.0621 -2777.8447 -3844.3267 -4403.3647 -4717.2212 -4787.8521 -4846.7642 -4857.7568 -4841.1221 -4856.0674 -4843.5234 -4790.1147 -4838.6035 -3995.688 -2778.3328 -3468.0154 -5017.6226 -5608.2197 -5458.04 -5265.5869 -4992.5039 -4885.062 -5041.1387 -5003.5649 -4925.0845 -5056.6118 -5275.6865 -5409.2153 -5447.4351 -5423.1885 -5329.707 -5275.1694 -5572.4585 -5713.0786 -5658.9204 -5448.6118 -5335.0752 -5606.3198 -5695.5903 -5472.4497 -5294.6279 -5147.3652 -5351.5376 -5501.8726 -5641.6919 -5588.7603 -5325.98 -5352.833 -5473.1099 -5506.0054
-586.6576 -1006.4694 -970.0935 -1304.9871 -2229.5437 -2516.5635 -1751.5829 -1082.0404 -1214.4449 -2366.2354 -3677.8462 -4366.582 -4685.2705 -4783.5488 -4844.1045 -4853.9829 -4826.4043 -4848.1299 -4876.8169 -4862.0474 -4899.8369 -4181.2949 -3223.1702 -4009.1484 -5303.1455 -5731.895 -5581.0225 -5255.6611 -4946.7437 -4897.5278 -5027.2153 -4921.6509 -4709.0229 -4963.9849 -5294.3452 -5443.0386 -5449.0171 -5352.1265 -5201.7891 -5068.061 -5626.7251 -5806.7744 -5662.1387 -5341.7515 -5088.8584 -5497.6079 -5703.9746 -5693.813 -5564.1006 -5304.5347 -5469.4814 -5683.6816 -5536.5562 -5170.6812 -5146.4048 -5338.2197 -5395.6597 -5470.4321
-580.1611 -849.9072 -891.0101 -1391.8186 -2452.6868 -2401.7249 -1308.5492 -868.4193 -1130.8207 -2263.6108 -3522.6082 -4223.5474 -4638.6006 -4789.3765 -4862.1753 -4867.8096 -4855.6797 -4877.7695 -4821.9272 -4712.2617 -4790.7632 -4466.645 -3969.0195 -4676.4224 -5531.2041 -5772.0693 -5658.0742 -5288.0425 -4986.4609 -4948.4976 -4950.6201 -4712.4292 -4268.7744 -4703.8184 -5323.147 -5526.6035 -5472.4541 -5491.7217 -5614.7173 -5580.4487 -5708.7354 -5792.4976 -5672.6616 -5503.0425 -5269.1929 -5357.3955 -5617.2563 -5732.6733 -5437.2461 -5278.7036 -5585.5322 -5850.9604 -5449.4414 -4934.083 -5095.9302 -5364.8501 -5473.7007 -5483.1558
-665.5721 -803.3759 -911.5876 -1490.4064 -2472.9749 -2442.8618 -1460.6757 -581.9607 -690.8608 -1882.623 -3053.2122 -3744.2544 -4300.5444 -4706.1426 -4867.1675 -4883.6187 -4882.3296 -4850.4111 -4666.186 -4506.2197 -4691.2715 -4587.5806 -4238.8872 -4893.4048 -5629.436 -5792.3066 -5637.2539 -5331.2192 -5076.0679 -5000.1226 -5006.7769 -4874.3662 -4635.437 -4953.9048 -5435.2988 -5602.2646 -5652.0752 -5749.7773 -5794.9326 -5810.1084 -5679.2993 -5717.9448 -5661.4761 -5593.0293 -5386.8428 -5261.4033 -5394.7334 -5549.522 -5312.7095 -5330.0244 -5582.1865 -5454.4468 -5018.7397 -4953.8018 -5337.166 -5612.2729 -5661.7417 -5650.5566
-628.8974 -803.6423 -950.0954 -1667.5884 -2491.7849 -2535.7134 -1964.244 -881.3036 -522.6486 -1435.3766 -2541.1709 -3224.4746 -3780.5127 -4442.0923 -4792.7124 -4840.2329 -4827.5361 -4793.21 -4722.8931 -4682.519 -4756.2002 -4511.6226 -4158.8755 -4870.7856 -5645.2085 -5785.7861 -5594.4082 -5448.8657 -5275.1636 -5097.1665 -5010.0488 -5123.9756 -5191.5488 -5308.4839 -5451.4058 -5553.9888 -5606.7578 -5635.665 -5655.0605 -5707.3516 -5456.8472 -5467.4624 -5613.0015 -5627.0713 -5300.6372 -5373.5542 -5548.3291 -5407.667 -5227.0508 -5456.9526 -5682.4473 -5240.4712 -4936.0078 -5375.2573 -5697.8706 -5816.6895 -5840.4326 -5751.3716
-645.4811 -935.3824 -1111.2275 -1766.5819 -2507.2307 -2537.3457 -2125.3181 -1106.1332 -607.4004 -1421.5342 -2434.6887 -3030.4285 -3415.5762 -3968.1257 -4570.1606 -4787.8989 -4786.48 -4742.5356 -4652.7734 -4556.4141 -4547.8545 -4501.4399 -4283.5723 -4850.2061 -5543.9526 -5675.3276 -5560.0479 -5520.7236 -5430.8867 -5199.5527 -5045.5801 -5180.728 -5288.6826 -5287.8193 -5276.4673 -5333.0259 -5425.5625 -5437.8623 -5441.7749 -5549.2363 -5327.3213 -5075.46 -5274.3955 -5557.562 -5361.4653 -5548.7534 -5598.8003 -5345.686 -5180.7651 -5544.9966 -5868.9648 -5451.0166 -5480.5029 -5749.0146 -5778.1431 -5790.5176 -5769.0854 -5635.4453
-658.6365 -1158.2408 -1497.48 -2092.2693 -2367.1047 -2301.9126 -2012.8989 -1344.0723 -1074.4683 -1694.0811 -2408.207 -2965.6243 -3351.5828 -3559.2153 -4172.4604 -4661.522 -4772.2227 -4740.3101 -4653.0757 -4468.6772 -4297.689 -4337.6523 -4282.8257 -4731.8945 -5431.6455 -5630.5332 -5608.2905 -5534.0928 -5407.3359 -5259.4854 -5262.9292 -5316.7007 -5282.562 -5235.3154 -5165.2612 -5118.6865 -5174.6411 -5334.895 -5522.3125 -5585.4097 -5357.1841 -5167.9209 -5086.1016 -5283.8359 -5530.272 -5654.6724 -5548.9463 -5534.6138 -5538.4292 -5684.7207 -5930.7334 -5833.3999 -5710.2544 -5578.8042 -5561.6113 -5620.4751 -5630.6079 -5548.1362
-776.1702 -1546.2089 -2289.4297 -2854.4363 -2493.6606 -2158.4106 -1771.1885 -1367.4734 -1511.0759 -2127.7175 -2480.2485 -2825.9089 -3261.5122 -3411.5862 -3835.9734 -4476.4199 -4771.4272 -4785.1372 -4767.3618 -4447.1138 -4087.428 -4019.5239 -4074.6047 -4737.9067 -5397.0098 -5607.0142 -5626.5806 -5571.6553 -5364.0327 -5205.9336 -5286.1216 -5320.6543 -5269.2495 -5293.8911 -5396.4692 -5331.9971 -5260.2075 -5346.0352 -5444.5879 -5532.2827 -5510.6196 -5481.8862 -5377.6997 -5409.6147 -5640.8818 -5591.3018 -5530.335 -5689.5522 -5732.6343 -5689.9702 -5816.2402 -5803.5601 -5551.2129 -5419.7607 -5425.4229 -5443.3633 -5476.0107 -5559.9971
-729.7143 -1844.7089 -2889.7573 -3387.356 -3040.4561 -2410.6377 -1560.5945 -1139.879 -1581.6521 -2314.0298 -2259.7688 -2238.6008 -2816.064 -3279.488 -3655.1621 -4297.3892 -4715.396 -4766.9751 -4739.1406 -4331.2783 -4113.2305 -3877.0454 -3557.2524 -4498.7476 -5311.6821 -5575.875 -5625.1045 -5600.1304 -5436.2446 -5211.4399 -5134.2065 -5238.0361 -5362.1973 -5404.5566 -5426.0635 -5401.207 -5401.7681 -5269.5493 -5268.7417 -5470.9307 -5419.417 -5343.6108 -5398.3491 -5720.6997 -5742.2041 -5633.561 -5651.6938 -5789.0122 -5747.8667 -5554.8345 -5609.5864 -5689.0103 -5551.0952 -5379.5322 -5321.8989 -5298.665 -5355.4707 -5474.2529
-709.9862 -1950.8213 -3103.1135 -3571.1262 -3413.7327 -2479.8245 -1323.8403 -1127.799 -1797.8002 -2336.9458 -1705.5889 -1136.3412 -1883.4044 -2987.6165 -3503.1565 -4098.7969 -4597.9233 -4733.332 -4694.2666 -4279.5825 -3806.584 -3300.344 -3154.384 -4367.6348 -5335.6519 -5593.146 -5621.9497 -5607.3315 -5520.2529 -5324.0107 -5247.8755 -5335.8574 -5469.6821 -5496.5747 -5464.2305 -5448.1616 -5447.6724 -5187.2256 -5096.5918 -5429.5469 -5388.3491 -5284.8057 -5580.1792 -5799.4883 -5577.3813 -5598.2476 -5832.3438 -5803.1143 -5666.8184 -5272.1626 -5018.666 -5228.9263 -5536.4224 -5452.4912 -5374.9985 -5341.1465 -5387.4707 -5411.7734
-900.3757 -2002.9425 -3218.1338 -3605.0481 -3401.9736 -2556.8293 -1694.8083 -1677.6339 -2247.2463 -2177.8877 -1215.0199 -592.8026 -1366.5039 -2745.3237 -3364.228 -3839.2246 -4371.7271 -4656.8442 -4644.0088 -4292.0356 -3917.8333 -3298.6936 -3090.7615 -4408.6245 -5414.1289 -5612.812 -5624.9946 -5622.6865 -5577.2197 -5455.8247 -5396.4312 -5470.6187 -5520.5557 -5485.667 -5524.0225 -5519.998 -5472.4224 -5461.5605 -5485.0884 -5666.0088 -5516.8223 -5442.4106 -5707.9048 -5703.8906 -5450.3657 -5590.6362 -5843.3677 -5814.1714 -5550.5137 -5269.356 -5021.5718 -5015.0278 -5415.1729 -5570.502 -5617.5552 -5575.8574 -5565.9551 -5610.7285
-1085.2759 -2011.4723 -3120.8247 -3535.9099 -3515.4863 -3171.9744 -2523.7188 -2246.4441 -2411.3491 -2008.9689 -1051.8329 -539.6572 -1344.3113 -2602.2607 -3214.4956 -3599.7813 -4051.9348 -4476.5112 -4618.2192 -4541.8359 -4549.4702 -3804.8635 -3455.168 -4702.4214 -5518.457 -5620.9028 -5629.6245 -5606.1055 -5559.2251 -5531.0542 -5512.0039 -5489.2539 -5489.9824 -5474.8569 -5559.7783 -5584.4805 -5608.0044 -5598.1133 -5631.4126 -5651.8096 -5559.2852 -5694.1831 -5791.5601 -5628.7188 -5547.52 -5687.897 -5796.7622 -5789.2515 -5476.3379 -5394.7554 -5637.7241 -5488.1411 -5434.2573 -5519.1387 -5611.8521 -5674.854 -5644.252 -5691.3159
-1172.8602 -1870.0966 -2923.7407 -3494.8003 -3572.1082 -3365.8442 -2822.6484 -2562.3345 -2431.1628 -1971.4955 -1077.7577 -525.9987 -1290.844 -2458.7832 -3086.5688 -3435.2644 -3727.7507 -4202.4165 -4520.8813 -4568.2686 -4727.6689 -3917.8357 -3694.2664 -4880.6802 -5538.3857 -5611.9424 -5623.2266 -5599.4038 -5518.1177 -5517.2813 -5516.7124 -5439.3447 -5449.4067 -5507.2661 -5557.9214 -5562.6064 -5641.7295 -5673.0503 -5578.8184 -5381.6504 -5548.3828 -5805.627 -5727.668 -5573.8481 -5689.7056 -5782.7065 -5778.9941 -5765.0898 -5528.1421 -5458.2139 -5838.75 -5772.9893 -5704.3115 -5615.2939 -5580.2871 -5657.6714 -5660.1909 -5558.9736
-1418.1906 -1808.7263 -2746.123 -3566.644 -3590.5986 -3486.74 -3165.5669 -2625.9521 -2204.2156 -1482.1726 -636.5544 -346.0027 -1126.6935 -2301.9519 -2995.9563 -3349.4099 -3568.3906 -3968.8738 -4357.8994 -4487.938 -4610.8364 -3975.6987 -3909.8757 -4970.5254 -5532.5674 -5599.437 -5582.2222 -5495.6743 -5311.8569 -5286.918 -5365.8145 -5415.1489 -5456.1318 -5537.355 -5571.9189 -5566.8667 -5608.52 -5703.6343 -5575.248 -5484.4512 -5783.5806 -5794.2793 -5589.6514 -5633.0347 -5764.0596 -5808.0059 -5800.2178 -5746.5034 -5500.4336 -5466.0322 -5775.4541 -5834.7949 -5856.7241 -5660.4551 -5515.1138 -5520.2813 -5538.8574 -5541.0513
-1912.6696 -1956.709 -2677.9602 -3524.772 -3624.2402 -3534.5718 -3157.3335 -2481.7041 -1844.3092 -964.514 53.4718 -328.0267 -1079.8461 -2249.2603 -2980.3806 -3276.5144 -3363.834 -3600.6643 -4036.9985 -4326.4746 -4375.9106 -4046.1187 -4196.7236 -5096.0532 -5534.0762 -5554.645 -5412.8262 -5180.7061 -4993.3149 -5051.4126 -5356.4063 -5513.0356 -5549.5098 -5561.6328 -5589.3296 -5556.6309 -5604.2935 -5650.563 -5563.7026 -5601.769 -5842.7002 -5725.8398 -5538.3135 -5719.3936 -5799.1284 -5818.3247 -5774.897 -5668.3667 -5382.9683 -5443.8101 -5641.2666 -5726.7212 -5777.6768 -5650.8496 -5607.3359 -5575.5313 -5514.6401 -5578.4121
-2230.7104 -2165.4221 -2855.8633 -3538.1943 -3649.7393 -3482.3425 -2953.2466 -2311.8113 -1645.3569 -927.7686 -632.8734 -651.8193 -1143.5455 -2141.4099 -2904.3882 -3158.1072 -3119.0679 -3215.8496 -3642.002 -4132.6064 -4387.8633 -4453.9336 -4727.5044 -5296.5669 -5527.2363 -5412.4287 -5143.0894 -4964.291 -5027.3306 -5259.0054 -5501.2852 -5599.8276 -5641.3516 -5531.9712 -5537.0903 -5522.7217 -5639.5532 -5556.0513 -5492.0679 -5565.98 -5750.9814 -5687.3599 -5672.6519 -5802.2866 -5826.7075 -5805.8696 -5693.5981 -5486.9463 -5365.7798 -5456.5923 -5592.9922 -5691.3262 -5691.2578 -5593.5454 -5664.1338 -5786.0532 -5739.9727 -5662.3145
-2255.645 -2181.9988 -2916.8823 -3542.355 -3652.9558 -3544.2747 -3153.7029 -2414.7317 -1556.6932 -927.5905 -809.0217 -765.1799 -872.6575 -1728.1863 -2709.9163 -3076.7886 -3080.5642 -3164.7383 -3501.4167 -3931.147 -4337.9614 -4496.7769 -4888.5562 -5293.1064 -5411.1934 -5314.2803 -5165.6602 -5145.2148 -5319.8623 -5491.9556 -5535.354 -5631.2397 -5687.0181 -5541.3174 -5505.6709 -5521.7046 -5717.5181 -5566.0742 -5503.7236 -5739.4751 -5745.5483 -5669.5264 -5738.5044 -5838.0205 -5851.853 -5790.3071 -5664.2754 -5422.478 -5462.5322 -5546.5796 -5679.3101 -5728.3203 -5646.6621 -5556.1802 -5561.6094 -5660.2803 -5711.2617 -5637.4458
