Resources/Map/Lvl0_30x30/Ele_BC.asc
ncols         335
nrows         335
xllcorner     -13345000
yllcorner     3325000
cellsize      10000
nodata_value  -99999.0
[rows 54 to 80 of 335, columns 183 to 243 of 335]
356.9249 363.9073 367.5885 340.6319 337.2019 365.0141 344.4484 313.4193 349.631 351.3239 360.6367 365.7901 349.3637 345.0842 365.831 341.0184 323.3002 337.0703 332.2331 335.9639 313.3116 309.6807 319.2107 321.824 338.5592 322.7763 326.1862 331.2378 320.5509 307.6513 295.332 294.4717 276.615 279.9597 301.9254 314.7848 313.1986 316.2916 305.6273 301.8021 299.469 294.275 271.8113 278.7011 263.489 267.6476 258.5078 251.7738 251.2275 242.9207 239.2964 235.0828 235.1078 230.6027 229.1824 225.5195 232.8247 217.3631 212.0003 214.8278 201.1914
345.7733 331.1977 350.7156 337.6672 331.1912 315.1548 344.6571 355.5869 316.6115 342.4847 330.6792 347.819 347.2807 353.308 332.3625 325.5335 320.3466 333.2885 345.7548 322.108 321.9045 318.0091 317.9464 321.3039 326.5033 333.1591 337.3094 333.2652 337.3152 330.7252 315.6895 298.1084 293.121 304.8879 294.4754 305.6773 286.3007 300.2313 284.0514 296.0143 293.1375 281.4067 278.6435 263.1017 260.3469 254.9797 248.9235 249.0102 243.5444 235.6713 235.3434 233.2959 236.852 230.282 219.6209 216.2364 201.5291 195.3029 189.6083 189.4262 207.851
327.3535 323.33 326.4416 326.659 324.4444 316.8065 327.2375 365.1538 354.5568 331.1502 329.4408 355.3748 341.0749 333.7461 331.5694 340.343 322.3755 324.8569 329.5461 335.2089 321.6581 331.3697 334.609 335.3349 343.3559 332.8415 331.6926 330.9069 311.4242 329.3044 337.6621 324.3611 313.2502 292.4782 289.1475 298.6249 284.7379 290.1069 296.7915 290.6967 266.9023 270.6853 276.2439 278.3802 253.9988 251.9154 243.5776 244.7561 236.2837 233.9669 230.3271 226.1234 230.3484 220.7668 221.2336 200.2575 190.7292 194.1015 197.4371 195.0186 199.079
343.343 344.0526 335.842 346.4306 337.7065 347.4771 350.4659 347.4428 333.1602 341.7541 341.5175 341.3524 343.5061 344.4629 348.1008 338.9424 326.9228 313.8029 296.974 326.4109 321.5119 326.2755 328.2844 331.3999 328.159 314.2136 312.953 308.5667 305.0029 309.5518 318.8216 319.327 307.4181 302.0778 299.9401 285.5762 286.3612 296.1325 272.4747 258 268.3363 284.6982 275.2298 269.82 264.5821 245.0201 249.8604 244.5976 237.0431 235.4373 226.0297 229.2904 229.1047 215.924 201.3391 194.8492 197.1855 189.0354 194.4017 200.6033 205.5474
327.3444 334.5864 334.5379 332.1748 333.5496 332.0048 327.9825 332.8962 313.1861 322.7719 328.3735 320.5996 318.5027 331.3771 303.7027 308.8159 321.7455 312.8819 307.7364 298.8332 304.9304 318.2346 317.8261 321.009 313.8512 307.5173 304.9074 292.6552 304.9529 296.3611 300.4587 304.2706 279.6268 289.296 279.7181 278.1864 282.7488 278.4135 271.7215 273.8587 259.1784 263.1294 267.9955 245.4261 252.7325 254.3411 256.4619 249.3553 233.6651 229.2147 227.4574 232.0802 219.5216 218.6702 200.9508 198.8629 204.0147 203.0835 206.4921 203.1796 214.9622
343.6885 336.304 327.0118 327.3842 331.591 329.2495 336.8696 337.6764 333.3255 325.4063 298.7651 309.8503 291.5286 297.5985 292.7716 300.7934 316.8494 314.641 303.1058 305.3313 296.769 299.7975 299.157 299.4237 301.8756 296.828 299.7745 294.864 300.2612 293.0558 295.0912 289.4861 280.0435 278.2847 279.1949 280.1721 276.0644 271.9541 268.5922 268.5368 269.3398 259.6179 256.4112 254.1258 251.6043 255.88 253.7352 254.8517 236.6134 223.6667 228.2878 220.8174 218.5412 218.0526 209.4765 203.3947 206.6471 210.972 211.3336 211.7667 206.3609
361.2283 342.5482 322.4908 329.8413 321.0781 321.845 310.8224 315.4481 319.8242 319.4362 305.5552 294.9702 291.0721 291 294.4645 315.496 308.4387 306.4869 293 293 294.6669 291.7508 285.5473 299.1756 297.5257 299.9878 301.1808 304.0629 307.1201 302.2571 301.0741 298.6396 288.5424 285.4294 291.5595 276.3247 275.7213 288.8781 272.2194 269.1445 256.9864 261.6863 260.6412 251.6531 254.3408 257.1628 253.8329 254.453 244.1868 234.7105 220.0285 212.0674 221.0251 215.4158 215.0363 208.0091 213.834 213.7885 208.488 210.1243 207.3591
373.1003 358.0708 328.2193 331.9987 328.1718 318.4612 301.2242 297.5117 298.4693 296.2 298.6703 305.4868 299.9734 294.3687 301.8593 310.2378 299.2151 307.3946 300.9613 288.2345 285.4892 289.9621 285.7488 303.4267 295.1274 292.2025 291.9427 305.6065 300.5884 285.0616 290.1243 279.818 277.9276 284.821 285.9718 286.7045 280.7679 277.5179 260.888 263.0304 261.9872 260.8604 258.449 255.6344 258.503 253.7731 249.8547 244.2535 238.9284 232.3338 218.0029 210.5859 211.7758 207.312 217.2458 217.8488 216.1129 215.7593 221.7053 215.1022 213.291
380.3896 369.9952 336.3822 324.2515 305.818 301.0486 292.3033 292.1606 292.3764 295.0916 296.1162 300.464 283.2224 287.2136 284.2092 287.65 275.6513 288.0819 278.5364 283.004 290.466 287.9209 292.6653 294.8994 286.3494 281.157 272.1555 276.0253 278.0254 272.4387 287.2233 283.9557 281.1432 277.4478 269.977 290.9346 269.8467 274.8592 262.5904 259.2442 260.1463 267.4241 262.9971 267.0901 260.6149 258.0216 251.6104 239.7955 231.6926 221.676 219.2484 212.5801 215.5058 211.6354 211.2103 213.5562 214.6928 215.3639 213.4825 211.6106 213.0476
366.1284 348.4761 333.2811 309.503 300.6638 290.2135 288.5856 286.653 281.5467 280.4234 280.5359 284.4748 275.1427 274.771 282.9646 274.3102 268.2565 264.437 266.5007 280.5667 284.0869 282.3546 281.3157 288.0096 292.8298 269.0732 274.2576 259.5685 259 259 263.2707 264.9641 255.3379 266.2702 271.4209 272.1041 255.5213 273.1149 266.1823 269.3424 278.8307 274.0039 271.1848 267.2778 258.2568 246.5847 240.1145 234.7599 229.362 224.8394 218.046 217.2228 211.9183 213 213 211.6662 213.9256 213.288 211.8498 213.2478 213.0054
355.7112 341.6195 324.8673 301.7545 290.4984 280.0824 272.6185 276.2403 280.948 285.8313 288.442 264.3735 255.001 263.866 268.4011 266.1355 267.0663 268.9826 280.2279 275.8588 265.361 262 265.5613 271.1483 310.7334 279.4964 275.9018 280.2493 259.852 259 264.786 250.5579 265.5267 247.2845 250.9149 259.2097 251 251.0461 258.7157 252.1177 256.1673 279.5855 275.0899 262.782 246.8065 238.5522 239.6674 235.9366 232.2041 228.1643 223.1305 221.0006 217.0783 212.0302 218.2912 214.39 213 217.2982 215.3526 209.486 214.7579
337.591 318.9167 306.4806 302.73 281.4525 268.461 270.3653 265.935 273.6368 268.0491 273.9854 261.6403 262.0077 262.156 267.3917 263.9706 275.3022 291.3276 282.9165 268.6205 263.0858 264.2924 270.0443 270.7137 265.8521 265 265 269.3292 264.9282 261.2507 257.0628 243.521 246.8683 249.8695 246.8797 250.7059 251.6759 263.0266 256.4757 253 254.47 278.9282 273.0425 260.2627 278.0446 264.9583 252.2349 237.9641 228.7523 228.8415 233.3056 223.9001 223.5198 237.9489 217.6362 210.3691 213.3901 210.5518 212.8745 211.4803 212.3327
314.0309 308.6431 307.7891 293.4307 274.3827 271.8537 273.1857 266.5995 265.3022 266.0283 263.6593 257.4396 262.4534 262 262.965 269.6339 274.305 280.9564 275.323 258.4666 257.8909 254.7956 257.7727 269.6544 272.4517 265.8407 266.5426 267.8027 264.7849 253.039 248.7121 250.2821 245.6387 268.2911 256.7818 254.1053 251.2716 249.9595 253 262.2161 271.1081 251 253.7301 274.2271 270.5995 281.1089 269.2964 249.2633 228.4848 225.5261 226.0284 222.3116 219.0564 221.2874 220.3183 214.1317 213.7943 213.8432 219.67 211.9005 210.6694
306.9465 291.1745 287.1379 278.4624 272.9099 273.1902 272.97 267.3773 266.7266 267.2915 266.8205 261.6699 264.6104 262.6631 252.0538 264.388 261.7413 254.1727 261.0321 251.2171 252.6581 251.9486 250.3602 261.9043 271.4883 260.7658 259.3987 259.4726 256.3304 244.3703 251.2736 254.4056 249.9834 251 253.9301 261.1975 261.689 262.6182 259.7195 256.3476 251.6184 264.6746 282.2389 283.1667 274.7925 269.2913 272.4712 265.1224 243.7338 214.2983 212.8682 213.4519 217.8483 218.5661 219.9342 219.333 217.2194 212.2853 214 213.3094 214.0055
299.0453 295.0976 286.497 277.2515 277.9972 277.3416 266.775 267.4642 265.4401 259.1927 257.8239 255.2297 260.1422 258.8458 264.325 257.2586 256.5587 253.7898 258.9308 253.2955 258.0082 253.6519 257.6986 259.9076 267.1127 262.0647 257.9203 257.1571 255.6243 257.364 245.0927 246.4348 268.8774 252.1001 251.0307 251 251 251.8812 251.3745 265.721 251.6161 278.336 269.1587 279.9385 267.1878 276.2059 267.7491 270.1373 226.0512 216.7509 214.1124 214.5525 214 214 214 214 214 214 218.1761 215.6571 214
313.9684 308.6082 301.0515 294.5681 283.8043 278.353 271.3119 271.0406 268.3085 263.5789 257.2764 256.244 258.8687 260.7402 262.4565 255.1178 248.9171 255.2748 254.8967 257.8632 262.7192 256.339 258.8638 257.6577 269.2764 265.2355 256.0612 252.7711 250.9215 250.3062 259.6911 258.6453 252.002 256.4595 256.0947 251 251.1337 251.6384 259.0581 276.1708 280.1139 284.6197 277.5894 278.2654 281.2795 273.1718 253.405 229.3627 226.4141 214 214 214 214 214 214 214 214 214 214 214 218.9859
315.8487 317.9924 309.0006 288.1137 279.5826 269.3458 268.8544 276.7863 262.8051 264.0486 255.8606 259.3703 261.1618 260.0418 260.0526 265.0484 249.2336 261.6699 251.7715 260.8897 259.9976 254.3035 256.5638 281.1627 277.2065 253.5197 249.0026 252.5998 251.0008 250.4281 251.8212 249.6155 250.9998 249.2926 250.5826 251.6199 258.8013 257.1595 258.037 263.9622 279.8894 277.1464 279.7654 273.7243 277.3659 279.7583 237.3813 228.7775 220.1902 214 214 214 214 214 214 214 214 214 214 214 214
322.0503 325.5585 317.1586 300.4177 271.2809 267.8255 269.8708 270.6698 263.9629 264.477 280.1445 325.2323 476.475 611.8859 494.6706 272.1179 257.0634 254.2197 255.6375 256.7711 271.3249 276.8405 311.2319 307.7397 297.9988 286.9782 271.7124 263.9325 254.1098 251.0983 253.9256 248.7901 247.7287 246.9966 250.5015 250 254.971 256.5772 264.4558 279.8712 270.8693 271.2491 274.109 278.0926 275.9503 275.8024 263.3236 221.9412 218.2314 214 214 214 214 214 214 214 214 214 214 214 214
348.4646 345.5445 322.8237 314.9727 288.3049 278.013 274.8451 273.6034 287.5805 354.9886 537.4003 738.2083 785.9038 734.3759 495.5059 313.792 284.7891 271.1875 264.2968 290.2382 284.6614 282.4102 289.0894 320.6373 301.5257 289.6153 273.1389 254.5738 249.9095 249.7393 249.5388 250.5159 250 250 250 250 250 250.2479 257.596 260.498 275.2511 277.2743 276.242 284.7694 272.9305 258.8874 250.2343 221.709 216.821 214 214 214 214 214 214 214 214 214 214 214 214
351.2784 325.2571 327.6532 322.1546 316.2664 308.8609 314.5091 336.9705 419.3385 577.0357 728.6556 768.4286 751.8967 635.3497 472.3554 326.3701 296.7018 293.265 285.1492 288.369 289.133 288.2296 273.8168 267.1965 263.546 282.269 280.227 278.4171 276.7719 262.0495 254.1839 250.3444 249.868 250.2184 250.0311 251.653 261.9384 252.0897 255.1282 268.6401 261.8768 266.6025 266.5555 266.2942 251.1467 260.1985 243.3543 214 215.0745 214 214 214 214 214 214 214 214 214 214 214 214
339.5037 336.6602 343.5522 345.2341 342.7171 367.2245 380.9632 500.9754 567.8277 597.3259 722.1824 756.5922 701.4482 546.4474 395.9061 324.3767 315.8773 306.0244 291.5272 292.5456 291.5906 284.2759 268.8311 262.6062 258.631 257.1273 261.367 261.463 261.5221 290.2216 277.5494 265.0431 249.7524 251.6028 250.0746 250 250 250 250.0464 256.382 257.8725 250.5111 255.5132 253.6382 250.6768 247.0061 213.3962 214 214.2903 214 214 214 214 214 214 214 214 214 214 214 214
355.7867 365.7964 379.5201 402.1447 435.1674 502.6624 556.5271 602.2355 605.084 616.0826 633.1537 693.0842 660.7673 413.2013 349.1528 315.1942 303.5205 311.4709 305.5806 301.2046 294.4911 278.5102 267.23 259.1599 253.0973 254.7707 253.8187 252.3908 250.5846 250.4109 247.6946 253.1062 268.8199 262.7829 251.0356 250 250 250 250 250 250 250.9807 259.1994 250 250.5535 252.4985 217.2412 214.215 214 214 214 214 214 214 214 214 214 214 214 214 214
417.867 479.3561 565.0173 588.9099 571.8715 585.0941 583.641 578.8123 606.0586 620.2757 590.4575 553.0218 433.719 354.3987 311.6351 303.2595 311.0642 313.6138 307.3203 297.6042 279.1757 275.4142 288.9806 293.4774 282.8034 261.7779 249 249.5607 251.0098 252.6541 253.0302 249 249.8658 249.2728 255.8726 266.2002 271.969 256.7483 253.0966 252.2841 259.0007 258.3982 254.0087 253.0909 247.1483 246.192 238.7576 219.1984 214.1371 214 214 214 214 214 214 214 214 214 214 214 214
532.1685 508.4128 537.1285 595.5597 582.8882 582.1041 592.6915 556.8691 545.3223 539.8929 432.7935 392.7318 353.9574 328.1681 318.5555 320.9881 309.1851 305.799 302.6709 286.1357 275.5347 265.5451 258.7395 258.0093 260.5428 271.6153 264.3954 253.5807 249 249 249 260.8036 249.8756 256.8805 249 249 249 249.0331 280.5636 279.8687 274.2487 271.4543 259.5342 258.7784 261.066 262.4045 243.5237 242.9771 231.7028 217.5201 224.3838 223.9143 241.9278 248.065 245.6623 214.4574 214 214 214 214 214
516.4565 507.1545 523.3239 525.6805 497.7093 491.744 495.5837 481.5635 462.0987 429.4354 393.7542 374.6832 347.7413 323.2011 314.4611 312.5143 323.5599 310.5652 296.8014 287.0217 277.8894 261.1402 257 257.1381 258.9005 266.8965 266.7547 249 249 249 249 260.5746 267.3045 252.1868 249 252.4075 249 249 249 249 249.8114 255.4357 280.6645 275.269 275.4171 256.6736 267.0281 273.7589 249.6485 230.9399 213.8629 214 214 214 214 214 214 214 214 214 214
477.8894 485.2379 473.7284 455.7231 442.7523 442.9153 434.711 428.1832 416.0426 392.579 369.4872 362.1373 346.9653 341.4606 341.7167 345.5883 335.6932 327.7366 329.9067 330.1358 329.4752 340.7958 366.4246 345.3024 276.7562 270.1088 272.2409 260.8069 252.1603 250.1053 251.3832 260.4098 259.5089 254.7305 254.6621 266.0054 249.1609 249.0268 249 249 249 256.8201 260.9052 256.4065 259.7639 259.2267 266.9727 246.0035 238.0272 229.9438 217.9124 214 214 214 214 214 214 214 214 214 214
475.1057 462.8943 455.277 447.787 431.6614 428.273 420.7496 413.1973 401.3309 388.4821 381.2557 366.557 373.1261 377.1246 382.2322 376.9745 390.2881 414.6917 430.1564 476.9637 620.0939 751.5366 784.6268 733.4621 507.2503 332.6412 288.6912 279.3213 269.7101 268.6344 260.852 274.3718 271.0501 255.4594 249.9963 258.7239 274.666 256.2108 249 249 249 253.6982 259.3305 261.0593 258.8358 253.6346 263.057 255.648 245.5494 247.7522 233.2459 216.5034 214 214 214 214 214 214 214 214 214
