Resources/Map/Lvl0_30x30/Ele_CC.asc
ncols         335
nrows         335
xllcorner     -13345000
yllcorner     -25000
cellsize      10000
nodata_value  -99999.0
[rows 150 to 174 of 335, columns 0 to 57 of 335]
-3859.0981 -3924.9363 -3973.7366 -4025.4854 -4022.3157 -4028.3062 -4034.4678 -4041.2485 -4011.9907 -4012.4626 -4045.6133 -3945.2771 -3971.5168 -4052.8975 -3860.2065 -3459.2693 -3320.0608 -3604.634 -3788.8662 -3803.4265 -3689.4475 -3643.3677 -3829.8149 -3900.0193 -3866.3062 -3854.8765 -3843.4502 -3804.0942 -3831.3066 -3847.2065 -3847.9282 -3824.1563 -3778.3296 -3896.8154 -3954.0959 -4001.1558 -4028.6992 -3969.5415 -3963.3752 -3950.8 -3950.2126 -3969.2434 -4002.8245 -3979.4355 -3949.5591 -3986.3333 -3947.6343 -3949.1492 -3963.1636 -3955.9536 -4029.6069 -3975.1113 -4003.9497 -3948.3506 -3873.6584 -3812.8821 -3799.9548 -3807.2883
-3917.9209 -3984.0703 -4048.6174 -4056.4878 -4011.6667 -3957.0566 -4008.5771 -4070.0366 -4038.3137 -4003.5405 -4047.0007 -3984.0547 -4000.3081 -4065.9163 -3983.7563 -3770.968 -3613.8208 -3738.4993 -3846.8613 -3828.5051 -3596.5063 -3378.6858 -3709.6118 -3983.595 -3941.219 -3874.7957 -3809.2781 -3766.7891 -3769.3499 -3764.803 -3798.1797 -3811.4573 -3827.1956 -3926.886 -3931.9976 -3959.5713 -3956.8237 -3951.3215 -3976.0518 -3938.844 -3964.1956 -3919.2529 -3938.552 -3962.5889 -3840.5862 -3896.2576 -3945.4785 -3961.8447 -3929.1704 -3937.7178 -4030.551 -3963.6707 -3897.4902 -3877.6724 -3862.5505 -3813.866 -3786.7854 -3796.9663
-3954.3694 -4060.156 -4148.3394 -4134.9487 -3993.9966 -3917.3572 -4024.7104 -4110.5557 -4098.1514 -4061.8049 -4056.0569 -4006.157 -3943.6484 -3938.3174 -3931.5872 -3872.7478 -3811.3962 -3846.4543 -3874.051 -3878.26 -3770.8413 -3344.8079 -3464.4255 -3892.2681 -3932.0151 -3881.156 -3844.1709 -3816.5859 -3800.0437 -3729.0732 -3742.1042 -3759.2671 -3840.7695 -3888.5542 -3800.4946 -3692.3923 -3770.4949 -3806.623 -3816.7732 -3810.8389 -3762.9902 -3619.3933 -3701.0059 -3905.5618 -3766.9255 -3856.9109 -3943.1836 -3960.5496 -3944.7275 -3937.0461 -3957.7234 -3900.2732 -3821.8137 -3806.832 -3827.0327 -3804.5593 -3734.8191 -3732.574
-3867.3003 -4015.2271 -4150.6841 -4138.0112 -4063.9236 -4046.241 -4088.1167 -4130.8403 -4097.1929 -4035.8069 -3971.8252 -3927.1069 -3872.3789 -3841.0149 -3879.8203 -3883.4822 -3834.9153 -3823.6943 -3812.6741 -3841.9019 -3884.4883 -3659.4182 -3633.4119 -3869.1018 -3928.7571 -3914.301 -3930.5225 -3879.3728 -3831.4871 -3816.8164 -3832.8633 -3731.373 -3694.2993 -3639.2297 -3616.1289 -3661.2534 -3825.3503 -3807.3838 -3823.8582 -3779.9136 -3592.937 -3513.3784 -3728.2654 -3987.3306 -3963.6936 -3965.8831 -3982.676 -3948.7996 -3929.02 -3914.7527 -3899.4448 -3859.5032 -3823.1604 -3785.0171 -3755.6914 -3752.6072 -3726.0037 -3708.6206
-3760.6243 -3982.4641 -4038.5554 -3996.0342 -3984.5361 -3997.7393 -3983.938 -4014.415 -3973.2617 -3905.5703 -3868.199 -3842.9407 -3842.8552 -3819.5112 -3828.3198 -3835.3445 -3829.8547 -3826.8933 -3797.7327 -3825.4739 -3902.2197 -3912.9956 -3869.49 -3852.813 -3880.1555 -3884.041 -3914.3557 -3878.7888 -3796.0508 -3855.4668 -3912.219 -3793.1343 -3679.9158 -3629.781 -3766.2119 -3940.1206 -3984.5967 -3983.3406 -4002.1829 -3940.8606 -3875.7861 -3847.6733 -3969.4668 -4027.3193 -4055.5723 -4018.5549 -3993.8779 -3929.97 -3870.4277 -3821.1885 -3874.053 -3870.0955 -3825.876 -3815.6326 -3740.8599 -3725.0015 -3751.5181 -3727.606
-3904.0071 -4060.4177 -4012.0542 -3868.679 -3855.8357 -3919.1035 -3948.8086 -3965.8674 -3859.1123 -3775.8708 -3815.8467 -3796.7637 -3767.6389 -3756.5986 -3742.6108 -3716.9104 -3731.4282 -3778.3298 -3800.3108 -3832.3887 -3897.031 -3931.0657 -3889.8467 -3834.3955 -3860.5386 -3880.76 -3899.25 -3850.2305 -3753.2825 -3837.8325 -3901.5283 -3932.3276 -3950.7178 -3899.8823 -3960.9343 -4037.4084 -3988.6169 -4047.9348 -4028.8953 -3965.3459 -3991.2964 -3971.207 -3987.1028 -3891.1482 -3942.3093 -3971.5249 -3979.2041 -3904.2847 -3832.9797 -3739.6201 -3824.8787 -3884.4243 -3861.6475 -3875.6331 -3804.7139 -3763.3848 -3763.5593 -3732.2148
-4046.1624 -4028.97 -4047.6929 -3897.4124 -3865.6958 -3910.949 -3936.2095 -3934.241 -3833.2371 -3748.8435 -3805.6343 -3809.1047 -3724.3147 -3690.0122 -3735.802 -3718.8638 -3710.959 -3732.8994 -3682.1792 -3740.4219 -3908.7881 -3947.509 -3907.7231 -3896.8579 -3931.9272 -3970.8035 -3953.3987 -3867.1443 -3792.8208 -3855.3799 -3912.3462 -3984.8352 -4022.052 -3995.3833 -3944.1521 -3947.7639 -3930.6755 -3972.2334 -3945.3591 -3907.5925 -3898.2461 -3914.7793 -3943.9656 -3941.6882 -3902.0051 -3891.4253 -3951.5886 -3905.5901 -3866.7727 -3792.5728 -3845.3184 -3915.0667 -3851.0493 -3807.71 -3812.3042 -3798.6609 -3772.4912 -3738.5701
-4087.5059 -3949.9126 -4028.2026 -3989.1926 -3882.1675 -3877.6667 -3927.5999 -3925.937 -3869.6357 -3830.6946 -3830.217 -3842.3372 -3800.4185 -3772.2678 -3820.6311 -3804.9177 -3803.6255 -3795.5063 -3682.5715 -3728.7732 -3918.0959 -3970.9602 -3921.1499 -3916.2651 -3970.832 -4019.9668 -3985.2549 -3919.9797 -3868.8477 -3877.9214 -3894.2859 -3916.4207 -3921.1108 -3965.9778 -3927.9258 -3871.6267 -3870.2861 -3921.7979 -3949.8542 -3889.7961 -3852.541 -3924.8899 -3969.1563 -4058.9844 -3964.6611 -3881.6475 -3935.5286 -3935.5989 -4009.25 -3931.2361 -3968.9001 -3974.4543 -3828.3354 -3789.1794 -3823.7778 -3802.4963 -3773.9587 -3754.0364
-4080.5884 -3992.4951 -4056.2483 -4089.9058 -3983.5017 -3934.97 -3979.8708 -3983.5183 -3911.1809 -3916.7886 -3926.5994 -3908.4724 -3875.8376 -3866.1265 -3865.9573 -3853.9788 -3862.2195 -3884.9172 -3882.4746 -3887.2529 -3935.5313 -3990.2178 -3965.4746 -3920.6799 -3950.7937 -3986.5242 -3962.509 -3960.8755 -3950.5464 -3919.9463 -3905.9551 -3885.2795 -3908.7817 -3954.4084 -3984.2683 -3926.4963 -3931.3198 -4004.5786 -4034.2927 -3946.8369 -3884.7915 -3909.5042 -3899.5762 -4040.8918 -4049.5852 -3971.3953 -3959.9487 -3941.8083 -4078.7869 -4007.667 -4024.3359 -3980.6997 -3855.5535 -3782.9202 -3797.1255 -3815.5425 -3792.2917 -3755.2795
-3998.2527 -3984.3066 -4071.5186 -4135.4663 -4079.9236 -4001.718 -4002.7651 -3993.5425 -3917.3975 -3927.6543 -4023.1008 -4018.3049 -3959.2241 -3923.9199 -3899.4792 -3870.4358 -3860.5056 -3899.1533 -3950.3174 -3926.2048 -3894.5454 -3964.2751 -3999.1145 -3950.439 -3933.1104 -3931.1545 -3940.177 -3953.8433 -3954.447 -3915.4951 -3915.7815 -3894.2239 -3953.3445 -4033.0122 -4061.1304 -4013.6704 -3988.3938 -4020.4841 -4024.6953 -4011.6077 -3931.3062 -3861.437 -3857.6802 -4033.5854 -4114.292 -4026.4399 -3972.8794 -3932.0962 -4048.4275 -4031.0359 -4037.5786 -3982.6194 -3862.9641 -3751.3774 -3777.8469 -3827.6741 -3814.4795 -3786.2556
-4029.572 -3959.1672 -4019.6106 -4082.479 -4145.9287 -4108.2124 -4016.5969 -4004.5928 -4010.0334 -4002.4939 -4044.47 -4084.6506 -4068.1736 -3995.176 -3934.4351 -3888.8555 -3897.0283 -3945.8774 -3988.1538 -3965.7683 -3878.9465 -3933.4692 -4028.0413 -4004.6104 -3979.9482 -3956.2136 -3991.1733 -3954.583 -3902.6821 -3906.1716 -3916.4976 -3892.019 -3977.3704 -4067.019 -4010.7393 -4051.53 -4052.3162 -4031.1704 -4017.7783 -4005.4785 -3938.1892 -3892.9204 -3929.2551 -4077.7593 -4078.8499 -4016.8777 -4006.0461 -3960.2932 -3998.8047 -3982.3127 -3956.1826 -3926.3865 -3903.6504 -3838.4722 -3799.8582 -3803.6272 -3813.3643 -3844.7126
-4118.5322 -4012.7397 -4023.6946 -4072.0857 -4136.2178 -4154.9014 -3991.4285 -3981.5544 -4020.6082 -4024.3972 -4029.4985 -4075.2358 -4092.0486 -4039.4399 -3962.2275 -3909.3088 -3974.3613 -4015.2639 -3964.625 -3962.9436 -3927.5137 -3913.7517 -4024.5112 -4054.3926 -4015.415 -3951.6104 -3987.4268 -3996.7561 -3946.8777 -3954.6279 -3943.8408 -3938.8787 -4018.7458 -4069.9624 -3966.71 -4051.8628 -4068.259 -4024.5911 -4029.3743 -4015.6809 -4010.1013 -4005.408 -3935.1392 -3991.4343 -3986.9473 -3945.103 -3981.7498 -3939.3794 -3917.3027 -3860.3604 -3853.2109 -3901.4946 -3958.3535 -3914.0051 -3864.4011 -3853.2446 -3815.9546 -3892.6372
-4125.7246 -4101.3403 -4109.2373 -4127.0513 -4015.9846 -4074.3135 -4015.7656 -4027.8975 -4032.6182 -4044.2549 -4036.769 -4080.9834 -4103.5854 -4065.7993 -3986.2449 -3949.5776 -4031.2712 -4075.2676 -3974.8254 -3973.2285 -4011.6211 -3974.051 -4008.4922 -4069.293 -4057.9641 -3998.7849 -4028.1487 -4067.2173 -4040.0027 -4014.7358 -3975.542 -3959.615 -4023.5852 -4070.2598 -3985.4954 -4053.322 -4068.4319 -4019.6956 -4010.8467 -3971.7861 -4024.5994 -4057.8943 -3933.9929 -3892.0525 -3965.1772 -3881.22 -3922.8767 -3923.7563 -3864.635 -3816.3811 -3871.6899 -3952.3096 -3961.7834 -3900.1423 -3906.1704 -3925.9358 -3818.313 -3830.8428
-4146.271 -4153.9189 -4150.8076 -4171.9805 -4105.9658 -4081.5422 -4048.8999 -4050.5874 -3984.7356 -3992.0151 -4006.0083 -4068.5811 -4098.5298 -4059.6208 -4037.9604 -4041.8115 -4074.1511 -4121.9575 -4052.7258 -4026.6392 -4096.209 -4073.2939 -4030.9355 -4071.6819 -4077.9846 -4041.3032 -4056.7068 -4076.9514 -4051.4839 -4043.4675 -3988.1228 -3949.199 -4003.1538 -4071.03 -3982.5464 -4019.4485 -4080.9631 -4060.1704 -4038.3191 -3993.4072 -4023.5364 -4007.1382 -3976.1299 -3936.6956 -3933.6323 -3854.7209 -3879.2854 -3919.135 -3851.9048 -3835.6301 -3882.1777 -3959.0193 -3965.9209 -3898.0559 -3910.447 -3958.9299 -3818.2795 -3706.5417
-4198.5518 -4173.4634 -4132.4722 -4147.7466 -4102.0093 -4014.0342 -4003.3403 -4032.0735 -3967.5657 -3966.1152 -3984.3752 -4040.7959 -4102.8403 -4092.7451 -4109.4946 -4153.6396 -4132.5815 -4142.6128 -4127.5903 -4089.1687 -4128.2065 -4109.0718 -4069.4307 -4093.4966 -4089.7493 -4041.4797 -4026.2395 -4051.6946 -4053.3208 -4068.8459 -4040.781 -3989.1292 -3980.3362 -4067.1851 -4021.96 -4006.9258 -4042.8672 -4017.9778 -4055.0654 -4001.1311 -3996.1453 -3978.1472 -3985.6465 -3999.1716 -3945.0735 -3852.3533 -3862.155 -3937.4797 -3870.1333 -3874.157 -3897.041 -3932.6152 -3946.5352 -3894.7585 -3877.7275 -3739.325 -3592.4639 -3581.6099
-4226.7017 -4178.0786 -4137.4146 -4141.459 -4147.8232 -4016.2439 -3993.6233 -3982.4907 -3973.0022 -3978.1353 -3989.5813 -4023.1741 -4126.5625 -4161.6978 -4159.9414 -4202.5415 -4182.4849 -4157.8262 -4148.0088 -4114.3467 -4114.4878 -4126.2451 -4104.7808 -4095.9014 -4093.8403 -4059.5806 -4034.6094 -4049.1858 -4054.0935 -4075.6118 -4075.5288 -4077.4895 -4037.5896 -4097.728 -4064.5598 -4021.1611 -4016.4167 -3999.6628 -4065.3711 -4012.4341 -4010.9402 -4024.3645 -4014.8508 -4023.8127 -3966.6741 -3893.1218 -3889.6794 -3905.2424 -3886.3198 -3928.9045 -3951.4722 -3953.1584 -3937.7588 -3862.7317 -3612.0159 -3043.936 -3116.0645 -3596.7192
-4216.9185 -4160.373 -4152.2837 -4146.0474 -4210.7227 -4060.8872 -4039.1187 -4035.1128 -3996.5176 -3992.0349 -3993.2617 -4039.9138 -4167.665 -4233.5488 -4208.2759 -4227.499 -4199.2109 -4140.0103 -4121.0259 -4096.2886 -4088.5337 -4142.4136 -4146.9233 -4108.4668 -4120.665 -4113.0635 -4086.5669 -4091.6433 -4083.2344 -4090.3672 -4093.4846 -4152.5459 -4108.791 -4071.7393 -4047.5642 -4039.9521 -4028.4727 -4050.1389 -4091.6711 -4074.1255 -4030.6328 -4036.3884 -4029.2126 -4040.7593 -3992.3518 -3952.0129 -3935.3975 -3912.4221 -3945.0781 -3924.2693 -3912.8723 -3925.0273 -3923.8796 -3871.968 -3673.8442 -3358.8945 -3434.9729 -3766.6262
-4198.7915 -4141.2354 -4199.6353 -4188.2729 -4184.5171 -4147.1343 -4179.2988 -4206.9053 -4142.582 -4104.1484 -4092.6306 -4163.7842 -4274.3208 -4312.6592 -4281.6094 -4261.3081 -4187.6929 -4125.8408 -4121.5854 -4088.9375 -4074.1128 -4153.1025 -4185.7158 -4128.4424 -4150.4385 -4149.5835 -4106.5435 -4076.4124 -4086.9094 -4104.2314 -4093.1335 -4139.6143 -4142.7808 -4108.4678 -4136.3604 -4120.7158 -4078.989 -4105.5107 -4079.6338 -4031.7029 -4030.1741 -4006.708 -3980.7031 -4035.3242 -3987.5393 -3941.4141 -3987.0093 -3964.843 -3940.8928 -3887.4849 -3871.5674 -3867.2437 -3898.3271 -3908.7676 -3818.5242 -3831.1948 -3865.5857 -3890.7974
-4176.4927 -4133.3696 -4256.9399 -4271.2656 -4240.4751 -4208.6753 -4213.751 -4237.833 -4221.7075 -4213.8804 -4232.1074 -4256.7886 -4271.4443 -4289.459 -4282.4731 -4264.5527 -4186.3887 -4131.6846 -4131.7886 -4109.8799 -4085.0623 -4132.6475 -4179.9478 -4153.2524 -4168.7944 -4181.6816 -4133.7871 -4072.2083 -4086.4846 -4097.3447 -4111.5117 -4140.6167 -4124.2241 -4113.5903 -4132.6719 -4139.4619 -4126.2988 -4131.1123 -4101.2271 -4007.0183 -4028.6995 -3962.6682 -3931.8672 -4016.4495 -3961.9661 -3932.3303 -3995.3723 -3984.2747 -3933.4343 -3904.959 -3897.1909 -3883.5686 -3916.0735 -3961.5886 -3933.4875 -3951.0818 -3990.5825 -3941.4868
-4160.4688 -4166.7759 -4243.8965 -4259.9165 -4254.9102 -4269.3511 -4243.4858 -4227.0029 -4182.7959 -4093.0532 -4128.9932 -4155.6421 -4162.4468 -4171.3979 -4200.5405 -4162.3687 -4140.1396 -4137.5957 -4083.7104 -4084.3821 -4102.0801 -4105.7861 -4138.1201 -4145.3345 -4130.793 -4148.5332 -4105.2144 -4050.7253 -4048.4246 -4061.3125 -4073.26 -4099.541 -4088.5923 -4105.0186 -4108.3818 -4106.8062 -4111.2275 -4122.5039 -4140.0981 -4045.7368 -4062.1514 -3986.3186 -3932.7524 -4024.4299 -3947.877 -3932.208 -3995.26 -4015.5229 -3955.7224 -3958.606 -3923.6523 -3881.1296 -3934.7029 -4007.7805 -4040.1392 -3978.8032 -3957.7607 -3956.7883
-4145.9644 -4182.606 -4230.8066 -4253.4829 -4194.1763 -4240.8584 -4242.3813 -4215.9702 -4165.9736 -4094.5024 -4092.2668 -4113.6343 -4135.1426 -4138.1553 -4161.1504 -4182.6855 -4188.5186 -4148.9907 -4068.2588 -4108.3491 -4157.3062 -4144.124 -4156.2642 -4157.5444 -4134.1553 -4115.5483 -4097.9463 -4070.5474 -4044.7354 -4087.1653 -4093.0249 -4102.4854 -4111.9033 -4085.3442 -4092.9832 -4105.4995 -4104.4438 -4121.4834 -4163.9214 -4071.0664 -4020.6921 -4039.6958 -4026.1665 -4066.4753 -4000.0515 -3995.9031 -4047.5073 -4045.3745 -4000.0542 -4014.698 -3969.8398 -3913.7009 -3973.6277 -4018.6133 -4003.1321 -3959.9849 -3961.4907 -3956.8137
-4129.0288 -4165.6113 -4235.7358 -4205.0977 -4158.1699 -4206.2998 -4220.229 -4239.1357 -4199.8521 -4160.2168 -4104.0127 -4076.3215 -4097.1328 -4120.9429 -4111.8135 -4138.7129 -4125.8169 -4083.1414 -4134.585 -4213.5068 -4171.0483 -4107.8726 -4157.6099 -4199.5391 -4170.7637 -4154.9839 -4130.6104 -4107.0996 -4072.4197 -4093.7 -4109.585 -4099.979 -4101.8604 -4060.6096 -4073.343 -4110.2651 -4136.5264 -4166.5674 -4214.1743 -4149.5176 -4078.968 -4089.9878 -4091.1824 -4094.3682 -4029.2427 -4049.7688 -4087.325 -4032.2434 -4049.2185 -4058.9927 -4013.7703 -3960.8054 -3971.2522 -3988.3657 -4003.823 -3990.8564 -3947.7402 -3961.3208
-4164.1929 -4146.5938 -4154.8511 -4146.251 -4157.3315 -4208.04 -4228.313 -4213.0322 -4167.75 -4167.8892 -4086.5032 -4065.6958 -4057.5579 -4075.9927 -4135.8369 -4152.8999 -4093.3003 -4067.3982 -4130.8438 -4153.8926 -4165.5239 -4152.3647 -4174.938 -4215.5044 -4173.7563 -4202.6597 -4199.4204 -4150.7817 -4103.541 -4132.293 -4141.791 -4083.1201 -4092.6375 -4112.8184 -4128.04 -4086.5691 -4126.1826 -4174.9761 -4221.2651 -4182.1084 -4123.3369 -4098.7407 -4104.021 -4158.2456 -4094.0007 -4093.3298 -4111.4253 -4053.3345 -4080.5422 -4102.2139 -4063.3606 -4040.283 -4033.771 -4016.9355 -4066.2622 -4032.5356 -3892.8135 -3943.8098
-4050.3535 -4067.0583 -4081.1335 -4082.5374 -4174.3306 -4202.3984 -4211.4058 -4175.7866 -4151.6885 -4167.4561 -4039.634 -4030.6699 -4101.0244 -4094.5039 -4112.7744 -4155.8511 -4094.291 -4038.6226 -4076.4629 -4093.4766 -4161.8486 -4175.1748 -4168.6904 -4187.7437 -4172.4146 -4200.7588 -4196.3647 -4167.3164 -4136.2334 -4160.7065 -4122.564 -4103.1748 -4118.6577 -4105.4648 -4092.5708 -4097.0493 -4104.4307 -4121.6816 -4126.8887 -4113.4678 -4103.3711 -4132.2456 -4158.9468 -4192.1606 -4150.2007 -4114.8833 -4101.5654 -4085.1455 -4074.6848 -4081.1882 -4043.1099 -4013.481 -4026.3064 -4036.9478 -4042.8796 -4052.2188 -3976.8879 -3957.3511
-4060.2437 -4109.4746 -4121.8013 -4088.3538 -4180.876 -4177.9863 -4173.9849 -4159.7544 -4111.729 -4110.0806 -4061.9666 -4096.2949 -4188.9282 -4125.1445 -4053.3784 -4099.9141 -4070.9797 -4029.2534 -4096.7788 -4131.1719 -4163.9624 -4160.8501 -4154.0117 -4178.8906 -4174.0889 -4180.4912 -4205.71 -4190.375 -4140.5601 -4117.1621 -4084.0911 -4165.8184 -4144.6069 -4090.2766 -4071.1484 -4114.4751 -4110.3369 -4102.54 -4089.3457 -4092.1636 -4173.8613 -4156.2646 -4134.2461 -4178.7109 -4166.1055 -4130.5259 -4090.2512 -4088.8962 -4067.6316 -4042.0886 -4055.9719 -4051.6453 -4087.4534 -4058.9094 -4028.8286 -4021.3762 -3987.8679 -3972.2998
