Resources/Map/Lvl0_30x30/Ele_DK.asc
ncols         335
nrows         335
xllcorner     13455000
yllcorner     -3375000
cellsize      10000
nodata_value  -99999.0
[rows 280 to 307 of 335, columns 126 to 188 of 335]
478.8162 483.7421 483.5566 476.7839 477.7444 467.5421 454.167 444.6231 440.4203 431.8661 421.6964 416.1875 415.3625 414.3806 402.9669 411.2458 400.2374 379.3694 364.3401 344.5138 343.2269 292.6849 272.5977 298.0096 325.1597 292.938 275.7249 287.0077 256.3768 231.7362 220.6345 204.8085 179.6657 174.2029 164.7925 165.8747 160.6858 149.7583 158.4824 140.0795 136.0554 141.3164 123.4081 126.9731 129.6175 134.1525 124.7538 125.8606 118.7895 112.6618 110.8677 104.1664 96.3072 88.8157 83.845 88.0263 90.7503 82.3214 72.4831 68.6709 61.7466 60.7924 55.78
498.4253 495.5797 494.6932 494.2442 493.7505 486.4457 480.7777 472.7271 456.4223 453.4133 446.9702 442.8831 439.5251 432.3477 430.6861 418.6007 399.5313 387.3511 371.867 350.2218 337.5051 301.3273 292.0399 284.9603 271.1876 287.4924 265.8553 256.5746 243.3329 221.1743 206.885 191.7603 190.2397 182.0155 172.3551 173.7719 155.0518 146.6296 156.2363 127.8327 139.3566 141.941 121.8732 123.7007 113.6638 121.5403 122.8336 116.4491 108.7641 108.2988 104.0403 103.7254 89.7215 87.3479 82.1232 79.2664 84.4192 74.4794 72.18 65.7096 66.3753 50.9649 48.976
513.3702 509.7245 513.5718 507.3936 505.1675 500.4351 493.1807 480.9993 473.3165 478.048 480.2661 461.9846 459.2935 451.6947 458.3937 439.1178 422.9081 414.2525 394.4133 363.2741 346.43 337.7854 326.1865 306.3851 300.9322 267.9295 257.281 242.3944 227.3131 218.3003 209.5786 211.4243 207.8603 197.4246 188.2245 169.1683 146.0539 147.25 143.4536 134.02 127.474 127.1742 112.4815 109.0948 111.5881 116.6504 119.267 102.884 103.6847 105.0955 94.6548 99.5239 86.9957 82.1691 85.5314 84.1376 79.9755 71.075 67.7014 60.8908 61.1926 47.6545 42.4888
535.6102 527.0398 530.6794 527.8364 522.3902 514.0034 501.7338 494.1115 490.5585 481.7817 497.0212 496.8132 472.9235 481.0589 474.6712 472.5625 437.5112 406.474 390.8622 373.9444 399.9629 361.1346 342.1493 331.6436 296.6456 277.7776 261.6089 256.6308 230.2148 208.8735 201.1569 196.518 192.5558 192.8477 185.8504 170.2887 139.2776 154.1262 150.552 125.772 133.8041 120.0213 110.0745 114.5348 115.1737 114.6624 112.2358 103.984 102.5436 98.0133 91.359 85.3806 83.7643 83.7047 81.7593 79.5293 77.2696 71.2888 60.4493 52.7191 51.8375 44.937 35.5625
549.9151 547.3746 545.7721 543.5383 538.559 536.4597 526.3386 510.7912 508.7232 503.4639 509.5361 520.0711 521.2905 498.8942 492.6027 473.7154 477.3539 453.3481 420.6101 416.2814 397.3996 362.7411 338.6871 325.6441 291.2799 279.8341 236.7772 219.003 202.4432 195.1437 193.4992 201.9256 184.1989 178.0389 164.4553 153.3198 154.2564 156.2913 143.3312 125.6291 130.1251 89.5889 99.3523 100.1151 107.6793 100.8008 105.9709 100.9932 96.9262 94.6188 88.009 85.7802 79.2788 68.9187 76.7549 72.6188 70.6499 68.5912 55.3201 45.656 52.6292 34.5047 32.1896
573.3688 569.4165 563.4561 559.4722 555.4847 567.4459 535.8297 526.1414 530.1845 530.4594 537.8697 510.6629 494.6403 492.8479 468.3468 454.5556 473.0842 481.497 433.1683 414.2208 382.8425 361.0358 339.4607 351.2894 341.8044 346.3134 242.318 220.1597 196.8983 187.2419 188.1236 185.9719 182.4723 170.5847 171.2117 165.6027 158.4741 146.9713 138.4921 131.3255 118.5096 81.5514 89.1993 92.9834 93.1551 94.4544 90.9366 87.3685 88.1142 83.208 84.2014 83.1741 76.975 79.1686 76.598 70.9171 67.2272 61.5314 55.9789 59.1167 32.6028 37.8677 35.8345
597.7002 594.077 587.8769 578.558 571.8712 563.732 547.6815 555.3581 559.0699 552.197 549.8109 516.1727 481.6775 462.4323 448.6503 439.9151 474.4474 459.2566 430.06 411.5451 386.4405 350.4581 355.0017 316.8454 296.2397 258.1419 246.9481 217.3861 204.9121 196.0336 182.0893 178.519 181.0129 177.7744 166.5777 161.9654 161.6392 150.0072 133.2016 140.131 131.9165 97.7357 86.3971 81.0334 86.8002 90.5296 84.1073 82.6689 87.3574 86.0128 79.277 74.9194 72.3189 74.8818 73.2997 68.233 65.5952 56.4614 56.8057 49.2046 46.4412 26.4676 30.194
627.1871 644.0546 664.5921 602.1719 592.5474 579.1473 559.0627 547.9063 524.7497 523.1613 522.8755 503.5314 486.5343 456.6918 431.1306 425.1711 445.2402 486.6882 481.056 436.5068 366.3575 363.6516 320.0079 314.0681 282.7018 258.8237 244.6232 228.8538 272.1796 213.5821 210.0937 219.4696 210.9995 181.5503 160.3153 150.5564 150.3105 149.0056 137.4246 125.4898 132.1558 106.2403 82.9846 86.7787 95.7449 83.9423 83.4645 78.6492 72.1345 81.4843 77.4651 70.2524 69.9424 65.8324 64.4693 64.1532 55.0679 57.2406 54.4838 41.6487 27.4479 28.7621 34.9949
656.3462 660.7816 648.0761 616.1074 578.7499 559.3061 545.2246 524.2022 508.0475 488.2424 492.6574 479.853 464.8014 443.2727 418.7735 407.2202 422.882 423.2141 406.3507 391.7635 357.0217 336.6169 334.5641 307.6747 281.996 259.7305 262.5981 240.9309 227.3672 214.414 205.6904 199.8849 199.2167 178.8418 174.4867 158.3215 194.8724 148.6766 131.724 135.1633 120.6705 99.8175 78.6652 74.8298 84.896 81.5552 73.0662 66.3645 74.8567 87.3249 72.1148 71.7886 71.3095 62.0793 61.4659 53.8974 55.022 51.9156 41.4076 31.1147 25.8667 31.6732 17.073
727.8737 674.3401 668.2372 627.7548 610.105 572.466 542.5413 509.3539 487.6174 469.6143 465.593 453.8931 444.5393 431.6864 404.7044 392.4203 394.5754 392.795 384.8964 383.2647 341.2913 327.4293 316.0706 298.9417 274.3705 267.082 247.2684 232.2857 231.9334 208.6344 202.4183 193.8423 185.9063 177.3803 198.9684 236.2373 204.9374 179.5129 135.8234 134.1854 110.736 88.2312 84.9189 82.4514 77.5227 72.6452 68.0131 74.7315 82.8995 74.961 67.0068 63.3599 66.2971 69.1325 63.7594 56.2573 54.509 43.7565 38.6106 28.5009 30.7981 40.1278 19.6779
712.8228 685.9633 659.6268 613.2089 581.9775 561.4109 552.9713 522.8728 486.477 458.9033 448.3046 429.5064 421.7536 405.9139 390.3366 381.253 375.3033 367.2876 373.802 342.3594 327.8349 317.2758 309.3154 290.0231 272.4862 256.5902 246.5311 237.2305 228.9928 212.6226 203.6398 195.0359 175.6219 172.6422 188.2245 205.9844 149.6697 122.7059 126.7908 106.0099 107.6783 87.8551 83.9662 91.4535 77.9763 68.5548 67.5022 66.9238 74.0021 71.6838 59.1784 58.9586 57.2687 63.7507 57.2235 51.5766 47.1195 42.5567 38.7305 30.5567 29.2972 27.2719 11.7937
646.2825 627.755 629.3182 599.3631 569.3387 550.6674 528.0347 527.2314 482.1157 456.1558 455.403 421.1956 410.1467 394.1038 405.4598 382.4216 377.5548 364.4384 343.1299 355.8457 319.0561 307.5783 296.0682 284.9707 276.1168 277.2522 256.991 247.9895 225.3938 199.3008 192.4366 187.4989 177.4087 185.1102 168.0823 209.981 108.1732 96.46 96.6178 102.9218 104.9221 98.2141 78.9128 81.1616 67.852 62.567 58.6708 59.5351 64.8253 63.7477 56.5946 59.5657 58.9456 56.9818 50.9649 48.1126 43.6417 39.6129 32.4243 34.3425 28.6941 14.9483 20.9693
600.9586 600.065 614.6177 589.6928 565.2142 529.224 505.3782 490.2021 471.1843 461.9644 432.8592 418.4255 400.4556 389.2011 398.4741 392.2986 356.6128 345.455 324.8822 313.4701 302.7402 296.4683 295.6641 289.0851 254.9023 257.7257 263.0297 283.7771 252.1693 224.633 216.5392 204.9412 187.3269 189.373 179.7215 172.8202 116.9557 117.1025 124.5884 140.0489 98.0702 81.1918 67.3229 67.7878 61.7061 60.4723 55.8081 60.9205 53.3122 65.9732 60.8754 62.8632 62.363 54.6675 49.9522 46.3483 53.4607 39.6081 28.3374 17.7754 33.4401 22.9309 8.3684
576.0394 579.5914 584.715 590.92 549.2426 527.3126 505.5971 484.4969 460.841 455.5673 438.7613 424.7304 385.2233 374.8086 381.9294 356.1555 333.9397 325.0112 310.2146 300.4981 291.416 283.0881 263.1618 252.0444 267.8373 247.3677 257.7764 269.4601 249.6468 244.638 213.1825 197.7646 172.6469 191.1344 165.9606 218.1681 143.1487 130.361 179.4606 156.4262 102.4876 72.6378 65.4042 61.9579 56.006 57.4722 57.998 61.9824 58.9576 54.3101 52.5837 52.9542 58.7407 53.2934 41.5582 36.0451 31.4709 38.0082 23.497 30.4315 18.7084 22.0239 18.1191
556.9716 560.9659 572.1278 586.0458 550.9199 531.7539 504.031 482.2681 471.3547 467.96 439.5317 410.2759 380.5403 361.2451 351.5141 337.8033 333.0151 312.3086 299.6457 286.2864 276.6561 269.0076 257.1388 244.1866 232.9625 230.6383 254.7281 238.9158 205.9135 199.7629 203.5508 184.0155 167.1513 154.1297 152.0923 152.4718 140.6358 145.1762 145.3383 116.1124 111.57 70.0496 62.9993 58.194 53.1015 56.3239 56.9944 55.5935 56.3464 51.3179 46.0062 50.361 53.4487 43.9665 36.6457 43.5384 31.3746 23.3438 26.5933 17.8996 18.6818 22.4526 7.1217
538.3468 562.0546 578.825 542.0096 534.5248 534.0124 508.3605 496.5803 478.2417 479.6348 460.0276 418.2371 385.455 367.1292 350.6754 334.8114 322.5121 314.8342 296.1674 285.6221 272.5763 263.3213 249.9839 242.6872 230.8233 220.8441 205.6711 196.6435 191.9804 187.5083 180.2971 171.7042 163.0347 154.3282 154.5695 135.9539 133.2617 151.9948 144.5361 125.0459 86.944 57.4093 54.9289 44.2269 37.7906 42.9441 46.0568 54.2809 55.4106 47.5792 46.7281 59.8617 49.9365 38.8396 44.6185 23.429 32.5639 24.7805 28.012 20.8677 17.3882 12.9422 6.8662
530.8698 545.4729 549.6353 524.1644 504.7104 491.9026 491.4324 495.3965 494.4984 478.6976 432.0636 407.7175 400.4177 395.1082 367.3047 333.9974 320.248 307.5295 291.5919 284.6335 270.2043 256.0284 245.7024 236.5797 226.2317 218.6364 211.3278 202.048 194.6552 187.0558 177.9763 170.6486 157.345 155.4009 184.4068 134.7701 125.8749 138.1601 108.2535 83.744 68.1069 64.512 55.5751 49.208 46.3975 44.4139 50.1388 52.7066 50.3505 43.0466 48.9813 47.4331 42.5139 50.3312 31.1845 28.6077 27.9808 23.7785 17.9826 23.2255 25.3749 15.237 14.7357
520.9752 544.3018 550.4863 527.2332 502.737 482.0185 461.8282 474.2389 479.899 452.4839 452.4642 438.1176 395.2549 387.3502 358.8278 328.7803 325.6122 324.9479 297.5916 281.0766 291.9577 252.0125 250.815 228.8337 219.927 210.7795 204.3029 192.8384 184.9411 177.7522 171.579 163.4922 150.9475 160.4678 168.2411 131.5816 128.0332 125.4821 128.2374 103.6382 74.8768 72.1503 59.588 50.2718 45.1107 42.8412 38.7103 41.6902 40.0854 32.9114 40.6817 44.1785 38.3297 29.4003 28.7299 27.7855 2.5525 9.6222 19.2204 21.9394 22.0349 10.6264 17.7523
535.129 529.0834 541.4902 524.395 509.7249 481.4574 455.4499 439.7734 450.1195 432.2716 420.3841 413.176 404.9999 367.3321 364.4522 369.7125 351.7521 323.8803 341.7726 322.7626 297.7308 305.7334 264.785 231.1245 215.5311 204.7808 195.2901 184.2488 181.6911 176.2152 167.5892 162.1146 162.4336 168.5562 149.6395 113.2971 114.1434 112.9421 164.7469 97.5862 77.5211 69.0225 63.8734 57.7844 49.0279 40.6527 39.5613 42.6586 35.7156 32.9929 32.7132 38.7386 32.4566 36.806 28.4833 15.1384 24.6266 13.2231 20.1145 18.2974 5.4684 9.4269 6.8779
553.2065 514.2208 549.829 506.5892 481.4747 467.5169 443.1075 430.3103 437.5754 409.2685 392.8751 369.6068 361.5121 383.8112 373.9477 382.3839 377.8946 350.0449 359.5383 335.0579 339.1442 289.8818 255.4193 252.693 202.3284 197.7904 189.6543 183.0393 181.3538 175.948 165.6636 168.6513 157.5667 165.458 140.5503 122.847 115.3335 110.1583 139.5246 91.8671 78.7268 73.7188 64.2779 58.4058 51.2219 47.0514 42.2173 44.0698 35.9498 32.0063 37.8557 33.8135 34.1117 27.081 27.561 27.7698 16.8903 18.4336 13.1027 15.5011 7.1954 10.5039 18.5859
444.8606 443.6719 438.205 433.8212 429.8631 422.9855 417.4433 413.6578 403.7346 388.7649 374.1337 355.6224 346.2738 417.7561 351.477 340.3654 339.5587 326.6672 332.6179 324.3501 313.2057 273.9295 297.182 236.5878 262.7268 250.2477 205.7469 220.1047 183.0634 174.8101 168.9199 171.5999 183.8309 152.7117 153.9615 149.5414 119.1037 108.9855 102.1115 97.4237 96.0199 107.8544 86.0969 74.9323 68.5862 63.9269 42.1295 38.4598 34.7313 32.3541 41.2967 31.3671 26.9628 24.4164 25.9688 22.8253 8.0936 19.5529 14.8162 8.8787 12.7887 21.1475 16.6548
421.0386 417.6233 411.7272 407.3951 399.0162 412.0256 426.2579 402.8313 392.684 389.9943 383.2359 366.8618 361.5412 346.2073 337.5759 320.5742 319.4041 299.2102 308.8266 359.1039 317.0848 328.5712 285.1769 277.1258 246.2693 223.2411 240.8126 247.5024 204.282 179.8134 168.2964 160.3762 147.7547 142.6826 148.7489 167.6116 122.4227 115.473 103.3081 141.9541 134.4122 134.6466 144.6247 115.6258 98.2418 60.5057 55.1438 40.436 27.9992 26.2095 31.8404 34.0621 29.6352 19.809 21.961 4.1756 18.6369 22.927 18.7068 16.4941 6.7199 5.47 4.8
416.5878 406.1831 393.3303 385.3105 379.1132 385.0979 403.1722 405.5539 373.214 373.4112 345.0715 350.1689 366.9652 329.8073 315.2042 307.8728 304.3748 307.7967 300.8344 324.6231 324.2711 300.1853 326.6859 278.5912 247.1236 259.9371 253.2058 225.3657 220.6283 192.7081 179.0061 166.2549 167.4712 146.2665 132.5832 148.7982 157.078 164.0755 131.6674 132.6109 162.7426 143.8246 170.0382 152.4402 124.3503 104.5011 64.0021 61.2307 22.7518 29.3363 30.6936 25.712 30.4154 15.4763 15.9295 3.7258 14.3841 20.0915 19.7166 5.4804 16.5139 8.8436 17.153
421.6028 391.4767 383.6064 377.4863 369.4402 364.4825 375.5506 370.5303 356.9608 353.6385 334.1702 343.4945 314.6273 303.5091 303.4229 297.3043 286.3669 287.0951 300.5605 308.2273 316.0891 306.6109 269.7329 276.6917 265.1548 252.8997 242.5899 224.8326 213.593 206.2131 197.7448 172.316 164.7371 148.2202 133.3015 124.9746 134.7636 167.5165 179.1163 191.8384 211.4956 98.5029 87.5727 141.5894 85.38 74.4022 50.9079 42.2511 26.1663 16.7838 19.1278 24.5198 26.8999 22.1715 18.8721 25.4735 20.9301 21.8608 12.7807 13.6109 13.755 13.8513 7.4179
387.1605 382.1486 370.9549 366.8993 360.727 352.7481 356.3834 339.9607 349.3393 340.4795 331.6028 313.8165 321.4662 308.7421 290.1902 279.9106 276.0433 289.1301 296.4153 317.3409 292.3739 296.5924 269.3395 281.5335 252.0744 234.7369 230.5632 222.5509 200.9378 192.9293 179.4703 168.1979 170.9858 174.5912 175.7356 131.5171 106.2499 122.5368 147.7912 205.5205 200.2888 111.4552 72.3252 66.2062 69.1014 54.2433 34.0771 25.9881 49.0795 15.0146 12.4651 16.3491 18.7611 23.612 15.7139 12.3891 8.3145 17 11.7484 10.6742 16.631 10.7798 11.2498
371.6147 370.6144 369.8242 360.831 354.6122 347.3985 360.4595 375.3648 353.7289 332.2426 322.8726 311.1053 307.3698 279.3172 271.0254 266.6024 263.9382 275.8825 299.1055 288.7645 265.9712 306.6745 280.0564 230.6809 262.3991 247.7887 244.6773 232.7081 228.3525 217.6133 184.3529 144.8624 136.8105 138.705 114.8349 101.8175 137.1115 134.7404 117.1835 139.1183 101.9366 94.4127 82.4331 81.1586 49.6605 50.9611 48.145 41.9043 22.4535 20.1592 14.513 10.964 8.3804 18.4236 8.7762 8.4433 8.0523 9.0968 7.6875 5.6324 11.4399 16.6713 11.1388
389.3208 388.7762 365.0549 367.2978 340.065 338.8807 340.7817 352.4926 341.8356 306.2606 307.1279 299.7076 289.8361 271.2188 262.9171 255.5488 253.3738 259.7024 281.2142 295.5212 291.9106 279.6342 236.8073 239.1036 206.3228 221.015 178.938 218.7092 240.8712 233.147 193.3352 153.6743 127.7252 112.2238 97.3809 92.7555 91.6273 84.5261 89.3789 81.9979 81.0781 59.2401 77.8529 91.3901 107.2659 106.9144 85.4879 75.056 58.2468 31.8271 19.2581 9.9845 8.9797 15.2186 12.8312 8.2229 3.8351 9.8912 10.0047 12.577 8.0999 6.8626 19
364.299 379.1603 371.4374 368.0458 332.2704 329.0604 336.0305 335.7745 311.5896 298.976 292.7554 287.3722 279.972 274.7474 260.5786 249.7455 245.1715 247.5321 257.2132 269.626 287.8815 274.6138 265.2722 242.4686 247.7604 243.8722 224.9991 156.9398 173.2607 214.613 185.7362 149.7837 126.305 115.4599 102.645 92.6868 76.6596 72.2487 83.8787 61.0832 59.6578 50.9726 55.0804 49.3238 60.6868 72.0661 94.1155 74.2715 74.8451 8.2215 12.7697 11.0091 3.5905 5.6719 2.8367 0.7509 0.1232 3.481 4.4951 9.2537 5.8998 10.29 12.8118
