Resources/Map/Lvl0_30x30/Ele_AL.asc
ncols         335
nrows         335
xllcorner     16805000
yllcorner     6675000
cellsize      10000
nodata_value  -99999.0
[rows 120 to 149 of 335, columns 132 to 197 of 335]
-1195.0275 -1230.5559 -1271.1627 -1310.3557 -1345.1316 -1381.9492 -1424.7598 -1468.2737 -1510.6235 -1548.4259 -1573.9287 -1589.9036 -1603.2062 -1615.9456 -1627.0455 -1637.1901 -1645.9541 -1655.4762 -1665.1589 -1676.9381 -1696.6149 -1724.2025 -1753.3301 -1774.5415 -1787.7012 -1798.9949 -1821.3079 -1851.0155 -1879.7021 -1900.837 -1912.3193 -1919.7174 -1929.8693 -1942.3384 -1956.2344 -1972.7782 -1992.0386 -2012.3274 -2031.5398 -2049.5913 -2066.4819 -2082.6458 -2099.3867 -2118.1409 -2138.2754 -2158.2507 -2177.1553 -2192.8916 -2206.4741 -2218.4343 -2229.498 -2241.425 -2255.2068 -2269.0559 -2283.595 -2297.6338 -2310.3496 -2323.4353 -2336.27 -2348.2102 -2359.8235 -2372.2039 -2384.7197 -2396.3735 -2408.6094 -2418.437
-985.1302 -1034.5592 -1074.5912 -1105.7015 -1134.3431 -1173.4294 -1219.0667 -1259.4829 -1291.6055 -1316.9843 -1339.5294 -1360.8262 -1382.7841 -1407.4714 -1436.469 -1469.5229 -1504.959 -1537.6108 -1562.5555 -1576.5592 -1591.3885 -1621.6189 -1659.3052 -1688.7738 -1706.6237 -1718.1217 -1729.6647 -1736.4188 -1739.0229 -1742.745 -1747.3645 -1757.2339 -1774.6055 -1797.0857 -1820.1871 -1840.8818 -1861.6234 -1881.0114 -1899.5248 -1916.3014 -1931.1172 -1945.5594 -1962.6334 -1983.2595 -2004.7123 -2025.8875 -2047.3627 -2069.5967 -2093.3386 -2115.0823 -2132.9167 -2149.5601 -2166.4829 -2182.4475 -2197.7996 -2213.2913 -2228.1462 -2243.1816 -2259.177 -2275.063 -2289.9275 -2305.3047 -2320.0916 -2333.8347 -2347.2793 -2359.1726
-724.0696 -776.6599 -822.0286 -860.0383 -896.2904 -937.3094 -978.1098 -1012.9829 -1045.2454 -1077.1915 -1109.8175 -1144.0145 -1181.0864 -1217.2983 -1251.834 -1293.8751 -1337.3777 -1375.1848 -1409.1552 -1431.6146 -1451.1656 -1470.4305 -1485.3019 -1499.6566 -1511.4069 -1520.5466 -1535.9786 -1551.7771 -1568.2886 -1586.3915 -1606.6364 -1633.7585 -1663.6642 -1694.2429 -1721.1119 -1739.6812 -1751.2784 -1759.679 -1770.0668 -1781.9148 -1794.0599 -1810.1508 -1831.2195 -1855.8812 -1880.4584 -1903.3157 -1924.6105 -1945.4619 -1967.274 -1988.2555 -2007.1459 -2026.2876 -2047.0057 -2067.9231 -2088.9304 -2111.01 -2133.5166 -2156.0659 -2179.4868 -2200.8274 -2219.6289 -2238.1926 -2255.3879 -2271.3792 -2286.0579 -2300.3882
-504.9191 -538.9222 -572.8635 -610.9835 -656.9753 -708.1132 -755.6496 -799.946 -852.1326 -903.4055 -939.6981 -967.9432 -992.7589 -1015.5801 -1047.4766 -1094.7339 -1136.5563 -1159.5647 -1180.2181 -1210.443 -1252.8251 -1289.655 -1300.5687 -1297.6599 -1284.6447 -1285.1473 -1311.9279 -1348.2257 -1386.377 -1421.9415 -1450.8713 -1477.3457 -1501.4213 -1519.1605 -1533.3887 -1549.1991 -1566.2045 -1580.8728 -1596.3229 -1616.9191 -1643.5897 -1673.6008 -1705.0159 -1734.7758 -1760.9709 -1784.3312 -1808.3147 -1833.0681 -1856.2961 -1878.0001 -1899.2733 -1921.0533 -1942.1176 -1960.6334 -1976.4994 -1993.1703 -2014.0297 -2040.2533 -2069.99 -2101.4875 -2131.7212 -2159.0437 -2181.0737 -2200.9587 -2217.8914 -2233.4297
-382.2878 -401.2405 -423.9843 -452.5493 -490.6463 -536.3782 -580.0988 -617.3035 -646.9884 -668.9417 -696.685 -736.4041 -784.1743 -828.6836 -859.9601 -882.0361 -901.0298 -926.5652 -970.7035 -1020.592 -1048.7629 -1043.5477 -1027.8329 -1021.2491 -1036.4854 -1076.0897 -1122.7416 -1162.5302 -1196.0405 -1223.2755 -1247.0287 -1273.3735 -1303.7504 -1333.9292 -1359.0883 -1381.8047 -1407.3649 -1431.4506 -1453.118 -1474.9094 -1497.3838 -1520.3311 -1542.5356 -1564.4518 -1588.0532 -1618.8474 -1659.804 -1702.5936 -1736.4469 -1759.9689 -1777.4478 -1794.8351 -1814.1017 -1835 -1855.8218 -1876.2622 -1898.4836 -1922.4301 -1949.9623 -1981.788 -2017.0167 -2051.5608 -2082.4277 -2110.4612 -2134.6111 -2157.0576
-317.3398 -328.3745 -339.7928 -353.1615 -371.123 -393.6462 -417.6108 -439.6871 -459.722 -477.9881 -500.8145 -530.4532 -561.9476 -592.5023 -624.2237 -659.9437 -698.79 -738.3836 -777.837 -800.5325 -807.8096 -808.4862 -819.0978 -838.658 -865.9395 -899.432 -932.1161 -959.0734 -984.4738 -1009.722 -1039.4164 -1072.905 -1104.2029 -1135.1342 -1158.6621 -1177.9406 -1199.3524 -1223.3423 -1245.6273 -1270.5283 -1307.2037 -1352.1578 -1392.7999 -1427.4021 -1455.8014 -1482.7559 -1511.8517 -1543.7704 -1576.7609 -1605.563 -1626.7334 -1644.3518 -1662.9841 -1682.8606 -1707.4481 -1735.734 -1763.5874 -1789.5396 -1815.5104 -1846.2499 -1882.3109 -1921.4177 -1962.1395 -2001.4535 -2037.5299 -2069.1467
-255.7451 -263.743 -274.0444 -286.6813 -300.3244 -314.6465 -329.2872 -343.511 -357.3683 -370.6384 -383.2991 -396.4985 -410.9584 -436.9463 -477.7137 -521.8961 -557.9211 -578.4577 -585.6003 -586.2686 -590.4545 -601.0154 -620.9749 -651.6181 -686.6276 -718.244 -743.9855 -763.2706 -784.5952 -814.9777 -848.9232 -868.0767 -873.1804 -884.8219 -919.8737 -970.2685 -1017.4441 -1064.0313 -1109.8168 -1151.2438 -1188.3068 -1223.7638 -1257.8783 -1287.6729 -1310.6306 -1331.0443 -1357.0281 -1389.8651 -1425.4608 -1463.3057 -1501.2079 -1535.9485 -1564.8324 -1585.4294 -1604.6461 -1629.4524 -1659.1699 -1689.4296 -1717.8912 -1745.7421 -1772.3992 -1798.6741 -1836.1072 -1880.1241 -1925.3658 -1962.0018
-209.997 -216.1233 -226.7748 -242.2672 -260.4529 -279.5333 -298.524 -317.6367 -336.4281 -354.8248 -371.8788 -386.6601 -398.0254 -409.2807 -425.0394 -443.7798 -462.1977 -478.1931 -491.5723 -503.2446 -513.6216 -524.5126 -536.4188 -549.8171 -563.0491 -576.7361 -589.1123 -600.5279 -617.71 -645.2178 -679.5647 -713.8812 -744.4004 -776.7899 -821.1764 -876.7433 -923.5253 -957.1907 -980.911 -998.4044 -1010.3702 -1023.1724 -1039.5011 -1060.2679 -1091.8436 -1134.9697 -1193.6868 -1259.5482 -1312.2031 -1348.304 -1379.1233 -1411.8777 -1444.4111 -1470.58 -1489.4724 -1507.9554 -1527.4242 -1547.7672 -1568.248 -1590.6853 -1616.1827 -1642.427 -1665.9425 -1688.3887 -1715.2864 -1745.616
-208.3788 -216.1078 -226.9295 -241.9145 -259.3618 -277.337 -295.5778 -313.8186 -331.6129 -349.1261 -365.6835 -379.8613 -391.2077 -399.2977 -405.8985 -413.1956 -420.1937 -427.8619 -435.1231 -442.2602 -450.5458 -459.2626 -469.4856 -479.8446 -489.2238 -498.133 -505.3112 -513.5855 -524.2061 -539.0359 -559.8733 -584.8232 -615.0443 -651.9163 -684.6582 -699.6093 -701.5282 -700.2695 -698.0798 -695.2208 -698.9404 -723.4374 -764.3901 -803.008 -843.6895 -895.6213 -949.7701 -996.8659 -1035.4216 -1065.5991 -1092.99 -1117.1829 -1137.6028 -1155.2842 -1174.6266 -1193.5079 -1206.8641 -1215.9738 -1218.4861 -1213.3064 -1210.0491 -1209.8733 -1214.6664 -1214.3579 -1217.6147 -1234.3054
-228.0222 -238.2519 -249.0138 -261.1697 -273.9882 -287.2719 -301.3345 -315.3971 -329.6542 -343.8324 -357.895 -370.7859 -382.1344 -390.3387 -394.1667 -395.8209 -397.1599 -398.8124 -400.8023 -402.8464 -406.1207 -410.4886 -416.6112 -423.1826 -428.7942 -435.0527 -440.3067 -445.6301 -451.0004 -457.1189 -464.2814 -472.2801 -479.7897 -486.6296 -488.1774 -479.8657 -467.2196 -454.7076 -445.1831 -440.5363 -445.2894 -464.6813 -492.2042 -512.3836 -530.7874 -561.7166 -596.7079 -627.1588 -654.9753 -686.82 -724.3282 -751.1926 -762.155 -765.6846 -777.4252 -797.5554 -813.8895 -817.8456 -807.5185 -776.9674 -746.3693 -723.2641 -708.1038 -695.5158 -686.9139 -693.2433
-239.0879 -247.4501 -256.1249 -265.8439 -275.5286 -285.2916 -295.5155 -305.7393 -316.1737 -326.5227 -336.5236 -345.9449 -354.9091 -362.049 -367.0027 -370.1269 -372.5831 -374.4153 -376.6824 -379.066 -381.4496 -384.1398 -386.5524 -388.9392 -390.3465 -391.7091 -391.6886 -390.6208 -388.6028 -386.932 -385.6488 -384.6596 -381.4898 -377.6849 -373.1957 -367.1346 -361.3419 -355.0157 -347.3679 -340.7278 -336.1625 -334.2672 -334.3077 -335.6584 -336.6448 -336.5079 -340.1664 -346.4999 -355.1827 -371.7405 -395.6594 -418.4753 -432.4258 -439.0791 -451.976 -477.8944 -497.9613 -499.514 -493.362 -484.7685 -476.5746 -471.3683 -469.1052 -470.7527 -474.8583 -481.0555
-238.3578 -244.4825 -250.5724 -257.3365 -264.2695 -271.2253 -278.5221 -285.76 -292.4451 -299.2946 -305.9513 -312.3814 -318.0963 -323.0282 -327.5073 -331.6656 -334.9502 -337.7238 -340.4279 -343.44 -345.8744 -347.9501 -349.9355 -350.6785 -350.7057 -350.3484 -348.6734 -347.2003 -343.8801 -341.0861 -337.3599 -333.7204 -330.4527 -326.1185 -322.1013 -318.1529 -313.4913 -309.0109 -304.3648 -300.1791 -296.453 -293.0813 -290.487 -288.6206 -287.5985 -287.3049 -288.2649 -290.244 -293.0963 -296.4744 -300.5575 -304.4048 -308.2184 -313.325 -319.9229 -328.5323 -335.7529 -340.7658 -347.3758 -354.8751 -362.1175 -369.2717 -375.3705 -380.9075 -386.3797 -391.2262
-228.4004 -232.9195 -237.6451 -242.3707 -247.4326 -252.4457 -257.5351 -262.293 -266.8701 -271.5957 -276.0688 -280.4098 -284.3047 -288.0083 -290.9524 -294.4155 -297.0132 -299.1059 -301.1499 -303.7365 -304.6346 -306.5296 -306.7022 -306.7022 -307.0709 -306.0766 -305.0486 -303.7564 -302.0968 -300.3134 -297.3317 -294.9842 -292.3026 -289.577 -286.6167 -283.5793 -280.6133 -277.5815 -274.7184 -272.0368 -269.4803 -267.4044 -265.51 -263.7101 -263.0046 -262.8611 -263.036 -264.0276 -265.5612 -267.6299 -270.7274 -274.5366 -278.6247 -283.0988 -288.0656 -293.5893 -299.5947 -306.1679 -312.4828 -319.552 -326.477 -333.2467 -340.0164 -345.9469 -352.0186 -356.7166
-215.1751 -218.5258 -222.2069 -225.888 -229.569 -233.0266 -236.5329 -239.8498 -243.0435 -246.3175 -249.1876 -251.8466 -254.5056 -257.1647 -259.0642 -261.4827 -263.1748 -264.7718 -266.4088 -268.3922 -269.0081 -270.5147 -271.0256 -271.4327 -272.4293 -271.8474 -271.6348 -271.2367 -270.9747 -269.8802 -268.1255 -267.0762 -265.7841 -264.3252 -263.3896 -261.4051 -260.0891 -258.2637 -257.4752 -256.2453 -255.2153 -254.6004 -254.1354 -253.7688 -253.8274 -254.7594 -255.668 -257.0777 -259.0174 -261.4842 -264.7874 -268.6974 -272.7856 -276.8737 -281.6028 -286.7129 -292.5081 -298.6403 -304.4821 -310.5064 -316.6386 -322.4541 -328.5048 -334.132 -339.8245 -345.3699
-202.9601 -205.5966 -208.2331 -210.8696 -213.7327 -216.2377 -218.6198 -221.002 -222.8453 -224.7327 -226.2124 -227.6887 -229.3032 -230.6077 -231.6716 -232.8181 -234.6785 -235.897 -237.2753 -239.2311 -240.7583 -241.8258 -243.6345 -244.7105 -245.7326 -246.1757 -247.5796 -247.0597 -248.0029 -247.8544 -247.8365 -247.6951 -247.6046 -247.1903 -247.5038 -247.2476 -246.6551 -246.4409 -247.1789 -247.478 -247.6177 -248.1963 -249.1155 -250.074 -251.177 -253.0712 -255.0802 -257.3006 -260.0718 -263.3839 -267.1516 -270.9805 -275.0686 -279.4169 -284.3061 -289.6949 -295.3438 -301.3436 -307.0533 -313.0284 -319.1606 -325.1661 -331.6092 -337.8182 -343.4512 -349.503
-191.7931 -194.2893 -196.7854 -199.5104 -202.2823 -204.3352 -205.9271 -207.1816 -207.9261 -208.8581 -209.2493 -209.6359 -210.2058 -210.0383 -210.3457 -210.4798 -211.7314 -213.2282 -215.55 -217.6615 -220.1 -221.2782 -224.1718 -225.3223 -226.7778 -228.2522 -229.8175 -230.3155 -231.7596 -232.6916 -232.8532 -234.1933 -234.6454 -235.2757 -236.6613 -237.5594 -238.1196 -239.203 -240.7617 -242.0628 -243.1523 -244.8241 -246.8248 -248.9733 -251.2834 -253.7701 -256.5771 -259.3447 -262.6358 -266.45 -270.7826 -275.0686 -279.4207 -284.3061 -289.4163 -295.1894 -300.6366 -306.4538 -312.9085 -319.1606 -325.9768 -332.7532 -340.1783 -347.3167 -354.3531 -361.3895
-179.0608 -182.3818 -185.4479 -188.791 -191.5766 -193.3202 -194.8168 -196.3135 -197.1829 -197.6575 -198.4439 -199.0712 -199.8781 -200.0899 -200.4239 -200.8985 -201.4304 -202.8034 -204.4332 -206.0134 -208.4746 -209.6629 -211.6873 -213.223 -214.7894 -216.8223 -217.8554 -219.3553 -220.9199 -222.3684 -223.3857 -224.9455 -226.4422 -227.9516 -229.5067 -231.0034 -232.6309 -234.5323 -236.1835 -238.2275 -240.4259 -242.9447 -245.665 -248.546 -251.3029 -254.3277 -257.3938 -260.6859 -264.4991 -268.5872 -272.9715 -277.5661 -282.4485 -287.5587 -292.6689 -298.1341 -303.7429 -309.7064 -315.8905 -322.3908 -329.4668 -336.2113 -343.6935 -351.3952 -359.0968 -367.2086
-165.2609 -168.6089 -171.675 -174.4896 -177.0439 -179.3122 -181.64 -184.1812 -186.0952 -187.6143 -189.4783 -191.5036 -193.5393 -195.2047 -196.7239 -197.8629 -198.4723 -199.3934 -199.5678 -200.4375 -201.9174 -202.5506 -203.9859 -205.997 -207.0612 -208.5977 -210.1292 -212.1273 -213.2173 -215.2614 -217.1934 -218.4148 -220.8801 -222.746 -224.0656 -226.4987 -228.5428 -230.7164 -233.1173 -235.3124 -237.8626 -240.604 -243.6701 -246.5315 -249.5047 -253.0837 -256.421 -259.9737 -264.0619 -268.15 -272.2381 -276.6215 -281.5248 -286.334 -291.2587 -296.6914 -301.9841 -307.4659 -313.0812 -319.0946 -324.8575 -331.2877 -337.5473 -343.7072 -349.8672 -356.9104
-152.2513 -155.3174 -158.1318 -160.687 -163.5157 -166.0207 -168.6479 -171.714 -174.1529 -176.5271 -178.7495 -181.1344 -183.3291 -185.3732 -187.4173 -189.0772 -190.6189 -191.7409 -192.7773 -193.8019 -194.8239 -195.8614 -197.8207 -199.3777 -201.417 -202.4604 -203.997 -205.9951 -207.0506 -208.6665 -211.0612 -212.3514 -215.2614 -217.2179 -219.0582 -221.9021 -224.0703 -226.765 -229.5428 -231.8972 -234.7999 -237.3577 -240.2869 -243.6701 -246.7362 -250.2449 -253.8684 -257.4212 -261.5093 -265.3276 -269.1771 -272.973 -277.1383 -281.7393 -286.3362 -291.2526 -295.6721 -300.4672 -305.5651 -310.2887 -315.2723 -320.369 -325.0602 -329.224 -333.7328 -338.7574
-140.5174 -143.5835 -146.4171 -149.2462 -152.0263 -154.5844 -157.1351 -159.9801 -162.4189 -164.7679 -167.3327 -169.5512 -171.5952 -173.6393 -176.0863 -178.2579 -180.302 -181.5205 -183.3902 -185.0259 -186.5902 -188.5834 -190.6275 -192.2219 -195.2259 -196.2903 -198.3826 -199.8629 -200.921 -202.5697 -204.9884 -206.6786 -209.1292 -211.2678 -213.8418 -216.3793 -219.0802 -222.0051 -224.5466 -227.2785 -230.3447 -233.2444 -236.3838 -239.8621 -242.8322 -246.1787 -249.4573 -253.0359 -256.8517 -260.4091 -264.028 -267.5413 -270.8876 -275.0524 -279.3195 -283.056 -286.9653 -291.0103 -295.0806 -299.1687 -303.2097 -306.8622 -310.4081 -314.0052 -317.561 -321.1069
-130.6834 -133.1848 -135.9597 -139.0258 -141.5528 -143.848 -146.4107 -149.2903 -151.7291 -153.7732 -156.1176 -158.6919 -160.9054 -162.9495 -165.753 -168.0376 -170.0817 -171.7563 -173.7224 -176.2469 -178.363 -180.4071 -182.4512 -184.4953 -187.5191 -189.1368 -191.6168 -193.2289 -195.3732 -197.4173 -199.4614 -201.5054 -203.5495 -205.7717 -208.6376 -210.9039 -213.8351 -216.5116 -219.4955 -222.1684 -225.2345 -228.3006 -231.5351 -234.7019 -237.6871 -240.8144 -243.839 -247.1447 -250.4384 -253.7243 -257.3432 -260.8566 -263.5929 -267.0551 -270.7891 -274.0159 -277.3885 -280.9862 -284.5404 -288.0639 -291.2414 -294.3075 -296.922 -300.2626 -303.4007 -305.9788
-122.8799 -124.924 -127.1787 -129.6575 -131.907 -134.2735 -136.8179 -139.2967 -141.8692 -144.1274 -146.1715 -148.9089 -151.2596 -153.3037 -155.6709 -158.2663 -160.8976 -163.0545 -165.0986 -168.0123 -170.1868 -172.2308 -174.8126 -176.8935 -179.9174 -181.9828 -184.6141 -187.2385 -189.7275 -192.3588 -194.8614 -196.4723 -199.1036 -201.7084 -204.2171 -206.8152 -209.1902 -211.6138 -214.7038 -217.0582 -220.1243 -223.1904 -226.2565 -229.3226 -232.1471 -234.8802 -238.2133 -241.3074 -244.0786 -246.8397 -249.8714 -253.458 -256.1716 -259.0978 -262.326 -265.0113 -267.8837 -271.2506 -274.4413 -277.5074 -280.1293 -283.0651 -285.7835 -288.2897 -291.2634 -293.9537
-115.7257 -117.7697 -119.8138 -121.8579 -123.9019 -126.1724 -128.3935 -130.4375 -133.1089 -135.1383 -137.3737 -139.8935 -142.0613 -144.5453 -147.1992 -149.702 -152.6377 -154.8783 -156.9223 -159.836 -162.0105 -164.5997 -167.631 -170.3107 -172.7752 -175.4259 -178.4778 -180.943 -183.6242 -186.6366 -189.0694 -191.4192 -194.3921 -196.8829 -199.3786 -201.4007 -203.9088 -206.2192 -209.169 -211.7628 -214.4175 -217.4836 -220.5497 -223.6158 -226.5123 -229.0806 -232.0016 -235.0873 -237.6429 -240.2018 -242.7488 -245.7799 -248.7768 -251.3111 -254.1498 -256.5529 -259.282 -262.3481 -264.9792 -267.8837 -270.1767 -272.5415 -274.9979 -277.6164 -280.6176 -283.1567
-108.5714 -110.6155 -112.6596 -114.7036 -116.7477 -118.7918 -120.4751 -122.2613 -124.9326 -126.7001 -129.0648 -131.4375 -133.4816 -136.2631 -139.3292 -141.6138 -144.4614 -146.702 -149.2704 -151.7404 -154.3858 -157.4106 -160.4767 -162.9503 -166.2228 -168.675 -171.732 -174.3975 -176.9154 -180.4681 -182.6242 -185.6903 -188.6969 -191.4412 -194.2308 -196.0546 -198.5464 -200.9948 -203.1531 -206.1008 -208.6983 -211.3514 -214.4175 -217.4836 -220.5497 -223.1733 -225.6819 -228.748 -231.3055 -233.8802 -236.3936 -239.0125 -241.7094 -243.9072 -246.1956 -248.7868 -251.3006 -254.1718 -256.0579 -258.6854 -260.9784 -263.5143 -265.6852 -268.0493 -270.4831 -273.1265
-103.0503 -104.7426 -106.4695 -107.8588 -109.5935 -111.278 -112.4577 -114.085 -116.3544 -118.2991 -120.4584 -123.0648 -125.3053 -128.0869 -131.153 -133.4375 -136.2852 -139.0546 -141.515 -144.171 -147.1903 -149.671 -152.6818 -155.4038 -158.8068 -161.5208 -164.5869 -167.6365 -170.3842 -173.7529 -176.5638 -180.1129 -182.7243 -186.2169 -188.6845 -191.3834 -194.0135 -196.4041 -198.7582 -201.1695 -203.6743 -206.2735 -208.926 -211.9921 -214.7888 -217.3246 -220.1904 -222.9447 -225.4992 -228.0487 -230.2614 -232.8802 -235.3495 -237.3936 -239.4377 -241.2952 -243.6833 -246.1832 -248.0706 -250.2872 -252.4207 -254.7505 -257.3918 -259.5529 -261.0452 -263.8837
-100.1255 -100.9936 -101.8442 -102.5235 -103.4074 -104.213 -104.9442 -105.7692 -107.29 -109.7644 -112.4858 -114.9816 -117.6032 -120.0846 -122.9767 -125.7792 -128.2391 -131.175 -133.9552 -136.3936 -139.3733 -142.1312 -145.1682 -148.2343 -151.3004 -154.3666 -157.4327 -160.4988 -163.6099 -167.2341 -169.8091 -173.718 -176.5447 -179.9534 -183.287 -186.5003 -189.9995 -192.9872 -196.4423 -198.958 -201.1142 -203.3834 -205.5545 -208.2074 -210.8529 -213.0463 -215.743 -218.3224 -220.5381 -222.7478 -224.7919 -227.0298 -229.2173 -231.2614 -232.8807 -234.4632 -236.6246 -238.775 -240.819 -242.8631 -244.9072 -246.4243 -249.1498 -251.3767 -252.5595 -254.7627
-96.712 -97.5849 -98.7798 -99.9846 -100.4852 -100.6305 -100.8143 -101.3602 -102.026 -103.7643 -106.1305 -108.2782 -111.0377 -113.3663 -116.1699 -118.7009 -121.364 -123.8029 -126.1692 -128.8568 -131.8818 -134.3222 -137.97 -141.0801 -143.4753 -147.2123 -150.2784 -153.3445 -156.4786 -160.4484 -163.3396 -167.2937 -170.3598 -173.6041 -177.6291 -181.4651 -185.309 -188.6414 -192.4412 -195.622 -198.8381 -201.0966 -202.6987 -204.8684 -207.1021 -209.1461 -211.3367 -213.5495 -215.5936 -217.6376 -219.6817 -221.3322 -223.0851 -224.7054 -226.2865 -228.2173 -229.7924 -231.6207 -233.6648 -235.1946 -237.0682 -238.8616 -241.0987 -242.6257 -244.2882 -246.2885
-93.3306 -94.3526 -95.5198 -96.6899 -97.5539 -97.8796 -98.2918 -99.1916 -99.5864 -100.4261 -102.2223 -103.7763 -105.8134 -107.9409 -109.6709 -112.1679 -114.602 -116.7036 -118.7477 -121.6614 -124.0973 -126.8189 -130.1341 -133.2191 -135.3053 -139.3513 -142.4174 -145.5159 -149.3244 -153.3225 -156.5006 -160.4547 -163.6311 -167.4718 -171.56 -175.6481 -179.492 -182.8244 -186.828 -190.4881 -193.9914 -197.071 -198.9258 -201.2515 -203.4235 -205.058 -207.1021 -209.1461 -210.8307 -212.5275 -214.5715 -216.0408 -217.6597 -219.0849 -220.2949 -222.0851 -223.4442 -224.6736 -226.5105 -228.3344 -229.759 -231.6427 -233.1093 -234.778 -236.1662 -238.1122
-89.207 -89.4841 -90.1221 -90.7673 -91.0444 -91.5784 -92.4814 -93.0623 -94.0837 -95.7496 -98.1878 -99.7781 -101.5155 -103.0221 -104.1153 -106.1308 -107.6485 -109.5494 -111.5935 -113.8734 -115.9528 -118.9106 -121.2947 -125.012 -127.1291 -130.4475 -134.2411 -137.3531 -141.3917 -144.7762 -148.6176 -152.5716 -155.7938 -159.882 -163.9701 -168.0583 -172.0802 -175.9634 -180.0515 -184.0555 -187.9566 -191.5942 -194.3832 -197.5706 -200.5406 -202.1049 -203.4041 -204.7033 -205.8645 -207.4173 -209.4614 -210.9307 -212.1145 -213.6969 -214.9968 -216.1986 -217.8112 -219.0629 -220.2826 -221.5818 -223.2348 -224.6378 -225.7154 -226.965 -228.6583 -230.021
-83.0826 -83.4948 -83.6182 -84.1322 -84.4948 -84.6346 -84.8893 -85.902 -87.7494 -89.7934 -92.5088 -95.2294 -97.4274 -98.1803 -99.0052 -99.6351 -99.9442 -101.0244 -102.9375 -104.9816 -107.0256 -109.9834 -112.8164 -116.1051 -118.9376 -121.9992 -125.3319 -129.1424 -132.4972 -136.2856 -139.6904 -143.7451 -147.6176 -151.7057 -155.6435 -159.1311 -163.2193 -167.5074 -172.1464 -176.4676 -181.0736 -185.0734 -188.9069 -192.8397 -196.4025 -198.7714 -200.212 -201.2341 -202.2561 -203.4104 -204.687 -206.2521 -207.5934 -208.7696 -209.8866 -210.9086 -212.1013 -213.7327 -214.4273 -215.2459 -216.4606 -217.5391 -218.5611 -219.5832 -220.8198 -222.5396
