Resources/Map/Lvl0_30x30/Ele_BC.asc
ncols         335
nrows         335
xllcorner     -13345000
yllcorner     3325000
cellsize      10000
nodata_value  -99999.0
[rows 54 to 80 of 335, columns 0 to 60 of 335]
767.7623 732.5292 709.3735 702.2388 686.7097 671.1442 699.972 690.0975 650.2073 610.9865 610.8842 593.6892 645.75 568.0233 589.0042 637.9442 641.2865 575.9606 631.5477 633.9144 624.328 642.0237 669.9382 718.6623 744.6902 713.4595 703.9541 716.4804 680.9578 692.2972 645.0829 671.1265 684.5627 791.207 764.9781 807.6955 813.3987 782.7814 808.3453 742.442 823.999 766.0565 684.7383 762.1053 814.0887 820.9095 863.2414 986.4684 882.152 776.2961 702.4357 808.642 935.3965 1048.474 1000.5653 983.2684 835.2551 738.8793 753.8821 741.7995 641.1195
826.441 767.7214 741.588 692.8035 664.4266 700.1809 713.4603 707.6002 725.3566 703.8474 681.104 689.8927 662.788 654.5067 631.954 652.8344 646.5017 661.4624 664.4364 655.8333 626.5977 645.1973 727.6539 751.5074 742.0651 724.1456 731.4955 753.921 692.9782 646.0718 651.9194 714.2526 703.9131 723.4426 822.4571 925.8479 912.3384 859.6927 853.9907 833.716 894.3284 833.1475 759.5193 853.4653 977.9174 1014.3549 1109.1219 974.1151 908.8661 883.0869 814.5502 820.939 1007.8839 1046.8046 896.8645 828.0861 797.0975 762.2742 770.4767 692.2532 595.0779
843.3132 802.1791 714.2117 752.9509 722.7763 749.5473 833.8746 815.2186 762.7272 728.833 714.8865 691.1459 674.842 654.7817 645.034 695.1091 694.5743 697.1578 687.9425 704.0311 663.1674 710.5439 674.8597 708.8406 758.2137 729.2562 756.6718 739.0764 684.1783 644.4662 696.5767 739.2357 768.5222 758.4642 858.0308 823.6636 916.9831 915.7937 891.6638 930.4935 925.7488 860.1469 926.526 953.6163 1174.2556 1121.303 1169.6567 1229.1812 1039.7871 897.3867 841.4222 930.0657 1061.6606 926.2126 884.5254 822.6794 747.3118 772.5423 716.1873 625.737 596.3559
926.9518 847.2721 806.3876 846.7958 903.4008 854.8962 771.6106 820.5314 847.5983 792.6345 890.7162 747.8459 739.2161 732.1541 668.2307 737.7346 812.621 784.56 786.2966 715.9521 777.0733 765.9282 746.6318 754.8518 731.8956 743.8038 763.1456 711.4105 700.1873 656.0729 719.4286 766.2198 777.2948 730.788 744.7424 775.823 836.561 864.0073 940.6033 932.6827 920.6755 1050.1586 1030.4084 1082.0566 1245.4625 1269.7762 1230.0271 1097.6951 1045.0924 1010.0956 1002.1381 1116.0522 961.852 863.3589 831.8737 819.043 789.173 711.6185 726.3023 686.5599 636.3237
1046.797 1024.4131 901.5537 909.7159 877.9196 937.4521 899.0559 867.3037 938.2573 882.4403 855.7462 878.113 868.8673 854.3066 763.4373 701.9038 742.1882 783.2614 785.4903 796.4929 830.1072 788.1497 795.89 758.8249 773.7944 789.5305 858.3672 804.4648 739.5096 728.9885 701.9334 721.5367 732.5243 767.0031 812.5621 808.2246 826.3757 818.7162 816.7182 855.8912 963.5786 1046.2008 1144.5347 1176.5099 1177.399 1153.6897 1177.83 1115.1218 1105.2158 1091.6816 1110.9425 1015.7245 982.9963 881.0322 828.426 782.3119 767.0214 752.57 730.0103 697.9319 617.3877
1181.2422 932.6584 965.6525 1129.8798 1083.353 1057.8055 1138.1067 1102.941 1057.0032 1055.5731 1004.0991 888.9512 806.7006 807.2449 873.2446 832.1136 834.5223 834.0201 809.05 845.1981 894.2365 930.8666 870.2458 790.321 833.5994 885.5842 851.4804 768.7211 776.6415 764.361 741.7877 772.9977 727.3282 752.2098 807.7095 803.4539 798.7368 819.3293 913.6522 1007.2853 957.7449 1016.1458 1136.5754 1145.6691 1105.271 1021.8363 999.187 1005.827 981.3628 958.406 941.6288 914.6473 909.7302 871.5204 812.4727 795.5818 743.1649 720.5453 710.7128 643.94 617.5992
962.4366 1165.2069 1105.3823 1462.5953 1189.1779 1156.2999 1099.9247 1056.8374 1113.9076 884.6719 876.0201 849.487 927.5653 905.5784 894.1853 921.6732 838.6263 874.937 872.702 858.707 894.1926 914.9527 836.5889 862.4283 850.6745 888.4902 867.3754 805.2044 836.0684 834.4043 790.1743 772.7897 809.2852 780.8562 745.8973 812.4614 821.827 832.4619 886.4435 960.6763 1075.3666 996.936 1015.8644 1121.9867 1138.5751 1087.7252 1083.5015 1058.566 1055.1827 976.0191 946.1241 899.7878 816.9335 829.2687 809.7822 786.0605 774.496 730.7604 668.8687 637.5222 630.6592
1115.0154 1231.9791 1109.2488 1126.2662 1370.1362 1454.8352 1315.5421 1168.611 1145.6154 1117.7867 1090.6876 1045.6283 1013.0272 955.6872 887.9869 900.4207 872.3734 994.4226 967.2831 945.6873 962.2487 989.1401 916.3813 869.3682 884.84 876.1746 865.6642 856.66 840.7416 837.8137 818.1908 826.6674 780.5236 803.2126 797.2117 803.2899 839.1715 958.2146 1002.4495 1034.7292 1015.1454 918.8572 934.0566 949.6171 1025.3264 1052.1827 992.7894 1037.683 1010.8422 924.5372 880.4464 855.1858 841.0151 793.874 719.4687 733.4503 703.0087 655.2741 639.1412 602.0844 650.2057
1149.9125 1468.7125 1497.9049 1435.1835 1505.4199 1437.9991 1374.2264 1374.3424 1311.2402 1241.3245 1170.9471 1087.8478 1029.2365 949.3732 951.8428 936.0536 1040.101 1189.078 1031.8384 1135.4896 1134.1743 1103.9366 981.9197 962.5891 995.8917 1064.3254 1015.4433 990.7397 951.1437 857.051 843.4921 841.0471 848.1429 876.896 875.4064 892.7162 881.6734 900.0189 882.6078 946.4495 967.7264 987.4057 962.7836 852.8501 861.5333 944.5724 933.6355 932.7386 895.8713 854.7048 860.8432 799.303 765.6948 734.0042 694.379 662.8959 648.8386 628.8212 601.1634 670.9892 659.144
1387.5565 1377.3265 1425.9888 1375.1086 1151.1095 1152.3557 1134.8335 1241.1544 1302.7634 1246.5759 1046.0179 1058.6338 1049.702 1155.8195 1097.7477 960.0187 1264.7089 1154.0021 1243.0647 1231.2875 1201.3956 1133.6676 1178.1901 1175.4556 1148.7728 1127.5765 1110.8621 1081.8098 1044.7292 988.874 964.7855 947.6616 902.1879 971.0895 937.8411 904.2632 906.1688 902.971 846.7175 807.8742 787.8438 813.7104 821.8942 858.725 833.9272 809.964 858.4234 826.9991 788.1276 775.4095 764.1545 741.7416 702.9164 689.7371 622.8336 697.0695 693.1297 688.7642 680.3849 656.3781 645.0148
1929.8728 1865.6416 1461.9425 1347.0593 1488.8719 1625.0653 1165.7286 1468.2125 1436.4425 1406.4384 1289.0155 1287.7606 1183.5266 1067.276 1177.1558 1239.0697 1228.4921 1245.7819 1306.1116 1324.8949 1305.083 1248.6041 1160.2308 1109.3578 1128.256 1104.312 1050.3843 1064.8979 1118.769 1085.8973 1041.9408 999.7375 958.4825 912.8019 891.8298 872.4691 838.6313 837.3473 891.8027 884.9982 846.442 831.4307 769.7493 735.6323 723.0547 718.0594 739.7974 734.2237 720.3073 714.1846 707.1445 715.9073 669.6726 775.0863 755.6469 698.5551 662.6569 655.2746 659.9149 661.4722 665.3099
1439.0258 1415.6084 1523.7736 1598.9934 1814.9886 1765.8413 1596.5254 1582.6786 1484.3716 1091.7694 1047.9847 1051.0273 1265.4865 1373.9113 1248.1738 1334.0154 1355.7113 1328.6232 1245.4531 1225.5117 1235.9116 1152.382 1173.6372 1197.6887 1223.6959 1132.6699 1105.6772 1103.6877 1105.4155 1121.9768 1137.4783 1113.6008 1098.993 984.9927 861.7616 1024.5281 952.0666 1070.6818 1019.844 975.9337 1005.1124 957.8783 987.9073 957.767 784.6615 801.5995 849.0723 767.0795 899.4764 835.1251 732.8292 741.2584 748.6553 744.3167 708.072 662.6852 653.1733 674.1788 636.808 641.2104 649.6678
1757.2291 1826.5114 1894.4182 1752.6436 1850.3961 1536.1929 1473.9572 1446.9122 1061.3606 1114.045 1452.6891 1504.8313 1487.5881 1417.6915 1520.1869 1473.2268 1326.5647 1245.8146 1344.5033 1287.7198 1179.5199 1129.4673 1110.3448 1087.8499 1148.9904 1082.3206 1058.5563 1018.6761 1011.0771 1024.6759 971.9891 938.5291 903.7621 883.3458 1069.1162 1122.9476 1138.7562 1180.6494 1139.0706 1055.8254 1129.0721 1110.6787 1050.5166 989.5296 794.658 825.8771 885.1645 924.2421 912.4762 834.6321 755.4537 713.6156 720.232 710.2626 726.6277 656.8309 655.409 672.1215 661.5204 658.1824 643.1487
1828.196 1974.9569 1943.6121 1941.8788 1561.6641 1734.4198 1845.0266 1328.0839 1348.1886 1321.5881 1396.2778 1307.7175 1367.0123 1317.3239 1275.1106 1286.3923 1366.0431 1428.0005 1385.1176 1272.0837 1204.326 1145.1304 1116.7604 1183.0273 1253.9545 1158.9061 1099.8965 1054.8647 1083.6838 1112.839 999.0333 991.957 1068.056 1258.5214 1260.9656 1246.1849 1261.6317 1146.5076 1095.715 1032.2214 1061.5269 1008.2477 909.2659 862.2131 794.8885 837.3212 885.1054 874.2758 792.491 812.6818 763.8599 760.0341 724.3586 705.0842 690.2451 689.2585 661.899 669.1528 685.6088 691.7051 670.986
1859.5278 1856.7451 1483.4529 1500.7145 1711.9717 1774.5422 1249.2139 1212.275 1540.1768 1328.7104 1416.6064 1455.7749 1434.1741 1482.9551 1557.2633 1552.1227 1519.4644 1395.8829 1326.7828 1295.755 1317.816 1220.5962 1208.1293 1133.8439 1219.9685 1127.589 1165.2131 1136.5999 1200.2664 1042.0243 1018.7796 1179.897 1367.1721 1182.4138 1175.7009 1101.275 1123.4805 1078.2943 914.3117 889.1839 902.9049 935.5173 930.3837 838.2064 847.6221 860.2377 899.7565 961.0275 885.1268 858.7296 840.6224 813.2675 771.6683 753.8101 708.9211 742.5878 742.0981 731.2236 720.1722 726.6647 729.3918
1875.7024 1693.756 2040.6832 2065.1919 1433.0503 1425.29 1779.985 1890.0337 2170.5388 1523.7281 1683.2175 1621.2197 1776.7357 1846.4977 1815.556 1555.0476 1504.6411 1412.5818 1357.9407 1397.1705 1299.1454 1330.7697 1231.1619 1264.7188 1209.6343 1185.3109 1182.6965 1159.4562 1230.8236 1113.5343 1010.8616 1094.3232 1156.7557 1129.3959 1043.4481 999.5644 961.6687 979.4472 929.1257 887.307 869.1587 870.4095 860.507 817.6644 825.8035 837.9731 829.897 813.0596 810.241 827.625 854.6576 813.1292 810.5367 854.9064 748.7335 750.5471 772.293 761.348 753.431 732.8184 718.2646
1799.4858 1980.0367 1773.2404 1711.3414 1473.4249 1452.472 1685.0537 2007.1278 2100.0999 1616.3948 2335.5881 1927.1799 2056.5366 2030.5397 2071.3496 1820.8375 1814.7159 1602.2664 1577.9744 1389.524 1351.889 1270.5205 1284.4257 1320.4188 1242.0449 1321.261 1320.2982 1203.6952 1185.5474 1009 1039.5361 1105.5757 1062.7742 1039.5474 1053.4741 1009.0263 987.8903 964.1374 930.0061 878.9844 888.6468 888.6901 873.7704 850.6542 850.6036 832.0057 826.6851 814.0035 798.5443 780.5146 781.4896 800.4988 781.1873 783.0201 779.7089 779.0903 762.3641 726.0573 757.673 750.4371 769.8295
1851.3822 1660.7086 1668.7296 2096.5713 2072.1714 2173.7493 1292.3707 2110.2083 1954.0817 2300.1736 2043.42 1858.4176 2230.8179 2075.6841 1995.5492 1878.6833 2108.6187 1862.573 1765.4075 1545.9968 1466.553 1321.6511 1284.2098 1327.4252 1447.9263 1434.182 1366.7572 1125.2864 1022.5682 1203.1768 1085.3076 1042.1705 1022.0107 995.1982 970.6543 977.3195 946.1162 928.5707 906.4121 920.3808 910.6331 926.5969 933.5397 917.4008 922.6171 880.98 888.8788 884.3204 861.9591 856.8089 856.101 851.6708 848.0338 833.5037 780.5016 775.0278 785.8621 738.1233 724.784 720.3433 735.5876
1875.9845 2102.6062 1803.5192 2048.0164 2508.7048 2065.2498 1508.6693 1508.9515 2313.7031 2145.9756 2025.2189 2206.8191 2259.9102 2008.1801 1983.9775 2083.2146 1952.8253 1495.9446 1773.8413 1620.3596 1496.2646 1479.1989 1369.2692 1251.4525 1260.6412 1080.5002 1049.2836 1201.4653 1301.7017 1199.9246 1137.366 1139.9716 1076.1259 1026.7666 997.0078 977.6592 969.8367 967.5768 994.3586 970.4341 953.6429 933.6426 982.4095 993.7783 1026.7815 1018.9794 1021.9715 961.1075 928.3708 897.2734 865.1909 832.325 857.9693 799.5334 834.9156 796.5893 778.2733 791.8661 753.1735 804.8808 740.7898
1374.3312 1582.821 1887.4092 2058.4131 1994.6688 2274.8635 1831.1926 1892.816 2039.2941 1941.6992 2392.0305 2107.0601 1801.3743 1924.0536 1912.91 1480.262 1503.3361 1567.399 1991.6736 1801.0204 1884.4954 1551.9723 1146.8517 1089.5892 1056.2283 1209.3945 1367.8838 1320.9276 1195.1682 1156.1079 1177.7073 1129.9128 1066.1204 1032.4219 1008.3025 1015.2406 1012.0737 1023.8905 1014.2542 1046.3909 1065.1752 983.9343 992.929 981.4415 966.6733 990.9096 948.2865 948.1267 976.6454 921.6332 862.1199 855.4009 863.5952 857.9156 822.533 776.6528 765.8018 753.2902 753.1571 739.7539 700.4963
1603.4341 2275.2493 1761.6096 1755.5052 1926.4207 1788.1877 2103.1677 1723.5103 2273.3037 2568.3943 1951.8695 2008.376 2100.0166 2107.51 1994.4781 2129.386 2153.6445 1570.2231 1516.5551 1856.6914 1520.3325 1797.4644 1093.5883 1126.1294 1324.6746 1502.0531 1431.9404 1424.5314 1246.0507 1242.9551 1223.3099 1170.2528 1094.5225 1118.8533 1103.3209 1064.7382 1000.73 1034.9718 1086.3849 1100.7209 1055.8561 1056.2363 1033.7399 1017.1042 1009.6821 985.976 941.444 927.5872 936.5481 916.7518 942.7965 878.1457 859.2201 876.2135 836.0085 773.1232 804.5292 767.1949 773.7395 805.8348 802.0282
1700.1085 2006.1935 1482.1371 2243.7173 1551.4415 2234.5698 2236.4319 2463.8909 1739.6251 2445.2898 1789.3571 2387.2083 2187.0833 2163.5703 2311.4087 2186.1897 2163.8379 2108.3528 1626.8433 1353.984 1125.2764 1242.8119 1414.864 1779.2354 1845.3623 1524.4729 1455.4034 1395.2352 1277.9647 1317.9984 1341.3137 1231.8438 1276.0011 1171.7761 1164.7856 1094.2236 1066.2097 1075.5389 1111.0374 1132.8431 1121.9827 1105.3728 1101.061 1040.8593 1009.3553 963.9145 963.4792 963.2428 955.3586 914.554 960.7162 866.3264 880.0464 875.2433 818.0803 820.3551 812.0654 804.5288 805.5869 841.2595 799.6031
1396.2263 805.3014 1327.9808 1504.9755 1870.2496 1970.7372 2194.1775 1534.9156 2356.4695 1849.1125 2103.9121 1785.3641 2156.2554 1824.1672 1891.0049 2030.9622 1908.0375 1730.8318 2315.2222 1594.0106 1073.9863 1247.214 1506.5895 1879.347 1710.6128 1903.705 1697.8159 1666.7666 1518.5562 1453.701 1410.3918 1427.4824 1444.5522 1445.1658 1345.3934 1162.4264 1129.1044 1207.4088 1192.2522 1182.0475 1167.6027 1154.1824 1152.7207 1091.7598 1048.5767 992.1371 963.8911 929.681 924.2973 916.7844 925.8207 907.1598 906.17 869.9517 822.9899 879.0726 868.2153 876.5891 849.7745 832.9493 840.8275
1798.8184 1697.5906 1563.9973 808.6171 958.196 1596.9442 863.8292 2177.9099 1894.9308 1165.0128 2108.582 1739.1025 2232.9473 2004.6431 2245.7034 1979.255 2017.6605 1877.7092 2163.8201 1444.4453 1454.9921 2024.4098 2138.8586 1519.5214 1557.2959 2145.1611 1962.548 1839.1072 1824.1798 1644.6523 1643.3317 1665.5748 1605.6877 1506.6801 1428.4226 1349.5956 1337.2732 1253.6639 1302.3353 1314.288 1293.0961 1158.0991 1093.663 1089.8544 1102.58 1096.4639 993.3685 965.6819 959.5417 975.9288 959.4753 876.3365 915.2051 878.4771 912.3729 903.2653 879.5888 894.6407 927.9572 871.7635 926.4673
1963.3755 2090.5059 2231.5574 1638.209 1273.9553 779.3978 1542.7561 1874.5475 2100.1436 2042.3478 1914.5934 1419.3076 1418.8524 1834.7961 2009.2772 1492.2008 1475.5153 1545.7825 1721.2455 1280.0079 1117.7905 1549.5658 2074.0693 1800.7324 2194.8911 1872.9778 1876.6669 2435.011 2081.957 1863.9385 1770.1221 1881.8401 1644.184 1574.9111 1488.4988 1454.7009 1376.089 1319.1615 1320.3215 1261.8997 1213.0785 1227.8396 1197.7101 1113.4056 1052.4974 1025.5607 989.1 985.594 962.3083 956.7393 892.8423 868.3033 896.1165 932.0789 923.1305 961.6098 917.3052 933.2289 955.0904 970.1638 978.7565
2624.2578 2904.6035 2422.9343 2350.0381 1961.076 1396.3518 787.85 990.1449 1487.2058 1982.6738 2218.9299 2022.3646 2053.46 1970.6368 1648.6853 1916.3154 2264.2593 2032.2505 2212.2839 1892.8253 1135.6912 1935.9182 2272.9548 2069.3604 1853.0482 2011.9063 2097.7856 1739.8605 2031.6603 2298.1333 2157.3523 1805.8042 1733.2544 1661.1414 1474.7269 1491.8088 1504.7296 1502.6824 1401.1075 1207.3088 1157.9431 1117.3684 1109.2046 1060.3926 1042.777 1022.8785 1020.1098 979.3231 974.2969 950.6889 998.5493 975.386 879.691 977.6232 930.6402 950.6706 1013.3638 1016.1345 999.2471 976.3593 963.8898
1351.4392 2257.6433 1934.4993 1117.142 1136.35 1168.3964 1110.4456 1459.1522 891.6797 1391.1194 2137.1582 1888.0328 2205.0889 2063.2832 1885.9895 1867.1206 1972.7656 2071.4175 2238.5037 2208.9141 1748.5532 1206.9044 1643.1476 2207.7109 1783.9429 2422.583 2292.1216 2302.9536 1966.7604 2214.2131 2373.9673 2321.9915 2247.7454 1745.318 1630.6139 1727.7648 1624.0491 1641.0736 1496.7804 1295.1624 1253.7253 1205.8486 1177.1428 1118.082 1119.3484 1099.9509 1094.151 1066.891 1068.9338 1065.298 998.816 990.2645 966.3792 934.0049 1030.9146 948.2718 987.5738 1000.5016 999.2245 991.3892 993.3829
