Resources/Map/Lvl0_30x30/Ele_FJ.asc
ncols         335
nrows         335
xllcorner     10105000
yllcorner     -10075000
cellsize      10000
nodata_value  -99999.0
[rows 182 to 207 of 335, columns 0 to 59 of 335]
2856.4897 2888.9199 4087.3049 4870.3154 4553.5752 4090.1987 4311.4624 4212.2446 3954.6062 3679.636 3709.9463 4176.106 2778.1494 2831.3787 2819.0056 3505.8284 3684.4216 3934.4553 4088.6904 3822.4258 2881.8611 2559.2336 3272.4919 2560.3276 2425.4331 2365.3218 2621.1807 2558.9297 2741.7729 2878.1465 2870.5044 2725.0591 2867.0105 2618.6531 2949.5559 2596.3079 2287.2468 2480.71 2276.5842 2330.7026 2424.5708 2935.3318 2874.7412 2640.4587 2687.0874 2914.3933 2893.8579 2867.551 2835.4487 3249.1777 2975.4019 2812.3877 3045.8633 3080.3879 2911.2141 3328.1592 3158.3669 2977.4302 3269.9023 3014.5549
3191.0564 3226.6917 3519.897 3568.8613 3037.9973 3060.3108 3455.7532 3367.4258 2863.7061 2750.6658 2894.7302 2799.3918 2838.7424 3676.145 2930.1567 3149.6267 3089.7593 2398.0417 2369.397 2346.6484 2465.3279 2315.5645 2697.9771 2797.3389 2921.9619 2799.6816 2836.0322 2540.4551 2712.5752 2599.5347 2450.6492 2550.5583 2593.2654 2349.5249 2373.9692 2392.395 2231.261 2537.2471 2689.5771 2539.3633 2848.5559 2619.2075 2503.0273 1855.3435 1552.3987 1677.1472 1718.1155 2566.1011 2640.2566 2354.3542 2568.4246 3556.8679 4018.52 7113.0044 827.1107 810.0775 3857.1807 3556.7263 4014.5771 4151.8486
3152.0156 3402.4988 3136.1843 3142.5254 2919.9556 2850.5754 2692.259 2790.0723 2858.0352 2925.2979 2910.7893 2945.2788 2993.5125 2959.3247 2804.2249 2499.3865 2201.0918 2071.3677 2565.4644 2617.5762 2717.6633 2485.2834 2369.3782 2302.8152 2390.9558 2727.0872 2580.9888 2576.1333 2740.5225 2699.6897 2637.0862 2176.239 2774.7971 2218.3867 2694.0229 2404.1277 2313.0007 2561.5649 2679.8335 3280.2759 3363.7693 3059.1677 3082.3706 3159.6238 3557.4382 3735.499 3739.3647 1016.3005 1032.6633 4339.7456 1048.2659 6280.0947 1043.2572 6887.605 7294.6587 6488.1187 3936.8181 4030.0542 4672.5767 961.3532
3034.7483 2899.7593 2959.459 2874.9631 3601.4333 3331.2544 3490.3813 3500.7214 2800.9949 2816.3906 2871.0623 2717.4231 2294.2144 2751.9832 2592.6963 2831.9565 2316.3157 2311.3911 2334.0981 2404.5449 2341.719 2452.2505 2556.8147 2542.2771 2313.8079 2346.2312 2390.8066 2371.9089 2383.6389 2436.8689 2226.5208 2435.5325 2542.6035 2393.4375 2390.8345 2656.8733 3423.1743 5059.8047 7992.6177 718.9636 753.1342 794.4226 841.5012 892.7653 949.7536 1005.4737 1052.3591 3811.4348 3768.6108 3757.9817 3760.4495 3746.6235 3738.2837 3748.4282 3486.0471 3679.2573 4129.5068 4079.3157 7909.1514 1072.1339
3591.2622 3048.2214 2927.1914 2872.0911 2852.7415 2789.9932 3000.9233 3753.241 2653.6851 2852.3613 2284.6389 2266.9038 2439.8625 2483.6497 2663.5105 2888.406 2905.1521 2850.2974 2938.3677 2874.0286 2524.6646 2883.8113 2876.1743 2667.7964 2207.4402 2260.4226 2314.4075 2539.5635 2314.3904 2449.6594 2543.7493 585.6398 2466.6357 2473.6836 2589.5383 2576.4253 2240.3123 4058.9485 671.6351 694.5472 729.598 771.864 820.8826 874.5722 934.0203 993.9882 1044.8763 3832.6968 3786.8953 3766.3994 3755.5977 3763.7014 3741.2466 3767.1355 3823.7813 3816.5728 4009.0083 4187.9238 5433.9609 7499
3754.0723 3018.7732 2963.7354 2986.0305 3006.843 2550.9451 2297.5339 2410.2507 2869.7773 2760.6882 2850.3689 2895.4265 2689.1926 2833.8523 2209.5593 2248.7117 2227.394 2793.9148 2729.3726 2848.3049 2509.3875 2432.0247 2351.9302 2643.0227 2292.113 2422.4973 2386.7771 2877.3147 2704.676 2682.6106 3040.5303 3173.4426 3024.2322 2504.196 2363.4468 3084.4536 3894.4275 3646.6792 3792.2639 5035.8682 4900.604 3604.4126 815.7977 855.3098 896.3733 936.511 971.207 3925.0544 4500.8076 4605.0396 4823.3394 4411.2441 4683.9268 4506.5542 4684.9937 4412.4746 3989.5679 3784.9548 4096.9707 825.0261
3271.1431 2803.1187 3029.9221 3432.9963 715.2432 721.764 7472.563 2840.7544 2773.8328 2683.9268 2616.7683 2214.3884 2989.5256 2590.26 2655.4021 2631.1868 2326.2463 2668.0859 2412.4553 2465.6348 2413.823 2522.6919 2416.4028 2470.6155 2246.5657 2428.1497 2450.4292 2400.7751 2774.6335 2454.2129 2923.9968 2639.4998 2437.9355 3255.7949 4073.1174 3084.574 3131.4995 3427.1572 3360.9189 3839.7551 4153.7642 4112.1997 4124.2017 4001.1892 3698.4155 5816.7036 5169.3535 4756.9888 4699.0444 4880.2813 4487.2109 4969.5049 5238.5703 5732.7241 5586.1255 5104.3521 4802.7163 4264.0078 3935.7336 4253.2505
2485.6379 2633.3416 2912.9614 3122.0652 3419.2803 4387.9219 4807.8115 4437.6304 3579.7214 6969.8589 8521.2363 748.2496 2942.3169 2820.0437 2801.7617 2631.9495 2477.884 2546.801 2826.5779 3469.1177 3216.2969 3013.1611 2671.1499 2836.7014 2441.7395 2574.1069 2648.8213 2329.2874 2808.3684 3358.7021 3367.4312 3594.1641 3783.5002 3586.2241 3620.6912 3834.8469 4063.7935 3259.9229 3379.7153 3530.9983 3693.5737 3727.4988 3882.4709 4727.4595 5000.7847 4945.5864 4722.061 4212.3184 4216.4131 4191.123 4498.7754 4276.3691 4099.9805 4117.0957 5254.2275 4967.1323 4703.4707 4676.3647 5209.4712 4937.6846
2314.1411 2121.0144 2090.6218 2000.3737 3076.9604 7833.8633 566.9687 4743.6616 2359.4963 3164.5256 2640.1587 2897.884 6286.7607 3591.1375 3815.2266 3322.3601 2617.4995 2354.9121 2502.8586 2405.5339 2669.2642 2827.6279 2516.5103 2662.3025 2599.9248 2644.821 3258.563 3771.9202 3651.6287 3554.8735 3946.0266 3657.0151 3614.6865 3310.834 3836.4119 3784.9651 4326.8896 3999.0884 4021.3884 4888.6821 4495.7178 3892.2766 5951.0049 6170.6909 4665.8916 2718.707 2548.6052 3581.5581 4033.0264 4799.3628 3960.1248 3846.0591 3144.9875 4474.8911 5380.7974 5316.9771 5431.1245 5266.3359 4948.793 5160.6953
2890.8506 2266.668 2594.9927 2504.0581 3331.7583 2678.4814 3136.2014 3025.6836 8009.543 552.0128 3405.4939 2589.6992 3521.686 3071.3384 2801.5835 2763.0835 2380.2126 2617.9766 2633.2822 2727.9421 2661.4058 2821.4749 3080.0081 3634.9749 3895.9543 3535.8359 3992.979 3045.2629 3397.7786 3466.3486 3825.051 3999.5559 3547.5737 3625.4373 4356.3462 4535.9521 4896.5273 4669.5352 4734.5024 4256.0562 4493.189 4372.9663 6031.3208 793.4896 6058.8271 4462.9141 4561.3813 4314.103 4545.4771 4430.4922 4520.4683 3985.5215 4310.9961 4477.3672 4305.4673 4555.7563 5687.1079 5199.8071 4525.9468 4864.1484
2819.5452 2457.7026 2852.4548 3070.3325 3326.563 3394.4048 2717.5608 2729.7434 2802.4949 2371.9148 2453.624 2971.77 2820.7737 3043.9243 3155.8787 2689.5798 2502.6138 2426.1416 2439.9392 3156.8782 3434.3499 3663.0667 4433.5845 3895.8394 3677.418 3910.0696 4336.9912 4297.8564 4284.627 4351.1401 5097.147 4964.4458 4414.3433 5206.1265 5262.0156 4821.5571 4131.8574 4182.6196 4138.7354 4105.1479 4085.0073 4196.5767 4170.3921 4172.0786 4224.9692 4214.7168 4225.1919 7169.8345 4837.2031 4806.4756 4703.5488 3247.8953 2739.2952 4972.4487 4594.5728 4988.8511 4444.6357 5423.479 4984.4961 5049.3467
2881.2305 2737.1396 2623.468 2724.9905 2673.2754 2474.207 2269.2864 2605.2598 2874.2209 2662.6821 2406.2603 2442.4834 2392.2842 2613.6174 2710.9756 2711.7449 2942.4465 3377.8477 3302.501 3598.4512 3743.9883 3357.1184 2946.1758 3142.1194 3934.9238 4177.0938 4677.1987 3913.9224 4796.063 4747.3706 4186.3853 4528.3267 4816.0972 4696.0371 4236.2549 4228.9751 4145.8696 4127.6089 4098.3276 4094.8689 3995.2959 4082.5662 4115.1895 4158.9551 4130.8755 4077.3611 4339.5542 699.6236 702.576 9082 725.1004 741.8268 763.5716 786.8679 4085.2871 3924.9812 3112.8098 2998.0107 5533.2344 5261.8462
2965.7039 2882.2097 3182.9382 2732.0054 3058.4568 3145.8618 2508.2512 2541.5266 2671.186 2855.4514 2476.4978 2504.8228 2100.3171 2391.8914 3452.2317 3742.4158 3840.3643 3342.2031 4046.0022 3612.5078 4005.1978 4086.4695 3780.6252 4284.5566 4295.9165 4361.0205 4108 3985.033 4130.5415 4024.4893 4171.8979 4650.0156 4262.1152 4381.7578 4360.4482 4371.8906 853.4282 830.9612 807.4491 781.9547 752.2963 720.7859 692.997 6417.5317 6351.4858 8465.9355 613.7251 605.2 601.4915 602.3736 608.9075 616.9858 631.9408 651.713 674.3149 6434.5884 4977.6938 4747.603 4339.7983 3889.0444
2896.5818 2971.2012 3184.0286 3111.0867 3036.6729 3663.6333 3010.4729 2779.1289 2740.4905 2895.0117 3258.2314 3091.7715 3261.6626 2951.9531 3458.7007 4462.2378 5259.666 5037.8745 4926.29 4234.2417 4579.4819 4388.7432 3987.9817 3861.6921 4073.2449 4139.4688 4527.1973 4637.0479 4600.1333 4528.7324 4594.46 4254.7856 4332.1138 4591.5156 4920.8271 5041.4839 4860.8242 4557.0083 4783.8462 5984.3345 6769.9609 754.5698 8294.3809 673.2123 636.7076 606.8765 582.037 563.7733 8149.5337 7623.7319 8035.9883 548.0044 8042.8628 7206.0718 7065.4199 6920.4014 6576.7559 6269.7729 4941.5112 4877.2822
2528.478 2550.085 2494.366 3601.6978 3769.0144 3421.1208 3764.6194 3845.7278 4076.7114 3907.7659 3775.1829 5106.5405 4904.2153 5106.3042 4443.5913 4968.7388 4579.0039 4282.1416 4608.3506 4731.1704 4815.8247 4438.8433 4328.1406 4473.3042 4595.7451 4704.8076 4632.707 4380.6953 4584.7295 4858.7695 4827.7212 5105.7407 4513.7837 4662.3394 5040.2168 4652.5352 4831.6733 4958.6821 4714.0029 4672.8198 5314.1768 5096.0161 4983.4614 4999.5283 5364.3608 7045.2607 6143.1665 5412.9741 5376.1045 5155.6636 5046.3745 5469.6675 5769.1489 6746.7656 6206.5625 5118.1069 6251.6807 5365.3047 5185.7915 4816.2891
3783.6479 3679.0864 3670.3142 4001.6741 4098.499 3530.3376 4530.8628 4615.4106 4844.9541 4878.0156 5050.3755 5302.623 4748.9805 4887.9248 4971.3687 4744.8633 5048.9585 4941.375 4588.1328 4238.9146 4549.7349 4312.5176 4677.7358 4645.7051 5372.2446 4972.8838 4636.021 4722.1064 5286.8125 5133.9307 5282.354 5017.6655 5091.355 4526.1772 4750.354 5492.8423 4954.6899 5194.0571 5731.5679 5296.1963 4935.249 5288.7461 5348.3735 5409.7456 6189.7661 6476.1582 5960.7988 5541.6177 5504.4453 5711.7632 5403.3906 4946.2451 5196.3501 5523.1729 5301.8203 5972.0601 5728.6665 5301.6855 5016.9028 4264.5166
4133.0356 4120.4634 4319.4536 4617.9756 4031.0146 4282.2993 4448.1597 5201.9624 5140.4795 4285.2539 4427.1523 4137.1372 4483.8379 4204.9292 4377.708 4184.061 4505.2769 4424.4771 5233.083 4747.1748 5478.1826 5458.2075 5359.8022 5209.3911 5519.957 5344.2905 4743.543 4914.1855 5218.1997 4950.4614 5083.5547 4791.168 4709.0747 5345.8989 5435.1025 5139.5674 5059.4521 5052.0195 5233.2749 4952.5786 5082.7202 5085.77 5258.1631 6037.2715 6127.9116 5827.1089 5209.3184 4702.2412 4498.6875 4801.0952 4598.1694 4823.0825 4700.248 5000.4629 5475.5127 5623.2725 5339.7432 5207.4053 4395.9712 3904.4084
2933.2729 1443.4044 1528.5265 2604.2104 4582.1401 4874.2705 4676.3481 4196.0269 4333.9189 4384.2144 4227.6816 4340.4619 4398.9985 4347.6382 4161.7451 4008.7341 4062.3555 4107.4019 5302.8574 5454.8936 6051.3633 5530.6406 5367.0601 4758.0723 4456.4463 4438.7642 4310.5879 4302.1006 4364.9507 5338.3511 5549.5923 5527.7744 4773.9033 4909.7114 5186.1069 4943.5762 4709.9458 5305.0537 5691.0835 6291.8901 6230.5767 5590.0781 4860.4429 5044.3701 4390.8281 3890.4543 3199.6638 4270.1196 4727.4536 5278.4731 5502.1118 5422.522 4842.0522 4586.5415 3944.4868 4044.551 3619.1035 3075.7153 3632.6504 3743.6917
4348.5918 3962.613 3943.0896 3531.6965 3010.4895 3721.2712 2840.5071 1812.6201 2980.168 5114 5358.915 4745.9087 4593.271 5345.625 5615.9053 5273.0522 5350.8232 5219.6187 5146.3311 5228.1099 5437.7036 4963.2065 4488.8677 4174.8379 4781.2939 5037.3677 4113.8604 4782.9297 4788.0015 5024.3516 4998.7051 5033.3784 4936.6021 4847.7759 4924.1025 4635.3267 4250.3301 4090.5542 4123.186 3993.9771 4357.5264 4158.3403 3807.5261 3831.8708 3673.3254 3911.3191 3639.9434 3474.3379 3295.5854 3766.146 3603.9695 4000.2227 3180.9885 3439.1423 3175.4468 3705.6934 3894.8469 3852.4841 3838.5435 3917.0352
5139.9194 4638.5962 4802.5918 4785.5273 5262.9775 4527.085 4607.395 1826.6388 4427.165 5256.1987 4509.6162 4683.2568 4039.4675 3885.0947 3935.2168 4224.8862 4524.9175 4290.7939 4330.8193 5661.8701 4654.8994 6018.0176 4963.165 5177.3931 5211.8569 4248.7617 4707.0981 4521.9941 4077.7986 4364.4063 3786.3369 3671.1299 4288.293 3835.7483 4622.7754 5021.1489 3608.3516 3965.5588 4470.8491 3929.1887 4067.8782 4114.0029 3441.4434 3722.3416 3833.1563 3801.0205 3826.8237 3681.4348 3732.8108 4322.9717 3790.5247 4057.3625 4173.6245 3504.2212 3760.7065 3989.7683 3603.9878 3476.3921 3440.3213 3465.187
4855.1992 5374.9736 5712.0308 5503.2813 5677.1411 5173.3125 4542.2573 4389.042 4756.4614 4657.1733 4970.793 3897.1128 4051.4392 4281.2588 3961.6453 3827.1819 4103.96 3855.103 3798.832 3619.2312 5970.9761 5971.6748 4770.8081 4903.3184 4782.0854 4016.178 3825.7551 4072.0635 3706.8669 3958.0442 4067.426 4036.9473 5589.3257 4437.3984 4535.9658 4265.5913 3947.9954 3175.1699 3530.5522 3387.0254 3145.1147 2983.9077 3129.0398 3357.8406 3763.2671 3967.9402 3903.51 4124.2617 3561.6431 3567.8799 3799.1941 3394.7791 3322.6584 3488.7056 3425.8477 3908.3835 3826.7349 3725.2412 4019.1626 3077.0632
5683.6475 6014.772 5204.3418 4700.4561 4585.4521 3866.6113 4037.6553 4256.606 4487.769 4663.7681 4949.6421 4140.2632 4290.5332 5269.7744 4855.6831 4562.3076 4667.0195 4912.8613 4577.2988 4242.0728 4751.7471 4560.5723 4572.8779 4907.2593 4965.7744 4777.4102 4443.0981 4479.5645 4698.1245 4830.2017 4074.1785 4346.1675 4167.3291 4320.4214 4331.4824 4470.0527 3566.2356 3570.9973 3624.0173 3709.3438 3191.127 3423.1609 3288.2231 3423.8025 3696.063 3739.5715 3848.4961 3923.0745 3916.4485 3944.3542 3917.4102 3440.8577 3679.1814 3597.3625 3561.5027 3899.6785 3365.5327 3715.5474 3550.5115 3548.4421
4360.2466 4261.7314 4086.8391 4060.6147 4060.7708 4055.0898 3730.7883 3816.978 3839.8965 3882.7537 4046.0771 4057.4578 4078.7607 4338.436 4083.7178 3922.9651 4502.1587 4623.0635 4677.731 5270.5137 5259.3096 4806.958 4410.3027 4328.9976 4209.1328 3956.0999 3229.1775 3918.21 4318.6855 4372.8418 4705.5918 4747.3027 4422.5801 4063.8052 4127.4961 3875.5405 3901.696 3743.6716 3672.5964 3706.7258 3902.7913 3874.0391 3525.043 3943.6326 3914.0674 3852.488 4002.8804 3754.7888 3802.8762 3792.051 3895.5703 4033.8767 4043.3445 3828.9407 3818.8694 3909.137 4142.0161 3887.4246 2934.8735 2408.9851
4105.9072 4332.186 4256.8145 3562.9609 3493.3215 4222.8833 4160.6675 4072.6709 4394.0088 4914.4556 4888.6455 4794.7637 4745.9121 4828.5024 4736.4668 5092.4585 5021.4346 4971.2275 4672.4077 4602.5415 4615.3232 4094.9575 4257.3691 3813.7368 3655.6409 3602.4451 3513.0764 4358.6079 4586.1807 4348.4146 4249.8501 4019.9346 3761.3499 4144.7222 4131.3511 3799.4719 3924.2676 4324.7388 4745.9331 4233.4272 4093.6116 3868.1033 3992.7446 4180.2969 3971.7847 3994.178 3854.7048 3823.8728 4140.2505 4003.3994 4219.0396 3977.1165 3984.4912 3851.5693 3960.0388 3889.1343 3828.9277 3397.3091 3689.6321 3226.6084
4578.6216 4647.1465 4204.3975 3827.1379 4037.6235 4052.2083 4307.0566 4954.46 5205.4224 5398.8711 4914.9072 4971.4941 5203.9058 4755.9243 4560.7329 4502.7153 4939.7188 4537.8828 3587.5906 3775.1052 3744.3911 4135.8618 4119.9795 4072.2161 3469.79 3756.3845 4003.9949 4466.6768 4626.9946 3628.4692 4079.9612 4131.2344 4409.8242 3738.0562 4402.0537 3876.9055 4260.4204 4415.4795 4332.0308 4341.665 4077.1514 4070.3403 3915.1958 4079.7559 3910.5708 3789.0107 3662.5496 3964.5127 4247.9302 4124.1475 4098.4238 4044.322 4012.9988 3300.365 3709.4236 3235.595 3666.2544 3687.5933 3641.6663 4000.6226
5277.1621 5223.5801 4280.5581 3915.3718 3875.5955 4027.8816 4077.7351 4572.3428 5276.1943 4900.5591 4764.6245 4839.9727 5097.3506 4137.7588 4085.8523 3841.28 3806.6733 3786.5225 4184.9175 4346.1841 4205.7637 4586.5527 4622.2578 4897.4063 3896.6299 3747.3936 3714.7263 3877.0566 3580.3574 3175.5498 3672.7566 4032.8062 4266.8589 4673.52 4232.1953 3843.5239 4085.0452 3830.3564 3772.1399 3527.8 3467.5486 3161.6191 4370.8232 3754.9775 3451.8533 3648.564 3818.1643 3688.6697 3429.1777 3430.7656 3574.2283 3857.5364 3955.7925 3859.1018 3739.957 2989.8127 4150.2793 3106.4832 3833.894 3425.1919
