Resources/Map/Lvl0_30x30/Ele_FA.asc
ncols         335
nrows         335
xllcorner     -20045000
yllcorner     -10075000
cellsize      10000
nodata_value  -99999.0
[rows 234 to 259 of 335, columns 58 to 115 of 335]
-614.0106 -612.6409 -611.1208 -609.9445 -608.9225 -607.5675 -606.7644 -606.2759 -606.1719 -605.7987 -605.7149 -605.2476 -604.6926 -605.0424 -605.0859 -605.5196 -605.4595 -605.457 -605.9141 -605.894 -605.3121 -604.158 -601.424 -598.145 -594.196 -591.6743 -589.5588 -587.5939 -585.7343 -582.5687 -577.3548 -571.7017 -565.7774 -560.4578 -555.9826 -552.2297 -548.9401 -545.5545 -542.2018 -538.0152 -533.3272 -528.8777 -524.4121 -518.896 -512.0881 -506.0658 -501.8971 -498.1212 -493.8418 -489.7534 -486.1082 -483.6562 -482.0271 -480.1111 -478.067 -476.8532 -475.8311 -474.3344
-613.8183 -612.7963 -611.429 -610.2311 -609.209 -607.8074 -607.035 -606.1429 -605.9155 -605.0989 -604.9155 -604.9155 -604.9155 -605.8203 -605.9155 -606.8643 -607.4214 -607.9121 -608.9155 -608.9332 -609.3636 -608.9086 -609.153 -607.5931 -605.931 -604.0561 -602.9344 -601.4999 -600.1532 -597.1851 -592.6288 -586.7985 -580.9601 -576.3609 -572.6017 -568.7433 -564.7936 -560.6746 -557.5746 -555.021 -551.9446 -549.1395 -546.5287 -543.1245 -539.1762 -535.3453 -532.0492 -527.9451 -523.6049 -519.4304 -516.3512 -513.794 -510.5287 -507.0163 -503.504 -501.6171 -499.6975 -497.6966
-618.1949 -618.0052 -617.675 -617.1647 -616.6544 -616.1442 -616.0096 -615.2375 -615.01 -614.6023 -614.5107 -614.5107 -614.5107 -615.4155 -615.5107 -615.9845 -616.4962 -617.0065 -618.0175 -618.5292 -619.0396 -619.5917 -620.5095 -620.5107 -620.3638 -619.4277 -618.8217 -617.5864 -615.4244 -612.7402 -609.5345 -605.8077 -601.721 -598.1523 -594.6789 -589.3731 -583.3387 -577.1277 -572.8726 -570.3176 -567.7625 -565.4686 -563.6968 -561.8812 -560.1315 -557.9893 -555.434 -552.8792 -550.3238 -548.1175 -546.433 -544.1581 -540.8407 -537.6594 -533.7869 -531.7752 -528.5371 -524.5215
-624.4585 -625.2983 -626.3502 -627.4183 -628.4865 -629.5546 -630.9811 -631.3958 -631.8214 -632.3554 -633.3278 -633.9461 -634.4802 -635.4462 -636.0258 -636.5599 -637.5575 -638.1055 -639.1241 -640.1091 -640.1373 -640.5866 -640.582 -640.5415 -640.4646 -639.8421 -638.6826 -637.0247 -634.8683 -632.2018 -629.2817 -626.5922 -623.188 -619.3992 -615.9526 -611.1315 -604.8303 -598.4368 -593.4384 -589.8137 -586.4521 -583.3398 -580.4872 -577.8885 -575.5911 -573.5284 -570.8524 -568.4402 -565.7202 -562.9873 -560.7855 -559.1292 -557.2198 -555.962 -553.7458 -552.0066 -548.7844 -545.2698
-633.1912 -635.326 -637.7626 -640.7357 -643.508 -646.1085 -648.709 -650.9575 -653.0923 -655.2272 -657.2875 -659.408 -661.5428 -663.1852 -664.7636 -666.342 -667.3919 -668.9545 -670.5167 -670.9453 -670.421 -670.421 -670.2618 -668.7404 -667.5605 -665.8129 -663.1083 -659.9515 -656.7946 -653.5204 -650.0252 -646.567 -642.0933 -637.3286 -633.2078 -628.674 -623.3763 -617.998 -612.6398 -607.4509 -603.0784 -598.7062 -594.3577 -590.5273 -586.5848 -583.3478 -580.4595 -577.3353 -574.6064 -572.0967 -569.5231 -567.6647 -566.1542 -564.5967 -562.65 -561.0579 -558.718 -557.0826
-640.47 -644.4775 -648.326 -653.0428 -657.582 -661.393 -665.0378 -668.6827 -672.7775 -676.5386 -679.8197 -683.8819 -687.6057 -690.3457 -692.9685 -696.1286 -697.8095 -699.8409 -701.3058 -702.3844 -701.3879 -700.8092 -700.1411 -698.4631 -695.345 -692.553 -688.7169 -684.05 -679.3832 -674.7162 -669.733 -664.1193 -658.6428 -652.7206 -647.1075 -640.8399 -634.8053 -628.8708 -622.6636 -617.0091 -611.8327 -606.6562 -601.7819 -596.7946 -591.6269 -587.3912 -584.1042 -580.3841 -576.8824 -574.4714 -571.7073 -569.3832 -567.6707 -566.1741 -564.7087 -563.1334 -562.1281 -561.6208
-641.297 -645.6489 -650.2748 -655.9303 -661.356 -666.1661 -670.414 -674.9565 -679.5057 -684.1586 -688.3547 -692.7973 -696.9428 -700.6583 -703.7804 -707.7953 -709.9418 -711.9858 -713.0211 -714.3967 -713.941 -712.9189 -711.8363 -710.0586 -707.1466 -703.9113 -699.7444 -695.1099 -689.9997 -684.8895 -679.3849 -673.08 -666.9121 -659.9001 -653.0155 -646.0903 -639.7067 -633.3959 -627.0304 -621.3759 -615.7659 -610.1555 -605.0453 -599.7021 -594.7588 -590.5009 -586.673 -583.1211 -579.634 -576.722 -574.2037 -572.0444 -570.0003 -568.28 -567.1323 -565.7682 -565.0273 -564.9405
-632.3996 -635.241 -638.3407 -642.2651 -646.6826 -651.1693 -655.3633 -659.7529 -663.9297 -667.8383 -671.8861 -675.4493 -678.914 -682.3788 -685.482 -688.3395 -690.4235 -692.4675 -693.5058 -695.1593 -696.8985 -696.4504 -695.3881 -693.8912 -691.6999 -688.5678 -685.1031 -681.425 -676.9382 -672.4515 -667.8557 -662.9703 -657.7614 -651.8539 -645.9464 -640.4285 -635.5431 -630.3931 -625.1622 -620.4631 -615.7814 -611.0995 -606.9444 -603.081 -599.0883 -595.3722 -592.2929 -589.3077 -586.6539 -584.2112 -582.0494 -580.0053 -578.4273 -577.0067 -575.4082 -574.7756 -573.8571 -573.7094
-596.761 -597.5137 -598.6848 -600.7676 -603.8945 -607.3369 -610.7793 -614.2217 -618.1662 -621.9536 -625.9742 -629.2017 -631.7101 -634.1305 -636.5509 -638.0225 -639.4208 -640.8192 -641.8776 -645.2034 -648.2416 -650.6922 -651.4119 -650.2648 -648.2595 -646.4848 -644.5893 -642.0904 -639.145 -635.8652 -632.892 -629.64 -626.7241 -623.5511 -620.6102 -617.9803 -615.4436 -612.8589 -610.7173 -609.556 -608.0507 -605.8861 -603.6332 -601.501 -599.2356 -597.3091 -595.7672 -594.128 -592.1752 -590.5721 -589.1738 -588.2443 -586.8074 -586.1331 -584.9485 -584.6862 -583.8339 -583.6862
-546.9717 -547.3903 -547.8547 -548.8932 -550.5139 -552.7201 -554.6276 -556.8625 -559.0165 -561.6343 -564.3863 -566.8403 -568.9326 -572.1594 -574.9338 -576.0768 -577.0989 -577.4719 -578.5146 -581.3022 -584.9797 -587.7286 -590.2662 -591.2867 -592.6338 -594.2839 -595.4929 -594.5061 -592.2267 -589.418 -587.4597 -585.8341 -584.4581 -583.3079 -582.4869 -581.33 -580.0965 -579.2077 -579.5688 -581.0934 -582.7562 -584.0579 -584.5189 -585.0068 -585.8385 -586.8206 -587.3896 -587.7037 -587.7836 -587.9854 -588.2994 -588.8705 -589.5087 -590.6814 -591.2093 -590.7255 -590.3193 -590.2682
-498.9277 -499.1355 -499.2522 -499.4743 -499.806 -500.8661 -501.9763 -503.7708 -505.0203 -507.4106 -510.7115 -514.1364 -517.5612 -519.7397 -520.83 -521.85 -523.5279 -525.5888 -528.6797 -532.1285 -536.0986 -538.2238 -541.326 -544.7914 -548.4485 -551.5146 -554.3946 -556.0391 -556.1487 -556.4442 -556.5619 -556.717 -556.1669 -555.257 -554.4473 -553.4253 -552.9593 -553.1658 -553.7693 -554.8004 -555.9634 -557.127 -557.9812 -559.569 -562.4073 -565.4202 -567.5226 -568.7933 -569.3587 -570.1619 -570.6975 -572.0317 -575.5406 -579.6558 -583.5087 -586.1926 -587.1718 -588.4528
-423.7633 -423.1364 -421.7111 -419.8084 -418.6555 -419.1793 -421.7715 -425.7041 -429.6458 -435.7213 -443.1896 -451.4414 -459.8057 -466.0867 -471.8171 -477.8058 -484.7876 -491.4287 -499.7706 -507.448 -515.6943 -522.0391 -528.628 -534.8542 -540.9333 -545.5476 -547.455 -550.2433 -551.7211 -551.7235 -549.8948 -547.9748 -545.7388 -543.2914 -540.8439 -538.3965 -535.9113 -532.9362 -529.1928 -525.7476 -523.0481 -521.8041 -521.2103 -520.66 -520.5119 -520.1393 -519.4506 -518.446 -518.0681 -519.7397 -522.9734 -526.4687 -532.7634 -542.2047 -553.4309 -564.704 -573.3623 -577.5081
-362.8233 -364.0409 -364.9369 -366.1329 -367.8737 -369.6771 -373.1459 -377.451 -381.8262 -387.4766 -393.6833 -401.4212 -409.4365 -416.2929 -424.9988 -433.9101 -443.0941 -452.7276 -463.6697 -474.3485 -485.2707 -495.5355 -504.3437 -512.233 -520.0809 -527.0806 -530.7375 -533.0087 -534.5822 -534.1804 -531.5797 -526.3085 -521.27 -516.4854 -511.2141 -505.943 -500.5562 -494.8763 -489.2308 -484.4454 -480.7167 -477.5744 -475.1111 -473.6328 -472.4457 -471.1367 -470.2821 -470.1784 -470.2329 -471.825 -474.5605 -478.3246 -482.7216 -489.8021 -500.4353 -512.4008 -523.7862 -532.6811
-328.4879 -330.0575 -331.8351 -333.5492 -334.5771 -335.7223 -337.3978 -340.3588 -343.6896 -347.2319 -351.4488 -356.2475 -360.4755 -365.0365 -370.3741 -376.4887 -382.6577 -389.8195 -398.0143 -405.4699 -412.9255 -420.2791 -426.4213 -432.2328 -437.2707 -441.6541 -445.575 -447.461 -448.6258 -449.3165 -449.0334 -446.2413 -442.7046 -439.521 -435.6608 -431.8007 -427.9405 -424.0804 -420.6758 -417.9614 -415.1471 -412.3325 -410.4437 -409.7228 -409.8938 -410.3864 -410.5745 -413.1669 -418.5461 -424.9665 -431.5546 -437.4274 -441.6998 -446.7166 -453.5276 -462.7793 -471.8755 -479.3236
-310.9583 -310.7088 -311.1082 -310.9085 -310.2037 -310.1525 -310.3948 -311.0036 -311.7307 -313.0807 -314.1465 -315.1159 -315.876 -316.8177 -317.7871 -318.9815 -321.6746 -324.6812 -328.6718 -330.1542 -332.2979 -333.015 -334.1481 -334.7415 -336.7925 -340.9365 -346.2016 -349.5917 -351.6346 -351.877 -352.2 -352.1345 -350.9512 -350.3845 -349.3771 -347.8704 -346.6776 -346.2813 -346.0944 -345.9741 -345.7693 -344.7679 -343.6325 -343.1763 -343.7642 -345.2515 -346.9034 -349.737 -354.8001 -360.6374 -366.4746 -371.9599 -377.533 -383.3669 -391.2981 -399.7266 -407.293 -415.6089
-310.7166 -308.8517 -308.5694 -307.885 -306.3086 -305.2131 -303.8221 -302.2181 -301.8611 -302.6778 -303.5193 -303.6458 -304.3385 -303.7206 -302.9186 -302.1166 -302.4944 -301.3762 -300.4328 -299.6388 -298.9851 -297.3057 -297.1217 -295.4497 -295.0782 -296.0312 -297.269 -298.1032 -298.2421 -297.0419 -297.1021 -297.1923 -297.2957 -297.8266 -298.0359 -298.6179 -299.2885 -300.5241 -302.6076 -305.1165 -307.6349 -309.9286 -312.1146 -314.8665 -318.201 -321.2818 -324.6238 -327.8995 -332.3176 -336.3322 -340.4035 -343.5469 -347.0152 -351.9753 -360.3644 -370.0355 -380.3011 -389.6676
-324.8567 -320.9416 -320.8261 -321.5181 -322.0081 -322.5779 -323.0594 -323.4883 -324.2246 -324.5483 -323.3931 -321.7757 -320.2977 -318.4967 -317.3979 -314.8452 -313.1454 -310.3118 -308.2649 -306.4185 -304.6083 -303.2892 -300.7763 -297.9321 -295.2899 -292.6804 -289.5373 -286.8923 -283.5039 -280.3258 -279.5785 -281.4702 -284.0058 -286.3311 -288.0508 -290.5256 -293.6886 -296.4432 -300.1348 -304.8496 -309.9674 -315.5065 -320.607 -324.9749 -328.5889 -332.2266 -336.2393 -340.201 -344.3529 -348.3687 -351.8177 -354.7943 -358.4269 -361.9874 -367.378 -374.1093 -381.8846 -390.1966
-348.5677 -340.9488 -338.8534 -339.0288 -339.7894 -341.4149 -342.6619 -343.6839 -345.3642 -347.0928 -347.8035 -349.0125 -350.355 -351.6976 -350.8959 -346.4041 -341.8113 -337.0569 -333.3248 -330.4953 -329.2591 -327.2955 -324.4002 -323.2347 -323.6772 -324.6752 -324.6947 -323.7787 -321.1889 -318.249 -316.6281 -315.6845 -313.4027 -310.4828 -307.447 -306.1583 -308.6587 -312.5714 -316.2631 -320.0757 -325.6669 -331.7813 -337.424 -343.2838 -347.0164 -349.8457 -352.5637 -355.5003 -359.3018 -363.3899 -367.3545 -371.2672 -375.3112 -377.9618 -381.7977 -386.2037 -390.0828 -394.7247
-367.4724 -359.8222 -355.0518 -353.9036 -355.2107 -357.2108 -359.1425 -360.3766 -360.842 -361.1481 -361.3286 -362.3424 -364.268 -366.3121 -367.1518 -367.2994 -367.4032 -366.6627 -366.0517 -365.6036 -365.4919 -366.0427 -366.4834 -367.1305 -367.3055 -367.4424 -366.5353 -365.0961 -364.9548 -365.1844 -365.1577 -365.0146 -362.769 -360.1251 -357.2184 -355.1599 -354.1098 -353.853 -353.9154 -354.4461 -356.1325 -360.1165 -365.3081 -370.5713 -374.9825 -378.8559 -382.6964 -386.0203 -388.6129 -391.5566 -394.7757 -398.6259 -402.0643 -405.048 -406.8287 -409.0158 -410.5137 -411.9727
-390.7309 -387.9845 -386.1186 -386.2483 -388.5526 -391.4879 -394.4233 -395.9124 -397.5258 -398.5962 -400.2189 -402.1117 -404.9077 -406.265 -407.2993 -408.3213 -409.3433 -410.2384 -411.1297 -412.021 -412.9713 -414.814 -415.8361 -416.6238 -415.7325 -414.672 -412.901 -411.8028 -410.9416 -410.148 -409.5361 -409.5511 -409.5718 -409.5549 -408.6389 -408.0378 -406.9377 -406.672 -407.4908 -409.2154 -411.1455 -413.4085 -416.7361 -420.0636 -423.3159 -426.5128 -429.1585 -430.2397 -430.5454 -430.8961 -431.9162 -433.2946 -434.6111 -435.2089 -436.0992 -436.5033 -437.399 -437.6586
-454.4221 -454.5466 -454.9922 -456.5544 -456.7454 -455.5056 -453.3326 -451.4436 -449.809 -451.0319 -453.0565 -454.3312 -455.5552 -456.6021 -457.6242 -459.4944 -460.5622 -461.5842 -462.6063 -463.5952 -463.7099 -463.9181 -464.1186 -465.0023 -464.8939 -464.6163 -463.3352 -461.2089 -458.7802 -457.5282 -455.6221 -454.0642 -452.8958 -451.1036 -449.5354 -449.2769 -450.0822 -451.367 -452.8954 -454.0188 -455.5983 -457.1782 -458.9032 -460.5498 -461.2631 -461.5883 -461.8464 -461.9245 -461.9245 -462.5485 -462.8948 -463.0032 -463.1116 -463.1366 -463.9448 -464.1366 -464.227 -464.2426
-520.9282 -520.0244 -518.5376 -516.8093 -514.931 -512.9117 -510.8044 -508.0318 -505.7795 -504.0105 -500.7746 -497.9185 -495.1967 -493.3034 -491.5175 -490.6805 -488.9457 -487.1599 -485.415 -486.434 -487.3159 -487.3901 -488.3347 -489.3463 -490.2822 -491.2039 -491.8626 -491.6725 -491.2385 -490.4305 -489.7467 -488.28 -487.5743 -485.8466 -485.106 -484.7289 -484.2559 -484.3784 -484.5122 -484.5982 -485.184 -485.7704 -484.9062 -484.1951 -483.6933 -482.7573 -481.8214 -480.8854 -479.3303 -478.7957 -478.8211 -478.8211 -479.5209 -479.7369 -479.805 -479.8211 -480.6016 -480.7369
-576.6564 -577.1931 -576.8041 -575.0767 -573.695 -572.6092 -570.116 -565.6167 -562.1736 -558.4055 -553.5539 -548.5612 -542.7507 -536.8661 -531.8579 -526.1084 -521.1447 -516.2257 -511.3235 -507.5887 -504.8292 -502.7657 -499.0929 -496.5163 -495.7597 -495.8235 -496.0546 -496.8129 -496.7982 -496.7505 -496.7157 -496.9084 -497.5231 -497.4172 -497.3764 -497.3521 -497.314 -497.7206 -498.6789 -500.0851 -501.5643 -502.0646 -501.4869 -500.4717 -500.028 -499.3923 -498.3703 -496.7351 -494.0787 -492.4724 -491.5141 -491.2517 -491.2993 -490.5769 -490.3764 -491.1549 -492.1663 -492.314
-633.9583 -635.9454 -637.2589 -637.5137 -638.1373 -639.0766 -639.2349 -635.3418 -628.7712 -622.533 -616.4496 -609.533 -599.8849 -589.8302 -579.813 -570.6716 -562.5684 -554.5164 -547.4244 -539.4152 -531.5049 -524.5512 -517.4265 -509.7074 -504.2118 -501.5946 -500.6217 -499.6738 -498.6932 -497.7126 -497 -497.0122 -497.0405 -497.0405 -497.0405 -497.0405 -497.0405 -497.4741 -498.059 -498.1197 -498.1823 -498.2026 -498.1805 -498.682 -499.081 -499.0563 -499.0149 -498.947 -498.8368 -498.7692 -499.4186 -500.3879 -500.6354 -501.3578 -503.1053 -504.3036 -505.3256 -506.3122
-652.6871 -652.0969 -651.7697 -651.1044 -650.1146 -649.1307 -648.1328 -645.5415 -640.848 -635.715 -630.5857 -624.5958 -617.5287 -608.5415 -598.4146 -590.0742 -580.9442 -572.7394 -565.5631 -557.3868 -549.3275 -543.1761 -537.1241 -532.0842 -527.8217 -522.922 -518.7034 -513.6696 -508.4048 -502.8731 -499.3957 -497.9813 -498.2987 -498.9627 -499.3233 -499.944 -499.944 -500.3776 -501.3911 -501.9253 -502.4157 -502.9067 -503.4403 -503.8986 -504.4836 -505.4865 -506.4895 -507.4924 -508.4954 -509.4984 -511.2214 -513.2463 -514.5072 -516.2963 -518.3364 -520.365 -523.2264 -525.3963
-665.5005 -664.4793 -663.4584 -661.7563 -658.3036 -654.2164 -649.3801 -644.2732 -639.9583 -635.8702 -632.6154 -629.5428 -625.5902 -620.5969 -615.4868 -609.4308 -604.2696 -598.1697 -591.0258 -583.9148 -577.7239 -570.6567 -564.5245 -558.3923 -552.2606 -546.1316 -540.002 -533.8698 -527.5015 -520.3441 -513.1857 -506.9272 -504.1188 -504.1037 -504.457 -505.0745 -505.4705 -506.4758 -507.9434 -509.5078 -510.5299 -512.0721 -513.5724 -514.5944 -515.6165 -517.2465 -518.6573 -520.3334 -521.7014 -523.4215 -525.4656 -526.7675 -528.5537 -529.8091 -531.6361 -532.8493 -534.7183 -536.7586
