Resources/Map/Lvl0_30x30/Ele_AF.asc
ncols         335
nrows         335
xllcorner     -3295000
yllcorner     6675000
cellsize      10000
nodata_value  -99999.0
[rows 182 to 207 of 335, columns 177 to 235 of 335]
-2467.2432 -2487.3384 -2505.0969 -2522.0183 -2539.3816 -2557.915 -2575.2896 -2592.9824 -2612.248 -2633.9341 -2657.9875 -2683.7322 -2709.1301 -2733.8362 -2756.575 -2778.0352 -2795.7366 -2806.0637 -2812.605 -2820.1279 -2830.0012 -2842.6487 -2854.6804 -2864.9116 -2875.1028 -2887.1653 -2901.0454 -2914.5757 -2925.0806 -2933.5452 -2939.6299 -2942.7561 -2941.1682 -2935.9104 -2931.1218 -2936.3569 -2953.3772 -2974.5596 -2970.8452 -2941.5806 -2939.4578 -2965.5176 -2996.761 -3018.7021 -3022.1682 -2989.2791 -2917.9329 -2820.3933 -2688.4729 -2546.6492 -2439.5476 -2421.9116 -2492.9121 -2633.7629 -2759.1284 -2858.7744 -2952.219 -3022.9985 -3061.3767
-2460.7844 -2479.2607 -2495.4187 -2510.9658 -2527.5569 -2544.801 -2561.5232 -2577.5708 -2593.5547 -2611.9756 -2634.2703 -2662.3748 -2696.6443 -2733.5127 -2765.4351 -2786.957 -2798.2703 -2802.0242 -2805.7815 -2814.4751 -2825.2065 -2835.938 -2844.4458 -2848.6416 -2848.8181 -2852.3542 -2860.8687 -2870.9502 -2881.554 -2892.6802 -2902.7056 -2908.2473 -2908.1409 -2904.0483 -2903.4998 -2909.4919 -2927.9329 -2943.4873 -2937.083 -2917.9377 -2912.1406 -2916.9819 -2926.1035 -2932.8086 -2915.7473 -2809.2764 -2599.0537 -2314.9309 -1945.7903 -1562.0142 -1318.572 -1353.9222 -1662.7006 -2065.1545 -2380.135 -2657.2859 -2891.2468 -3028.8901 -3081.2104
-2483.8484 -2499.2844 -2513.6128 -2528.5132 -2543.7986 -2558.8118 -2572.7471 -2585.3337 -2596.7981 -2609.4426 -2624.9363 -2647.9729 -2680.5256 -2717.2051 -2749.6865 -2770.2351 -2777.575 -2776.9075 -2780.8359 -2793.0105 -2804.9661 -2814.2078 -2822.2483 -2827.0798 -2824.1824 -2820.47 -2819.5308 -2820.0503 -2822.7483 -2828.8228 -2836.1655 -2843.3765 -2854.218 -2875.3223 -2902.8054 -2919.0742 -2924.2725 -2928.249 -2918.9829 -2904.2407 -2897.187 -2891.6746 -2882.125 -2856.823 -2770.0166 -2557.9153 -2304.459 -2029.6683 -1722.5803 -1468.9906 -1405.8624 -1581.6793 -1935.7379 -2285.7288 -2536.5095 -2737.4448 -2906.0645 -2997.4309 -3024.1655
-2527.0566 -2543.0261 -2557.6133 -2570.0178 -2581.2859 -2591.1802 -2599.269 -2606.3406 -2613.1138 -2621.1824 -2631.3376 -2645.5847 -2664.6482 -2686.3535 -2707.5142 -2724.5559 -2736.8521 -2745.781 -2756.9839 -2771.6047 -2783.9934 -2793.4111 -2801.4863 -2807.7339 -2810.4924 -2810.4724 -2804.3003 -2795.3818 -2789.0764 -2788.2124 -2794.2759 -2808.3005 -2830.4153 -2858.5537 -2878.9893 -2883.4292 -2876.3452 -2876.8762 -2879.5107 -2882.7961 -2892.3337 -2903.5481 -2887.134 -2826.5315 -2708.9521 -2555.1497 -2449.0735 -2390.387 -2371.2874 -2402.3979 -2506.0164 -2647.6819 -2763.4773 -2838.3145 -2890.1816 -2920.3137 -2967.5916 -3010.0579 -3027.0957
-2557.4858 -2577.1306 -2591.0232 -2599.395 -2605.3579 -2609.824 -2613.3955 -2617.3113 -2621.2893 -2626.7644 -2633.7854 -2642.3379 -2652.7739 -2665.3943 -2678.9143 -2692.5725 -2706.8054 -2721.6965 -2736.6465 -2751.5334 -2764.9817 -2776.4209 -2785.6738 -2792.3855 -2798.5044 -2800.1921 -2789.2488 -2784.7046 -2784.5098 -2784.4927 -2792.0415 -2807.8857 -2825.0811 -2833.5156 -2830.0398 -2819.8196 -2814.2739 -2814.4119 -2817.2595 -2827.0298 -2858.9336 -2911.9026 -2927.8047 -2896.3699 -2855.0254 -2836.0039 -2841.342 -2874.4961 -2916.0479 -2933.739 -2934.364 -2946.9548 -2943.6355 -2928.271 -2921.9954 -2943.1021 -2988.3372 -3024.9846 -3028.3259
-2572.2776 -2590.9546 -2600.7834 -2605.739 -2608.8469 -2610.9102 -2613.6218 -2616.2029 -2618.5857 -2622.2163 -2626.6477 -2631.9985 -2637.8618 -2645.4263 -2654.9929 -2666.5007 -2680.8728 -2698.0349 -2716.2876 -2733.9543 -2749.5583 -2761.7383 -2767.3721 -2765.5498 -2760.4827 -2756.2498 -2759.6033 -2777.2124 -2792.2183 -2801.6191 -2811.7544 -2820.1292 -2819.5496 -2812.6272 -2804.8259 -2797.1729 -2792.9795 -2791.6284 -2792.4019 -2797.4858 -2817.8445 -2855.4851 -2880.9751 -2902.5383 -2926.2786 -2926.3657 -2939.5647 -2977.7493 -2990.8999 -2968.9409 -2936.3057 -2903.469 -2860.031 -2830.3684 -2825.7905 -2855.5203 -2904.1023 -2932.1433 -2925.3232
-2573.8779 -2593.9526 -2601.0493 -2604.2971 -2606.2622 -2607.0229 -2608.7314 -2609.8472 -2610.6995 -2612.3054 -2613.645 -2615.2383 -2616.3254 -2617.1824 -2619.6414 -2626.1372 -2643.0273 -2669.5947 -2694.5752 -2710.6094 -2720.011 -2725.1653 -2724.0029 -2716.7236 -2709.9502 -2711.8152 -2729.5515 -2757.6531 -2784.27 -2805.9385 -2820.4033 -2824.0791 -2816.3042 -2805.6365 -2798.3911 -2794.8071 -2795.7593 -2800.3823 -2808.9832 -2821.6147 -2837.5293 -2853.9255 -2863.439 -2878.6628 -2895.2524 -2888.3542 -2888.9832 -2906.9351 -2908.6667 -2890.8386 -2864.3296 -2815.6465 -2776.6885 -2790.9993 -2821.7961 -2833.6267 -2829.4644 -2810.4983 -2780.5344
-2576.0527 -2587.7537 -2590.5903 -2594.4968 -2598.4976 -2600.5322 -2602.489 -2603.2063 -2603.3264 -2603.574 -2603.574 -2603.3257 -2602.8989 -2604.7275 -2611.2246 -2620.7742 -2636.4973 -2655.1804 -2664.6238 -2665.9485 -2667.843 -2668.7146 -2664.7498 -2659.7566 -2658.6543 -2665.2419 -2684.333 -2719.281 -2752.1016 -2770.5374 -2777.4719 -2776.2644 -2770.3069 -2763.0479 -2758.7126 -2758.8154 -2765.019 -2778.353 -2801.3865 -2833.5735 -2860.1306 -2862.6536 -2835.7461 -2814.45 -2813.7764 -2829.2234 -2844.6472 -2835.4368 -2786.75 -2723.6011 -2688.9011 -2666.926 -2669.0737 -2703.4277 -2734.0583 -2736.479 -2712.1438 -2666.7092 -2624.6926
-2578.8347 -2576.9822 -2571.9644 -2575.6135 -2584.3733 -2590.4419 -2595.3188 -2598.981 -2600.5596 -2601 -2601.728 -2603.8555 -2607.0068 -2615.0032 -2624.9084 -2624.7129 -2621.2368 -2620.7456 -2617.9727 -2617.1626 -2619.8054 -2620.1587 -2619.0325 -2623.6628 -2634.4585 -2649.0051 -2662.135 -2664.5642 -2664.6987 -2672.4504 -2679.7925 -2683.1453 -2682.6494 -2680.4031 -2678.3123 -2676.3364 -2673.8555 -2675.2671 -2692.6399 -2754.6035 -2804.3457 -2780.3071 -2725.0508 -2708.2104 -2725.4016 -2718.8782 -2692.6301 -2659.677 -2620.4612 -2576.7329 -2557.7817 -2558.9067 -2572.2896 -2590.8899 -2605.8657 -2606.4797 -2582.7681 -2540.0369 -2506.5015
-2541.1389 -2543.3533 -2544.7542 -2549.3887 -2557.5889 -2565.9209 -2570.0969 -2573.9199 -2579.3467 -2581.6218 -2581.6697 -2581.7786 -2582.0969 -2578.2515 -2573.9473 -2567.259 -2556.1992 -2545.0386 -2534.6572 -2529.2998 -2533.6213 -2551.0413 -2571.2673 -2578.9043 -2580.1604 -2580.554 -2573.6592 -2557.9258 -2547.1348 -2550.979 -2561.7278 -2572.8154 -2580.0869 -2586.0708 -2593.4956 -2607.3901 -2627.1274 -2643.345 -2650.3889 -2641.3875 -2616.2407 -2593.6897 -2635.0557 -2663.647 -2647.7439 -2585.9448 -2525.7986 -2484.8665 -2462.3467 -2449.6318 -2445.054 -2448.9829 -2463.8186 -2488.3354 -2509.3625 -2498.0337 -2463.3645 -2437.7913 -2428.5713
-2446.321 -2443.9993 -2438.2449 -2430.2698 -2422.7007 -2419.0696 -2417.8906 -2434.9194 -2470.6841 -2490.2153 -2489.501 -2482.2964 -2474.124 -2452.5171 -2438.7195 -2438.0608 -2428.5146 -2429.3562 -2433.8721 -2437.3918 -2446.3027 -2463.2075 -2471.0564 -2448.7456 -2422.8394 -2409.314 -2400.6877 -2396.9111 -2400.0364 -2408.6414 -2419.2441 -2429.7502 -2438.5518 -2449.4883 -2466.0405 -2501.8091 -2544.4155 -2539.5154 -2495.6062 -2395.0544 -2290.9419 -2276.9414 -2429.2576 -2518.6423 -2503.6426 -2448.6575 -2416.604 -2401.9531 -2396.9895 -2398.136 -2401.8604 -2400.8325 -2396.8462 -2413.5132 -2448.959 -2449.6033 -2418.0393 -2403.4656 -2401.7961
-2241.7561 -2245.4792 -2246.2449 -2249.1479 -2247.7886 -2242.3596 -2245.2412 -2272.1892 -2310.5403 -2318.0317 -2308.615 -2312.5935 -2310.8894 -2294.5603 -2294.4512 -2294.4922 -2269.8711 -2267.2336 -2295.2227 -2314.5151 -2305.7705 -2296.0278 -2290.792 -2278.7722 -2267.6685 -2261.8145 -2260.2617 -2263.4622 -2269.8411 -2279.5474 -2292.7498 -2305.8181 -2317.2258 -2329.9612 -2340.1853 -2348.2485 -2358.949 -2343.1729 -2311.8311 -2263.53 -2222.9275 -2227.7141 -2302.7881 -2356.251 -2367.4077 -2363.437 -2364.5339 -2372.5735 -2384.0776 -2398.7141 -2414.7576 -2418.7583 -2404.3196 -2429.0662 -2494.2139 -2510.8643 -2480.4143 -2448.8196 -2424.4543
-1977.1765 -1957.2367 -1950.6725 -1981.3682 -1982.0093 -1936.3081 -1880.9938 -1851.2334 -1887.4915 -1919.9762 -1915.1744 -1923.6301 -1952.7954 -2003.3411 -2069.5398 -2118.3767 -2141.2856 -2149.4194 -2148.9214 -2152.8474 -2162.7314 -2173.4207 -2163.0935 -2169.3445 -2185.0254 -2193.7537 -2198.1516 -2195.5764 -2164.8069 -2153.1887 -2165.8594 -2183.1118 -2189.8503 -2193.4495 -2189.9053 -2203.0962 -2221.7429 -2231.2439 -2232.8311 -2233.9487 -2239.8989 -2253.2478 -2268.0789 -2280.2532 -2290.1609 -2304.0278 -2314.5002 -2330.9338 -2356.1814 -2381.814 -2400.4026 -2400.9919 -2401.9641 -2454.9431 -2523.8347 -2542.0515 -2524.8652 -2497.8643 -2475.1533
-1511.056 -1465.5702 -1430.9458 -1439.7061 -1435.8987 -1410.8367 -1372.8856 -1375.8143 -1390.5018 -1399.3884 -1418.068 -1454.7914 -1501.2479 -1572.9503 -1672.5105 -1771.5675 -1854.1913 -1898.9878 -1921.943 -1926.0013 -1890.9731 -1769.7716 -1558.0441 -1588.0291 -1691.3143 -1647.4155 -1596.3873 -1737.5349 -1908.14 -2069.5542 -2137.8374 -2129.7163 -2094.8289 -2088.1472 -2112.4026 -2134.7007 -2153.6855 -2168.9214 -2181.1028 -2195.4939 -2208.9075 -2216.6829 -2220.2075 -2234.3853 -2253.5488 -2276.5254 -2298.7844 -2323.1375 -2349.4595 -2375.1196 -2394.4758 -2405.8579 -2444.478 -2527.9495 -2574.6848 -2569.4839 -2551.3586 -2534.2388 -2521.9741
-1734.8054 -1743.7305 -1755.3562 -1785.8699 -1798.8381 -1784.3361 -1771.3685 -1779.8157 -1790.1058 -1814.1975 -1850.756 -1883.6637 -1912.9584 -1962.99 -2033.7316 -2085.2297 -2109.2229 -2138.5813 -2148.646 -2087.7039 -1957.3864 -1704.8038 -1313.3895 -1191.1957 -1221.5516 -1229.6421 -1228.2484 -1459.1063 -1806.6781 -2055.0452 -2126.9202 -2115.9512 -2180.9377 -2414.3933 -2592.0256 -2476.2129 -2315.3 -2221.1519 -2184.3591 -2188.238 -2197.5935 -2203.0764 -2211.9351 -2228.7217 -2250.1479 -2275.6987 -2301.1555 -2325.7881 -2348.4363 -2368.292 -2386.1448 -2410.501 -2450.6218 -2499.1792 -2518.5618 -2511.231 -2519.281 -2545.9399 -2567.1689
-2093.8064 -2111.6707 -2124.4746 -2136.1243 -2138.074 -2136.5662 -2143.3484 -2155.7285 -2170.946 -2195.3684 -2220.7715 -2239.5757 -2243.5276 -2249.835 -2294.3716 -2330.8782 -2323.2498 -2324.2646 -2318.385 -2275.8567 -2219.7224 -2132.9338 -2017.0275 -1959.3129 -1925.9063 -1866.4388 -1574.282 -1347.5973 -1591.2704 -1963.2585 -2113.4216 -2136.5068 -2171.0486 -2226.5225 -2279.0398 -2235.2939 -2182.4832 -2165.1653 -2174.1379 -2184.9802 -2187.5601 -2196.1584 -2208.1189 -2221.3203 -2235.7029 -2248.3765 -2263.551 -2280.4207 -2294.6597 -2306.2422 -2336.761 -2386.7375 -2433.2034 -2456.0508 -2455.3562 -2457.748 -2495.2939 -2554.6877 -2584.1069
-2129.791 -2179.429 -2197.1511 -2202.2268 -2202.3733 -2202.2258 -2205.3423 -2211.0205 -2219.6772 -2232.9238 -2253.0847 -2286.9207 -2327.8276 -2353.3533 -2365.9868 -2365.3062 -2347.8635 -2332.4224 -2329.0996 -2333.5615 -2320.3503 -2296.9531 -2276.7134 -2234.7344 -2191.3271 -2166.137 -2073.8169 -1976.2203 -2025.1365 -2127.2632 -2164.6804 -2159.1343 -2145.4089 -2129.3904 -2123.1501 -2122.4556 -2133.3655 -2153.1375 -2175.7144 -2189.0181 -2192.5771 -2195.771 -2197.8486 -2200.187 -2205.8008 -2218.7983 -2238.9534 -2251.6204 -2243.5242 -2240.0413 -2280.405 -2358.6243 -2433.2261 -2476.5701 -2476.7322 -2474.7842 -2493.6729 -2500.8755 -2498.2883
-1984.6281 -2046.6716 -2094.4683 -2128.7478 -2165.5427 -2192.1724 -2204.0313 -2212.7205 -2226.1052 -2253.1655 -2293.0737 -2332.7769 -2361.9556 -2380.7598 -2388.5068 -2371.2881 -2324.6587 -2293.5342 -2306.5593 -2325.9636 -2310.657 -2311.7756 -2306.1604 -2257.72 -2220.1418 -2205.8062 -2193.5427 -2179.011 -2174.7859 -2177.4988 -2176.4265 -2171.1914 -2164.6655 -2161.3982 -2162.1819 -2167.5642 -2176.8127 -2185.4092 -2192.2666 -2195.9827 -2197.4199 -2197.7053 -2197.8997 -2201.644 -2217.324 -2242.1421 -2260.2756 -2258.3423 -2252.0786 -2269.8403 -2321.2495 -2387.4016 -2434.4382 -2453.657 -2444.2275 -2424.437 -2414.3125 -2409.2769 -2413.1924
-1846.8511 -1890.2385 -1942.5216 -1986.2695 -2033.9812 -2085.0212 -2122.1636 -2138.3176 -2157.354 -2211.7581 -2265.1519 -2301.6763 -2319.1714 -2331.3503 -2339.5808 -2337.5967 -2318.7329 -2295.3103 -2288.1377 -2299.6853 -2302.3459 -2298.2869 -2280.7664 -2247.5869 -2225.0986 -2219.9824 -2225.5623 -2229.5061 -2232.7927 -2237.4521 -2231.0737 -2226.0203 -2227.9194 -2230.6553 -2230.5276 -2231.1707 -2233.0012 -2233.833 -2230.8979 -2222.28 -2213.6045 -2209.5122 -2212.6216 -2222.0686 -2242.4238 -2271.7236 -2292.3269 -2298.7681 -2306.5564 -2328.7036 -2360.8618 -2385.884 -2402.0269 -2409.5664 -2409.3511 -2403.7732 -2396.5024 -2389.7744 -2390.2007
-1355.3726 -1424.7159 -1527.4299 -1624.6372 -1703.5331 -1784.4066 -1849.8574 -1897.4808 -1935.4379 -1994.2145 -2076.188 -2126.594 -2117.627 -2127.5393 -2176.2595 -2238.0835 -2285.4175 -2305.7544 -2313.6455 -2316.0151 -2300.0386 -2275.6616 -2259.6304 -2253.7595 -2257.4343 -2269.6938 -2288.3789 -2302.2021 -2306.8191 -2309.2615 -2310.3865 -2310.9329 -2309.0652 -2301.9253 -2292.0083 -2289.3557 -2300.3149 -2310.5024 -2316.6323 -2317.4714 -2318.4941 -2327.8047 -2348.9063 -2366.6299 -2388.0706 -2416.5654 -2431.917 -2414.321 -2376.657 -2348.7805 -2345.0935 -2354.0193 -2364.6248 -2380.9304 -2404.5942 -2423.282 -2430.4116 -2424.7769 -2410.2205
-1386.2067 -1350.2101 -1323.6204 -1275.9445 -1311.8883 -1407.9355 -1500.0532 -1574.5507 -1631.8257 -1672.1279 -1750.4418 -1856.8824 -1949.3702 -2044.4873 -2115.5657 -2176.731 -2246.8093 -2289.3704 -2293.8445 -2292.2991 -2286.9985 -2274.8857 -2261.4084 -2258.0176 -2266.0376 -2280.0903 -2294.4685 -2306.5044 -2314.3857 -2319.6741 -2323.0437 -2324.4272 -2324.385 -2323.708 -2324.4675 -2332.0339 -2351.0073 -2371.5969 -2392.8157 -2409.8513 -2418.4597 -2426.9583 -2437.3894 -2439.094 -2460.1201 -2476.5596 -2478.4595 -2463.2114 -2430.9644 -2403.3787 -2402.0288 -2412.366 -2427.989 -2446.7222 -2459.1855 -2456.7322 -2441.2415 -2426.8928 -2420.458
-1430.101 -1407.7327 -1407.6912 -1444.01 -1559.9731 -1727.9545 -1889.7894 -2023.3889 -2071.0132 -2041.9012 -2019.9224 -2024.6537 -2060.5422 -2089.4546 -2055.48 -2037.3556 -2142.8206 -2234.2754 -2249.0505 -2254.6262 -2260.2063 -2246.1028 -2218.6538 -2221.1438 -2256.5186 -2292.3984 -2315.4221 -2325.9734 -2329.5779 -2330.3455 -2329.0249 -2327.1848 -2325.2717 -2325.8257 -2329.4331 -2334.6494 -2345.0562 -2357.7561 -2370.6238 -2380.5291 -2403.457 -2432.5835 -2423.5198 -2415.3928 -2424.5508 -2448.4302 -2457.1001 -2416.2629 -2356.8818 -2382.8628 -2431.2732 -2423.0952 -2365.8752 -2360.0273 -2381.8535 -2355.8867 -2287.927 -2259.2041 -2275.5913
-1435.3253 -1506.6759 -1564.3074 -1622.4779 -1703.5117 -1782.9338 -1850.7899 -1893.4778 -1891.4871 -1888.2244 -1924.2635 -2002.9818 -2103.9487 -2210.2705 -2301.4912 -2359.7891 -2398.4456 -2468.6304 -2536.7454 -2524.7295 -2518.5569 -2518.2202 -2449.8027 -2398.6213 -2412.6833 -2403.6882 -2390.3689 -2349.1521 -2309.9331 -2305.1565 -2307.4692 -2308.5588 -2302.0522 -2298.4272 -2299.9448 -2307.4241 -2311.1184 -2316.3821 -2321.7583 -2324.1387 -2330.7737 -2363.6023 -2397.5496 -2414.4944 -2398.5442 -2352.8811 -2184.7805 -2023.9359 -2015.4493 -2090.613 -2191.9758 -2154.9292 -2114.1135 -2089.2683 -2035.6614 -1985.4324 -1996.2694 -2034.7976 -2052.822
-1477.0336 -1609.3473 -1677.1149 -1740.1224 -1715.5139 -1664.3191 -1686.4274 -1690.1479 -1675.6157 -1746.8129 -1855.6112 -1894.647 -1925.6401 -2001.4922 -2080.3535 -2193.9055 -2393.4922 -2651.9507 -2709.6655 -2539.8162 -2496.8303 -2543.3342 -2520.0234 -2565.2754 -2597.2158 -2557.4221 -2628.364 -2515.1113 -2253.7192 -2068.4585 -2033.7637 -2091.5146 -2081.1384 -2111.96 -2193.8896 -2219.8447 -2250.1753 -2291.917 -2317.7305 -2320.0017 -2317.5444 -2330.9722 -2359.0222 -2373.3977 -2337.4424 -2276.3379 -2174.4351 -2077.4294 -2019.136 -1839.6859 -1535.6741 -1269.2041 -1282.5105 -1442.278 -1565.5625 -1660.4572 -1709.6213 -1773.6013 -1883.1967
-1374.3184 -1431.5184 -1424.5802 -1441.6241 -1492.6112 -1514.0248 -1502.0823 -1475.7319 -1470.3196 -1519.6132 -1529.0251 -1565.3646 -1763.3545 -1915.9734 -1968.5128 -2125.0916 -2399.2849 -2452.1033 -2144.3591 -1787.6487 -1593.5696 -1560.3907 -1587.5131 -1638.6182 -1804.8662 -1970.5941 -2025.2458 -2041.0942 -1998.7306 -1844.8225 -1807.3458 -1924.1438 -1940.3705 -1866.3381 -1817.0724 -1857.2377 -1931.6781 -2081.4734 -2187.0244 -2271.9907 -2298.8218 -2310.2944 -2318.6162 -2286.793 -2203.873 -2180.4465 -2237.3684 -2253.3325 -2204.3511 -2119.0759 -1997.5035 -1855.161 -1825.4216 -1913.6151 -1953.8307 -1891.1594 -1670.4631 -1461.491 -1586.1322
-1338.9158 -1319.141 -1336.0885 -1363.8615 -1373.2361 -1341.7119 -1291.5769 -1250.715 -1269.4568 -1312.2039 -1315.4338 -1326.1643 -1405.5035 -1537.1002 -1641.2592 -1688.9446 -1718.1592 -1651.2561 -1473.6809 -1228.0562 -1067.5157 -1082.48 -1205.4902 -1323.4098 -1330.4296 -1190.4562 -1072.9554 -1004.1166 -943.3862 -985.8092 -1092.1589 -1250.5286 -1361.5276 -1307.7158 -1200.1877 -1141.7795 -1189.9462 -1300.629 -1489.1506 -1638.8429 -1771.371 -1816.902 -1808.0114 -1894.577 -1940.4656 -1981.0874 -2035.5073 -2080.1404 -2125.6882 -2173.7405 -2184.6555 -2151.6482 -2106.4561 -2142.8643 -2182.4614 -2151.2148 -2066.5933 -1983.3484 -1959.4553
