Resources/Map/Lvl0_30x30/Ele_DA.asc
ncols         335
nrows         335
xllcorner     -20045000
yllcorner     -3375000
cellsize      10000
nodata_value  -99999.0
[rows 150 to 174 of 335, columns 228 to 284 of 335]
-5150.2817 -5129.8428 -5049.6133 -5003.0591 -5010.5757 -5033.9526 -5053.9678 -5087.8809 -5123.4136 -5163.2373 -5201.2847 -5307.6929 -5394.1099 -5479.624 -5454.5464 -5345.5415 -5349.8564 -5256.9053 -5088.1924 -5156.9639 -5171.8647 -5178.8374 -5185.7852 -5166.0435 -5191.0024 -5176.0474 -5165.7896 -5246.8345 -5099.9683 -5018.4253 -5178.418 -5247.0024 -5275.5879 -5191.4097 -5183.7822 -5213.7896 -5194.1333 -5159.4697 -5136.4268 -5183.5444 -5205.5063 -5100.4585 -5088.9438 -5072.0996 -5063.4185 -5108.8623 -5131.9683 -5082.8052 -5018.9141 -5023.9937 -5058.5581 -5065.4819 -5119.1011 -5190.4321 -5171.4048 -5145.292 -5200.7314
-5117.5044 -5054.917 -4980.0264 -4981.3481 -5019.6655 -5075.1719 -5111.9731 -5133.2017 -5131.457 -5142.252 -5143.1143 -5216.5664 -5397.6548 -5558.4272 -5506.1836 -5435.7021 -5388.353 -5374.897 -5200.2129 -5120.2783 -5120.8936 -5007.1958 -5116.1763 -5227.0776 -5160.3032 -5136.9385 -5195.9009 -5304.21 -5147.9292 -5090.355 -5132.98 -5212.5366 -5196.3667 -5131.0757 -5217.2095 -5200.8779 -5175.4077 -5188.04 -5147.2949 -5193.7407 -5137.5996 -5056.3218 -5112.7212 -5085.3047 -5100.6948 -5127.6123 -5114.2026 -5050.6772 -5022.5259 -5074.5845 -5098.3306 -5025.8018 -5050.9302 -5179.874 -5185.0005 -5127.0186 -5150.7192
-5157.3389 -5159.2241 -5091.1094 -5055.3691 -5095.7065 -5156.7212 -5179.4375 -5183.1934 -5138.7715 -5077.4395 -5111.2349 -5202.0552 -5480.3057 -5542.9214 -5211.374 -5129.4082 -5175.21 -5248.3823 -5258.9429 -5145.2139 -5106.5776 -5012.4199 -5086.6753 -5201.5737 -5107.1074 -5015.1235 -5104.0708 -5184.6279 -5066.5264 -5041.0342 -5032.3467 -5131.5488 -5140.6753 -5138.0684 -5170.4448 -5132.2686 -5108.1626 -5127.9229 -5142.7427 -5193.1138 -5149.9316 -5102.8271 -5117.3604 -5095.957 -5148.6011 -5157.6504 -5109.3262 -5053.0371 -5029.8438 -5040.2104 -5039.4912 -5002.8921 -5006.6211 -5082.9883 -5113.3652 -5080.5488 -5071.1226
-5198.1021 -5232.0923 -5163.0347 -5109.9238 -5130.2383 -5174.8027 -5224.6396 -5236.0371 -5168.8105 -5044.1953 -5041.436 -5146.7212 -5458.0112 -5543.144 -5134.6094 -4996.1455 -5019.9683 -5016.0625 -5079.7183 -5043.1895 -5033.5435 -5062.2007 -5003.1738 -5039.4873 -5155.772 -4980.9985 -5004.7563 -5048.29 -5046.2954 -4913.9399 -4930.6689 -5129.0356 -5144.6992 -5071.894 -5042.6987 -5128.0078 -5143.2759 -5117.4224 -5074.438 -5077.4282 -5086.3481 -5116.1279 -5108.4165 -5050.8433 -5124.125 -5192.7046 -5144.1138 -5059.1104 -5043.2227 -5015.4893 -4990.8892 -4947.6904 -4912.8691 -4989.1235 -5068.3423 -5051.1982 -5015.021
-5224.1904 -5274.915 -5184.4004 -5105.1416 -5130.9419 -5178.3271 -5251.4297 -5304.1426 -5211.0249 -5123.9961 -5147.6226 -5146.77 -5356.2212 -5425.8652 -5115.7183 -5230.645 -5255.5205 -5052.125 -4993.9258 -4983.2441 -5022.4746 -5050.7109 -4882.292 -4874.5952 -5079.3809 -4901.937 -5034.0146 -5087.6948 -5046.1162 -5012.1733 -5056.5635 -5114.3506 -5159.4014 -5107.9995 -5045.6226 -5118.0898 -5086.4023 -5055.3691 -5067.8574 -5057.2261 -5029.8691 -5100.5195 -5095.228 -5050.6816 -5154.8062 -5197.5498 -5098.1846 -5034.8525 -5042.7593 -5044.6978 -5048.9531 -5015.353 -4941.9795 -4948.4121 -5049.9619 -5030.9663 -4976.1309
-5199.9609 -5221.5674 -5162.75 -5087.6577 -5105.1816 -5147.1963 -5232.708 -5314.2358 -5238.5757 -5185.3799 -5175.8481 -5069.9731 -5156.7012 -5272.1938 -5151.2598 -5254.522 -5263.6943 -5162.9531 -5083.4941 -5014.2773 -4998.1201 -4985.3057 -4839.6089 -4746.521 -4871.6367 -4918.9575 -5048.2119 -5160.5723 -5087.5317 -5014.4712 -5071.2085 -5105.1211 -5119.9082 -5136.4883 -5005.3364 -4996.7813 -5047.106 -5036.5874 -5074.4219 -5038.5703 -4989.6211 -5018.2241 -5047.895 -5058.5439 -5117.0596 -5115.2734 -5072.9023 -5038.5151 -4996.0396 -4999.8984 -5009.0537 -4995.0244 -4963.8335 -4943.8989 -5024.646 -5011.0439 -4942.2373
-5166.7261 -5107.1445 -5083.5513 -5076.5732 -5106.8447 -5109.9277 -5205.2427 -5318.7847 -5224.1807 -5178.7866 -5167.896 -5009.5654 -5012.1255 -5083.3037 -5152.2134 -5166.5879 -5000.8076 -5019.0269 -5048.5547 -5070.0894 -5084.6519 -5079.396 -5005.3989 -4820.4316 -4878.0239 -4945.6758 -4975.1357 -5121.8755 -5089.7012 -4961.0742 -5019.3311 -5114.9165 -5036.3262 -5012.8301 -4858.3223 -4901.4282 -5109.9795 -5093.542 -5056.2793 -5011.812 -4972.2383 -5015.6997 -5063.791 -5060.8369 -5072.9917 -5037.3145 -4948.2114 -4918.1777 -4956.5161 -4984.0103 -5009.2896 -4974.4229 -4924.8389 -4892.8101 -4939.0625 -4963.936 -4920.5332
-5162.0742 -4950.2192 -4813.3525 -4971.0801 -5104.1309 -5083.5181 -5149.6714 -5236.231 -5185.1079 -5173.5552 -5141.1538 -5006.5542 -4996.7422 -4940.187 -5012.3872 -5117.1528 -5031.0415 -4972.8726 -4836.2261 -4803.1509 -4995.5762 -5147.1167 -5104.0786 -4965.2607 -5017.8945 -4985.4336 -4936.1431 -5059.0215 -5104.2651 -5027.8633 -5046.2671 -5076.3945 -4967.3916 -4952.1543 -4855.8496 -4954.7666 -5102.4126 -5089.4946 -5048.1865 -4991.7749 -4984.2593 -5023.8955 -5026.7534 -5047.4873 -5052.8052 -5057.3394 -5007.7139 -4967.6392 -4979.4248 -4954.04 -4972.2026 -4903.0552 -4828.0728 -4808.1191 -4809.8457 -4835.8516 -4872.2402
-5196.5454 -5088.8247 -4988.2915 -5059.9302 -5115.0649 -5083.3765 -5155.189 -5255.3179 -5250.7056 -5198.2671 -5132.8599 -5019.0493 -4955.7134 -4866.0811 -4792.5308 -4893.8369 -4978.4741 -4955.6646 -4742.1675 -4679.7749 -4927.9077 -5137.1851 -5072.3521 -5003.6377 -5133.8896 -5135.0825 -4922.6504 -4943.6089 -5068.1377 -4955.2817 -4999.2236 -5125.0225 -5050.5933 -4955.7241 -4939.1626 -4934.4946 -5030.8511 -5033.521 -5006.1885 -4995.4448 -4990.9966 -4981.6011 -4995.6479 -5046.8613 -5030.3516 -5042.4287 -5037.9512 -4986.7432 -4940.6494 -4906.3696 -4932.4253 -4943.6875 -4897.3018 -4823.938 -4788.3867 -4810.0366 -4857.2095
-5199.3164 -5161.1328 -5109.1772 -5094.6875 -5086.9268 -5071.3184 -5122.4302 -5202.3638 -5207.2417 -5134.0122 -5092.0928 -5043.541 -4988.4048 -4924.7441 -4783.3579 -4856.0532 -4929.4609 -4943.208 -4710.9565 -4729.8379 -4852.1973 -4974.3774 -4976.0063 -5041.8267 -5159.145 -5152.27 -4915.1772 -4869.73 -4976.4214 -4892.1265 -4969.8379 -5103.5796 -5098.6035 -5038.0239 -4977.436 -4896.5146 -4971.2075 -5007.0151 -5003.2734 -4991.4883 -4984.8452 -4967.4839 -5006.1416 -5058.1479 -4995.272 -5001.7271 -5017.9399 -4976.1587 -4919.73 -4893.8525 -4916.0381 -4955.6206 -4903.8789 -4806.8262 -4779.4292 -4819.1724 -4873.8521
-5226.5933 -5148.3809 -5124.98 -5107.2207 -5078.2476 -5090.7295 -5100.918 -5115.7393 -5112.5981 -5074.502 -5052.2373 -5017.0776 -5057.6812 -5049.6235 -4944.6182 -4947.751 -5011.5215 -5101.4375 -4689.458 -4687.6484 -4847.7202 -4841.4043 -4770.7715 -4984.3174 -4970.2485 -4910.0303 -4875.8628 -5010.0991 -4979.8042 -4917.7627 -4979.2373 -5039.2715 -5112.3833 -5038.4243 -5000.9575 -4949.8735 -4949.8472 -4972.5562 -4978.356 -4926.5117 -4913.0977 -4956.7432 -5047.0542 -5055.0444 -4945.3506 -4947.7329 -5003.8018 -5021.769 -4980.5151 -4948.1758 -4940.2397 -4960.564 -4932.5308 -4886.918 -4858.5649 -4871.165 -4922.9644
-5161.9844 -5127.4648 -5153.8359 -5134.7388 -5087.7188 -5087.4277 -5090.9424 -5074.1973 -5083.0703 -5085.8027 -5063.4849 -5095.0986 -5129.0991 -5109.4033 -5059.4292 -5039.7065 -5089.2822 -5128.2607 -4821.8486 -4944.5483 -5192.9678 -5040.8057 -4809.3711 -4827.0049 -4655.2007 -4659.3965 -4916.3154 -5116.2407 -5047.7085 -4982.8594 -5027.936 -5048.4478 -5108.7783 -5066.0571 -4969.1777 -4978.4624 -4921.6436 -4874.5127 -4882.4219 -4870.1079 -4852.6353 -4929.584 -4995.0493 -4986.1704 -4969.9673 -4958.5879 -5027.0884 -5057.7925 -5039.731 -5046.1724 -5004.5195 -4951.3564 -4907.5674 -4886.4351 -4854.4058 -4862.7173 -4899.0278
-5140.019 -5184.6084 -5191.813 -5131.6782 -5076.9175 -5079.1104 -5092.5132 -5085.4521 -5090.3315 -5101.2993 -5089.1772 -5163.7026 -5201.4619 -5154.5083 -5091.0737 -5002.2808 -4967.187 -5029.7202 -4859.5342 -5060.9595 -5241.5527 -4957.3706 -4824.0146 -4780.1406 -4726.6968 -4653.8145 -4963.1147 -5169.4248 -4980.4097 -4920.7109 -4989.7476 -5012.1606 -5000.9526 -5000.7666 -4927.521 -5011.7344 -5078.418 -4986.7607 -4967.8813 -4960.0488 -4849.79 -4874.8945 -4854.8149 -4885.4019 -5028.0322 -4999.1387 -4993.9722 -4973.144 -4981.6104 -4966.6226 -4845.0508 -4724.8174 -4656.1763 -4613.4453 -4543.8052 -4577.9302 -4644.3364
-5112.4243 -5140.9673 -5152.8794 -5100.4912 -5092.2192 -5117.7002 -5113.1318 -5092.4482 -5098.894 -5111.1772 -5081.0874 -5143.8301 -5172.1826 -5127.0952 -5058.189 -4958.4961 -4828.1123 -4857.4297 -4864.3188 -5020.2451 -5200.2993 -4554.8369 -4591.5386 -4770.8062 -4660.9614 -4778.6592 -5118.0913 -5181.249 -4826.2925 -4732.458 -4899.7104 -4987.1328 -4902.4219 -4861.9458 -4884.7534 -5056.4863 -5229.8682 -5256.3564 -5175.3481 -5089.6563 -4914.8701 -4756.8984 -4663.4409 -4593.1108 -4739.6328 -4792.4067 -4773.6777 -4700.4902 -4679.1729 -4621.0781 -4499.7646 -4444.6353 -4422.46 -4403.687 -4414.0098 -4473.3081 -4519.0952
-5170.0469 -5079.9341 -5072.1509 -5112.2539 -5141.2441 -5152.0981 -5140.4253 -5092.7251 -5059.3306 -5084.4893 -5097.0298 -5147.7056 -5143.0801 -5090.6338 -5008.8198 -4894.8252 -4729.7773 -4691.3359 -4681.7397 -4840.458 -5105.3105 -4577.9448 -4421.5527 -4627.1953 -4474.7983 -4839.0552 -5247.4312 -5202.3462 -4720.2051 -4403.9331 -4696.7227 -5012.1865 -4917.3706 -4894.3462 -4979.3716 -5102.1089 -5157.498 -5142.9097 -5017.7759 -4976.7275 -4922.3345 -4638.6118 -4459.3516 -4309.8154 -4463.1563 -4639.0923 -4654.8672 -4605.9692 -4585.8496 -4531.2974 -4474.4912 -4469.9814 -4483.4287 -4484.5186 -4545.1963 -4667.2661 -4689.5811
-5158.498 -5059.5234 -5051.0708 -5120.8174 -5147.4375 -5132.0103 -5095.4185 -5011.3481 -4991.8853 -5029.0322 -5032.7139 -5102.9185 -5111.4683 -5052.0874 -4948.6069 -4763.1304 -4514.8506 -4490.043 -4480.2271 -4709.8413 -5078.4844 -4911.9775 -4594.5957 -4576.2134 -4510.3696 -4827.7686 -5237.0156 -5213.4229 -4673.0542 -3959.0994 -4032.4868 -4776.3916 -4817.0903 -4804.3096 -4911.2505 -4979.8105 -4918.2969 -4877.501 -4851.4609 -4829.9678 -4770.1543 -4538.249 -4484.7959 -4443.3311 -4555.1602 -4719.9155 -4723.1641 -4696.7651 -4674.6606 -4675.8911 -4618.728 -4559.7612 -4581.2866 -4607.48 -4604.9458 -4663.5176 -4682.4014
-5114.7847 -5075.7314 -5087.6133 -5131.689 -5148.5483 -5154.981 -5124.3618 -5043.29 -4955.583 -4882.7847 -4900.1982 -4996.9326 -5028.7437 -5005.4653 -4924.4287 -4712.8188 -4433.4399 -4469.1543 -4403.417 -4525.2607 -4946.7485 -5098.7935 -4837.0996 -4639.9385 -4620.4688 -4521.2705 -4842.2598 -4986.8384 -4580.936 -3677.5454 -2893.9539 -4220.3369 -4767.5894 -4780.1357 -4771.1787 -4813.7568 -4777.4614 -4794.6646 -4821.2261 -4825.4023 -4739.0625 -4592.9614 -4606.1426 -4464.3135 -4452.437 -4700.1138 -4775.8047 -4737.9067 -4689.7871 -4648.5107 -4589.7568 -4623.8716 -4638.1782 -4620.8813 -4615.25 -4626.2861 -4608.7339
-5120.1489 -5131.1089 -5138.1782 -5142.9482 -5152.0532 -5157.2764 -5079.2666 -4936.0801 -4807.98 -4695.2681 -4795.0386 -4933.0264 -4958.9292 -5001.4102 -5034.6748 -4921.0103 -4761.2622 -4760.811 -4459.8174 -4222.8105 -4608.2354 -4999.3403 -4820.3604 -4712.9424 -4840.0806 -4453.2163 -4334.1147 -4642.3018 -4559.481 -3667.835 -2603.4426 -3851.4067 -4726.9238 -4882.729 -4877.8057 -4886.8843 -4831.5278 -4804.834 -4758.144 -4761.9565 -4749.3604 -4716.418 -4565.2671 -4000.5093 -3814.7163 -4397.019 -4731.1445 -4704.1802 -4652.8057 -4560.8384 -4468.9565 -4538.2236 -4578.2695 -4553.2183 -4574.0972 -4610.1733 -4576.1338
-5118.7051 -5158.2349 -5159.4868 -5155.231 -5162.3198 -5140.3188 -5036.7837 -4885.9053 -4823.7275 -4831.7427 -4935.771 -4956.4951 -4926.6519 -5011.2427 -5072.9775 -4984.7158 -4927.833 -4922.0928 -4706.2173 -4282.1709 -4230.0166 -4506.3096 -4289.4458 -4208.043 -4513.083 -4567.5498 -4410.916 -4413.7461 -4493.3779 -4092.1294 -3829.1802 -4319.7007 -4673.7939 -4870.2495 -4968.6094 -4948.5864 -4886.1699 -4813.3843 -4666.1104 -4596.9888 -4584.2505 -4648.9219 -4597.0024 -4037.5012 -3685.5315 -4230.0547 -4629.3022 -4701.4419 -4682.1406 -4629.1929 -4555.9961 -4541.2954 -4520.3687 -4465.9072 -4516.6689 -4584.6855 -4573.4521
-5144.8647 -5175.1172 -5174.1577 -5161.4492 -5137.6475 -5080.8013 -5023.4668 -4949.3276 -4918.6235 -4965.2798 -5061.2456 -5009.6733 -4932.4844 -4996.9829 -5018.8545 -4984.2041 -5022.1714 -4958.5415 -4886.9893 -4682.0591 -4331.2178 -4346.0444 -4024.6926 -3682.1538 -3900.7512 -4360.978 -4582.8135 -4547.9849 -4444.1714 -4351.8169 -4581.4375 -4783.0542 -4617.0615 -4739.7085 -4946.2856 -4964.3794 -4881.7769 -4788.2485 -4620.1274 -4470.562 -4404.1455 -4488.0059 -4639.7813 -4493.8545 -4304.7036 -4506.2769 -4693.7983 -4742.2925 -4711.3877 -4675.7949 -4576.1089 -4478.7241 -4422.3071 -4368.1416 -4385.917 -4430.5435 -4436.832
-5146.1162 -5144.5898 -5137.8906 -5144.4663 -5122.8418 -5067.019 -5023.5957 -4969.4678 -4948.8809 -5010.936 -5080.2642 -5021.8384 -4930.2944 -4885.4761 -4850.1318 -4933.6245 -5078.7983 -4956.5493 -4900.7441 -5024.4194 -4900.5186 -4922.1196 -4733.377 -4245.6367 -4203.4365 -4593.188 -4832.8086 -4917.9277 -4706.9111 -4243.7744 -4071.4946 -4723.144 -4762.8906 -4657.395 -4719.1006 -4763.1953 -4544.6758 -4457.8911 -4301.9009 -4112.8965 -4144.6069 -4328.9473 -4596.5298 -4701.7695 -4668.4844 -4653.479 -4587.5742 -4533.9863 -4616.8936 -4658.8662 -4563.5493 -4456.7813 -4360.6484 -4247.3447 -4183.5815 -4237.6396 -4212.063
-5101.1636 -5101.9087 -5134.3472 -5166.4185 -5137.4092 -5090.5562 -5035.9175 -4999.6587 -4979.9727 -4973.2388 -5015.4585 -4941.2246 -4834.127 -4732.7163 -4722.8042 -4941.8193 -5128.7178 -5050.7603 -4956.2036 -4963.9907 -4726.3242 -4800.0278 -4853.9624 -4766.3833 -4707.9316 -4931.0435 -5067.3247 -5141.9023 -5015.8701 -4367.937 -3178.5413 -3754.2905 -4397.0342 -4437.1348 -4626.7798 -4715.9312 -4383.1348 -4076.7839 -3522.2959 -2957.3323 -3117.7241 -3821.752 -4503.8555 -4796.4907 -4789.5781 -4713.7329 -4493.8662 -4274.3354 -4354.3081 -4535.7725 -4594.4951 -4558.9565 -4386.4302 -4157.6333 -3980.8535 -3913.9265 -3846.8264
-5065.5137 -5118.5596 -5177.686 -5179.6362 -5134.1982 -5068.2246 -5036.4644 -5056.457 -5063.3931 -5001.0342 -4984.8862 -4845.3359 -4729.5967 -4698.7969 -4797.6533 -5012.7153 -5165.2524 -5202.7446 -5148.4341 -4871.3213 -4349.1924 -4283.4683 -4441.8667 -4684.4014 -4700.0693 -4584.0801 -4676.7974 -5015.2656 -5149.96 -4792.2656 -3475.571 -3054.0615 -3500.2178 -3796.9568 -4264.4263 -4723.7891 -4688.2954 -4311.4253 -3447.6409 -2307.5063 -2034.817 -2687.689 -3562.1079 -4228.272 -4656.4517 -4754.3481 -4586.2637 -4363.8301 -4236.7813 -4316.1997 -4480.647 -4559.814 -4407.0576 -4139.2778 -3776.1611 -3132.0295 -2793.5764
-5031.167 -5108.812 -5154.9766 -5128.8789 -5117.1753 -5096.8862 -5108.4434 -5136.1235 -5114.3257 -5075.772 -5020.7935 -4801.1274 -4670.9116 -4775.2642 -4966.9956 -5060.6885 -5129.9424 -5155.207 -5135.7852 -5006.71 -4711.5049 -4640.8696 -4802.0376 -4944.5796 -4901.4897 -4394.8252 -4323.6294 -4850.8149 -5072.0005 -5044.4795 -4625.3369 -4022.7214 -3769.0801 -3634.8394 -3552.3479 -3995.9575 -4382.5078 -4465.4331 -4214.9824 -3523.0862 -2921.051 -2537.9746 -2442.3171 -3090.6675 -4279.8384 -4644.6177 -4524.8447 -4412.9902 -4117.1035 -3921.895 -4086.5532 -4368.8027 -4398.8804 -4183.6743 -3621.1279 -2284.3586 2
-5005.146 -5080.0576 -5141.8071 -5141.9277 -5140.5508 -5147.7876 -5175.7788 -5160.8745 -5103.3486 -5081.5039 -5068.1816 -4903.4312 -4662.186 -4752.1621 -4993.5581 -5045.9717 -5046.6772 -5019.5942 -5054.4351 -5072.2637 -4979.9204 -5081.105 -5073.0952 -5051.1846 -5093.5088 -4809.1973 -4732.9863 -4948.3193 -4953.04 -4968.5503 -4981.8574 -4973.5498 -4791.7178 -4467.3833 -3828.5166 -3755.165 -4151.9072 -4471.3755 -4605.708 -4556.79 -4323.9512 -3772.9243 -3105.2014 -3253.896 -4305.5015 -4646.561 -4560.0654 -4485.6753 -4238.0513 -3975.4063 -3983.5396 -4227.252 -4316.2134 -4144.2534 -3639.8699 -2530.54 -2034.1415
