Resources/Map/Lvl0_30x30/Ele_CJ.asc
ncols         335
nrows         335
xllcorner     10105000
yllcorner     -25000
cellsize      10000
nodata_value  -99999.0
[rows 54 to 80 of 335, columns 120 to 179 of 335]
1919.0964 1809.6017 1838.8551 1490.7914 1518.1111 1659.7838 2001.9255 1925.245 1961.4926 2020.2167 2008.7223 1985.0035 1885.3416 1899.6404 2008.0907 2173.9143 1890.0942 1708.9811 1595.3342 1850.4271 1813.5 1878.0242 1862.089 1848.3169 1883.6204 2161.0549 2001.9448 1954.9337 1856.9969 1819.3173 1627.0568 1505.8756 1456.6282 1684.4431 1460.1552 1746.3002 1738.4116 1196.5199 1167.5376 1103.0081 893.9403 861.3817 809.2985 1301.7927 1343.6135 1226.5891 889.3307 911.1719 816.9805 713.0852 585.4813 476.7096 554.7966 580.5954 679.2573 676.6567 839.0153 950.3205 737.5548 659.6212
2126.2913 1842.5304 1950.6151 1639.2328 1672.5856 1705.8529 1885.5248 1794.6525 1857.6638 1904.2349 1863.4105 1939.9562 1882 1890.0883 1979.9409 2043.9116 2042.0745 1617.6647 1880.5997 1813.0911 1887.6471 1893.6484 1981.2488 2029.458 2127.5837 2093.802 2027.8665 1849.5723 1786.1414 1656.2915 1504.824 1467.157 1584.3442 1642.8629 1715.0648 1721.5507 1461.9679 1224.7936 841.6702 942.6854 1159.8333 1070.3903 921.4629 592.5902 859.1838 1044.6036 1182.3995 1089.3326 924.0062 865.2267 634.4415 494.4668 871.3595 1231.0497 942.5431 883.1094 916.0656 976.791 743.9831 488.0518
1968.3597 1830.0476 1631.7607 1614.1019 1538.548 1984.3699 2026.6493 1868.9637 2178.8362 2068.0178 2057.5107 1917.6685 1882 1914.2417 2111.158 2199.426 1929.9923 1596.2844 1855.2159 1731.0875 1903.0116 1988.1093 2115.4609 2199.1201 2005.7577 1933.6588 1921.4591 1841.2098 1896.2817 2031.076 1529.3296 1456.7266 1226.3564 1104.3259 1696.1888 1312.9661 1031.0859 1014.072 806.2964 886.9094 1010.161 750.5575 710.2833 635.3466 669.7597 668.7424 835.2415 852.4153 905.3919 791.0983 805.7913 519.7888 999.8706 1118.0645 1363.2476 1089.8618 912.5145 762.5954 809.5706 664.3336
1937.1294 1931.0814 1674.1511 1851.1738 1534.2594 2138.2949 1807.6543 1724.7809 2018.8596 2158.835 2096.4207 1908.3843 1890.0515 2020.1743 2201.9065 1964.7198 1860.7589 1926.9296 1733.5243 1819.0157 1906.064 2031.4988 2085.0544 1937.1602 1845.1169 1845.0399 1859.1874 2037.3398 2033.3691 1814.5048 1475.4458 1617.3177 914.4678 892.6281 949.1042 1182.8876 920.4899 1058.9446 1113.0294 1099.3668 1316.4524 1309.4973 1160.6444 923.7423 1013.2888 760.7026 635.3193 515.9975 734.043 734.9075 577.6302 707.1954 875.1967 1478.299 1219.5833 1097.8724 710.6946 571.7335 726.6332 827.459
1948.0748 1712.4086 2094.1235 1715.0267 1896.4346 2100.5535 1899.291 1744.5459 2008.3322 2095.6357 2243.5493 1958.1582 1986.7264 2029.964 1733.0187 1814.3344 1754.0696 1703.6157 1717.4218 1903.4186 1927.9985 1969.1748 1947.7164 1856.3466 1805.5074 1878.6167 1906.7186 1913.782 2089.0444 1587.2892 1064.1083 976.7302 870.0659 1093.1605 966.8292 899.7465 1178.9507 1391.3997 1309.1938 1409.1708 1617.1871 1450.1759 1260.798 1291.7152 1295.6134 1165.1265 778.6288 697.2618 793.6606 657.6 718.7056 872.6192 1124.624 1597.3431 1159.1886 925.4589 692.1794 1078.5939 898.4168 839.9974
1615.2327 1358.5577 1707.3673 1785.4426 1635.2035 1522.8593 1587.2437 1660.6869 2175.6692 2205.6846 2220.6287 2193.7373 2032.3441 2180.4578 1809.4733 1884.3003 1705.99 1565.2084 1946.7632 1970.4165 1808.8375 1720.8301 1794.293 1865.5011 1756.3231 2195.5132 1950.7665 1679.6084 1609.6058 1119.1418 1200.1238 1018.1457 981.7512 983.2755 968.3572 974.2382 1128.3754 1125.7395 997.3575 952.7357 1287.9708 1507.0448 1370.4417 1157.8546 1172.6366 1128.5981 865.5468 737.3086 885.1128 882.7334 915.9858 1127.0057 1255.9408 1392.2961 1041.385 914.9905 760.336 893.863 890.2739 807.9229
1534.3752 1237.2146 1327.149 1938.1176 1808.4121 1848.8379 1899.3092 1653.7972 2195.155 1975.157 1963.2189 2156.2869 1938.1472 1905.2694 1729.1448 1985.3297 1867.9171 1507.7333 2010.4016 1936.3334 1550.5123 1561.7689 1884.297 1792.9817 2037.11 2070.0398 1311.7811 948.4981 1240.3557 1206.9336 1211.0466 1365.3873 1293.1984 1021.7417 1207.2902 1024.7721 970.725 1040.8052 846.0454 899.2419 771.4915 917.1599 1085.4734 1194.39 995.1331 898.8127 694.1911 646.9709 741.1561 607.4758 686.8782 960.8036 1165.5908 1589.8402 1021.2795 1157.6127 880.0183 935.0852 928.4799 714.1428
1139.2595 1094.9785 1038.9816 2151.5986 1412.1049 1858.123 1954.2413 1879.4213 2429.1877 1793.9924 1627.7301 1785.184 1844.9597 1778.9401 1913.6182 2069.3354 1797.9752 1463.4348 1968.8726 1906.8132 1405.4707 1680.8801 1840.4475 1781.5732 1962.9265 1247.7205 1317.4546 1544.7828 1244.4901 1709.5231 1396.2292 1507.7192 1197.9777 1415.1427 1455.2402 1425.2607 985.0131 930.9404 915.7566 1040.6823 940.7798 899.3756 780.9482 566.4195 758.4106 592.2326 744.726 419.8413 608.6151 802.4642 592.1049 547.7142 715.2764 908.0739 1272.4121 542.907 935.2946 741.216 697.2826 748.0364
1353.2802 1727.6792 1059.5372 1310.9606 1484.4987 1744.056 1861.1021 1619.1252 1892.4961 1967.8906 1654.2129 1954.8491 1944.2625 1858.3226 1976.1499 1879.4232 1970.9296 1381.4677 1865.6995 1670.1162 1408.2567 1604.6946 2111.7056 1769.7805 1519.1901 2088.1487 1804.7357 1452.5461 1464.1783 1675.4908 1642.7701 1590.0233 1321.4495 1372.5959 1505.0724 1414.8373 1270.9532 1253.3528 1050.355 1026.4879 1005.5909 902.8143 967.9107 850.4589 929.4282 829.8356 721.0684 631.6722 566.134 697.0423 510.6636 688.4866 405.6176 604.675 1075.2229 826.4609 889.1024 951.0405 785.6014 800.1472
1514.474 1628.1355 1859.2939 1619.9178 2208.5051 1481.426 1601.1061 1798.3604 1919.4351 1698.9952 1676.1451 2015.5814 1829.3219 1804.2452 1934.8173 1776.0363 1765.9938 1357.215 1771.4874 1566.6344 1367.726 1688.3871 1470.1091 1267.2148 1652.668 2023.3318 1704.0967 1471.4807 1454.736 1568.2657 1641.4564 1386.2743 1345.3967 1162.748 1569.1289 1694.0599 1512.8877 1504.4309 1275.3397 1177.0607 1165.1333 1046.3782 947.8326 1128.1012 904.2014 938.0007 794.1818 652.3057 557.5124 493.0818 557.038 520.1346 588.1923 390.2773 901.9828 477.7396 507.3115 792.874 711.6528 464.6916
829.22 1428.536 1657.1073 2018.3862 1559.1515 1536.8882 1507.1346 1448.1821 1945.0553 1862.2883 1851.9622 1674.6228 2094.5632 1944.4865 2100.2317 1466.0383 1520.7227 1468.8237 1853.7344 1672.2087 1252.4778 1372.5392 1265.4757 1926.8918 2029.1268 2121.2986 1939.3379 1772.3821 1518.3439 1502.0951 1572.3444 1556.8102 1515.4645 1351.432 1498.1511 1571.2251 1390.1265 1328.6213 1277.7638 1329.8008 1309.3136 1178.2471 1158.7043 805.9521 955.085 655.7739 855.3762 923.7869 624.5621 453.6308 443.9507 337.8816 498.3461 278.4398 406.112 671.9364 451.078 430.2455 491.8322 451.2307
1087.0924 690.7485 1571.1338 1943.5424 1809.7507 2097.3069 1258.0996 1333.0825 1574.1865 2225.3191 2020.2161 1781.1855 1572.4957 1352.5001 1506.2079 1768.1868 1659.4548 1317.5879 1618.1206 1524.6228 1192.11 1456.1981 1312.5074 1529.3741 1807.2039 2058.9082 2014.3768 1992.3092 1749.4308 1513.5453 1633.9164 1370.248 1495.0582 1509.1248 1457.4183 1379.6219 1371.3711 1233.1644 1355.1383 1325.3546 1341.6348 1265.1217 925.4216 850.2501 817.4189 951.5237 1185.2196 1044.9305 1027.92 489.4187 355.2553 720.8693 360.5123 463.9339 253.1373 262.2229 185.279 444.7689 328.4751 612.1103
2036.9297 740.1335 883.9061 1129.9344 1740.64 1769.262 1391.5654 1258.7001 1389.4017 1793.6534 2054.0459 1860.8478 1726.524 1598.2832 1541.3837 1949.4038 1529.3134 1419.1592 1609.7711 1464.0968 1301.7284 1312.251 1315.1146 1436.2765 1543.1003 1682.0306 1685.1191 1758.2089 1697.9597 1590.845 1593.9387 1501.7474 1516.1095 1587.9203 1628.0543 1527.1971 1442.1692 1477.0894 1348.0405 1354.6493 1195.7703 1106.2668 1115.7723 701.0082 1117.8773 1277.8068 1045.8245 710.683 811.0513 458.7352 451.2985 476.8587 477.6168 379.9566 374.9194 212.6709 154.7921 462.2582 317.8001 248.0767
2207.5601 1612.9812 572.3611 1030.9833 1483.282 1443.0706 1104.2628 1450.1854 1950.634 1664.3115 1705.6329 1636.209 1866.025 1728.4388 1742.7231 1535.4736 1567.7759 1462.067 1324.5343 1435.2166 1523.4056 1570.0624 1573.7239 1485.2228 1507.7336 1526.9746 1609.4095 1640.7008 1681.6614 1574.2263 1505.932 1570.1838 1597.1135 1601.5325 1668.4435 1633.1736 1745.5574 1701.877 1653.2194 1463.1963 1298.2529 1279.8146 1312.2532 1005.1722 1198.6721 1046.5336 878.4617 691.1774 610.4985 482.8516 363.9825 569.6904 670.7573 728.0966 532.2243 348.382 144.3245 166.777 144.1173 177.2908
1973.1787 2027.3505 1172.0599 613.9632 969.4157 1642.9026 1456.6108 1235.401 1489.4823 1671.5061 1478.8666 1959.0619 1671.8164 1522.8064 1376.8694 1480.4124 1666.3384 1780.9579 1244.8792 1450.8351 1985.1565 2016.1075 1771.637 1705.1812 1495.9293 1492.1425 1471.3239 1524.7964 1583.923 1573.1115 1570.8507 1532.8359 1535.4349 1610.454 1436.266 1435.5623 1631.3048 1723.0449 1615.9349 1675.6595 1575.235 1420.3691 1318.7966 1161.2523 1157.085 1145.7546 1076.6725 851.4291 886.4933 733.9381 561.4123 780.0667 1023.9233 1070.3933 610.8465 394.0545 463.2579 303.9252 325.8887 167.9677
1647.0474 1950.991 1703.0977 1036.6693 455.1499 924.7617 1332.1954 1465.1635 1757.5085 1929.6063 1385.8199 1577.6677 1639.4846 1320.8245 1309.002 1532.7047 1386.7588 1485.2446 1448.4746 1353.6095 1635.3446 2252.728 2212.2981 1776.6614 1564.8185 1487.4497 1457.4376 1451.6199 1582.0597 1634.8851 1626.1906 1540.653 1643.3737 1692.2977 1409.9323 1257.8975 1167.599 1497.8701 1401.7905 1416.2549 1561.9734 1579.2941 1486.9078 1421.8402 952.3629 717.6149 830.1442 954.6262 787.5001 821.3032 599.8486 979.4336 910.5189 710.3347 484.8337 702.736 607.6428 749.0285 490.4965 413.3661
1253.7356 1644.3472 1818.941 1562.3258 1300.6051 665.6362 688.2693 1506.3038 1030.4835 1917.412 1452.9108 1688.7378 1654.4114 1464.8208 1578.7825 1930.3271 1845.4937 1413.5773 1301.8531 1364.2825 1537.4009 2003.1935 1951.6611 1920.6414 1795.3584 1606.2188 1493.3184 1343.6694 1487.9575 1673.2878 1565.3959 1563.3966 1648.4244 1432.5728 1496.4507 1521.594 1341.9292 1041.6818 1019.9328 1036.866 1324.4756 1537.9663 1551.4332 1483.8914 1304.4027 936.8228 1067.6289 991.7033 673.987 690.9767 655.8552 1147.4716 931.2021 868.5837 1023.6685 832.6976 719.962 928.1935 743.462 479.2158
1423.0491 1480.9008 1618.7241 1587.6324 1710.9338 1472.0353 886.6208 765.2502 738.6362 1831.4572 2030.3622 1973.8842 1893.3754 1647.1628 1844.8052 1969.8951 2082.3511 1676.1454 1419.4491 1302.4028 1368.2412 1954.7091 1912.7271 2009.6223 2022.4092 1803.1364 1716.4219 1569.4303 1401.9594 1498.9197 1618.1556 1512.4764 1339.2755 1392.8588 1515.6156 1547.5582 1443.1476 1383.1962 1376.1298 1325.2936 1253.4827 1013.3412 1531.722 1383.1506 1091.2578 1152.207 1157.9768 1110.7521 1012.6177 719.5413 1011.9188 918.0096 948.8427 1056.839 1000.4492 825.6094 823.5565 787.39 569.153 474.2545
1562.6074 1377.1549 1575.656 1696.803 2100.8875 2111.1353 1207.2244 1472.1603 869.2045 505.7431 866.6636 1108.3303 1955.3046 1499.9893 1792.2535 1162.3817 1906.1069 1973.4081 2263.2407 1388.6923 1309.2266 1723.0085 1736.9467 1911.8888 1968.2499 2074.9797 2394.5598 1790.5032 1522.861 1426.3542 1449.3121 1525.8098 1495.0507 1452.322 1479.2679 1323.2712 1295.6823 1064.1669 1398.6445 1653.5156 1523.9159 1267.817 1286.8406 1410.7065 1076.9714 1097.5404 1080.7405 1017.5672 1226.2756 952.595 1046.3298 951.0812 838.3351 910.8841 921.8176 780.0725 699.2063 656.8679 705.8597 452.0535
1181.4954 1283.3757 1327.5082 1503.9271 1721.0815 2126.5925 1905.1548 1997.6172 2136.0757 1356.189 1097.3933 1068.866 804.7845 519.9697 777.5917 1187.7386 1449.1536 2079.6475 2202.4832 1760.0919 1800.6006 1777.7228 1602.8219 1785.4523 1490.3988 2085.5437 1736.0758 1841.9083 1769.2216 1537.0449 1331.0499 1246.4031 1314.8055 1275.2125 1297.5938 956.9298 761.9232 660.7201 1003.462 1576.4272 1602.6073 1327.9417 980.2675 1363.7361 910.1744 790.361 1165.2924 850.654 1112.4888 926.1949 954.7698 870.3007 948.6044 811.0394 928.2851 996.4236 702.3162 571.1127 446.4519 509.8328
904.2612 1554.0833 1268.8798 1251.8943 1423.567 1981.0176 1843.7047 1526.8428 1622.7683 2035.2473 1802.4379 1974.049 1309.389 1204.447 637.4472 485.7363 1183.4177 1669.4406 1828.9958 1512.8103 1754.2721 1569.4899 1572.3116 1537.0641 1406.8882 1748.1821 1476.2184 1794.865 1668.8569 1533.0972 1499.0928 1516.1202 1188.0154 1617.0719 1447.4762 1406.3794 1330.0326 1171.0101 661.0053 865.1552 1278.5062 1255.0947 1290.2557 1006.238 903.7125 597.6911 980.0806 779.9135 671.1619 1025.4843 981.5778 979.8731 891.3124 775.4783 816.8086 819.3763 739.5383 723.3021 632.8616 523.7452
1654.9358 1184.1813 1200.0624 1105.9406 1350.1815 1561.804 1560.8142 1954.8959 2016.545 1483.3489 1147.17 1388.4635 1448.0786 1749.8855 1520.0859 1504.7433 861.0538 510.8213 694.0228 968.2096 1363.2538 1591.6066 1577.3209 1348.572 1309.7017 1809.9967 1188.729 1572.2083 1719.2208 1583.4086 1476.9835 1549.3486 987.8123 1087.7094 1556.1135 1292.9667 1444.2097 1051.5405 999.5309 1198.3237 634.2512 505.1633 545.4288 859.5726 627.5571 622.5217 687.1174 458.0843 616.2544 961.5078 975.5139 916.9998 915.058 795.7829 763.5795 807.384 948.8604 541.9233 596.6163 624.9026
1464.6886 1365.1052 1224.741 1590.2695 1532.4066 1511.7363 1827.714 1346.348 1848.4392 1776.6533 1449.6417 1313.0405 1448.4667 963.1111 2011.4139 2175.1423 1779.9241 1467.1652 1231.184 685.1359 615.8721 981.8751 1559.5675 1421.9635 678.6494 1198.4292 831.3343 1653.3148 1711.6875 1452.5807 1513.9354 1406.4072 1430.1794 1419.5603 871.5278 676.5854 1011.0287 642.6866 798.4758 1201.4335 1015.9426 550.142 658.4655 353.5711 607.4217 422.8813 839.6351 1060.3256 627.3121 606.975 912.4907 982.9487 926.1521 813.27 751.024 680.6055 652.3478 519.3358 564.5493 647.5547
1593.4666 1153.1221 1062.0933 1385.7841 1176.8607 1736.4232 1177.5614 2014.0155 1593.0359 1293.2931 1656.9354 1411.9497 1049.8116 1086.9447 1381.1953 1465.0325 1626.3099 1594.4368 1378.2286 1564.9806 904.0172 400.3923 628.9399 1641.6882 942.3843 362.4946 515.5793 1432.8522 1304.0853 1319.941 1503.9384 1581.5529 1335.1772 1324.5635 1606.4424 1102.869 490.9413 489.5169 504.0797 809.8484 980.2206 847.8206 761.0339 841.0631 386.5934 514.632 740.037 1049.9545 568.9119 511.8171 697.296 910.0204 840.3917 741.4996 710.5448 659.709 528.6501 436.7117 534.5791 474.541
998.9316 1650.0962 1352.5684 1046.9628 1074.292 1583.6101 1391.181 1178.4484 1214.2723 1248.6978 1194.566 809.4545 1229.342 1530.8934 1093.9424 1040.1942 1666.649 900.9081 1601.1443 2177.5547 1733.3152 952.3069 448.2133 410.3663 1053.7378 666.3369 1360.6899 999.831 1166.8778 1374.312 1444.4482 1652.5759 1455.5394 841.9362 1328.3759 1763.9503 1555.1415 603.2501 511.8691 299.2993 460.711 818.8875 624.7806 439.4667 980.4409 873.7391 1115.3745 1348.5007 694.6931 544.9973 298.9292 741.0618 731.3761 728.7082 681.9486 610.7771 618.191 566.1338 321.3209 414.2657
975.1763 1241.3531 1297.158 1148.337 1203.1107 717.2863 1091.6101 1253.0167 738.1104 1415.3792 1385.2816 1658.6422 1290.3987 886.5823 726.3839 793.4806 1120.3381 811.4948 1444.8182 1014.4078 2007.3416 1941.655 816.6193 540.5135 556.8782 628.2343 929.4249 675.2883 1010.5671 609.1807 947.7366 1158.0981 1225.6812 708.283 797.9461 1051.9048 1260.9432 551.4998 183.4798 516.8033 616.4131 304.2028 240.573 597.2144 916.5969 627.4888 940.5715 1177.743 944.5031 600.3918 343.9348 283.1666 354.9743 672.1319 457.8391 517.4168 647.6196 512.6927 431.0176 368.6551
1235.9817 1069.5613 1254.4463 1244.365 1259.006 751.2554 682.9212 840.3773 1135.0458 871.9133 1122.9291 1431.7273 1313.3628 2113.1848 2213.1731 1297.2717 774.0126 585.6643 746.5575 1053.9988 1153.6664 2083.1711 1489.4475 1772.4225 413.4879 445.0415 397.8694 446.4261 1126.6447 961.3895 1145.5342 1174.4951 697.5447 1428.6349 1042.0656 1063.4291 756.0406 207.9568 226.6751 499.8697 632.9302 848.0569 611.6297 545.5505 972.5972 691.1979 455.7193 1096.5836 696.4612 496.4578 387.304 255.3778 356.5464 592.7318 444.0318 377.3892 430.8904 483.942 360.8654 293.9003
