Resources/Map/Lvl0_30x30/Ele_DK.asc
ncols         335
nrows         335
xllcorner     13455000
yllcorner     -3375000
cellsize      10000
nodata_value  -99999.0
[rows 224 to 251 of 335, columns 189 to 251 of 335]
202.3756 211.2246 210.5205 224.0776 222.0726 232.1894 243.3096 246.7233 273.632 290.2371 305.2454 303.8213 312.8306 330.2308 356.7819 373.5744 397.5001 393.755 354.6535 362.4218 344.6165 269.4814 367.8018 292.6128 245.5274 218.9562 204.6247 178.5337 163.7302 151.8096 150.05 146.5712 136.3299 121.1925 112.2048 95.7226 91.8062 91.7971 96.5181 112.1939 110.4186 107.2844 107.9796 116.3511 125.2947 118.6263 113.4869 118.8328 125.9799 132.3576 143.622 165.3753 181.8362 197.1124 200.9796 216.4085 218.8976 227.3387 234.2907 246.5067 270.0272 275.9633 284.6242
200.6936 202.1839 208.3011 229.2819 231.3423 236.5242 242.578 241.3953 277.1137 299.6363 291.3422 298.2353 307.9795 329.0371 372.1006 366.5267 393.7256 419.2452 390.5606 392.0858 347.071 293.5465 377.6317 296.3727 263.4129 264.7835 224.1559 189.0605 178.8846 164.0756 160.3123 153.6064 141.8009 124.6638 113.549 101.2734 99.2 100.6318 104.8783 107.1721 110.4779 109.7368 113.2881 117.1024 130.6836 126.8091 118.0018 121.6925 128.1611 133.3969 141.525 154.6751 164.6488 181.2795 194.5992 209.7672 203.6156 216.1376 211.5994 224.669 254.3419 260.3971 260.8802
204.198 205.1733 203.8363 211.5484 220.4537 236.6126 249.3658 247.0871 258.3315 268.9786 274.7527 292.2901 305.4812 335.6064 379.4048 386.0031 389.606 409.0772 330.2003 311.846 290.0041 295.7277 396.1757 368.1269 277.1392 264.2359 217.2085 207.8568 192.1217 176.7499 175.0049 161.6365 137.5033 121.3911 118.5522 114.3729 108.4191 107.2421 108.2743 116.773 113.2462 119.1094 114.0777 120.6518 126.8126 129.5121 123.0695 124.1862 130.0928 137.0897 145.2961 154.527 156.1604 168.8459 186.8024 184.5058 191.7288 205.1516 239.3035 233.3983 253.229 247.4175 256.6739
203.97 205.893 205.2208 210.86 217.0736 228.4407 240.283 241.0147 252.2099 259.1791 265.0248 282.0171 300.0556 323.1479 356.063 354.2828 389.2694 363.6846 358.6103 381.8941 326.81 342.4261 417.6541 342.868 314.7685 293.4186 275.3643 231.5903 205.0299 193.2045 198.0273 190.7448 152.2675 134.9428 131.8021 124.2755 121.7012 119.7791 120.855 125.7662 123.7936 122.0337 120.9503 121.3435 123.0124 129.3404 131.7396 130.9134 132.5814 139.8335 148.2596 157.0803 160.9556 170.0538 173.0165 178.3746 188.1929 193.4558 196.2352 211.1804 231.2308 236.1049 248.0811
201.0166 205.7112 215.5867 218.4008 218.1306 221.4221 223.1397 233.313 244.6893 251.7759 264.2347 282.8187 299.9343 319.3603 348.2267 376.9034 384.9548 398.6409 364.7297 408.8988 379.8486 362.5837 447.5896 393.1434 437.3645 271.3039 311.979 273.5095 224.5545 198.4385 234.0328 196.242 165.4865 152.3713 140.9479 134.7332 134.82 133.9372 129.1666 125.479 128.5487 124.2824 123.6803 125.7603 119.691 132.5906 137.8002 138.4005 132.9666 139.8365 148.0675 152.6674 160.5082 166.2605 172.783 177.9075 188.8393 210.2699 205.2456 208.2364 208.194 220.9055 252.2048
212.6952 213.3883 220.4023 218.4732 217.4842 218.6623 222.4637 228.7282 239.8664 247.0777 259.5571 272.4867 293.4902 317.4348 340.5183 366.2891 398.4112 421.2787 385.6804 436.2887 423.7503 397.9088 461.7728 372.9081 333.8185 354.516 344.1867 321.6886 275.5508 206.8175 231.3788 229.3771 184.4074 165.5833 155.9367 155.3075 153.0918 149.5785 137.4093 133.6209 128.3208 131.5278 128.3658 124.6164 125.4207 124.3997 136.8436 151.5659 140.6458 138.5734 147.6951 152.824 165.1206 170.3776 180.303 176.4266 192.47 198.3817 213.5599 219.0253 222.7916 224.4296 219.4344
203.4717 201.8005 206.3133 220.5219 215.0551 206.3203 215.2885 220.3965 232.0775 236.0813 254.6324 268.1367 287.5429 308.7858 331.528 360.5637 400.8957 420.3716 411.6982 448.9384 474.2226 415.5385 492.6638 421.0116 367.9713 332.0611 297.7371 314.317 257.3058 285.9084 253.79 277.1407 208.2901 187.7787 178.3681 170.7143 165.0597 156.405 148.7352 139.4818 140.5877 136.6824 130.8309 128.2118 134.8359 138.9877 136.076 150.5958 140.9958 144.7613 148.7778 149.4724 161.5605 174.0574 188.8083 178.3192 187.888 201.4988 209.1043 223.9512 221.038 233.9228 233.2421
195.0098 183.0691 209.966 218.0105 214.9347 204.6207 200.4224 213.3017 224.1113 228.2033 242.0728 254.362 275.867 293.4955 316.0199 339.3123 381.0093 371.2121 448.8581 452.5199 456.4752 453.6649 406.0707 364.1198 319.7478 313.3234 282.4895 263.6859 257.778 275.1737 285.7171 380.4229 266.7888 203.815 195.8121 179.5777 168.7723 152.6872 145.0248 150.5147 144.8083 142.5595 143.244 137.9071 130.0555 141.2112 151.9534 149.9306 155.3724 152.0359 152.3994 146.3196 162.4193 175.678 184.969 182.3801 193.1265 199.1257 222.2788 230.0447 228.1073 234.6026 243.5229
189.8443 193.3907 186.5397 198.5699 203.4467 194.7345 202.1731 207.4695 212.7121 216.9449 232.4364 246.1749 263.2989 281.6675 301.2986 315.5291 334.2312 396.9239 464.179 457.4352 464.6103 474.0908 438.3748 391.1297 336.8263 302.1952 277.358 261.4201 274.9962 288.5462 347.9912 363.5418 276.2223 217.3603 199.6057 183.5906 166.7358 158.0663 150.1718 156.8062 148.2804 154.3471 149.3315 148.8288 144.3019 136.6078 156.4021 162.4487 166.4764 157.8861 157.0565 148.5874 160.2289 181.5712 199.0559 211.0355 198.1367 210.6828 219.9024 235.4336 239.092 238.5966 252.8237
196.0622 192.1524 186.9895 185.3652 183.2982 204.8995 204.6876 201.7963 204.77 214.0908 228.0332 244.3713 260.1325 274.8674 290.641 315.3589 339.1071 384.3906 433.0075 436.3757 410.2372 432.2463 408.6401 355.1182 326.8816 303.0574 273.6125 282.1446 318.625 326.8821 363.6978 402.1692 323.9318 265.1462 199.4519 187.4518 175.0179 166.69 162.1572 162.0962 159.7793 156.2076 159.867 151.5561 155.6504 144.1899 156.1588 167.2469 174.941 167.7707 165.6249 154.1968 162.887 175.7929 189.0407 209.0187 202.683 216.2518 229.3518 246.3778 254.3246 251.7205 264.0253
192.8064 192.8593 184.7087 182.2753 180.1341 190.5303 196.2711 203.4106 196.9139 210.2927 223.2373 239.4427 252.7464 267.1372 277.8555 303.4261 327.8142 407.0815 458.9883 433.8428 386.2281 389.2641 374.4469 349.0922 347.1062 319.526 289.2122 296.6889 360.0944 353.4987 410.8787 460.762 308.452 243.2609 208.7734 196.1868 177.5925 170.1209 175.465 176.3803 169.6526 163.586 166.7036 164.1015 163.2381 160.5584 163.2286 168.3724 181.8523 181.6464 172.4523 158.7681 164.8699 167.4329 182.9689 195.8131 215.4292 228.733 238.2964 244.9772 257.9335 267.2588 272.1138
194.611 189.5977 184.1472 186.1014 174.8186 180.5718 197.176 196.3684 195.0971 206.4881 220.1575 233.9337 243.6487 254.4584 270.6412 287.8669 315.44 374.1977 404.6033 387.267 372.1845 362.9794 374.6136 355.7653 326.7188 323.9349 305.2707 348.8871 338.4891 336.729 356.7999 428.6761 405.2605 240.3285 217.0226 197.23 182.3851 182.6808 189.8536 193.3122 182.6168 180.8322 183.5844 183.8185 180.6057 179.6738 171.4561 188.3441 184.3881 181.6625 172.1953 167.3419 172.691 176.1815 182.9337 196.8426 216.9978 237.9797 247.7285 241.0622 250.3283 251.0178 270.3742
186.733 182.2025 182.2652 184.4071 176.5576 192.3194 200.7579 188.3162 194.4216 206.0268 215.3588 226.4526 236.6646 247.9627 265.9727 296.9073 328.9045 378.677 415.2346 376.9356 352.5785 338.4475 331.2175 325.7529 334.7291 305.643 321.5344 351.6126 378.4669 353.0646 372.2585 413.5665 424.7469 269.3448 218.9613 204.0218 192.2669 198.5125 199.7679 209.8125 205.8899 198.5642 200.446 212.9239 200.729 200.0108 190.3752 202.5627 198.2708 193.3994 174.922 181.1655 192.5287 190.5207 189.5325 204.4074 217.3038 241.4672 233.3377 222.116 231.9443 242.8236 259.7926
197.4238 182.6909 180.0053 178.4494 175.5166 185.889 206.438 188.246 191.886 200.2103 209.5913 218.7685 230.0799 245.0613 266.3857 304.1375 343.1521 386.1296 402.272 352.9056 332.7938 344.608 313.2817 302.4554 292.8535 293.7227 302.7566 325.5092 342.3147 391.0029 379.2751 445.9891 449.5174 344.2927 233.7969 218.7656 211.562 239.4645 237.9616 239.6184 224.6322 229.5672 221.3613 221.5595 203.2988 202.1158 202.5191 201.4325 217.0318 200.9187 184.4503 195.2435 212.3764 203.4534 203.4352 221.6175 218.6882 218.3259 211.9181 231.008 245.8705 254.8737 274.9845
193.37 185.1961 177.6652 173.4533 171.5788 171.8824 182.1046 177.2019 188.0313 195.1181 205.8944 216.1254 231.5923 250.3502 275.5211 295.2666 347.1971 374.5878 379.4149 329.3165 314.6556 349.156 334.4725 312.7055 281.2796 294.5798 315.1917 315.8505 326.2917 376.2298 337.4784 376.3707 386.2125 348.0261 248.6897 257.9944 250.2891 249.1277 313.1574 280.7624 270.3717 231.2679 215.9831 209.2321 210.9566 204.0471 202.5219 190.9606 197.1208 206.6537 198.2848 207.8736 228.0541 220.277 209.248 201.8621 204.979 218.8159 221.0767 223.5329 247.1082 257.1538 250.7547
210.0108 191.4546 180.4174 174.3132 170.7445 174.8268 174.0073 171.1788 183.2724 188.6287 199.9917 212.0334 226.3703 250.8129 276.7536 322.675 326.5788 336.277 337.0252 311.4811 302.9642 335.5706 317.9883 323.3035 284.0149 272.4312 293.2 296.4671 320.1282 319.4072 343.9185 338.8036 316.5761 319.5461 255.4401 295.8333 268.2052 275.6573 299.3259 271.0737 244.1865 237.2709 227.2678 237.88 226.2442 220.5004 211.3784 195.311 186.6311 190.9521 202.8467 212.8169 233.8315 208.9133 195.0251 202.9554 219.1322 220.051 223.5067 242.214 247.2496 240.2309 240.4495
228.1602 219.1375 191.1311 177.0561 173.6954 173.8821 168.9124 166.4421 177.8566 181.9809 191.5645 205.6805 217.4562 238.155 278.3401 304.4034 319.3709 302.0736 311.8089 317.7192 286.1808 307.6651 296.5547 297.4567 270.9458 258.853 270.9989 288.509 280.1959 292.9523 298.2222 288.1148 287.5441 267.8786 262.5723 274.9945 276.4475 298.6761 289.537 263.4118 270.6613 259.2991 239.7172 262.5773 253.1174 240.629 207.1457 210.1953 196.6165 181.0346 184.1474 202.7298 210.4823 202.4383 197.0512 214.3051 200.5919 209.5678 214.6279 241.3873 234.2718 229.0449 240.2223
214.1357 221.1576 201.8849 189.8788 179.4194 169.9053 165.9029 165.0072 169.33 175.9175 185.8413 197.186 203.297 242.6555 257.323 313.5996 289.5014 285.1328 311.4778 291.7722 271.9344 287.7299 285.5659 274.1692 256.7427 251.5318 260.8401 260.2218 270.0062 277.5341 272.2661 260.3683 256.5653 243.2778 245.8252 279.8575 270.806 281.6186 285.1152 288.0334 262.6347 280.6421 254.4221 270.0842 256.9714 231.3179 222.8479 229.2506 193.4994 177.1649 168.1606 186.1075 189.7726 184.0825 183.7213 195.5013 201.7996 206.261 213.5568 226.1883 215.4539 216.2169 231.0522
201.0841 203.9343 195.457 203.3779 186.864 173.2639 157.8091 158.4066 163.2624 166.4059 175.3321 183.5401 199.3098 225.4005 268.4003 278.2396 303.225 273.9444 273.5829 257.1851 261.0706 254.5208 261.0952 250.6465 266.3108 234.9614 246.9119 248.8691 271.2908 269.4024 273.0532 244.7153 240.7757 230.1642 248.9369 268.5971 250.2552 269.9638 265.6521 288.5558 237.3343 283.3149 264.4511 270.5455 239.0811 214.6896 248.9502 225.974 196.5504 181.634 166.2931 167.496 185.7315 192.1242 178.6106 177.1571 195.74 197.3819 201.9655 218.0711 204.8096 224.1487 241.5173
191.4888 192.1346 187.0658 192.7121 189.7368 183.2781 162.3477 171.4797 154.4509 166.1623 168.0313 179.2276 194.5405 244.6194 231.7131 247.43 285.5145 284.542 275.9568 251.9146 249.6905 241.7838 242.4041 236.0046 246.5963 238.1768 245.852 272.5402 265.8918 253.9789 246.0013 226.5899 223.0353 221.0349 247.6456 256.334 240.0837 275.2337 246.2229 267.3586 216.6094 261.1087 249.43 206.0292 236.5951 202.5712 246.406 231.8565 196.0564 179.3242 163.5402 165.7298 197.3784 186.8437 171.0466 177.081 202.2854 215.2272 210.889 200.7038 211.9284 230.3872 227.6666
177.5472 187.9728 171.0697 176.1317 183.4982 191.3416 182.748 185.8569 159.5214 158.6659 162.3078 168.309 184.1567 214.7046 212.7799 250.2586 253.1052 254.952 280.0727 272.3652 246.6945 234.6065 229.9132 223.4431 217.83 233.3036 253.488 251.4715 275.9254 248.2238 226.1609 216.3385 211.6799 214.1177 221.7149 230.3618 242.8196 266.136 224.4424 217.9404 197.0004 202.2372 197.7601 203.8587 201.0431 192.8683 216.8026 225.9284 213.9662 178.348 157.906 166.5524 175.4633 171.2496 159.2218 180.8465 195.314 211.9442 195.5014 196.3956 211.1824 210.2119 218.1128
169.9646 169.0226 161.3627 160.7075 168.8114 176.9351 178.5892 194.204 173.8951 156.132 151.0219 156.2968 180.5534 190.6667 212.9319 263.407 255.2148 231.1285 249.9332 271.9463 256.3058 257.5096 230.9945 218.8732 215.8637 220.3197 230.4676 249.4584 278.6019 235.0181 204.6984 197.2106 200.8194 222.6889 244.4544 253.7527 254.1413 261.3636 220.1962 194.2392 188.4297 197.1192 205.4288 197.2753 174.1431 186.8393 220.7178 239.2877 210.3094 182.771 158.5983 156.3674 153.6387 160.1784 171.4476 180.7644 205.1087 194.5097 197.4355 186.3507 196.7294 205.1598 213.0262
186.1686 185.9975 184.7502 164.6564 162.3458 159.1396 164.5083 182.8172 171.899 153.1917 144.6609 148.2544 167.0171 181.9511 201.859 220.6497 232.0826 217.9326 220.7803 242.3715 242.8036 234.6386 232.646 210.0322 203.5865 221.5589 234.4008 255.0774 248.5983 207.3252 188.6198 184.8897 206.3397 220.8812 220.5088 243.2028 259.9728 216.9404 195.9263 204.688 180.9791 179.9558 186.8074 198.2594 197.2706 202.5606 198.1161 219.5168 226.8431 168.3065 150.3653 163.0715 162.8768 162.6889 167.3864 176.6276 177.2615 174.6638 182.4251 193.825 210.6742 218.9929 228.9467
188.552 187.7116 181.2136 177.3435 166.9483 149.3304 154.6284 165.5891 192.3844 175.1143 147.6146 147.2177 161.7002 178.7086 191.955 200.5495 214.9765 206.2228 225.9851 239.8082 223.5086 214.9208 216.2556 199.3728 200.9491 206.919 220.3167 246.6757 252.3153 185.0481 177.2819 189.5324 186.6058 197.3308 220.5582 241.3876 250.3521 200.6212 183.0616 193.5907 185.8194 172.6557 164.0827 183.3063 162.2631 184.3977 176.4931 199.0427 202.555 166.2283 152.5161 163.7039 184.1931 177.8679 178.9896 180.9175 174.5531 177.7626 188.2786 194.0683 190.1194 200.5839 213.4976
199.9744 189.7195 172.9859 167.7254 168.9593 156.2166 155.3306 141.3956 156.9419 156.789 143.0257 140.7525 166.4809 189.6458 208.0214 210.2743 207.6395 194.7717 209.3264 231.3574 212.2018 204.7533 196.1674 189.4719 194.3849 190.5716 227.9347 227.1035 236.3294 174.8622 171.5666 168.2435 180.6133 192.335 216.6295 220.6173 254.0973 184.4427 169.2072 175.6941 167.0193 199.2043 184.906 157.9934 150.5043 161.6026 163.1075 185.1201 182.4646 151.4299 198.2354 183.8594 201.7082 220.3564 209.7101 207.273 196.6641 193.1257 212.0599 226.0612 205.9808 206.3801 221.1586
223.8753 203.6953 194.5876 179.8991 168.7389 153.723 150.5627 151.4621 157.127 154.081 137.4977 137.9318 167.0675 189.3742 182.092 187.1342 199.5531 183.6532 204.8437 214.2693 204.3119 188.7912 190.8862 180.8657 183.469 180.4627 197.6962 203.3657 216.3341 169.027 163.7449 169.504 180.4377 191.8451 198.1601 204.0531 218.6124 179.6109 156.8475 154.2504 151.9915 162.9762 171.8094 173.4965 157.1774 143.3407 151.9657 154.2442 145.1708 148.0105 165.9731 180.1444 234.7749 244.3015 241.8421 240.2768 214.7616 230.6014 222.1929 253.3051 228.6594 234.8439 242.4328
278.8327 274.4496 186.9266 194.3578 167.2696 158.5586 144.1555 144.8231 150.8921 148.8648 135.4355 143.1664 180.6827 177.5421 169.9013 177.6987 172.1093 186.3961 177.6329 190.6131 188.4085 183.1883 172.7376 181.4356 177.9953 171.1847 177.6186 194.2665 172.9952 157.399 159.2302 164.2064 170.7647 173.8081 189.4467 203.5915 212.8573 173.8605 160.4811 151.3259 136.6038 141.7774 155.5504 160.762 155.2294 139.693 145.0096 138.8996 149.3105 179.8928 170.4299 184.5906 250.9591 240.3474 232.7135 235.348 246.0791 238.6924 264.058 248.4872 297.7237 242.1956 238.8719
258.9946 243.1872 266.8568 194.4251 192.4532 171.7923 147.3341 144.2331 145.2324 132.7759 133.0421 138.5391 170.8201 165.4149 156.1847 153.1654 166.0515 154.9699 168.4501 159.7405 180.2349 164.4066 160.3701 164.3647 166.2562 163.2384 164.695 161.5066 160.9523 151.2929 150.0605 160.1233 171.282 182.8184 197.2584 211.4161 213.1056 188.4217 164.3609 145.9955 135.3404 132.2774 131.6022 134.5497 144.3489 131.6806 135.3761 163.7754 153.6995 163.7617 183.0736 210.5881 246.5841 232.2787 229.025 231.0827 249.4815 263.2523 308.8937 337.3333 261.3099 239.2607 225.7201
