Resources/Map/Lvl0_30x30/Ele_FD.asc
ncols         335
nrows         335
xllcorner     -9995000
yllcorner     -10075000
cellsize      10000
nodata_value  -99999.0
[rows 270 to 296 of 335, columns 61 to 121 of 335]
286.6654 284.608 266.9926 239.4399 212.2394 184.4838 156.6666 124.6196 86.8356 48.9692 12.07 -25.3097 -62.3379 -97.7529 -129.5884 -159.9728 -189.4961 -218.349 -242.9293 -261.4052 -278.1302 -294.4376 -310.7188 -326.0204 -341.6021 -358.3793 -375.6718 -393.223 -411.0323 -430.1827 -452.8977 -477.5795 -503.0239 -528.4018 -553.8668 -581.1786 -610.4742 -640.6766 -671.7299 -703.1376 -734.5452 -767.4397 -801.1021 -834.6398 -868.7234 -902.5746 -935.8953 -968.703 -1000.5698 -1031.8629 -1063.1016 -1093.3859 -1121.149 -1146.2885 -1171.3899 -1196.2155 -1220.1866 -1242.2141 -1261.3578 -1279.8907 -1297.3331
145.2742 120.37 92.61 60.1575 28.8246 -1.0682 -30.5977 -59.3879 -88.8719 -115.5313 -140.106 -163.8943 -186.8282 -210.143 -228.5048 -242.1099 -254.7569 -266.9168 -278.683 -289.3543 -299.023 -308.5105 -318.3579 -328.5749 -338.8256 -351.5225 -367.123 -385.0531 -404.0547 -423.181 -443.5372 -466.3307 -491.8445 -518.9845 -546.371 -574.1995 -603.546 -634.9562 -667.4324 -699.8918 -732.0742 -763.6351 -795.5397 -826.6554 -857.0377 -885.6581 -914.2748 -941.7023 -965.8194 -987.8932 -1009.0308 -1029.1428 -1048.2107 -1066.7643 -1082.496 -1097.2214 -1111.8826 -1125.5859 -1139.13 -1151.3929 -1163.8502
83.112 50.0369 17.6826 -15.4631 -43.3594 -67.0277 -89.1434 -111.4655 -133.5015 -154.2747 -171.4932 -188.4227 -205.2612 -222.4445 -238.9455 -253.4432 -267.1188 -280.1316 -294.2124 -308.2039 -322.6973 -337.2351 -354.1559 -372.0366 -390.5314 -409.9711 -430.6767 -454.5369 -480.3553 -506.7035 -533.428 -560.5235 -588.7528 -618.6102 -648.6304 -677.9238 -706.5313 -735.5899 -764.7927 -792.9568 -819.3681 -844.7805 -869.5932 -893.3674 -915.4935 -935.5952 -954.2104 -971.6016 -987.5475 -1002.3925 -1015.132 -1026.7251 -1037.2743 -1047.9159 -1057.3729 -1065.5387 -1073.6586 -1081.0958 -1088.502 -1095.5527 -1101.9679
44.2236 23.3235 2.0731 -20.1194 -40.2494 -59.483 -78.2225 -98.8325 -119.1367 -140.4504 -161.729 -182.4597 -204.7592 -226.8214 -249.7888 -272.7562 -295.85 -319.6504 -344.1827 -369.7591 -395.9211 -421.9694 -449.4606 -478.7318 -509.7452 -540.9634 -572.3358 -604.2072 -636.7892 -669.4858 -701.8364 -733.7122 -765.6151 -797.832 -828.7039 -857.2695 -884.0934 -909.3802 -934.5195 -958.7372 -980.4255 -999.3352 -1015.7451 -1031.3568 -1046.111 -1059.507 -1071.7211 -1080.2798 -1087.3914 -1093.1874 -1098.8369 -1103.5323 -1107.4852 -1109.7185 -1111.9579 -1112.8131 -1113.6484 -1114.1879 -1114.6523 -1114.4049 -1113.6536
-41.9052 -53.9074 -70.6388 -90.089 -109.2161 -128.5852 -149.9136 -175.3001 -202.8508 -231.7929 -261.0636 -290.4071 -320.7319 -351.4872 -382.9638 -413.2716 -443.5794 -474.1616 -505.9891 -538.5153 -570.9305 -601.6067 -632.0742 -662.2997 -693.2238 -724.4652 -755.0913 -785.668 -816.2963 -845.9655 -874.8143 -902.264 -929.5637 -957.0002 -984.2796 -1009.9531 -1032.8352 -1052.5002 -1070.691 -1088.0747 -1105.1263 -1119.9707 -1132.4312 -1142.2809 -1149.8851 -1156.5029 -1163.5532 -1168.1178 -1170.4307 -1170.9556 -1170.3683 -1168.422 -1166.0625 -1163.3501 -1158.9198 -1154.1414 -1148.953 -1142.4615 -1135.6605 -1128.6417 -1120.2368
-91.8399 -102.7118 -121.593 -149.6939 -181.8252 -214.8937 -248.3544 -284.3856 -323.4862 -364.3229 -405.8205 -447.7078 -490.1481 -532.0226 -573.6081 -611.2069 -646.1824 -680.4147 -715.1432 -749.5914 -782.1415 -807.574 -827.0815 -843.6795 -860.2776 -876.4943 -891.9515 -907.0764 -921.8591 -936.3069 -950.415 -963.6722 -976.4305 -990.3113 -1005.5975 -1020.5729 -1035.0042 -1047.7634 -1058.8807 -1069.4406 -1080.1536 -1090.5011 -1100.9286 -1110.1685 -1116.6528 -1121.4198 -1124.7369 -1126.6315 -1128.6283 -1130.0833 -1129.3268 -1126.7922 -1122.4811 -1118.3859 -1112.9043 -1106.7446 -1099.8676 -1091.6033 -1081.7051 -1071.2621 -1059.4064
-44.9479 -63.1517 -83.8073 -114.5306 -155.559 -199.0053 -243.1757 -287.3831 -332.222 -377.3466 -423.3232 -471.417 -520.2219 -568.866 -615.9705 -660.2704 -698.8623 -734.174 -770.0596 -805.5414 -840.0239 -867.3077 -882.1009 -887.8583 -891.0508 -894.0049 -896.8105 -899.7369 -902.4025 -904.5669 -905.7269 -905.9801 -906.1328 -907.4006 -910.9308 -916.2388 -921.8618 -927.7267 -933.3148 -938.8544 -945.1893 -952.3841 -960.2675 -968.1222 -975.4153 -982.8774 -987.9867 -990.8519 -993.2953 -995.7222 -997.2169 -998.0249 -996.9587 -994.8084 -989.814 -984.0487 -977.9165 -971.5897 -963.1298 -954.0002 -941.9387
-55.7012 -76.4377 -97.253 -119.5365 -148.4844 -180.4311 -212.5743 -243.9369 -275.2658 -306.0166 -338.1294 -373.5605 -411.6802 -449.98 -486.9672 -524.5794 -560.148 -592.5543 -624.3775 -656.1346 -688.3936 -719.3707 -745.8589 -762.5367 -773.1544 -782.2677 -790.619 -798.9704 -806.8743 -813.6368 -817.8682 -819.273 -819.5579 -818.8848 -818.7006 -820.2823 -822.5381 -825.1838 -828.3212 -831.1827 -834.2733 -838.4371 -843.2484 -848.6347 -855.1198 -862.3651 -869.2216 -874.9251 -879.0162 -882.5318 -885.0709 -887.1418 -888.7988 -889.8352 -888.3611 -885.2174 -880.6547 -875.2463 -868.9679 -862.8739 -854.1505
-127.8752 -153.3503 -178.257 -203.2861 -229.2543 -254.9325 -280.1741 -302.5977 -323.655 -345.1057 -366.2426 -389.4609 -414.5066 -439.6357 -464.3192 -489.3554 -513.5306 -537.7915 -562.2621 -585.9983 -608.3931 -629.4088 -650.2412 -669.5403 -685.7252 -699.5428 -711.1309 -721.0691 -730.248 -739.0927 -746.0965 -749.9184 -750.9503 -750.5228 -749.8528 -749.348 -749.0876 -748.8272 -748.9553 -749.8665 -751.0556 -752.2448 -753.8737 -755.6573 -758.8372 -762.4045 -767.0311 -772.2431 -776.6322 -780.358 -783.4763 -785.9873 -787.4825 -788.9321 -790.7795 -791.1931 -791.1844 -789.5747 -787.0294 -784.2989 -780.5204
-82.3511 -108.3891 -133.5774 -158.2164 -182.8952 -207.0598 -230.6398 -251.5479 -271.1206 -292.5799 -313.9771 -336.389 -357.8404 -379.1293 -399.9586 -420.3092 -440.1777 -460.3414 -481.4819 -501.4743 -519.2624 -534.1527 -547.3005 -559.9483 -572.2127 -584.4315 -595.0892 -602.2452 -606.5012 -608.6201 -609.459 -609.9299 -609.725 -608.4575 -606.9163 -605.0572 -602.7386 -600.2448 -598.0447 -596.166 -594.9933 -593.7708 -593.0867 -592.2945 -591.0428 -590.0552 -590.9449 -592.6967 -595.2112 -598.2281 -601.2942 -604.3603 -606.8798 -609.3737 -612.8651 -615.3027 -619.2039 -622.0992 -624.4706 -626.6959 -628.228
40.5714 30.8336 21.7111 12.6793 4.5661 -3.4437 -11.4535 -18.4787 -26.4933 -37.7043 -53.7201 -72.4223 -91.1033 -110.1663 -128.3135 -146.5423 -165.9048 -187.133 -209.5832 -231.9314 -253.9007 -273.7338 -290.9542 -307.312 -323.3535 -339.7763 -356.2194 -370.5988 -381.7675 -389.1904 -393.5652 -396.9908 -400.4427 -403.6273 -407.0886 -410.1862 -411.6634 -411.4794 -411.1333 -409.9167 -409.2841 -408.7337 -408.8417 -408.8174 -407.8619 -407.8861 -408.2669 -408.6612 -410.8994 -413.9054 -417.4021 -420.9404 -424.9296 -428.9399 -433.0374 -437.64 -443.1579 -447.7581 -452.7905 -457.8229 -463.0195
112.6943 117.6838 122.3095 126.8589 131.8826 137.4147 142.9862 148.5896 154.148 157.4669 154.3512 143.7493 129.9021 116.1153 102.7912 89.1944 73.7372 55.4314 35.4592 13.9051 -7.6239 -28.8597 -49.2039 -69.0092 -88.461 -107.9251 -127.2018 -145.7338 -163.4381 -179.8764 -193.4297 -204.6034 -214.2313 -223.4596 -232.872 -241.7597 -249.4646 -254.9277 -259.121 -262.453 -265.8204 -268.9928 -272.3914 -275.9189 -278.6463 -282.3981 -286.4258 -290.4477 -294.4984 -299.4341 -304.5082 -309.5853 -315.1663 -322.2199 -328.3079 -335.4178 -343.0001 -350.1327 -357.7483 -365.3639 -372.9795
105.327 98.5396 91.31 84.0058 76.7017 69.8625 64.5238 60.2822 56.064 51.3011 44.8391 33.8398 20.2648 9.3295 0.7513 -7.47 -16.2053 -25.6524 -36.43 -47.7148 -59.3817 -70.9037 -81.906 -92.5508 -103.0141 -113.1464 -123.2861 -133.2154 -142.6235 -151.7411 -160.6213 -168.4777 -174.78 -180.6365 -186.7291 -192.8267 -198.9243 -204.71 -209.6461 -213.5381 -217.4579 -221.5428 -225.6224 -230.0924 -233.8858 -238.2792 -243.2898 -247.9505 -252.9915 -258.5414 -264.1558 -269.2887 -274.3874 -280.9666 -287.6231 -295.8093 -304.4583 -312.6667 -321.2386 -328.9525 -337.1944
-30.3194 -55.5764 -80.7994 -105.6192 -130.3728 -155.1264 -177.4998 -195.2141 -209.5051 -222.14 -234.775 -247.41 -259.7708 -268.6825 -271.343 -271.9705 -271.6996 -271.4636 -271.0754 -270.3115 -269.6907 -269.6206 -269.786 -269.7953 -269.8066 -269.5364 -269.907 -270.2775 -270.6726 -271.347 -272.2859 -273.4946 -274.4346 -275.1554 -276.3952 -278.1613 -280.1492 -282.4422 -284.2452 -285.7319 -287.5732 -289.9079 -292.0215 -294.377 -296.4698 -298.4125 -301.2347 -302.9216 -305.6782 -308.2018 -311.6049 -314.1435 -317.1292 -320.1392 -323.1337 -328.1292 -333.0743 -338.0674 -342.9065 -347.0128 -352.0022
-162.2828 -191.1784 -215.7703 -238.8984 -262.4056 -285.4529 -307.5879 -326.4658 -339.2498 -347.2086 -354.566 -360.8963 -367.7052 -373.6107 -375.5051 -375.4857 -373.7261 -371.7913 -369.4883 -367.1853 -365.1535 -364.0047 -363.1843 -362.7013 -362.3463 -361.3458 -361.2076 -361.1757 -361.0175 -361.33 -361.6699 -362.2336 -362.7729 -362.8187 -363.4556 -364.1886 -364.9918 -365.6591 -365.8187 -366.1296 -366.9813 -367.6001 -368.0607 -368.9487 -369.5313 -369.6214 -370.8459 -372.0236 -373.0589 -374.0809 -375.5231 -377.0999 -379.1233 -381.1674 -382.7811 -385.8281 -388.4273 -390.988 -394.0357 -396.282 -399.757
-179.0776 -200.9297 -219.1242 -234.8708 -250.7426 -266.2552 -281.7331 -296.7886 -309.0773 -318.6669 -326.5653 -331.9561 -337.266 -342.9885 -347.8853 -353.0565 -357.0234 -360.7584 -362.834 -364.1439 -365.8566 -367.7973 -370.0305 -371.5824 -373.4917 -374.239 -375.2036 -375.8977 -376.336 -376.7742 -377.2125 -377.6508 -378.0891 -378.2882 -378.7853 -379.1458 -379.4133 -379.5746 -379.5746 -379.9687 -380.4511 -380.9938 -382.0094 -383.0662 -384.2021 -384.9001 -386.8101 -388.8763 -391.5541 -394.3275 -397.6333 -400.8545 -404.6237 -407.8489 -411.6753 -417.028 -421.3077 -426.3447 -432.0911 -437.166 -442.94
-250.6401 -262.1233 -273.5996 -284.0089 -294.2648 -304.5208 -314.7768 -325.0328 -334.282 -343.4926 -351.8025 -358.2346 -363.0807 -367.157 -370.9213 -374.9796 -378.6534 -382.0423 -384.4641 -385.2496 -385.781 -386.0715 -386.3252 -386.2095 -385.9527 -385.3826 -384.5499 -382.9839 -382.037 -381.1525 -380.2318 -379.6257 -378.702 -377.8205 -377.2144 -377.322 -377.5582 -378.3241 -379.1402 -380.4362 -381.7746 -382.8502 -385.0765 -387.41 -390.9187 -393.959 -397.4864 -400.8061 -405.3119 -410.0062 -415.0798 -420.3675 -426.0652 -432.5592 -438.2934 -444.8322 -451.207 -458.3612 -465.5154 -472.6697 -479.8239
-450.9941 -455.0715 -459.9582 -464.4411 -468.8468 -473.2526 -477.0664 -479.6328 -481.7656 -483.8748 -485.3849 -487.0172 -487.2618 -486.6484 -484.9219 -482.8985 -479.5539 -477.2607 -474.2421 -471.004 -467.1348 -462.5899 -458.5881 -454.5015 -450.5721 -446.5552 -442.0804 -437.2928 -433.1825 -429.7546 -426.9452 -424.6663 -422.1812 -419.7234 -417.0881 -415.3842 -413.8972 -413.7006 -414.6412 -415.5048 -416.7297 -417.8627 -419.467 -421.2762 -423.2098 -426.3777 -429.3184 -432.6822 -436.484 -440.3373 -444.1906 -447.8247 -452.0435 -457.6733 -462.5374 -466.8268 -472.0958 -477.3647 -482.6337 -487.9027 -493.0779
-680.5162 -680.608 -680.4608 -679.9474 -679.3884 -678.2306 -677.2842 -674.3846 -670.1283 -665.8237 -660.5444 -655.6378 -650.9302 -645.4731 -638.8704 -632.4496 -624.0767 -616.0657 -607.7745 -599.2357 -591.4583 -582.2875 -574.259 -565.8611 -558.3767 -550.9329 -542.8484 -535.0349 -527.1939 -519.2994 -512.4491 -506.4562 -500.4461 -494.8363 -489.6074 -484.2718 -478.7474 -473.3709 -469.2579 -465.9133 -462.4649 -459.8662 -457.1532 -454.2708 -451.0977 -448.7398 -446.2933 -444.0967 -443.0878 -441.6699 -440.7743 -439.5893 -438.7343 -437.6229 -436.5106 -435.6876 -435.2615 -435.5002 -436.1964 -435.7293 -435.3039
-817.3467 -813.8557 -809.2668 -804.5304 -799.7941 -794.7365 -789.3459 -783.9125 -777.1233 -769.5972 -760.4572 -751.9337 -743.0768 -733.8634 -724.3884 -714.999 -704.5125 -694.0921 -682.7195 -670.8951 -659.0757 -646.8804 -635.3477 -623.4454 -612.1138 -600.442 -588.5513 -576.806 -564.9587 -552.8795 -541.1567 -529.7903 -518.062 -506.9625 -496.4101 -485.3609 -474.5789 -463.4135 -452.7677 -442.3782 -431.6404 -421.7811 -412.0502 -401.7162 -392.2751 -382.5851 -372.7634 -362.3712 -353.0678 -343.6333 -335.0927 -327.2704 -319.4928 -312.0317 -303.9132 -296.1635 -289.0809 -282.3548 -276.0169 -270.3445 -265.3112
-817.9166 -812.2194 -805.5393 -797.4916 -788.0232 -779.694 -769.8579 -760.9067 -751.669 -742.064 -731.1299 -719.7229 -706.7855 -694.3994 -681.3974 -668.344 -655.0739 -641.9409 -628.1311 -613.7008 -598.8391 -583.5601 -568.4133 -553.1484 -538.232 -523.0358 -507.2422 -491.58 -475.8164 -460.4437 -445.0711 -429.349 -413.4741 -397.7518 -382.2195 -366.8469 -351.6735 -336.4211 -321.2618 -305.9953 -291.107 -276.1649 -261.1189 -245.8242 -231.5072 -217.2205 -203.4442 -188.9228 -175.1337 -162.0977 -148.1673 -135.7468 -123.4402 -112.132 -101.2294 -91.0226 -81.1728 -71.9156 -62.0912 -53.0701 -45.5471
-682.1816 -673.8962 -665.9645 -656.2994 -645.8364 -633.8902 -621.2477 -608.863 -596.4894 -584.1074 -571.4144 -558.3889 -544.6931 -529.8542 -514.0127 -497.6641 -481.7916 -465.4739 -449.6623 -433.4391 -416.4019 -398.8198 -381.7495 -364.2055 -346.3113 -329.0505 -311.0782 -293.1635 -274.8902 -257.0439 -239.9735 -222.7503 -205.5352 -188.2989 -171.5039 -154.3063 -137.3943 -120.5882 -103.9869 -88.1187 -73.1958 -58.3645 -43.9782 -29.2325 -15.1154 -1.2204 13.0162 26.3661 38.0315 48.5589 59.5296 69.3153 79.6987 89.817 98.9018 107.6569 115.6144 121.9676 128.5992 135.0615 140.3669
-409.6741 -401.093 -392.8761 -384.2051 -374.7997 -364.5409 -353.5176 -341.7383 -329.203 -316.6566 -304.1102 -291.511 -278.3096 -265.7378 -251.3658 -235.5158 -219.5877 -202.5666 -186.6253 -169.6443 -152.935 -136.0993 -119.4648 -102.6441 -85.6439 -68.9042 -51.9876 -35.0711 -18.0312 -1.0917 15.1869 31.8251 48.4241 64.7224 80.7772 97.1574 113.7298 130.2605 146.7108 162.3736 177.5077 190.962 203.0344 212.8021 222.2887 231.2796 239.7474 248.2847 255.7156 262.7246 268.3527 272.8965 276.9349 281.6757 285.428 289.8616 293.28 296.17 298.9814 301.0008 302.2392
-70.6508 -64.7186 -58.1772 -52.1945 -45.3867 -39.1772 -32.0658 -24.6449 -15.4517 -5.4744 4.5028 14.4986 24.6873 34.4643 44.7718 55.6481 67.2597 79.3463 91.7427 104.6655 117.7662 130.3069 142.8475 155.3881 167.9287 180.4694 192.7091 204.4874 216.2656 228.0438 239.6972 251.4767 263.2425 274.4868 285.7878 297.4592 308.7722 320.2697 331.5498 342.905 353.8926 364.0894 373.3108 380.8951 386.4623 390.1538 392.652 395.8384 398.9551 401.3588 403.9008 405.5099 407.5315 409.0845 411.9396 417.3137 423.2178 429.8362 436.427 442.9474 450.4962
206.8263 211.6761 216.9893 222.817 228.2199 234.0712 239.4505 245.554 251.3875 258.2317 265.0759 271.8641 277.9236 284.0728 290.8103 297.0307 303.9717 310.4735 317.618 324.2099 331.1266 337.9952 344.2286 351.2885 357.8226 364.0639 369.7196 375.2317 381.0872 386.6631 391.7678 396.8856 402.0241 406.9786 412.0483 417.0984 421.6809 426.8167 431.6609 437.9001 443.7231 450.1248 456.7935 462.6223 468.2641 473.5399 477.8788 484.2358 491.6701 500.3935 509.4792 518.3641 528.2095 538.6355 549.5621 561.2623 574.9071 591.9144 611.3267 632.8035 653.9745
321.2118 324.7704 328.9571 334.1567 339.2887 345.3395 352.0294 357.4056 363.3154 369.4476 375.6199 382.4289 387.539 392.7661 398.7594 403.9034 409.1901 414.5053 420.4104 425.5206 430.6878 435.6581 439.3811 442.2142 444.9032 447.5121 449.6676 451.6705 453.8854 456.3113 459.0927 461.0532 463.0408 465.8379 469.0259 471.7053 474.4569 477.6588 480.2722 483.5113 488.0471 494.4101 502.5432 511.5472 520.8608 530.2213 540.0706 549.2018 559.7745 570.9699 583.6845 598.8016 615.0554 631.5651 648.8854 666.1915 683.2412 701.9756 722.1078 742.9951 765.1028
324.0118 328.0769 333.5565 338.7449 345.3459 351.5288 358.6237 365.4067 372.36 378.4922 384.6752 391.7429 397.6824 403.644 409.6373 414.6168 418.7491 422.2392 425.8405 429.2919 432.9634 436.7131 439.2794 441.3318 442.0087 442.6045 441.7571 440.3712 439.3766 438.5359 437.7614 436.8037 435.4386 434.7228 434.4715 434.1067 434.2863 434.8643 435.3164 435.8318 436.6782 437.9182 440.1653 443.5066 448.3904 454.3016 461.9041 469.5025 476.6562 485.2289 492.8217 501.6166 511.4811 522.2015 533.978 546.6299 560.6991 574.9652 589.4957 604.6049 618.7271
