Resources/Map/Lvl0_30x30/Ele_FJ.asc
ncols         335
nrows         335
xllcorner     10105000
yllcorner     -10075000
cellsize      10000
nodata_value  -99999.0
[rows 0 to 25 of 335, columns 0 to 59 of 335]
-4317.7432 -4309.4512 -4305.7754 -4305.3394 -4308.1826 -4312.9072 -4309.0469 -4297.1021 -4287.3823 -4282.3794 -4276.9316 -4267.1206 -4258.5547 -4262.6279 -4275.5225 -4284.6729 -4292.0718 -4304.8291 -4320.0991 -4331.4131 -4341.2349 -4355.3574 -4370.459 -4381.5391 -4387.1235 -4386.6968 -4382.8057 -4376.8887 -4371.1875 -4368.1563 -4369.2646 -4370.5195 -4363.377 -4348.1362 -4334.1138 -4327.1553 -4324.6787 -4320.7012 -4315.0117 -4306.6455 -4298.5166 -4296.1348 -4300.8188 -4310.7998 -4319.3706 -4325.0898 -4334.1045 -4347.5093 -4359.2378 -4363.5742 -4361.9927 -4366.3257 -4384.9897 -4405.272 -4414.6523 -4411.0332 -4408.8052 -4409.9541 -4407.5146 -4402.0156
-4309.397 -4303.9707 -4302.2959 -4302.3057 -4300.1064 -4293.3652 -4280.8169 -4270.9604 -4264.4453 -4257.231 -4248.875 -4240.2891 -4235.3579 -4239.6016 -4248.8042 -4253.4619 -4254.269 -4261.3916 -4272.9565 -4282.3921 -4287.918 -4297.5142 -4315.0244 -4333.7407 -4346.0088 -4350.7661 -4354.02 -4357.0537 -4359.2046 -4360.2612 -4364.4736 -4370.3164 -4370.6011 -4363.6992 -4352.9512 -4341.5679 -4330.8354 -4321.0352 -4313.2529 -4306.4961 -4301.4238 -4297.5396 -4295.1733 -4299.3115 -4307.5708 -4313.8955 -4321.335 -4330.8062 -4337.5298 -4339.6699 -4342.3584 -4352.6221 -4369.5625 -4377.3589 -4376.6284 -4376.5923 -4385.2524 -4384.1948 -4373.4863 -4367.0742
-4308.854 -4303.2085 -4299.8818 -4294.8857 -4286.644 -4274.6919 -4265.4429 -4264.4077 -4261.1538 -4250.312 -4236.5195 -4222.9268 -4211.3989 -4210.8804 -4220.0796 -4226.2437 -4227.9297 -4233.543 -4242.0723 -4248.6382 -4253.5815 -4264.4771 -4281.9258 -4297.4902 -4304.5562 -4305.4663 -4308.4443 -4315.7441 -4320.3989 -4319.9248 -4324.4917 -4337.666 -4348.855 -4350.0156 -4345.8325 -4342.9277 -4341.0811 -4338.0767 -4335.0674 -4334.7437 -4333.2012 -4323.0161 -4306.522 -4297.4771 -4296.79 -4300.479 -4308.6743 -4316.3022 -4321.9341 -4326.498 -4334.104 -4344.6294 -4352.1401 -4345.2622 -4334.0293 -4335.5996 -4351.1069 -4359.1182 -4359.1787 -4359.4927
-4303.083 -4299.79 -4292.7451 -4282.3921 -4274.0508 -4264.5942 -4258.2363 -4257.2344 -4251.4219 -4239.4785 -4227.3208 -4214.9937 -4203.5488 -4199.1182 -4199.1489 -4197.8315 -4201.8208 -4211.9067 -4220.0068 -4224.0342 -4231.2266 -4246.1016 -4265.0229 -4277.0508 -4276.1206 -4268.0928 -4266.2788 -4274.4492 -4280.6216 -4281.2568 -4285.6924 -4296.0776 -4303.3545 -4304.3687 -4306.2212 -4312.519 -4321.6558 -4331.3433 -4337.4468 -4338.2441 -4330.5703 -4314.9756 -4299.584 -4294.6523 -4291.9409 -4289.189 -4289.4604 -4292.6055 -4299.1255 -4305.0244 -4310.4326 -4314.8989 -4311.9976 -4302.6318 -4295.8877 -4299.8223 -4311.5122 -4325.2017 -4338.0049 -4343.6323
-4277.395 -4281.3594 -4275.6309 -4263.6309 -4258.7021 -4256.731 -4252.1357 -4247.1909 -4239.5112 -4228.6826 -4218.9858 -4213.0229 -4208.7109 -4202.125 -4190.9346 -4181.9473 -4187.4678 -4196.8052 -4200.7363 -4203.3076 -4212.7407 -4228.5117 -4244.7915 -4251.4019 -4243.1279 -4228.2754 -4220.8442 -4224.4155 -4232.1123 -4241.332 -4253.5918 -4264.978 -4271.0024 -4274.4663 -4279.6372 -4287.147 -4296.605 -4306.4502 -4313.2954 -4312.666 -4303.1216 -4290.7832 -4282.9404 -4282.1465 -4277.7778 -4269.5938 -4262.8706 -4263.0088 -4264.4785 -4262.3394 -4258.9272 -4257.2476 -4255.936 -4255.1494 -4256.3403 -4259.7798 -4270.249 -4290.8911 -4315.1699 -4328.7979
-4241.2642 -4251.2515 -4257.9634 -4256.0698 -4252.0796 -4249.5278 -4248.2808 -4248.8594 -4245.7822 -4235.1553 -4220.0161 -4209.7451 -4206.207 -4202.0713 -4192.0259 -4185.9014 -4188.2822 -4189.021 -4186.3174 -4189.7837 -4203.7593 -4222.3115 -4235.0288 -4233.2417 -4219.646 -4202.6768 -4187.4678 -4179.7266 -4182.1572 -4193.8877 -4213.2451 -4233.5098 -4250.2573 -4264.2974 -4275.3452 -4282.8237 -4289.209 -4294.6294 -4296.9277 -4292.4097 -4282.7471 -4272.187 -4259.7715 -4250.9741 -4249.9165 -4248.5771 -4238.6665 -4231.0132 -4224.0547 -4217.5381 -4215.9258 -4217.6313 -4217.9116 -4217.6587 -4219.7544 -4224.6846 -4240.2827 -4270.8101 -4301.8027 -4313.9648
-4215.0708 -4221.0913 -4230.1812 -4238.9307 -4242.5508 -4241.002 -4239.4624 -4239.9575 -4240.0024 -4236.3735 -4226.4888 -4214.7144 -4207.8125 -4203.0054 -4193.4531 -4185.6572 -4180.7012 -4176.8545 -4178.6289 -4188.624 -4203.3574 -4218.8364 -4229.0615 -4227.1421 -4216.5342 -4201.9409 -4185.5918 -4173.2549 -4169.7935 -4177.5884 -4195.6074 -4217.7603 -4238.7886 -4258.5078 -4273.2446 -4280.1758 -4282.1445 -4279.6328 -4271.7373 -4261.5664 -4254.1064 -4247.8267 -4236.459 -4224.2632 -4221.5728 -4223.0015 -4218.5176 -4207.3931 -4197.6592 -4191.5747 -4191.7754 -4194.9995 -4196.1704 -4198.6274 -4206.4165 -4214.9663 -4230.2881 -4257.8999 -4278.3398 -4287.6797
-4193.1602 -4193.063 -4195.5405 -4206.2012 -4217.5942 -4219.9507 -4219.144 -4219.0425 -4219.0415 -4220.0181 -4219.0347 -4211.3301 -4201.7896 -4196.1289 -4190.0664 -4184.8862 -4179.1943 -4174.2148 -4177.6865 -4190.5654 -4202.7583 -4210.4629 -4215.9482 -4217.9487 -4214.2031 -4206.1953 -4199.2427 -4195.8267 -4194.1323 -4197.3623 -4206.7319 -4219.0259 -4230.5996 -4240.1064 -4245.1533 -4247.4873 -4248.6069 -4245.0273 -4236.7153 -4230.1748 -4226.2397 -4225.396 -4222.7319 -4211.3813 -4202.2925 -4200.8999 -4206.165 -4203.0264 -4197.8022 -4188.4058 -4179.9722 -4179.0352 -4182.27 -4186.7832 -4197.6719 -4207.9277 -4219.2168 -4232.8257 -4240.0654 -4248.771
-4171.231 -4167.9229 -4167.9468 -4179.5078 -4188.8496 -4189.0073 -4189.3242 -4196.5278 -4201.0146 -4200.6572 -4199.0474 -4194.4932 -4189.2275 -4188.8867 -4188.9189 -4188.1011 -4184.2197 -4178.4951 -4176.9502 -4186.5449 -4198.6016 -4202.9878 -4204.3643 -4207.123 -4206.3047 -4205.2427 -4205.1411 -4205.9536 -4205.854 -4204.2163 -4204.7051 -4204.6538 -4202.9365 -4201.8677 -4200.6572 -4201.1533 -4205.1914 -4207.3906 -4204.9199 -4200.7407 -4194.2876 -4189.957 -4186.5972 -4178.0098 -4177.1724 -4183.3589 -4185.6724 -4184.1875 -4185.1118 -4179.0845 -4170.7905 -4167.6362 -4166.7744 -4169.4121 -4173.1318 -4176.4995 -4182.1445 -4189.7476 -4192.981 -4202.1699
-4157.6084 -4156.3076 -4158.4375 -4169.5205 -4176.7295 -4173.4321 -4168.9712 -4174.7236 -4182.8047 -4180.6855 -4177.7129 -4179.0679 -4180.2813 -4179.8911 -4177.333 -4173.1084 -4170.7598 -4170.1045 -4173.0576 -4178.7852 -4188.6313 -4192.8486 -4193.0049 -4194.4648 -4195.5308 -4198.6548 -4199.584 -4195.5308 -4189.4653 -4184.4683 -4182.9561 -4179.0625 -4170.9824 -4168.0542 -4172.1836 -4176.9053 -4178.7866 -4175.415 -4168.5479 -4161.6748 -4156.916 -4156.3213 -4154.3091 -4142.749 -4132.6445 -4130.7153 -4130.0938 -4134.0913 -4143.8921 -4151.4185 -4155.8599 -4148.5161 -4137.0405 -4129.0728 -4125.3208 -4126.9849 -4129.8623 -4138.8213 -4143.7271 -4155.6113
-4153.9556 -4154.7632 -4158.2119 -4167.7061 -4173.4219 -4165.2202 -4152.2095 -4150.2778 -4158.936 -4159.1714 -4156.0444 -4160.0781 -4167.7295 -4164.6147 -4160.8569 -4158.1489 -4158.2085 -4161.6406 -4169.3276 -4174.7041 -4176.5186 -4174.604 -4176.4976 -4183.4971 -4188.2827 -4190.2944 -4190.5239 -4181.7192 -4164.79 -4152.7788 -4151.5195 -4151.5156 -4145.0786 -4142.8726 -4146.3247 -4150.0962 -4151.5483 -4146.9829 -4139.667 -4133.0313 -4133.8315 -4145.2188 -4151.8896 -4133.8374 -4107.1919 -4094.5574 -4095.323 -4102.5576 -4108.376 -4113.3911 -4112.0835 -4100.9351 -4096.5425 -4088.2432 -4083.2449 -4084.6995 -4086.4834 -4092.8889 -4098.3667 -4109.5068
-4154.0684 -4154.146 -4159.0444 -4171.2305 -4177.3887 -4168.5532 -4155.6162 -4147.2974 -4147.3857 -4141.9365 -4134.8882 -4137.4609 -4145.5142 -4149.0552 -4152.7456 -4153.3853 -4151.3862 -4154.2261 -4162.9565 -4170.4839 -4162.8809 -4149.6616 -4151.0601 -4164.4307 -4172.5376 -4174.3525 -4178.7007 -4174.0298 -4154.8467 -4135.292 -4130.8716 -4135.0078 -4131.1812 -4123.5645 -4119.2642 -4121.5146 -4125.7715 -4123.708 -4116.4023 -4109.3701 -4110.9302 -4127.5723 -4143.6074 -4134.1855 -4115.0508 -4104.4512 -4097.395 -4084.8237 -4069.1389 -4064.4917 -4073.5281 -4088.864 -4079.0071 -4046.2043 -4038.5837 -4050.7344 -4062.6968 -4067.7642 -4072.2424 -4088.2214
-4128.0684 -4128.8716 -4143.8896 -4175.4155 -4191.103 -4188.4941 -4173.8833 -4156.5796 -4139.8477 -4127.7705 -4123.3623 -4122.9395 -4123.7803 -4131.6509 -4143.2993 -4144.8428 -4140.7412 -4140.4121 -4148.4136 -4162.5396 -4159.6265 -4144.2808 -4140.5132 -4147.3794 -4152.583 -4158.3403 -4167.0361 -4166.6753 -4152.4478 -4136.4497 -4129.8306 -4128.6924 -4118.1426 -4100.6021 -4094.0059 -4102.1592 -4109.9087 -4107.5586 -4098.1836 -4086.4087 -4081.0691 -4091.845 -4110.6304 -4116.1138 -4105.9922 -4083.3579 -4057.0713 -4042.0549 -4031.4663 -4035.3987 -4057.0669 -4070.4924 -4048.7356 -4023.3367 -4018.542 -4019.1709 -4024.0693 -4045.4651 -4089.3364 -4136.0693
-4084.1013 -4090.6113 -4114.9385 -4141.8242 -4167.3828 -4176.1831 -4165.8716 -4151.6592 -4134.7583 -4122.2803 -4119.7451 -4119.5928 -4117.9712 -4120.2974 -4126.8291 -4128.8062 -4132.5635 -4137.1279 -4143.1353 -4156.7393 -4159.6714 -4148.5039 -4136.064 -4131.5137 -4136.2603 -4148.9961 -4160.5918 -4157.5601 -4135.6768 -4115.2861 -4108.7905 -4105.7607 -4096.3589 -4086.9485 -4087.135 -4092.8577 -4092.1863 -4089.5955 -4087.9561 -4080.9207 -4074.5193 -4075.8914 -4084.6619 -4090.7764 -4080.6853 -4051.1233 -4020.7717 -4010.6348 -4006.2124 -4006.6543 -4016.7913 -4019.7473 -4016.9238 -4037.7837 -4052.2725 -4026.1306 -4005.9092 -4040.5269 -4133.1836 -4216.4424
-4055.3127 -4065.2986 -4089.8782 -4119.4395 -4153.9424 -4160.2334 -4151.3818 -4139.3447 -4125.5073 -4113.8037 -4107.9429 -4106.9624 -4105.9404 -4105.1128 -4107.1831 -4110.2974 -4119.9351 -4130.396 -4140.3901 -4148.1704 -4146.894 -4139.249 -4125.752 -4110.9048 -4116.085 -4142.5127 -4166.4956 -4157.1221 -4117.2368 -4085.5562 -4078.3059 -4079.3613 -4081.4187 -4083.8748 -4078.9722 -4064.5774 -4052.8213 -4058.7966 -4060.6125 -4050.0364 -4048.0188 -4053.5146 -4058.5356 -4060.1116 -4052.896 -4031.8025 -3999.9758 -3974.6646 -3965.4412 -3970.2197 -3985.8843 -3998.5427 -4001.3994 -4014.4236 -4026.7124 -4019.5015 -4025.6387 -4060.8726 -4120.1548 -4175.2505
-4027.5186 -4038.3547 -4061.6487 -4094.5508 -4122.5166 -4126.9404 -4120.7148 -4104.2041 -4086.4802 -4075.6062 -4073.7488 -4074.4727 -4076.2583 -4079.6428 -4086.9233 -4091.1013 -4093.5547 -4100.0142 -4111.2061 -4123.1377 -4123.3428 -4117.0918 -4106.0513 -4093.2893 -4098.8281 -4121.2778 -4139.6787 -4132.895 -4107.0801 -4088.7424 -4084.2998 -4078.5781 -4069.7261 -4063.1294 -4055.9187 -4043.3621 -4038.2134 -4038.2705 -4023.0806 -4002.1545 -4000.2175 -4010.9045 -4016.1235 -4012.0784 -4011.1311 -4007.3972 -3987.02 -3965.5088 -3956.1663 -3954.6829 -3961.8359 -3977.8604 -3993.1858 -4003.2205 -4007.5825 -4026.6318 -4075.7395 -4105.7451 -4098.2593 -4093.7144
-3991.5618 -4006.7368 -4030.1528 -4059.1455 -4087.9053 -4094.302 -4085.6567 -4067.0554 -4048.9629 -4039.0754 -4039.1633 -4041.197 -4042.9587 -4047.6382 -4056.1855 -4061.3191 -4061.7129 -4071.0181 -4091.2722 -4106.5474 -4104.9629 -4096.4712 -4091.8821 -4090.271 -4086.5413 -4080.0627 -4078.3748 -4078.0979 -4076.1335 -4072.4116 -4062.5269 -4046.3896 -4034.0071 -4035.144 -4038.4097 -4025.543 -4009.7595 -3999.1211 -3980.5334 -3960.9839 -3959.1565 -3966.377 -3967.0051 -3960.7483 -3959.2847 -3961.5693 -3960.5852 -3954.1726 -3937.6606 -3917.957 -3923.4048 -3949.8857 -3981.5955 -4001.8184 -4005.0649 -4014.0762 -4043.8074 -4059.9858 -4056.4644 -4052.3889
-3961.9182 -3978.5811 -4002.7009 -4039.2043 -4071.3601 -4066.6113 -4051.9724 -4038.9365 -4030.7522 -4026.511 -4024.9871 -4025.5286 -4024.2373 -4020.3916 -4018.7036 -4021.2236 -4025.3306 -4038.042 -4051.019 -4048.0872 -4043.4636 -4052.1719 -4063.5266 -4055.2327 -4032.6882 -4016.085 -4022.4504 -4035.3079 -4040.9568 -4038.9019 -4030.8191 -4020.719 -4011.1848 -4008.7532 -4008.6035 -3994.6943 -3974.5027 -3956.771 -3938.7463 -3926.78 -3925.0637 -3928.075 -3925.8904 -3916.2925 -3914.5906 -3900.2717 -3870.3098 -3865.0098 -3864.0706 -3849.748 -3864.5361 -3906.9792 -3950.9592 -3973.4028 -3975.7366 -3969.9541 -3964.3643 -3961.2935 -3968.0471 -3980.2788
-3935.0649 -3950.6841 -3974.8899 -3997.9644 -4015.2378 -4021.0972 -4019.0955 -4018.4771 -4021.679 -4021.321 -4017.0996 -4008.0254 -3997.7522 -3989.6321 -3989.6951 -3991.6375 -3994.9895 -3997.0725 -3992.0298 -3992.8997 -4004.9089 -4025.0532 -4033.7998 -4014.1304 -3972.3923 -3947.104 -3960.0713 -3988.063 -4001.7324 -4001.0769 -4002.7156 -4001.0403 -3979.9702 -3955.2693 -3951.4812 -3954.5483 -3940.6099 -3921.0034 -3908.0005 -3901.7734 -3899.0359 -3899.321 -3895.7671 -3883.5596 -3932.0786 -3915.7075 -3786.4536 -3757.2307 -3778.9824 -3784.6702 -3812.0801 -3877.9668 -3942.9165 -3947.0566 -3922.9707 -3908.8833 -3905.0774 -3904.5417 -3914.5793 -3926.6025
-3913.5034 -3925.3152 -3942.9324 -3956.8984 -3970.384 -3983.957 -3992.1033 -4006.1885 -4015.0637 -4023.6052 -4029.4341 -4021.6694 -4005.5442 -3995.7402 -3987.7361 -3971.6084 -3954.1226 -3946.4526 -3950.355 -3966.8379 -3990.3245 -4002.9968 -3994.0791 -3973.4224 -3949.3745 -3934.5066 -3933.9063 -3946.1272 -3954.9756 -3952.9299 -3949.7661 -3942.6663 -3925.0232 -3906.6213 -3900.3193 -3895.9446 -3884.261 -3873.5916 -3871.4343 -3869.7593 -3860.4001 -3855.9216 -3856.8828 -3848.124 -3847.2925 -3816.7131 -3760.3394 -3750.2488 -3748.9197 -3744.7817 -3760.7019 -3802.0337 -3849.6697 -3857.1672 -3847.2849 -3854.6802 -3866.313 -3879.6204 -3903.6401 -3918.259
-3902.717 -3905.9966 -3917.7297 -3933.4507 -3952.7988 -3966.4485 -3968.9102 -3981.427 -3993.155 -4014.3411 -4037.8796 -4050.356 -4034.0764 -4005.7678 -3969.4265 -3928.7083 -3903.7925 -3902.1531 -3915.5251 -3930.2837 -3948.1626 -3956.2271 -3951.2253 -3939.2292 -3927.0676 -3924.041 -3917.3601 -3913.6697 -3911.0911 -3904.2239 -3893.7673 -3883.2957 -3871.229 -3859.6973 -3853.4487 -3847.0354 -3842.5884 -3848.5103 -3859.6746 -3863.9424 -3850.918 -3827.5427 -3809.9177 -3805.0115 -3795.967 -3777.6047 -3768.48 -3765.9158 -3759.9624 -3766.082 -3765.835 -3762.9604 -3773.6221 -3793.1885 -3795.8872 -3797.6316 -3827.866 -3857.3298 -3872.4641 -3874.8057
-3882.334 -3898.832 -3922.1235 -3927.0334 -3918.2117 -3918.2083 -3911.6155 -3903.4021 -3915.8467 -3966.5945 -4026.0637 -4031.2554 -3990.8318 -3960.1753 -3947.6294 -3933.1357 -3904.4702 -3884.7742 -3887.1616 -3894.532 -3901.5718 -3906.9243 -3911.5298 -3911.9915 -3912.3369 -3915.3435 -3904.8523 -3890.3726 -3871.4053 -3848.1697 -3827.8994 -3819.8191 -3824.54 -3827.8018 -3820.6016 -3797.1025 -3777.6138 -3799.3884 -3842.0713 -3860.2578 -3829.3694 -3767.4045 -3731.7825 -3735.2991 -3737.1567 -3739.2432 -3760.1047 -3776.0171 -3772.9248 -3770.582 -3777.8264 -3782.3411 -3806.4741 -3827.9041 -3796.8943 -3749.2864 -3768.0645 -3809.0361 -3820.6636 -3807.6206
-3868.5093 -3867.4521 -3871.906 -3871.0217 -3862.9561 -3863.811 -3864.894 -3859.7813 -3869.6179 -3911.429 -3949.4714 -3962.9285 -3987.751 -4013.8235 -4018.3191 -3995.062 -3939.957 -3898.7791 -3879.4495 -3870.8467 -3865.0095 -3863.4685 -3866.7256 -3872.9109 -3877.2415 -3877.9612 -3873.7219 -3861.9304 -3835.8787 -3807.469 -3782.9524 -3766.7122 -3771.6233 -3781.6711 -3779.2764 -3756.459 -3734.6721 -3744.1855 -3760.5718 -3748.5901 -3705.4106 -3655.2031 -3635.6868 -3640.6882 -3648.073 -3667.2959 -3729.9382 -3786.4036 -3776.2036 -3758.8486 -3751.9177 -3753.281 -3773.7549 -3775.5918 -3748.5249 -3739.2566 -3770.9624 -3792.9824 -3790.7019 -3781.2485
-3842.0669 -3840.3223 -3849.6943 -3858.5767 -3852.3135 -3838.7583 -3832.2183 -3826.4175 -3817.7815 -3823.1995 -3850.0659 -3892.8486 -3965.0415 -4019.8149 -4010.1418 -3964.6743 -3917.5989 -3886.4036 -3858.7729 -3838.2712 -3821.5688 -3815.9412 -3823.9617 -3832.7856 -3830.022 -3828.2368 -3829.2524 -3824.041 -3802.3225 -3771.9939 -3749.2668 -3730.385 -3715.1912 -3719.2815 -3718.9949 -3671.6738 -3610.1584 -3601.6353 -3619.8533 -3600.3333 -3539.5249 -3484.0164 -3487.4722 -3575.9724 -3663.8313 -3677.0715 -3666.2466 -3700.7454 -3740.4429 -3756.5823 -3740.6199 -3727.6543 -3719.1458 -3700.323 -3697.2363 -3741.1118 -3804.8247 -3829.8767 -3823.2981 -3836.5862
-3832.5469 -3843.0378 -3854.2397 -3849.8479 -3835.6279 -3819.2813 -3811.1091 -3805.6982 -3788.9177 -3777.0991 -3793.2517 -3826.5459 -3884.4211 -3930.085 -3923.812 -3892.5154 -3868.2271 -3841.6331 -3821.312 -3825.843 -3832.6594 -3826.0503 -3823.5852 -3858.5044 -3879.0833 -3847.8425 -3789.9805 -3740.6978 -3714.3601 -3694.3662 -3676.9846 -3652.4326 -3622.1147 -3624.8994 -3638.6995 -3595.47 -3507.7451 -3447.969 -3439.6506 -3461.9355 -3477.6819 -3461.3018 -3460.7898 -3558.0388 -3676.2551 -3696.0686 -3621.2139 -3548.7366 -3540.4241 -3557.2681 -3542.095 -3527.0359 -3540.1641 -3551.7939 -3548.4316 -3536.9536 -3558.6396 -3620.4666 -3695.7869 -3770.8809
-3845.5498 -3855.2317 -3848.9031 -3830.4749 -3811.2141 -3803.2146 -3795.3384 -3761.7126 -3740.4485 -3767.7612 -3801.2158 -3798.0564 -3787.9788 -3806.3098 -3830.6135 -3842.9934 -3830.3635 -3798.582 -3788.2419 -3822.7605 -3836.1404 -3800.0557 -3788.5911 -3838.1841 -3852.5315 -3804.3496 -3756.2332 -3709.9368 -3650.218 -3610.4199 -3620.3735 -3633.3052 -3608.741 -3576.2144 -3547.8582 -3513.3076 -3473.7939 -3432.7334 -3415.7856 -3444.9226 -3518.9651 -3584.9333 -3590.7046 -3579.9998 -3599.6848 -3615.8494 -3593.5303 -3542.7185 -3508.582 -3476.5872 -3380.7458 -3262.4163 -3223.2937 -3230.2634 -3194.8838 -3151.7302 -3176.8142 -3244.8562 -3362.2561 -3522.0339
