Resources/Map/Lvl0_30x30/Ele_CB.asc
ncols         335
nrows         335
xllcorner     -16695000
yllcorner     -25000
cellsize      10000
nodata_value  -99999.0
[rows 175 to 199 of 335, columns 57 to 113 of 335]
-5208.5596 -5178.4932 -5182.5068 -5003.1421 -4878.8721 -5063.1787 -5094.0386 -5073.3999 -5077.6479 -5009.5586 -5003.9902 -5097.5796 -5109.2573 -5087.313 -5097.7461 -5078.5034 -5085.2271 -5095.7295 -5119.0132 -5103.5503 -5082.2314 -5053.7954 -4940.5508 -4900.582 -4993.1582 -5024.3901 -5028.686 -5009.4756 -5069.4253 -5107.2051 -5045.3433 -5026.604 -5024.1138 -5002.6533 -5013.5195 -4987.3384 -4974.4404 -4980.4663 -4988.3418 -4939.9268 -4959.6558 -4923.8105 -4966.4351 -4952.6587 -4930.856 -4952.1587 -4947.0483 -4879.7095 -4865.1084 -4929.8467 -4912.2236 -4879.4395 -4849.0161 -4840.4492 -4870.3882 -4902.4297 -4942.2246
-5207.9214 -5186.9746 -5183.1719 -5028.2993 -4957.293 -5058.6279 -5069.2578 -5034.7266 -5006.3154 -5019.6235 -4976.1948 -5047.2974 -5075.1606 -5001.2173 -4912.4995 -4985.2671 -5138.7681 -5124.0269 -5091.2217 -5091.3379 -5089.0762 -5054.3242 -4968.4077 -4972.8472 -5046.7817 -5062.9185 -5123.6807 -5110.7168 -5123.5742 -5187.3345 -5150.6719 -5103.5454 -5036.1738 -4957.8511 -4975.5654 -5000.1055 -5004.7949 -5031.9048 -4999.9692 -4986.8301 -5034.7944 -4986.6904 -5016.748 -4970.1382 -4930.0835 -4884.541 -4940.2695 -4923.0303 -4881.2368 -4918.0073 -4922.4653 -4871.7808 -4894.7065 -4910.0942 -4866.4961 -4881.2822 -4920.582
-5171.2959 -5129.3433 -5141.645 -5087.3735 -5039.5176 -5038.7095 -5052.0674 -5024.9766 -4977.1743 -5041.2969 -5021.7979 -5025.9834 -5037.5063 -5038.7686 -5011.4429 -5052.8535 -5152.2598 -5110.5796 -5060.1865 -5081.3057 -5117.5093 -5070.0752 -5007.3203 -5004.0117 -5052.0054 -5089.8477 -5133.6411 -5142.7476 -5173.4229 -5191.5503 -5157.1899 -5130.3413 -5065.1621 -5043.7729 -5054.188 -5032.8179 -5009.0767 -5046.7681 -5029.8662 -4987.541 -5032.0239 -5018.188 -5023.6826 -4993.7402 -4940.4619 -4836.9028 -4883.1323 -4944.3862 -4882.7271 -4910.9873 -4945.0859 -4876.7656 -4893.2524 -4901.0308 -4885.9771 -4874.1504 -4882.6919
-5134.9712 -5119.4551 -5083.9146 -5100.8198 -5032.9424 -5001.1714 -5034.7583 -4990.3589 -4958.3833 -5016.3213 -5005.231 -4946.3462 -4928.854 -4992.6333 -5041.4209 -5072.1875 -5085.7427 -5106.0503 -5115.0693 -5142.4072 -5167.3438 -5095.3555 -5041.7139 -4998.7212 -5033.5444 -5119.3945 -5094.502 -5075.0952 -5100.2324 -5051.7056 -5022.3887 -5084.9819 -5065.8037 -5077.832 -5096.6372 -5008.9961 -4942.8374 -4995.0049 -5000.9717 -4918.0835 -4968.582 -4967.5171 -4939.8569 -4970.7573 -4928.4819 -4811.645 -4836.3047 -4943.7734 -4899.4175 -4880.0249 -4886.0591 -4877.4126 -4865.395 -4865.6309 -4858.3667 -4800.1978 -4804.6279
-5078.3745 -5091.4575 -5065.645 -5123.96 -5058.7759 -4995.0698 -5018.0913 -4940.8799 -4909.6309 -4980.4663 -4997.8618 -4910.3247 -4877.1372 -4964.8618 -5026.9966 -5016.5249 -5050.5537 -5156.8027 -5207.1348 -5219.9629 -5217.4346 -5150.9722 -5142.8408 -5090.7173 -5068.5898 -5109.2021 -5021.9697 -4981.7183 -5011.0957 -4983.8091 -4924.4233 -4957.3062 -4967.3784 -4992.8462 -5015.3872 -4973.9536 -4928.5547 -4908.6602 -4913.6406 -4953.9336 -4945.0625 -4911.2876 -4839.0288 -4851.2451 -4835.2739 -4746.6885 -4809.6963 -4921.7891 -4899.959 -4879.8364 -4854.7031 -4859.02 -4835.252 -4824.8843 -4819.4976 -4737.7231 -4698.9805
-5064.334 -5104.7842 -5121.6748 -5133.6816 -5082.8022 -5013.0449 -5063.1582 -5023.4541 -4889.2891 -4958.2368 -4987.7153 -4944.9751 -4921.8579 -4962.8135 -4964.9102 -4979.085 -5054.4375 -5134.5835 -5170.105 -5175.272 -5199.9805 -5185.3125 -5177.1777 -5106.6465 -5056.1782 -5087.9512 -5016.8999 -4969.3623 -4958.6802 -4929.9785 -4912.6992 -4933.8179 -4937.4956 -4966.6548 -4967.082 -4963.6289 -4941.0713 -4888.3057 -4905.5083 -4949.8018 -4897.876 -4918.1265 -4844.7437 -4800.0605 -4821.0254 -4746.3701 -4806.0376 -4874.2251 -4895.0635 -4863.084 -4852.5845 -4849.4883 -4851.2124 -4816.9521 -4793.1895 -4699.896 -4707.8242
-5103.8237 -5112.8828 -5130.6128 -5138.252 -5115.4893 -5028.3037 -5091.4756 -5082.2896 -4922.5288 -4965.8628 -4995.2871 -5014.6704 -5041.0591 -5037.978 -4976.5811 -5008.8872 -5089.6226 -5088.7944 -5089.5664 -5126.3745 -5158.4824 -5140.1162 -5201.1904 -5189.145 -5070.8931 -5062.6465 -5011.6445 -4951.5098 -4952.7432 -4936.4966 -4937.4385 -4943.3081 -4943.3154 -4952.416 -4920.9175 -4935.481 -4913.7539 -4831.77 -4858.5698 -4901.6016 -4891.2817 -4929.3799 -4871.8613 -4814.8232 -4834.9673 -4827.4351 -4839.415 -4830.3281 -4859.9839 -4796.6812 -4798.3242 -4793.7529 -4904.105 -4873.0693 -4917.981 -4976.4731 -5143.3379
-5125.0366 -5096.6387 -5083.1748 -5129.8545 -5106.3438 -5058.2241 -5096.5522 -5080.0908 -5006.6577 -4977.0752 -4986.3813 -5033.4951 -5123.6099 -5135.4971 -5082.7075 -5045.5469 -5098.9785 -5105.9907 -5068.7935 -5077.6152 -5097.1128 -5083.5991 -5177.3003 -5195.3252 -5068.2192 -5067.9927 -5050.4175 -4957.3223 -4955.3193 -4986.4058 -4973.4824 -4934.2578 -4882.7451 -4888.0547 -4885.6313 -4868.541 -4827.8203 -4813.6396 -4838.9971 -4868.0859 -4873.7422 -4883.0034 -4815.7954 -4759.6753 -4787.6396 -4825.8423 -4883.2739 -4851.1826 -4816.5596 -4753.9336 -4813.0239 -4826.21 -4969.8447 -4961.4487 -5168.4673 -5327.7031 -5185.9214
-5098.5464 -5041.0156 -5037.9995 -5098.9385 -5048.0981 -5058.3423 -5125.4209 -5090.6226 -5028.6245 -4989.8047 -4997.564 -5035.5244 -5162.0459 -5167.1787 -5123.4634 -5081.8691 -5080.4224 -5068.1675 -5035.3296 -5057.8071 -5090.46 -5070.9829 -5100.0845 -5103.9277 -5061.4229 -5108.2104 -5098.2627 -5002.5034 -4962.0811 -4975.0967 -4963.6714 -4903.9536 -4862.9404 -4854.8892 -4851.3267 -4835.939 -4804.2168 -4847.2915 -4808.627 -4817.8843 -4854.5977 -4837.0288 -4834.3315 -4774.3374 -4767.2026 -4793.0952 -4869.875 -4922.9258 -4958.8315 -4934.04 -4963.7178 -4982.6548 -4997.2285 -4917.5474 -5084.5576 -4978.3042 -4656.7295
-5127.2939 -5077.8843 -5078.0488 -5089.3188 -5025.9653 -5003.2944 -5112.0566 -5124.4141 -5053.7324 -5062.0371 -5046.7515 -5033.1919 -5142.4463 -5145.0205 -5097.2222 -5055.8521 -5040.2065 -5007.4346 -4986.1514 -5038.981 -5090.7051 -5094.7788 -5071.0635 -5031.8076 -5019.5522 -5039.561 -5027.0366 -4995.3594 -4978.8013 -4970.4858 -4973.7764 -4896.249 -4868.1982 -4895.0454 -4853.0825 -4823.6567 -4855.7939 -4907.043 -4843.0713 -4872.145 -4949.0625 -4875.3657 -4958.7471 -4979.0825 -4908.814 -4909.0317 -4908.4482 -4966.5757 -4997.8335 -5025.8198 -4973.606 -4960.7681 -4925.1177 -4821.8403 -4883.2554 -4793.7275 -4728.2505
-5219.0479 -5112.8042 -5040.165 -5028.1602 -5045.4165 -5098.4336 -5129.7412 -5180.583 -5124.5596 -5099.6958 -5076.1025 -5052.6216 -5102.0039 -5115.9316 -5125.3633 -5016.7949 -4924.7617 -4888.8066 -4941.9399 -5051.918 -5046.2686 -5021.6343 -5017.4438 -4976.5444 -4930.3076 -4943.0459 -4978.2485 -4953.6299 -4928.481 -4919.2676 -4953.3838 -4914.7813 -4890.0386 -4961.3394 -4908.0908 -4875.9961 -5006.4717 -5066.5649 -4981.7637 -4965.9116 -4969.5581 -4816.4458 -4935.3389 -5035.9204 -4937.8115 -4925.6328 -4935.6826 -4980.3276 -4913.0811 -4964.1343 -4911.9014 -4878.1885 -4893.1812 -4847.8203 -4822.2993 -4905.6621 -4949.8711
-5223.7637 -5113.1533 -4970.0806 -4938.5728 -5034.4736 -5119.8057 -5067.7632 -5152.1602 -5127.187 -5041.5273 -5021.0718 -5077.9717 -5090.958 -5021.8682 -4987.1118 -4887.1353 -4832.1919 -4884.064 -5020.4546 -5131.3721 -5058.5977 -4957.0601 -4951.6143 -4960.2832 -4870.395 -4880.0854 -4947.0566 -4932.0073 -4927.1919 -4932.3687 -4980.5986 -4946.2178 -4948.6724 -5010.4355 -4967.189 -4949.3384 -5028.189 -5049.2002 -4976.0605 -4879.4683 -4847.1392 -4779.8457 -4891.0938 -4966.8833 -4875.9136 -4899.8569 -4945.8315 -4971.7065 -4934.9531 -4996.0542 -4992.5742 -4945.2773 -4946.3066 -4890.0767 -4744.4155 -4872.3027 -4908.8843
-5267.9878 -5233.2974 -5151.3818 -5109.2046 -5134.0986 -5090.2026 -5009.9644 -5125.4375 -5131.248 -4990.6094 -4940.98 -5079.8042 -5036.624 -4915.0513 -4832.0791 -4886.8779 -4976.3726 -5027.8711 -5050.9736 -5104.7612 -5085.3286 -4989.4917 -4930.5444 -4972.355 -4911.9009 -4898.627 -4970.582 -4977.7842 -4974.7197 -5033.4116 -5091.8945 -5043.5728 -5043.3345 -4964.7744 -4872.7681 -4890.1074 -4928.085 -4840.7598 -4790.6025 -4782.8594 -4795.1255 -4790.1543 -4834.1357 -4954.9619 -4989.7417 -4955.0562 -4988.9097 -5001.8159 -5014.2754 -5082.063 -5042.54 -4985.3882 -5069.563 -4979.1206 -4817.3799 -4815.3184 -4775.9595
-5275.0464 -5223.582 -5162.8384 -5174.8799 -5161.9204 -5110.1099 -5073.5923 -5096.9741 -5091.9268 -5015.7856 -4998.6387 -5090.5142 -5018.3203 -4982.7754 -4975.8008 -5202.5635 -5126.7905 -4711.2622 -4576.2725 -4842.0132 -4977.5947 -4969.2124 -4955.2866 -5010.9829 -5032.8418 -5019.542 -5079.8091 -5117.4746 -5093.6079 -5163.7178 -5172.6133 -5092.1396 -5047.3892 -4910.9341 -4786.4526 -4870.6133 -4975.4761 -4761.9888 -4639.3721 -4765.0283 -4769.0747 -4790.103 -4848.8521 -4922.9028 -5050.0537 -4996.3188 -5027.7051 -5009.8125 -4942.5557 -4989.6367 -4934.541 -4840.4971 -5024.564 -4986.0103 -4982.3423 -4917.0786 -4790.2466
-5243.4082 -5143.4688 -5128.1841 -5139.186 -5127.9575 -5096.6069 -5089.5527 -5066.8296 -5024.3403 -4932.4307 -5086.7715 -5267.0205 -5171.146 -5135.0488 -5219.8853 -5324.7144 -4856.2827 -4352.9404 -4510.604 -4933.6992 -5021.0337 -4983.0425 -5014.9307 -5095.1753 -5193.833 -5218.4863 -5183.2114 -5191.5347 -5160.5972 -5126.2661 -5094.8594 -5042.812 -4998.2314 -4925.6558 -4842.3472 -4910.0972 -4999.5786 -4874.2402 -4825.0654 -4927.1772 -4878.064 -4849.501 -4938.064 -4931.1274 -4964.2305 -4974.2363 -4986.6343 -4928.6611 -4780.6836 -4784.7466 -4814.938 -4724.1118 -4872.0337 -4926.1357 -4996.0986 -4979.8398 -4865.1616
-5228.2422 -5194.3325 -5252.1899 -5236.3423 -5200.5557 -5174.9346 -5151.9839 -5162.3745 -5127.6831 -5024.0288 -5174.9683 -5255.8042 -5157.6045 -5076.8159 -5232.8462 -5263.2939 -4880.8823 -4839.4722 -5114.5942 -5222.6377 -5111.2437 -5000.4014 -5023.7622 -5068.0244 -5132.2417 -5216.5752 -5176.9619 -5115.9761 -5037.2783 -4957.8462 -4987.1641 -4991.8115 -4933.6133 -4913.8042 -4832.7373 -4857.4429 -4992.6401 -4989.0776 -4974.9028 -4973.7529 -4901.4341 -4779.3232 -4853.4917 -4821.4058 -4750.6616 -4847.0732 -4893.9453 -4830.2881 -4826.5259 -4869.8091 -4944.8799 -4874.7539 -4827.1938 -4835.9644 -4915.8057 -5004.1782 -4955.0059
-5302.6553 -5364.6816 -5493.5078 -5407.5693 -5252.4629 -5218.6875 -5172.6011 -5249.8315 -5279.9077 -5125.0522 -5054.0518 -4957.0879 -4925.062 -4979.6572 -5122.3169 -5189.5029 -5115.4707 -5199.061 -5247.9717 -5172.1704 -4989.7119 -4868.833 -4956.4814 -4992.1167 -4992.2446 -5081.1108 -5091.8652 -5016.0054 -4910.8203 -4861.9268 -4987.8867 -5044.3726 -4980.2021 -4976.2856 -4836.146 -4829.1958 -4990.0952 -4945.2441 -4885.5991 -4858.4233 -4794.3677 -4658.6216 -4720.8384 -4680.3398 -4671.3262 -4876.9712 -4888.0435 -4841.6113 -4931.1777 -4981.502 -5027.0869 -4929.3979 -4746.8872 -4774.7471 -4874.4927 -4964.3101 -4958.9683
-5455.3701 -5356.3438 -5378.416 -5324.9565 -5082.2134 -5041.9341 -5062.1699 -5241.4185 -5335.9478 -5203.9565 -5184.9121 -5143.1406 -5141.0352 -5196.5894 -5012.1895 -4899.9673 -4825.1997 -4854.0669 -4913.1206 -4925.8569 -4811.4399 -4735.0308 -4867.084 -4956.9287 -5040.8394 -5087.2979 -5050.6367 -5039.3535 -4973.0166 -4921.9858 -5033.2544 -5129.9414 -5171.1274 -5193.854 -4993.6963 -4944.9097 -4988.9985 -4834.2842 -4782.9067 -4818.3452 -4807.3159 -4705.9985 -4717.9321 -4755.1782 -4829.6421 -4947.8232 -4882.8589 -4848.3589 -4907.3691 -4963.1035 -4975.0854 -4895.3628 -4788.7705 -4862.8833 -4849.958 -4868.0854 -4852.2642
-5347.9805 -4965.2915 -4856.5269 -5026.813 -4910.7603 -4988.5356 -5271.0928 -5441.2852 -5366.0894 -5191.6338 -5270.9854 -5343.9033 -5367.5825 -5452.9077 -5088.2568 -4798.0371 -4652.688 -4832.6138 -4984.9292 -5052.6235 -5077.4751 -5052.8213 -4940.437 -4927.3237 -5111.4897 -5166.936 -5075.5234 -5065.6436 -5032.8887 -5004.208 -5017.791 -4983.5981 -5125.5747 -5296.4746 -5100.8389 -4987.1572 -4980.4712 -4836.7266 -4834.1235 -4880.2046 -4882.9087 -4823.5693 -4693.7402 -4776.3101 -4910.2813 -4939.2358 -4873.9688 -4816.998 -4833.2432 -4911.0132 -4863.9517 -4912.4897 -4926.8062 -4932.6724 -4889.7539 -4853.4956 -4797.6143
-5205.6152 -4884.9438 -4832.1011 -5202.8257 -5223.4414 -5234.2461 -5442.7051 -5417.686 -5226.2388 -5038.5698 -5037.2886 -5106.8306 -5205.2583 -5425.1807 -5228.6304 -4996.769 -4990.5923 -5255.7017 -5255.9238 -5185.229 -5240.0093 -5295.9253 -5074.4429 -4955.5791 -5050.9087 -5036.3618 -5008.4058 -5033.8647 -4994.0142 -4990.0674 -4992.7646 -4825.6021 -4922.5405 -5134.5581 -5032.5273 -4954.4404 -4984.7627 -4894.2246 -4877.0562 -4866.3159 -4839.7041 -4913.2139 -4757.937 -4778.0498 -4915.269 -4914.6045 -4886.8623 -4852.292 -4849.9409 -4932.9795 -4830.3945 -4952.6055 -5014.2998 -4945.502 -4953.876 -4894.2227 -4824.6655
-5324.771 -5199.231 -5146.9072 -5397.041 -5503.9312 -5434.2388 -5345.2222 -5232.2852 -5056.3384 -4991.0454 -4913.0518 -4901.9155 -5021.6968 -5235.1948 -5223.4736 -5085.2734 -5150.7344 -5309.8198 -5220.9771 -5046.3647 -4990.0044 -5057.0688 -5049.9229 -5021.3257 -4999.0098 -4925.1831 -4942.7324 -4989.6997 -4954.9785 -4939.0869 -4950.9951 -4854.5747 -4907.4727 -4999.2505 -4953.2139 -4948.7603 -4986.4961 -4906.7158 -4830.6704 -4786.0918 -4779.1074 -4923.5762 -4896.8247 -4894.001 -4946.333 -4911.0601 -4935.8892 -4947.7236 -4847.9268 -4938.7876 -4919.4395 -5003.6606 -5025.6973 -4961.2827 -4947.187 -4891.4668 -4849.1587
-5257.5361 -5220.6958 -5084.0981 -5154.3867 -5428.7178 -5360.0015 -5128.0649 -5141.0918 -5047.2207 -5008.5508 -4931.9307 -4922.3833 -5026.335 -5136.1401 -5195.6938 -5138.4072 -5080.0898 -5084.917 -5100.8496 -5041.0005 -4981.3555 -4990.9673 -5058.9302 -5087.356 -5054.1685 -4985.9966 -4961.4756 -4977.3276 -4964.3984 -4950.478 -4916.583 -4887.1206 -4977.0815 -4985.6279 -4930.3535 -4983.1797 -4988.6548 -4927.0415 -4837.7925 -4801.5498 -4829.4297 -4907.6401 -4930.8628 -4965.0322 -4996.3018 -4962.7852 -4944.7178 -4966.8213 -4911.7695 -4951.4678 -4962.8638 -4981.9683 -4962.2334 -4966.8984 -4950.6089 -4925.4175 -4888.2227
-5151.6416 -5171.0186 -5021.7437 -4950.8047 -5222.0938 -5102.0225 -4927.7534 -5072.5576 -5204.1948 -5183.4692 -5079.5186 -5066.4731 -5125.0356 -5119.9849 -5200.2769 -5226.7573 -5107.2495 -5034.1152 -5065.1572 -5106.6753 -5086.4863 -5048.1538 -5069.7217 -5087.0356 -5084.7803 -5035.0005 -5001.3926 -4986.5054 -4961.8379 -4973.5298 -4930.2769 -4901.3359 -4992.1763 -4992.6606 -4944.5737 -5001.6177 -4974.7192 -4915.2725 -4842.0435 -4867.3237 -4914.7207 -4914.4712 -4900.4863 -4947.7568 -5007.731 -4977.7051 -4916.0596 -4865.7563 -4970.3364 -4979.647 -4919.5854 -4911.5518 -4921.4868 -4943.4785 -4942.9927 -4931.0825 -4945.0625
-5196.5234 -5150.9224 -5005.5425 -4900.1792 -5167.9219 -5147.1328 -5102.1636 -5201.1641 -5364.3311 -5384.7534 -5262.0562 -5209.5083 -5216.875 -5138.0371 -5158.7017 -5157.7305 -5071.146 -5048.021 -5105.6074 -5158.8315 -5120.4922 -5062.1064 -5044.3262 -5041.4507 -5051.8662 -5031.8496 -5012.5439 -4966.0747 -4900.9917 -4888.6089 -4897.1953 -4936.7676 -4968.8623 -4979.8467 -4961.1523 -4974.0186 -4954.1069 -4899.1328 -4831.3276 -4876.7056 -4962.936 -4910.2134 -4899.9712 -4940.6147 -4968.688 -4926.2871 -4934.2988 -4885.2202 -4948.127 -4959.2139 -4907.8188 -4916.9399 -4937.5161 -4927.5259 -4908.8154 -4861.9175 -4973.7876
-5285.0342 -5191.5723 -5085.8408 -5084.667 -5339.8159 -5332.333 -5286.7612 -5265.207 -5242.1938 -5263.0542 -5232.9741 -5200.7471 -5214.1636 -5154.4126 -5138.2544 -5116.4214 -5067.9751 -5061.2109 -5149.4814 -5194.5049 -5115.5293 -5051.3828 -5015.6631 -5006.0273 -5033.356 -5056.501 -5028.0532 -4993.3418 -4960.7393 -4901.1992 -4905.6406 -4976.4429 -4936.2886 -4950.8989 -4971.2168 -4967.1396 -4939.4834 -4888.8887 -4869.4927 -4867.2148 -4922.7251 -4893.9219 -4913.8037 -4919.1089 -4937.6567 -4922.4692 -4937.9194 -4955.5581 -4937.1992 -4931.1104 -4885.3105 -4917.3481 -4980.105 -4916.0088 -4917.7085 -4891.4624 -4951.0664
