Resources/Map/Lvl0_30x30/Ele_EH.asc
ncols         335
nrows         335
xllcorner     3405000
yllcorner     -6725000
cellsize      10000
nodata_value  -99999.0
[rows 174 to 202 of 335, columns 195 to 259 of 335]
-3112 -3098 -3100 -3103 -3110 -3077 -3025 -2812 -2278 -1542 -1537 -1505 -1099 -517 -155 -58 -83 -58 -98 -222 -369 -454 -297 -98 -61 -95 -76 -68 -61 -58 -37 -21 -157 -431 -590 -1016 -1449 -1621 -1647 -1672 -1813 -2013 -2121 -2261 -2401 -2571 -2650 -2708 -2823 -2950 -3092 -3275 -3354 -3448 -3561 -3580 -3615 -3611 -3597 -3529 -3540 -3609 -3616 -3612 -3653
-3140 -3126 -3159 -3113 -3070 -3021 -2801 -2369 -1860 -1681 -1661 -1578 -1204 -592 -119 -40 -80 -39 -26 -47 -356 -668 -476 281.0256 111 -165 -246 -302 -353 -380 -360 -238 -370 -648 -704 -828 -1033 -1182 -1273 -1426 -1572 -1718 -1928 -2004 -1976 -2191 -2376 -2483 -2644 -2762 -2936 -3153 -3240 -3345 -3528 -3563 -3619 -3646 -3610 -3526 -3535 -3594 -3670 -3741 -3782
-3134 -3154 -3203 -3165 -3090 -3014 -2622 -2198 -2034 -1881 -1694 -1350 -807 -247 -32 -26 -30 -28 -36 -55 -326 -858 -924 -570 -265 -207 -252 -316 -485 -525 -437 -345 -745 -1173 -1196 -896 -679 -941 -1040 -1115 -1213 -1421 -1748 -1784 -1546 -1646 -1888 -2047 -2315 -2562 -2799 -3040 -3125 -3214 -3420 -3441 -3520 -3587 -3593 -3658 -3682 -3682 -3744 -3830 -3869
-3166 -3183 -3208 -3173 -3109 -3045 -2763 -2423 -2288 -1938 -1699 -1125 -374 -37 -18 -22 -26 -30 -28 -100 -572 -1084 -1047 -501 -130 -154 -307 -404 -523 -441 -202 -213 -678 -1204 -1349 -1178 -933 -647 -575 -549 -553 -701 -1117 -1383 -1294 -1158 -1018 -1138 -1776 -2255 -2556 -2874 -2991 -3070 -3251 -3293 -3413 -3479 -3534 -3590 -3611 -3699 -3781 -3838 -3894
-3144 -3201 -3238 -3169 -3087 -2962 -2889 -2778 -2562 -2031 -1900 -1399 -482 -30 -13 -25 -45 -31 -52 -370 -925 -1261 -1169 -679 -182 -60 -236 -405 -469 -447 -336 -271 -463 -1048 -1370 -1375 -1121 -556 -163 -347 230.8009 147 -286 -580 -531 -237 -8 -159 -1068 -1925 -2344 -2729 -2893 -2946 -3166 -3295 -3416 -3420 -3542 -3608 -3609 -3711 -3814 -3847 -3874
-3189 -3255 -3305 -3200 -3129 -3078 -3132 -3209 -3053 -2341 -2157 -1728 -870 -255 -134 -73 -57 -27 -226 -879 -1330 -1465 -1336 -839 -215 -38 -105 -410 -638 -763 -750 -548 -547 -1044 -1352 -1346 -1140 -703 -255 -275 654.0016 193.9236 -260 -651 -603 514.1826 470.7048 -43 -998 -1824 -2282 -2577 -2669 -2730 -3032 -3141 -3259 -3358 -3506 -3603 -3644 -3716 -3812 -3891 -3845
-3224 -3286 -3326 -3210 -2896 -2813 -3165 -3403 -3421 -2954 -2553 -1837 -1233 -1006 -919 -635 -306 -231 -677 -1399 -1626 -1583 -1462 -1120 -617 -461 -407 -444 -405 -486 -528 -317 -287 -747 -1040 -1091 -923 -626 -300 -227 -339 -479 -519 -774 -957 -754 -618 -724 -1149 -1476 -1619 -1716 -1729 -1957 -2711 -2882 -3108 -3316 -3468 -3566 -3622 -3670 -3726 -3777 -3723
-3260 -3303 -3288 -2978 -2117 -1882 -2826 -3365 -3455 -3221 -2786 -2291 -2124 -2117 -2006 -1753 -1448 -1367 -1614 -1807 -1793 -1812 -1740 -1673 -1606 -1467 -1219 -729 -197 -166 -371 -334 -335 -458 -403 -360 -277 -220 -148 -93 -118 -194 -273 -793 -1684 -1811 -1699 -1604 -1499 -1332 -835 -240 -215 -383 -2069 -2645 -3023 -3264 -3376 -3463 -3626 -3727 -3754 -3714 -3702
-3333 -3391 -3396 -3223 -2772 -2718 -3233 -3453 -3465 -3214 -3022 -2863 -2734 -2589 -2461 -2366 -2180 -2039 -1939 -1912 -1846 -1678 -1319 -1411 -1891 -2058 -1784 -1540 -1355 -1392 -1383 -1262 -1246 -1063 -493 -178 -155 -285 -209 -104 -202 -302 -410 -1273 -2201 -2482 -2458 -2463 -2505 -2241 -1332 -285 -236 -233 -1902 -2641 -3042 -3242 -3312 -3382 -3556 -3654 -3713 -3741 -3770
-3497 -3526 -3548 -3589 -3566 -3544 -3565 -3558 -3518 -3332 -3265 -3172 -3054 -2920 -2804 -2786 -2665 -2488 -2302 -2260 -2093 -1692 -890 -757 -1842 -2581 -2422 -2308 -2304 -2316 -2195 -1999 -1783 -1343 -677 -446 -683 -1238 -1216 -847 -895 -987 -988 -1417 -2162 -2690 -2798 -2815 -2820 -2687 -2109 -1055 -723 -964 -2294 -2918 -3221 -3346 -3356 -3463 -3630 -3667 -3662 -3741 -3818
-3593 -3626 -3630 -3636 -3643 -3615 -3650 -3663 -3576 -3531 -3490 -3308 -3225 -3210 -3190 -3154 -3024 -2881 -2780 -2609 -2402 -2188 -1850 -1867 -2511 -2939 -2972 -2855 -2833 -2789 -2704 -2522 -1998 -1054 -908 -1525 -1958 -2175 -2163 -1899 -1719 -1607 -1403 -1304 -1944 -2795 -2990 -3050 -3056 -3023 -2904 -2643 -2488 -2654 -3036 -3297 -3455 -3445 -3405 -3555 -3678 -3686 -3702 -3731 -3775
-3542 -3608 -3620 -3622 -3670 -3646 -3701 -3727 -3656 -3579 -3573 -3451 -3438 -3456 -3431 -3413 -3317 -3186 -3146 -2985 -2747 -2482 -2498 -2860 -3034 -3114 -3113 -3033 -3027 -3010 -2966 -2856 -2360 -1631 -1810 -2438 -2629 -2666 -2600 -2420 -2272 -2237 -2223 -2185 -2458 -2951 -3096 -3135 -3219 -3183 -3132 -3182 -3226 -3278 -3430 -3499 -3536 -3522 -3533 -3621 -3667 -3677 -3709 -3747 -3763
-3572 -3628 -3640 -3600 -3675 -3702 -3713 -3745 -3718 -3676 -3691 -3713 -3692 -3628 -3574 -3588 -3550 -3474 -3407 -3318 -3306 -3185 -3089 -3193 -3141 -3172 -3231 -3136 -3168 -3210 -3206 -3213 -3031 -2822 -2870 -3013 -3042 -3003 -2903 -2787 -2722 -2741 -2791 -2840 -2990 -3205 -3228 -3203 -3303 -3358 -3354 -3433 -3521 -3594 -3640 -3577 -3596 -3682 -3707 -3681 -3627 -3664 -3724 -3765 -3784
-3611 -3632 -3602 -3596 -3709 -3730 -3703 -3731 -3724 -3767 -3707 -3802 -3859 -3770 -3680 -3681 -3685 -3695 -3649 -3588 -3638 -3601 -3484 -3399 -3347 -3344 -3346 -3261 -3300 -3387 -3390 -3406 -3397 -3392 -3368 -3364 -3332 -3212 -3165 -3193 -3205 -3186 -3163 -3216 -3319 -3408 -3368 -3306 -3367 -3423 -3473 -3625 -3652 -3654 -3754 -3645 -3668 -3834 -3790 -3683 -3610 -3648 -3694 -3707 -3732
-3601 -3599 -3544 -3572 -3668 -3711 -3736 -3757 -3729 -3855 -3795 -3795 -3818 -3781 -3764 -3799 -3820 -3810 -3818 -3772 -3719 -3652 -3559 -3528 -3504 -3503 -3469 -3364 -3326 -3418 -3543 -3530 -3524 -3580 -3558 -3497 -3483 -3428 -3425 -3433 -3465 -3463 -3373 -3410 -3474 -3511 -3477 -3444 -3474 -3521 -3623 -3745 -3772 -3774 -3771 -3676 -3708 -3844 -3746 -3643 -3657 -3643 -3650 -3675 -3693
-3504 -3508 -3487 -3530 -3549 -3621 -3769 -3790 -3706 -3855 -3849 -3806 -3845 -3888 -3823 -3844 -3934 -3925 -3908 -3842 -3775 -3729 -3618 -3635 -3659 -3625 -3565 -3478 -3426 -3458 -3559 -3617 -3686 -3666 -3607 -3563 -3571 -3569 -3577 -3588 -3599 -3593 -3513 -3549 -3608 -3592 -3587 -3629 -3659 -3724 -3778 -3755 -3769 -3806 -3779 -3745 -3768 -3738 -3635 -3639 -3654 -3643 -3728 -3780 -3753
-3436 -3460 -3436 -3470 -3486 -3603 -3755 -3757 -3711 -3872 -3897 -3863 -3909 -3945 -3879 -3906 -3990 -3978 -3960 -3856 -3783 -3825 -3726 -3689 -3738 -3679 -3621 -3611 -3555 -3542 -3593 -3652 -3697 -3692 -3683 -3677 -3676 -3670 -3690 -3690 -3664 -3684 -3648 -3661 -3716 -3688 -3686 -3694 -3751 -3853 -3831 -3802 -3806 -3842 -3813 -3766 -3724 -3691 -3681 -3749 -3732 -3669 -3729 -3807 -3791
-3361 -3483 -3504 -3506 -3597 -3730 -3701 -3682 -3673 -3810 -3966 -3966 -3971 -3985 -3956 -3971 -3978 -3948 -3916 -3869 -3882 -3900 -3834 -3795 -3781 -3730 -3725 -3746 -3692 -3610 -3618 -3712 -3739 -3711 -3703 -3710 -3702 -3720 -3704 -3665 -3681 -3737 -3760 -3757 -3749 -3748 -3836 -3873 -3832 -3874 -3906 -3882 -3785 -3776 -3766 -3750 -3623 -3668 -3666 -3659 -3703 -3739 -3773 -3815 -3806
-3345 -3491 -3542 -3515 -3655 -3763 -3777 -3842 -3834 -3810 -3992 -3986 -3954 -3998 -4028 -4026 -3992 -3958 -3975 -3979 -3943 -3860 -3775 -3778 -3811 -3825 -3800 -3748 -3741 -3743 -3716 -3778 -3782 -3723 -3769 -3807 -3740 -3718 -3709 -3705 -3737 -3797 -3864 -3878 -3843 -3767 -3854 -3929 -3888 -3944 -4033 -3955 -3741 -3740 -3794 -3783 -3727 -3793 -3770 -3705 -3789 -3856 -3804 -3794 -3825
-3420 -3513 -3542 -3496 -3689 -3801 -3857 -3862 -3788 -3833 -3963 -3988 -3989 -4059 -4113 -4060 -4010 -4013 -4056 -4029 -3966 -3938 -3899 -3883 -3870 -3824 -3801 -3774 -3788 -3807 -3761 -3806 -3789 -3766 -3855 -3847 -3750 -3725 -3718 -3741 -3778 -3896 -4020 -3995 -3897 -3837 -3929 -3900 -3830 -3933 -4017 -3960 -3851 -3899 -3829 -3734 -3752 -3862 -3878 -3741 -3753 -3841 -3807 -3829 -3864
-3535 -3528 -3494 -3642 -3763 -3795 -3764 -3792 -3871 -3902 -3915 -4003 -4029 -4028 -4046 -4028 -4029 -4026 -4013 -4034 -4082 -4047 -3955 -3949 -3939 -3892 -3912 -3896 -3880 -3862 -3816 -3841 -3826 -3843 -3910 -3855 -3791 -3746 -3711 -3791 -3828 -3895 -4016 -3972 -3856 -3851 -3917 -3879 -3863 -3882 -3900 -3946 -3966 -3941 -3805 -3654 -3675 -3819 -3870 -3783 -3794 -3873 -3898 -3897 -3859
-3621 -3668 -3706 -3739 -3773 -3731 -3704 -3788 -3903 -3929 -3917 -3977 -3976 -3945 -3959 -4020 -4109 -4126 -4102 -4062 -4010 -3973 -3937 -3952 -3983 -3985 -3945 -3909 -3931 -3930 -3846 -3819 -3840 -3883 -3920 -3857 -3821 -3798 -3874 -4029 -3873 -3615 -3704 -3908 -3977 -3939 -3849 -3812 -3894 -3883 -3888 -3957 -3901 -3795 -3832 -3779 -3811 -3900 -3927 -3928 -3923 -3929 -3947 -3939 -3925
-3680 -3599 -3583 -3727 -3734 -3686 -3751 -3847 -3906 -3984 -3931 -3833 -3919 -4046 -4099 -4135 -4179 -4195 -4208 -4157 -4032 -3938 -3950 -4015 -4006 -3995 -3943 -3950 -3993 -3987 -3949 -3916 -3888 -3890 -3922 -3846 -3800 -3871 -4078 -4289 -4088 -3616 -3447 -3693 -3960 -3992 -3833 -3706 -3817 -3923 -3940 -3969 -3951 -3923 -3858 -3906 -3848 -3861 -3911 -3940 -3943 -3968 -3979 -3936 -3917
-3711 -3436 -3358 -3750 -3797 -3784 -3920 -3983 -3908 -3958 -3845 -3735 -3961 -4175 -4250 -4286 -4235 -4133 -4130 -4213 -4185 -4058 -4005 -3968 -3928 -3945 -3963 -3970 -3968 -3951 -3960 -3937 -3893 -3887 -3932 -3923 -3902 -4021 -4179 -4280 -4216 -3981 -3667 -3632 -3851 -3983 -3936 -3935 -4012 -4024 -3936 -3843 -3901 -3948 -3818 -3958 -3951 -3934 -3951 -3976 -3981 -3997 -3998 -3950 -3938
-3789 -3760 -3805 -3926 -3816 -3795 -3942 -3926 -3843 -3866 -3852 -4035 -4262 -4262 -4167 -4174 -4174 -4050 -3994 -4109 -4136 -4129 -4186 -4140 -4097 -4124 -4170 -4122 -4056 -4015 -3971 -3940 -3950 -3909 -3895 -3916 -3909 -3993 -4110 -4155 -4159 -4143 -3994 -3846 -3886 -4033 -4102 -4131 -4080 -3990 -3872 -3813 -3961 -4003 -3922 -3983 -3993 -3999 -4045 -4077 -3997 -3924 -3964 -3994 -3985
-3901 -3874 -3938 -4055 -4003 -3976 -3998 -3914 -3897 -4003 -4073 -4258 -4377 -4293 -4134 -4072 -4083 -4069 -4058 -4082 -4033 -4100 -4212 -4144 -4088 -4137 -4233 -4213 -4138 -4130 -4137 -4088 -4057 -4058 -4042 -3982 -3952 -3997 -3972 -3935 -4032 -4182 -4202 -4057 -3967 -4107 -4215 -4168 -4045 -3967 -3895 -3894 -4037 -3993 -3984 -3985 -3993 -3985 -4017 -4053 -4002 -4005 -4070 -4051 -3977
-3876 -3885 -3917 -4035 -4101 -4091 -4072 -4115 -4211 -4224 -4278 -4303 -4227 -4120 -4075 -4050 -4060 -4168 -4271 -4236 -4141 -4155 -4155 -4071 -4013 -4061 -4186 -4179 -4084 -4127 -4244 -4233 -4183 -4207 -4208 -4177 -4160 -4133 -3953 -3797 -3864 -4004 -4127 -4163 -4116 -4207 -4274 -4155 -4009 -4005 -3984 -3966 -3961 -3825 -4035 -4058 -4062 -4037 -4034 -4080 -4060 -4059 -4091 -4044 -4004
-3937 -3968 -4024 -4059 -4057 -4076 -4103 -4149 -4256 -4269 -4217 -4202 -4134 -4088 -4090 -4082 -4151 -4281 -4336 -4270 -4165 -4113 -4098 -4106 -4108 -4107 -4119 -4103 -4035 -4060 -4123 -4136 -4174 -4198 -4147 -4121 -4131 -4108 -3998 -3857 -3814 -3856 -4008 -4176 -4181 -4128 -4067 -4026 -4050 -4027 -3994 -4053 -4077 -3978 -4033 -4056 -4078 -4113 -4106 -4072 -4035 -4068 -4105 -4053 -4057
-4002 -4023 -4072 -4070 -4085 -4188 -4270 -4269 -4253 -4115 -3935 -4051 -4193 -4252 -4304 -4308 -4307 -4349 -4339 -4280 -4190 -4150 -4177 -4174 -4155 -4160 -4138 -4142 -4163 -4179 -4132 -4141 -4213 -4198 -4124 -4111 -4174 -4183 -4056 -3925 -3989 -4127 -4159 -4179 -4163 -4104 -4049 -4045 -4097 -4037 -3995 -4058 -4093 -4092 -4081 -4105 -4076 -4065 -4072 -4067 -4077 -4116 -4114 -4055 -4057
