Resources/Map/Lvl0_30x30/Ele_AD.asc
ncols         335
nrows         335
xllcorner     -9995000
yllcorner     6675000
cellsize      10000
nodata_value  -99999.0
[rows 135 to 161 of 335, columns 0 to 59 of 335]
-300.9439 -301.6179 -302.3271 -302.3271 -301.4986 -299.8293 -298.0209 -295.7196 -292.169 -286.5069 -279.3529 -269.8654 -259.9841 -251.0269 -242.4106 -230.8356 -211.2669 -186.6889 -181.8974 -200.7747 -201.136 -179.0137 -159.4942 -129.2879 -70.3759 -34.3994 9.0677 10.1248 11.1714 11.3894 -49.4731 -72.0971 -87.0454 -95.8973 -113.9928 -138.476 -159.4188 -177.7969 -199.4322 -225.334 -253.012 -276.0814 -292.7996 -297.8758 -280.4978 -228.3672 -140.6284 9 216.1913 163.3138 201.4607 245.3211 244.0809 159.1519 310.8264 264.9919 402.4082 592.5403 442.2235 249.7518
-299.3774 -302.0956 -303.5356 -301.2268 -293.1387 -279.7757 -267.0688 -253.6421 -237.8763 -221.0455 -203.5835 -184.3396 -164.0977 -145.5791 -128.7078 -107.5572 -75.6703 -38.3398 7 8.9978 9.9934 13.4955 64.3323 112.6905 206.3646 282.3243 208.2145 202.3798 130.145 144.3627 132.1682 110.0268 104.3885 138.0001 132.8659 150.2573 123.3297 126.7186 29.8022 9.4705 -95.1501 -132.7551 -163.7381 -200.4408 -233.7576 -248.5391 -248.584 -213.2134 -117.0152 19.217 127.2393 60.4975 8.2914 296.2622 517.6828 195.2431 275.0728 507.4808 564.2084 151.505
-297.9313 -300.7779 -301.5112 -297.1576 -285.849 -270.3789 -256.7596 -233.512 -198.6897 -163.9547 -133.3101 -107.4572 -86.6706 -71.0392 -58.6668 -43.6046 -24.7513 -8.2275 10.3363 18.875 25.7352 31.6255 34.2707 49.9505 67.4657 114.9323 133.4064 172.3889 226.2299 211.016 388.7541 411.8261 163.7672 166.2234 143.971 151.5088 168.9439 164.8378 167.7254 133.8466 80.679 46.1836 -6.9703 -86.1262 -158.8419 -201.2928 -230.9691 -251.1524 -229.96 -147.6161 -35.2108 178.4963 280.649 132.9778 361.2183 318.3704 361.1941 286.4246 68.3151 182.0451
-268.2271 -285.8811 -297.7056 -303.2744 -305.3302 -307.9768 -310.4259 -297.7453 -267.6033 -229.0725 -182.5934 -137.3097 -104.1702 -85.3732 -73.1929 -60.7426 -47.1685 -33.7791 -23.5109 9.2705 11.6884 18.6996 38.0985 29.5577 29.7084 42.0295 66.6497 52.1952 78.5326 106.1939 123.0169 157.214 189.7872 186.8165 220.4409 247.2773 284.5955 252.8265 227.7782 190.3238 296.133 289.3428 231.8892 18.3969 -101.8185 -170.4741 -190.1448 -184.4267 -168.5238 -117.4203 -47.1251 15.7226 80.4098 114.3954 389.6386 193.9025 212.5725 120.5252 464.981 148.68
-148.0871 -205.1445 -256.2177 -294.8534 -330.0226 -359.1614 -372.2975 -369.1585 -355.0561 -332.2586 -296.5583 -253.5247 -212.1714 -183.1404 -167.1158 -156.7504 -143.1294 -121.5367 -95.2828 -67.5988 -37.9438 -12.4561 4.0572 9.2862 12.0931 17.8729 41.1197 66.4887 94.0428 83.3715 118.2553 154.8236 167.1906 234.0424 262.1202 272.0731 310.6148 340.1038 337.0427 320.7236 278.4459 185.6102 131.7284 72.4122 -27.1752 -87.0007 -99.3874 -85.9499 -88.7267 -81.7332 -52.1366 80.1124 100.7211 103.8676 10 14.4024 48.5685 12.2803 12.5498 -42.5039
10.2275 -99.1949 -170.5113 -231.8841 -300.1105 -363.3008 -395.5205 -399.7367 -394.8105 -389.6024 -379.5566 -356.6525 -320.1631 -287.2584 -268.8746 -258.9023 -247.7101 -230.8845 -202.6263 -163.8116 -114.82 -62.7316 -14.8476 7.4538 10.2605 33.0726 83.7012 121.9602 130.7321 176.8363 210.0068 198.5379 239.4666 259.5562 225.9833 173.262 216.1101 217.6425 197.3886 222.0556 175.7446 134.7402 67.6367 45.7326 22.4373 73.6786 98.2864 19.0851 -56.9035 -87.9215 -71.5079 -14.9154 -0.425 -26.1228 -73.2147 -95.2492 -93.5766 -82.2472 -66.1086 -85.476
10.248 -40.2478 -95.8955 -159.2301 -233.5081 -305.6027 -358.3503 -393.8842 -421.2767 -441.3903 -442.3224 -415.7603 -363.9086 -310.5795 -273.8961 -253.9457 -249.3946 -256.5576 -264.3427 -259.6951 -231.1721 -184.1886 -128.7287 -73.1855 -64.7196 13.7087 43.3792 36.6085 12.4234 34.1714 106.014 139.6056 155.8619 37.7584 92.9054 83.3503 87.6257 81.0044 95.1224 92.947 125.9323 129.1435 114.9973 119.006 113.7812 104.7135 129.1216 84.7511 22.2893 41.7029 86.0014 167.4162 224.3823 191.3426 51.6698 -24.4753 -25.1455 -18.384 16.8925 82.9349
-15.1377 -36.977 -74.3869 -124.4893 -187.6577 -257.3015 -320.1352 -371.1022 -400.7068 -406.4416 -393.166 -367.6731 -330.4549 -278.8092 -227.2841 -184.0756 -166.3239 -173.1722 -201.0873 -234.7516 -244.8662 -239.1918 -231.4711 -220.3506 -197.0027 -142.6164 -81.5773 -37.8715 -12.5756 18.2421 96.5447 228.3389 272.333 246.216 131.1532 218.252 220.3446 181.6144 213.6292 296.428 340.3355 371.5123 318.1442 276.5184 169.8645 228.7323 257.8523 385.2163 376.6764 311.565 365.0993 371.0181 303.6856 319.2563 260.9883 313.6892 226.8882 294.384 318.9559 236.743
-55.0878 -79.2831 -119.9527 -171.2395 -219.0786 -259.5441 -291.9783 -314.1342 -321.0025 -312.6187 -296.6693 -278.5785 -253.3937 -207.7596 -159.607 -112.3942 -82.3635 -70.151 -81.133 -104.3199 -106.7725 -117.0014 -130.4536 -133.3966 -131.9135 -97.7979 -42.7219 118.5276 63.9227 86.9219 43.7334 2 52.8372 306.3022 307.6129 263.6818 258.0924 268.6668 238.5058 137.8273 220.7173 337.5193 349.5825 391.8555 352.5544 341.7036 414.9931 606.0482 554.8094 254.7767 356.595 564.7785 387.6354 366.6413 632.1977 356.3343 424.46 295.6246 216.7959 272.628
-110.0787 -150.3627 -206.138 -256.7231 -273.9364 -262.6434 -243.2698 -228.842 -217.5856 -206.2142 -186.9574 -150.5071 -103.3183 -65.2452 -37.4271 6.4517 61.2539 117.5966 86.7932 69.565 70.1329 114.4285 104.1979 98.6955 155.9989 227.4391 220.7699 77.11 48.0355 239.8077 277.8404 398.5846 365.2224 269.1966 343.257 465.2939 281.799 404.2003 405.2505 596.5227 501.589 542.3621 689.8344 632.4894 584.3776 707.9637 737.9287 716.9601 485.9193 509.3096 590.7602 438.8864 421.3796 442.3455 512.5417 648.5189 778.0265 466.8681 430.5792 865.7541
-170.0013 -198.414 -219.8199 -225.5979 -208.3553 -178.8546 -146.864 -113.2666 -73.4699 2.8451 7.3996 23.274 67.455 122.0959 162.584 178.6123 225.3135 239.8731 263.9535 224.6928 276.1155 307.6056 275.9395 317.0204 390.0772 390.4332 381.9415 251.5082 456.4434 450.6328 506.056 547.6406 566.7774 566.9616 622.7337 495.2366 593.849 557.5995 544.1182 712.3654 980.1003 1058.7515 1038.6367 1005.0398 955.3039 857.7357 748.544 754.9188 638.7616 814.9311 950.3547 1014.6602 973.3464 1007.4998 1081.2444 1020.9346 899.5726 947.9752 864.9148 555.0961
-149.584 -149.5037 -126.1728 -91.4168 -52.912 -20.9346 99.809 149.5401 142.4 210.3621 128.1413 141.6316 119.1935 48.2235 178.0389 253.5777 265.5818 360.1465 439.7828 447.1036 463.8506 446.4622 442.8134 357.3051 521.7431 472.6518 450.7559 593.3529 519.6675 431.6541 506.5131 664.7349 493.327 523.2533 606.441 815.5273 947.0373 1060.38 1093.993 1184.0271 1342.6368 1391.1514 1451.9427 1409.8267 1314.1656 1173.4225 978.8505 954.2369 1113.2106 1127.4875 1153.6555 1224.6046 1188.559 1238.6819 1222.0676 1151.7898 1061.0427 966.1675 896.4678 864.7146
-52.5502 -88.0169 -70.1551 38.2742 126.2196 210.9808 252.6028 201.4527 291.2126 299.3404 193.4335 291.3388 338.6135 334.5471 156.1874 172.1461 270.576 408.9747 552.64 627.5192 364.9001 406.5602 292.2523 226.0649 268.065 362.6265 475.9987 506.7859 682.4776 559.5572 600.2892 687.1154 510.9255 774.6632 795.9677 812.1248 802.8674 868.9863 960.6885 1115.24 1190.2806 1235.1382 1282.0944 1280.4659 1120.9545 913.9686 681.287 809.7094 1031.3307 1072.9875 1067.1674 1036.889 990.1183 1015.1676 1069.7993 1099.1711 1027.9843 1001.0587 747.9434 963.2982
133.0719 -82.9856 -109.4267 -13.2087 163.2035 211.0589 367.6712 395.8943 403.3547 386.1467 354.2581 216.9763 121.1703 51.7401 201.1879 416.4485 455.1871 701.9273 719.5479 641.1342 524.8087 186.2551 125.8406 277.3953 440.809 486.0649 564.2003 751.9111 509.899 587.2589 691.3792 775.4395 628.1405 347.6287 563.9697 517.5995 675.8826 734.5413 855.98 950.3973 985.028 1036.1964 986.4226 992.0271 963.0797 693.8986 380.7412 575.4079 410.5134 384.552 605.1012 519.3833 678.8598 746.2534 745.7986 593.3069 446.1102 634.8092 763.0721 618.1338
-27.7278 -69.0952 30.0336 189.0508 308.6379 446.4169 457.9876 348.383 226.0625 276.5388 258.1718 193.8602 267.3332 39.1989 142.0678 147.8364 303.3954 523.5609 561.8071 487.2346 440.4034 404.6287 45.222 100.3129 14.6661 92.2972 274.6885 334.0191 405.8022 440.4243 499.7737 549.2609 535.3837 412.3892 361.9896 336.1771 217.4228 364.549 254.6744 538.3489 442.5902 349.6902 473.7265 544.4718 722.5778 862.7018 932.4246 904.4514 899.1245 763.4292 503.3568 8.0691 15.48 143.9727 126.2118 510.0586 278.5111 120.3519 188.7137 179.7082
-34.3719 -58.8996 -28.9404 19.7168 139.4395 111.5705 209.3069 199.4042 216.8152 161.2999 83.5271 59.5898 34.7878 134.384 44.0888 63.6412 220.9478 382.568 270.172 416.3788 205.0955 153.9766 317.2321 272.2719 51.5603 8.3433 117.6036 191.1652 309.5948 184.4788 248.034 512.6475 488.6862 226.8517 89.3667 261.6193 393.1299 425.1804 265.0063 104.6449 524.2433 687.6293 349.2644 546.4037 568.9775 713.9363 680.822 758.2327 686.5624 650.4695 666.2372 425.4975 115.939 31.7993 73.8567 453.4283 437.9404 322.0004 396.0585 304.7003
-76.7113 -55.1215 -24.2746 -13.3155 -3.0443 14.1269 222.4359 101.658 130.1868 264.2658 184.7216 -5.1021 54.9889 22.146 -13.2163 7.5117 132.8964 284.6947 243.8522 320.7247 130.6186 167.318 213.1443 267.6912 200.9326 30.2946 21.0699 53.863 111.3117 43.6001 18.1694 30.7919 54.9372 41.8627 50.1101 55.0238 36.7062 29.837 168.1392 75.6028 119.052 198.7344 188.1975 112.5862 202.6181 391.9009 440.411 479.9833 290.2586 176.466 304.5179 200.9993 184.0675 42.6518 1.0897 31.6358 82.3116 147.3603 354.6306 231.4726
23.4711 20.0515 11.3241 -9.4799 -34.743 -53.9072 -74.3592 -88.3214 -83.302 -74.9907 -98.5435 -114.754 -92.5424 -116.5887 -127.1892 -109.5062 -43.8034 -17.9437 -4.103 21.6356 30.944 -36.0523 70 314.5698 11.7809 -21.066 -29.4747 -27.1025 -21.4543 -21.3095 -33.7285 -17.6621 31.4758 297.0449 60.9543 -98.696 -113.2124 -82.6273 -16.2295 62.3783 105.4616 110.9433 87.7646 9.6278 173.6068 77.0391 378.4397 290.8883 312.6464 299.7247 372.2243 347.4279 397.7926 208.2835 286.3212 304.0066 311.0642 108.4246 44.4341 -8.4914
531.1632 530.443 538.7817 420.1212 467.1764 105.5821 1.3079 -52.5905 -81.2781 -97.3665 -102.778 -104.0949 -102.0778 -104.3327 -116.1359 -138.2567 -155.0556 -170.1752 -173.773 -175.7956 -190.5598 -220.6841 -199.4635 -176.3646 -184.2823 -177.7289 -166.5368 -161.5409 -169.1511 -185.4153 -202.9453 -218.5574 -230.1582 -239.8504 -252.8683 -265.1562 -259.8162 -232.2853 -195.6332 -167.2802 -143.6896 -125.8763 -124.7694 -132.5667 -134.2181 -115.9688 -85.903 -66.417 -47.7021 -36.0142 -22.4356 4.3285 17.4078 17.7858 8.6158 -4.907 -21.2574 -26.6777 -48.3208 -86.4265
123.2205 53.2474 210.8896 15.0523 74.1305 4.264 -44.7919 -67.1708 -80.7474 -90.5794 -95.2996 -96.2402 -94.8808 -93.0862 -95.8306 -108.7121 -133.6958 -163.8488 -190.5673 -212.3578 -237.9189 -263.1066 -276.6581 -281.1053 -288.1758 -296.7848 -307.0722 -316.4465 -323.9221 -334.9214 -350.5716 -368.3331 -400.5931 -432.4368 -452.7297 -477.6611 -498.5442 -504.741 -500.8636 -491.2184 -474.876 -456.1205 -428.0931 -410.0195 -420.9172 -440.8286 -452.6392 -459.7089 -459.5769 -453.2925 -446.1342 -436.62 -410.209 -370.7306 -358.1791 -375.7314 -382.1388 -368.7125 -344.9984 -333.652
-40.8875 -52.9199 -64.2341 -76.3046 -87.5122 -97.5278 -103.777 -107.4924 -110.5412 -112.1326 -112.0515 -109.9649 -105.7559 -101.0042 -98.7298 -102.4467 -117.7532 -142.7468 -170.3838 -194.3863 -215.7625 -235.9712 -252.5125 -268.8131 -298.8814 -342.3654 -378.4392 -400.9843 -417.7352 -440.6528 -471.5694 -503.8364 -534.0605 -555.1511 -567.7812 -580.1756 -588.7607 -592.6396 -590.1173 -579.2386 -566.157 -561.5919 -566.5966 -582.606 -610.4445 -637.0462 -656.7118 -678.4099 -703.5864 -719.2775 -719.9011 -711.9081 -694.4921 -673.1838 -665.6524 -673.8124 -682.9017 -683.9465 -677.2473 -663.5938
-30.3738 -41.1507 -52.01 -63.8194 -75.968 -87.3434 -95.8389 -101.9285 -106.4734 -108.9984 -109.5023 -107.948 -104.3055 -100.8198 -98.5053 -97.6656 -101.1207 -107.7411 -117.3559 -130.3077 -142.536 -153.7022 -168.0346 -188.0245 -220.0078 -270.8913 -322.9742 -362.6603 -395.6326 -427.4585 -459.1332 -489.3675 -514.6256 -535.3062 -551.7451 -563.5817 -574.1036 -582.5356 -584.0016 -572.7023 -554.9142 -545.8521 -550.3195 -562.851 -581.7348 -602.2963 -620.4293 -637.4414 -653.868 -665.0809 -669.9528 -670.8492 -669.1203 -665.8846 -663.4125 -660.9303 -658.7834 -654.3021 -650.489 -649.3297
89.286 -8.3479 -13.8303 -21.5588 -33.5584 -45.6644 -57.9028 -69.5081 -77.8245 -84.0209 -87.1317 -88.2451 -87.5423 -87.0696 -86.1673 -85.8876 -86.8353 -88.1317 -89.6446 -91.4516 -94.0846 -97.6096 -107.7821 -128.8626 -157.7016 -189.8256 -221.5841 -259.7628 -309.6581 -358.0163 -394.4091 -417.2815 -429.1556 -440.1903 -456.0037 -477.2625 -504.7717 -539.3237 -575.8667 -602.1193 -613.2188 -616.4773 -611.8124 -603.1852 -598.8041 -604.6229 -614.4993 -613.6147 -604.2987 -606.7072 -616.8239 -621.5271 -620.4742 -615.0834 -605.1667 -590.3084 -572.6187 -556.2938 -547.2308 -545.7071
57.4935 171.5903 274.057 285.7189 59.5147 47.3121 9.7892 -24.1529 -44.6003 -56.2314 -62.076 -63.9483 -64.1815 -63.4354 -62.4249 -62.995 -64.8039 -67.6132 -71.4135 -75.3458 -80.2051 -85.2077 -93.3246 -105.9304 -120.9808 -138.1997 -159.2975 -183.6145 -209.5918 -235.6511 -256.0916 -277.1105 -298.7028 -313.3278 -323.5282 -335.7978 -350.9431 -379.6298 -409.6935 -428.9674 -445.9867 -455.856 -461.2168 -469.1352 -480.7933 -493.2534 -502.0216 -509.2146 -516.3414 -522.6851 -529.5975 -535.4804 -536.0741 -525.7733 -501.7007 -464.8143 -413.8293 -362.1531 -317.2752 -285.7033
281.8929 289.5833 275.4875 261.8181 292.1836 321.3292 162.4182 0.3164 -28.686 -37.2596 -35.2256 -29.6095 -28.0362 -34.018 -39.6138 -43.0079 -44.4099 -46.3222 -50.9937 -56.0744 -61.1819 -66.292 -71.4861 -76.7988 -82.2183 -90.7426 -102.3123 -114.5082 -121.7643 -124.8475 -124.2841 -130.3381 -142.3929 -145.9179 -142.2325 -138.1001 -135.0029 -141.1376 -152.5932 -164.7375 -177.6224 -182.0708 -182.6559 -194.0447 -224.9924 -267.1173 -299.8124 -317.2668 -324.1924 -336.1555 -360.3488 -374.6847 -364.3193 -332.092 -270.3373 -197.4601 -130.7704 -83.9973 -55.074 -27.2413
190.9265 221.6503 262.9609 287.2835 279.784 104.7612 16.4819 -10.9647 -16.4057 -11.0134 -1.16 128.4388 199.7783 111.8858 -10.2956 -23.1163 -33.459 -40.2028 -41.0635 -40.1992 -39.2185 -36.3526 -34.3062 -32.3104 -32.3616 -34.1524 -27.6675 -15.3914 -25.599 -43.4095 -50.5076 -57.6514 -64.4565 -69.1297 -71.6797 -72.408 -72.1059 -71.1278 -70.5078 -69.9017 -67.9576 -65.9562 -65.5647 -71.9811 -91.1668 -109.8473 -110.7458 -121.386 -141.8172 -142.056 -115.2859 -62.8717 13.7153 46.2616 228.429 167.9285 279.7213 1.7165 89.4697 58.6654
52.5235 20.0864 216.108 139.6694 284.0539 147.1101 242.5507 19.1857 -7.4836 0.3806 16.9022 99.7506 172.592 221.4749 213.774 87.4746 195.2552 2.8818 16.5412 15.007 32 313.5418 153.5314 223.8523 1.0203 175.6678 150.0023 218.589 204.7695 96.9565 42.6704 15.536 -20.4691 -32.4254 -38.3773 -42.885 -44.6056 -43.686 -38.7615 -31.3082 -6.4017 36.0255 54.1787 65.4969 83.1017 41.5438 67.7563 94.0777 308.0152 34.3881 10.7297 172.3497 410.5015 414.1108 314.3001 330.1231 401.913 468.3691 568.106 553.4644
