Resources/Map/Lvl0_30x30/Ele_EH.asc
ncols         335
nrows         335
xllcorner     3405000
yllcorner     -6725000
cellsize      10000
nodata_value  -99999.0
[rows 145 to 173 of 335, columns 260 to 324 of 335]
-3829.8311 -3852.9998 -3892.6243 -3993.5723 -4065.6865 -4071.47 -4083.3105 -4139.0073 -4196.9995 -4187.2983 -4200.6069 -4238.2261 -4230.7373 -4240.6582 -4263.2622 -4287.9683 -4309.8018 -4319.4395 -4339.5249 -4370.021 -4392.7939 -4415.3511 -4437.2212 -4449.4585 -4460.3188 -4483.3096 -4530.2432 -4575.7905 -4598.1479 -4612.2349 -4626.7759 -4641.4692 -4650.5962 -4647.1514 -4643.8076 -4664.6187 -4689.9443 -4689.1216 -4686.8076 -4699.876 -4712.0933 -4711.4858 -4705.6211 -4705.3579 -4713.8257 -4734.4233 -4733.936 -4730.501 -4747.2368 -4723.0386 -4606.2212 -4624.8076 -4611.1147 -4582.0684 -4548.0537 -4609.8291 -4707.6816 -4821.6338 -4870.6841 -4844.2612 -4866.6191 -4925.3276 -4934.0947 -4896.8916 -4780.96
-3736.9478 -3801.1174 -3875.5562 -3956.7659 -4012.3928 -4053.9839 -4079.8721 -4111.6353 -4138.3706 -4142.2319 -4168.4712 -4182.5205 -4206.0093 -4223.3018 -4241.6567 -4276.1128 -4308.1216 -4326.0112 -4346.0239 -4372.9526 -4392.1675 -4411.708 -4432.2544 -4460.7944 -4494.9014 -4511.6982 -4545.2773 -4591.6831 -4597.7324 -4593.1172 -4607.7485 -4614.9829 -4618.6074 -4628.0479 -4636.9004 -4652.1514 -4666.6846 -4676.2964 -4684.1519 -4688.9082 -4700.229 -4701.1699 -4697.0615 -4711.5811 -4718.8784 -4740.1875 -4740.8418 -4731.4893 -4729.4746 -4640.2563 -4472.3335 -4527.1221 -4648.3579 -4637.0439 -4599.1758 -4607.6724 -4705.3257 -4859.2876 -4854.6987 -4800.8594 -4817.6787 -4851.0503 -4912.8218 -4983.1045 -4951.6611
-3763.449 -3899.1719 -3980.0215 -4011.2786 -4028.03 -4049.2031 -4049.6123 -4057.1853 -4082.9385 -4116.9644 -4160.1035 -4151.6724 -4192.793 -4216.4712 -4221.5947 -4256.9531 -4299.6733 -4329.6357 -4353.1152 -4379.2598 -4396.3828 -4414.0762 -4435.2412 -4460.7251 -4495.1182 -4516.9458 -4542.4185 -4578.9102 -4583.1895 -4579.4443 -4593.3389 -4599.9355 -4605.4399 -4615.7783 -4627.2798 -4642.9414 -4654.1626 -4659.7998 -4669.6304 -4682.2119 -4696.0449 -4681.751 -4661.4346 -4688.29 -4707.2344 -4738.5391 -4760.5405 -4723.3799 -4663.5493 -4579.959 -4524.7471 -4573.3105 -4681.856 -4687.3477 -4680.73 -4686.2935 -4729.167 -4819.4668 -4768.0425 -4732.2451 -4763.5879 -4758.6387 -4839.8457 -4951.9839 -4992.813
-3825.9861 -3921.3257 -3999.4033 -4019.6943 -4015.3806 -4038.9756 -4067.6584 -4091.0442 -4109.9678 -4132.9053 -4159.6318 -4152.6797 -4175.1768 -4197.6147 -4220.1851 -4257.3384 -4298.3691 -4327.8843 -4350.0078 -4379.0874 -4404.9731 -4425.437 -4450.6792 -4475.2607 -4500.4766 -4523.5845 -4545.166 -4563.7988 -4567.3833 -4571.7998 -4584.9111 -4595.104 -4603.499 -4612.0596 -4624.4961 -4641.1938 -4653.0103 -4652.832 -4662.4482 -4674.5522 -4666.9009 -4641.1899 -4620.0654 -4642.3994 -4684.9819 -4732.8735 -4777.4121 -4730.0918 -4609.9766 -4565.126 -4606.6196 -4638.9878 -4702.2188 -4725.2031 -4735.7617 -4774.0601 -4768.0435 -4773.269 -4792.7358 -4796.9517 -4774.1177 -4752.8301 -4829.5078 -4879.168 -4899.4121
-3803.4639 -3871.8972 -3941.3237 -4002.5662 -4024.6235 -4034.6353 -4052.6809 -4092.9055 -4124.5527 -4131.4434 -4140.8232 -4160.561 -4173.4688 -4191.832 -4222.5669 -4257.1069 -4293.8091 -4321.0435 -4346.5112 -4377.6436 -4404.7944 -4427.376 -4451.0376 -4475.3306 -4500.9829 -4524.2339 -4541.7603 -4553.3823 -4556.6143 -4564.3657 -4580.1729 -4591.6738 -4604.1611 -4619.9639 -4639.9736 -4653.2339 -4660.1836 -4662.7441 -4660.6514 -4650.7236 -4638.8545 -4644.7646 -4645.6689 -4647.6426 -4677.2612 -4705.4238 -4729.5024 -4705.8037 -4618.7905 -4585.1519 -4642.5571 -4695.0474 -4720.1143 -4714.5654 -4713.7388 -4745.1748 -4751.2222 -4756.6396 -4808.9644 -4814.5649 -4764.478 -4802.5723 -4881.312 -4860.0957 -4839.7783
-3823.5896 -3803.1125 -3844.4268 -3958.5786 -4006.499 -4020.0161 -4048.041 -4081.5073 -4116.8208 -4131.188 -4132.0752 -4156.042 -4165.4883 -4178.3701 -4205.6167 -4243.8584 -4285.0522 -4315.2593 -4344.1421 -4372.123 -4399.8115 -4426.4087 -4452.7671 -4479.0449 -4502.3906 -4518.9937 -4530.7798 -4543.0186 -4552.3804 -4561.8232 -4576.9946 -4588.4673 -4597.8823 -4614.2603 -4639.3853 -4655.1406 -4663.9189 -4670.4932 -4653.5146 -4633.0337 -4638.5615 -4652.1411 -4655.7578 -4660.3696 -4675.0396 -4696.2739 -4715.6499 -4696.1895 -4646.04 -4634.0713 -4684.4395 -4716.8237 -4719.5913 -4714.8193 -4709.9858 -4737.8286 -4747.4121 -4766.3594 -4799.6572 -4807.1406 -4776.1563 -4845.2358 -4884.667 -4835.6997 -4818.0073
-3744.6389 -3728.054 -3830.6665 -3929.3816 -3951.6589 -3996.0693 -4040.7119 -4055.1685 -4101.8521 -4125.6738 -4116.3926 -4136.5117 -4151.5762 -4160.2529 -4186.1943 -4227.0234 -4278.1782 -4318.9937 -4340.9639 -4357.4702 -4398.2158 -4427.874 -4456.189 -4486.5322 -4505.4771 -4514.7725 -4518.7061 -4534.8555 -4553.1909 -4558.1221 -4567.0947 -4584.416 -4593.6357 -4601.6284 -4613.042 -4622.9985 -4636.3022 -4647.624 -4637.4561 -4623.5186 -4635.5151 -4644.4175 -4646.8564 -4664.9224 -4668.728 -4682.9395 -4675.54 -4616.0742 -4596.5806 -4631.228 -4679.4443 -4671.4985 -4692.4429 -4741.6445 -4757.3804 -4763.3652 -4749.9585 -4740.2319 -4751.5781 -4763.7617 -4773.0967 -4816.4116 -4821.4995 -4809.3374 -4804.1675
-3636.0273 -3642.6726 -3773.4702 -3833.9268 -3857.9121 -3941.9717 -4002.5071 -4012.9758 -4053.2839 -4091.25 -4106.2085 -4120.9009 -4134.9575 -4151.9375 -4180.2783 -4210.9014 -4269.3198 -4321.8608 -4335.5889 -4341.8154 -4392.832 -4424.1372 -4452.5967 -4483.4551 -4499.3003 -4510.0967 -4516.4868 -4527.1841 -4539.0142 -4543.4946 -4554.1528 -4572.855 -4585.6704 -4594.6279 -4598.2671 -4603.2666 -4615.8857 -4616.835 -4612.0908 -4613.5698 -4624.8916 -4632.5083 -4641.2119 -4677.6377 -4682.1738 -4639.4487 -4576.5806 -4526.9043 -4552.479 -4605.7515 -4656.4702 -4650.1226 -4652.478 -4674.0278 -4712.7324 -4742.3306 -4749.8223 -4730.4531 -4709.9663 -4742.5713 -4770.9561 -4772.2935 -4780.4766 -4803.8149 -4793.7212
-3666.7971 -3681.4941 -3751.9409 -3790.8284 -3834.1453 -3912.396 -3972.5496 -3998.9712 -4015.7607 -4041.4509 -4073.1931 -4092.6958 -4109.5239 -4147.8022 -4183.855 -4211.6196 -4254.7754 -4305.2183 -4328.8848 -4345.5039 -4398.8535 -4445.1821 -4467.0542 -4482.6099 -4485.1548 -4495.2822 -4509.8262 -4517.5532 -4523.501 -4530.9067 -4542.8101 -4554.5981 -4565.2217 -4576.5815 -4580.4131 -4583.9473 -4593.8491 -4590.4243 -4589.5347 -4601.0713 -4613.3682 -4623.2197 -4647.7617 -4682.8071 -4662.0493 -4575.228 -4529.1035 -4553.3521 -4591.9805 -4615.7188 -4650.6289 -4663.3633 -4656.0425 -4660.5415 -4696.3247 -4711.6206 -4716.7095 -4680.668 -4665.2773 -4758.1924 -4764.5039 -4713.6606 -4742.1523 -4801.2578 -4786.9092
-3636.6213 -3668.0425 -3750.7813 -3802.0823 -3849.3586 -3920.8149 -3959.0095 -3983.5867 -3998.1064 -4020.3606 -4047.6401 -4035.679 -4049.0625 -4113.4697 -4153.6147 -4184.8345 -4212.0659 -4264.7192 -4314.8906 -4354.4102 -4410.9653 -4464.5591 -4488.4692 -4492.2705 -4476.3252 -4476.8882 -4493.9561 -4506.0991 -4513.2441 -4519.1108 -4529.2344 -4541.375 -4551.292 -4561.0762 -4569.3296 -4570.6411 -4565.4771 -4558.585 -4571.7002 -4600.0298 -4622.5986 -4632.5889 -4653.9219 -4649.3237 -4577.3677 -4517.9971 -4544.1445 -4602.7446 -4633.9175 -4657.646 -4678.0757 -4673.2505 -4664.1504 -4691.271 -4692.0278 -4655.2573 -4660.127 -4665.334 -4677.5737 -4747.4907 -4722.791 -4689.479 -4739.7109 -4776.4966 -4759.4277
-3601.5059 -3631.405 -3696.1707 -3750.1494 -3821.4534 -3917.6882 -3929.3857 -3925.1992 -3960.9565 -4019.0376 -4043.9089 -3977.0967 -3984.3967 -4075.1479 -4111.5469 -4151.0527 -4193.7964 -4236.314 -4311.8066 -4385.2583 -4421.0664 -4433.6348 -4454.1445 -4477.9087 -4466.042 -4458.3145 -4472.2349 -4488.1968 -4497.7476 -4502.98 -4511.2432 -4520.749 -4529.1431 -4536.5342 -4547.252 -4552.1987 -4545.6514 -4548.333 -4569.3604 -4597.4746 -4622.1523 -4631.2983 -4632.4678 -4605.6089 -4535.3872 -4527.2153 -4585.5156 -4619.2866 -4633.144 -4656.0938 -4673.8281 -4694.3931 -4689.6719 -4699.9028 -4691.4727 -4651.4473 -4669.5171 -4703.728 -4724.3027 -4745.7617 -4715.2192 -4734.5239 -4775.6812 -4761.4624 -4763.2534
-3608.7761 -3613.0303 -3614.04 -3681.4351 -3784.5928 -3895.9902 -3906.3792 -3872.8928 -3919.1812 -3987.0032 -4015.6909 -3977.7083 -3979.4851 -4041.8613 -4088.2195 -4163.7573 -4219.0513 -4232.6606 -4316.4106 -4437.228 -4466.8584 -4407.3501 -4402.9316 -4449.7075 -4451.1646 -4441.1597 -4455.2915 -4469.2983 -4476.5181 -4483.6963 -4493.876 -4499.9575 -4508.604 -4513.1387 -4521.0103 -4534.1377 -4533.8008 -4539.7646 -4557.7061 -4587.3491 -4611.7222 -4616.3301 -4607.6367 -4589.7856 -4568.0796 -4567.2661 -4584.6411 -4597.1455 -4639.8413 -4661.0933 -4659.9478 -4693.4229 -4702.6094 -4706.749 -4701.5688 -4672.4692 -4695.5039 -4715.9302 -4734.8916 -4765.8271 -4733.9995 -4732.5332 -4759.623 -4745.2705 -4759.3862
-3617.1907 -3639.6506 -3627.3086 -3681.7 -3776.3591 -3844.6084 -3865.3821 -3866.8555 -3877.5654 -3904.0012 -3969.5034 -3996.1997 -3984.3789 -4012.0491 -4070.1484 -4136.7593 -4194.292 -4238.7676 -4344.6611 -4467.3584 -4468.6963 -4392.3955 -4398.3872 -4462.501 -4446.6206 -4426.5713 -4434.0029 -4452.1509 -4470.0903 -4467.2295 -4471.4199 -4479.8774 -4490.0776 -4495.0996 -4504.7554 -4519.2002 -4518.0054 -4524.9146 -4555.3774 -4600.0298 -4620.8906 -4610.7319 -4571.1611 -4535.4341 -4556.1133 -4591.6299 -4587.6782 -4590.2573 -4641.7778 -4662.4668 -4666.1211 -4682.854 -4689.3174 -4688.4775 -4675.6201 -4678.4712 -4707.8804 -4701.6318 -4699.2915 -4729.6084 -4721.6196 -4719.0859 -4732.186 -4726.3916 -4747.9316
-3633.8044 -3666.9939 -3687.3274 -3725.876 -3772.8284 -3768.6199 -3824.2747 -3870.9014 -3795.4453 -3829.283 -3962.9773 -3961.7368 -3961.803 -4011.6133 -4066.3599 -4130.9033 -4189.1748 -4254.1968 -4390.7095 -4469.0283 -4395.167 -4360.269 -4399.6401 -4434.1401 -4418.5977 -4419.5469 -4413.7065 -4428.6558 -4457.8364 -4452.9946 -4453.0005 -4461.5791 -4468.7954 -4479.7183 -4491.9111 -4500.4985 -4512.9556 -4535.6348 -4574.7412 -4611.3833 -4614.9922 -4599.5068 -4542.4844 -4504.043 -4536.9478 -4592.1328 -4606.5098 -4610.5889 -4637.5371 -4652.6523 -4670.5464 -4680.8301 -4680.2158 -4670.0991 -4666.8428 -4691.6553 -4708.8613 -4689.7134 -4668.6162 -4687.1475 -4710.7354 -4717.3833 -4714.249 -4714.5625 -4734.9751
-3699.1267 -3730.8948 -3743.4729 -3788.1331 -3828.3428 -3773.3918 -3793.2463 -3804.3391 -3732.8242 -3816.4607 -3955.5452 -3912.7004 -3949.5396 -4017.2678 -4078.6938 -4169.2861 -4234.6523 -4297.2231 -4410.5244 -4458.1514 -4360.4199 -4323.6577 -4368.0278 -4384.2676 -4386.373 -4409.2856 -4403.0801 -4400.1221 -4417.3613 -4426.9395 -4436.8975 -4449.3589 -4458.1177 -4472.7759 -4480.5249 -4491.3413 -4524.7695 -4554.8896 -4587.6011 -4604.7061 -4581.7251 -4551.8867 -4508.2534 -4508.2915 -4564.1279 -4607.0137 -4601.4844 -4596.2183 -4628.0493 -4648.354 -4656.9424 -4667.9995 -4667.2993 -4661.541 -4681.0576 -4695.4009 -4687.7188 -4673.5254 -4666.8623 -4684.5503 -4707.6133 -4708.2622 -4700.3408 -4701.4546 -4721.7437
-3775.125 -3803.8691 -3797.012 -3821.7957 -3875.2412 -3841.9329 -3821.2739 -3806.0933 -3791.8853 -3826.6882 -3878.2637 -3899.2075 -3954.3022 -4016.8306 -4106.998 -4191.5327 -4272.4111 -4339.8569 -4367.5737 -4394.1919 -4342.3809 -4293.4893 -4333.4111 -4365.478 -4356.5669 -4376.5732 -4400.0137 -4403.2197 -4401.0166 -4408.9438 -4420.4307 -4434.4434 -4444.8701 -4456.6572 -4468.1777 -4490.7295 -4519.376 -4541.7744 -4576.6313 -4582.7246 -4543.5981 -4511.0767 -4493.9663 -4514.9971 -4563.8926 -4592.2031 -4597.6895 -4604.5122 -4618.7715 -4623.2119 -4629.0073 -4639.897 -4644.2642 -4655.9429 -4676.0933 -4674.3003 -4654.2578 -4648.4517 -4659.8018 -4670.4878 -4682.3701 -4690.6094 -4692.0757 -4692.8145 -4711.9575
-3813.2925 -3814.947 -3774.1055 -3761.6543 -3800.4841 -3776.5234 -3791.7144 -3832.1201 -3882.6948 -3904.2744 -3911.0681 -3933.4497 -3957.8433 -4040.9211 -4152.3882 -4210.8672 -4294.0591 -4361.3188 -4306.3379 -4297.7085 -4313.4346 -4288.1387 -4308.0117 -4329.4785 -4311.3286 -4323.4111 -4366.9102 -4396.939 -4397.8291 -4399.3618 -4406.8115 -4419.3564 -4432.3291 -4445.7642 -4467.1987 -4493.3999 -4506.9746 -4518.9175 -4544.3003 -4543.7222 -4520.7266 -4513.853 -4512.5674 -4532.7974 -4560.3774 -4567.1216 -4587.2998 -4610.75 -4595.6396 -4592.9199 -4615.9595 -4620.3545 -4633.792 -4651.0537 -4642.3691 -4640.3921 -4635.397 -4628.9409 -4639.4033 -4651.9263 -4662.3721 -4673.3579 -4682.2461 -4689.2886 -4702.4624
-3792.1714 -3787.6995 -3701.3235 -3678.0979 -3713.3806 -3643.1729 -3662.6975 -3695.9985 -3825.6042 -3971.7551 -4040.1055 -4005.3525 -4010.625 -4095.7854 -4188.144 -4238.5322 -4294.1191 -4308.835 -4256.6196 -4234.7983 -4260.5557 -4274.7314 -4287.5659 -4298.606 -4315.5439 -4318.8613 -4322.4414 -4356.5728 -4380.4355 -4386.5317 -4390.8687 -4398.5454 -4415.833 -4439.4644 -4459.7754 -4480.7822 -4503.8066 -4522.6191 -4526.189 -4516.7632 -4519.3862 -4525.417 -4524.312 -4546.0352 -4567.3364 -4563.8667 -4580.1943 -4606.3716 -4588.4922 -4579.7168 -4597.7954 -4612.7954 -4626.708 -4627.1865 -4614.4233 -4625.7363 -4630.6396 -4619.0479 -4626.3286 -4639.7168 -4651.4951 -4664.1689 -4672.04 -4678.9878 -4689.9434
-3581 -3494 -3553 -3594 -3519 -3489 -3592 -3700 -3793 -3830 -3853 -3897 -4036 -4107 -4146 -4235 -4222 -4150 -4238 -4282 -4220 -4209 -4223 -4282 -4307 -4299 -4306 -4329 -4342 -4351 -4368 -4382 -4412 -4446 -4453 -4481 -4485 -4472 -4483 -4491 -4493 -4513 -4526 -4523 -4526 -4554 -4552 -4532 -4553 -4560 -4566 -4582 -4579 -4593 -4592 -4585 -4595 -4612 -4616 -4610 -4621 -4640 -4647 -4659 -4672
-3546 -3405 -3355 -3487 -3514 -3456 -3523 -3625 -3702 -3775 -3810 -3890 -4053 -4063 -4106 -4161 -4112 -4162 -4227 -4184 -4191 -4198 -4199 -4282 -4333 -4306 -4283 -4328 -4363 -4364 -4377 -4374 -4403 -4441 -4435 -4466 -4473 -4462 -4476 -4491 -4481 -4488 -4508 -4530 -4529 -4520 -4526 -4533 -4525 -4536 -4558 -4562 -4572 -4586 -4575 -4570 -4583 -4595 -4601 -4604 -4612 -4628 -4639 -4652 -4662
-3399 -3317 -3365 -3547 -3528 -3405 -3391 -3492 -3571 -3649 -3750 -3995 -4125 -4014 -4012 -4095 -4048 -4117 -4191 -4162 -4195 -4222 -4205 -4226 -4272 -4279 -4275 -4348 -4364 -4345 -4366 -4382 -4413 -4433 -4426 -4459 -4454 -4452 -4470 -4493 -4493 -4483 -4481 -4485 -4495 -4513 -4524 -4520 -4514 -4524 -4538 -4546 -4559 -4574 -4583 -4583 -4584 -4585 -4594 -4604 -4605 -4612 -4629 -4648 -4654
-3382 -3305 -3421 -3586 -3495 -3373 -3354 -3453 -3554 -3620 -3804 -4013 -4027 -3971 -3989 -4090 -4067 -4089 -4156 -4163 -4166 -4187 -4203 -4224 -4293 -4355 -4299 -4294 -4335 -4347 -4349 -4376 -4408 -4413 -4420 -4444 -4436 -4443 -4458 -4470 -4473 -4482 -4479 -4473 -4477 -4498 -4512 -4507 -4514 -4527 -4536 -4540 -4550 -4566 -4579 -4578 -4577 -4579 -4589 -4599 -4605 -4610 -4623 -4639 -4641
-3436 -3425 -3514 -3543 -3426 -3354 -3369 -3431 -3519 -3627 -3870 -3889 -3847 -3947 -4020 -4052 -4066 -4120 -4168 -4170 -4179 -4184 -4221 -4268 -4268 -4306 -4295 -4286 -4321 -4336 -4342 -4367 -4396 -4412 -4425 -4423 -4428 -4440 -4451 -4456 -4456 -4466 -4474 -4480 -4476 -4484 -4497 -4501 -4514 -4520 -4523 -4533 -4545 -4558 -4559 -4560 -4570 -4576 -4577 -4576 -4598 -4615 -4617 -4625 -4632
-3459 -3454 -3566 -3521 -3433 -3382 -3386 -3500 -3602 -3661 -3820 -3820 -3793 -3947 -4041 -4016 -4037 -4148 -4191 -4161 -4194 -4203 -4200 -4229 -4235 -4269 -4277 -4288 -4311 -4322 -4346 -4375 -4419 -4432 -4421 -4408 -4425 -4430 -4438 -4455 -4462 -4461 -4466 -4474 -4472 -4486 -4495 -4501 -4518 -4517 -4511 -4528 -4541 -4552 -4554 -4557 -4566 -4573 -4574 -4569 -4597 -4621 -4613 -4618 -4636
-3434 -3436 -3559 -3617 -3615 -3570 -3560 -3717 -3769 -3723 -3812 -3884 -3857 -3945 -4019 -3996 -4006 -4121 -4144 -4120 -4167 -4198 -4181 -4199 -4222 -4253 -4257 -4282 -4316 -4338 -4362 -4374 -4404 -4407 -4401 -4411 -4415 -4422 -4439 -4450 -4458 -4459 -4465 -4470 -4471 -4490 -4500 -4504 -4520 -4518 -4505 -4520 -4533 -4536 -4543 -4553 -4561 -4567 -4583 -4586 -4585 -4596 -4605 -4616 -4626
-3438 -3472 -3531 -3622 -3692 -3731 -3751 -3774 -3741 -3774 -3885 -3904 -3885 -3920 -3967 -3976 -3969 -4023 -4122 -4155 -4147 -4172 -4181 -4211 -4260 -4261 -4262 -4308 -4361 -4379 -4378 -4395 -4412 -4388 -4380 -4408 -4408 -4423 -4451 -4442 -4446 -4459 -4466 -4468 -4469 -4485 -4495 -4495 -4502 -4517 -4533 -4537 -4533 -4537 -4534 -4538 -4553 -4565 -4586 -4590 -4577 -4584 -4603 -4597 -4599
-3519 -3579 -3686 -3780 -3814 -3859 -3906 -3892 -3874 -3909 -3918 -3919 -3925 -3920 -3972 -4026 -4034 -4018 -4107 -4156 -4123 -4145 -4182 -4217 -4245 -4238 -4253 -4295 -4336 -4372 -4375 -4397 -4397 -4382 -4375 -4412 -4415 -4415 -4429 -4427 -4434 -4455 -4453 -4456 -4467 -4487 -4509 -4509 -4504 -4513 -4527 -4520 -4515 -4523 -4525 -4532 -4555 -4581 -4591 -4593 -4568 -4568 -4601 -4590 -4587
-3664 -3702 -3800 -3866 -3931 -3927 -3855 -3873 -3941 -3990 -3967 -3996 -3996 -4010 -4002 -4044 -4070 -4056 -4087 -4118 -4136 -4167 -4206 -4211 -4220 -4260 -4310 -4308 -4324 -4372 -4390 -4397 -4373 -4375 -4380 -4407 -4405 -4413 -4428 -4451 -4477 -4463 -4434 -4443 -4470 -4490 -4514 -4507 -4493 -4499 -4503 -4505 -4518 -4524 -4529 -4534 -4558 -4585 -4593 -4633 -4601 -4556 -4569 -4572 -4605
-3745 -3820 -3884 -3933 -3944 -3885 -3830 -3844 -3910 -3982 -3964 -3931 -3952 -3975 -3986 -4037 -4064 -4079 -4106 -4129 -4142 -4169 -4216 -4214 -4240 -4305 -4328 -4311 -4333 -4362 -4363 -4368 -4370 -4382 -4388 -4408 -4396 -4407 -4422 -4462 -4489 -4441 -4421 -4444 -4465 -4473 -4504 -4516 -4488 -4503 -4509 -4498 -4526 -4546 -4542 -4562 -4590 -4554 -4538 -4583 -4575 -4547 -4560 -4566 -4602
