Resources/Map/Lvl0_30x30/Ele_BJ.asc
ncols         335
nrows         335
xllcorner     10105000
yllcorner     3325000
cellsize      10000
nodata_value  -99999.0
[rows 297 to 323 of 335, columns 122 to 182 of 335]
3916.27 3667.6865 3640.686 3703.1072 3500.137 3650.1733 3965.2837 3503.6631 3455.1709 3474.4331 3498.6531 3535.1187 3469.7478 3517.6316 3482.8601 3656.468 3721.5159 3824.7029 3898.176 4045.0337 3912.2444 3558.5757 2994.7629 3258.3247 2497.4617 3878.8665 2512.3083 2628.7791 2351.0706 1751.9572 2455.6035 3159.583 2938.7649 1804.6373 2163.3013 2179.0461 1539.2582 1215.4526 1868.0789 1899.6781 1823.9451 1665.1315 1774.8455 1652.3406 1544.6815 1685.9807 1371.9012 1225.6136 953.6626 1402.0293 1324.1561 1122.397 954.9077 1094.3384 880.3806 1251.2275 995.6528 1122.2546 1189.7283 893.2227 533.0452
3857.4775 3731.8428 3541.436 3551.7976 3636.7498 3786.9246 3961.9954 3672.7007 3475.4644 3476.4856 3476.5762 3479.6428 3487.1265 3555.0908 3588.7615 3644.8601 3693.8345 3790.5408 3757.6323 4003.6531 3738.2139 3678.9971 3909.1277 3171.2268 3700.9453 3232.9678 3012.8462 2349.0818 1594.6965 1951.6864 2240.0225 2185.2808 2093.9304 2046.5028 2006.4213 1651.8876 1532.3505 2032.3729 2119.1035 1686.692 1710.2336 1940.0254 1748.3539 1229.2277 1196.374 1425.0743 1210.9727 1189.292 1074.7349 1108.7682 1222.5413 1306.5424 1050.9423 721.9771 625.9269 544.6102 541.0606 525.1109 538.0721 534.3623 510.4357
4081.5413 3737.8669 3565.3091 3686.6558 3541.3086 3561.991 3742.01 3672.4753 3664.4167 3497.4756 3693.8481 3714.2305 3621.1865 3595.8801 3493.324 3591.1143 3755.7446 3747.0186 3970.3574 3824.8276 3577.4817 4006.4124 3983.7319 3696.2905 3605.6814 3012.1563 2068.0264 2865.9744 2133.0872 1400.8755 1967.3618 2282.8423 1817.5117 1834.2365 1447.6868 1281.5315 1773.3175 1825.9937 1626.2192 1532.8739 1630.6072 1583.9812 1662.7484 1364.1511 1293.0514 1184.8025 1499.7072 1117.0255 751.7906 1086.525 778.8874 722.7061 688.6499 959.8641 692.3184 795.023 636.9081 540.2519 504.3119 498.0191 508.0372
3779.2034 4034.3989 3871.9277 3814.0388 3677.4248 3537.5391 3793.8765 4049.7959 3599.0674 3610.5193 3763.8772 3772.6384 3885.9893 3684.01 3551.7214 3556.5916 3736.9438 3823.8315 3871.1838 3813.8564 3584.8862 3590.3857 3787.2861 4282.6465 4045.5232 3642.032 2952.4478 2499.0161 3046.8823 2513.8235 1924.3322 1658.6097 1557.9359 2371.6016 2166.0605 1033.5959 1704.8098 1734.2494 2025.4012 1451.8588 1713.8528 1372.3019 1269.5983 1520.2876 1147.068 1132.1875 931.7181 893.5079 833.3286 886.182 1106.9814 1118.6067 785.9974 1033.8544 979.6982 909.5918 574.1083 640.3807 702.2576 684.5367 665.8285
3534.6406 3795.2756 3602.4331 3851.7915 3687.1208 3613.2288 3807.7722 3855.2209 3615.3936 3523.4951 3611.5791 3733.4551 3778.5959 3953.4636 3660.0547 3905.3787 3786.1328 3797.5769 3637.9631 3595.9868 3515.7454 3343.1377 4117.7544 4225.9863 3983.4082 3723.8354 3411.7695 3204.1763 2988.2498 2108.1731 2381.3921 1826.4121 1505.9869 1403.297 1134.0935 1757.5834 1766.7855 1279.4879 1969.8521 1597.4558 1577.6134 1619.9502 1431.6566 1042.4028 1190.5002 929.41 832.8855 1386.183 1039.7628 899.1082 1008.8438 884.2928 919.2141 1450.4368 1726.6124 1101.787 861.0968 684.4154 768.4792 765.7299 700.1938
3801.5171 3359.6824 3708.2886 3607.2229 3866.1985 3893.3633 3984.3188 3744.7686 3498.6851 3566.929 3697.4778 3923.0564 3676.5242 3796.2793 3930.9688 3708.6956 3736.0964 3572.2202 3647.1001 3853.437 3531.7439 3310.2742 4033.5464 3728.968 3588.3384 3585.4041 3607.2031 2560.5959 2746.8835 3497.7458 2509.4993 2389.9023 2252.9172 1926.3751 1609.3007 1839.3787 1474.9481 1501.5007 1143.4698 1303.8329 1157.2111 820.4582 1034.6714 960.1389 882.5211 1115.5157 807.9647 998.285 1282.8956 992.2424 1213.8384 1121.0284 1361.2959 1316.969 1665.1807 1405.9614 1321.2665 910.4659 1338.2858 1205.6925 1140.5828
3753.1584 3511.5164 3473.8005 3559.0173 3898.9626 3646.9658 3656.9004 3713.9021 3705.8081 3768.4941 3801.4243 3817.0618 3964.9766 4081.5024 3777.7517 3582.2124 3657.554 3341.7715 3718.1306 3660.0811 3309.7063 3505.1135 4236.0244 4154.0801 3537.6519 2407.8213 2794.4146 2896.0356 3462.5742 2471.8853 2614.7766 3093.217 2565.4275 2017.9438 2257.6794 1541.7085 1703.9041 1271.379 1624.9512 1246.4122 1294.1205 731.861 892.0306 1079.3065 811.5056 866.8193 925.7386 770.7648 1118.0715 1437.646 1501.7225 1176.3481 1579.7085 1934.9976 1887.1953 1670.3446 1347.04 1729.0188 1861.1821 1633.0414 1485.9729
3746.3564 3522.6626 3825.7327 3742.656 3809.5547 3660.7419 3529.4377 3883.5344 3939.4602 3802.6106 3858.249 4150.54 4109.9399 3950.1382 3527.2417 3786.5278 3878.7803 3667.7229 3618.707 3377.603 3064.8682 3762.1116 3687.9934 4342.7627 3443.6177 2866.2107 2107.3672 1975.4961 3080.645 2364.9827 2231.8804 2044.2217 2421.1548 2140.6199 1955.343 2196.6011 1433.2242 1593.4545 1281.9871 825.5085 679.4341 866.9452 885.4291 1248.7489 810.1093 621.7591 999.134 1360.7562 1450.2501 1531.3287 1459.3458 1304.4733 1202.4484 1428.6982 1706.8588 1592.5502 1579.3416 1429.2849 1244.4124 1705.6537 1354.2844
3810.9177 3922.0791 3622.9006 3596.0818 3734.9602 3743.1299 3626.8865 3722.9829 3805.1602 3899.5283 4122.0513 4187.2109 4247.7212 3865.0898 3468.1553 3751.5369 3790.9265 3768.4768 3323.8113 3641.7156 3297.646 3073.9692 4035.5034 3646.303 3004.7544 2319.3933 2029.6665 1461.4246 1779.1654 2063.011 2215.4102 1767.3756 2742.2705 2214.2896 1394.4503 1337.3694 1007.9294 1142.0631 983.2347 1010.9309 1133.9016 879.7821 756.9724 807.5204 940.9675 717.9286 1011.899 1212.2627 1074.2938 1452.182 1320.4198 1495.9188 1088.401 1274.1874 1821.4937 1583.3417 1167.3605 1317.0325 1306.9774 1343.6018 1049.4525
3945.7158 3746.4465 3740.0027 3653.0935 3658.8167 3875.5107 3669.9866 3593.0938 3869.1296 3999.5679 4419.2539 4027.2925 4271.231 4179.9536 3895.6245 3096.6504 3707.1401 3435.7668 3353.0581 3695.7507 3799.6536 3064.957 3953.9199 4228.7129 4243.4502 3284.8286 2302.376 1383.6986 1698.4221 1427.2446 1818.3501 1482.261 1158.8304 1299.0874 1280.9188 1660.9702 1150.8616 1020.0994 1107.0692 1015.8553 1109.3894 1127.1368 658.5811 812.5668 586.6591 500.754 549.4045 1095.4515 1273.7323 1308.5616 760.5048 772.8071 1176.9995 1164.4385 1282.9539 1200.0627 847.2043 896.6494 1208.0284 1442.634 1258.6023
3890.1338 3918.2659 3773.2483 3779.0481 3873.4783 3859.2915 3718.2505 3802.4275 3779.6165 4248.2866 4320.6987 4216.7324 4081.5632 4409.2671 3691.7332 2974.7554 3622.5205 3307.7383 3510.5664 3365.1458 3257.5757 3093.6633 3272.7007 3897.5764 2925.0466 2549.4644 2608.9734 2541.7456 1707.9938 1767.0854 1689.2377 1551.9156 1284.38 1403.0104 2246.7534 1370.2931 1204.7716 1242.1273 938.6699 958.0692 984.7085 851.4597 752.1232 666.347 681.9046 705.1661 800.3831 782.1413 942.413 1107.1102 908.559 1463.3198 1149.9663 827.6677 948.3187 872.7061 565.0278 1041.5273 919.341 1015.8764 747.6236
3479.5571 3517.7102 3826.9714 3440.6062 3981.0254 4127.1396 4147.4468 3969.3262 3788.9578 4300.7344 4178.6714 4323.7539 3575.3193 4089.3301 3865.7874 2801.1567 3088.781 3631.4976 3601.7703 3828.3435 3892.959 3685.5208 3164.4092 2838.6299 2903.6941 2892.6191 2035.9354 2296.6973 2073.0854 1415.6641 1813.4596 1722.3713 1395.4716 1236.8954 920.5959 1704.3689 1495.3059 1252.5231 1008.2934 911.0862 695.7908 968.2457 859.1153 745.6567 621.9063 828.0082 736.8588 724.5389 581.7967 693.574 560.2665 556.3787 556.0657 566.9559 921.4147 843.726 755.7453 905.5198 816.3566 1076.3883 795.0724
3511.0168 3750.9299 3554.563 2952.062 3089.364 3215.0935 4043.7273 4132.9526 3692.6599 4267.7676 3653.5122 4156.5068 3779.9517 3137.3242 3312.8665 2986.2898 3060.8093 3801.74 3948.2449 3268.4136 3243.375 3688.6196 2957.1873 3230.2449 2735.6436 2715.5823 1385.4431 2191.5381 2057.9961 1454.3097 1076.0449 1311.5316 1218.2528 1521.0403 950.6278 1237.6803 1090.9803 1135.2256 1206.4574 824.5984 746.8325 749.2856 814.6953 752.6661 808.0343 765.3296 652.9019 908.279 974.1328 580.3589 676.7939 939.1545 811.6214 609.5757 753.2783 731.1783 873.2508 706.8278 921.2114 829.1984 719.5028
4136.9956 3503.2444 3480.4817 3911.2866 4224.4507 3785.3635 4196.8164 4532.562 4283.1958 3743.5481 3995.8027 3533.7051 3597.5955 2892.9907 2876.2163 2527.5779 2772.238 3050.8181 3833.0747 3946.7119 3485.6755 2675.5691 3475.6323 3208.4709 2553.0171 2537.0281 1429.5376 1661.8556 2026.2466 1819.0328 1413.9706 1290.8215 1296.3773 1001.0743 1357.4036 1480.6268 905.1475 751.2648 788.1516 811.6361 698.084 647.1024 744.4933 680.0012 729.8971 817.9703 665.9061 689.6083 747.5508 802.8757 850.7061 794.7533 738.2045 474.1661 715.0338 893.2372 682.2659 955.426 906.6859 862.1265 684.5625
4400.396 4285.8745 4061.7715 3168.5413 3401.5015 4133.0854 4408.9941 4213.1382 4214.8022 4156.1465 4124.8564 3889.2346 3812.7317 3789.7207 3533.4873 3844.9775 2994.4915 2341.5244 2741.4185 3526.2458 3866.5952 2867.9724 3592.4507 2370.8945 2907.2388 1864.0062 1758.7871 1460.9216 1199.7457 1095.0016 1502.2532 1086.1075 939.8845 1586.3081 1189.1262 665.8683 644.4207 669.9387 721.1648 719.1069 679.4645 608.432 706.2134 785.8766 625.2548 802.5076 708.6146 968.8442 780.8326 465.9203 740.8985 554.3685 719.6154 731.6449 750.1835 896.3767 562.0891 924.6863 566.4116 657.4553 651.4697
3902.9443 4205.9609 3498.0635 3121.822 3244.9175 3084.4094 3519.4299 3213.9504 3445.9231 4217.6104 4247.9482 4303.8906 4551.5728 4055.4766 3896.9214 3416.0781 3468.9558 2802.4258 2667.2432 2367.9104 2747.9797 2608.2412 3145.856 2904.6169 2703.7251 1882.451 1644.5728 1588.8916 1048.0887 898.5089 1291.441 1076.6887 1494.9745 832.202 680.829 661.5306 627.2831 626.9815 589.3131 582.5986 727.7957 679.8801 720.3754 541.8214 636.8431 493.5746 728.4128 587.183 474.1358 530.763 586.5555 671.6404 673.704 583.6765 648.4889 626.597 543.4183 400.2003 457.5094 543.2448 568.7949
3381.7297 3413.376 3430.9124 3995.0549 4303.585 3918.6721 3847.3831 4354.7339 3850.4731 3960.571 3725.2109 4413.9663 3924.9087 3852.3591 4084.1782 4381.1758 3862.9773 3258.5989 3823.7073 3297.926 2646.2151 3049.4448 2219.9121 2236.5002 2164.239 1814.8143 1170.0391 1322.2681 1764.7942 1273.0571 1207.371 895.4943 623.1522 550.1841 602.5476 634.3168 591.663 567.4603 640.5027 680.8176 550.9608 548.8596 640.8573 587.1229 683.5889 572.1275 474.4043 467.1888 430.789 509.9423 512.7844 505.4876 517.9119 470.8516 370.6447 451.2362 468.2584 500.3691 467.4246 577.6298 576.9636
4271.7778 3759.6221 3651.2781 3045.728 3963.1877 3865.8108 4209.7324 4203.9248 4054.7097 4514.8291 3960.3528 3542.0298 4430.3779 4079.9622 3328.3972 3239.168 3997.9673 3897.957 3576.7102 4143.6689 3656.8374 2949.0945 2996.3513 2496.3347 1979.3157 2513.9927 2237.3186 1818.7487 1228.7098 1005.9322 1133.2915 634.2826 513.5275 543.5315 557.9685 582.9524 571.5277 561.4359 554.903 654.9778 521.2291 568.6083 636.9424 589.0617 612.7608 561.4997 435.7191 610.6047 519.1537 647.9111 439.2182 632.5949 568.9528 424.765 498.1102 399.0301 443.2225 410.9547 525.495 607.7598 611.4128
4222.3052 3341.6494 2924.7795 2470.7849 3945.2769 4507.8228 4191.5522 4241.9375 4259.6729 4327.7813 3951.9512 3267.4414 3935.7419 3786.1816 4060.9868 3415.7764 2661.8806 2833.2659 2832.0024 3040.084 3049.665 3127.7905 2182.7864 3049.8201 3478.1694 2335.5288 1756.1277 1119.0931 824.4937 656.0812 569.0381 556.5511 510.5965 534.5541 529.6106 561.5964 526.381 498.4297 533.5295 612.7901 592.0059 552.4517 582.066 545.7083 519.3772 437.7788 449.6169 410.2185 509.1114 423.5168 428.2122 429.4894 446.6201 454.9977 471.2914 445.8017 559.343 516.3115 436.8324 594.6058 389.4895
4164.751 3345.1641 3944.1528 2460.6943 2937.6418 4453.5156 4617.8252 3526.2007 3486.4451 3933.7939 4192.1606 4083.9224 2967.9031 3362.4517 4094.3413 3785.6121 2256.4602 2271.7419 2485.864 2217.6792 2578.9949 1961.291 2536.9038 3855.7305 3309.3936 2094.1931 1369.49 983.8539 607.9053 571.8713 589.6728 501.2842 524.5029 515.1114 519.7296 519.0524 509.5164 527.9612 539.8023 550.6006 565.9651 598.5978 505.0664 508.3753 490.7511 502.8405 407.4304 368.1971 367.4469 407.4716 545.7993 450.1442 410.0119 458.8122 445.9738 506.5246 437.9645 539.2598 569.9175 580.2437 684.8661
4295.7656 4123.5933 3692.1196 2692.2017 3285.1489 4280.1567 4358.209 4495.9019 3344.3774 4454.0747 4541.52 3928.8928 4244.9336 3868.2214 2910.7065 2496.8662 3083.7637 3333.9705 4078.2205 2644.0222 2110.3879 2873.5747 3673.7173 3219.3086 1959.6876 1738.7272 1349.8125 635.4901 584.2429 547.876 543.1682 534.5444 468.8028 460.5418 518.2579 494.6911 463.1791 459.0445 480.4693 512.7415 569.1591 532.7317 530.9754 484.1404 402.3115 405.3601 407.3763 369.7156 416.2992 439.639 418.6327 413.1598 506.822 396.0998 465.5801 475.5375 484.8834 473.5799 411.0754 440.0033 410.2278
4268.8647 3455.1545 2704.4839 3416.1558 3872.3105 4380.769 3803.7063 3676.5684 3350.7505 3595.3606 4485.1489 4245.0532 3443.5703 3775.5051 3914.9346 3921.8347 3549.2825 3186.4968 2718.3726 2132.5007 3484.8372 3493.2092 2688.4695 2505.8767 1699.2045 979.9532 680.3635 589.3437 559.9795 534.3958 524.1372 522.7645 495.4667 469.2166 432.2977 475.5817 469.5228 476.1231 498.5656 501.7929 554.277 490.5273 486.7797 430.1024 401.3645 380.4713 354.3886 373.3908 368.5764 392.5542 382.9811 425.6645 391.8101 472.3846 408.2848 469.4383 489.3667 428.5257 430.6252 378.152 419.9229
4251.7773 4343.7695 3552.0137 2740.4443 3462.96 4094.2981 3538.1248 3396.082 3702.3735 3787.5979 4395.3198 4736.7007 4163.7056 4377.6255 4883.6733 4671.2583 4275.4683 3204.1013 2141.6973 1662.0752 2520.5566 2152.3057 1805.6926 1485.7209 1211.979 702.4602 591.6812 532.4491 525.1377 505.6395 540.3286 524.5803 500.1201 470.5735 433.5679 418.8265 487.0833 488.4265 460.101 464.0395 457.3833 474.7366 469.5608 467.2351 422.246 382.5342 380.8882 370.0212 363.0334 369.8901 342.3705 429.8633 423.256 378.0014 557.8517 412.602 502.0733 546.0478 598.8971 474.331 416.8482
4455.6016 3444.8499 2819.4363 2977.095 3952.4873 4399.9351 4210.625 3531.0837 3895.2095 3812.2297 4756.6987 3953.8574 4567.7769 4223.2295 4005.7363 3390.0759 2952.4265 3056.218 3080.9167 2063.7148 2486.6304 1695.7665 1288.4501 1032.4611 904.1628 584.4938 549.5635 510.7286 491.8353 489.47 543.7874 541.465 484.1048 464.2104 445.0383 444.369 405.1017 465.4037 455.5069 452.2127 428.3165 423.9779 431.103 404.3361 407.1194 387.4431 388.0749 367.6767 365.3356 361.3146 333.7955 441.0761 354.298 421.2482 375.1388 419.5066 434.4803 455.9438 522.2065 361.0939 319.8618
4290.2412 2623.7126 4303.5811 4312.9478 3124.3191 3450.4592 3260.9727 2674.9072 3461.7295 4161.3262 4539.5947 4111.7598 4599.9004 4669.5112 3885.1738 3889.3425 2506.4744 2136.4875 1690.6827 1741.4412 1356.2717 1005.6284 823.0455 774.1528 635.0281 563.5442 517.2496 485.3847 472.0283 464.7312 572.0715 596.486 426.6804 461.6169 452.7794 424.7743 424.8249 388.0613 417.048 445.4078 429.3252 404.5912 420.6564 442.3793 400.9733 388.3605 384.5956 344.1239 334.4942 357.4905 390.8273 331.975 381.8558 335.9317 330.0544 311.7856 391.1939 444.0179 344.9417 343.996 315.8492
3909.7441 2525.1497 3995.5359 2877.5225 3058.6855 3138.3655 2723.5078 3124.7847 3495.157 3169.7815 3570.4897 3682.3352 3757.7922 4201.6704 3359.0066 2705.0422 2502.293 2706.8645 1939.7368 1229.6056 909.4169 687.4225 644.3973 639.0455 594.4362 541.9716 499.2137 474.2811 460.4742 456.0104 609.6929 734.377 450.2903 442.0646 430.7459 425.3626 437.6722 438.9811 435.6478 392.1821 405.3098 430.8875 405.3614 391.0114 372.6947 382.9771 393.5915 353.0645 330.4492 428.6076 304.3749 338.4388 340.3963 391.7558 477.5879 362.2238 301.6224 309.2715 400.3646 261.8859 439.498
2978.636 2183.1084 3099.1772 4170.0327 4122.3569 4509.9829 3962.3911 3446.8464 4214.8945 4090.5786 4102.7334 3683.866 3938.2913 3641.3201 3580.5535 2705.3745 2188.0952 1588.9216 1494.8966 1258.7507 720.3967 652.2117 618.5146 575.8485 544.7692 518.7053 490.8957 469.5388 447.5407 443.6739 620.6475 591.3581 460.5972 481.6893 475.8667 432.4074 451.9193 436.8111 414.4528 404.1136 378.6424 417.3143 368.3217 396.1378 360.2781 343.8082 379.0246 327.6473 328.665 313.7369 345.2666 364.2319 360.7903 365.8954 378.7245 365.0469 362.9618 273.9123 280.0081 355.3361 745.9092
