Resources/Map/Lvl0_30x30/Ele_FA.asc
ncols         335
nrows         335
xllcorner     -20045000
yllcorner     -10075000
cellsize      10000
nodata_value  -99999.0
[rows 260 to 285 of 335, columns 58 to 115 of 335]
-703.8918 -703.1761 -702.5304 -702.2012 -700.1349 -696.4352 -692.4119 -688.3555 -684.3328 -680.3009 -675.3832 -670.2731 -665.1187 -660.0027 -654.8693 -649.7336 -644.6221 -639.4871 -633.376 -628.1786 -622.0768 -616.813 -610.6552 -604.5005 -598.5118 -593.376 -588.049 -581.9019 -575.3306 -567.2054 -558.8149 -550.0128 -542.8593 -538.0859 -533.9722 -529.878 -525.4038 -521.1648 -519.4172 -520.248 -521.1262 -521.9771 -523.2607 -524.1065 -525.0486 -526.0604 -527.0982 -528.767 -530.1265 -531.8116 -533.7865 -535.0303 -536.7462 -537.1608 -537.9584 -539.0012 -539.1965 -540.1183
-747.6027 -748.8557 -748.9683 -749 -748.9669 -748.9531 -747.4872 -744.7186 -743.215 -741.3285 -736.8384 -731.8241 -725.0443 -719.7529 -713.7639 -707.724 -702.522 -696.6037 -690.6013 -683.6386 -676.6198 -668.7603 -661.7976 -654.9484 -648.9119 -642.8676 -636.61 -630.026 -624.8242 -618.8478 -613.1735 -608.1788 -603.1165 -598.038 -592.9451 -588.6802 -585.2983 -581.3262 -577.8161 -573.9128 -568.4232 -561.8651 -554.8066 -548.8268 -546.5457 -546.9926 -548.4733 -549.6718 -550.5021 -550.6672 -549.8035 -548.7073 -547.6732 -545.9018 -546.2545 -548.0978 -549.2896 -551.9373
-732.7867 -737.2355 -740.5106 -741.7233 -741.3896 -741.3972 -741.0308 -739.5514 -737.5698 -734.7092 -731.643 -728.5769 -723.806 -719.6708 -714.7261 -710.5698 -704.6733 -702.585 -699.5972 -696.6741 -693.8106 -690.8203 -687.8947 -684.8525 -680.9852 -677.0204 -672.4526 -669.1861 -667.4686 -665.204 -663.6516 -661.4963 -657.922 -654.074 -649.9634 -647.5689 -646.543 -645.3348 -644.5311 -643.2047 -640.4405 -636.2176 -631.4915 -626.7713 -622.63 -620.0709 -618.2643 -615.6871 -612.6448 -609.4827 -605.655 -603.0511 -601.7712 -600.7491 -600.4798 -601.8989 -602.9269 -602.9341
-576.6705 -595.1828 -610.8503 -620.4897 -627.0452 -633.2357 -640.2032 -645.4044 -646.2655 -644.2206 -641.482 -638.8494 -635.3634 -632.6428 -629.1967 -625.6639 -622.219 -621.3079 -619.7467 -619.2245 -619.5746 -618.1595 -617.6097 -617.143 -616.8101 -617.2729 -617.9269 -620.3622 -626.2092 -631.4119 -636.64 -641.3871 -645.1176 -649.4834 -654.1168 -658.908 -663.5929 -668.0602 -670.4927 -671.7491 -672.911 -674.1201 -674.876 -675.7195 -677.0193 -678.8737 -680.4709 -679.8938 -677.5753 -673.5466 -669.6193 -667.3438 -666.2723 -665.4354 -664.5253 -662.8407 -661.6797 -659.9417
-303.0916 -324.99 -345.1246 -365.0629 -389.6237 -417.1378 -445.6592 -475.0768 -496.6899 -504.1234 -506.4293 -509.8921 -512.9752 -516.7534 -520.6356 -523.7713 -527.6019 -529.5981 -533.4683 -538.2869 -544.1422 -549.0346 -554.0184 -559.832 -565.7464 -571.6608 -577.7664 -584.5135 -590.7516 -597.717 -605.0162 -612.9747 -620.9332 -628.9305 -636.2688 -642.5562 -649.5356 -656.5348 -662.2028 -666.3877 -669.4162 -672.5552 -675.992 -679.4967 -683.289 -686.8268 -689.5937 -691.9705 -693.1472 -693.1686 -693.7399 -694.647 -695.6401 -696.6621 -696.9667 -697.0817 -696.4401 -696.3256
-101.2872 -110.0557 -118.568 -128.3571 -147.2439 -173.4579 -200.652 -227.6839 -252.6521 -269.3624 -285.5457 -303.3584 -322.1833 -341.1288 -359.8254 -372.2368 -383.455 -394.1762 -405.6283 -417.2799 -430.4458 -442.6378 -454.7173 -467.0285 -480.1162 -493.2494 -506.8284 -521.3785 -536.0055 -550.8188 -566.4244 -581.8306 -597.2368 -612.9421 -628.5968 -642.3914 -653.9617 -663.7505 -673.2232 -682.2824 -689.5724 -693.6605 -695.8657 -697.3295 -697.6879 -696.1101 -692.8004 -689.136 -685.4303 -682.2824 -680.6619 -679.6638 -679.8778 -681.1215 -682.7722 -684.4803 -686.074 -686.8879
-31.5903 -37.2274 -40.7336 -44.6543 -48.211 -53.9605 -62.6706 -72.455 -82.3563 -92.8192 -107.8008 -126.8338 -146.3091 -165.4801 -183.1949 -197.5609 -212.6508 -231.5455 -249.8672 -269.1484 -287.2501 -304.6464 -321.6455 -339.5244 -357.1234 -374.9814 -394.4984 -415.927 -438.6706 -461.4301 -484.9216 -507.0689 -529.8062 -553.2504 -576.8968 -600.0101 -620.3771 -635.5251 -647.2614 -658.0997 -668.945 -676.6266 -677.2572 -672.8009 -666.5594 -660.3985 -653.5188 -646.6346 -639.2315 -630.7205 -621.9061 -613.7179 -609.2288 -611.1165 -618.3276 -627.4412 -636.045 -644.642
-46.7592 -52.068 -53.3034 -52.9828 -52.4502 -51.9737 -55.0656 -60.9411 -67.5815 -73.6315 -80.3513 -84.4243 -88.0266 -90.1508 -92.5142 -94.922 -97.7824 -107.7265 -117.9992 -128.8605 -138.1614 -148.5441 -160.4095 -172.9881 -184.0921 -195.027 -205.3002 -217.532 -234.6788 -253.8676 -272.3248 -290.2507 -311.0975 -335.6662 -361.8017 -387.3269 -412.1754 -433.4479 -446.9473 -455.0912 -462.7876 -469.7759 -474.3589 -474.1697 -471.0614 -467.6273 -464.2667 -461.4436 -457.1357 -448.2214 -437.2094 -426.3004 -417.0192 -414.7166 -427.5518 -451.3156 -478.9206 -508.134
28.0663 23.8709 24.4362 24.628 19.512 12.1306 4.8739 -0.7282 -6.3089 -10.7212 -14.6385 -17.8314 -24.2509 -31.0191 -34.7993 -39.6018 -43.147 -48.0121 -49.2609 -50.3557 -53.5013 -57.9298 -61.6673 -65.9565 -70.0105 -72.6321 -75.3501 -79.6148 -86.4652 -96.6811 -105.5615 -113.7233 -120.6177 -127.5749 -137 -148.3394 -158.68 -167.8552 -175.7128 -180.7526 -183.4148 -184.6158 -185.4855 -186.6674 -187.0137 -187.7445 -188.7171 -187.966 -185.5213 -181.5444 -175.3203 -169.8555 -167.2422 -165.7165 -167.0335 -181.0363 -208.3713 -240.7837
368.111 395.3372 416.4398 420.2789 400.1999 369.2437 335.5517 303.4276 278.7564 264.191 256.8014 254.9285 258.0885 257.4031 259.0284 251.7857 241.7891 237.0894 232.2837 224.1674 208.3376 191.7172 174.6686 157.6314 142.371 131.7261 113.8912 91.3252 68.0025 44.9682 23.0794 4.9733 -8.9271 -22.5537 -36.98 -50.4991 -59.9022 -65.4795 -70.5694 -75.6789 -80.0006 -83.625 -88.7015 -95.0549 -101.6688 -109.5599 -117.2001 -117.8349 -112.9174 -106.5368 -99.9409 -94.3357 -93.6065 -94.9235 -96.6694 -99.039 -105.7054 -116.6048
695.5483 708.0493 713.7601 704.0287 674.3785 634.6293 598.869 583.2156 589.1147 611.4075 645.6913 681.0969 725.9999 754.6306 770.236 771.7949 760.8563 746.35 726.5688 704.502 683.4485 662.4409 631.9264 603.9312 583.7848 562.538 524.5709 480.6202 435.423 392.3488 351.743 312.7734 282.35 259.0262 240.8066 223.4155 205.0119 190.3826 181.9874 173.789 159.7557 143.927 130.2716 117.3185 102.3628 85.9944 71 56.2576 44.5736 41.3119 43.7821 45.0254 42.5593 39.9855 36.9208 30.9662 17.1041 3.2811
1249.533 1256.1669 1252.4149 1249.7327 1249.6456 1242.0382 1233.812 1227.0339 1225.1198 1222.4674 1235.0891 1234.3561 1235.2838 1240.0917 1247.007 1264.2446 1261.1248 1222.8684 1183.4166 1147.7418 1119.1581 1071.1343 994.279 933.5805 890.0436 847.1428 801.4509 766.5168 730.6599 696.11 657.1526 604.8113 559.2934 541.778 553.1951 562.6033 546.9894 529.366 543.3398 564.6195 559.8145 538.7313 521.3018 510.226 499.442 492.2758 493.7686 490.7774 478.9525 481.4712 500.2408 508.7355 503.9149 494.2452 482.0771 465.4343 426.7041 387.5586
1914.0713 1970.7264 2013.5807 2071.876 2174.125 2274.1206 2348.4744 2334.7253 2239.7627 2097.4282 1965.6465 1849.0933 1776.3595 1705.0833 1641.574 1601.6642 1583.9961 1540.3547 1486.0093 1447.5581 1423.0037 1381.0334 1324.1716 1259.2672 1214.1338 1166.0902 1113.2285 1067.6127 1026.8579 995.6221 944.9316 892.4748 867.9381 877.6949 927.3008 972.0219 960.647 928.8588 933.5093 960.5909 971.2026 951.0842 928.6599 922.2281 923.4657 937.564 960.8093 977.7292 982.1484 975.9621 965.3642 940.3575 901.1146 859.6727 817.5962 773.287 730.1295 703.7528
2035.2153 2145.0574 2239.8809 2303.9451 2366.1091 2484.8594 2695.1211 2882.2703 2933.4705 2886.6772 2805.1431 2722.9363 2661.0037 2571.3376 2459.3264 2346.5862 2282.1653 2220.3206 2167.7466 2130.574 2087.0581 2031.8998 1985.3292 1917.7837 1893.6606 1869.2952 1832.9415 1785.1825 1732.2585 1738.7172 1718.6567 1668.8182 1625.4 1575.0353 1537.0979 1519.8046 1501.7362 1471.66 1440.4761 1418.3459 1397.434 1377.098 1373.5776 1380.2452 1380.5789 1382.2477 1389.6522 1414.12 1449.8662 1442.7715 1409.3136 1369.022 1326.6277 1271.1691 1183.6062 1098.3561 1022.3406 998.571
1799.3308 1881.5562 1957.0732 2033.66 2111.4199 2205.2791 2329.2375 2492.1592 2620.0718 2658.8171 2640.0383 2616.2654 2591.5818 2562.5034 2508.4219 2455.8728 2400.1165 2363.6897 2367.4707 2374.2981 2374.6787 2380.6685 2405.3718 2449.7739 2530.9382 2631.2383 2721.2864 2766.0957 2790.582 2851.0305 2885.364 2883.2432 2841.9624 2765.1094 2692.6729 2653.2661 2631.1309 2621.2141 2608.1484 2552.1221 2435.9639 2299.3184 2207.2095 2144.979 2080.7285 2012.0647 1947.3546 1911.9142 1864.9077 1759.1602 1640.9983 1530.7644 1437.368 1355.6368 1277.7432 1209.2473 1135.0928 1075.7634
1523.6029 1608.9069 1696.0372 1779.3025 1839.1857 1882.1478 1927.7826 1971.4133 2009.6779 2014.1017 1985.4884 1967.9553 1966.1379 1945.6605 1915.4729 1899.0229 1877.6865 1885.8751 1924.9823 1966.726 2059.6145 2164.2058 2263.74 2367.4485 2472.5801 2594.7949 2735.2979 2858.8767 2970.5354 3048.0054 3107.6396 3163.0872 3207.1304 3226.5405 3230.7273 3213.3992 3181.0637 3199.6479 3232.217 3195.5493 3097.7888 2980.7759 2889.7871 2820.7471 2746.7861 2660.5 2556.8284 2417.8867 2252.7563 2073.6821 1912.9136 1799.8682 1726.2223 1659.4648 1570.6366 1461.6406 1357.7772 1256.2208
1850.9679 1905.7073 1948.767 1997.4369 2042.033 2062.1714 2073.1589 2081.8523 2099.7354 2116.249 2122.0605 2127.8181 2125.4766 2108.7874 2087.1665 2060.4749 2037.3079 2060.76 2107.9141 2158.5583 2265.2925 2382.0957 2493.3213 2590.6812 2642.4561 2682.1226 2725.1482 2765.1326 2801.573 2823.6018 2838.0327 2854.8879 2870.1038 2882.7051 2889.2205 2866.7212 2805.6287 2737.5098 2678.9651 2629.1226 2581.6094 2547.2771 2547.7498 2558.0564 2533.4241 2491.3257 2456.0698 2389.8889 2284.0806 2165.0227 2074.7253 2025.7979 1994.1185 1948.9613 1851.6055 1715.2073 1586.972 1461.8988
2334.6309 2372.2424 2400.9136 2435.6472 2471.6294 2505.7864 2533.0564 2555.0691 2569.3047 2579.3066 2585.3804 2581.5479 2558.7949 2525.3557 2490.3237 2446.6438 2399.1699 2382.9009 2387.228 2396.4412 2402.4604 2413.2542 2418.0156 2415.6816 2408.9753 2403.9683 2404.3352 2409.5686 2414.6091 2420.1245 2427.6104 2438.4124 2441.7188 2438.2148 2432.8269 2423.0923 2404.3369 2385.6057 2382.1304 2389.385 2400.2937 2413.624 2419.2744 2379.8308 2285.4836 2166.6221 2042.5096 1916.7247 1794.762 1696.3369 1631.5693 1599.618 1590.7366 1593.6023 1589.6096 1574.4238 1561.5201 1567.6259
2403.9004 2447.5693 2471.5232 2490.1379 2509.7607 2530.6929 2552.1157 2572.8286 2580.2085 2574.7766 2564.4094 2552.9614 2538.4829 2520.2349 2501.5583 2483.6755 2466.4187 2448.614 2430.7603 2410.5183 2384.7563 2359.949 2336.7666 2312.7903 2289.9919 2270.0168 2257.5107 2252.7102 2249.8655 2246.9131 2243.3157 2237.1011 2223.3306 2202.2139 2181.6462 2162.73 2144.8577 2131.4504 2128.2361 2132.2229 2137.3057 2143.3088 2149.4165 2147.4333 2122.4375 2077.761 2021.6321 1957.879 1893.4486 1832.8132 1788.0588 1764.1 1764.9727 1789.5876 1823.7842 1858.2573 1888.6975 1934.8115
2386.2498 2434.5447 2466.8293 2495.2419 2527.2825 2561.7808 2594.9814 2626.2166 2643.8774 2636.3196 2612.8274 2585.8953 2558.6443 2531.0869 2504.3079 2478.2573 2452.6838 2426.259 2400.2402 2373.2295 2346.5481 2320.3052 2296.4587 2272.572 2249.0405 2224.8032 2201.8472 2181.2039 2162.8962 2147.3147 2134.03 2121.7256 2108.6968 2095.2227 2085.175 2078.0586 2071.9995 2065.502 2059.1309 2053.3831 2048.2004 2045.2928 2044.7188 2044.7865 2045.6852 2045.5226 2040.4395 2029.9144 2016.9767 2004.0836 1992.1785 1982.1844 1978.3458 1987.829 2010.5073 2040.4513 2074.3757 2111.8145
2234.2637 2254.7378 2274.9561 2299.5698 2330.9875 2365.8721 2400.9175 2435.8755 2467.8599 2482.979 2476.915 2460.9395 2443.4685 2425.3882 2408.2332 2390.6702 2374.0386 2355.4722 2335.5105 2315.02 2295.0986 2274.6726 2255.3149 2236.3938 2216.9792 2197.1067 2177.3877 2158.2654 2140.603 2126.5615 2117.7805 2111.9883 2107.0452 2102.125 2097.8813 2094.4463 2091.6914 2087.7974 2084.2976 2081.3687 2078.416 2075.5032 2074.032 2073.7275 2075.2129 2078.1548 2081.0173 2084.2517 2087.6606 2091.0435 2095.0913 2100.5032 2106.3242 2112.8718 2120.5068 2132.7761 2149.7959 2167.9634
2224.7012 2225.5386 2226.9023 2230.925 2241.592 2256.1628 2270.967 2285.241 2299.3862 2311.4502 2316.9299 2315.3362 2310.8999 2307.0896 2302.4998 2298.2769 2294.5903 2289.9055 2282.582 2273.7239 2263.4631 2254.1655 2244.8179 2234.9612 2224.7126 2214.7183 2204.1545 2194.8308 2185.6392 2177.2097 2170.5662 2166.0686 2162.8687 2159.6536 2157.115 2154.5891 2152.2695 2149.7917 2147.196 2145.6472 2144.8669 2144.575 2144.8071 2145.3015 2147.0098 2150.5195 2155.2727 2160.7112 2166.9919 2173.2808 2180.5049 2188.9529 2198.0596 2208.4829 2221.219 2234.9011 2248.2419 2262.3696
2245.1162 2250.084 2255.2402 2260.3965 2266.2512 2272.7783 2277.9409 2281.3853 2284.0498 2286.6082 2289.1692 2291.3044 2292.041 2293.0166 2291.7278 2290.6697 2289.6477 2288.1235 2286.574 2283.4756 2278.8152 2272.6421 2265.9941 2259.2935 2252.2119 2245.5649 2239.1165 2233.5996 2228.6147 2224.1428 2220.0662 2215.8337 2211.3923 2207.6497 2204.7695 2202.0276 2199.1719 2196.8352 2194.3418 2191.9895 2190.6978 2190.7078 2191.4495 2191.9546 2192.1626 2193.0625 2194.8906 2197.2275 2200.7603 2204.8215 2209.6067 2213.9434 2218.3748 2223.7197 2230.8896 2240.1592 2251.1094 2262.7495
2226.1436 2235.5432 2245.0908 2254.8284 2264.1931 2273.7756 2282.4492 2288.4202 2293.2673 2297.5313 2301.6755 2305.366 2309.0198 2312.6812 2314.5398 2315.7129 2315.823 2315.4102 2315.4629 2315.5017 2314.9634 2312.4385 2307.9197 2302.8726 2297.7195 2291.9019 2287.2861 2282.4336 2278.3584 2274.7056 2272.1785 2269.3667 2266.1973 2263.7075 2261.1602 2258.7825 2256.3269 2253.8992 2251.1865 2247.5198 2244.3975 2241.4932 2239.0845 2236.3311 2232.8186 2228.7456 2224.7661 2220.6833 2217.0654 2214.1045 2211.6367 2208.219 2204.3889 2200.9304 2196.7754 2193.9753 2193.1958 2193.2075
2234.0085 2241.6946 2249.8708 2259.1589 2267.7231 2276.5271 2285.6248 2293.6777 2301.3933 2307.0271 2311.2158 2314.3425 2317.7056 2321.6284 2324.689 2327.2266 2328.3228 2328.2539 2327.5957 2326.9333 2326.271 2325.4993 2323.3057 2319.8352 2316.4749 2311.5171 2307.2419 2302.5925 2298.0488 2293.8345 2289.8516 2286.6846 2283.6636 2280.9912 2278.0183 2274.5662 2271.2139 2267.7817 2263.2478 2256.4426 2248.9858 2241.0073 2233.0723 2224.7947 2215.8555 2206.7012 2198.0339 2189.3977 2180.9304 2172.6533 2163.9807 2155.2153 2146.0579 2137.6223 2129.0818 2120.4451 2112.1921 2104.8901
2262.9949 2267.9595 2273.2083 2279.1982 2284.8718 2290.5872 2296.4282 2302.2695 2307.657 2312.3303 2315.1792 2316.801 2317.7571 2318.5049 2319.3677 2319.7024 2320.1333 2319.1528 2317.0989 2313.845 2309.4995 2305.658 2301.3523 2297.5596 2292.616 2286.8254 2280.3291 2272.884 2265.573 2258.4543 2250.6509 2243.4043 2236.7964 2230.3323 2224.7734 2219.3789 2214.2368 2208.3975 2202.2322 2194.5015 2185.1631 2175.3027 2165.4612 2155.2588 2144.9358 2135.1226 2125.7571 2116.2783 2106.1592 2094.9961 2083.1538 2071.0764 2059.0681 2047.3217 2035.1812 2023.3927 2013.1743 2003.6217
