Resources/Map/Lvl0_30x30/Ele_DF.asc
ncols         335
nrows         335
xllcorner     -3295000
yllcorner     -3375000
cellsize      10000
nodata_value  -99999.0
[rows 25 to 49 of 335, columns 228 to 284 of 335]
-3927.3472 -3934.4756 -4040.7751 -4135.7964 -4114.0776 -4099.7969 -4184.665 -4302.7095 -4312.1763 -4273.9087 -4327.7759 -4407.0825 -4387.7173 -4298.1782 -4379.9385 -4495.2432 -4542.0923 -4663.3208 -4601.9692 -4490.0942 -4512.7319 -4484.8198 -4466.2422 -4606.1245 -4484.3281 -4461.1641 -4562.585 -4535.9326 -4541.2261 -4609.3467 -4791.1055 -4834.3643 -4680.6938 -4655.021 -4857.686 -4981.1553 -5029.0356 -5083.9443 -5082.2036 -5007.4937 -5064.7549 -5070.8721 -5077.9741 -5054.3677 -5048.4702 -5068.27 -5095.2227 -5060.7461 -5027.1328 -4981.585 -4892.9028 -4848.458 -4838.9014 -4784.3457 -4770.1846 -4893.4458 -5010.2705
-3929.0754 -3978.1533 -4094.7581 -4187.5415 -4241.8887 -4224.7373 -4220.3638 -4346.3652 -4412.6484 -4391.7222 -4470.521 -4542.5781 -4464.8364 -4323.1484 -4265.0391 -4349.4272 -4527.458 -4663.7319 -4623.0581 -4546.5479 -4618.3281 -4592.0493 -4458.5239 -4546.3589 -4545.6748 -4443.5249 -4469.791 -4491.3628 -4541.3408 -4593.0483 -4806.6675 -4794.0137 -4689.666 -4627.8447 -4799.9746 -4877.1592 -4975.4468 -4977.6177 -4951.9561 -4907.7847 -4934.5698 -4907.6631 -4922.1978 -5086.3794 -5019.3589 -4878.8345 -5002.127 -5043.9795 -5042.3955 -5024.6367 -4909.6392 -4836.751 -4776.2671 -4778.5825 -4774.6685 -4831.6748 -4913.4033
-4095.7405 -4180.793 -4247.1841 -4286.7124 -4270.8945 -4228.5684 -4241.0684 -4368.2183 -4443.6382 -4376.1929 -4377.2671 -4453.8799 -4431.606 -4375.0488 -4261.4614 -4169.6968 -4352.1343 -4632.6953 -4704.0542 -4621.4614 -4657.3511 -4637.8931 -4454.4883 -4541.2476 -4642.4902 -4490.5034 -4459.5083 -4509.9238 -4587.8271 -4523.1875 -4683.7383 -4733.7397 -4627.751 -4617.8838 -4699.1787 -4781.0552 -4948.7041 -4934.7461 -4973.1665 -4912.8013 -4859.7285 -4845.147 -4844.8315 -4916.9834 -4677.0176 -4496.3628 -4759.3081 -4953.9556 -5001.9629 -4954.7969 -4846.4712 -4849.5166 -4807.8833 -4772.2964 -4750.7383 -4785.2979 -4851.7637
-4361.0098 -4333.3242 -4228.9829 -4153.7388 -4011.6675 -4009.8521 -4119.165 -4316.3857 -4395.8696 -4219.9238 -4116.1763 -4204.3438 -4288.4165 -4350.0156 -4320.8369 -4216.5879 -4235.4336 -4431.7227 -4546.5337 -4539.3501 -4576.605 -4556.6665 -4427.6104 -4520.2119 -4618.8101 -4485.6763 -4493.665 -4541.1611 -4579.5337 -4511.5044 -4592.1953 -4699.8638 -4605.7563 -4677.8062 -4656.334 -4733.4297 -4910.9746 -4891.1367 -4982.0522 -4926.5532 -4808.8682 -4927.251 -4999.0713 -4871.8062 -4602.2061 -4461.5547 -4605.5254 -4823.1919 -4921.4033 -4815.7876 -4715.3364 -4786.8486 -4840.3716 -4817.3936 -4772.0635 -4753.5947 -4820.7334
-4259.9629 -4085.376 -3943.3477 -3908.9424 -3770.0833 -3770.0554 -3912.1343 -4109.1978 -4185.478 -4040.8015 -3993.7195 -4088.8787 -4181.6606 -4296.3721 -4362.8745 -4359.1177 -4325.1787 -4327.8062 -4316.1846 -4362.5122 -4418.1484 -4405.6787 -4374.4438 -4389.7134 -4482.5962 -4444.1978 -4459.1167 -4490.436 -4507.8442 -4587.7632 -4532.8433 -4671.8062 -4625.3398 -4686.8184 -4684.8154 -4667.355 -4800.0732 -4924.2998 -4946.1792 -4899.9121 -4742.668 -4868.1587 -5016.6587 -4955.335 -4913.6802 -4828.9268 -4688.9072 -4747.1011 -4863.3486 -4671.9805 -4549.3936 -4633.0542 -4752.8506 -4845.0151 -4849.7427 -4748.6401 -4743.3076
-3740.5439 -3714.3545 -3757.6709 -3871.7852 -3888.6685 -3844.6956 -3895.2283 -3975.2866 -3973.3591 -3938.24 -3990.4111 -4057.5889 -4110.0073 -4204.002 -4288.5796 -4378.6782 -4435.1152 -4461.9561 -4384.561 -4338.7012 -4353.2734 -4373.563 -4396.707 -4337.8979 -4403.1777 -4418.7861 -4386.3984 -4363.0518 -4392.9487 -4599.5605 -4467.9805 -4543.8828 -4589.2876 -4612.418 -4636.9834 -4548.4346 -4628.186 -4864.6836 -4902.7944 -4895.0454 -4700.4575 -4764.3882 -4957.7007 -4942.5469 -4925.9194 -4968.332 -4793.498 -4743.0947 -4887.522 -4682.1055 -4533.1421 -4641.2104 -4712.521 -4769.897 -4807.415 -4730.606 -4674.3643
-3544.6841 -3674.9968 -3792.5234 -3911.5603 -4004.7476 -3952.1682 -3949.9663 -3987.0146 -3902.1597 -3897.4783 -3988.6565 -4053.0037 -4112.8848 -4147.6899 -4170.7339 -4341.6582 -4487.145 -4536.8838 -4522.4702 -4438.106 -4341.6133 -4344.2373 -4378.8911 -4296.5273 -4314.8486 -4317.4653 -4274.6157 -4244.0039 -4250.0654 -4461.2192 -4430.252 -4434.1743 -4493.7676 -4519.564 -4599.9434 -4463.4395 -4499.2534 -4755.3145 -4860.3877 -4878.9995 -4673.7002 -4707.5332 -4841.7109 -4790.5752 -4765.9023 -4872.0776 -4830.7588 -4774.0356 -4909.6816 -4828.3457 -4693.2671 -4742.2759 -4733.1206 -4770.4629 -4874.397 -4855.9292 -4719.5537
-3964.0896 -4030.5544 -3991.4749 -3961.8052 -4013.0896 -4004.7134 -3997.7041 -3993.9534 -3883.2737 -3920.7114 -4064.7773 -4135.1094 -4165.124 -4177.4819 -4173.5376 -4298.7241 -4407.9316 -4341.6274 -4329.6182 -4358.5215 -4273.5908 -4224.6167 -4201.772 -4136.3418 -4225.8022 -4264.0991 -4216.2471 -4182.1743 -4139.2681 -4303.1382 -4401.814 -4405.0957 -4444.7046 -4438.6069 -4578.6382 -4457.9521 -4421.2168 -4697.5957 -4834.7935 -4877.4487 -4715.853 -4700.0356 -4762.832 -4680.2485 -4703.9478 -4763.6953 -4827.4331 -4810.1084 -4926.2651 -4954.5942 -4807.2319 -4749.8779 -4750.7251 -4793.7676 -4852.6655 -4834.3628 -4753.6802
-4214.564 -4249.6621 -4094.769 -3955.7739 -3978.0784 -4032.5403 -4033.5347 -4003.5515 -3978.9971 -4115.1641 -4249.5107 -4282.7422 -4258.4688 -4258.6978 -4251.8013 -4189.0024 -4149.0796 -4102.9233 -4144.7266 -4239.394 -4238.2324 -4194.3911 -4109.0513 -3999.8901 -4136.4888 -4224.9604 -4183.1797 -4235.8682 -4200.8994 -4281.9893 -4371.9028 -4375.4404 -4423.4053 -4419.8472 -4545.5273 -4535.1553 -4492.1392 -4720.2666 -4836.6343 -4856.6846 -4645.1626 -4654.5723 -4891.4131 -4891.5151 -4917.3755 -4909.7568 -4992.8232 -4967.3853 -5010.437 -5024.1865 -4867.981 -4763.7969 -4699.1763 -4652.2749 -4568.2715 -4554.6758 -4691.3105
-4142.1226 -4125.1104 -3972.1482 -3874.3845 -3991.5232 -4099.5518 -4101.1172 -4114.4663 -4166.7471 -4210.0244 -4200.8325 -4290.5991 -4370.5894 -4319.4131 -4189.0591 -3998.0725 -3974.9036 -4031.8801 -4101.7002 -4195.877 -4259.0347 -4216.5449 -4097.1338 -3944.0432 -4124.0732 -4258.6934 -4182.1592 -4321.5913 -4352.1724 -4353.6328 -4400.0771 -4355.9966 -4381.8223 -4435.8389 -4538.771 -4654.7261 -4652.0098 -4782.7651 -4835.8848 -4822.2598 -4666.5249 -4733.5098 -5069.4844 -5085.3418 -5040.6807 -4972.8638 -4963.4717 -4881.771 -4885.519 -4906.5288 -4797.3271 -4715.6904 -4584.3745 -4461.2896 -4371.2314 -4404.4258 -4634.1323
-4198.5576 -4048.5173 -3960.2532 -3933.6741 -4039.6382 -4079.4446 -4071.0137 -4162.5933 -4170.6533 -3966.2314 -3832.0215 -3953.5098 -4088.9407 -4036.1179 -3909.4373 -3837.7944 -3948.2456 -4105.0371 -4148.7876 -4160.6064 -4236.1514 -4217.3667 -4107.4023 -3953.394 -4111.7476 -4240.0342 -4110.4287 -4269.3335 -4360.0845 -4378.5151 -4486.187 -4395.75 -4359.8232 -4480.9233 -4581.0283 -4713.0815 -4726.4473 -4823.0864 -4837.2124 -4727.9561 -4542.1499 -4568.605 -4845.9185 -4898.6211 -4821.8721 -4743.6504 -4670.5957 -4572.062 -4627.1201 -4740.6436 -4719.1411 -4693.2603 -4605.6973 -4499.5908 -4473.7876 -4536.4751 -4661.729
-4312.3174 -4140.0659 -4138.9033 -4054.8713 -3896.3157 -3774.6777 -3785.9277 -3928.9509 -3924.822 -3735.7371 -3662.2551 -3641.3428 -3669.1299 -3784.5779 -3872.0227 -3897.5989 -3966.8865 -4100.8467 -4124.3623 -4078.8875 -4159.9063 -4229.5923 -4188.0078 -4036.1511 -3976.5032 -4068.1296 -4071.4016 -4266.7168 -4345.543 -4411.8159 -4558.4121 -4464.2871 -4422.1377 -4537.8989 -4648.7988 -4746.6616 -4698.8101 -4714.0879 -4709.0659 -4465.397 -4165.6743 -4283.2905 -4570.7627 -4685.7817 -4625.3345 -4622.3906 -4609.1763 -4548.8721 -4604.4751 -4705.9224 -4699.6899 -4703.479 -4659.5454 -4587.9351 -4603.7578 -4645.6465 -4669.2402
-4073.0012 -3939.3662 -4046.5627 -3977.2029 -3716.5066 -3582.4709 -3621.3049 -3706.77 -3727.1958 -3746.3613 -3822.1536 -3749.3792 -3657.8267 -3772.9834 -3967.8569 -4011.6538 -4003.4121 -4083.5974 -4078.5688 -4050.8259 -4146.936 -4259.501 -4276.6113 -4235.7437 -4107.4033 -4161.4175 -4240.5425 -4388.8242 -4435.3101 -4487.8916 -4573.7896 -4481.6162 -4489.6016 -4549.8027 -4629.1235 -4681.2378 -4602.8784 -4504.1978 -4543.7217 -4428.0112 -4195.2231 -4390.1348 -4640.5347 -4687.2207 -4590.936 -4604.9932 -4671.769 -4647.3501 -4658.4263 -4681.6167 -4685.3359 -4720.3799 -4718.4419 -4661.3159 -4695.8418 -4730.6172 -4690.0078
-3723.4753 -3652.415 -3771.0408 -3815.738 -3725.6985 -3723.135 -3760.8188 -3767.1533 -3796.0281 -3911.874 -4024.324 -4028.8845 -3911.9709 -3826.5166 -3955.469 -4075.4438 -4140.0083 -4222.5605 -4192.6606 -4172.8638 -4260.2114 -4404.8462 -4442.207 -4450.2886 -4391.6094 -4412.0269 -4412.417 -4444.5273 -4433.7881 -4424.793 -4439.4004 -4356.0527 -4407.7051 -4411.5537 -4411.4487 -4410.8857 -4467.8936 -4391.8828 -4447.9077 -4569.5605 -4400.1035 -4497.7354 -4683.7778 -4683.3462 -4599.5869 -4537.6499 -4643.2764 -4652.6953 -4622.0537 -4612.0112 -4634.1274 -4688.9492 -4744.7456 -4707.0405 -4708.4199 -4724.9106 -4666.0547
-3708.7244 -3651.5615 -3651.9539 -3712.9839 -3756.3848 -3844.7332 -3878.9861 -3909.178 -4012.2622 -4102.6909 -4107.2139 -4118.2197 -4094.2002 -4022.2678 -4062.9807 -4161.0518 -4252.272 -4417.4067 -4451.9893 -4431.8613 -4475.4858 -4563.9644 -4557.8823 -4494.6636 -4419.7495 -4401.4707 -4366.7881 -4377.835 -4269.6514 -4235.5083 -4254.2559 -4195.2275 -4210.9082 -4223.4097 -4281.0122 -4211.7891 -4317.4604 -4364.6323 -4367.3257 -4576.6313 -4495.3491 -4507.7393 -4632.1729 -4650.9497 -4562.2749 -4446.6528 -4583.939 -4611.5688 -4533.8335 -4529.0352 -4576.4976 -4601.7793 -4683.5962 -4700.1743 -4682.894 -4685.1758 -4631.0688
-3799.6738 -3760.6528 -3692.6941 -3734.3877 -3797.4219 -3896.8262 -3924.0254 -3981.2129 -4087.3826 -4143.9771 -4129.3779 -4173.8545 -4250.4331 -4240.3301 -4253.6719 -4318.9663 -4353.6738 -4489.9629 -4554.3398 -4497.1572 -4460.8774 -4425.1523 -4337.4893 -4264.2715 -4203.4063 -4172.835 -4142.3916 -4224.1587 -4119.729 -4115.707 -4143.9033 -4141.6968 -4081.5366 -4119.4277 -4271.0654 -4191.5967 -4253.8213 -4386.8433 -4347.0859 -4511.751 -4541.2734 -4507.2505 -4587.1157 -4603.6655 -4500.5498 -4392.043 -4530.6797 -4564.2886 -4510.8926 -4518.4556 -4583.5146 -4611.8799 -4644.8828 -4636.3906 -4633.228 -4680.8979 -4630.7427
-3835.8281 -3840.3611 -3782.0562 -3833.2095 -3878.1047 -3945.5049 -3975.9587 -4009.1799 -4072.2896 -4167.5532 -4236.0073 -4336.7866 -4419.2007 -4373.3174 -4354.9917 -4381.7974 -4373.668 -4383.978 -4375.8613 -4268.3662 -4154.3286 -4061.394 -3994.2397 -4044.553 -4040.292 -4014.8887 -4001.8401 -4103.791 -4066.791 -4081.5168 -4129.3462 -4171.8589 -4122.8682 -4173.0806 -4267.9673 -4294.0986 -4399.4214 -4518.9502 -4489.5879 -4536.8657 -4557.689 -4457.6274 -4559.0757 -4595.7485 -4511.2588 -4427.4443 -4494.5786 -4531.0093 -4545.2969 -4551.3477 -4582.5107 -4622.8594 -4632.644 -4604.4307 -4585.0112 -4643.5244 -4625.4878
-3876.9004 -3837.0684 -3803.543 -3898.7776 -3984.1807 -4061.1462 -4124.1934 -4119.2285 -4137.1626 -4265.1025 -4376.917 -4368.354 -4335.2983 -4265.0439 -4232.313 -4232.0991 -4179.3672 -4121.8931 -4105.189 -4041.1797 -3980.8674 -3943.1904 -3935.5247 -4059.5752 -4074.6953 -4030.8535 -4013.5188 -4091.7224 -4138.9595 -4116.231 -4187.2041 -4237.4917 -4247.7451 -4330.8979 -4295.8013 -4328.6382 -4427.9121 -4583.9019 -4593.9194 -4613.5405 -4646.3198 -4483.6855 -4534.3291 -4645.9028 -4610.5776 -4563.1611 -4561.3574 -4578.1021 -4582.0156 -4564.8091 -4553.291 -4596.9429 -4623.3076 -4623.0928 -4555.4082 -4545.1157 -4554.3027
-3947.8423 -3894.7102 -3896.9282 -4000.178 -4098.8027 -4166.5322 -4204.769 -4141.0649 -4024.8252 -4057.2651 -4168.0957 -4068.2927 -3988.4729 -4001.9868 -4014.5781 -4027.9597 -3989.7397 -3971.9165 -3990.8345 -3923.7085 -3956.5437 -4046.3289 -4070.1174 -4125.2808 -4122.2007 -4066.1584 -4063.2471 -4165.3628 -4244.5425 -4190.0205 -4255.7881 -4308.4038 -4315.0557 -4371.5029 -4273.4858 -4254.1792 -4298.0249 -4466.2246 -4397.5 -4439.1079 -4592.9292 -4547.2007 -4572.812 -4732.4966 -4766.0957 -4729.7378 -4698.6699 -4708.0269 -4657.3452 -4594.4277 -4534.2803 -4542.0698 -4576.3271 -4608.0444 -4527.6626 -4493.4102 -4522.1392
-4049.8269 -4065.8167 -4055.7671 -4023.0972 -4011.6086 -4004.5859 -3959.9097 -3884.6555 -3689.1667 -3615.6414 -3768.6375 -3779.3037 -3727.8875 -3826.1816 -3915.4138 -3926.9346 -3919.8594 -3961.3215 -4010.4077 -3946.376 -3992.1306 -4121.4497 -4183.5015 -4195.4053 -4170.7524 -4127.2803 -4155.1211 -4250.8877 -4256.4648 -4193.1704 -4228.6548 -4283.5356 -4331.8662 -4255.2939 -4213.9688 -4282.9834 -4321.1577 -4423.4189 -4267.9268 -4176.3154 -4303.4995 -4483.3086 -4563.3726 -4612.8638 -4659.0796 -4497.2822 -4304.459 -4529.8755 -4702.5088 -4663.5146 -4582.5176 -4533.3862 -4544.752 -4585.2314 -4515.3965 -4483.1709 -4510.436
-4122.6895 -4150.3667 -4027.4438 -3889.7883 -3896.2778 -3973.136 -3981.6887 -3955.1143 -3826.6423 -3744.116 -3861.575 -3859.1965 -3748.9912 -3816.3752 -3946.3323 -3968.8467 -3958.7192 -3984.4436 -4067.5728 -4118.96 -4134.7495 -4188.2314 -4250.8813 -4294.5098 -4242.6064 -4165.1748 -4236.2817 -4340.1611 -4300.7197 -4204.3462 -4178.2666 -4200.9668 -4360.3086 -4201.6855 -4207.3213 -4383.4941 -4388.0815 -4431.4219 -4364.3384 -4236.2085 -4278.8779 -4476.2778 -4540.2578 -4494.1006 -4400.2866 -3828.7432 -3211.0107 -3828.4346 -4604.1494 -4717.2104 -4641.6938 -4582.5645 -4564.9775 -4604.646 -4578.9351 -4525.7881 -4504.8848
-4074.2942 -4091.4014 -3950.2397 -3937.2605 -3909.9023 -3878.0222 -3961.6135 -4143.4751 -4170.2139 -4095.5913 -4158.2334 -4107.4116 -3976.79 -3976.5525 -4039.5376 -4070.8521 -4060.2283 -4061.2214 -4132.145 -4232.6099 -4230.833 -4209.1953 -4201.5039 -4219.6973 -4165.4258 -4085.6604 -4194.2314 -4302.7324 -4328.7813 -4194.1855 -4171.6802 -4193.6904 -4360.5845 -4246.7876 -4183.3574 -4370.4375 -4405.6304 -4389.9233 -4388.2017 -4373.8701 -4465.3618 -4510.1304 -4528.5947 -4593.875 -4503.0791 -3942.7007 -3328.135 -3858.8525 -4621.8218 -4729.0435 -4610.9717 -4529.1279 -4517.8438 -4610.7622 -4630.312 -4554.6123 -4531.6655
-3941.946 -4060.3894 -4039.9739 -4059.7097 -3769.9661 -3526.7754 -3788.501 -4190.6602 -4206.4868 -3968.1128 -4046.5784 -4126.1304 -4110.396 -4111.3647 -4087.7268 -4140.4067 -4156.3252 -4122.0776 -4138.8413 -4191.6841 -4210.1533 -4181.5176 -4118.3618 -4065.9492 -4095.0959 -4081.8779 -4162.667 -4219.9126 -4290.9404 -4116.6548 -4121.8066 -4128.8428 -4285.1494 -4314.5776 -4169.0225 -4320.5942 -4470.9131 -4458.3779 -4440.8916 -4417.7681 -4524.9873 -4487.8701 -4449.7354 -4554.2471 -4594.3525 -4436.77 -4237.8638 -4410.8208 -4666.5298 -4686.3896 -4544.6494 -4403.7349 -4422.8838 -4590.3062 -4654.9814 -4636.1919 -4638.7324
-3749.5806 -3830.6267 -3923.3904 -4040.7441 -3734.1306 -3451.4077 -3795.0522 -4331.4634 -4279.9717 -3776.791 -3811.0564 -3986.1946 -4093.2791 -4182.0146 -4131.7021 -4168.5591 -4231.1045 -4159.6606 -4103.3984 -4111.4438 -4137.2622 -4159.7495 -4154.521 -4113.5664 -4160.6523 -4127.1792 -4168.1396 -4237.2915 -4306.8413 -4181.6328 -4156.6064 -4176.6953 -4351.394 -4413.8765 -4206.4956 -4253.4146 -4459.5317 -4561.8423 -4478.5864 -4364.3779 -4478.7173 -4489.3135 -4415.4043 -4486.8013 -4558.3037 -4558.6523 -4519.3101 -4520.2285 -4567.9204 -4570.1782 -4498.6904 -4497.061 -4513.4004 -4523.0146 -4566.1626 -4656.8438 -4711.4321
-3743.0056 -3716.7205 -3739.3638 -3941.4995 -3807.3972 -3630.8455 -3929.9922 -4501.6851 -4490.0313 -3821.8774 -3673.1528 -3827.6677 -4000.9417 -4149.4365 -4145.395 -4187.2456 -4304.5967 -4262.8394 -4146.6123 -4110.2632 -4133.8735 -4126.1108 -4153.6885 -4163.9268 -4202.7031 -4130.8418 -4151.127 -4257.8252 -4357.1602 -4337.8984 -4302.3574 -4372.0303 -4486.5596 -4437.5039 -4220.0996 -4176.5234 -4256.7759 -4434.3081 -4384.4126 -4286.9478 -4401.6133 -4515.2183 -4500.0718 -4544.5601 -4592.6196 -4567.2153 -4492.4585 -4490.3877 -4445.7549 -4217.6914 -4130.0605 -4478.6646 -4621.229 -4520.4736 -4487.7622 -4612.7104 -4724.6563
