Resources/Map/Lvl0_30x30/Ele_AG.asc
ncols         335
nrows         335
xllcorner     55000
yllcorner     6675000
cellsize      10000
nodata_value  -99999.0
[rows 208 to 233 of 335, columns 118 to 176 of 335]
-2453.3447 -2442.3799 -2427.8804 -2412.3394 -2397.0669 -2383.4995 -2370.0071 -2354.467 -2339.6924 -2325.7336 -2310.9719 -2298.1365 -2283.3174 -2264.2117 -2248.7839 -2236.0149 -2216.856 -2190.7173 -2166.8525 -2147.3525 -2128.4873 -2103.9421 -2084.7654 -2072.7002 -2057.3545 -2032.2584 -2011.234 -1991.1019 -1963.5095 -1937.3966 -1914.4287 -1894.4 -1880.2947 -1864.5013 -1840.7617 -1816.4563 -1794.8853 -1768.99 -1740.2061 -1710.3215 -1686.6836 -1675.3086 -1661.6255 -1637.6926 -1611.3499 -1586.1129 -1565.2736 -1541.6855 -1518.8904 -1500.8219 -1481.3483 -1460.8665 -1439.4337 -1412.9227 -1382.9988 -1352.0541 -1297.9022 -1215.0447 -1116.46
-2503.5181 -2497.1445 -2484.1399 -2465.0515 -2439.7356 -2415.1208 -2399.0159 -2386.7974 -2385.6912 -2385.689 -2373.2371 -2361.2097 -2344.5471 -2313.0615 -2283.0354 -2262.8362 -2243.6111 -2225.5442 -2208.3242 -2189.1118 -2174.3296 -2158.5474 -2136.7722 -2117.0554 -2105.0488 -2096.134 -2081.6548 -2063.7041 -2045.2455 -2020.5017 -1996.6576 -1971.7151 -1951.6217 -1942.1853 -1927.1852 -1907.4202 -1886.5029 -1857.8197 -1829.1554 -1805.151 -1787.1062 -1775.1669 -1769.5867 -1763.113 -1742.0535 -1722.0729 -1721.9261 -1702.9614 -1675.6157 -1655.928 -1641.0067 -1619.5845 -1593.2407 -1565.5575 -1531.9711 -1490.7108 -1441.7532 -1378.2804 -1290.8917
-2510.9204 -2498.3164 -2484.8979 -2471.9043 -2457.5601 -2439.9202 -2421.8325 -2409.1648 -2401.2427 -2393.4705 -2382.7083 -2369.7129 -2353.833 -2334.0215 -2312.9402 -2293.5789 -2278.8313 -2267.9358 -2253.1755 -2235.8625 -2224.2622 -2216.3306 -2206.1233 -2191.5791 -2174.5034 -2158.9978 -2145.4114 -2128.3118 -2109.6157 -2093.063 -2080.7781 -2062.4214 -2041.1938 -2024.7147 -2009.7734 -1997.2775 -1986.4016 -1970.7137 -1950.4659 -1926.3948 -1904.2349 -1884.5255 -1869.7549 -1859.6953 -1851.7727 -1847.4312 -1845.6036 -1840.7878 -1825.9253 -1801.0569 -1775.7566 -1751.9479 -1720.771 -1683.1287 -1642.515 -1588.1206 -1518.2527 -1446.8329 -1372.9105
-2531.748 -2520.4878 -2514.5369 -2512.6208 -2503.9336 -2484.7004 -2462.5981 -2443.873 -2430.8018 -2420.3308 -2408.5706 -2398.3376 -2390.5835 -2380.4226 -2367.5078 -2354.0068 -2342.3899 -2333.4543 -2323.0225 -2309.457 -2294.9094 -2282.2031 -2269.8972 -2258.9585 -2249.469 -2232.4788 -2211.3154 -2195.2224 -2181.4836 -2167.3926 -2150.998 -2134.7153 -2122.512 -2109.1404 -2089.7793 -2075.0547 -2068.9028 -2061.6108 -2046.2366 -2025.458 -2005.8584 -1989.9379 -1982.8378 -1979.9875 -1975.1541 -1968.3552 -1960.8796 -1951.7898 -1935.5254 -1902.0428 -1857.948 -1831.7164 -1816.0399 -1773.7778 -1713.4774 -1644.3285 -1575.1923 -1510.9611 -1442.9139
-2571.5315 -2558.7075 -2545.3252 -2532.5864 -2522.73 -2510.1118 -2493.437 -2478.123 -2466.3347 -2459.5002 -2454.3259 -2449.4138 -2439.0864 -2421.3108 -2410.4646 -2410.9043 -2409.894 -2402.4771 -2389.2134 -2373.6621 -2358.2561 -2342.6086 -2327.8601 -2315.3584 -2305.0701 -2294.3901 -2280.2102 -2262.6816 -2246.6453 -2232.6521 -2214.3237 -2199.376 -2183.9607 -2175.4963 -2163.1008 -2146.8237 -2139.8716 -2133.9512 -2122.8291 -2108.4414 -2100.2598 -2097.2632 -2091.3274 -2083.4207 -2067.9041 -2052.0325 -2042.5204 -2027.446 -2010.4324 -1987.7194 -1955.1718 -1922.3148 -1885.4166 -1834.3639 -1774.8916 -1707.26 -1633.7527 -1563.5389 -1492.7549
-2611.0637 -2601.1428 -2589.043 -2576.9434 -2565.2676 -2553.3142 -2539.4661 -2525.9976 -2512.032 -2499.4282 -2490.9382 -2487.6584 -2488.4331 -2490.9604 -2494.8313 -2489.3523 -2468.4963 -2448.0957 -2434.99 -2425.2075 -2416.323 -2405.5332 -2392.3281 -2377.417 -2363.6091 -2352.9514 -2340.262 -2324.7285 -2307.9927 -2291.5623 -2276.2175 -2266.2466 -2255.6438 -2242.9783 -2235.4106 -2226.3621 -2214.1584 -2204.6206 -2201.3203 -2193.6919 -2178.8667 -2162.6704 -2157.1658 -2147.7507 -2131.3074 -2117.8792 -2109.814 -2097.334 -2079.4221 -2057.5405 -2033.6918 -1999.774 -1940.4817 -1871.165 -1817.624 -1757.0532 -1677.86 -1607.5234 -1546.9946
-2643.3599 -2633.6985 -2623.3062 -2613.187 -2603.6187 -2594.4731 -2583.4485 -2571.3799 -2559.168 -2550.2393 -2545.4814 -2543.1445 -2543.5122 -2546.2046 -2546.1699 -2531.4683 -2507.887 -2490.3711 -2480.3557 -2474.8008 -2468.9324 -2460.28 -2449.667 -2436.0608 -2422.3044 -2409.1177 -2395.6558 -2381.9443 -2368.5088 -2353.5527 -2341.9597 -2331.6509 -2320.1633 -2310.0344 -2305.4346 -2301.0305 -2289.1101 -2276.1799 -2266.5476 -2254.3396 -2236.6104 -2223.0708 -2213.2664 -2206.4326 -2197.978 -2188.3999 -2175.0364 -2157.5247 -2135.6917 -2104.8267 -2065.0884 -2022.6606 -1976.9797 -1917.6615 -1859.8556 -1807.2291 -1745.1359 -1678.0082 -1610.5323
-2673.8645 -2665.3518 -2659.3799 -2654.8376 -2648.9302 -2637.7603 -2622.8931 -2613.2036 -2610.1321 -2610.3657 -2607.4241 -2599.9497 -2590.967 -2582.4871 -2573.7327 -2563.1191 -2551.4685 -2540.8486 -2532.7896 -2526.2024 -2517.5557 -2506.623 -2496.0354 -2485.6824 -2472.6824 -2460.0386 -2449.2197 -2438.3018 -2428.9683 -2419.1082 -2404.1724 -2395.2661 -2391.2295 -2381.1873 -2367.9358 -2356.2251 -2346.5823 -2334.8035 -2320.1846 -2307.1289 -2298.6267 -2290.4063 -2279.4434 -2269.7917 -2259.405 -2249.125 -2232.627 -2206.1804 -2173.3835 -2135.7053 -2091.7197 -2047.4437 -2008.3762 -1968.6079 -1919.7828 -1864.2057 -1806.1779 -1738.4108 -1657.897
-2702.752 -2699.4065 -2697.0327 -2695.7156 -2692.3843 -2685.0483 -2674.9067 -2668.1685 -2663.6343 -2658.4878 -2652.9099 -2646.4524 -2638.8882 -2629.1636 -2617.9377 -2607.4082 -2599.0085 -2590.6826 -2580.8372 -2569.8813 -2558.4248 -2546.6992 -2536.1707 -2527.8965 -2517.1631 -2505.8972 -2495.9656 -2487.9285 -2481.5757 -2474.6179 -2472.2217 -2470.5864 -2465.8069 -2449.3584 -2426.5916 -2411.1943 -2402.8274 -2392.3027 -2378.3047 -2363.2651 -2353.0618 -2346.1411 -2334.9063 -2319.3772 -2301.1511 -2281.45 -2258.3909 -2226.6538 -2185.7439 -2148.1914 -2115.6179 -2080.4138 -2047.066 -2017.033 -1976.4469 -1913.9071 -1848.233 -1788.7781 -1715.6428
-2726.543 -2729.6074 -2731.4163 -2733.0771 -2731.6057 -2726.7449 -2718.7881 -2710.6182 -2704.2292 -2699.5757 -2696.0259 -2691.7192 -2685.252 -2674.3545 -2660.5452 -2646.7734 -2634.3992 -2623.355 -2612.9358 -2602.8748 -2593.5813 -2584.6357 -2575.6912 -2566.9321 -2557.8613 -2550.4246 -2545.9412 -2545.4202 -2546.1013 -2545.7798 -2541.696 -2534.8081 -2520.6201 -2499.0789 -2484.4675 -2474.415 -2460.3735 -2446.3713 -2428.1394 -2409.135 -2394.864 -2385.0085 -2374.4702 -2355.4612 -2331.2393 -2307.6086 -2284.5115 -2257.4934 -2225.9243 -2190.886 -2154.8621 -2119.3494 -2084.02 -2049.822 -2012.9579 -1960.6439 -1895.9425 -1840.4802 -1784.5277
-2757.3938 -2762.2173 -2763.1414 -2762.1243 -2758.8247 -2752.7778 -2744.6211 -2737.8779 -2733.1733 -2730.0703 -2727.0334 -2721.2163 -2711.7896 -2698.2783 -2683.1084 -2670.7764 -2661.2185 -2652.2974 -2644.9761 -2639.1282 -2633.1174 -2627.8359 -2620.6567 -2612.8186 -2606.0776 -2599.6682 -2595.0193 -2591.447 -2590.1765 -2587.8381 -2582.1499 -2574.3569 -2561.5083 -2544.9038 -2530.23 -2514.9038 -2497.2664 -2484.0745 -2468.6797 -2449.6147 -2428.7249 -2410.0906 -2394.5676 -2374.1487 -2351.489 -2333.8667 -2316.407 -2293.3936 -2264.3135 -2228.1184 -2186.9438 -2149.6638 -2117.1086 -2077.959 -2035.9331 -1991.7172 -1941.1603 -1890.1183 -1841.8843
-2791.5276 -2789.7141 -2785.9341 -2781.7583 -2777.3704 -2771.9727 -2765.2393 -2760.6401 -2757.0942 -2751.8411 -2744.459 -2735.5735 -2725.8103 -2715.9194 -2706.717 -2698.6265 -2690.8782 -2683.1797 -2677.1968 -2672.4001 -2669.5347 -2665.9353 -2659.0991 -2650.7002 -2643.1775 -2635.5637 -2627.5735 -2619.7627 -2614.1606 -2608.6357 -2601.5237 -2590.7983 -2577.1406 -2563.0244 -2548.6052 -2533.8826 -2519.9602 -2504.5481 -2487.4731 -2470.3984 -2453.0352 -2433.4111 -2414.0659 -2395.2275 -2378.5017 -2361.9294 -2342.0952 -2319.6489 -2292.3777 -2259.2817 -2225.4622 -2189.9993 -2153.2871 -2115.4519 -2071.4204 -2020.7231 -1973.3224 -1934.2932 -1894.6409
-2821.0693 -2816.3228 -2811.6372 -2807.0222 -2801.7097 -2796.6404 -2792.5649 -2787.9749 -2782.2422 -2773.0149 -2761.5176 -2750.8542 -2743.405 -2738.2178 -2733.7451 -2729.0391 -2722.7351 -2715.9966 -2709.1113 -2702.6082 -2697.6101 -2692.5044 -2685.8635 -2678.4761 -2670.7595 -2661.6409 -2651.5688 -2641.1321 -2629.7949 -2618.8818 -2606.051 -2591.0493 -2578.0935 -2567.3643 -2555.7849 -2542.8374 -2527.8291 -2512.8032 -2497.4619 -2482.605 -2466.6887 -2451.6448 -2435.9041 -2417.3142 -2397.3586 -2377.2402 -2356.957 -2340.1941 -2320.1245 -2290.7869 -2255.0215 -2215.437 -2172.5281 -2132.489 -2094.7163 -2049.1819 -2004.5449 -1967.7697 -1931.7606
-2849.2993 -2843.2454 -2838.3777 -2833.0659 -2826.8413 -2820.1411 -2813.9766 -2807.0288 -2799.6086 -2790.2119 -2778.0386 -2768.427 -2764.4661 -2762.2468 -2759.3103 -2755.7036 -2749.8052 -2742.5107 -2735.3567 -2728.8535 -2723.1672 -2717.0171 -2709.5808 -2701.2468 -2692.7351 -2683.1787 -2672.488 -2656.8621 -2637.2712 -2616.218 -2597.1777 -2586.1721 -2583.8359 -2575.7466 -2563.9377 -2550.6631 -2537.3804 -2523.8093 -2511.1873 -2497.8223 -2480.4597 -2463.0762 -2443.1624 -2420.7405 -2398.9465 -2378.2063 -2356.3987 -2334.856 -2312.7012 -2283.2847 -2245.709 -2210.4954 -2176.8572 -2144.6606 -2114.4189 -2074.5647 -2026.3013 -1982.8228 -1945.5483
-2872.9263 -2866.4854 -2861.2649 -2855.925 -2849.0229 -2841.1296 -2831.4065 -2821.5518 -2814.2598 -2809.1536 -2802.063 -2795.5012 -2791.8401 -2788.5537 -2784.2537 -2778.812 -2772.4204 -2765.7351 -2759.3157 -2752.6111 -2745.7441 -2737.9321 -2727.4678 -2716.3308 -2707.092 -2697.7463 -2685.7644 -2665.5178 -2636.9897 -2603.9026 -2589.3 -2593.4148 -2597.9651 -2590.1377 -2574.0132 -2558.6738 -2546.322 -2533.6521 -2519.9568 -2502.4761 -2480.8994 -2458.3276 -2435.2893 -2413.2798 -2393.5823 -2374.1177 -2353.5852 -2330.3503 -2303.2654 -2270.614 -2237.8181 -2210.0391 -2179.345 -2143.4619 -2107.5105 -2071.2568 -2030.7438 -1989.823 -1951.7499
-2889.7417 -2884.6069 -2879.918 -2874.2908 -2867.3257 -2857.9893 -2845.647 -2833.6714 -2825.613 -2822.4888 -2820.1267 -2816.4731 -2811.4563 -2806.6768 -2802.0835 -2796.1294 -2789.969 -2784.3108 -2778.8105 -2771.854 -2763.554 -2753.0667 -2738.364 -2723.5571 -2711.5327 -2700.7747 -2689.2844 -2673.8555 -2653.554 -2628.4143 -2619.6301 -2614.8638 -2607.5154 -2595.3972 -2577.9858 -2561.8479 -2545.606 -2529.8254 -2510.9014 -2491.9443 -2471.2344 -2450.2053 -2427.8977 -2402.7224 -2380.467 -2362.4565 -2344.905 -2321.5081 -2293.595 -2264.0298 -2236.9023 -2211.7324 -2182.0593 -2140.0837 -2090.2666 -2050.5049 -2019.442 -1984.4725 -1929.3113
-2902.8184 -2898.0632 -2891.9875 -2884.3005 -2876.1978 -2867.8962 -2860.0325 -2853.3164 -2848.5898 -2845.2358 -2841.209 -2836.1101 -2829.7761 -2823.0227 -2816.6848 -2810.3555 -2803.3179 -2795.8682 -2788.2449 -2780.6001 -2771.9587 -2760.5405 -2746.657 -2732.8955 -2720.7742 -2709.4355 -2699.804 -2688.6169 -2675.7698 -2660.6013 -2647.033 -2631.1765 -2617.2747 -2603.3906 -2586.3428 -2566.9375 -2545.0547 -2523.5171 -2500.9285 -2479.749 -2457.5574 -2435.8374 -2410.2026 -2379.1116 -2350.9553 -2327.6162 -2305.9124 -2285.2478 -2267.3022 -2254.1685 -2241.2488 -2224.1665 -2204.0767 -2174.8547 -2123.6882 -2063.2241 -2016.3362 -1974.687 -1893.3308
-2915.5676 -2910.9644 -2904.8318 -2897.0996 -2889.114 -2883.5149 -2879.5383 -2876.095 -2872.7461 -2868.5356 -2862.1694 -2854.2368 -2845.4114 -2837.0989 -2830.7249 -2825.1797 -2818.3774 -2808.9956 -2797.8633 -2788.1946 -2779.4832 -2769.6252 -2759.3594 -2748.2898 -2736.8953 -2725.9507 -2715.7258 -2702.4709 -2687.8523 -2674.2214 -2660.1555 -2641.1677 -2625.2295 -2610.9841 -2592.3372 -2568.6267 -2542.1221 -2512.0688 -2475.9558 -2442.4387 -2413.8064 -2389.6328 -2365.4128 -2338.0056 -2308.6785 -2277.2727 -2244.6245 -2222.322 -2208.8469 -2200.8464 -2189.7222 -2161.0825 -2111.927 -2046.5195 -1956.6942 -1832.4835 -1715.1755 -1612.8767 -1492.1123
-2927.7783 -2924.3171 -2919.3879 -2913.5168 -2907.4148 -2902.3792 -2898.0334 -2892.9897 -2887.6965 -2881.6531 -2874.7061 -2867.4944 -2860.0657 -2852.688 -2845.8831 -2839.0413 -2831.4092 -2821.3914 -2809.1311 -2798.6155 -2790.3916 -2781.6663 -2771.4297 -2761.0828 -2752.2256 -2744.1855 -2732.9236 -2715.8884 -2700.0764 -2687.7505 -2672.4629 -2651.0854 -2629.1299 -2609.959 -2588.3604 -2559.7258 -2528.4661 -2478.1123 -2403.489 -2338.1277 -2318.2585 -2323.7024 -2323.6912 -2307.0962 -2278.9395 -2243.9138 -2204.2415 -2171.2646 -2138.196 -2098.1108 -2036.0247 -1931.0869 -1784.6951 -1581.3693 -1323.2947 -1087.5244 -917.0747 -779.3558 -652.9502
-2936.4807 -2932.6802 -2927.9653 -2923.1538 -2918.4243 -2912.4739 -2906.8616 -2901.5959 -2896.9409 -2891.844 -2886.1919 -2879.8418 -2872.6875 -2865.0142 -2857.3789 -2849.6616 -2840.9004 -2831.095 -2820.7981 -2811.4897 -2803.1692 -2793.9912 -2783.552 -2774.2231 -2768.8457 -2764.3132 -2752.1047 -2730.9004 -2710.7117 -2696.5938 -2682.7405 -2665.4998 -2641.8108 -2617.8088 -2589.613 -2550.866 -2513.8972 -2463.958 -2385.4258 -2308.4832 -2287.3628 -2285.175 -2245.3198 -2198.4451 -2142.5139 -2084.1682 -2029.7881 -1974.5382 -1911.9183 -1816.9694 -1696.8541 -1532.0112 -1295.3469 -949.3769 -605.7378 -430.9364 -379.4237 -326.0476 -246.4201
-2942.2998 -2937.0771 -2931.4646 -2926.2974 -2921.8831 -2916.5874 -2911.6812 -2908.2749 -2904.9976 -2900.991 -2895.938 -2890.0762 -2883.6824 -2876.7668 -2869.8706 -2862.9326 -2855.1763 -2846.376 -2837.4907 -2828.4919 -2818.3064 -2806.9053 -2795.8828 -2786.2874 -2779.0583 -2769.3845 -2751.4883 -2729.4631 -2707.3589 -2688.9014 -2673.7539 -2657.613 -2630.1382 -2595.9316 -2562.1873 -2517.3735 -2464.4189 -2409.1528 -2343.0525 -2264.4153 -2189.5103 -2104.9146 -1953.6477 -1815.9972 -1684.5046 -1564.984 -1467.9482 -1387.9972 -1324.7395 -1244.2764 -1167.4148 -1063.5146 -846.0031 -531.3253 -345.985 -317.8656 -337.8645 -327.3268 -298.8514
-2946.146 -2940.4063 -2935.5649 -2930.5549 -2926.9917 -2923.262 -2919.9211 -2918.0759 -2914.8992 -2909.4575 -2904.1113 -2898.7351 -2893.1279 -2887.2625 -2880.8215 -2873.9285 -2867.5879 -2860.2527 -2850.1545 -2837.8706 -2824.7163 -2811.0637 -2796.8445 -2781.6924 -2763.5122 -2740.499 -2715.6262 -2695.9846 -2679.3616 -2663.1169 -2640.8601 -2608.3567 -2557.3777 -2490.748 -2437.5583 -2367.9858 -2242.0776 -2112.5752 -2047.8535 -1960.368 -1820.9816 -1661.6588 -1465.4486 -1278.8489 -1102.1555 -947.5781 -827.7499 -740.6693 -675.3107 -629.6247 -619.0258 -620.3046 -535.2957 -386.7061 -304.5385 -270.4119 -285.5002 -326.2897 -340.923
-2952.0154 -2946.7854 -2942.5154 -2938.23 -2934.7883 -2931.355 -2927.1677 -2923.3203 -2918.9692 -2913.3411 -2908.5142 -2903.9514 -2899.1582 -2894.084 -2887.6406 -2879.0667 -2871.8328 -2864.3538 -2850.7991 -2833.2737 -2817.3213 -2803.2102 -2785.3762 -2762.7485 -2734.4358 -2701.0244 -2659.3391 -2610.3701 -2584.4758 -2596.6116 -2568.9849 -2477.6914 -2326.8464 -2185.0178 -2065.3665 -1935.2922 -1774.2312 -1620.1975 -1506.4965 -1363.9987 -1218.5393 -1086.5377 -945.3275 -782.8931 -632.2437 -508.074 -401.8374 -322.8976 -257.0568 -216.3864 -214.3844 -249.9239 -258.1793 -212.0314 -146.7848 -98.3454 -129.6149 -243.4756 -316.3838
-2958.9248 -2952.6746 -2946.7007 -2941.4724 -2936.5649 -2932.0557 -2926.7842 -2921.1772 -2915.7251 -2910.8054 -2906.1472 -2901.7539 -2897.6658 -2891.3218 -2880.8042 -2867.5234 -2856.356 -2846.5681 -2832.3945 -2813.7224 -2792.3362 -2773.4944 -2752.4797 -2726.2656 -2699.5352 -2670.9316 -2610.3779 -2468.4578 -2323.9019 -2240.3853 -2176.363 -2036.9517 -1828.0718 -1623.2045 -1469.3435 -1326.5491 -1194.2511 -1054.5938 -892.2846 -729.5243 -622.4515 -557.9168 -473.2397 -357.8998 -266.2078 -204.6835 -147.8911 -112.5917 -87.8154 -72.8991 -67.8079 -71.708 -64.2722 -18.5439 76.9771 31.3083 -66.9357 -231.6989 -329.2264
-2957.0442 -2949.4429 -2943.7014 -2937.323 -2931.918 -2926.0132 -2918.5325 -2911.1138 -2903.4941 -2893.6726 -2882.5017 -2877.2559 -2877.3159 -2869.8313 -2852.9558 -2836.5181 -2820.7979 -2801.4065 -2778.2026 -2746.4114 -2717.5054 -2707.6282 -2690.3367 -2649.7268 -2579.7761 -2498.0554 -2365.9026 -2117.0574 -1855.4478 -1624.1724 -1453.1017 -1323.1951 -1205.6635 -1082.7527 -953.6962 -795.7398 -661.9688 -555.2421 -429.6589 -321.9488 -261.7533 -233.9814 -206.1365 -171.5706 -144.025 -112.4239 -73.0331 -60.9255 -59.4694 -45.3897 -15.4179 0.9743 18.6625 40.6653 22.2444 8.0683 -155.4453 -328.119 -389.2935
-2942.5703 -2937.4138 -2934.0083 -2927.5273 -2920.9939 -2913.0803 -2903.0474 -2891.3762 -2875.8625 -2855.6672 -2835.6582 -2825.4653 -2809.2217 -2750.2656 -2681.9482 -2641.5334 -2604.553 -2575.5146 -2522.7156 -2461.3484 -2451.47 -2469.4016 -2438.1655 -2331.9724 -2147.6934 -1951.5153 -1703.7738 -1390.6757 -1112.5789 -858.6824 -665.093 -580.3309 -554.3273 -524.0841 -446.2135 -345.7278 -265.6317 -218.617 -165.9524 -123.0388 -108.3341 -116.1071 -135.1509 -145.1163 -118.3632 -75.5376 -51.5018 -48.7656 -42.3588 2.8905 175.8342 71.3231 192.8162 5.7891 -10.6464 -86.2122 -205.5353 -288.4603 -272.0757
