Resources/Map/Lvl0_30x30/Ele_DL.asc
ncols         335
nrows         335
xllcorner     16805000
yllcorner     -3375000
cellsize      10000
nodata_value  -99999.0
[rows 260 to 285 of 335, columns 114 to 170 of 335]
-1480.4128 -1393.1257 -1190.4749 -1150.2072 -1177.1754 -1181.4562 -1180.9352 -1205.9596 -1264.0619 -1390.2465 -1500.0079 -1600.2683 -1707.045 -1791.9847 -1907.395 -2007.3411 -2058.5618 -2129.3901 -2190.5884 -2231.7068 -2241.1355 -2253.8208 -2310.5981 -2371.6079 -2417.7407 -2455.6489 -2496.8452 -2493.1169 -2478.0659 -2466.9221 -2465.2891 -2452.9397 -2456.4622 -2504.2271 -2496.6274 -2562.356 -2696.9707 -2884.9146 -3055.5356 -3171.0513 -3393.3208 -3481.5054 -3531.8054 -3586.3684 -3538.3596 -3556.4607 -3630.6738 -3649.2634 -3509.3489 -3510.4761 -3565.2598 -3430.4707 -3286.978 -3257.8975 -3235.3823 -3081.7097 -2899.0886
-1414.0054 -1319.787 -1090.2341 -1077.8075 -1115.552 -1114.2043 -1158.5641 -1198.079 -1241.2656 -1352.9556 -1416.2769 -1492.3518 -1595.412 -1672.3145 -1763.3656 -1863.7794 -1960.0353 -2054.8621 -2151.9734 -2256.2759 -2321.3184 -2343.3403 -2394.7888 -2472.5266 -2527.0618 -2561.0874 -2596.5073 -2592.5784 -2571.3215 -2531.084 -2531.4084 -2519.5378 -2580.5442 -2676.3811 -2558.3523 -2524.6733 -2632.9041 -2803.9177 -2972.7031 -3118.8733 -3310.6277 -3378.0586 -3445.2214 -3528.1523 -3500.6565 -3481.0364 -3486.8394 -3577.1704 -3478.5825 -3492.3914 -3582.6663 -3567.4446 -3490.9539 -3440.512 -3370.8123 -3115.0933 -2873.7114
-1390.1553 -1236.837 -1043.7087 -1068.1938 -1073.25 -1033.6193 -1083.6017 -1174.4702 -1252.0935 -1310.8494 -1345.073 -1402.4948 -1468.7209 -1549.4824 -1643.3341 -1754.0876 -1864.321 -1995.5687 -2133.7756 -2260.9656 -2383.4426 -2441.5784 -2480.3293 -2557.6194 -2604.3088 -2636.7214 -2675.7869 -2696.3672 -2694.2344 -2668.6421 -2664.0598 -2634.4404 -2599.0989 -2664.0991 -2558.4285 -2499.6199 -2585.5779 -2772.7642 -2941.0149 -3104.7913 -3264.5142 -3329.7686 -3407.8591 -3486.1787 -3473.6138 -3349.7761 -3329.187 -3425.2747 -3387.2568 -3433.1877 -3491.6868 -3546.9915 -3492.522 -3500.4841 -3474.2009 -3042.7363 -2717.0322
-1359.9536 -1205.019 -1064.0406 -1058.0183 -1036.001 -968.6732 -989.0889 -1103.1888 -1209.4396 -1255.2797 -1284.0425 -1327.1667 -1363.6821 -1448.9011 -1562.4829 -1685.9711 -1801.0653 -1959.1626 -2101.1646 -2226.615 -2382.5037 -2466.0059 -2490.261 -2554.0142 -2610.0435 -2666.3521 -2717.6626 -2741.3875 -2735.8918 -2734.9546 -2727.1309 -2738.9412 -2667.4375 -2657.3159 -2634.3813 -2609.2485 -2652.8457 -2807.8633 -2986.7087 -3092.8242 -3192.0383 -3294.0547 -3438.8247 -3455.7441 -3456.4602 -3288.6621 -3200.1956 -3239.9055 -3179.8848 -3280.3157 -3354.5449 -3437.8245 -3435.7493 -3523.1643 -3576.7451 -3180.9211 -2749.1292
-1311.3698 -1198.8408 -1078.4739 -1014.3945 -1002.5201 -975.4897 -964.4218 -1032.6398 -1120.0085 -1180.884 -1222.5864 -1266.2822 -1312.7306 -1390.2281 -1497.149 -1602.3882 -1714.4845 -1873.7053 -2012.7266 -2153.8794 -2306.8391 -2390.8589 -2421.2371 -2500.946 -2607.9001 -2678.6956 -2717.25 -2731.9382 -2727.7998 -2746.48 -2750.8347 -2776.8677 -2764.3848 -2677.8975 -2662.9863 -2728.2146 -2773.1235 -2797.209 -2951.6685 -3064.8821 -3129.1047 -3287.9099 -3425.0488 -3369.4236 -3377.7261 -3302.6594 -3149.6023 -3089.688 -3023.9021 -3118.0085 -3149.7637 -3245.1836 -3375.7485 -3519.8926 -3625.1934 -3407.0208 -2853.3333
-1274.4073 -1198.4651 -1088.5596 -989.1663 -975.2211 -1022.8453 -995.8184 -1005.9278 -1080.973 -1135.2983 -1173.7144 -1216.3961 -1279.1611 -1346.3153 -1431.65 -1514.6035 -1608.426 -1743.7048 -1885.0399 -2049.1853 -2203.7087 -2304.2556 -2378.6802 -2484.6282 -2600.6501 -2652.0063 -2679.9006 -2726.6406 -2742.9771 -2748.3577 -2764.3538 -2768.6855 -2762.3494 -2647.2188 -2600.0972 -2697.6218 -2809.6333 -2765.3596 -2865.9058 -3046.7231 -3125.9387 -3296.832 -3360.5737 -3321.78 -3299.6812 -3289.9006 -3125.2935 -3022.2393 -2960.9124 -2994.7432 -2989.1587 -3112.7869 -3323.5652 -3526.7351 -3691.8635 -3531.6116 -2899.9585
-1284.0792 -1251.8297 -1174.6876 -1049.2815 -992.0543 -1016.3933 -999.3026 -989.1771 -1040.4542 -1094.4702 -1132.9716 -1177.5304 -1247.1665 -1304.6079 -1353.778 -1444.861 -1537.4421 -1635.2201 -1761.6277 -1913.7494 -2079.988 -2218.7419 -2344.0522 -2436.8442 -2508 -2582.6606 -2663.9641 -2754.1533 -2784.8 -2764.2051 -2745.3223 -2746.1189 -2749.1555 -2669.0432 -2611.814 -2689.6831 -2813.0305 -2788.075 -2892.3845 -3090.9258 -3127.6042 -3309.5415 -3396.3306 -3348.1602 -3300.1418 -3286.6414 -3155.3008 -3058.7859 -2992.2161 -3020.7947 -3006.0029 -3102.6663 -3289.5059 -3546.1846 -3763.9553 -3675.8853 -3093.7061
-1320.3361 -1323.84 -1260.449 -1111.5966 -1046.3981 -1009.7042 -970.9751 -966.3726 -998.1461 -1059.3136 -1113.8015 -1156.1631 -1228.2256 -1269.1477 -1287.6348 -1367.3108 -1449.912 -1547.0518 -1665.0663 -1776.2061 -1919.7643 -2081.4089 -2227.6094 -2297.9399 -2374.4507 -2523.9116 -2668.0457 -2749.9604 -2775.6401 -2740.0972 -2715.9153 -2735.9551 -2764.8997 -2731.4912 -2684.0798 -2751.2771 -2811.2524 -2835.4153 -2976.863 -3081.8613 -3072.8506 -3309.0872 -3457.0581 -3385.7 -3358.7927 -3319.0989 -3236.199 -3165.3657 -3095.6389 -3092.1116 -3110.6814 -3205.0718 -3332.6875 -3591.1819 -3764.3135 -3722.5796 -3306.7505
-1341.0394 -1371.7046 -1322.5178 -1176.6337 -1102.481 -1034.2742 -973.0485 -953.393 -970.6882 -1054.0452 -1121.5573 -1149.8578 -1201.3485 -1236.007 -1257.2433 -1311.124 -1382.6428 -1483.3423 -1584.9993 -1671.5956 -1765.9601 -1895.3488 -2033.1097 -2137.6416 -2306.2312 -2507.7058 -2618.8301 -2667.2341 -2707.8057 -2701.1118 -2700.3787 -2737.334 -2786.209 -2790.7983 -2751.7813 -2767.4856 -2788.5566 -2910.0984 -3029.8108 -3017.7065 -3019.8171 -3284.3042 -3510.4038 -3483.4622 -3457.6099 -3372.0081 -3283.7039 -3236.4365 -3187.1909 -3153.0898 -3269.8511 -3361.2322 -3409.8203 -3593.02 -3702.5835 -3668.7612 -3366.6177
-1372.9219 -1381.4371 -1342.7686 -1227.5945 -1153.429 -1066.0015 -1008.804 -972.0164 -960.6024 -1035.5133 -1100.2808 -1137.9993 -1181.8967 -1226.2446 -1259.2814 -1306.2843 -1354.7281 -1425.1367 -1503.1711 -1587.3479 -1648.3889 -1730.9176 -1843.2332 -1983.3185 -2209.1287 -2376.1873 -2435.9546 -2509.7266 -2603.3921 -2670.2627 -2712.9661 -2776.8586 -2815.4346 -2841.3716 -2784.8313 -2756.3523 -2834.5107 -3020.2456 -3082.5886 -2981.2058 -3040.3342 -3354.4111 -3578.3049 -3586.95 -3540.5339 -3447.0542 -3381.8276 -3323.6589 -3302.5083 -3309.2471 -3419.9136 -3480.7539 -3494.0564 -3587.4319 -3657.0857 -3610.5039 -3351.7297
-1445.0211 -1395.6409 -1321.8015 -1219.6923 -1200.667 -1134.9304 -1064.3339 -1036.703 -1021.4207 -1027.1782 -1066.4596 -1114.0211 -1171.4998 -1245.4708 -1293.2605 -1325.6324 -1331.05 -1364.6113 -1408.6815 -1473.864 -1559.3452 -1653.5215 -1788.5107 -2017.2041 -2178.9546 -2221.1768 -2281.5938 -2386.6975 -2520.251 -2661.2532 -2733.7168 -2824.8748 -2852.04 -2848.1587 -2828.7974 -2844.8398 -2951.4485 -3056.1553 -3134.4607 -2994.8826 -3103.6118 -3472.426 -3626.6116 -3646.0669 -3637.1499 -3549.4058 -3511.1462 -3421.4895 -3381.1516 -3460.3206 -3524.3655 -3580.7283 -3561.7131 -3574.9001 -3633.6509 -3628.9731 -3462.3835
-1499.6732 -1454.5104 -1340.5603 -1201.2876 -1226.5333 -1220.444 -1128.5442 -1102.8241 -1111.236 -1098.4243 -1102.5769 -1120.6143 -1161.8303 -1221.9119 -1263.3398 -1282.637 -1287.2494 -1309.6548 -1349.5896 -1420.076 -1529.9766 -1675.4551 -1848.6799 -2062.4817 -2188.8596 -2209.6628 -2277.5671 -2365.1001 -2484.1404 -2635.9475 -2719.1101 -2832.3315 -2873.7795 -2813.3374 -2805.4155 -2904.3467 -3097.668 -3118.9412 -3162.8511 -2999.3511 -3094.9126 -3488.6736 -3645.3909 -3617.2854 -3659.1782 -3613.8008 -3573.5737 -3470.2561 -3444.0759 -3497.407 -3536.146 -3599.7874 -3574.8787 -3549.7258 -3628.2275 -3665.7766 -3569.4397
-1487.2959 -1486.9846 -1383.0145 -1250.1193 -1245.6351 -1256.4537 -1188.8981 -1168.1759 -1164.5214 -1141.8492 -1149.0261 -1180.5782 -1203.5521 -1229.6511 -1259.0476 -1258.149 -1255.1146 -1283.8475 -1336.6332 -1422.0063 -1548.6953 -1721.2445 -1870.4558 -1995.2368 -2133.5603 -2228.1543 -2316.8726 -2375.7878 -2474.9763 -2609.9028 -2687.9429 -2785.8989 -2847.4475 -2811.27 -2762.8779 -2856.9326 -3140.1892 -3087.9658 -3005.3083 -2843.1499 -2990.3467 -3412.5515 -3639.8003 -3615.1462 -3633.6045 -3635.8962 -3589.2188 -3531.5339 -3552.9756 -3478.9329 -3469.0928 -3566.7148 -3542.8757 -3504.9971 -3584.6086 -3685.2727 -3629.0364
-1460.9962 -1473.9674 -1398.3636 -1315.652 -1269.8441 -1254.1754 -1246.5653 -1243.8442 -1187.2546 -1140.963 -1173.91 -1227.0924 -1228.9921 -1255.6722 -1319.2421 -1296.7415 -1238.6229 -1273.3344 -1342.8063 -1407.3401 -1522.3567 -1686.9486 -1829.2032 -1973.4562 -2113.6523 -2240.3818 -2346.916 -2420.2634 -2518.0854 -2604.0969 -2676.9004 -2761.8635 -2824.3201 -2849.5647 -2832.186 -2854.2197 -2992.6719 -2856.3962 -2700.9939 -2614.0986 -2801.9744 -3237.1165 -3527.6804 -3631.3081 -3598.4412 -3623.9128 -3604.8486 -3614.6292 -3608.1938 -3498.3799 -3460.4822 -3543.9275 -3431.4177 -3429.5955 -3515.9412 -3681.1941 -3651.658
-1472.3257 -1461.0505 -1437.6604 -1380.5283 -1321.7273 -1277.2834 -1276.1938 -1280.8932 -1219.4714 -1187.3937 -1207.7703 -1213.3157 -1185.9063 -1200.6151 -1250.5657 -1244.7056 -1211.7074 -1255.9561 -1325.6844 -1359.0984 -1440.3896 -1580.9119 -1729.7323 -1905.3944 -2084.6924 -2274.8896 -2447.6028 -2571.6465 -2641.7144 -2678.1384 -2713.3225 -2744.8809 -2776.7407 -2818.0583 -2852.3318 -2879.4832 -2848.8464 -2786.5046 -2685.1541 -2625.2192 -2729.8071 -3019.6167 -3275.1575 -3616.6609 -3611.5386 -3623.1248 -3630.7302 -3632.5796 -3611.7681 -3549.3967 -3502.0283 -3545.636 -3470.0195 -3516.6829 -3543.457 -3629.4802 -3623.9641
-1503.5188 -1427.8702 -1437.8379 -1431.7865 -1395.7689 -1335.564 -1286.9674 -1277.8361 -1235.925 -1220.3018 -1196.844 -1147.8423 -1123.7526 -1135.5078 -1148.5554 -1171.5536 -1196.2542 -1232.7626 -1286.4766 -1322.4513 -1386.7241 -1490.0272 -1616.7327 -1811.3016 -2001.4911 -2219.2576 -2457.7012 -2603.0889 -2644.115 -2662.5779 -2671.6816 -2694.0564 -2716.0581 -2698.4424 -2734.8787 -2842.2227 -2769.031 -2799.5718 -2778.5332 -2763.0801 -2836.5737 -2969.5662 -3183.1462 -3638.7585 -3707.1777 -3640.5708 -3634.8745 -3621.3682 -3630.8149 -3614.1965 -3596.3074 -3608.1851 -3593.3313 -3585.2803 -3556.0632 -3581.8638 -3541.2395
-1530.3522 -1429.8898 -1406.6815 -1446.9006 -1446.8094 -1405.6987 -1324.0963 -1274.8333 -1237.4705 -1256.6243 -1222.621 -1149.3081 -1116.6062 -1102.8279 -1122.2723 -1180.4161 -1220.7992 -1231.5049 -1208.3053 -1211.9849 -1289.8292 -1405.2698 -1546.5245 -1739.532 -1915.1733 -2106.5049 -2314.3032 -2437.7585 -2478.9309 -2508.249 -2548.0691 -2610.1145 -2662.5422 -2594.907 -2577.7039 -2813.1145 -2838.9521 -2811.2153 -2829.1621 -2923.1516 -3045.5229 -3163.7197 -3372.0901 -3703.2065 -3775.8564 -3718.887 -3675.4517 -3600.9617 -3621.9182 -3674.6775 -3636.1843 -3624.6094 -3634.4048 -3525.7578 -3448.1519 -3462.1396 -3385.9524
-1537.1064 -1428.5542 -1354.453 -1343.6747 -1377.5223 -1372.5298 -1334.2937 -1332.917 -1305.7172 -1296.5383 -1266.8322 -1210.082 -1170.1841 -1111.694 -1106.2225 -1153.7041 -1202.9142 -1221.4081 -1213.3932 -1219.8972 -1254.4 -1372.7444 -1543.3777 -1698.403 -1858.4877 -1992.2771 -2150.3821 -2285.967 -2360.5896 -2399.2483 -2422.2224 -2458.6108 -2536.4919 -2524.564 -2514.5522 -2708.8242 -2825.1453 -2826.3481 -2875.9094 -2992.7732 -3218.2847 -3349.3379 -3503.4358 -3709.4661 -3842.2227 -3804.4646 -3745.356 -3599.741 -3587.613 -3663.8789 -3578.5354 -3546.863 -3554.1375 -3472.4578 -3404.7012 -3376.7607 -3310.886
-1475.0703 -1356.1143 -1293.4102 -1266.0088 -1293.9647 -1261.9254 -1253.6947 -1272.1598 -1287.2548 -1309.4443 -1270.5284 -1224.6576 -1198.8785 -1139.5214 -1115.7566 -1133.6431 -1172.6364 -1200.032 -1237.0081 -1217.6073 -1179.3043 -1278.0969 -1447.7615 -1634.6129 -1811.3624 -1897.6219 -1996.1569 -2123.626 -2258.2842 -2330.9104 -2347.0305 -2352.6868 -2426.7231 -2468.4438 -2478.2937 -2630.4268 -2761.9421 -2790.2495 -2946.6956 -3092.6467 -3224.1665 -3253.8169 -3376.3433 -3570.4004 -3839.459 -3804.176 -3805.4734 -3649.4441 -3561.4771 -3578.8284 -3502.6082 -3483.0654 -3468.4968 -3410.7063 -3344.5581 -3338.5903 -3382.7654
-1370.1255 -1289.1335 -1277.3044 -1299.5021 -1292.382 -1237.874 -1228.4972 -1211.3088 -1230.9406 -1269.7462 -1252.6967 -1210.4387 -1180.1067 -1147.7499 -1144.6606 -1163.719 -1176.5986 -1174.2717 -1175.7645 -1139.4777 -1123.7313 -1191.4794 -1314.8567 -1545.847 -1764.5356 -1845.3282 -1886.519 -1965.832 -2076.0481 -2158.8762 -2198.8369 -2273.3032 -2344.0713 -2359.9331 -2401.1208 -2592.8535 -2725.2544 -2852.7966 -3066.5662 -3181.2178 -3079.8611 -3011.9541 -3192.2554 -3455.2085 -3853.4387 -3857.7834 -3838.9485 -3693.0527 -3616.6394 -3599.4468 -3482.239 -3434.0796 -3413.5469 -3370.0493 -3308.9626 -3372.5898 -3478.269
-1285.5688 -1261.1941 -1244.8914 -1261.5482 -1266.4678 -1234.5536 -1231.3186 -1219.1835 -1208.7263 -1209.1169 -1239.1641 -1220.3063 -1166.6782 -1141.7395 -1161.7871 -1199.8531 -1196.7612 -1161.2654 -1123.3832 -1093.5516 -1071.9153 -1119.8784 -1251.427 -1466.0464 -1698.2017 -1819.9595 -1849.8075 -1881.1295 -1939.8839 -1973.777 -2049.6536 -2204.1453 -2270.8142 -2284.5488 -2354.4431 -2546.6025 -2709.9502 -2952.7642 -3076.5015 -3078.3647 -2980.3865 -2901.8062 -2983.231 -3275.6941 -3796.2236 -3874.5874 -3767.0815 -3710.084 -3694.9165 -3641.3176 -3523.4883 -3478.5942 -3371.4729 -3307.1079 -3285.6211 -3356.105 -3448.4158
-1254.6831 -1237.0392 -1196.9867 -1211.1466 -1214.3629 -1195.0575 -1167.2129 -1129.3188 -1101.3523 -1115.5319 -1163.8551 -1182.0092 -1147.6676 -1106.8856 -1105.1399 -1134.5883 -1150.7637 -1089.8849 -1049.3254 -1066.5403 -1049.7203 -1076.334 -1207.3265 -1405.4091 -1615.0194 -1760.0066 -1841.3616 -1895.9032 -1936.7141 -1901.4274 -1952.6469 -2144.0122 -2243.7363 -2269.802 -2347.6499 -2573.2793 -2773.8979 -3031.2378 -2948.7947 -2821.4827 -2859.021 -2848.551 -2850.1472 -3086.9724 -3614.0039 -3804.905 -3733.3367 -3723.4785 -3750.7454 -3678.8784 -3577.4609 -3488.8088 -3375.3818 -3273.1384 -3299.6521 -3357.4377 -3359.4475
-1280.5104 -1296.6774 -1238.6814 -1228.8656 -1225.6273 -1180.16 -1128.0552 -1093.6174 -1044.8878 -1012.7833 -1009.462 -1040.8575 -1065.7952 -1062.6069 -1021.5659 -1015.8084 -1077.7122 -1076.9017 -1043.698 -1056.6118 -1048.8157 -1039.2588 -1102.2629 -1308.0237 -1580.2849 -1710.9513 -1793.0875 -1873.8718 -1896.4259 -1851.96 -1923.5413 -2080.521 -2160.0139 -2181.6357 -2279.1262 -2516.5266 -2788.925 -3060.1868 -3006.6953 -2847.6326 -2808.4514 -2898.6738 -2966.7207 -3120.418 -3513.9465 -3699.991 -3716.6404 -3703.6624 -3718.6963 -3642.1313 -3582.7073 -3510.2664 -3469.0808 -3367.9795 -3393.1616 -3363.46 -3277.573
-1392.9562 -1361.2083 -1322.48 -1303.1635 -1262.6873 -1222.521 -1187.3612 -1147.0577 -1093.5555 -1029.7631 -974.3209 -938.6629 -970.2404 -1020.5418 -976.5542 -935.0203 -979.5802 -1073.8528 -1081.639 -1055.2122 -1073.1068 -1042.2365 -1041.3407 -1261.4098 -1590.1913 -1672.7408 -1686.8347 -1785.7889 -1826.4038 -1849.2466 -1957.2811 -2024.2942 -2050.3398 -2120.5959 -2267.0046 -2423.7888 -2675.8904 -2936.6924 -3058.7153 -2966.7588 -2821.2205 -2861.1516 -2930.2007 -3155.9272 -3525.4382 -3609.0398 -3562.5813 -3545.5691 -3647.4558 -3583.8818 -3569.7646 -3537.3308 -3476.2683 -3469.76 -3511.5762 -3370.8059 -3293.0142
-1485.1733 -1417.1818 -1388.9825 -1346.9929 -1291.2264 -1263.5074 -1225.4344 -1174.0256 -1134.2943 -1072.8729 -1007.2264 -967.9661 -983.4011 -972.1608 -946.2719 -958.3896 -971.8618 -1043.9237 -1105.6875 -1097.7784 -1096.2559 -1045.6204 -1046.203 -1242.0557 -1534.0048 -1625.703 -1618.6763 -1724.7826 -1798.3738 -1874.2021 -1993.3491 -2016.0691 -2012.4063 -2071.3967 -2238 -2378.0469 -2540.0481 -2728.9507 -2944.2529 -3085.9697 -2988.8015 -2770.8774 -2734.0283 -2975.936 -3440.2747 -3591.51 -3502.6331 -3428.2451 -3466.8237 -3449.2209 -3527.5574 -3529.0688 -3485.5315 -3490.7939 -3488.9504 -3407.3892 -3386.3733
-1528.444 -1461.8997 -1436.2186 -1375.8582 -1325.3511 -1293.0239 -1237.47 -1178.3925 -1130.605 -1069.1616 -999.4668 -965.0792 -1008.1293 -987.2666 -939.7159 -951.7079 -979.6454 -1046.2642 -1171.7125 -1189.5216 -1129.1604 -1090.7683 -1106.6019 -1196.4796 -1386.0376 -1553.5341 -1546.3693 -1593.4717 -1707.9916 -1847.7322 -2005.5341 -2056.0867 -2100.9412 -2171.4253 -2174.8535 -2272.6941 -2456.0891 -2650.999 -2882.1484 -3110.9546 -3003.1064 -2750.6951 -2689.1711 -2753.3921 -3355.4675 -3546.3018 -3384.9482 -3329.1643 -3283.7756 -3281.2908 -3434.0884 -3500.644 -3470.0374 -3450.8657 -3429.4202 -3408.2031 -3386.6804
