Resources/Map/Lvl0_30x30/Ele_BH.asc
ncols         335
nrows         335
xllcorner     3405000
yllcorner     3325000
cellsize      10000
nodata_value  -99999.0
[rows 87 to 115 of 335, columns 192 to 255 of 335]
26.517 32.9277 47.6221 53.7451 44.1882 42.0151 60.3168 57.5479 54.9422 78.2619 99.0947 79.7317 56.1998 29.0778 38.8429 32.4201 28.5324 30.3465 36.861 47.7994 39.3529 77.7351 88.8613 122.596 126.7355 117.1018 126.3419 135.7864 139.2638 136.0315 119.0049 103.6062 99.8364 71.8165 121.5522 153.7664 118.022 166.557 178.0431 210.4984 150.7625 109.0677 136.7389 185.2418 171.7271 185.2426 166.2461 162.8046 141.8399 160.4215 141.627 153.297 130.935 139.8677 146.1132 188.1578 192.8188 175.1923 216.4692 247.3291 202.6669 213.0187 209.1493 166.2013
33.0022 50.7852 63.8677 81.0023 59.535 80.5414 92.1241 98.4618 96.684 82.0717 41.4 24.8581 20.7813 33.5125 37.4281 38.514 43.6817 36.771 51.0655 83.0805 68.0632 49.6721 72.5072 91.9568 101.4935 83.1487 103.3267 110.1834 143.8646 148.7816 147.7572 134.9269 146.3781 96.514 98.89 139.6472 165.2885 173.8027 141.5492 141.9908 174.4374 120.0317 83.577 98.1959 145.332 152.2863 152.8796 124.5419 129.3576 140.595 182.18 161.1351 145.8408 118.2589 141.1191 135.6688 132.1931 193.5196 176.3789 136.9468 129.72 140.6956 206.4066 175.2365
24.3319 35.245 25.7265 22.5112 20.556 24.558 24.1447 36.1617 27.3308 25.0974 28.5522 32.8823 44.9786 73.5499 72.3246 65.9347 56.6929 45.9004 38.5645 75.3981 77.5067 63.973 81.2789 76.4373 76.9052 96.8163 126.3462 106.2802 88.2758 124.7654 112.108 157.6308 155.3808 123.1706 139.1586 171.9565 175.299 117.114 164.2285 109.9695 108.4324 79.2264 61.1208 71.0312 69.8062 79.82 87.8423 113.639 146.915 168.3549 165.8328 116.1307 114.4936 137.4289 90.831 131.2697 133.6262 174.3147 198.3057 120.5161 128.4882 109.04 120.1505 174.1433
23.23 20.5953 22.3732 19.1192 24.3602 28.2109 35.9767 29.6044 39.0156 50.2405 65.3934 80.8114 95.0296 108.5877 96.4099 84.1228 65.4712 52.7982 40.8325 41.056 96.0855 88.0848 79.7252 107.3974 121.2592 118.4971 122.0038 88.0376 79.2161 119.9417 116.6685 151.2525 150.092 173.1762 151.1398 140.2498 100.2038 85.9989 117.7958 95.2968 53.4019 85.1291 100.5989 117.7823 127.9967 119.5941 96.3405 120.5557 102.5951 108.1103 136.8913 119.4741 110.6896 120.1214 85.6964 129.4338 111.8424 98.629 125.5644 130.5471 129.6573 112.2611 107.885 114.3886
31.3164 30.4245 24.6174 29.2506 63.7142 92.6296 77.7108 42.6396 86.5198 115.3445 101.1833 110.7451 119.7681 110.8784 100.5812 71.866 57.0869 45.1981 44.0573 46.756 41.7486 64.3534 93.8913 108.5368 99.0579 104.5765 113.8192 71.4141 79.5773 85.1017 102.6377 118.7192 153.5497 161.042 130.9271 115.7429 132.8128 94.1987 107.5371 53.3804 59.1815 123.5659 100.5685 122.5982 124.6315 106.4426 78.9588 97.9352 83.8262 92.4196 86.1865 105.0775 102.1392 87.3737 59.3974 61.8718 78.513 105.3982 106.407 100.7757 88.5601 147.908 184.878 164.6115
47.9151 28.9022 29.2478 74.4643 87.6513 102.1696 63.7332 72.499 93.9449 114.1337 104.4993 105.6535 85.7821 96.6627 62.0428 90.4658 51.0367 54.2781 81.1807 74.9536 59.6623 51.2361 48.7649 46.3774 44.5488 50.0698 52.0969 58.3781 54.7505 62.0242 113.7072 124.616 104.8276 114.8075 78.6614 85.8311 59.7817 64.126 64.7006 42.6585 50.9865 99.0334 87.2085 84.3735 70.1782 69.9976 57.1341 64.5532 62.2688 69.4175 77.7898 78.1923 79.7822 48.2311 53.4164 73.7301 73.8123 59.5791 64.4842 96.0187 81.5057 116.3651 86.5078 81.9293
39.141 34.3903 40.5343 62.911 70.3071 72.9327 105.9437 110.7576 101.7075 92.415 103.3604 104.3449 106.4542 108.1385 89.2571 53.045 46.5289 47.3482 80.7176 102.5404 80.8441 73.3511 75.2146 53.5381 69.48 87.7338 72.566 84.0073 88.597 73.224 61.446 62.9584 101.2004 124.8192 149.6778 126.5369 145.1099 117.4877 66.6103 51.331 39.4187 59.1285 64.9752 64.4053 49.374 44.2618 48.3426 47.2747 45.4971 49.751 53.0379 57.2855 56.9821 51.9108 56.9197 46.4203 45.2419 45.2823 46.156 43.5703 52.7501 58.1322 63.7337 58.3143
55.6283 87.3732 92.3826 78.5938 90.6018 94.1498 105.0954 82.1396 94.5684 103.0429 107.6058 97.0967 99.5286 95.6617 77.4891 56.4471 67.5307 56.5281 68.1089 59.7834 72.9138 94.6652 89.3218 67.2366 69.6489 89.3121 107.592 79.0393 106.9956 109.8017 100.8552 105.5417 113.0437 136.1657 143.3806 125.0494 103.6404 97.145 84.6268 50.2346 39.8287 41.9141 45.2957 45.7893 47.2281 40.1459 32.9483 37.7837 36.2428 41.089 39.7954 49.4417 45.18 42.8298 56.2848 48.9268 51.0537 52.3871 55.2952 60.4483 62.4068 42.5786 49.2869 63.0531
90.8642 81.4693 108.8316 102.243 99.6516 109.4922 95.457 70.5314 97.6656 103.709 104.1415 74.6155 104.4313 103.6751 111.4843 84.1898 105.2898 66.7745 76.0374 98.5214 69.9251 83.4646 90.0086 77.5675 81.9937 79.1164 88.4159 93.6075 119.8859 156.9107 135.2774 143.178 141.2894 124.3847 111.4588 90.3013 86.0269 61.6743 47.1095 36.8282 32.0784 37.7002 40.2308 37.54 42.4478 24.6296 49.0531 40.9939 32.6456 30.1494 43.4871 40.1921 37.8381 49.9384 45.4886 40.2391 69.3721 86.8955 80.6812 73.6306 64.3327 58.1855 57.9624 50.6793
97.4194 87.4271 87.187 90.0649 92.5891 93.2506 90.4574 76.3628 85.6623 81.8469 57.534 93.2797 75.081 77.9531 108.5478 114.9822 116.4185 100.132 113.2941 103.2318 82.1384 79.8633 117.1969 110.2486 126.5701 124.3116 141.4305 141.3817 114.0918 141.378 127.7436 100.7495 74.786 58.9693 48.095 44.5623 39.4988 33.2595 37.5326 28.9911 26.9203 29.6107 24.7132 32.9678 46.0174 81.2283 67.8279 58.4899 61.9217 51.2452 56.2412 100.8923 95.5565 76.4916 55.9838 46.7388 53.9987 93.6433 119.3556 96.1563 78.2378 91.8222 113.3698 100.9621
85.101 74.5652 70.7122 78.416 84.8274 86.1719 71.5708 64.559 83.9418 72.2906 48.807 80.7535 82.176 63.9277 77.2736 90.6579 110.2841 139.5972 158.7488 151.5604 114.5066 86.7061 117.4903 166.4895 131.0174 99.0222 163.3122 115.391 94.0066 62.9453 77.2169 65.5832 62.6922 50.8557 75.2577 79.9545 90.9825 68.9609 40.012 31.5442 29.3138 30.6557 46.504 77.4286 91.0919 69.4579 61.8415 83.9431 92.7267 56.9179 56.4151 104.6251 87.4899 59.9896 56.7071 63.2834 43.2951 55.0238 90.0968 126.9967 131.2897 111.3039 137.31 125.1387
83.5682 77.6466 69.7618 84.6189 85.0258 81.7505 71.2409 44.9549 43.1016 54.1752 44.8993 61.3566 96.1023 95.2052 81.122 79.295 104.5879 146.8004 152.0343 134.8014 130.8029 136.1527 114.3325 97.5204 132.4199 115.0947 87.3787 82.2036 73.9614 111.0223 92.7699 75.6388 77.7043 79.265 74.5304 63.2543 73.7948 49.9695 54.3402 23.8041 32.7076 31.6668 46.5778 81.6081 65.4484 56.9044 59.0785 82.404 107.7126 88.1898 90.8957 83.0135 83.1535 86.8525 83.4109 64.0692 48.6659 54.927 69.184 107.334 161.1834 153.7522 165.2673 158.624
51.0009 71.2655 72.5749 81.0666 63.7309 47.703 37.1162 46.9798 75.2492 72.331 47.542 58.0555 72.5018 75.4766 87.5983 101.9567 111.6017 116.3449 78.6172 83.9125 112.6509 113.6793 60.8952 65.3976 85.1438 107.7511 103.3862 85.4774 70.3138 60.1021 56.177 54.4722 41.6476 49.7457 41.7947 37.1944 32.2007 22.0898 21.8894 26.0461 30.4205 30.7847 50.1689 32.5282 40.9975 50.1886 68.076 90.5329 137.0255 138.436 118.6442 126.8188 130.1552 105.9719 78.107 85.3886 57.1861 56.0985 65.3875 77.0572 105.1016 135.3701 186.133 160.1103
78.5777 79.4417 62.6639 56.3806 34.6874 49.6874 64.7608 78.8288 88.5721 70.3844 51.6871 53.1826 67.2446 74.4897 80.3897 101.6227 122.9514 91.6159 97.5402 64.3614 70.5146 76.3054 63.9594 40.9621 45.6807 48.0954 46.9636 40.5273 38.2258 29.596 31.4635 31.8094 30.0458 30.6848 29.5927 27.6891 28.6287 19.6546 30.5824 27.9823 29.8056 28.2976 37.7328 41.7872 46.9583 53.0519 56.6677 64.0257 85.1636 99.5166 141.9668 142.9333 142.0508 104.5227 116.809 88.1367 67.9369 63.1378 58.6565 72.5866 104.52 155.8318 207.8498 150.0896
80.5784 78.5853 56.9764 36.6858 53.3118 71.0592 82.4098 93.5879 108.5489 86.5682 75.8325 73.7285 77.7397 86.9163 74.956 56.3667 54.1372 55.9387 50.384 44.2229 40.4516 39.3236 38.4444 31.9318 33.4768 31.4555 27.4451 28.7092 25.539 24.9783 25.6652 23.9203 24.3777 24.4482 26.4896 26.5916 19.9335 18.9272 26.4792 26.4401 24.1708 25.2839 35.8463 45.5723 48.2177 57.728 43.0189 62.5822 63.6511 46.3528 79.5488 95.5257 93.8329 116.4842 125.1762 103.2293 88.5564 88.9994 76.8661 51.7275 102.5494 131.5587 109.6633 169.5255
61.0314 48.9979 33.8306 42.2062 58.5577 71.8125 72.0138 79.2689 92.1604 89.808 91.5244 77.6667 53.4456 35.4093 30.3275 30.3479 33.6943 35.7394 34.9989 29.7973 31.3776 30.7638 29.6361 28.1098 27.5549 23.3915 22.3923 20.1839 17.2533 19.0532 18.4375 19.1979 21.4614 23.1302 22.4375 21.1385 18.3758 21.7964 25.1273 20.9171 20.3323 19.0723 21.0831 25.8656 25.7965 27.233 40.4541 59.749 42.4945 43.5853 57.7647 87.1085 70.4158 87.9509 102.0255 139.2683 101.27 139.209 94.8004 79.3623 74.1692 74.5402 75.0571 104.842
35.5269 26.8449 39.619 59.2458 65.6648 58.3308 69.6498 62.4276 52.2785 53.9855 45.7782 39.4242 31.1465 26.9503 25.0103 24.027 21.6053 22.5901 23.3324 22.7007 25.3201 22.6123 18.3965 21.4653 20.8449 20.4377 20.5192 15.9231 18.0936 18.9321 15.7113 15.8802 17.0343 19.0072 20.2732 21.9063 21.7504 13.7316 20.8951 15.7559 14.8592 16.0476 17.8142 14.4127 16.9922 16.1111 22.5155 28.0726 35.3134 47.184 59.5299 50.9256 54.0074 72.1936 98.5008 104.7857 95.16 128.505 129.8145 112.4325 113.1811 122.4343 108.2122 89.9278
51.586 27.5325 45.2312 48.1515 38.8271 58.6584 56.1185 56.2404 44.6798 39.2599 32.5116 28.5326 23.926 21.7898 18.9871 19.5891 19.7809 19.7847 21.5923 17.9032 19.3201 18.9917 18.464 19.703 17.662 17.4299 17.3718 14.9411 18.3833 21.202 18.2967 20.005 21.6689 24.8429 20.5508 19.1728 19.9037 20.3294 16.857 11.8735 17.5561 10.3796 1 3.7322 16.1073 19.0519 23.0985 27.0736 27.6448 34.3484 42.7218 55.5487 71.6084 75.432 71.4378 55.5256 63.6945 78.4989 120.7402 154.3475 158.1513 124.1255 112.3418 117.493
57.2421 50.3195 26.9968 25.6557 26.8085 34.7114 40.5057 34.4388 32.8863 30.2377 31.7066 23.6543 21.7332 22.3797 21.6652 20.1246 16.8531 15.388 14.7071 17.2465 17.9285 14.1635 16.4413 18.2538 13.9689 17.2601 13.9572 13.6908 19.3137 15.923 16.6109 19.0411 20.0597 24.0226 21.2856 16.4109 18.3008 18.749 12.3394 11.832 11.3034 9.8872 9.0208 25.9875 40.4389 30.7144 20.9178 22.6005 24.2294 27.7341 32.7312 41.3423 43.1862 40.131 54.1171 62.6877 81.2125 90.5826 88.2299 82.4425 77.1936 93.5991 126.9992 109.8317
35.5861 36.1932 34.3491 27.2399 20.5661 20.5553 21.7052 21.7295 22.4745 21.2305 20.4569 17.5458 18.4584 19.511 19.9347 18.8379 17.7234 14.274 13.6736 15.8612 16.0604 12.7852 12.7114 11.5226 11.5154 12.9556 12.9824 14.2433 16.692 15.4538 17.3924 18.0241 17.6776 16.9959 17.1764 14.0884 14.9616 13.3368 10.7787 10.4258 9.5154 15.7519 38.5992 47.7621 43.0377 37.1735 21.7646 21.5507 22.5138 23.8369 27.1756 29.754 32.828 42.3345 54.5839 50.6129 44.6912 45.6042 60.1103 62.7141 103.5935 128.6541 134.9776 99.5568
27.7611 28.2737 26.5113 27.712 28.3699 24.2397 23.1562 23.1484 23.0728 21.9591 20.4163 16.673 19.6735 20.5547 19.1983 17.7601 17.0861 15.3753 15.6888 16.8737 12.3369 12.1972 12.0824 11.0045 13.5049 14.6025 17.6348 19.5532 19.9313 16.9852 19.2937 21.0526 18.136 17.226 15.748 16.2575 12.8667 10.8573 12.2832 12.1363 8.2379 10.577 21.8843 31.7792 33.9807 36.8951 25.3691 19.6207 22.7888 23.8016 24.4993 24.7473 24.6167 27.2184 31.9321 36.2655 43.8151 54.1622 74.7547 88.9857 102.3928 94.2618 126.6891 120.3098
26.4809 26.5714 26.4884 23.7979 29.1365 28.4052 23.6966 24.5465 24.3552 25.5214 19.3241 20.2779 21.0016 18.2909 18.944 15.7203 15.483 13.0175 14.8281 4.7142 13.2661 11.1364 8.5431 9.0996 10.2992 15.2575 15.783 17.1958 16.8346 17.1831 15.1228 17.8619 19.149 16.4391 14.9919 15 16.0935 9.0196 6.5474 8.1165 8.2536 10.3675 17.8028 23.5021 25.3874 31.8716 25.3734 18.139 13.1395 18.555 20.2826 20.9098 22.872 24.84 25.3629 27.8099 35.4508 47.6408 57.1651 71.0474 64.2937 63.9054 67.7718 71.3714
27.9486 25.2982 22.713 19.264 18.5416 20.8663 25.8736 24.4563 23.5237 18.9886 19.7903 22.0656 20.0017 19.8946 16.8414 16.1748 16.0533 14.5718 14.6606 10.0301 9.9276 12.5734 8.6006 10.3589 10.9753 9.7805 9.2586 12.4157 10.2754 11.4973 14.2431 17.0742 17.2326 14.1654 13.2511 12.2771 12.5078 7.0981 9.5975 6.9257 6.5243 8 10.0029 11.1634 12.501 13.9514 14.8038 13.5864 15.3044 17.9673 16.4555 18.546 17.0333 20.4871 22.9158 22.8238 34.859 44.0934 43.2216 28.4485 51.2183 56.6277 74.6034 85.7417
27.7531 24.3898 20.4048 19.329 17 17.4946 19.3703 19.9476 26.3081 22.8311 20.5164 18.1523 19.6946 20.1157 17.2943 15.3591 13.585 14.1935 12.671 10.122 9.8093 8.9227 11.3047 10.1177 7.4338 15.1746 13.5089 13.6085 14.1725 14.2738 15.0223 16.7271 13.9667 12.6986 12.6899 12.7669 7.2985 7.439 7.2945 4.2587 7.6736 6.7599 7.5283 9.5828 10.961 11.544 12.4442 14.3037 14.3612 16.9337 17.1343 16.0207 16.1451 15.7627 13.1801 22.2404 25.1419 32.6609 34.5111 38.0225 42.5018 60.0573 80.2345 86.6722
31.9683 24.1549 25.7568 23.6051 19.0597 18.7427 15.2663 16.5809 16.9547 19.3566 23.7195 21.7706 19.4838 16.4343 15.9023 13.4679 11.5355 11.4386 8.4411 8.0477 6.5921 5.3859 3.9836 3.2853 5.8942 10.3056 11.0859 11.7015 12.2298 15.4056 15.118 13.5917 10.2535 8.3968 9.6593 8.6851 2.6436 3.4001 1.0859 5.9691 1.5598 1 4.2164 6.0965 7.3321 7.7486 8.7471 10.6793 13.4436 14.5037 13.1493 14.6608 11.9885 8.1006 12.2009 15.1749 16.4716 20.6729 25.6965 28.6808 31.7884 57.2923 71.4216 75.1128
36.3896 32.8254 30.4857 24.4519 19.1825 20.375 21.3587 20.3705 19.4195 17.4258 22.1051 22.9779 15.8331 23.852 17.3676 13.7461 13.1218 11.0841 5.8649 4.1034 3.968 3.9746 1.1505 2.6131 3.9691 6.1906 4.9581 6.7121 8.657 9.7813 12.4986 10.0111 6.5665 5.7258 6.7708 3.1124 2.403 7 6.9175 5.8622 4.769 5.4123 1 6.3651 5.2473 5.1167 6.2614 8.8504 7.6742 6.4884 8.2288 10.6053 10.027 11.8644 11.4258 16.2347 27.2797 23.746 24.1154 42.5763 39.5088 48.7617 48.9641 60.2283
22.9875 27.9634 31.0957 27.6935 22.9027 18.6532 17.318 18.3674 14.2186 13.5326 17.3131 19.0659 17.6271 4.7072 18.8722 12.5853 7.3924 8.8671 5.5947 1.5876 1.9537 1.6493 3.1632 1.3 2.1145 2.1584 4.4816 5.5355 6.5442 8.0783 9.0714 8.7486 4.8261 5.3889 4.4672 3.1698 2.0022 6.6605 6.578 5.4159 3.1921 2.6027 4.3211 4.2557 4.1964 1.6338 3.2534 3.4395 5.1219 3.3703 4.2427 6.1004 9.6381 6.6051 7.48 20.5798 23.6727 21.4499 25.8176 39.8792 41.7929 39.9422 41.5248 52.3434
9.1397 21.3436 31.894 28.7097 26.1465 23.5586 21.0835 21.8135 13.4666 15.2195 12.3334 14.9546 11.9847 12.0261 13.126 13.1899 13.0402 4.5252 4.7415 3.2296 2.6266 3.6587 2.5864 1.0081 4.0772 5.5174 5.6859 7.671 9.0952 10.6478 13.1135 3.3134 7.8621 8.7298 4.1352 2.9986 1.0485 5.277 5.2243 4.4382 2.2974 -0.2588 1 2.154 0.5335 1.4406 1.8491 5.9514 3.5799 1.4874 1.9918 6.0075 3.7985 13.6201 11.8699 9.6233 17.4585 15.5232 32.8573 21.4455 37.1168 34.4209 35.4393 44.2342
7.3199 14.942 21.3712 19.2473 21.1822 21.0488 20.3347 25.5953 26.9764 22.7636 14.7028 13.1393 12.278 12.6385 10.7611 8.5834 5.6866 7.7187 3.7382 3 3.7862 1.8952 1.638 2.1993 2.0714 2.3705 -0.0698 5.3573 4.8234 6.1581 5 2 3.479 5.8268 2.6165 3.2329 3.2329 3.2329 1 3.5764 2.8722 0.2125 -0.5964 0.3808 -3.2598 -18.871 -15.919 4 1.0011 2.1083 2 4.3599 6.015 11.9964 17.192 26.6387 28.7703 21.0016 15.4104 20.5469 22.3267 32.0656 38.1142 41.5516
