Resources/Map/Lvl0_30x30/Ele_CK.asc
ncols         335
nrows         335
xllcorner     13455000
yllcorner     -25000
cellsize      10000
nodata_value  -99999.0
[rows 286 to 311 of 335, columns 174 to 231 of 335]
-4705.6499 -4691.4561 -4666.2485 -4697.7656 -4618.4785 -4617.7139 -4514.1182 -4457.9351 -4555.8936 -4594.6958 -4573.4282 -4560.5571 -4707.5522 -4709.0923 -4687.458 -4722.3042 -4689.9209 -4515.7271 -4344.084 -4377.3604 -4376.7695 -4303.8145 -4369.7866 -4412.9897 -4346.0967 -4276.4849 -4246.0693 -4305.2559 -4370.4639 -4376.8276 -4482.9941 -4513.4351 -4343.1538 -4391.4883 -4357.0347 -4306.3228 -4350.0259 -4301.8403 -4125.8506 -4206.5723 -4170.8779 -4093.98 -4060.2615 -3992.4312 -4126.6011 -4067.2703 -3784.2598 -3698.4688 -3681.2153 -3556.5637 -3508.7446 -3399.5793 -3094.1548 -2800.7151 -2631.0378 -2660.115 -2561.2078 -2448.1365
-4686.5049 -4711.5532 -4648.9453 -4748.7637 -4686.4712 -4614.3711 -4495.6582 -4534.8198 -4586.4907 -4585.8813 -4605.9565 -4634.0229 -4769.9478 -4754.9917 -4713.1924 -4737.8506 -4665.4312 -4572.0645 -4460.2397 -4365.397 -4364.1133 -4413.4136 -4425.0474 -4396.3306 -4332.6958 -4236.5791 -4236.6104 -4322.793 -4378.8149 -4384.4312 -4452.293 -4514.8291 -4337.6611 -4362.8296 -4367.4019 -4310.5479 -4406.7729 -4371.9014 -4240.417 -4265.7632 -4234.5073 -4169.7373 -4214.5386 -4192.8354 -4201.606 -4119.7095 -3911.8318 -3768.4434 -3769.6887 -3666.5791 -3534.1223 -3275.3953 -2926.2595 -2625.5894 -2459.845 -2469.3354 -2399.5354 -2342.2131
-4813.6577 -4827.4756 -4701.9106 -4761.0059 -4715.9883 -4594.1309 -4474.8774 -4521.2075 -4587.5063 -4609.4595 -4615.9575 -4623.3408 -4703.7178 -4710.3237 -4690.7085 -4683.8188 -4600.1943 -4587.6196 -4576.1445 -4418.3462 -4386.2607 -4501.7632 -4465.2656 -4383.4326 -4340.5952 -4306.3862 -4272.9365 -4306.873 -4339.4375 -4343.5601 -4407.729 -4439.6465 -4273.9111 -4293.2153 -4308.4976 -4289.4395 -4375.5898 -4370.9678 -4297.9961 -4281.188 -4266.0581 -4271.2817 -4290.3472 -4235.6143 -4201.6655 -4093.8738 -3971.9519 -3849.0371 -3789.3193 -3747.731 -3599.5449 -3130.1038 -2708.0525 -2408.845 -2310.9961 -2291.9849 -2263.5706 -2273.6563
-4900.8584 -4860.9517 -4750.4888 -4732.3643 -4715.188 -4622.3037 -4512.4961 -4519.0894 -4555.0273 -4605.8804 -4601.8735 -4573.7314 -4576.3525 -4504.583 -4445.1187 -4458.4751 -4469.7397 -4527.6851 -4613.8623 -4511.9219 -4459.6938 -4556.2188 -4498.624 -4394.0903 -4370.3066 -4396.9351 -4357.7188 -4339.8706 -4333.7397 -4336.8447 -4378.3364 -4403.8125 -4307.2207 -4295.606 -4308.8354 -4323.5854 -4359.042 -4383.917 -4396.5835 -4342.5254 -4280.9595 -4274.8677 -4251.4697 -4202.6909 -4121.5469 -3965.9775 -3934.0803 -3937.9561 -3795.9167 -3662.8562 -3514.4292 -3054.3723 -2652.7908 -2332.3613 -2249.333 -2215.731 -2132.7947 -2177.4045
-4887.3848 -4860.2715 -4804.3154 -4763.9604 -4705.0083 -4647.6885 -4549.2178 -4533.7734 -4529.4546 -4545.6499 -4562.1738 -4647.8213 -4540.4878 -4392.6475 -4366.3628 -4461.7061 -4523.1133 -4531.0088 -4607.9414 -4606.5845 -4555.2241 -4535.6836 -4458.1123 -4370.6079 -4342.6392 -4365.7515 -4368.7036 -4393.751 -4413.2949 -4403.4448 -4377.4995 -4346.6533 -4342.2065 -4345.6621 -4307.481 -4336.5493 -4387.4678 -4402.8882 -4491.1113 -4436.8882 -4360.5728 -4274.2119 -4219.5562 -4163.2407 -4027.4602 -3876.3928 -3863.1626 -3908.0613 -3709.4814 -3484.5459 -3268.9448 -2934.2471 -2655.3235 -2365.5703 -2173.3376 -2295.114 -2247.9521 -2212.9048
-4765.0278 -4843.4175 -4797.0513 -4760.5952 -4734.207 -4714.1504 -4628.3359 -4526.2202 -4506.9946 -4528.7734 -4627.3721 -4817.0654 -4762.9126 -4670.5762 -4638.8174 -4700.0732 -4724.2734 -4670.1514 -4624.6865 -4656.4097 -4660.4595 -4550.9028 -4479.7305 -4442.0952 -4369.6294 -4355.8838 -4386.3086 -4427.3086 -4481.6157 -4508.439 -4452.3247 -4324.481 -4335.5308 -4403.9673 -4335.623 -4355.4839 -4427.7686 -4415.6748 -4496.6064 -4486.501 -4403.5005 -4311.1953 -4263.3428 -4190.2578 -4008.6614 -3846.5076 -3772.624 -3740.9978 -3532.5679 -3362.2595 -3078.1375 -2856.7957 -2761.303 -2619.9976 -2329.7039 -2473.4663 -2484.7666 -2288.9182
-4667.9092 -4737.4668 -4678.0332 -4635.5728 -4653.665 -4667.3052 -4684.0801 -4561.3208 -4504.1836 -4548.6675 -4656.5068 -4778.9355 -4758.6548 -4676.752 -4570.5195 -4505.8481 -4484.9141 -4576.2734 -4611.1499 -4621.2007 -4648.8574 -4547.7134 -4484.5942 -4449.9609 -4363.8252 -4347.1768 -4406.3882 -4443.9019 -4493.2417 -4531.272 -4496.585 -4431.627 -4395.8638 -4406.4351 -4383.7104 -4385.8999 -4403.6289 -4406.5386 -4464.5977 -4482.3286 -4370.9512 -4328.9526 -4261.9272 -4149.9409 -3991.3389 -3797.3511 -3730.8098 -3618.4519 -3361.9746 -3311.728 -3090.7327 -3039.0107 -3026.3938 -2862.8838 -2490.8354 -2571.8901 -2531.7417 -2366.6624
-4659.8423 -4651.9468 -4600.1172 -4551.8594 -4597.3311 -4627.9819 -4706.0679 -4660.52 -4544.7427 -4479.77 -4474.4858 -4506.062 -4486.7241 -4454.3062 -4453.6675 -4417.7695 -4369.52 -4505.9658 -4555.064 -4538.1172 -4529.1611 -4463.9409 -4393.5908 -4355.7881 -4350.5215 -4380.437 -4423.2388 -4450.9795 -4500.0288 -4485.1826 -4426.4746 -4453.3711 -4375.0317 -4324.8628 -4407.9463 -4381.8262 -4401.9019 -4438.3721 -4429.8857 -4443.2505 -4322.7998 -4286.0957 -4208.5801 -4084.7468 -4006.7725 -3848.0425 -3780.2864 -3605.1624 -3296.6033 -3311.1521 -3249.7852 -3198.9099 -3157.0725 -2680.7026 -2167.2632 -2537.4573 -2581.0496 -2467.4497
-4611.1431 -4583.4438 -4513.4653 -4472.6782 -4606.2646 -4602.958 -4631.5176 -4598.2505 -4556.1543 -4454.6904 -4410.3369 -4442.7939 -4455.2275 -4477.3218 -4551.3477 -4597.2544 -4521.6289 -4577.7852 -4543.0918 -4484.1392 -4484.9092 -4437.8203 -4404.8174 -4403.3584 -4413.1782 -4434.583 -4446.6006 -4467.9619 -4519.8252 -4471.3022 -4374.04 -4412.4028 -4328.2271 -4285.0288 -4367.749 -4333.3379 -4398.1763 -4426.2168 -4411.4106 -4424.8809 -4307.3325 -4275.9834 -4202.7124 -4046.7705 -3971.5962 -3852.6536 -3662.7666 -3594.8975 -3477.05 -3474.6802 -3427.1094 -3051.1011 -2863.8162 -2572.6167 -2388.9292 -2688.0564 -2625.344 -2425.1375
-4562.9058 -4583.5874 -4440.9189 -4391.0122 -4528.0698 -4554.3613 -4565.5581 -4520.043 -4526.3101 -4427.4722 -4396.8105 -4450.4697 -4515.2407 -4577.606 -4644.9878 -4630.7905 -4506.6108 -4599.9912 -4578.7671 -4457.5645 -4439.9746 -4464.8408 -4477.644 -4461.5542 -4458.9214 -4474.5889 -4460.8252 -4438.6816 -4460.2559 -4422.7632 -4336.8516 -4385.6289 -4350.9893 -4300.0215 -4321.9355 -4355.5459 -4394.9424 -4346.5986 -4406.7783 -4398.4839 -4270.8984 -4226.4307 -4135.0117 -3966.8569 -3883.2046 -3896.1436 -3694.6748 -3651.4893 -3653.6025 -3528.2075 -3372.7192 -2691.3784 -2494.5103 -2813.2815 -2812.9968 -2669.572 -2461.0842 -2275.6284
-4535.9458 -4608.2695 -4424.2705 -4377.1206 -4501.1309 -4490.5649 -4509.7563 -4499.0566 -4454.5449 -4416.3008 -4495.7061 -4490.689 -4506.041 -4570.7808 -4580.5874 -4501.7622 -4409.937 -4547.6655 -4581.0874 -4467.1099 -4409.5029 -4456.0249 -4461.8809 -4429.1538 -4452.564 -4456.3281 -4451.5161 -4430.5225 -4386.5776 -4372.7559 -4347.6387 -4382.2168 -4385.7808 -4327.0166 -4300.1855 -4352.0278 -4395.9341 -4358.2925 -4416.1875 -4360.8892 -4238.3315 -4217.1929 -4113.479 -3990.7712 -3959.9421 -3949.5562 -3777.7512 -3593.5747 -3557.3291 -3186.2861 -3112.8149 -2832.3181 -2763.2693 -3035.3901 -2873.5388 -2522.365 -2316.7061 -2239.802
-4261.7041 -4443.3062 -4358.7485 -4335.0859 -4464.3486 -4471.3262 -4480.8838 -4443.9312 -4404.7148 -4386.189 -4498.147 -4608.7407 -4670.1113 -4555.7173 -4510.8916 -4487.8467 -4471.1636 -4495.0244 -4515.3975 -4498.9395 -4446.4502 -4466.2231 -4438.9985 -4374.7832 -4406.4834 -4402.7539 -4402.0146 -4397.4849 -4344.8472 -4359.4614 -4331.3896 -4300.521 -4319.1006 -4301.8647 -4285.4385 -4349.6714 -4377.3945 -4341.4214 -4403.4717 -4342.3638 -4210.5493 -4236.3389 -4186.0654 -4057.4973 -3978.5784 -3899.7581 -3688.1792 -3417.1643 -3518.6587 -3265.7632 -3255.8662 -3243.8528 -3122.791 -3012.7742 -2689.156 -2380.7312 -2252.5781 -2252.3501
-4155.1455 -4283.5098 -4298.3091 -4315.3848 -4428.3726 -4490.2749 -4521.542 -4421.4487 -4408.1006 -4425.1094 -4437.3979 -4443.5176 -4594.4336 -4660.5366 -4549.4824 -4538.2524 -4551.9077 -4479.2446 -4414.5532 -4427.8267 -4432.8633 -4450.9097 -4427.2183 -4368.9854 -4369.5923 -4373.0767 -4336.8198 -4279.6304 -4290.0806 -4351.5957 -4362.4722 -4335.7417 -4295.9561 -4259.7822 -4207.3921 -4271.27 -4335.6255 -4201.5791 -4255.0625 -4259.0991 -4156.4985 -4140.2847 -4075.3391 -3996.6599 -3882.4985 -3773.9226 -3699.5769 -3565.2568 -3607.8203 -3493.8987 -3468.8601 -3432.7712 -3234.7124 -2928.1169 -2539.2053 -2383.917 -2308.5835 -2268.3767
-4233.9526 -4356.0132 -4363.6294 -4359.4697 -4478.77 -4539.5962 -4533.0684 -4406.2334 -4414.7905 -4472.707 -4507.0469 -4466.9717 -4521.6934 -4600.7124 -4546.9766 -4525.0957 -4560.7231 -4512.2407 -4435.4385 -4407.4214 -4396.7188 -4397.7534 -4379.042 -4348.3516 -4335.9556 -4344.0659 -4356.8091 -4338.0537 -4298.9937 -4278.8843 -4327.9541 -4382.0649 -4295.7031 -4217.8413 -4157.4307 -4140.1943 -4241.9736 -4195.4106 -4198.4326 -4198.6592 -4123.501 -4057.0205 -4000.1978 -4038.6208 -4000.0552 -3844.75 -3762.7908 -3677.6633 -3641.3049 -3523.6836 -3410.6023 -3362.45 -3101.7649 -2887.8108 -2632.9065 -2465.2202 -2386.48 -2351.9111
-4297.3477 -4382.6108 -4409.3398 -4492.5073 -4597.356 -4602.5791 -4540.084 -4479.4844 -4502.9248 -4508.4614 -4535.7085 -4573.6392 -4589.562 -4566.1978 -4524.083 -4521.1895 -4522.1328 -4508.3696 -4449.228 -4405.2764 -4408.2344 -4410.2275 -4391.145 -4368.7607 -4368.0098 -4334.5771 -4359.6831 -4378.8794 -4300.8491 -4250.8364 -4259.8521 -4271.332 -4238.4463 -4245.6143 -4272.6309 -4250.1909 -4291.1333 -4264.1641 -4219.0439 -4188.0205 -4121.9814 -4096.9551 -4055.3047 -4055.7595 -4056.1033 -3969.6401 -3865.9561 -3763.105 -3707.7048 -3548.4026 -3359.6792 -3271.9133 -3084.6799 -2966.7793 -2798.1409 -2572.1953 -2480.2 -2467.1907
-4358.6372 -4395.8682 -4394.1816 -4503.3594 -4687.5098 -4724.0439 -4649.5869 -4578.8047 -4589.5771 -4512.3267 -4476.6948 -4535.1016 -4580.875 -4603.5273 -4555.0664 -4480.8901 -4460.0889 -4489.1997 -4466.2095 -4498.8394 -4547.8101 -4452.3496 -4440.0547 -4475.4355 -4441.9883 -4404.5249 -4407.4219 -4402.9941 -4356.1045 -4298.0313 -4267.8726 -4265.209 -4257.3457 -4262.4429 -4314.3579 -4313.0034 -4308.5322 -4279.8481 -4197.4355 -4192.4717 -4143.6318 -4134.7178 -4089.5144 -4012.1196 -3969.0977 -3932.3218 -3833.6274 -3697.8184 -3644.4719 -3561.6667 -3421.3208 -3244.5813 -3089.9746 -3030.3008 -2883.5659 -2637.8784 -2554.9861 -2542.5002
-4374.2578 -4404.4482 -4417.3662 -4389.3438 -4553.2007 -4616.3657 -4638.9048 -4610.8813 -4544.5078 -4473.4683 -4483.9336 -4523.2964 -4566.3872 -4586.0835 -4556.6704 -4458.0454 -4371.3115 -4391.6543 -4424.4595 -4562.6841 -4632.77 -4482.9966 -4402.1997 -4404.6318 -4399.9341 -4379.7832 -4350.0244 -4343.3633 -4340.8589 -4326.7139 -4306.0566 -4277.9648 -4243.1328 -4244.5015 -4262.251 -4252.0347 -4277.7168 -4284.8647 -4200.2505 -4224.4043 -4164.5371 -4123.1284 -4102.8535 -4044.2773 -3939.9116 -3789.4604 -3675.3513 -3661.3943 -3602.0691 -3492.0989 -3360.5044 -3154.5854 -3004.3096 -3122.4951 -2959.092 -2678.8308 -2571.7649 -2472.7954
-4289.8022 -4331.8174 -4403.5215 -4281.9395 -4309.5161 -4376.2456 -4403.5898 -4433.4155 -4464.1929 -4489.4443 -4525.7432 -4572.0898 -4600.6899 -4592.1807 -4558.9619 -4511.0854 -4362.7007 -4319.835 -4418.4585 -4546.5371 -4644.0923 -4625.0747 -4475.3154 -4361.2754 -4408.9053 -4448.0093 -4391.5386 -4330.6089 -4348.3467 -4336.9253 -4256.8892 -4195.3369 -4183.0239 -4209.0337 -4229.0518 -4200.6279 -4226.2432 -4265.417 -4227.5664 -4186.1323 -4132.8735 -4077.9619 -4094.7122 -4054.0657 -3944.3406 -3803.7039 -3719.0222 -3650.2412 -3590.7522 -3423.2258 -3290.8904 -3161.6895 -2990.5627 -3086.7471 -2986.3384 -2710.1362 -2502.7502 -2306.9368
-4227.4976 -4249.7661 -4425.3984 -4302.5659 -4280.8745 -4381.5459 -4368.6777 -4348.3296 -4390.2446 -4478.2891 -4530.0337 -4617.8286 -4687.9956 -4621.1831 -4465.5854 -4450.7129 -4498.8921 -4326.6021 -4274.7144 -4431.8447 -4622.085 -4689.5107 -4600.4565 -4448.085 -4436.9844 -4475.3228 -4423.0737 -4368.7769 -4434.7266 -4476.5303 -4331.7734 -4223.6797 -4264.3477 -4312.1245 -4281.0249 -4156.5703 -4244.6821 -4321.9668 -4208.0479 -4129.2847 -4091.6733 -4044.9395 -3984.5369 -3931.2466 -3818.5571 -3764.7627 -3729.3494 -3686.7178 -3751.6187 -3622.5044 -3445.8345 -3166.1016 -3036.8533 -3120.7266 -3063.4495 -2745.5884 -2548.4204 -2419.8181
-4173.645 -4196.9722 -4353.0562 -4351.6504 -4300.9033 -4415.6372 -4447.6094 -4374.708 -4362.6255 -4407.4888 -4453.4058 -4500.9243 -4670.9937 -4681.1431 -4467.6523 -4322.4795 -4438.6646 -4496.6514 -4359.5747 -4311.1582 -4384.7681 -4441.0088 -4518.5566 -4486.6934 -4424.2075 -4449.1143 -4412.9355 -4329.7544 -4309.165 -4425.7466 -4453.0713 -4374.5942 -4336.4253 -4366.3311 -4321.4233 -4182.104 -4267.2871 -4294.4951 -4175.2544 -4155.3315 -4028.7307 -3960.8118 -3943.4458 -3848.5786 -3821.9651 -3820.0613 -3788.5276 -3724.0913 -3653.6636 -3499.4019 -3318.8176 -3182.1689 -3078.366 -3121.1995 -2991.0586 -2729.0042 -2585.0771 -2502.1321
-4150.874 -4154.0796 -4221.4277 -4338.2236 -4247.4048 -4298.1597 -4336.9565 -4318.5322 -4371.2012 -4328.1362 -4307.2925 -4337.2295 -4576.8955 -4728.7324 -4528.8721 -4306.8354 -4333.6499 -4536.9907 -4517.0811 -4391.4956 -4310.0313 -4322.6768 -4427.6558 -4499.2002 -4458.9956 -4365.2568 -4350.3555 -4339.1968 -4230.1177 -4256.6665 -4332.4502 -4314.5664 -4247.6411 -4258.3784 -4243.3247 -4183.001 -4188.2271 -4140.7373 -3995.5732 -4014.7053 -3948.3262 -3896.2788 -3941.5315 -3924.1326 -3882.9199 -3802.667 -3711.7349 -3663.4053 -3518.6843 -3316.6296 -3212.6306 -3289.3628 -3190.978 -3117.3142 -3004.0247 -2790.3467 -2540.3049 -2380.126
-4075.3884 -4193.8198 -4196.793 -4316.2021 -4344.6738 -4294.7153 -4232.7412 -4176.0371 -4208.0166 -4286.7402 -4242.0815 -4189.0078 -4390.5918 -4708.02 -4609.5483 -4362.7539 -4298.4287 -4481.0547 -4664.1802 -4598.1177 -4448.7886 -4382.002 -4411.3999 -4483.1431 -4500.814 -4396.0596 -4302.8423 -4299.9854 -4291.0957 -4278.7368 -4262.1606 -4178.5815 -4140.9756 -4185.7217 -4066.769 -4095.8962 -4151.4272 -4117.9526 -4094.3171 -4099.3677 -4079.4968 -4009.2349 -3917.4395 -3917.5681 -3886.177 -3761.8716 -3445.8284 -3554.6528 -3649.9399 -3486.1235 -3378.5757 -3324.884 -3244.3369 -3136.2615 -2967.7844 -2777.5168 -2649.2039 -2621.9219
-4168.5229 -4256.562 -4241.9385 -4252.5254 -4279.8794 -4313.8203 -4308.4922 -4306.0161 -4283.564 -4343.6738 -4315.6743 -4211.8604 -4248.0923 -4453.9858 -4618.7183 -4462.3394 -4295.4082 -4313.0361 -4503.895 -4659.8789 -4597.5605 -4437.2832 -4356.2104 -4358.1006 -4399.9883 -4454.2896 -4381.0308 -4229.77 -4207.8037 -4256.958 -4271.2544 -4216.9893 -4159.54 -4243.7983 -4196.5635 -4224.2759 -4270.7681 -4253.6064 -4224.6655 -4115.7212 -4076.0537 -4066.1631 -3949.3391 -3881.5635 -3852.1677 -3790.74 -3693.8005 -3748.1777 -3754.8826 -3566.2461 -3465.4802 -3376.7144 -3279.7317 -3129.0085 -2880.1035 -2689.2131 -2637.1677 -2597.751
-4262.772 -4245.4624 -4222.4272 -4304.5767 -4312.6548 -4239.373 -4259.0151 -4315.8271 -4339.1235 -4377.77 -4336.6128 -4224.8745 -4223.7983 -4339.6587 -4427.7476 -4488.4106 -4366.272 -4275.2466 -4326.9443 -4503.3057 -4556.8472 -4489.2061 -4445.4897 -4392.4341 -4335.748 -4418.332 -4449.9399 -4335.4263 -4236.8237 -4255.2168 -4301.6733 -4317.7271 -4306.4961 -4309.1919 -4296.9883 -4283.7563 -4263.3135 -4239.207 -4179.2515 -4103.417 -4070.7051 -4032.7866 -3956.1548 -3881.9946 -3810.2573 -3732.5793 -3660.8525 -3624.7092 -3598.0007 -3548.856 -3453.0066 -3336.2224 -3199.9717 -2990.0679 -2774.8047 -2600.0627 -2540.5239 -2530.4041
-4205.2988 -4217.771 -4227.1934 -4339.8594 -4368.5093 -4302.542 -4210.3438 -4212.0962 -4280.4717 -4332.5801 -4323.501 -4243.1914 -4226.1631 -4293.124 -4295.0225 -4421.2236 -4541.3638 -4424.3916 -4356.9429 -4451.8647 -4528.1724 -4499.2861 -4482.2964 -4465.0688 -4416.6611 -4460.7124 -4485.0107 -4448.7456 -4300.5557 -4241.6123 -4310.9458 -4333.8696 -4353.2173 -4352.9023 -4353.3413 -4339.2412 -4300.6211 -4256.8252 -4201.0063 -4116.4932 -4008.4241 -3941.5061 -3882.5916 -3854.8018 -3785.0425 -3742.5588 -3707.8108 -3675.8733 -3615.6313 -3533.5051 -3442.1538 -3314.1584 -3117.8289 -2899.1267 -2721.3486 -2591.5591 -2527.6621 -2521.5132
-4061.7615 -4183.7578 -4220.606 -4275.228 -4341.897 -4356.1772 -4272.9033 -4230.2593 -4269.1709 -4289.0317 -4295.2593 -4248.1958 -4225.5488 -4262.2773 -4259.9307 -4368.4604 -4591.1802 -4605.0977 -4427.5332 -4373.2798 -4485.2036 -4508.9033 -4463.9097 -4461.6616 -4451.3423 -4431.7153 -4435.5122 -4442.5835 -4343.873 -4279.9399 -4334.4536 -4349.8564 -4384.4009 -4364.3447 -4362.1821 -4313.3213 -4276.6899 -4223.8462 -4166.8774 -4140.5723 -4102.0894 -4022.5803 -3926.3149 -3902.2212 -3852.488 -3701.9075 -3641.9736 -3575.509 -3436.9668 -3412.1184 -3311.1838 -3219.2583 -3135.1948 -2962.1689 -2743.3303 -2662.929 -2605.7893 -2543.6868
