Resources/Map/Lvl0_30x30/Ele_DG.asc
ncols         335
nrows         335
xllcorner     55000
yllcorner     -3375000
cellsize      10000
nodata_value  -99999.0
[rows 234 to 259 of 335, columns 118 to 176 of 335]
-2673.3259 -2566.9749 -2509.8523 -2459.2256 -2255.9348 -1982.7961 -1703.0347 -1521.1603 -1435.5103 -1332.2998 -1216.121 -1096.7677 -979.8606 -875.6368 -760.1331 -622.8247 -470.4214 -390.1375 -355.1727 -322.1073 -287.1957 -228.7381 -160.0589 -126.9619 -120.1897 -115.1618 -102.0973 -70.7978 -28.9931 16.6854 79.6521 153.4039 308.7007 537.1484 548.9932 540.752 590.0385 649.3323 687.0142 761.3309 808.2919 835.0291 909.2096 991.8672 980.4819 923.67 942.9641 1005.265 1052.2563 1088.8323 1146.2375 1193.6757 1298.0558 1327.92 1331.1976 1323.9399 1346.2853 1394.4327 1641.6539
-2744.3079 -2629.8254 -2521.624 -2474.4211 -2327.4282 -2119.0715 -1842.2069 -1648.8425 -1539.2793 -1432.37 -1331.3944 -1216.9677 -1089.4391 -965.2957 -830.04 -670.7111 -505.2353 -397.7054 -348.2755 -317.4954 -288.2649 -243.0145 -180.0825 -132.7385 -118.9758 -123.2212 -120.4518 -93.9438 -56.9887 -14.9948 31.4161 122.2083 222.5674 323.8266 448.5194 616.0748 600.2889 644.5037 628.6051 710.2333 788.1806 877.4592 919.5204 922.829 869.9549 859.1946 994.8018 993.9548 996.6897 1035.2664 1084.1724 1150.0178 1220.666 1255.2679 1253.812 1305.7792 1357.5474 1412.8936 1573.8842
-2814.9829 -2704.8728 -2607.7554 -2511.8206 -2373.373 -2186.1326 -1972.3107 -1814.8136 -1678.4257 -1559.7451 -1453.2072 -1334.079 -1201.4183 -1055.0442 -894.4955 -706.576 -538.3059 -420.0698 -354.2792 -327.2538 -297.6649 -255.9131 -199.9122 -149.3602 -131.1799 -138.9565 -143.8245 -111.2896 -81.4202 -40.5833 -0.7095 88.8236 215.7581 333.1051 429.7157 445.2277 470.19 523.0786 603.1529 678.0385 781.8642 835.4984 838.3419 786.9093 813.9968 949.3904 1071.701 1120.1427 1076.1858 1121.2377 1423.9344 1139.6093 1180.6477 1236.127 1275.7666 1287.4425 1337.7279 1397.5046 1464.0398
-2895.0374 -2774.7966 -2676.7092 -2563.5725 -2399.377 -2190.116 -2036.4795 -1906.7798 -1770.8978 -1658.4487 -1556.9423 -1436.0072 -1288.2997 -1138.7534 -976.0983 -781.4 -596.4681 -453.0729 -365.1822 -325.3039 -299.8466 -260.541 -212.2658 -160.9874 -143.382 -143.7022 -136.6122 -118.7123 -97.6738 -63.0364 -25.184 46.569 148.3248 213.0354 285.9086 342.5059 400.5897 498.4443 590.8157 642.1008 680.652 720.1125 744.3962 765.9879 910.0599 1017.0212 1122.9752 1161.985 1215.7771 1322.7883 1577.3645 1359.0006 1319.1597 1257.1206 1240.0731 1280.5027 1311.8528 1371.6229 1420.8018
-2959.4229 -2846.2419 -2733.5239 -2610.4446 -2452.8113 -2284.5117 -2116.3643 -1952.5719 -1849.4083 -1749.5261 -1642.6403 -1520.3101 -1364.5565 -1218.6654 -1063.5938 -869.4982 -670.0368 -494.504 -380.3191 -324.3252 -293.5423 -265.824 -218.1473 -175.0561 -153.6569 -120.4304 -79.7813 -91.4746 -101.155 -82.1143 -42.2657 15.2895 88.7303 149.7742 224.5147 286.6386 365.4317 461.1733 509.9421 541.1938 571.7625 605.0909 710.4393 802.3943 927.0173 1042.0107 1122.0361 1166.7335 1227.4924 1684.9298 1408.3851 1408.3855 1604.1002 1173.7943 1216.0282 1267.4385 1303.1758 1357.9987 1400.4243
-2948.3635 -2856.2859 -2745.084 -2606.8755 -2461.8308 -2348.0801 -2214.0583 -2060.6389 -1944.0161 -1845.3529 -1692.9232 -1553.4818 -1425.5604 -1288.2295 -1145.2255 -954.7081 -736.2715 -535.8599 -397.3976 -329.0504 -300.1643 -275.688 -226.3708 -181.5621 -155.2272 -95.6573 -51.442 -82.33 -101.8271 -94.7822 -65.3484 -27.429 41.7213 94.1908 162.7608 214.978 292.2019 378.2974 415.1382 441.7305 524.1843 584.0663 766.4058 908.8891 985.5554 1029.801 1099.5291 1144.7979 1142.7183 1431.749 1257.1974 1573.3035 1219.9429 1148.2678 1195.6095 1237.765 1273.0409 1311.9861 1350.7378
-2954.8098 -2851.7319 -2769.4575 -2628.0752 -2485.3569 -2384.4888 -2280.665 -2147.4788 -2002.6748 -1877.6276 -1741.5244 -1636.3914 -1486.6654 -1322.7909 -1175.9536 -1001.86 -780.0045 -570.4566 -415.573 -332.5295 -307.2822 -287.1993 -241.4587 -191.5003 -163.1541 -116.4796 -70.9634 -97.9877 -112.6308 -106.8658 -83.0491 -38.1096 11.905 53.6504 93.0292 158.4992 218.0561 269.8015 314.4875 356.3522 495.2802 607.731 773.602 904.4766 1000.858 1079.8083 1098.0437 1130.8865 1086.4778 1007.2854 1008.4118 1071.6937 1120.1372 1171.6705 1230.4242 1254.8116 1288.0933 1328.2072 1371.9242
-3005.231 -2889.043 -2835.7537 -2704.7046 -2568.8774 -2457.1218 -2359.4575 -2218.979 -2060.8149 -1942.6724 -1831.0554 -1721.2412 -1553.525 -1372.6561 -1177.1848 -994.9409 -795.8892 -587.1203 -425.7466 -344.4425 -317.4485 -293.1374 -248.6696 -198.2989 -172.371 -156.5237 -128.3269 -111.1689 -105.4385 -100.2784 -89.6546 -56.4361 -24.2743 11.7719 42.9678 100.8605 153.066 207.1779 279.8246 396.8376 532.5839 648.6663 787.5654 888.6337 990.9398 1066.6967 1126.6266 1160.9187 1089.1438 952.6785 1025.1995 1059.1846 1140.9808 1220.0228 1285.1288 1336.4771 1356.934 1363.0942 1353.4144
-3038.8398 -2908.937 -2838.6851 -2776.5789 -2665.5044 -2521.2153 -2410.0061 -2300.2385 -2159.5837 -2026.9559 -1924.8346 -1797.9388 -1618.151 -1419.4985 -1202.8452 -997.0391 -788.9993 -587.5129 -451.546 -368.7855 -333.3677 -305.3831 -267.6884 -214.9398 -180.7665 -167.5002 -154.3085 -122.6141 -101.873 -100.6838 -97.0296 -82.7658 -55.0883 -24.8001 22.205 72.8479 112.1833 165.998 274.2827 375.636 509.2944 642.8522 752.7012 869.5563 959.7895 1053.4053 1127.9083 1183.6682 1138.5623 925.7302 1046.5166 1186.9248 1235.3188 1313.8638 1451.9805 1373.2773 1281.6162 1311.8629 1353.468
-3106.9673 -2985.7302 -2924.7886 -2851.8213 -2721.8271 -2584.3162 -2464.6997 -2353.3008 -2226.7563 -2085.9021 -2006.7002 -1868.8278 -1660.3721 -1450.7444 -1248.5941 -1047.3131 -835.8299 -639.8254 -503.6487 -403.6883 -336.2537 -297.0479 -260.0295 -227.904 -198.358 -179.8584 -163.0607 -145.2113 -113.7231 -97.7678 -109.888 -97.8185 -83.0112 -53.3203 -22.5033 33.2657 63.4544 135.771 225.2681 338.7063 463.9819 578.0478 700.1385 820.0568 913.2621 1025.0657 1045.8993 1016.8684 902.1511 913.9777 1224.9607 1284.0581 1254.7308 1263.4696 1269.7687 1315.9861 1208.0669 1318.8647 1344.7003
-3206.6985 -3094.1956 -2988.0042 -2893.4824 -2772.6057 -2664.7026 -2559.228 -2439.7834 -2315.6897 -2197.3181 -2097.8801 -1932.1476 -1716.615 -1511.3304 -1316.4761 -1116.2952 -915.7271 -720.4819 -550.2999 -424.1346 -346.5075 -296.4128 -256.4927 -234.1138 -210.849 -190.7954 -166.8299 -146.275 -123.3707 -105.1109 -103.9559 -100.3174 -89.6294 -68.7045 -44.2357 -16.4325 21.0663 101.529 190.9271 295.0652 408.016 508.9999 629.8701 749.4997 864.6606 943.5603 861.6642 847.9875 848.3383 1034.9014 1157.2051 1239.1698 1138.5571 1240.881 1168.8593 1192.6403 1154.4711 1202.9275 1275.5468
-3281.3979 -3185.9639 -3074.4292 -2944.6118 -2826.9756 -2727.6018 -2630.6025 -2537.1396 -2441.4502 -2333.3101 -2203.127 -2032.0845 -1837.2384 -1627.6342 -1423.7158 -1225.887 -1029.1235 -834.5697 -618.2251 -438.5923 -347.1534 -292.5405 -255.6579 -234.4712 -224.7302 -204.3331 -171.8029 -146.8707 -116.0118 -67.8273 -72.0762 -101.4913 -92.8345 -78.6625 -57.5309 -37.037 10.0549 63.6729 152.0196 243.5954 332.6107 437.8834 555.1657 677.8427 793.5072 785.1415 724.9765 904.8511 1020.6576 1280.6464 1033.3252 927.1177 1036.0951 1039.8289 1045.3218 1028.2961 1045.4822 1041.939 1171.1876
-3327.9961 -3263.9695 -3166.9351 -3055.9771 -2944.4058 -2825.8381 -2735.5864 -2653.6189 -2555.6873 -2450.7822 -2321.1907 -2154.6348 -1973.3396 -1765.7773 -1542.8043 -1340.2963 -1170.416 -961.4053 -663.5979 -437.2587 -336.8513 -292.2467 -269.7324 -238.2278 -229.9807 -215.6204 -187.4421 -153.2005 -131.8672 -101.0951 -101.2143 -110.374 -100.0167 -86.8649 -69.7892 -50.2614 -27.4139 31.7682 116.9948 186.9828 284.5263 396.471 533.4859 636.7 699.2476 667.912 895.5715 1008.0114 1029.4941 899.0446 880.9352 773.0448 808.8766 814.9992 855.6256 892.0414 954.2735 1023.4171 1042.879
-3387.3208 -3365.2498 -3271.7573 -3166.9526 -3092.7122 -2983.3052 -2873.1755 -2774.98 -2675.5906 -2582.3459 -2455.3149 -2301.6326 -2129.2815 -1925.2479 -1686.3704 -1477.2698 -1306.7723 -1087.0437 -765.7084 -480.7823 -335.5993 -289.4405 -268.4767 -255.5921 -243.4922 -230.3233 -204.8194 -162.697 -136.3197 -125.4019 -122.394 -116.7787 -108.0017 -96.8946 -83.6888 -60.7697 -39.7691 18.2178 61.5387 161.3075 259.337 393.5439 496.4454 588.5097 566.0519 702.4696 804.5264 949.2514 1040.5037 972.5732 739.5731 930.0238 1007.2682 1095.5336 1116.4862 1001.8247 1137.4285 1175.3737 1223.9697
-3437.167 -3363.5789 -3321.9382 -3270.365 -3168.0847 -3085.2561 -3023.6716 -2907.2954 -2793.4861 -2700.7104 -2562.0713 -2419.2585 -2274.4934 -2081.407 -1826.6208 -1592.0679 -1389.2654 -1174.7925 -860.9454 -533.6741 -346.8455 -297.4516 -283.5992 -273.674 -255.8185 -240.5134 -212.7416 -165.2714 -136.6228 -129.6606 -125.7227 -121.6512 -115.7613 -104.9109 -91.8622 -75.5353 -50.2936 -21.0279 32.5591 126.2212 227.413 390.9121 450.6273 405.6626 572.1945 653.3616 774.5974 884.3414 913.7886 662.5205 910.9271 1042.6633 1071.1099 1072.6326 1190.7401 1226.9501 1229.2068 1320.5095 1483.3821
-3507.9744 -3468.1047 -3401.6218 -3312.197 -3250.7542 -3144.0752 -3041.4119 -2943.4602 -2829.0051 -2740.7258 -2625.676 -2506.0479 -2367.4124 -2172.1907 -1929.7294 -1688.422 -1468.9569 -1220.6072 -919.5997 -601.8116 -379.6861 -308.4165 -300.3274 -293.9184 -279.4767 -262.6838 -235.1893 -176.6161 -139.0132 -131.6867 -129.6039 -125.7394 -120.5253 -110.9898 -99.9025 -83.7288 -63.0433 -32.7996 40.1102 101.8862 171.6552 270.536 337.0593 449.7582 521.4226 643.1301 683.8334 734.345 715.6656 717.2834 978.4709 1233.3984 1236.2035 1185.7267 1244.0864 1408.5308 1534.1458 1375.806 1499.8307
-3519.1746 -3480.8799 -3424.7437 -3326.9536 -3272.0671 -3154.2896 -3055.7324 -2994.6089 -2872.0608 -2761.1409 -2666.3171 -2563.0923 -2413.3281 -2237.4719 -2041.1198 -1788.3889 -1524.9641 -1264.4886 -978.7668 -681.955 -440.9054 -327.0574 -307.4077 -308.4475 -303.2814 -285.2169 -258.159 -193.7627 -144.4214 -135.2427 -133.4166 -129.5826 -123.1409 -116.7418 -106.9133 -91.6601 -71.1 -45.3987 38.3332 152.0259 232.7016 277.1842 284.2058 394.1209 483.964 536.6021 473.8756 490.1189 670.528 897.2706 1255.9364 1394.9247 1375.4193 1260.7535 1474.401 1659.3832 1547.1248 1442.8224 1557.5676
-3531.5007 -3484.9211 -3432.5222 -3329.429 -3245.3237 -3160.0168 -3091.2837 -3008.6719 -2909.2209 -2826.7629 -2725.3535 -2608.7285 -2465.0566 -2292.0852 -2082.1162 -1826.4697 -1556.3595 -1288.1685 -1020.9094 -757.0811 -519.6805 -362.6137 -309.4678 -309.4923 -316.1459 -305.3851 -272.9024 -206.6587 -153.2912 -141.7713 -135.9123 -131.7589 -128.6206 -120.3402 -112.4301 -97.6446 -76.2736 -52.7412 45.0413 142.6359 175.7844 254.6949 337.9758 406.1555 455.0529 510.2994 607.0255 686.3181 772.1645 928.0262 995.4895 1202.0568 1353.2549 1363.2805 1405.8132 1681.6797 1621.1282 1639.1404 1617.8131
-3548.5959 -3475.0928 -3405.4863 -3342.5107 -3270.4846 -3196.8486 -3123.8132 -3046.842 -2964.2983 -2871.8901 -2765.5354 -2642.7676 -2499.1587 -2300.4099 -2066.4619 -1837.353 -1607.7018 -1359.6674 -1105.2451 -844.9543 -594.2662 -414.1734 -318.1622 -300.2153 -307.0869 -315.3948 -281.19 -217.6132 -163.835 -143.9868 -138.1452 -135.0719 -131.7075 -121.9023 -115.6087 -102.0656 -74.4113 -44.5695 36.6993 82.7538 152.6153 250.0146 309.6392 351.6 438.0901 546.1484 666.4133 767.6964 877.2866 1004.5424 1118.4973 1184.0089 1260.1847 1182.0162 1335.1025 1573.4543 1289.4678 1508.3691 1328.6494
-3533.9492 -3471.2368 -3414.0742 -3357.8855 -3280.4939 -3207.1887 -3119.2217 -3018.2214 -2920.0906 -2833.2805 -2735.7917 -2607.9521 -2459.9038 -2260.2236 -2047.2634 -1831.9683 -1614.8881 -1389.4574 -1152.8884 -914.2209 -679.5195 -495.1309 -363.8031 -325.7943 -340.2827 -336.8704 -291.3658 -212.2643 -156.6383 -145.4555 -142.4247 -139.955 -134.3589 -128.4778 -123.096 -103.0655 -69.031 12.8963 29.243 90.861 192.8206 282.7129 367.2704 475.3501 525.8088 607.671 667.7405 776.5447 887.1502 994.2499 1177.7942 1102.0081 1010.8332 1175.2094 1134.6016 1279.9846 1172.3053 1342.3732 1390.8379
-3544.8088 -3483.0969 -3420.1504 -3349.9941 -3267.1455 -3176.0828 -3082.0891 -2988.3433 -2893.1238 -2801.1353 -2693.1167 -2547.5085 -2385.1108 -2206.1077 -2021.4924 -1822.4299 -1607.9019 -1389.2343 -1173.373 -951.4803 -726.5507 -545.5924 -410.6183 -368.07 -371.6102 -347.4087 -296.4112 -218.0352 -162.5382 -152.7333 -147.195 -142.7236 -135.9043 -127.4437 -124.5225 -104.9124 -66.0865 13.6024 49.7133 119.0774 190.4773 288.8394 412.3181 502.3821 568.0641 587.1164 677.2662 783.1158 891.2213 997.897 1057.0227 991.481 943.6483 975.0578 1030.4847 1033.9651 1117.8165 1315.282 1584.1469
-3564.8733 -3503.6843 -3436.7227 -3356.0908 -3258.6003 -3146.1338 -3042.793 -2954.6594 -2874.9536 -2785.8672 -2647.0251 -2493.4138 -2350.1704 -2186.116 -2007.2961 -1806.855 -1599 -1400.9053 -1202.6536 -967.6731 -742.6975 -578.3722 -458.8051 -403.4055 -379.3664 -344.2344 -296.6145 -225.1 -162.0816 -145.1404 -143.2253 -141.33 -141.8827 -137.0657 -133.7798 -110.94 -68.6762 10.134 99.2806 126.0647 194.4828 285.2509 361.1877 469.8775 533.6835 598.1208 681.1448 776.9321 915.7446 995.5298 972.1459 966.1747 900.2102 955.2913 974.0323 1151.6929 1304.5332 1401.4103 1687.2195
-3565.4141 -3500.6948 -3433.1638 -3351.001 -3252.0432 -3143.0369 -3034.9795 -2939.1682 -2849.9561 -2755.3542 -2630.5513 -2491.6323 -2354.8733 -2189.9458 -2020.1405 -1834.1838 -1619.4656 -1415.8035 -1219.545 -1004.7756 -812.5219 -656.3128 -515.5186 -424.0715 -378.8104 -336.3515 -285.83 -227.6011 -159.8266 -130.1749 -139.6099 -146.7674 -146.0982 -147.7656 -151.5342 -119.6108 -72.7336 6 144.1782 194.4968 202.2414 293.6001 381.6842 448.9247 516.6473 580.8876 657.4401 744.2794 869.3994 934.2243 902.5587 873.2132 869.093 961.9337 1108.0759 1149.0381 1310.1899 1500.3644 1818.9698
-3552.3174 -3487.9385 -3417.6924 -3336.0488 -3247.0879 -3144.092 -3031.1504 -2934.4175 -2841.3354 -2738.9617 -2622.2224 -2484.4143 -2342.3049 -2180.8127 -2018.8723 -1846.5487 -1645.245 -1451.9222 -1254.3644 -1044.3745 -855.7336 -687.8288 -529.1307 -430.6379 -379.0305 -314.7994 -255.8505 -222.5731 -177.8001 -148.3241 -153.6347 -155.8293 -153.0651 -165.8809 -169.3295 -125.0936 -75.2732 -33.4489 168.2186 217.7078 269.8765 295.8716 357.8942 421.7582 486.9442 578.1551 655.5287 723.5472 807.7791 906.3807 888.7905 851.8042 922.053 1076.0697 1066.6377 1136.7906 1479.5959 1836.1914 1790.611
-3551.8606 -3489.8691 -3417.0415 -3332.8318 -3248.6455 -3153.5747 -3045.7351 -2949.7366 -2860.116 -2754.8525 -2633.3123 -2496.3125 -2344.8162 -2190.8271 -2038.3362 -1855.2827 -1668.3567 -1496.7847 -1295.5746 -1076.9874 -885.8842 -707.9022 -528.3926 -422.9434 -365.8691 -289.9335 -224.7264 -210.3053 -190.0625 -171.7692 -161.9954 -162.3754 -164.6492 -176.0338 -170.7178 -125.2328 -78.8151 19.0503 171.959 239.1284 293.2574 345.9773 362.4364 399.1868 470.0854 556.9015 641.8933 734.9366 787.2517 835.4155 818.2499 810.3894 920.2438 947.0721 960.5339 1038.2531 1149.9254 1339.9978 1392.7959
-3564.4438 -3494.6394 -3422.1135 -3345.5315 -3260.9309 -3171.3767 -3080.3689 -2984.6123 -2888.4099 -2789.0181 -2677.4912 -2550.4658 -2407.8091 -2262.7913 -2104.3479 -1919.1663 -1761.785 -1576.1056 -1364.7052 -1135.2554 -934.5494 -748.834 -552.9261 -420.5017 -349.7101 -293.7136 -248.0209 -220.905 -200.7582 -183.3508 -170.7719 -166.8853 -167.349 -170.619 -161.9561 -122.9005 -85.1865 20 182.7069 231.7679 317.2246 339.8577 399.6235 425.609 471.7507 551.9712 626.5438 698.8127 775.6105 776.4275 782.3726 883.0677 896.9583 990.0067 1030.1475 1123.6246 1166.9408 1661.6691 1714.1851
