Resources/Map/Lvl0_30x30/Ele_DI.asc
ncols         335
nrows         335
xllcorner     6755000
yllcorner     -3375000
cellsize      10000
nodata_value  -99999.0
[rows 225 to 249 of 335, columns 0 to 56 of 335]
-3925.0332 -3770.0935 -4007.5479 -4033.7729 -3782.1807 -3722.6038 -3887.3997 -4053.8188 -4139.3389 -4100.9526 -3953.6675 -3938.1899 -3987.6296 -3809.252 -3777.4922 -3688.9211 -3821.8577 -3918.0974 -3900.7688 -3847.8252 -3660.7302 -3627.9656 -3367.8574 -3246.3906 -3388.8604 -3250.9431 -3206.5532 -3041.2747 -3021.2822 -3192.8 -3143.0898 -3050.3167 -3014.7788 -2938 -2962.9939 -3012.5288 -3093.5415 -3094.4045 -3081.9458 -3104.5996 -3051.033 -3037.3452 -3106.4109 -3153.2559 -3144.7642 -3151.8848 -3217.7888 -3183.8433 -3138.4731 -3080.2773 -3038.1096 -3091.4758 -3090.2805 -2980.6604 -2912.9744 -2946.8936 -3089.1516
-4012.6982 -3708.5332 -3912.4136 -3952.8701 -3713.0266 -3637.7578 -3779.9233 -4036.3169 -4159.9102 -3976.8804 -3700.1526 -3664.3535 -3780.0415 -3691.5999 -3651.1716 -3530.0452 -3661.4734 -4000.0383 -4006.4058 -3680.2578 -3328.2935 -3447.4775 -3393.4771 -3278.9253 -3441.8979 -3316.4241 -3171.3909 -2882.0059 -2829.2813 -3036.0029 -3190.709 -3227.668 -3160.4065 -3018.085 -2998.5381 -3009.6836 -3105.8679 -3124.3049 -3112.7654 -3140.4651 -3080.0618 -3039.9216 -3112.5225 -3161.6792 -3159.2449 -3156.7073 -3212.3777 -3241.3428 -3238.8018 -3158.2312 -3100.7744 -3202.6331 -3262.0344 -3241.5095 -3292.1169 -3372.4607 -3431.5493
-3991.3674 -3831.293 -4024.428 -4006.3281 -3729.3335 -3688.3142 -3922.542 -4246.5283 -4267.813 -3972.9922 -3739.8542 -3689.2825 -3785.0637 -3898.1763 -3693.5911 -3368.5532 -3455.1792 -3793.573 -3870.8716 -3708.9695 -3471.5371 -3502.844 -3571.304 -3474.7166 -3534.7903 -3441.9907 -3191.3347 -2880.5474 -2929.7979 -3171.3845 -3280.7358 -3291.2686 -3275.3264 -3216.7808 -3202.0054 -3137.5728 -3145.0327 -3148.6829 -3128.3762 -3125.3877 -3102.5466 -3117.0154 -3125.302 -3113.9661 -3091.0278 -3033.9292 -3038.3391 -3118.0608 -3164.803 -3088.3948 -2999.7668 -3104.4585 -3223.1255 -3267.6301 -3257.366 -3121.6572 -3059.4287
-4085.3718 -4050.2495 -4137.8677 -4026.2507 -3726.4502 -3780.9873 -4071.6697 -4351.7949 -4391.3311 -4169.3232 -3976.7617 -3894.4683 -3820.9111 -3905.1758 -3745.2012 -3487.7832 -3593.2266 -3672.2573 -3604.0085 -3677.1035 -3707.8396 -3773.2458 -3748.2988 -3474.7942 -3501.3818 -3454.105 -3269.9243 -3236.4832 -3213.6179 -3338.2585 -3336.7061 -3226.5906 -3287.9033 -3293.7295 -3341.1152 -3350.7749 -3259.0083 -3218.022 -3174.5422 -3148.5967 -3167.8232 -3211.9495 -3212.7842 -3190.4622 -3144.0247 -3115.7166 -3104.3525 -3135.9783 -3172.3496 -3109.6204 -3019.7419 -3028.198 -3049.8762 -3075.3896 -3024.6052 -2860.0969 -2784.9824
-4294.3223 -4090.8296 -3974.9041 -3911.251 -3727.3594 -3747.6943 -3905.4702 -4139.4663 -4275.1523 -4070.7617 -3862.3608 -3868.771 -3789.7942 -3788.2241 -3883.498 -3847.3818 -3792.5598 -3632.9502 -3511.1824 -3494.55 -3596.0811 -3801.9807 -3817.9939 -3542.05 -3628.8269 -3639.1453 -3541.3557 -3635.9082 -3386.7842 -3324.4285 -3338.9417 -3233.8145 -3286.7781 -3249.9265 -3319.5305 -3412.9763 -3338.1509 -3313.3938 -3250.2197 -3220.6909 -3214.7783 -3246.0242 -3276.6338 -3253.6448 -3195.1282 -3233.1748 -3285.0569 -3319.5483 -3380.4739 -3305.7991 -3187.46 -3143.2732 -3086.2998 -3063.251 -3039.7551 -2987.4402 -2941.8486
-4304.3384 -4160.9556 -3872.1895 -3758.9119 -3757.675 -3705.7871 -3719.9636 -3973.2295 -4044.4597 -3832.7954 -3815.4109 -3883.219 -3870.3137 -3737.4924 -3812.1099 -3928.9795 -3866.4604 -3811.9482 -3803.9714 -3500.3743 -3465.697 -3646.5559 -3795.6418 -3757.3425 -3853.1257 -3847.7078 -3681.3538 -3717.6794 -3542.28 -3411.6812 -3410.8872 -3376.0107 -3388.5005 -3286.042 -3269.7761 -3392.9648 -3338.6699 -3291.4309 -3286.0581 -3257.1328 -3229.3823 -3288.0845 -3302.9031 -3260.1099 -3254.3909 -3321.1191 -3395.9324 -3412.8857 -3422.3608 -3372.4111 -3315.3164 -3272.979 -3199.3945 -3171.3923 -3173.9226 -3105.0774 -3054.6123
-4184.3276 -4144.5425 -4020.0278 -3885.5637 -3847.9485 -3810.8401 -3899.0713 -4108.2246 -3974.6689 -3764.3894 -3893.1917 -3905.3799 -3883.9121 -3738.3452 -3752.7524 -3838.4604 -3788.8523 -3925.6279 -4214.0596 -4039.0381 -3957.1265 -3955.6553 -3964.4746 -3945.3691 -3911.3877 -3693.0818 -3165.1069 -3422.4641 -3639.0005 -3535.1228 -3568.2542 -3563.3472 -3558.1782 -3452.488 -3283.8857 -3377.8201 -3350.9668 -3297.4727 -3343.2532 -3347.3208 -3292.3979 -3301.4392 -3283.7622 -3274.8625 -3334.053 -3343.6636 -3379.1379 -3365.6104 -3275.2114 -3213.6196 -3211.7654 -3247.4661 -3254.3811 -3228.1592 -3211.5056 -3175.3159 -3230.5737
-3801.8589 -3892.1475 -4159.2134 -4150.4536 -3873.3997 -3769.5996 -4027.1057 -4198.4824 -4007.6765 -3815.175 -3798.126 -3794.1199 -4004.0845 -4069.6958 -3945.1201 -3874.0957 -3833.562 -4001.531 -4275.9478 -4202.9673 -4228.231 -4178.1147 -4053.1528 -4093.595 -4109.5122 -3720.8782 -2910.3337 -3214.0852 -3612.4956 -3597.231 -3648.6245 -3712.3447 -3743.4233 -3637.1223 -3356.1528 -3303.6807 -3326.4963 -3368.2253 -3342.8552 -3357.3325 -3355.4741 -3306.738 -3258.8979 -3282.0371 -3336.4954 -3311.5366 -3321.2463 -3313.6758 -3220.0186 -3144.5896 -3126.5037 -3205.261 -3289.29 -3314.9829 -3367.6887 -3461.3232 -3529.4104
-3605.0508 -3638.5549 -4031.4763 -4075.0891 -3742.4314 -3753.6729 -3890.0364 -3927.4543 -4029.2761 -3862.9412 -3638.0913 -3777.3157 -4116.6895 -4261.5308 -4029.7478 -3974.3 -3905.3955 -3896.333 -4054.9539 -4010.6052 -4005.0896 -4029.1914 -3974.3379 -4021.4246 -4118.0845 -4079.1252 -3843.8967 -3815.8809 -3727.5073 -3660.3411 -3587.4255 -3631.8376 -3725.0154 -3728.45 -3514.4426 -3330.8928 -3383.1846 -3558.562 -3414.3713 -3338.8281 -3379.0598 -3341.998 -3307.3779 -3307.521 -3302.0867 -3335.5627 -3360.4446 -3343.9949 -3281.9456 -3225.5386 -3197.8618 -3211.4294 -3323.4092 -3478.9443 -3583.9319 -3600.0698 -3499.9775
-3536.8284 -3601.9333 -3953.1558 -3961.939 -3744.124 -3951.5769 -3910.647 -3707.2825 -3987.8167 -3945.5144 -3637.2505 -3688.9084 -4052.6714 -4021.3311 -3823.4248 -3969.6648 -4056.7341 -3889.6558 -4005.324 -3921.5637 -3786.6636 -3864.782 -3923.2114 -3997.7773 -3914.9746 -3895.0601 -4123.1602 -4099.3369 -3886.9219 -3761.1951 -3502.3794 -3454.9353 -3567.4731 -3669.2336 -3662.6201 -3448.8733 -3406.1748 -3570.3906 -3484.4214 -3438.3276 -3465.0271 -3370.3923 -3334.0459 -3309.6038 -3288.4041 -3387.5212 -3425.8743 -3379.3643 -3325.739 -3277.8345 -3273.2122 -3342.1692 -3479.9065 -3532.7163 -3454.3655 -3284.3196 -3179.7793
-3459.3823 -3604.8118 -3994.9006 -4049.7144 -3888.5088 -3999.5291 -3919.9688 -3727.9604 -4058.7825 -4226.1294 -3975.8413 -3761.9028 -4010.1321 -4075.6045 -3969.634 -3991.9595 -4094.1082 -3999.3982 -4087.5859 -3943.803 -3732.0605 -3792.2788 -3855.2219 -3942.6978 -3893.2996 -3652.8462 -3853.6494 -3959.1541 -3752.3159 -3658.3193 -3546.3748 -3532.823 -3631.4573 -3841.1238 -3962.6602 -3804.4875 -3553.1765 -3454.021 -3461.4734 -3465.2964 -3505.8828 -3452.135 -3344.1343 -3258.5088 -3248.1858 -3401.8813 -3468.7273 -3396.4363 -3321.4678 -3359.2485 -3488.8191 -3573.6091 -3485.6572 -3289.4775 -3163.5105 -3035.6218 -3033.9768
-3693.467 -3794.4426 -3926.7109 -3950.1245 -3864.3479 -3845.3918 -3846.5859 -3757.802 -4037.0415 -4355.7979 -4308.4565 -3914.6243 -3986.7529 -4299.8975 -4208.9951 -4024.7473 -3993.5217 -3936.624 -4025.9539 -4146.2603 -3963.792 -3808.4768 -3761.6614 -3904.0376 -4045.1323 -3746.7092 -3783.7629 -3837.7673 -3696.1563 -3650.3672 -3696.0457 -3829.1704 -3918.906 -4041.1255 -4092.6484 -4001.0708 -3738.7476 -3661.3689 -3835.2681 -3724.3862 -3539.6897 -3506.7944 -3491.4814 -3372.2834 -3185.0728 -3233.021 -3372.2393 -3371.804 -3308 -3412.2358 -3598.8442 -3486.4734 -3203.4402 -3083.02 -3132.3989 -3175.6055 -3262.9038
-4048.4397 -4203.189 -4109.042 -4028.5513 -3895.3318 -3792.8735 -3903.0747 -3928.6731 -4131.2314 -4349.2393 -4354.5781 -4038.8992 -4060.7119 -4385.3857 -4326.9648 -4131.8164 -3947.1372 -3705.1125 -3707.363 -4127.4956 -4096.271 -3823.7749 -3688.8452 -3888.9778 -3971.6255 -3735.0154 -3906.0444 -4117.4722 -4048.0164 -4004.8601 -3751.4158 -3835.0337 -3810.4238 -3707.9595 -3703.9399 -3791.9116 -3824.8589 -3903.2593 -4060.8306 -3976.2693 -3757.1262 -3742.312 -3788.2571 -3597.2297 -3296.957 -3135.5571 -3197.2456 -3333.1445 -3426.0496 -3520.8862 -3459.9404 -3138.6523 -2920.5283 -2966.9307 -3210.8242 -3409.2788 -3486.0227
-4280.0605 -4315.1245 -4191.8755 -4105.5493 -4034.7991 -3946.4656 -3997.9385 -4080.9875 -4229.2222 -4228.8208 -4191.4097 -4096.9414 -4124.3491 -4263.8462 -4205.5229 -4192.4912 -4176.1108 -3923.3606 -3645.3486 -3811.894 -4012.7175 -3978.6147 -3725.8884 -3820.1489 -3843.3916 -3572.1545 -3778.0959 -3830.9431 -3721.9163 -3609.3862 -3351.2852 -3472.9243 -3572.0586 -3541.127 -3578.5164 -3692.0642 -3846.5425 -3891.3491 -3843.7114 -3673.1821 -3604.6938 -3870.6602 -4001.7502 -3679.0813 -3376.5613 -3301.3994 -3209.9243 -3288.4043 -3497.1499 -3538.3997 -3394.3005 -3189.0984 -3066.2817 -3095.5271 -3375.8633 -3643.843 -3618.6995
-4222.3125 -4180.1553 -4180.4009 -4072.1069 -4007.4238 -3967.0349 -4037.717 -4203.3862 -4305.2305 -4259.7329 -4194.8218 -4113.8286 -4088.0361 -4173.9346 -4164.0034 -4245.291 -4359.8447 -4294.8569 -3860.6326 -3665.5979 -3838.8066 -3998.356 -3724.4771 -3582.8748 -3685.6624 -3594.6758 -3555.1396 -3362.9331 -3334.792 -3447.8794 -3405.1941 -3487.2122 -3660.8481 -3704.5681 -3719.1521 -3722.8145 -3788.9934 -3790.249 -3683.9792 -3405.4883 -3290.9153 -3669.8779 -4156.9727 -4101.458 -3617.6206 -3583.6389 -3454.1094 -3370.6064 -3481.6042 -3456.1787 -3382.7158 -3366.0972 -3381.9131 -3484.2793 -3574.8137 -3504.0557 -3337.6626
-4292.4429 -4118.0024 -4115.7373 -4090.1904 -3940.7263 -4003.3428 -4145.083 -4251.8467 -4258.9443 -4251.5234 -4252.0234 -4151.4116 -3986.8464 -4003.0005 -4173.98 -4252.9341 -4333.4043 -4320.8857 -3838.0996 -3751.824 -3915.8088 -4063.1372 -3987.2266 -3616.1396 -3623.6626 -3942.0923 -3852.3691 -3696.9631 -3802.9402 -3842.1765 -3617.7324 -3535.2549 -3734.4426 -3934.9456 -4010.2908 -3817.2537 -3756.7505 -3779.3591 -3628.2776 -3336.3101 -3076.981 -3444.0652 -4256.1792 -4385.2822 -3822.2354 -3601.1121 -3441.7991 -3376.0056 -3502.5498 -3590.5867 -3642.4875 -3711.3979 -3726.3716 -3719.5554 -3546.2017 -3156.6365 -2992.6184
-4044.2078 -3887.0015 -3769.8225 -3641.0615 -3643.9666 -3895.104 -4057.0654 -4085.1736 -4117.4165 -4066.011 -4116.6895 -4137.6294 -4017.2336 -4020.7246 -4246.1597 -4413.251 -4189.1196 -4009.7009 -3598.375 -3663.5283 -4018.8616 -4067.9919 -4119.7881 -3896.8867 -4007.5085 -4329.147 -4144.5615 -3983.3472 -4061.0254 -3964.7322 -3788.9185 -3610.4685 -3578.062 -3932.054 -4105.8726 -3865.2737 -3782.7734 -3759.5276 -3684.0945 -3391.3245 -3184.4802 -3551.3679 -4030.2446 -3900.5361 -3555.4592 -3533.1763 -3428.3193 -3394.6602 -3657.3955 -3877.76 -3930.176 -3837.5894 -3628.3354 -3499.1963 -3446.2546 -3273.0242 -3111.8088
-3768.1038 -3841.3384 -3881.6868 -3656.771 -3512.9072 -3602.874 -3837.5459 -3879.4585 -3854.7559 -3956.0684 -4078.2563 -4097.5894 -4166.8735 -4167.0977 -4107.9253 -4198.9546 -4089.7241 -3836.5015 -3718.4343 -3954.0896 -4111.2241 -3884.8428 -3745.4075 -3818.5854 -4046.5466 -4150.6626 -3976.4014 -3896.6821 -3977.3411 -4018.9646 -4069.3733 -3869.3694 -3556.3904 -3795.2971 -3989.6279 -3953.1357 -4023.8113 -3840.4536 -3739.8237 -3632.4285 -3602.4546 -3879.8972 -3799.4392 -3364.9434 -3228.4526 -3441.4563 -3472.2856 -3545.2969 -3947.6963 -4015.5415 -3640.085 -3301.9868 -3150.7332 -3266.7983 -3554.2383 -3713.2856 -3602.4146
-3965.5825 -4039.2905 -4247.6489 -4114.5059 -3785.8401 -3399.6089 -3578.9827 -3808.98 -3719.6846 -3800.3372 -4031.991 -4138.1191 -4125.2124 -4155.0405 -4109.1479 -3870.6753 -3884.6582 -3902.6165 -4096.2241 -4264.8218 -4247.9629 -4317.7876 -4188.145 -4122.3667 -4124.4565 -4192.4883 -4086.4551 -3957.9146 -3971.708 -4099.1064 -4163.0557 -4012.5049 -3880.5188 -3922.6929 -3885.0796 -4071.835 -4251.5215 -4000.1582 -3907.1367 -3880.5454 -3930.5645 -4273.2505 -4149.0259 -3539.4556 -3266.3093 -3522.4524 -3828.7048 -3892.8486 -3851.0305 -3624.7278 -3298.6514 -3133.0859 -3263.5183 -3591.4014 -3791.9641 -3921.0774 -3901.302
-3984.6448 -4201.709 -4208.5352 -4150.0244 -4109.7231 -3718.1426 -3576.1882 -3746.7209 -3755.2114 -3691.6157 -3763.1072 -3904.7212 -4110.3745 -4126.416 -3968.4155 -3765.6641 -3693.5916 -3648.4387 -3875.7451 -4198.3447 -4211.3687 -4363.1909 -4288.7212 -4111.8423 -3889.1133 -4080.4402 -4097.7124 -4093.7124 -4109.3413 -4087.5388 -4073.3411 -4099.8647 -4155.7441 -4148.9111 -3901.8955 -4016.5991 -4197.7549 -4152.8691 -4017.0127 -3946.197 -4057.8101 -4355.4028 -4180.7075 -3737.9238 -3749.0952 -3830.063 -3931.1709 -3987.0452 -3642.1262 -3380.177 -3419.5884 -3378.3333 -3377.8057 -3530.8655 -3582.3442 -3634.8196 -3576.2927
-4277.5928 -4466.332 -4151.8286 -4003.5574 -4289.9619 -4539.7988 -4423.1216 -4181.8706 -4108.0176 -3909.8511 -3747.3384 -3766.958 -3815.1555 -3882.9133 -4054.7827 -4189.999 -4210.6245 -4168.2319 -4120.5776 -4265.7715 -4171.0615 -4077.4487 -4054.5996 -4070.9758 -3866.0356 -4132.0664 -4351.894 -4361.7207 -4383.0078 -4282.6631 -4019.156 -4087.2617 -4388.7017 -4350.5215 -3985.1707 -3746.8123 -3872.3928 -4040.8557 -4140.0732 -4260.0635 -4036.0308 -3931.8311 -3637.8052 -3583.5439 -3986.4661 -3995.8518 -3918.469 -3962.2891 -3746.0789 -3633.4766 -3797.0549 -3750.2595 -3623.584 -3618.575 -3464.6904 -3389.998 -3490.5842
-5129.127 -5205.7109 -4979.418 -4782.2119 -4784.7192 -4969.6543 -4723.5923 -4006.4785 -4045.9221 -4317.1763 -4257.6152 -4267.375 -4142.7031 -4064.2041 -4423.8477 -4700.1914 -4701.5317 -4725.2173 -4439.7129 -4099.3896 -4113.6675 -4305.5845 -4235.5063 -4291.793 -3977.7544 -4049.3799 -4136.3452 -4409.4092 -4308.8726 -4235.0439 -4073.7236 -4330.2764 -4417.7217 -4099.1074 -3836.8242 -3750.6177 -3785.2732 -3737.2581 -3908.3306 -4042.2266 -3811.0405 -3869.7515 -4022.4734 -4068.4036 -4172.9771 -4147.0884 -4041.5083 -3907.6406 -3863.2993 -3889.2327 -3815.6062 -3705.8606 -3639.2456 -3677.9907 -3724.4016 -3738.4746 -3773.5315
-4565.4673 -4586.4575 -4652.2651 -4668.2329 -4348.7734 -4253.1079 -4140.0942 -3787.6018 -3754.6887 -4031.9885 -4106.8882 -4211.2871 -4200.7109 -4069.6067 -4126.5244 -4142.0278 -4124.1816 -4366.5449 -4187.6665 -3853.6689 -4066.4814 -4504.3193 -4407.8262 -4140.5942 -3952.7451 -4053.0854 -3898.2549 -4115.4785 -3968.9993 -4153.7573 -3912.9771 -4040.0708 -4136.4048 -3936.7742 -3963.7336 -4106.2441 -3896.6909 -3614.4446 -3714.9487 -3704.3076 -3573.9763 -3820.2659 -4210.8125 -4298.2017 -4147.0127 -3829.4355 -3611.9897 -3710.3547 -3794.3154 -3799.1885 -3669.2231 -3658.0144 -3756.1694 -3881.0129 -4029.7141 -4035.3816 -3881.2153
-4140.7402 -3968.6514 -3951.0713 -4033.3916 -3976.2717 -4110.9185 -4226.6343 -4136.6387 -4054.8821 -4165.4722 -4106.0444 -4130.1157 -4109.8345 -3802.7778 -3762.1682 -3947.6733 -4041.5984 -4196.3608 -4283.3745 -4097.498 -3968.2576 -4282.0947 -4247.6445 -4172.9893 -4312.7725 -4219.3462 -4039.686 -3987.1821 -3978.5278 -4015.3652 -3831.0288 -3939.3652 -4120.1338 -4098.6826 -4196.084 -4066.2197 -3802.8123 -3705.219 -3789.1809 -3614.3481 -3645.6118 -4125.6489 -4253.3574 -4052.1179 -3771.5076 -3628.5867 -3669.4497 -3897.5098 -3999.2075 -3964.8025 -3910.7695 -3930.9336 -3920.8276 -3901.5618 -3971.9758 -4015.1108 -3890.929
-4122.5947 -3705.8931 -3672.9731 -3879.4246 -4068.3262 -4109.7642 -4216.8379 -4422.4614 -4447.0586 -4438.7158 -4270.4507 -4244.2627 -4297.7837 -4009.1331 -4067.9329 -4332.0483 -4342.0835 -4171.876 -4291.5649 -4379.8555 -4074.2512 -4075.1245 -3976.1438 -3934.6123 -4160.9932 -4173.0649 -3924.9719 -3936.8254 -4036.8179 -4011.1621 -3914.0981 -4253.0352 -4288.7729 -4198.7441 -4127.2212 -4051.2454 -3984.1223 -3940.7261 -3898.8184 -3884.9548 -4010.7136 -4213.2949 -4132.9077 -3974.6855 -3695.655 -3665.2817 -3819.2285 -4008.6658 -4159.6118 -4120.0913 -4024.0786 -4066.6965 -3994.7686 -3862.6814 -3855.2517 -3911.6133 -3860.3743
