Resources/Map/Lvl0_30x30/Ele_FK.asc
ncols         335
nrows         335
xllcorner     13455000
yllcorner     -10075000
cellsize      10000
nodata_value  -99999.0
[rows 26 to 51 of 335, columns 120 to 179 of 335]
-4361.9873 -4370.604 -4377.9365 -4380.0928 -4369.5503 -4357.3657 -4364.29 -4383.125 -4410.7764 -4416.7861 -4387.1147 -4369.813 -4379.2739 -4406.2339 -4434.0483 -4435.8418 -4406.4619 -4373.6948 -4357.2822 -4345.106 -4336.8662 -4336.5195 -4331.2241 -4324.2749 -4327.3027 -4331.9326 -4331.5234 -4333.7515 -4325.3779 -4292.7568 -4256.1807 -4238.6724 -4227.0703 -4196.7271 -4163.1943 -4150.3828 -4152.6753 -4155.2305 -4154.1382 -4154.7476 -4157.2832 -4151.7559 -4130.0498 -4112.2065 -4098.6865 -4089.0989 -4076.7866 -4058.5388 -4048.3582 -4042.9478 -4030.2527 -4009.8657 -3990.4148 -3986.9844 -4001.0549 -4005.1294 -3975.4983 -3945.7705 -3929.303 -3909.6018
-4340.6567 -4358.7813 -4346.1733 -4321.436 -4337.499 -4351.9351 -4365.8735 -4372.5322 -4396.7036 -4415.2783 -4397.5762 -4369.7822 -4371.002 -4394.958 -4406.3813 -4391.1084 -4374.1182 -4364.4116 -4356.644 -4350.3711 -4350.9536 -4359.4277 -4369.1792 -4377.3618 -4387.6924 -4397.7617 -4393.6704 -4376.5737 -4354.1768 -4314.5283 -4257.6963 -4213.3076 -4189.0537 -4162.8398 -4132.4873 -4119.9819 -4132.521 -4150.8706 -4171.2559 -4194.8906 -4195.2896 -4158.9971 -4107.3115 -4084.7939 -4090.0999 -4092.093 -4071.4705 -4054.8735 -4065.7859 -4067.4893 -4038.5276 -4008.1733 -3996.0027 -3989.8335 -3973.7803 -3943.4287 -3910.9133 -3906.1797 -3932.2976 -3935.8967
-4302.3491 -4304.7593 -4288.3955 -4267.0029 -4279.6968 -4304.0249 -4309.3779 -4296.9648 -4297.4399 -4330.894 -4360.606 -4355.1094 -4344.9224 -4355.9141 -4356.5737 -4343.4624 -4342.7666 -4363.5889 -4373.7915 -4343.2969 -4306.8545 -4301.4346 -4315.8618 -4336.8828 -4375.7212 -4404.7466 -4384.2437 -4341.1362 -4311.2642 -4288.3711 -4250.8203 -4211.3965 -4188.2861 -4182.0869 -4183.8018 -4175.0547 -4147.7305 -4135.3096 -4153.8179 -4181.0161 -4177.5649 -4144.7495 -4105.2676 -4077.1975 -4065.8665 -4065.0176 -4069.7712 -4087.9609 -4109.1851 -4098.5137 -4072.0347 -4053.1775 -4042.4163 -4016.5469 -3993.1707 -3998.3506 -3997.582 -3989.9788 -3987.5417 -3960.8953
-4243.4502 -4244.9126 -4248.2197 -4246.6548 -4247.5425 -4245.4922 -4238.0151 -4222.2251 -4233.083 -4267.3462 -4280.3013 -4263.6167 -4258.6226 -4297.249 -4315.3872 -4303.1646 -4303.6963 -4336.4009 -4368.1465 -4369.1934 -4360.293 -4353.979 -4330.9121 -4300.4629 -4294.4331 -4302.4683 -4293.689 -4281.8652 -4273.1553 -4251.6978 -4216.9087 -4191.1309 -4181.1206 -4182.2085 -4190.4438 -4176.0366 -4115.501 -4066.5137 -4071.8298 -4093.5193 -4086.26 -4074.5676 -4078.1655 -4064.4773 -4030.335 -4005.5554 -4009.5037 -4020.751 -4014.4946 -4003.3865 -4016.6565 -4042.3511 -4053.3118 -4038.9468 -4038.0371 -4069.4333 -4063.9341 -4020.0588 -3982.5908 -3964.8315
-4191.3696 -4198.4131 -4214.3999 -4222.2002 -4223.8726 -4218.4956 -4210.4937 -4206.1558 -4212.8584 -4233.9829 -4230.6006 -4215.6172 -4231.1753 -4275.0825 -4281.8037 -4244.394 -4217.3408 -4239.1069 -4293.8198 -4353.1768 -4380.1934 -4365.5669 -4328.6567 -4288.1929 -4249.6348 -4217.2437 -4197.103 -4212.9473 -4235.6445 -4219.3237 -4176.3916 -4149.5459 -4143.9072 -4132.2998 -4106.3325 -4076.2517 -4041.2358 -4011.6863 -4006.1438 -4005.2744 -3984.7329 -3975.2451 -3989.5588 -3994.2075 -3988.5459 -3995.7273 -4004.5149 -3986.6392 -3951.9143 -3953.1333 -3992.9084 -4024.7998 -4017.4648 -4000.4441 -4001.96 -4021.8167 -4011.4292 -3971.6555 -3951.0823 -3954.3071
-4134.9355 -4131.4087 -4148.4434 -4161.4048 -4172.1099 -4175.9858 -4177.1392 -4181.7798 -4193.2666 -4209.2607 -4223.7441 -4234.2773 -4244.6133 -4251.9727 -4238.4189 -4202.1157 -4178.6475 -4170.6631 -4158.9839 -4144.7803 -4145.501 -4157.4863 -4167.812 -4173.4937 -4166.1104 -4140.623 -4121.1567 -4127.7334 -4127.2822 -4090.9338 -4031.1921 -3977.686 -3953.4717 -3957.0732 -3956.7278 -3938.4805 -3910.998 -3870.959 -3834.4001 -3826.5876 -3838.4099 -3852.8093 -3871.969 -3888.0232 -3897.9517 -3912.3533 -3921.0457 -3899.613 -3846.3264 -3802.9758 -3813.3584 -3881.6362 -3938.1255 -3941.5554 -3925.4644 -3933.3364 -3946.677 -3945.3945 -3947.6638 -3959.436
-4092.2332 -4085.6233 -4086.8669 -4106.897 -4133.7817 -4140.9272 -4142.3291 -4138.4063 -4127.6484 -4130.8506 -4156.7773 -4180.0498 -4197.7861 -4199.5996 -4173.0815 -4137.2158 -4118.3174 -4090.2468 -4033.1836 -3986.592 -4001.9973 -4056.8611 -4096.6338 -4102.354 -4093.3906 -4092.3689 -4091.3137 -4070.3228 -4026.0942 -3973.7383 -3923.7383 -3878.8071 -3848.8359 -3835.3608 -3818.5405 -3794.9153 -3775.1121 -3756.5632 -3752.9263 -3770.2756 -3760.1479 -3721.4084 -3717.8765 -3761.4565 -3793.8271 -3801.0884 -3796.1772 -3774.4639 -3731.1467 -3685.2114 -3680.2551 -3741.6401 -3838.4985 -3875.4905 -3850.9644 -3847.7583 -3847.4053 -3830.0593 -3853.0369 -3930.5076
-4161.0522 -4153.834 -4062.4429 -4039.1843 -4077.502 -4099.6206 -4145.1943 -4161.4609 -4134.3779 -4121.6763 -4131.5171 -4133.0376 -4137.0728 -4127.0425 -4090.9841 -4036.9712 -3998.188 -3982.0603 -3963.2864 -3930.593 -3925.7117 -3947.9583 -3976.2317 -3989.2063 -3995.8318 -4001.0559 -4012.3198 -4022.7676 -4013.1536 -3981.6899 -3956.459 -3947.2039 -3931.5747 -3897.3772 -3850.2385 -3800.2849 -3746.7651 -3673.1201 -3599.3679 -3564.3967 -3555.1091 -3552.1172 -3582.2246 -3638.8748 -3665.4419 -3655.2993 -3638.4011 -3626.4976 -3629.0481 -3652.2344 -3701.385 -3770.209 -3823.0032 -3815.0854 -3776.4727 -3796.2668 -3868.562 -3867.3413 -3858.0049 -3876.1619
-4154.9189 -4142.52 -4026.8723 -3987.8799 -4015.2717 -4036.2842 -4092.4629 -4105.8877 -4077.9697 -4052.8767 -4016.9309 -4025.5664 -4057.6487 -4078.0957 -4062.1873 -3977.4626 -3878.8391 -3820.3362 -3793.9673 -3755.8687 -3741.8379 -3770.7646 -3832.1934 -3885.8452 -3920.3113 -3944.4995 -3968.9016 -3984.2793 -3997.4966 -3980.2742 -3940.6001 -3904.1147 -3870.4041 -3828.1873 -3771.553 -3702.7922 -3636.2546 -3580.8867 -3539.9641 -3523.0132 -3522.2661 -3530.9658 -3554.8845 -3566.0598 -3543.6062 -3522.4824 -3525.761 -3535.6724 -3550.2881 -3588.78 -3660.9316 -3742.2617 -3776.7415 -3737.4124 -3692.3423 -3731.5752 -3790.979 -3793.0437 -3758.5388 -3718.7202
-3912.9783 -3859.2886 -3799.4819 -3826.5415 -3881.6074 -3911.9783 -3957.7805 -3958.8201 -3953.3779 -3971.3135 -3923.2781 -3945.4573 -3996.094 -3972.7366 -3906.8267 -3778.592 -3633.0442 -3555.0623 -3546.2827 -3551.2966 -3551.8391 -3591.8572 -3685.7183 -3779.6533 -3834.946 -3849.7886 -3848.0251 -3868.1111 -3914.7615 -3927.4675 -3901.7566 -3873.4612 -3854.9927 -3826.3472 -3792.6099 -3767.155 -3733.5508 -3694.7446 -3667.9451 -3638.3872 -3593.6638 -3573.9846 -3593.52 -3583.8215 -3525.7288 -3491.2488 -3515.0483 -3536.9421 -3525.6313 -3513.7478 -3531.8865 -3576.3428 -3640.967 -3677.8284 -3655.2219 -3637.2705 -3628.4658 -3612.2439 -3586.6238 -3576.8723
-3639.4033 -3594.2595 -3553.9487 -3572.8269 -3643.9834 -3727.6086 -3814.5801 -3866.7881 -3877.7314 -3860.7551 -3827.1589 -3849.3899 -3921.9377 -3925.4324 -3837.8689 -3702.0288 -3590.7642 -3532.0469 -3519.7402 -3528.761 -3536.0862 -3554.0657 -3598.0833 -3659.6497 -3717.7681 -3740.2598 -3726.0942 -3732.5513 -3793.1526 -3844.0908 -3845.385 -3845.6489 -3864.717 -3860.6611 -3842.4731 -3845.5188 -3844.7563 -3815.7412 -3773.2661 -3706.7507 -3634.6416 -3611.1663 -3619.8154 -3582.5466 -3518.4436 -3504.5513 -3536.6936 -3544.5137 -3521.0046 -3498.073 -3479.04 -3480.3457 -3537.791 -3597.259 -3585.2698 -3574.7119 -3577.8518 -3557.5435 -3527.9817 -3512.1492
-3418.6553 -3411.0164 -3426.9609 -3425.7385 -3480.1003 -3516.425 -3508.1956 -3518.7964 -3550.4131 -3570.5698 -3615.0581 -3674.6079 -3792.1826 -3854.4749 -3750.8789 -3554.6389 -3406.9512 -3332.8425 -3330.0525 -3404.6433 -3493.7146 -3531.3875 -3521.375 -3531.9758 -3589.6284 -3656.3276 -3676.2859 -3641.6636 -3611.3765 -3631.2979 -3673.4392 -3722.1123 -3746.0208 -3690.8428 -3624.8867 -3654.9036 -3742.6077 -3776.9805 -3748.6467 -3703.95 -3665.4023 -3643.1614 -3641.429 -3623.957 -3599.3821 -3605.9441 -3615.9172 -3592.8137 -3575.1909 -3576.8757 -3547.3142 -3497.6526 -3490.4297 -3502.9038 -3482.3088 -3448.4058 -3443.3994 -3461.0791 -3481.356 -3474.9946
-3312.6536 -3346.9463 -3335.5496 -3281.8108 -3303.4207 -3295.968 -3250.1965 -3283.3438 -3364.0491 -3429.2319 -3472.2329 -3518.6831 -3553.6265 -3568.2568 -3516.4417 -3384.8589 -3249.0625 -3127.4636 -3074.4487 -3113.0632 -3201.1814 -3278.9763 -3326.2295 -3382.989 -3464.6128 -3548.3062 -3575.417 -3543.5632 -3503.9119 -3473.3792 -3458.343 -3484.1055 -3508.4641 -3487.1074 -3463.5474 -3493.7292 -3555.7734 -3577.0188 -3545.6287 -3524.7288 -3561.5154 -3611.8718 -3639.29 -3612.0579 -3575.323 -3586.5044 -3612.4648 -3613.1318 -3606.4998 -3586.5403 -3547.3601 -3491.374 -3459.6279 -3441.2888 -3404.7598 -3372.7517 -3353.0623 -3361.5115 -3388.5825 -3400.0999
-3116.6453 -3180.2136 -3140.4221 -3120.252 -3124.3865 -3093.9138 -3052.5872 -3115.0688 -3210.8813 -3219.7659 -3281.1938 -3382.6392 -3331.564 -3230.0166 -3234.4612 -3267.6497 -3253.1946 -3057.1028 -2940.907 -2958.3877 -3037.5906 -3128.2063 -3200.4187 -3267.7908 -3345.8499 -3418.3896 -3443.8308 -3416.1768 -3377.7961 -3363.144 -3374.6433 -3382.3411 -3392.9714 -3403.0168 -3402.9468 -3398.8289 -3395.7241 -3384.8599 -3354.3906 -3332.0842 -3382.6252 -3484.2227 -3535.5632 -3485.6106 -3432.0508 -3456.739 -3494.3948 -3527.6211 -3532.123 -3466.6206 -3383 -3345.3994 -3347.637 -3349.5247 -3326.8171 -3302.1226 -3284.6111 -3290.0657 -3307.9197 -3313.5425
-2884.7021 -2917.4492 -2909.5728 -2894.8528 -2893.9563 -2834.1909 -2794.5608 -2898.4133 -3037.3774 -3065.5579 -3128.2114 -3155.9771 -3073.5757 -2958.373 -2925.0605 -2979.613 -3002.1853 -2860.7283 -2722.8298 -2729.8228 -2844.676 -2977.4126 -3082.1106 -3169.8474 -3238.106 -3263.4714 -3265.5818 -3230.7383 -3187.0952 -3190.8152 -3245.3694 -3272.8442 -3263.4106 -3253.917 -3246.2405 -3253.6846 -3271.1338 -3263.7463 -3228.3279 -3202.9124 -3237.2151 -3323.3835 -3403.3533 -3394.6404 -3311.5337 -3258.0544 -3256.2312 -3333.1353 -3400.5891 -3339.7798 -3225.073 -3173.2 -3177.9141 -3205.2507 -3210.1162 -3205.4258 -3182.6895 -3159.0527 -3131.1165 -3094.2458
-2561.7844 -2568.907 -2573.9001 -2589.4695 -2646.3765 -2606.4434 -2595.7329 -2744.6133 -2862.4878 -2849.0198 -2879.0957 -2861.8188 -2760.7039 -2684.6155 -2710.8647 -2790.4507 -2763.7185 -2601.3354 -2444.8931 -2469.1133 -2634.1487 -2804.3943 -2897.9622 -2969.5271 -3042.3853 -3058.6055 -3041.1094 -3015.7234 -2991.4658 -2986.6416 -3007.6545 -3028.3188 -3068.2861 -3149.0049 -3202.3418 -3225.1765 -3212.5137 -3142.3511 -3095.73 -3119.7507 -3181.6218 -3226.1924 -3234.2815 -3199.4116 -3125.7053 -3087.2278 -3117.6958 -3151.8528 -3136.1772 -3073.0864 -3004.3892 -2967.8596 -2974.5046 -3003.6611 -3025.5422 -3019.4954 -3000.9163 -2994.7175 -2980.5195 -2940.1619
-2196.8496 -2196.6196 -2227.4612 -2277.1409 -2329.3687 -2307.532 -2371.1108 -2539.4854 -2615.3315 -2597.1196 -2637.0857 -2651.3035 -2565.4292 -2495.8586 -2530.3328 -2592.1616 -2529.9087 -2363.281 -2224.6968 -2248.2449 -2451.1221 -2605.7698 -2662.6318 -2729.0825 -2807.3662 -2833.8164 -2805.5845 -2782.2522 -2798.1953 -2832.0095 -2840.7097 -2840.0815 -2894.4617 -3001.937 -3070.5361 -3088.6086 -3034.8564 -2949.8508 -2919.4976 -2931.9255 -2989.9355 -3059.3379 -3110.0503 -3093.8252 -3032.5286 -3029.4006 -3067.9172 -3045.1943 -2946.2891 -2828.554 -2746.6033 -2730.5496 -2781.3875 -2831.6763 -2838.7261 -2825.3037 -2814.6697 -2813.8254 -2815.8521 -2830.5356
-2000.0333 -1946.7332 -1931.2186 -1939.1824 -1954.5277 -1919.3094 -1940.9775 -2063.3257 -2174.7922 -2237.6738 -2321.6125 -2405.4741 -2411.2571 -2354.832 -2334.4182 -2368.981 -2369.9968 -2307.2693 -2188.4512 -2112.0061 -2274.7495 -2399.1077 -2458.6377 -2513.7476 -2539.3237 -2517.2847 -2475.9128 -2466.2776 -2527.698 -2626.509 -2680.9714 -2690.4463 -2729.9114 -2805.9111 -2843.7148 -2820.1052 -2786.1665 -2830.0518 -2878.1504 -2877.7217 -2890.457 -2937.4128 -3040.2595 -3115.7183 -3072.0361 -3024.0884 -3011.0347 -2951.3535 -2838.6443 -2711.5815 -2612.4622 -2589.9109 -2644.7612 -2697.6648 -2719.8882 -2738.8193 -2723.2678 -2683.5315 -2685.5259 -2775.9199
-2089.0068 -1955.8998 -1814.9318 -1706.8743 -1646.4104 -1604.3052 -1566.6682 -1606.514 -1762.4122 -1930.7048 -2100.0684 -2242.127 -2254.9792 -2151.0273 -2097.9739 -2148.2185 -2200.2666 -2238.5574 -2252.7986 -2191.7202 -2155.4182 -2138.2373 -2159.3079 -2222.2632 -2270.8738 -2255.3953 -2221.4014 -2219.0378 -2249.1184 -2301.5439 -2373.9075 -2461.2419 -2545.2732 -2613.4363 -2643.6326 -2630.9548 -2630.1978 -2699.2415 -2797.6838 -2854.3447 -2818.1646 -2784.9783 -2829.6602 -2948.2915 -3002.603 -2974.4119 -2956.8018 -2857.8389 -2700.2805 -2522.8357 -2400.1968 -2399.7185 -2486.998 -2573.7783 -2664.1824 -2751.1926 -2763.7339 -2725.73 -2741.355 -2854.9636
-1937.8519 -1854.3173 -1767.1051 -1651.9243 -1512.1625 -1374.4301 -1263.9851 -1250.6611 -1446.2184 -1677.2562 -1902.7729 -2096.0142 -2116.7732 -1985.8959 -1905.1976 -1891.1323 -1879.0919 -1916.8779 -1992.9324 -2026.3639 -2008.6444 -1930.265 -1818.7767 -1782.7531 -1840.1294 -1872.7043 -1875.223 -1897.2107 -1927.7347 -1974.918 -2085.8743 -2237.3608 -2340.3088 -2378.113 -2396.0579 -2436.645 -2511.6794 -2597.2524 -2655.5774 -2665.4612 -2651.0337 -2655.8425 -2688.8984 -2784.5176 -2834.3533 -2811.3503 -2796.6526 -2667.7185 -2484.5239 -2325.2134 -2296.1438 -2373.8225 -2496.2175 -2611.1404 -2736.0068 -2842.3655 -2839.8513 -2818.9514 -2888.3484 -3013.186
-1640.625 -1605.9608 -1572.1819 -1485.7965 -1344.0237 -1174.0228 -997.6594 -930.5311 -1138.0979 -1331.6429 -1484.2327 -1655.3921 -1740.7241 -1691.537 -1620.499 -1564.1644 -1539.2961 -1564.1179 -1632.616 -1704.8403 -1736.8572 -1677.3656 -1520.0349 -1378.8708 -1353.548 -1397.5757 -1465.8031 -1563.1376 -1628.5786 -1655.266 -1764.3762 -1939.7808 -2083.7419 -2133.6074 -2108.4409 -2111.0935 -2195.5405 -2301.8005 -2348.8469 -2348.9939 -2385.7747 -2479.9094 -2588.3164 -2654.1616 -2660.7769 -2623.2449 -2559.7698 -2463.2974 -2328.804 -2251.2588 -2339.9993 -2487.9731 -2568.571 -2631.7852 -2688.7673 -2745.1228 -2750.3645 -2808.7844 -2950.6714 -3035.2109
-1533.8796 -1448.4332 -1347.8312 -1226.2891 -1105.8358 -987.779 -827.6241 -753.7957 -865.7303 -933.0947 -1008.4463 -1133.1525 -1241.4137 -1252.63 -1186.2617 -1130.7513 -1068.5027 -1045.869 -1088.7583 -1159.2946 -1177.9122 -1110.1395 -990.2884 -886.0367 -843.8057 -897.3655 -1017.8542 -1190.6713 -1295.2216 -1334.8138 -1440.8617 -1567.655 -1682.4427 -1745.125 -1741.6932 -1709.6388 -1740.0355 -1862.038 -1997.4955 -2059.603 -2115.51 -2204.6184 -2332.0994 -2368.0596 -2367.0613 -2362.2781 -2330.5994 -2272.7266 -2225.0618 -2229.5369 -2265.5923 -2339.6655 -2372.3662 -2398.0378 -2466.238 -2543.2878 -2605.2483 -2715.0996 -2841.9575 -2861.3262
-1284.1978 -1139.4825 -1028.2673 -938.6818 -846.5406 -738.7807 -574.1559 -518.2099 -518.7156 -497.6055 -553.9218 -660.2098 -742.4292 -761.2365 -742.9125 -712.7084 -570.0736 -469.1824 -441.9541 -447.1221 -428.9346 -380.3645 -345.4597 -362.5752 -386.3141 -434.8116 -501.6851 -578.4653 -648.4867 -741.1689 -862.7971 -981.9594 -1096.2914 -1180.5439 -1262.2313 -1332.8843 -1411.0471 -1538.5557 -1695.431 -1765.4686 -1806.8608 -1856.5233 -1973.7271 -2039.1665 -2079.1833 -2122.3035 -2089.5479 -1985.7379 -1939.8654 -1935.1302 -1914.2255 -1983.9606 -2108.8894 -2192.4443 -2345.8049 -2481.7285 -2561.4792 -2630.8955 -2672.0037 -2653.3848
-609.2211 -510.056 -455.8488 -431.778 -376.5289 -306.5137 -270.8033 -303.3105 -262.1266 -221.9787 -230.6563 -267.5843 -310.4313 -332.054 -371.0508 -416.9464 -294.3569 -200.9126 -167.4666 -157.1226 -157.4377 -173.1553 -217.0013 -273.5302 -304.0624 -304.0706 -273.5674 -202.6138 -170.7496 -251.1259 -374.1361 -477.3138 -590.1004 -700.9631 -818.1422 -956.5095 -1049.0708 -1100.5101 -1179.2992 -1295.8379 -1388.6498 -1413.8295 -1460.3893 -1545.5206 -1606.8293 -1647.5676 -1601.7292 -1470.4796 -1361.1641 -1215.3596 -1155.0739 -1389.3044 -1699.1559 -1960.0248 -2208.7117 -2396.9971 -2446.365 -2430.7932 -2406.7905 -2377.1553
-124.5805 -106.2794 -114.4381 -149.6204 -142.0545 -134.6042 -228.3053 -293.8824 -235.3271 -202.7129 -183.4435 -186.0109 -197.5462 -219.9228 -281.562 -377.5538 -335.3476 -306.3369 -313.7585 -305.9434 -300.9174 -319.3635 -357.6321 -394.3353 -409.5508 -406.828 -376.8703 -275.8231 -188.4825 -228.7634 -298.9832 -338.7977 -398.6537 -466.7815 -532.1533 -603.5923 -652.6595 -647.8893 -637.6558 -689.9746 -740.2862 -719.5648 -725.8813 -784.8932 -821.2938 -836.9341 -818.264 -752.6679 -630.3266 -451.7187 -398.7251 -678.0843 -1068.6359 -1476.5316 -1830.425 -2083.3525 -2161.446 -2144.5483 -2121.4658 -2123.9216
-206.2086 -194.5956 -221.0172 -266.3841 -260.5326 -248.4594 -299.0332 -334.7344 -269.839 -191.7885 -164.9675 -190.5602 -252.6009 -337.3762 -409.335 -469.2739 -469.4933 -484.4182 -505.9279 -494.175 -470.285 -461.291 -473.7545 -475.5343 -465.5092 -474.3854 -472.2387 -395.0699 -313.1626 -323.8608 -352.2784 -374.0356 -428.8576 -476.4203 -491.0781 -499.1035 -525.9148 -527.2829 -487.4525 -464.8381 -462.6763 -443.6109 -445.8096 -478.4698 -491.8866 -492.9952 -482.5768 -452.6449 -405.4474 -338.7103 -312.1058 -365.4752 -515.7227 -826.9849 -1156.4358 -1446.4304 -1650.3949 -1768.134 -1827.0242 -1880.5577
