Resources/Map/Lvl0_30x30/Ele_CE.asc
ncols         335
nrows         335
xllcorner     -6645000
yllcorner     -25000
cellsize      10000
nodata_value  -99999.0
[rows 275 to 299 of 335, columns 228 to 284 of 335]
-4605.9521 -4509.125 -4578.3057 -4592.4272 -4710.9341 -4701.4873 -4833.3423 -4768.7144 -4615.4609 -4615.4023 -4652.8535 -4589.0659 -4538.4658 -4495.3726 -4399.4976 -4486.54 -4476.5552 -4262.0361 -4159.7407 -4197.293 -4303.2969 -4267.4858 -4109.6416 -4082.0027 -4149.7368 -4099.5298 -4119.6348 -4193.2295 -4089.9346 -3986.5483 -4028.8977 -4133.9141 -4127.7729 -4111.8213 -4271.856 -4243.2686 -4016.4204 -3838.2312 -3802.2334 -3936.3962 -3820.1816 -3634.8237 -3618.0833 -3676.9995 -3785.26 -3767.9878 -3753.1833 -3715.4148 -3617.7529 -3639.4141 -3615.574 -3544.2153 -3493.6362 -3589.3557 -3688.7283 -3758.6311 -3695.9717
-4581.8438 -4590.2422 -4604.0366 -4664.7314 -4702.499 -4735.1743 -4820.5024 -4772.625 -4547.5283 -4478.563 -4539.6865 -4408.4248 -4298.6133 -4385.5371 -4341.124 -4272.7397 -4229.854 -4121.1909 -4036.3657 -3996.5823 -4138.5146 -4219.3169 -4157.5161 -4169.5566 -4190.5098 -4077.7366 -4024.0212 -4063.9197 -4016.1345 -3907.1797 -3951.5835 -4005.77 -3966.5017 -4035.6445 -4194.1309 -4054.1643 -3747.1487 -3598.0376 -3610.5615 -3689.2092 -3621.8562 -3563.3704 -3562.5835 -3624.8679 -3751.8423 -3718.1606 -3780.656 -3782.7766 -3682.4675 -3721.8484 -3763.1328 -3679.6575 -3639.2764 -3743.6479 -3785.1404 -3907.1797 -3857.0449
-4429.1001 -4469.0396 -4515.4355 -4555.0273 -4604.7183 -4697.4028 -4709.519 -4713.4575 -4599.6426 -4481.8599 -4433.0303 -4288.0313 -4166.3511 -4280.9434 -4435.2085 -4396.0415 -4333.0313 -4245.0098 -4192.3037 -4108.0933 -4170.3716 -4287.8379 -4343.877 -4342.9263 -4258.4268 -4138.8901 -4079.1624 -3994.4026 -3936.9717 -3977.0198 -4047.7544 -4003.8945 -3947.3062 -3975.8369 -4033.1165 -3941.7231 -3786.6516 -3708.582 -3713.0186 -3684.4609 -3588.3875 -3557.375 -3531.9897 -3586.7578 -3751.7305 -3845.7427 -3929.6865 -3926.3745 -3833.2476 -3798.9756 -3806.2759 -3701.1926 -3674.9158 -3824.624 -3773.0981 -3745.3855 -3707.97
-4600.4346 -4547.1865 -4540.6401 -4553.7246 -4578.6416 -4654.3232 -4548.5479 -4608.6704 -4673.8237 -4576.0469 -4498.4893 -4411.1323 -4274.9116 -4352.0498 -4577.3774 -4511.2612 -4451.6377 -4388.5742 -4332.8311 -4289.5347 -4343.7642 -4475.0308 -4520.8906 -4417.5986 -4246.4609 -4230.23 -4262.1724 -4089.2817 -3965.0991 -4131.5483 -4240.2202 -4130.0825 -4001.5886 -3921.6736 -3919.6304 -3874.6516 -3844.2754 -3800.7981 -3759.6875 -3671.3425 -3581.2078 -3569.4414 -3546.969 -3666.0217 -3879.7456 -4072.6609 -4047.4424 -4006.3235 -3970.5215 -3834.0618 -3764.7827 -3561.2148 -3567.6287 -3782.0815 -3750.5005 -3641.5291 -3581.3926
-4727.4185 -4659.4512 -4634.6338 -4610.9463 -4535.7813 -4546.6475 -4548.1772 -4692.3325 -4773.7031 -4689.6484 -4557.606 -4461.6323 -4344.8291 -4368.0615 -4482.1108 -4356.8711 -4274.8169 -4217.9067 -4213.4526 -4283.5962 -4341.8745 -4470.5425 -4426.4775 -4252.0303 -4106.0684 -4115.2524 -4219.6729 -4159.9937 -4059.9504 -4185.7075 -4244.4771 -4097.8672 -3970.3813 -3972.6748 -4016.2827 -3914.4893 -3866.8723 -3811.5332 -3788.7305 -3734.5784 -3578.8904 -3537.4246 -3541.6707 -3689.4473 -3926.5505 -4190.769 -4210.7046 -4059.8799 -3960.5608 -3796.8582 -3674.8154 -3472.7327 -3460.6611 -3619.7651 -3650.6677 -3623.5771 -3580.8987
-4698.939 -4649.5566 -4678.7031 -4666.4546 -4543.8101 -4522.9146 -4658.8101 -4723.751 -4764.0972 -4742.981 -4562.0493 -4451.1826 -4375.7065 -4345.0195 -4302.7017 -4171.0049 -4107.4839 -4056.0129 -4024.4155 -4102.4082 -4141.0459 -4240.4375 -4143.498 -3988.3804 -3940.1777 -3948.7957 -4028.9661 -4039.2908 -3968.0374 -4065.729 -4135.1157 -3957.2266 -3875.2297 -4019.5288 -4112.9258 -4003.6992 -3927.9463 -3828.1748 -3820.8635 -3779.3423 -3618.1096 -3550.6335 -3550.9441 -3648.9468 -3881.0671 -4137.7974 -4204.0879 -4032.969 -3922.4944 -3844.9565 -3734.9709 -3605.7124 -3562.207 -3620.0103 -3667.8079 -3665.9333 -3696.2319
-4551.6138 -4537.7568 -4661.2085 -4636.3613 -4506.395 -4454.0791 -4619.791 -4557.584 -4575.5503 -4626.2813 -4488.6582 -4431.1929 -4414.1416 -4374.1567 -4271.917 -4172.6069 -4161.2471 -4154.5576 -4055.3215 -4048.3696 -4064.2615 -4075.5549 -3984.1104 -3894.2722 -3893.4612 -3941.7019 -3898.937 -3827.1396 -3818.093 -3952.054 -4045.053 -3866.5142 -3784.4314 -3972.5667 -4104.9985 -4049.7468 -3961.144 -3858.5823 -3931.6638 -3881.3357 -3691.5171 -3652.5803 -3639.6533 -3638.7991 -3750.2832 -3931.0007 -3995.8218 -3879.6587 -3888.6968 -3967.3638 -3903.3362 -3834.0229 -3730.7434 -3674.7549 -3699.9604 -3707.3921 -3734.6467
-4381.7651 -4426.6602 -4597.3086 -4525.9893 -4375.5928 -4267.1289 -4505.231 -4424.499 -4371.0093 -4431.4238 -4399.3682 -4367.7349 -4324.3965 -4318.7979 -4277.1313 -4234.0659 -4206.2222 -4217.0669 -4193.5234 -4152.5713 -4114.6616 -4074.3179 -4026.9705 -3954.8711 -3927.3811 -3981.8633 -3863.7532 -3793.7834 -3853.3481 -3925.5591 -3990.042 -3867.625 -3718.8535 -3812.3865 -3917.582 -3904.7419 -3896.5913 -3939.5649 -4089.0603 -4038.7888 -3828.6089 -3758.4858 -3681.7991 -3603.425 -3560.3611 -3690.5388 -3845.1296 -3770.6321 -3812.3711 -3903.0642 -3882.7683 -3882.7188 -3755.8247 -3693.4531 -3733.4807 -3755.6094 -3759.1404
-4436.4932 -4466.2261 -4548.1079 -4484.4404 -4328.6021 -4198.4126 -4401.2397 -4331.0308 -4318.3755 -4334.6113 -4318.1455 -4216.9922 -4170.4351 -4215.626 -4260.4194 -4197.0957 -4059.7637 -4132.3672 -4248.146 -4181.3164 -4083.147 -4054.9294 -4076.906 -4012.7473 -3968.4731 -3982.1455 -3880.7808 -3885.6228 -3921.9741 -3892.0828 -3987.1711 -3990.5164 -3803.9048 -3693.52 -3653.2585 -3650.8652 -3733.1553 -3887.1719 -4055.5144 -4094.7563 -3987.6199 -3803.1931 -3645.8752 -3558.8743 -3536.1311 -3656.7178 -3862.6438 -3823.2314 -3843.8147 -3852.6707 -3819.0806 -3866.1372 -3779.8787 -3697.4373 -3748.6514 -3670.8623 -3737.6323
-4590.1328 -4569.4399 -4569.6973 -4554.3477 -4471.9136 -4405.9312 -4428.1104 -4372.1069 -4400.085 -4346.604 -4299.2471 -4188.3569 -4172.7715 -4198.5962 -4243.958 -4165.9785 -3971.0627 -4083.6726 -4222.1167 -4107.2837 -3968.2002 -3914.5845 -3972.488 -3994.7966 -3952.45 -3907.6848 -3847.4084 -3909.0349 -3882.2573 -3774.3389 -3892.6919 -3979.8521 -3831.8306 -3625.8376 -3496.5427 -3475.9617 -3525.4819 -3595.5886 -3704.5376 -3779.1584 -3803.9485 -3744.8 -3722.1436 -3652.8667 -3689.4172 -3749.6584 -3887.75 -3915.8083 -3936.2273 -3909.2085 -3814.3696 -3795.2224 -3735.47 -3671.7297 -3723.3069 -3573.5398 -3667.3242
-4589.4038 -4562.8218 -4563.3794 -4580.4795 -4556.0332 -4568.7476 -4560.4375 -4543.3428 -4551.3853 -4493.8281 -4476.0571 -4435.209 -4394.6748 -4322.6973 -4285.5269 -4275.0894 -4139.7793 -4209.2612 -4265.5479 -4127.0815 -3962.0576 -3847.1594 -3873.5398 -3961.4807 -3927.5864 -3878.3875 -3809.2451 -3837.4951 -3783.5745 -3663.6011 -3716.5217 -3756.394 -3669.7852 -3549.1892 -3437.5688 -3351.5083 -3364.8647 -3357.6992 -3344.5713 -3313.5059 -3383.6924 -3555.3127 -3759.2319 -3739.1428 -3707.6099 -3728.7051 -3843.7537 -3944.728 -3947.6516 -3887.0984 -3743.0596 -3713.0447 -3657.3257 -3611.6899 -3738.3142 -3735.574 -3639.9802
-4541.6064 -4483.0332 -4474.4243 -4489.874 -4501.2856 -4548.0947 -4520.9146 -4524.0171 -4496.2109 -4471.2241 -4518.9878 -4603.5083 -4557.4644 -4470.0142 -4423.2983 -4417.9277 -4370.6797 -4414.2666 -4423.7002 -4351.354 -4259.8564 -4169.0693 -4127.3267 -4110.2969 -4038.8284 -4041.2156 -3950.3586 -3873.1289 -3814.9446 -3716.3574 -3662.3523 -3650.0088 -3641.1648 -3592.0933 -3481.5376 -3341.2778 -3353.5042 -3393.5408 -3385.9443 -3318.5625 -3310.7554 -3408.9404 -3634.677 -3674.7385 -3576.53 -3650.7407 -3717.6816 -3813.8406 -3874.9199 -3867.823 -3730.3574 -3650.6812 -3563.0549 -3545.1489 -3739.228 -3855.3235 -3691.8467
-4531.3296 -4438.5947 -4410.8555 -4399.6445 -4396.374 -4391.9253 -4374.9531 -4373.0791 -4357.5103 -4335.6147 -4359.8521 -4441.4443 -4334.6792 -4323.2261 -4342.1353 -4339.125 -4358.0176 -4442.1265 -4518.1973 -4539.9702 -4532.0547 -4493.9702 -4438.6504 -4389.2935 -4306.3115 -4345.5444 -4289.0161 -4168.6826 -4124.8594 -4064.3411 -3974.8237 -3938.8884 -3933.9829 -3868.9734 -3776.2742 -3685.9756 -3679.6597 -3702.853 -3694.6426 -3616.8682 -3585.3506 -3573.792 -3643.8821 -3687.9265 -3656.6741 -3809.0708 -3758.333 -3749.9756 -3830.3391 -3895.4849 -3871.8435 -3705.1907 -3573.5854 -3571.7202 -3723.2771 -3858.196 -3783.2588
-4434.6558 -4365.0034 -4368.5771 -4381.063 -4370.8555 -4324.124 -4286.6934 -4270.1582 -4291.7017 -4315.6436 -4283.9946 -4308.4146 -4227.123 -4153.2729 -4189.1362 -4200.7466 -4213.2266 -4286.5557 -4408.3604 -4487.2075 -4436.2852 -4339.8613 -4350.9282 -4410.7734 -4298.8516 -4304.2339 -4322.6416 -4202.3906 -4144.7979 -4258.082 -4324.5483 -4267.395 -4233.5972 -4223.7832 -4186.0942 -4139.689 -4124.5942 -4124.9307 -4077.4075 -3975.571 -3956.8154 -3984.2129 -3945.0874 -3970.635 -4025.8162 -4165.9941 -4097.0249 -4022.3032 -4016.3252 -4031.8367 -4068.8694 -3957.8347 -3860.9348 -3827.0105 -3873.8806 -3961.0259 -3950.8286
-4361.3643 -4325.874 -4261.1494 -4289.4243 -4399.0513 -4412.4067 -4271.2593 -4201.6978 -4188.2783 -4258.8423 -4259.5054 -4319.3574 -4346.8042 -4187.7065 -4172.4204 -4191.187 -4195.2651 -4235.9077 -4294.7456 -4397.2759 -4346.8237 -4208.5371 -4218.3491 -4222.2295 -4030.4475 -3999.3289 -4013.9038 -3914.1768 -3898.7754 -4142.1689 -4278.4204 -4154.4268 -4113.6011 -4172.4502 -4139.8188 -4107.6821 -4133.6118 -4163.4614 -4126.4189 -4008.7031 -3958.2327 -4050.5015 -4066.4192 -4149.5664 -4297.6548 -4340.5396 -4233.2354 -4168.3486 -4142.9165 -4184.5518 -4164.9165 -4064.7615 -4014.1135 -4030.0933 -4006.3289 -4036.895 -4057.8069
-4401.1836 -4398.1479 -4210.5186 -4171.4429 -4327.4312 -4381.5156 -4277.1289 -4216.7983 -4213.2661 -4240.1631 -4255.1846 -4316.4688 -4394.3979 -4279.6187 -4214.8584 -4252.7642 -4292.4868 -4341.7476 -4346.2544 -4366.7461 -4291.6968 -4209.2881 -4253.1797 -4207.9614 -4037.8 -4054.0229 -4055.7395 -4008.6333 -4040.2395 -4174.7104 -4163.5029 -3954.7317 -3904.2754 -3957.0337 -3845.9763 -3806.2917 -3860.8413 -3819.9646 -3753.1189 -3635.2722 -3630.0029 -3790.1013 -3887.8818 -4016.6934 -4130.9487 -3982.5278 -3936.8423 -3998.6477 -3989.53 -4117.8667 -4085.2915 -3943.0283 -3840.8342 -3932.8879 -3887.8677 -3864.6089 -3854.4312
-4469.4849 -4529.0581 -4410.6201 -4269.1655 -4225.1001 -4212.1812 -4298.4707 -4322.4067 -4342.6665 -4342.4536 -4341.6377 -4321.5571 -4359.0132 -4355.3462 -4326.5449 -4347.3735 -4372.9824 -4400.7598 -4376.5615 -4343.3145 -4223.8843 -4164.9229 -4277.9111 -4337.0962 -4262.0239 -4331.0879 -4365.9775 -4323.582 -4242.0518 -4226.896 -4200.644 -4024.417 -3951.9814 -4011.6326 -3911.8074 -3826.4202 -3786.7808 -3670.7854 -3591.5134 -3568.0681 -3630.0947 -3808.0791 -3922.5083 -4010.1765 -3930.0771 -3725.0981 -3842.1228 -3909.293 -3802.9292 -3936.4092 -3981.1863 -3880.054 -3763.6809 -3798.8645 -3778.1245 -3678.1245 -3576.603
-4496.0869 -4562.9385 -4527.4922 -4380.52 -4259.2036 -4233.9722 -4390.5894 -4413.9087 -4337.8438 -4329.6191 -4313.6299 -4246.3931 -4239.8428 -4331.7544 -4381.3901 -4361.7114 -4308.7095 -4285.0269 -4210.3794 -4250.0186 -4232.2148 -4172.4561 -4285.6187 -4419.9072 -4449.937 -4467.3833 -4340.978 -4261.7515 -4157.5054 -4095.3767 -4204.23 -4213.0601 -4168.3232 -4197.9834 -4169.3765 -4047.1306 -3879.2236 -3853.2783 -3853.2073 -3860.7544 -3882.3333 -3953.3738 -3984.2471 -4027.1245 -3892.4385 -3840.6323 -3939.0161 -3829.728 -3747.4937 -3897.2429 -3895.4382 -3817.7217 -3755.9697 -3748.2559 -3645.9126 -3617.3308 -3583.4141
-4469.5698 -4544.6367 -4510.7212 -4425.7607 -4402.2148 -4435.0244 -4501.6626 -4444.749 -4298.2017 -4298.3594 -4241.1274 -4131.6362 -4117.1475 -4232.6968 -4264.2651 -4265.6211 -4202.0557 -4185.3774 -4096.2427 -4222.2002 -4329.0859 -4274.2881 -4342.7759 -4495.2432 -4564.8306 -4503.7363 -4178.4912 -4083.4529 -4096.7446 -4005.8799 -4120.8672 -4319.877 -4390.4146 -4249.2944 -4186.8208 -4090.3625 -3914.1685 -3979.0349 -4051.6912 -4069.2495 -3998.2036 -3888.5537 -3742.9719 -3864.3857 -3846.7219 -3831.8145 -3870.1726 -3782.4841 -3798.5078 -3825.2166 -3739.2393 -3751.6685 -3736.6931 -3733.7776 -3687.0881 -3725.3806 -3713.5315
-4397.459 -4528.4194 -4518.6118 -4403.0186 -4435.9219 -4533.0439 -4557.7866 -4546.9355 -4502.2236 -4465.2207 -4423.7368 -4371.1431 -4366.4468 -4367.7046 -4306.4604 -4331.9888 -4296.0171 -4345.5879 -4328.5322 -4376.668 -4470.6157 -4434.793 -4452.1274 -4505.7988 -4489.9502 -4430.2183 -4204.9409 -4157.5469 -4203.6592 -4122.0957 -4118.77 -4212.3472 -4279.5112 -4121.2017 -4095.5498 -4104.9722 -4017.6123 -3874.8901 -3828.7898 -4012.4397 -4029.6255 -3995.0632 -3802.595 -3961.5083 -3967.8345 -3792.2273 -3753.9719 -3806.585 -3791.9126 -3777.8545 -3714.0271 -3809.4819 -3787.2168 -3766.8396 -3791.8616 -3809.407 -3743.2468
-4340.4854 -4502.4551 -4545.7583 -4349.1309 -4309.1118 -4477.5469 -4536.9141 -4507.0962 -4548.7646 -4542.7632 -4597.3936 -4672.0757 -4684.2388 -4561.0229 -4472.7485 -4482.9019 -4463.2305 -4495.209 -4512.9688 -4511.7993 -4516.582 -4465.8887 -4458.8418 -4417.1777 -4334.5361 -4319.5425 -4262.9512 -4280.0786 -4351.1421 -4320.6797 -4208.3691 -4055.3113 -3969.5413 -3955.1931 -4067.1907 -4159.0854 -4067.6035 -3763.3711 -3683.7524 -3907.6719 -3980.7952 -4026.7693 -4020.1743 -4102.5122 -4073.1785 -3857.5891 -3761.1091 -3778.45 -3784.8174 -3814.8701 -3800.2891 -3887.2876 -3779.511 -3745.5876 -3794.9644 -3792.3599 -3779.8857
-4307.0913 -4431.5615 -4509.3223 -4414.498 -4282.3657 -4374.7236 -4426.9692 -4351.0635 -4422.126 -4426.9629 -4522.3901 -4592.9878 -4568.6382 -4485.5439 -4430.0942 -4449.4785 -4446.0889 -4354.2822 -4210.1138 -4287.6851 -4333.7886 -4261.4941 -4323.9653 -4339.6011 -4274.7026 -4324.2324 -4298.481 -4268.8413 -4342.1074 -4346.7378 -4278.4507 -4149.7617 -4002.4976 -3974.0378 -4123.1934 -4231.8242 -4079.2688 -3851.9475 -3875.0063 -3969.8013 -3989.6909 -3982.5076 -4049.366 -4069.2581 -3989.5789 -3831.3325 -3652.8347 -3700.9338 -3787.491 -3797.6545 -3760.1111 -3807.7729 -3779.6506 -3752.4529 -3682.615 -3685.0039 -3748.9375
-4342.8003 -4412.0908 -4465.1016 -4489.8359 -4437.3892 -4450.7207 -4472.1011 -4467.1973 -4510.9688 -4523.4053 -4531.4971 -4444.2729 -4305.7456 -4400.5063 -4456.2798 -4447.8159 -4325.9751 -4214.0381 -4073.2275 -4098.3413 -4182.6152 -4173.7017 -4242.1982 -4281.6748 -4260.1982 -4323.8008 -4279.0747 -4197.6919 -4270.5459 -4263.647 -4218.9692 -4195.2158 -4121.2563 -4114.9102 -4189.4351 -4212.415 -3980.0974 -3970.5547 -4070.592 -4080.9534 -4056.0916 -3994.7014 -4005.1729 -3954.0225 -3782.9558 -3721.929 -3605.5803 -3709.8452 -3789.3015 -3769.814 -3696.5154 -3725.2126 -3751.9939 -3761.3101 -3666.5923 -3568.8845 -3648.7961
-4448.6084 -4478.0791 -4540.3877 -4487.7012 -4491.0586 -4490.3428 -4478.4771 -4494.5264 -4468.7354 -4484.8887 -4515.7026 -4488.0718 -4416.0342 -4384.0654 -4381.439 -4433.1338 -4399.8198 -4303.4331 -4271.9771 -4266.5474 -4249.7173 -4229.584 -4251.3564 -4254.4326 -4246.7861 -4318.7002 -4269.4478 -4180.3926 -4192.9424 -4088.1865 -3990.5427 -4032.4285 -4078.3813 -4140.4292 -4128.2847 -4013.6414 -3858.7554 -3977.6177 -4104.2397 -4062.1487 -4007.1511 -3908.717 -3822.7388 -3829.9331 -3772.1594 -3739.3098 -3735.3606 -3812.2236 -3845.0623 -3786.4678 -3725.8438 -3803.4185 -3708.9824 -3702.7598 -3717.2092 -3672.9058 -3717.0513
-4469.9102 -4480.252 -4549.8252 -4481.5166 -4408.4502 -4370.6904 -4328.7344 -4326.2764 -4357.6387 -4348.2856 -4400.96 -4533.6929 -4603.626 -4480.7837 -4306.3052 -4266.3599 -4436.3926 -4477.1968 -4444.2119 -4400.9326 -4301.5054 -4246.501 -4251.1514 -4242.9385 -4243.9795 -4303.9214 -4197.7534 -4094.2009 -4082.1248 -3992.5115 -3955.6479 -4004.6997 -4041.4385 -4025.3113 -3955.5479 -3846.8181 -3858.197 -3997.1282 -4052.5085 -3865.073 -3831.283 -3816.8472 -3825.105 -3925.1245 -3873.5112 -3794.446 -3827.3557 -3875.3447 -3880.4148 -3854.7085 -3759.5134 -3870.6013 -3657.1438 -3628.0613 -3649.3052 -3669.1033 -3736.967
