Resources/Map/Lvl0_30x30/Ele_DJ.asc
ncols         335
nrows         335
xllcorner     10105000
yllcorner     -3375000
cellsize      10000
nodata_value  -99999.0
[rows 250 to 274 of 335, columns 57 to 113 of 335]
-5214.7866 -5257.5425 -5264.3813 -5185.8662 -4918.188 -5194.3184 -5612.4785 -5582.9595 -5523.2314 -5486.5405 -5404.208 -5484.5542 -5528.2197 -5510.9561 -5454.1099 -5351.0791 -5505.7852 -5832.1108 -5819.6069 -5630.9536 -5653.1445 -5632.8804 -5579.8604 -5612.3672 -5580.2246 -5555.5723 -5643.2456 -5749.3438 -5840.8438 -5822.7378 -5778.9258 -5834.5464 -5843.9556 -5942.4902 -5851.666 -5690.7153 -5779.6895 -5805.6128 -5784.1235 -5847.3301 -5872.0615 -5948.8428 -5930.7422 -5819.2656 -5615.397 -5634.0249 -5844.4775 -5981.9629 -5904.8271 -5823.3892 -5752.752 -5624.249 -5531.5127 -5611.9424 -5769.1763 -5750.4575 -5484.1685
-5298.0186 -5378.9663 -5282.3096 -5183.2124 -5100.2134 -5248.709 -5510.4443 -5528.4443 -5446.1714 -5409.2588 -5409.8887 -5431.1675 -5457.7397 -5499.1523 -5443.2471 -5315.5562 -5477.6475 -5808.1699 -5836.4404 -5700.498 -5732.8994 -5660.4883 -5527.0054 -5549.7007 -5599.9736 -5662.3071 -5684.4312 -5696.6157 -5788.5117 -5797.5752 -5738.4434 -5766.4297 -5812.5107 -5903.8936 -5856.2256 -5774.5972 -5846.6826 -5730.502 -5638.334 -5807.625 -5793.2588 -5727.6636 -5936.314 -5917 -5553.6484 -5462.4863 -5674.7007 -5875.6699 -5896.8291 -5914.8696 -5882.3604 -5708.1284 -5474.9429 -5426.3169 -5544.5137 -5593.4302 -5416.2905
-5354.6196 -5093.2051 -4818.5073 -4951.8906 -5125.9595 -5221.1196 -5453.2749 -5499.2783 -5420.7388 -5468.6909 -5465.0864 -5454.1816 -5442.1768 -5402.5845 -5356.2803 -5335.1729 -5556.125 -5786.6367 -5815.9775 -5747.2529 -5701.3013 -5572.9004 -5509.6797 -5553.8003 -5534.73 -5568.7446 -5622.4937 -5658.5952 -5750.124 -5768.667 -5652.502 -5581.5269 -5631.3345 -5807.9492 -5838.5171 -5803.6914 -5861.8975 -5739.4175 -5638.3271 -5842.9932 -5776.9424 -5546.5659 -5776.3105 -5913.0205 -5669.9849 -5460.5503 -5494.0723 -5624.1685 -5806.8228 -5922.8174 -5855.1899 -5676.7212 -5599.252 -5535.9937 -5325.5591 -5086.0361 -4746.5762
-5410.6631 -4742.4468 -4384.7397 -4851.7437 -5162.6675 -5254.6274 -5412.2559 -5512.4902 -5466.7632 -5475.7905 -5454.627 -5496.6255 -5468.918 -5390.5474 -5376.9282 -5339.0571 -5472.3291 -5687.3618 -5815.5156 -5812.0918 -5645.4302 -5491.6685 -5544.0381 -5570.1504 -5508.0615 -5556.0225 -5644.5669 -5673.5537 -5701.0889 -5675.2432 -5544.7041 -5449.9165 -5540.2729 -5750.1309 -5813.5981 -5801.1489 -5744.9858 -5677.2441 -5682.2329 -5811.0972 -5732.7915 -5473.542 -5536.9771 -5731.2368 -5800.3477 -5598.8989 -5554.7295 -5598.9976 -5705.7822 -5824.2397 -5822.4692 -5743.7178 -5646.9575 -5484.8062 -5205.5264 -4990.4302 -4589.3315
-5203.4746 -4461.6084 -4392.0479 -5064.2109 -5331.3203 -5361.9321 -5382.1738 -5508.8613 -5515.395 -5418.1016 -5369.8501 -5462.0107 -5448.0059 -5439.1895 -5456.5942 -5302.9302 -5344.2119 -5666.4004 -5867.4849 -5821.9912 -5641.9629 -5482.8921 -5444.7285 -5440.1372 -5494.6675 -5558.7808 -5579.2383 -5610.0732 -5592.3818 -5491.6685 -5432.0576 -5460.2134 -5613.5376 -5774.3047 -5796.7373 -5731.687 -5628.8848 -5634.2842 -5707.6074 -5735.875 -5703.2842 -5664.0342 -5527.1592 -5535.4727 -5754.6265 -5660.0386 -5641.1924 -5714.5029 -5740.1362 -5772.2207 -5748.0303 -5738.2129 -5672.0596 -5451.6328 -5198.9727 -5030.2485 -4612.5879
-5052.311 -4459.7451 -4726.0024 -5267.9956 -5360.1421 -5394.8564 -5454.0547 -5532.6113 -5537.1675 -5424.769 -5396.0239 -5445.4731 -5430.8774 -5459.9663 -5445.7988 -5245.8271 -5264.1362 -5659.4995 -5979.521 -5850.6416 -5620.5552 -5515.147 -5391.3296 -5337.1343 -5482.7241 -5555.7461 -5515.1357 -5555.395 -5522.3652 -5461.2715 -5531.8149 -5607.0923 -5706.6006 -5800.0918 -5776.624 -5629.9395 -5527.0273 -5652.5635 -5633.7607 -5490.7822 -5516.2437 -5713.812 -5607.3882 -5507.417 -5738.6826 -5725.6641 -5656.6382 -5686.5396 -5700.1294 -5684.2949 -5666.9189 -5660.103 -5616.4478 -5508.3247 -5252.5874 -4939.6431 -4572.0728
-5143.3945 -4958.8848 -5260.5337 -5350.5601 -5277.0229 -5316.812 -5346.4282 -5400.5298 -5460.0522 -5468.6587 -5450.2773 -5387.4233 -5414.3916 -5504.8755 -5481.4424 -5285.2646 -5237.9077 -5546.9839 -5977.2168 -5902.6787 -5587.9336 -5473.1992 -5390.5063 -5376.8154 -5487.6455 -5533.5425 -5476.9702 -5440.4595 -5418.3091 -5564.6646 -5709.686 -5693.0635 -5695.8218 -5700.1938 -5667.6426 -5569.1484 -5455.7705 -5590.4072 -5583.0645 -5448.998 -5438.1396 -5575.1421 -5643.3823 -5612.2158 -5771.1563 -5804.4292 -5666.2466 -5621.7266 -5687.5332 -5675.0396 -5660.0903 -5597.5103 -5583.7422 -5561.3091 -5290.002 -4849.1973 -4579.6924
-5164.4741 -5219.4902 -5395.9043 -5393.9287 -5458.6455 -5438.2217 -5313.7324 -5331.0024 -5421.0332 -5519.7437 -5458.5781 -5399.5283 -5504.4312 -5527.8208 -5482.9692 -5340.3174 -5209.0649 -5384.3076 -5871.7637 -5949.9419 -5622.0522 -5438.5547 -5374.0386 -5400.1445 -5433.5005 -5422.2451 -5417.4287 -5395.6719 -5446.2988 -5662.0142 -5762.9731 -5718.7114 -5666.3643 -5613.1216 -5523.0801 -5411.5352 -5420.8447 -5531.5747 -5571.5542 -5604.7612 -5592.3726 -5570.958 -5650.2212 -5577.6094 -5715.542 -5845.2612 -5671.9307 -5576.8491 -5683.5762 -5675.876 -5649.1294 -5571.8311 -5577.708 -5531.6792 -5272.0547 -4857.0107 -4839.6641
-5159.2954 -5177.2617 -5249.4707 -5299.6626 -5521.3296 -5534.3105 -5341.6079 -5279.0298 -5366.8784 -5543.9873 -5492.9927 -5538.6987 -5638.4985 -5498.5205 -5399.0815 -5278.4004 -5085.7461 -5202.4146 -5729.3174 -5932.9932 -5711.478 -5499.6665 -5413.4673 -5429.2666 -5409.5049 -5335.6465 -5348.5552 -5377.249 -5501.9824 -5658.1597 -5708.9482 -5710.6279 -5609.9995 -5536.5215 -5464.9971 -5351.5645 -5392.1924 -5473.8286 -5535.3545 -5651.4492 -5642.7529 -5534.6421 -5604.5693 -5563.1636 -5642.2583 -5778.8818 -5671.5972 -5592.2627 -5672.9033 -5670.6343 -5680.8169 -5644.5317 -5611.7207 -5471.4351 -5210.376 -5019.894 -5306.8354
-5193.7222 -5058.6274 -5127.5586 -5213.6753 -5452.7295 -5509.5596 -5373.8198 -5324.6245 -5377.2666 -5473.1606 -5439.9956 -5634.9087 -5709.4614 -5509.791 -5352.6187 -5164.8809 -4943.1558 -5115.3267 -5719.3296 -5980.605 -5828.146 -5560.0757 -5419.3184 -5401.9868 -5365.6445 -5284.0376 -5312.2798 -5420.6895 -5576.5327 -5660.8574 -5648.3179 -5640.0405 -5528.3726 -5443.5449 -5467.7275 -5445.1265 -5354.4282 -5330.3262 -5410.5059 -5566.7681 -5614.3882 -5499.2388 -5537.4678 -5581.4307 -5599.1743 -5660.5762 -5607.2944 -5626.2178 -5643.688 -5632.2021 -5685.9873 -5642.8433 -5552.0498 -5340.2539 -5130.1006 -5340.4048 -5682.1831
-5375.0913 -5288.4854 -5272.875 -5311.6689 -5395.3813 -5268.4629 -5284.478 -5473.561 -5489.9097 -5343.6475 -5197.7109 -5460.5405 -5618.541 -5496.792 -5337.1963 -5141.895 -4993.7505 -5233.6392 -5807.0317 -5982.4258 -5813.0903 -5552.4712 -5363.6938 -5324.8218 -5323.2344 -5284.0308 -5380.3262 -5513.6543 -5587.3374 -5692.4302 -5678.2314 -5594.5557 -5506.7061 -5445.1738 -5484.6245 -5497.2285 -5369.2065 -5303.8071 -5365.0566 -5481.1108 -5616.9277 -5567.3242 -5494.314 -5503.7485 -5613.3145 -5704.9751 -5628.9761 -5708.8599 -5658.6943 -5567.1606 -5617.6025 -5545.2646 -5398.5391 -5235.4429 -5299.5239 -5721.3076 -5707.3516
-5499.9209 -5532.0269 -5471.2241 -5466.1763 -5368.2676 -5015.4229 -5143.1714 -5536.4043 -5554.0288 -5300.6826 -5049.915 -5211.8901 -5499.814 -5524.3413 -5386.4326 -5207.9067 -5139.8086 -5395.6626 -5841.916 -5934.3628 -5750.7246 -5525.2222 -5306.2676 -5245.9941 -5281.9248 -5302.9395 -5468.1191 -5604.6538 -5593.8833 -5671.0298 -5677.7183 -5556.2715 -5478.3472 -5448.2441 -5508.9102 -5489.666 -5363.6333 -5408.8174 -5482.5654 -5456.6191 -5579.2212 -5619.0889 -5560.0083 -5486.4712 -5528.4854 -5659.2788 -5697.2393 -5843.709 -5729.3423 -5524.0151 -5531.8184 -5484.1196 -5295.3125 -5295.6504 -5753.2695 -6096.916 -5784.708
-5369.646 -5413.2695 -5398.4009 -5436.6992 -5369.9907 -5187.0747 -5274.7842 -5452.6846 -5529.3984 -5422.751 -5236.3218 -5261.0635 -5495.1006 -5570.5859 -5432.9521 -5236.6792 -5195.6572 -5376.6484 -5662.564 -5820.0728 -5767.2412 -5604.374 -5363.3687 -5233.314 -5246.8062 -5349.4263 -5545.5215 -5651.0776 -5624.0122 -5642.6567 -5595.3325 -5472.4863 -5432.4961 -5366.333 -5450.8486 -5475.5728 -5365.0576 -5438.0371 -5491.5376 -5472.5938 -5548.7705 -5595.9888 -5662.7251 -5641.208 -5535.5757 -5465.0122 -5609.2271 -5796.3491 -5691.2266 -5526.4561 -5436.8701 -5348.5674 -5256.1577 -5496.8872 -6011.417 -6162.8936 -5730.9019
-5340.1694 -5411.1616 -5404.8628 -5440.6709 -5398.0776 -5459.9873 -5470.2988 -5329.7192 -5336.7954 -5352.4131 -5360.9458 -5409.7197 -5500.8013 -5527.2422 -5410.9463 -5238.4761 -5204.1509 -5277.5107 -5477.3071 -5702.4678 -5772.8804 -5694.4287 -5440.019 -5244.563 -5257.27 -5457.1392 -5652.2861 -5658.3296 -5603.5034 -5588.2197 -5487.147 -5424.7681 -5425.0884 -5313.4678 -5414.9438 -5496.0259 -5381.8906 -5387.4746 -5469.3516 -5501.9141 -5513.3247 -5503.8701 -5526.6411 -5617.814 -5669.3467 -5517.0913 -5507.6484 -5603.4814 -5650.6216 -5623.0801 -5379.2363 -5164.9829 -5370.7012 -5877.6626 -6233.6724 -6076.9756 -5199.4209
-5324.418 -5391.2505 -5465.2847 -5537.7617 -5493.0967 -5548.6265 -5463.7314 -5190.1943 -5103.479 -5124.939 -5196.2383 -5395.8091 -5498.2568 -5465.3989 -5367.2061 -5206.2412 -5168.9165 -5231.3433 -5469.0498 -5693.1851 -5779.772 -5721.7207 -5429.8628 -5240.2993 -5306.9751 -5527.2202 -5661.9487 -5615.3359 -5554.3618 -5492.2705 -5403.0571 -5412.7573 -5416.8979 -5338.1831 -5451.6509 -5524.9277 -5433.0332 -5426.498 -5527.7466 -5513.2456 -5485.0532 -5439.6421 -5378.3955 -5511.8242 -5673.708 -5678.8032 -5577.8252 -5598.3564 -5706.3198 -5669.6582 -5297.6626 -5101.2715 -5673.2876 -6252.0967 -6239.1426 -5545.3745 -4532.0552
-5201.958 -5164.9307 -5389.8203 -5538.3877 -5466.3389 -5505.8076 -5490.2676 -5252.0278 -5127.3921 -5153.0166 -5122.0796 -5319.1177 -5480.0903 -5475.8457 -5430.7554 -5296.1992 -5268.1118 -5294.1201 -5427.5264 -5620.0601 -5717.9697 -5609.5972 -5400.7148 -5378.2651 -5448.8276 -5544.6606 -5628.0898 -5605.3125 -5516.9932 -5381.2388 -5323.2837 -5379.3198 -5442.167 -5429.2588 -5441.5571 -5433.8013 -5487.4297 -5560.4956 -5581.4731 -5487.3418 -5418.9595 -5392.7334 -5459.9546 -5575.8916 -5616.3809 -5700.2954 -5705.7104 -5682.2002 -5687.6206 -5617.4321 -5207.5327 -5157.1489 -5874.6948 -6286.9502 -5806.2979 -4743.7271 -4155.7827
-5208.4048 -5055.9771 -5281.1611 -5434.541 -5353.6763 -5446.4272 -5545.5625 -5381.4878 -5250.5654 -5334.4429 -5333.1685 -5421.394 -5522.7886 -5478.6382 -5469.521 -5466.9966 -5456.0366 -5378.0396 -5302.8989 -5426.5645 -5554.814 -5459.1079 -5455.5908 -5583.4756 -5517.0269 -5451.2354 -5548.4854 -5553.1021 -5438.0825 -5328.0532 -5338.3203 -5422.5815 -5525.0586 -5498.0869 -5437.1328 -5381.4102 -5528.1753 -5627.688 -5570.4795 -5481.8105 -5413.9609 -5493.1509 -5737.8843 -5743.4126 -5651.4009 -5703.9585 -5800.9893 -5688.0439 -5608.6196 -5568.8047 -5194.3491 -5362.1406 -5973.5015 -5978.5059 -5247.46 -4436.4038 -4282.978
-5276.9927 -5045.6563 -5118.7505 -5260.1421 -5348.687 -5461.7808 -5467.1372 -5310.8091 -5264.688 -5449.2178 -5556.1836 -5546.7744 -5526.6265 -5464.7905 -5470.2383 -5492.8984 -5455.9014 -5363.3447 -5238.8262 -5285.0703 -5440.4561 -5487.6484 -5576.1865 -5643.3882 -5513.0854 -5457.3252 -5508.3164 -5465.5205 -5434.6631 -5427.7334 -5454.7305 -5533.1245 -5546.9922 -5466.3481 -5478.0361 -5473.2173 -5558.9956 -5570.168 -5514.145 -5557.0371 -5536.5625 -5576.374 -5792.1001 -5758.5894 -5734.0225 -5776.8701 -5824.9829 -5634.0142 -5496.4429 -5428.7612 -5177.5239 -5618.4497 -6068.2344 -5690.7266 -4939.1123 -4445.3867 -4346.5767
-5260.3916 -5065.3716 -5118.958 -5207.0581 -5366.1221 -5468.5112 -5416.1606 -5325.6572 -5356.8433 -5457.9272 -5503.4521 -5447.8774 -5331.625 -5379.0059 -5499.272 -5456.7637 -5422.876 -5393.3071 -5303.0059 -5318.4995 -5422.7227 -5496.7778 -5539.73 -5544.1079 -5532.7192 -5615.3096 -5578.6372 -5449.3711 -5498.9565 -5540.6226 -5511.7305 -5589.7554 -5505.127 -5439.0239 -5576.0591 -5594.5415 -5537.104 -5466.1899 -5499.1587 -5613.4292 -5574.6729 -5523.5259 -5625.0117 -5698.5337 -5795.793 -5769.4365 -5746.0254 -5554.501 -5416.8413 -5207.4741 -5038.7915 -5758.624 -6174.1914 -5644.6899 -4937.2139 -4539.0225 -4442.2764
-5212.1079 -5179.8228 -5238.2993 -5200.2124 -5256.3745 -5394.5332 -5441.4121 -5427.9302 -5386.333 -5272.4634 -5237.4482 -5246.7007 -5206.9399 -5356.8613 -5533.7979 -5459.7817 -5444.3281 -5442.6196 -5390.7368 -5438.0015 -5450.7988 -5406.2446 -5381.4058 -5406.9102 -5513.3467 -5641.793 -5566.9072 -5441.3237 -5519.3735 -5571.6929 -5543.5498 -5619.4385 -5517.6118 -5516.4927 -5659.4585 -5577.271 -5471.6611 -5470.8579 -5620.6519 -5636.8789 -5550.3564 -5605.1104 -5614.6309 -5699.3936 -5808.8379 -5677.1274 -5643.3965 -5443.105 -5310.1089 -5038.2593 -4974.6577 -5831.2588 -6160.6812 -5490.7236 -4755.5098 -4452.7832 -4503.5239
-5293.376 -5419.1187 -5386.416 -5238.9204 -5145.8413 -5228.4189 -5378.4312 -5452.0088 -5291.0933 -5085.7896 -5204.8809 -5407.2744 -5502.3975 -5548.5112 -5473.874 -5359.8989 -5382.0278 -5434.8994 -5441.8735 -5414.4712 -5358.4771 -5325.2314 -5305.9927 -5355.8428 -5502.1201 -5562.687 -5495.3042 -5444.3853 -5529.7466 -5590.6216 -5594.3765 -5643.374 -5548.1465 -5566.9624 -5673.0869 -5505.7178 -5470.7744 -5527.1924 -5685.2822 -5642.9844 -5533.3584 -5714.6333 -5696.7466 -5687.561 -5787.5371 -5621.4282 -5542.6528 -5362.9214 -5099.7842 -4907.6177 -5182.437 -5886.8628 -5862.0225 -5028.4321 -4335.4131 -4257.27 -4517.4302
-5443.1826 -5576.8799 -5523.3911 -5316.0972 -5160.5098 -5194.8867 -5280.7979 -5420.5347 -5300.0767 -5214.3662 -5463.1782 -5664.2344 -5683.1968 -5510.6558 -5249.9917 -5235.021 -5331.479 -5408.6382 -5448.9565 -5312.2773 -5234.2603 -5302.0161 -5383.6382 -5498.7085 -5578.3472 -5526.1826 -5508.5303 -5510.25 -5552.3276 -5587.2319 -5538.7651 -5593.811 -5589.248 -5547.7559 -5574.3823 -5491.3037 -5596.1094 -5580.4712 -5646.8257 -5673.6064 -5545.9111 -5700.916 -5703.481 -5651.71 -5752.646 -5601.5381 -5464.1289 -5306.9351 -4900.7764 -4834.0654 -5527.7515 -5910.8252 -5400.9536 -4478.9521 -4029.6484 -4204.2144 -4506.9272
-5514.9971 -5455.7964 -5517.5386 -5403.7773 -5311.2778 -5292.4248 -5233.4932 -5371.9268 -5350.9038 -5382.1729 -5482.9614 -5511.3306 -5494.6602 -5296.041 -5175.0669 -5335.0059 -5414.0483 -5395.2783 -5402.1421 -5311.6836 -5291.9526 -5367.6636 -5493.2544 -5615.002 -5585.9072 -5444.876 -5465.0137 -5560.646 -5606.2266 -5580.0371 -5433.7378 -5478.8213 -5605.1631 -5580.7681 -5532.5435 -5575.4829 -5709.1509 -5614.4072 -5683.5337 -5759.2339 -5636.4512 -5720.6646 -5712.813 -5653.6899 -5643.6895 -5466.0913 -5343.6064 -5133.6987 -4678.2295 -4829.415 -5757.9575 -5736.3667 -4759.1353 -4009.1917 -4002.0706 -4332.8364 -4549.6064
-5042.6553 -4703.5142 -5268.7021 -5482.9072 -5419.0913 -5318.4697 -5262.8599 -5298.0952 -5204.7173 -5284.5923 -5234.6313 -5224.4126 -5327.8203 -5245.0908 -5305.687 -5523.6836 -5492.4688 -5382.5127 -5368.3955 -5397.9312 -5474.3062 -5558.7842 -5597.8345 -5560.2524 -5502.1128 -5434.5571 -5465.0332 -5592.0757 -5637.5732 -5571.4619 -5429.7573 -5425.8276 -5507.0088 -5614.0991 -5726.1504 -5752.1836 -5683.5684 -5580.6069 -5718.4736 -5807.3369 -5791.2515 -5771.6606 -5657.6123 -5591.5054 -5446.8745 -5307.271 -5148.0322 -4710.9873 -4357.0996 -4930.25 -5810.2827 -5330.5879 -4116.2671 -3778.9014 -4099.7593 -4392.3076 -4577.1821
-4091.6482 -3818.6409 -5020.9814 -5496.5854 -5396.6636 -5290.9917 -5276.1523 -5258.7056 -5207.8018 -5296.6753 -5187.5996 -5179.7017 -5309.7363 -5326.3247 -5423.7632 -5538.9536 -5479.1421 -5423.7627 -5441.9971 -5491.3149 -5531.5537 -5582.1455 -5551.4585 -5509.4434 -5533.064 -5603.5581 -5601.7012 -5590.1406 -5638.0674 -5614.6284 -5510.252 -5492.0161 -5478.1001 -5594.7935 -5799.2148 -5791.0454 -5694.6387 -5649.0806 -5658.2852 -5718.9849 -5799.7583 -5743.2119 -5601.1348 -5451.3071 -5196.5278 -5169.5303 -4910.041 -4399.1382 -4382.9438 -5148.1616 -5662.7827 -4960.7993 -3874.7073 -3806.3301 -4138.3384 -4324.2954 -4453.1016
