Resources/Map/Lvl0_30x30/Ele_FK.asc
ncols         335
nrows         335
xllcorner     13455000
yllcorner     -10075000
cellsize      10000
nodata_value  -99999.0
[rows 208 to 233 of 335, columns 180 to 239 of 335]
2526.9915 2534.4458 2549.8198 2547.177 2547.4712 2543.5674 2531.408 2532.1375 2526.3586 2520.2097 2513.8713 2506.9248 2512.1318 2506.6467 2505.6094 2559.2087 4647.1108 4517.897 4249.5059 3314.8418 3249.9707 3221.0474 2518.6809 2465.1694 2460.6753 2456.314 2450.1843 2461.0867 2447.9536 2458.4685 2457.5459 2458.4209 2638.0474 3026.6431 3347.1365 4022.4998 3371.1379 3320.3948 3750.749 3710.2959 3253.0273 2533.9961 2690.0872 2640.6648 2715.2571 2573.783 2537.9048 2909.408 3042.0842 2978.1697 3090.5713 2977.5586 2820.5896 2861.2273 3005.7686 2989.6467 2588.9399 2542.4851 2517.1609 2482.2058
2527.0461 2518.0742 2516.6521 2516.3508 2515.3147 2522.7344 2517.071 2503.2107 2496.3943 2508.3701 2668.1873 3268.2615 2577.1577 2831.2314 2739.8867 2481.1072 3462.3562 2956.1936 3557.4124 3583.9629 2745.6133 2512.157 2470.9573 2459.3628 2459.8806 2470.5945 2420.9653 2360.0789 2388.8701 2467.1465 2467.4041 2424.8179 2428.46 2549.429 2724.2026 2773.3704 2427 2705.0483 2972.3044 3150.1335 3295.0737 3133.4475 3340.2837 3346.3518 3304.8184 3211.7786 3424.321 3516.5278 2765.7405 2512.948 2677.123 2926.2041 2953.9031 3051.1702 2836.3391 2849.0352 2970.8916 2772.5798 2528.5212 2574.8894
2520.7334 2517.1563 2510.271 2524.7104 2517.813 2491.0154 2514.5281 2534.5107 2553.446 2929.8848 3594.6545 3502.2427 2484.2397 3572.2051 3727.1304 3247.74 3807.4534 3450.6433 3004.1169 3302.1484 3116.3833 2475.4929 2447.543 2457.8787 2433.5012 2421.603 2422.8445 2417.0798 2423.1416 2428.6599 2438.1733 2436.9619 2435.2632 2426.7859 2457.323 2500.3359 2454.5422 2446.2688 2543.6096 2569.4312 3237.4319 3709.7656 3801.6245 3585.6089 3205.4932 3405.7632 2947.2551 3135.0442 3256.5745 2777.5264 2715.4578 2881.5669 3181.1458 2929.0947 2616.7148 2734.2642 2677.0864 2933.5022 2831.8933 2449.3425
2521.4658 2514.3904 2506.1799 2491.2146 2510.9827 2504.761 2479.9724 2486.9871 2514.2178 2491.2659 2480.9675 2518.0366 2667.896 2474.759 2484.1658 2457.9207 3079.7185 2858.5999 2465.752 2472.8457 2472.531 2455.322 2459.8091 2454.1101 2445.9688 2438.8088 2430.0244 2419.0349 2418.0264 2411.4924 2410.5852 2412.3425 2397.7725 2393.6941 2388.9375 2391.1545 2392.3794 2397.2185 2410.7241 2585.3677 2462.6772 2655.3909 3253.8467 3365.1692 2827.124 2648.6311 3130.4158 3375.4414 3406.249 3583.4456 3197.8213 3192.9502 2843.8428 2857.7036 2953.9014 2503.7178 2362.9697 2355.7305 2355.5742 2355.3396
2493.6802 2487.1826 2491.0547 2485.0046 2490.9895 2484.7161 2476.7815 2482.8044 2491.0388 2492.6179 2493.1143 2480.0173 2479.7598 2469.9119 2447.4897 2480.5652 2448.0735 2447.8328 2457.6204 2460.167 2473.3435 2462.2473 2460.3594 2460.6057 2426.8423 2425.5051 2429.4463 2430.5164 2426.9597 2423.8674 2418.5759 2389.6926 2356.0845 2321.2849 2388.3523 2383.7783 2396.9275 2392.5659 2375.3721 2360.489 2381.5239 2752.4421 3360.385 3371.5168 2991.9116 2998.3474 3176.3557 3198.3748 3215.1033 3077.4106 2882.3323 2680.7964 2636.0671 2548.5073 2412.2869 2368.6455 2347.4761 2372.5503 2388.6741 2350.4978
2498.7034 2494.8872 2499.8896 2497.3242 2495.6555 2483.7373 2480.9912 2475.7412 2470.6401 2474.9045 2479.0232 2459.7212 2446.9338 2445.4695 2443.811 2457.2471 2456.6421 2448.3135 2421.6506 2421.8564 2434.5266 2435.8823 2444.8359 2441.1433 2443.3005 2437.364 2434.8923 2440.1077 2434.9485 2434.2402 2412.2617 2416.3079 2389.3252 2359.6252 2313.437 2325.2183 2349.6465 2361.3638 2360.887 2361.3958 2414.8406 2404.9365 2601.2422 2938.9431 3942.7126 4532.0664 3958.7234 3618.2583 2891.2952 2592.9692 2403.062 2368.0132 2391 2352.5867 2363.6287 2347.6416 2346.3809 2342.3457 2348.7842 2353.3188
2494.7991 2508.342 2495.5049 2500.7273 2512.1719 2485.77 2477.3245 2468.4858 2468.2815 2465.8965 2470.6606 2455.9763 2429.696 2438.8752 2451.9971 2438.8398 2451.0769 2455.0693 2437.5823 2431.7791 2415.9932 2429.9304 2436.5859 2431.3628 2422.2349 2399.3281 2380.6455 2367.9802 2350.4385 2344.7129 2391.3584 2376.0217 2282.9458 2343.8494 2355.3101 2316.3601 2336.5505 2321.5974 2326.7373 2332.9753 2316.6135 2371.9563 2803.3022 2529.103 2838.0803 2709.5774 3104.6147 2613.3577 2386.8274 2386.6433 2347.9834 2372.6548 2346.3379 2356.2554 2357.7278 2357.7114 2369.4409 2373.2871 2372.98 2369.2307
2489.1191 2484.9229 2485.3657 2488.9536 2483.7192 2483.7766 2479.6018 2471.1094 2467.3015 2462.3633 2452.7107 2442.8286 2438.5051 2434.4556 2432.5461 2434.9595 2435.2456 2431.7881 2428.5901 2417.219 2399.4214 2387.3435 2406.1904 2406.3516 2411.4119 2424.5107 2416.6023 2395.0229 2393.1807 2387.49 2374.4893 2298.832 2372.9668 2375.3567 2360.0078 2370.3394 2378.0164 2381.4023 2374.7422 2383.3257 2371.3911 2369.1763 2386.2097 2369.064 2359.0173 2324.6333 2321.5583 2301.2825 2311.1331 2316.1658 2328.1672 2330.9448 2324.1069 2305.3721 2287.1262 2323.1135 2332.0115 2349.0964 2356.6792 2345.052
2487.1594 2491.1333 2489.0366 2478.1487 2473.8538 2475.0603 2463.6392 2469.332 2464.2444 2446.1501 2444.0464 2440.3303 2439.1667 2430.3184 2430.4312 2429.3464 2430.105 2423.2771 2436.8 2431.333 2420.1345 2400.3635 2410.3435 2413.77 2402.9663 2395.0984 2400.99 2396.5449 2388.8035 2362.5447 2356.9456 2362.5625 2365.4333 2346.4102 2345.4592 2358.4578 2372.2083 2372.5068 2380.1597 2380.2271 2387.4363 2371.2639 2356.7034 2374.1797 2359.9363 2363.429 2349.6177 2348.1379 2339.7192 2307.001 2297.1016 2310.7007 2322.7466 2338.1057 2341.4651 2357.3423 2325.8562 2330.8914 2361.97 2330.9395
2496.8059 2493.429 2483.8955 2475.1475 2466.8738 2463.4019 2457.9905 2449.9858 2448.4968 2442.98 2442.0251 2432.8528 2435.6409 2440.4795 2448.8801 2443.1987 2440.4458 2435.8342 2434.8499 2433.092 2423.9453 2394.9558 2410.2056 2402.7339 2401.2402 2395.3806 2397.3782 2393.1384 2384.3105 2381.9341 2375.6077 2373.8728 2363.6445 2363.5625 2379.4167 2389.7659 2387.3083 2386.7097 2389.7949 2376.4998 2373.4856 2374.6877 2372.0481 2367.4688 2361.1575 2369.928 2376.5317 2372.6528 2368.8464 2359.6587 2353.2349 2343.24 2344.2729 2334.1692 2348.6077 2357.1941 2350.7224 2336.3291 2321.093 2321.9014
2482.4753 2486.6553 2483.4705 2480.6563 2472.1423 2469.9719 2463.8757 2457.2656 2443.6655 2449.7585 2454.2559 2458.9546 2451.0854 2429.4875 2424.1736 2436.0779 2424.4761 2429.0442 2425.291 2424.0427 2424.9265 2418.6816 2403.314 2377.0005 2383.3298 2381.3894 2389.6763 2389.0764 2387.5737 2383.4226 2387.2727 2396.0754 2374.7136 2384.9724 2403.3542 2392.9451 2378.7483 2367.7915 2368.4998 2362.9717 2354.3586 2349.4207 2368.9927 2360.9373 2348.2166 2343.1196 2336.5474 2343.1755 2346.5081 2343.7 2331.0803 2331.4963 2329.325 2318.179 2314.1282 2298.283 2308.3281 2301.3542 2289.2849 2305.7288
2478.7427 2482.0886 2465.196 2473.8411 2475.2759 2463.4121 2448.7058 2433.7375 2430.6335 2421.1594 2446.5103 2450.269 2427.8347 2438.6567 2444.5061 2429.8254 2418.1738 2432.0247 2407.6282 2400.2881 2400.3191 2406.2766 2400.6309 2402.3271 2384.197 2376.2354 2389.8125 2397.0181 2401.2505 2407.9277 2388.2603 2378.0464 2370.0857 2352.4814 2367.6309 2368.1418 2349.6594 2353.1851 2349.5601 2344.7488 2327.365 2344.2529 2347.1101 2341.9841 2329.1042 2331.0364 2342.4924 2319.4177 2307.9019 2314.6855 2319.7695 2320.3538 2309.563 2310.9036 2293.2866 2311.0461 2303.1033 2306.7551 2306.8774 2326.5903
2462.969 2464.2383 2462.1492 2461.6792 2461.6245 2461.6072 2458.3679 2443.4116 2438.2288 2427.4878 2415.5498 2415.7173 2412.405 2403.1223 2397.8445 2399.8435 2385.8787 2366.1331 2383.0933 2389.019 2397.3208 2403.55 2397.0261 2394.0356 2390.6604 2394.2229 2400.7661 2406.6782 2398.8105 2386.2524 2373.7266 2373.0996 2377.4712 2358.594 2323.5669 2344.9551 2348.708 2357.2073 2344.4573 2351.2668 2343.0127 2339.9226 2335.1594 2326.6909 2317.5659 2322.6021 2314.9631 2313.989 2321.8643 2327.3188 2329.5557 2320.1375 2315.6992 2320.0205 2321.1707 2320.2856 2310.6084 2297.5142 2293.2915 2301.8457
2444.0034 2444.9136 2448.2197 2439.2478 2454.0142 2450.283 2451.5898 2458.8005 2432.114 2432.9731 2426.4597 2411.3853 2402.5171 2403.209 2402.5027 2388.3667 2383.6182 2375.9888 2349.1001 2389.6606 2392.6382 2398.5918 2391.3367 2390.793 2386.1111 2390.6941 2389.4724 2385.6743 2387.9814 2389.1226 2369.0256 2359.9553 2358.2969 2360.6096 2363.8323 2360.0659 2349.0061 2340.9836 2332.7295 2332.2581 2335.4373 2334.498 2352.6841 2322.5413 2313.8081 2325.6743 2324.4846 2327.1841 2312.9451 2312.8438 2312.1707 2306.74 2322.4141 2306.7563 2298.9734 2301.0945 2312.3318 2320.8721 2307.3193 2305.2905
2454.6428 2450.1536 2445.8708 2444.7039 2443.2195 2437.8162 2434.9797 2429.2827 2431.5427 2436.2876 2419.4346 2419.2893 2425.6392 2414.022 2404.9045 2396.438 2391.5212 2401.3535 2394.3694 2392.8186 2388.5557 2386.7122 2385.5586 2385.4172 2386.668 2376.0232 2378.9004 2375.2617 2372.2854 2368.5825 2365.5156 2377.3037 2386.1162 2381.2251 2368.7178 2345.7375 2337.9402 2333.3533 2328.3655 2332.8608 2327.3445 2329.4304 2331.6816 2328.0313 2328.6211 2328.188 2318.2271 2302.4756 2301.4263 2301.9919 2300.3899 2299.6985 2301.55 2312.8328 2328.0959 2312.5437 2307.5964 2300.7126 2301.0103 2297.8696
2457.4648 2454.7134 2447.6245 2442.1628 2443.0083 2439.4375 2435.5625 2430.8464 2429.8323 2426.2554 2422.8801 2421.3906 2419.7373 2412.7268 2416.0068 2410.6008 2405.9282 2398.8489 2391.7773 2385.3032 2378.0227 2373.085 2377.1052 2375.676 2371.5015 2372.1672 2367.009 2375.3381 2379.6545 2388.6941 2389.946 2383.7742 2363.0427 2351.7234 2345.1489 2348.9336 2341.2068 2337.2317 2338.3486 2330.4373 2349.3259 2354.4656 2327.8337 2330.3872 2323.0039 2320.7158 2312.1689 2306.8386 2308.7161 2314.2649 2322.3884 2321.2339 2325.6628 2311.8152 2297.7634 2284.759 2283.2251 2279.1052 2270.4736 2277.969
2463.9836 2456.2883 2450.4128 2449.1479 2444.937 2442.1033 2443.2871 2439.7654 2431.7952 2427.6619 2426.3823 2420.9189 2420.5295 2416.6804 2412.3501 2411.1267 2409.2251 2406.6514 2399.447 2393.1812 2388.7136 2386.3181 2380.8003 2377.7961 2377.7344 2379.9758 2379.6948 2371.4541 2376.5076 2382.303 2377.7666 2379.4646 2361.4158 2340.4016 2336.7388 2336.8796 2340.1516 2340.0598 2341.7715 2342.3623 2345.1953 2333.0759 2322.427 2323.0798 2325.3906 2328.4351 2327.5898 2331.4768 2320.0515 2311.9817 2319.0725 2313.7029 2304.6799 2293.3196 2289.6194 2279.7681 2270.636 2267.5781 2262.7839 2267.1404
2455.1514 2452.4592 2447.3652 2443.3447 2446.2646 2443.4355 2438.8574 2434.7415 2431.2068 2425.9138 2422.3438 2423.592 2417.9502 2417.5581 2417.3979 2412.8987 2406.5315 2400.946 2403.5188 2401.3386 2396.0691 2398.7351 2396.6736 2402.157 2397.8486 2389.8892 2371.5361 2357.3423 2353.342 2357.179 2356.6499 2346.6526 2344.4231 2337.4011 2337.5195 2350.6919 2357.5259 2363.8022 2350.2371 2337.3208 2327.749 2324.7349 2328.5857 2324.4695 2327.4473 2323.2629 2323.646 2319.312 2314.9641 2308.3945 2312.6533 2304.4878 2289.803 2286.0205 2283.4023 2281.1841 2277.0217 2272.1335 2274.6389 2275.9805
2460.2722 2453.0266 2447.8518 2445.2913 2440.7219 2439.0889 2438.3923 2436.145 2432.9639 2430.9084 2427.7229 2426.2119 2418.656 2411.6375 2411.1655 2408.0081 2410.3911 2407.9128 2406.4368 2403.4258 2401.4993 2396.5537 2390.8738 2388.8835 2380.8662 2368.5635 2359.8267 2360.7922 2362.6536 2363.2146 2360.8108 2362.6602 2366.1814 2366.1682 2364.3352 2350.5298 2343.4756 2372.5984 2348.2661 2337.9956 2332.6899 2337.2761 2331.1995 2326.6851 2314.9714 2306.3555 2313.2493 2324.1807 2314.6836 2298.8813 2291.2324 2291.2412 2295.3467 2294.323 2295.6147 2303.5391 2305.9187 2303.2468 2300.7996 2279.7512
2452.0391 2448.4763 2445.9075 2440.6167 2438.8049 2438.0691 2433.4417 2434.0032 2430.3408 2435.8303 2434.1392 2433.3982 2423.6128 2421.0337 2431.2942 2420.2783 2423.6086 2412.0024 2406.9944 2398.8481 2383.0442 2379.2937 2375.5127 2374.0938 2368.2219 2364.0134 2360.2141 2358.0183 2367.1431 2372.9836 2377.0884 2373.9897 2361.8516 2354.3469 2353.657 2351.8342 2357.8882 2338.6135 2333.9929 2325.4192 2325.592 2323.5596 2319.2656 2318.1086 2319.0583 2321.3357 2324.5515 2322.7754 2313.8489 2294.3462 2297.7368 2301.4204 2293.3181 2282.3862 2275.3389 2271.521 2267.8418 2259.4041 2261.9595 2261.9194
2455.2625 2452.4712 2446.0571 2445.8057 2442.3303 2435.6604 2434.751 2429.8489 2423.8037 2422.2649 2426.3936 2425.1025 2423.5464 2419.8677 2420.6099 2413.8176 2413.8218 2410.9753 2402.9458 2401.2896 2393.8665 2378.7991 2377.8857 2374.7283 2373.2861 2374.2822 2367.0391 2349.572 2337.6924 2339.7358 2342.7229 2341.3643 2336.8704 2356.9077 2365.9077 2355.6719 2348.5427 2337.5315 2319.5383 2305.6523 2325.3784 2310.1443 2320.1758 2315.8315 2314.0581 2319.3877 2321.9153 2310.7268 2298.8955 2293.5566 2285.5464 2302.6423 2291.2327 2284.1726 2282.3689 2278.9797 2275.9961 2272.2583 2267.4238 2262.1238
2449.4016 2447.1768 2442.793 2439.4236 2436.7522 2433.9202 2428.8025 2425.0164 2422.0286 2419.6541 2417.0815 2406.9941 2406.6238 2405.3723 2406.4985 2407.4282 2408.7634 2405.3579 2398.2183 2397.0874 2383.5674 2370.5068 2365.5208 2362.4097 2355.5994 2346.3159 2350.1909 2352.9539 2349.0222 2341.8289 2346.8669 2341.3333 2348.7815 2352.0083 2336.239 2343.9167 2345.1138 2344.2371 2322.6501 2310.5759 2313.5081 2306.9268 2308.8762 2307.3025 2305.4592 2310.6406 2314.7229 2318.0627 2285.3923 2271.5488 2280.176 2276.9956 2280.343 2290.6055 2287.5852 2290.9487 2294.7668 2286.9387 2284.9146 2281.8562
2454.4551 2447.1096 2438.9048 2437.3967 2433.5454 2429.6787 2429.5276 2424.7834 2426.6357 2424.2537 2424.4673 2420.2302 2416.2993 2412.7563 2409.5383 2412.4517 2401.9749 2400.8635 2391.918 2382.8826 2365.6428 2358.229 2354.5996 2359.6228 2362.8643 2344.5889 2344.4553 2347.9475 2349.1423 2352.645 2344.4988 2342.9497 2345.1028 2344.2556 2344.885 2341.96 2354.783 2351.8967 2340.6479 2320.801 2309.0815 2308.4106 2304.3254 2310.9141 2298.009 2297.2651 2297.8357 2289.0154 2289.1648 2293.9326 2288.8372 2290.1362 2283.376 2290.3752 2291.384 2284.459 2280.0359 2281.5002 2283.4617 2273.6658
2443.958 2444.3 2438.728 2446.0334 2443.6926 2435.2449 2423.2544 2415.7209 2414.2141 2413.1272 2406.9006 2399.4683 2395.7354 2389.5801 2388.4014 2385.9363 2386.6641 2386.6938 2375.5876 2380.2139 2382.2893 2375.2244 2370.9663 2365.9172 2350.4055 2358.8264 2359.4829 2357.6814 2350.593 2350.416 2351.8484 2350.1001 2348.4976 2347.8066 2353.7468 2347.9258 2350.092 2345.8015 2341.4607 2332.3191 2321.2771 2321.3572 2316.0549 2312.4307 2308.0769 2307.5027 2302.7524 2296.5613 2295.2434 2296.3093 2291.4143 2283.8469 2286.2317 2294.5535 2288.3237 2284.6284 2276.5073 2289.9602 2281.3555 2263.4822
2454.2981 2449.6455 2448.3792 2444.7415 2433.5398 2426.3032 2426.7065 2423.3423 2418.313 2409.1531 2407.8228 2406.137 2401.271 2395.1396 2385.4905 2386.7485 2407.2329 2382.3411 2379.1919 2375.3118 2376.2451 2362.2273 2359.8994 2366.2725 2359.1514 2366.0881 2371.9575 2362.1455 2361.9875 2352.499 2356.3459 2353.8711 2352.9954 2345.5771 2350.2493 2345.6238 2350.1121 2332.9492 2330.8545 2327.2979 2324.7314 2325.4592 2319.3745 2315.7993 2311.1006 2317.5366 2301.8953 2298.3987 2296.0369 2288.4023 2286.7493 2275.4246 2279.196 2265.8503 2269.7659 2268.1494 2268.0916 2255.6174 2240.4653 2239.5046
2447.3037 2442.5188 2438.3115 2438.137 2434.3381 2428.23 2429.3762 2429.751 2431.3555 2425.0603 2426.0098 2428.6545 2425.2573 2423.865 2414.7437 2414.6157 2405.7351 2381.6958 2370.5188 2374.0513 2371.6768 2372.1987 2374.4229 2375.2493 2376.3325 2376.0276 2376.5889 2364.2002 2355.8938 2349.5256 2355.2024 2349.9812 2330.405 2329.0166 2346.7839 2349.3867 2346.2229 2337.0305 2344.9729 2328.7002 2306.5686 2302.5039 2303.4402 2307.7798 2314.553 2318.511 2306.1538 2306.1995 2299.7437 2291.074 2283.5671 2270.1616 2266.4482 2262.824 2265.2715 2278.4333 2261.1047 2255.168 2236.5835 2251.8013
