Resources/Map/Lvl0_30x30/Ele_BD.asc
ncols         335
nrows         335
xllcorner     -9995000
yllcorner     3325000
cellsize      10000
nodata_value  -99999.0
[rows 58 to 86 of 335, columns 66 to 131 of 335]
55.6516 61.2882 58.2722 44.0891 50.12 47.6373 52.37 39.7611 29.4381 22.2279 25.763 18.0339 14.3931 16.2432 17.0644 13 11.8737 7.3573 -3.3201 -9.5968 -16.6693 -23.4202 -29.127 -34.2942 -39.415 -43.5372 -46.6027 -48.4673 -51.174 -55.8243 -63.2109 -72.438 -81.6843 -88.1263 -89.319 -84.7034 -94.532 -99.8713 -100.8145 -100.7598 -92.6775 -80.182 -64.0579 -48.4549 -27.6695 -6.4089 -0.6963 14.5834 22.7419 26.5921 29.7204 36.7903 41.5201 46.6323 33.6789 29.2838 30.6341 49.5559 75.8503 83.4996 84.8507 73.3633 74.746 90.5675 99.5988 84.1889
59.6679 63.1147 54.205 49.2789 44.8802 47.5118 44.0306 36.3797 30.032 21.9419 20.8975 20.0946 18.7742 19.2541 17.5906 13.1868 7.6733 4.6279 -5.4499 -10.4011 -16.7618 -23.4202 -29.1906 -34.8342 -40.0274 -44.0421 -47.1039 -48.3898 -51.3863 -55.57 -61.3636 -70.5827 -80.0205 -85.674 -88.436 -93.2674 -95.4676 -94.0292 -92.1448 -84.9157 -72.1042 -61.2997 -60.1847 -52.2589 -39.0542 -8.2026 2.5321 7.2134 18.6797 20.1307 25.5409 24.1842 25.8777 27.1151 21.6891 30.1225 60.9352 102.4114 111.5388 130.8591 134.0004 141.6399 161.7938 135.3146 129.4296 115.2662
65.0796 59.6876 59.1502 62.6947 52.9296 47.1978 39.5402 38.3337 28.6264 24.1031 26.8784 22.3088 17.254 17.4141 20.2835 12.6333 7.9218 -2.1713 -6.251 -11.8581 -17.3941 -23.4202 -29.6254 -35.8562 -41.13 -44.902 -48.4078 -51.9916 -55.5669 -56.2765 -56.9162 -64.5233 -73.2289 -78.3457 -82.1703 -86.5066 -86.0576 -82.5099 -77.568 -72.4498 -68.0508 -63.9374 -55.4931 -47.2052 -37.5242 -14.9509 -4.2932 4 11.2251 20.4994 20.3745 23.5132 25.7009 22.9169 21.7293 58.6438 74.2659 104.0695 109.6839 117.4808 102.533 114.6783 107.4242 132.4776 135.0503 165.8581
83.3551 71.2049 69.0167 72.2287 53.0516 60.675 43.225 28.5543 23.6091 23.2955 22.2957 17.8161 16.8114 11.8052 10.0089 8.4166 5.9899 -3.3935 -7.4143 -12.2798 -17.9067 -23.4202 -29.9778 -36.7713 -42.9046 -48.4099 -54.0338 -59.3349 -59.3905 -51.9161 -44.3444 -48.759 -58.4066 -66.8572 -73.2752 -75.9762 -71.6272 -64.1474 -62.5658 -62.7996 -62.6791 -59.1049 -47.6671 -43.6795 -36.6345 -22.3458 -9.7195 -2.5479 3 13.5575 14.1699 16.364 14.6497 16.4593 31.8908 62.9942 69.2771 75.3373 81.4518 96.4666 128.7025 139.1512 157.8153 165.955 152.3286 155.3224
79.6521 66.9891 63.2271 63.0724 59.5945 43.3112 42.7193 31.2043 28.7649 23.6158 17.7716 14.3628 10 9.5189 8.8909 5.4705 -1.032 -3.9457 -7.6136 -12.5808 -17.691 -23.2045 -29.7622 -36.9164 -45.1108 -54.2116 -59.042 -60.3306 -57.9539 -47.0457 3 -30.6486 -41.5721 -50.5455 -51.3948 -47.0744 -50.9774 -50.4862 -53.8706 -55.8591 -55.5916 -51.4521 -47.1904 -45.7588 -41.4886 -29.3615 -15.6927 -4.8943 1 9.9012 14.3366 14.4957 15.783 20.0323 20.1157 44.3703 72.5889 99.3578 103.7189 119.1344 120.0748 132.7079 136.7073 124.337 139.311 154.8246
78.421 72.3369 68.1776 66.0474 65.6964 52.9389 40.5161 30.1391 30.4241 29.8381 25.5304 16.8296 14.4925 11.9565 7.9715 6.3601 -1.5167 -3.708 -7.1113 -11.5588 -16.669 -22.0866 -28.5024 -35.5503 -43.5353 -51.4263 -53.4487 -52.3362 -50.3708 -42.3783 -32.9833 -34.7245 -37.8809 -44.0101 -40.9555 -26.5735 -33.3542 -42.4568 -45.8284 -46.5657 -47.0544 -45.9783 -46.7137 -47.2393 -45.6381 -35.8857 -20.8747 -8.2409 -1.2489 5.8307 6.608 12.7639 16.3016 27.6681 45.6136 48.7091 57.7448 56.5893 62.5005 82.0994 110.7994 135.2641 150.9686 153.9285 156.0896 171.5958
87.1766 102.8423 81.1254 77.3855 71.5516 63.9288 56.956 39.0882 35.6087 28.409 28.269 23.2334 13.7951 11.8816 10.1668 8.5076 -0.223 -2.4262 -5.8296 -10.1837 -15.2265 -20.4974 -26.2374 -32.5295 -38.3963 -43.4077 -45.7084 -45.9611 -45.1355 -42.1845 -40.3866 -42.4695 -41.7244 -44.1792 -41.8758 -35.4533 -36.1231 -40.0332 -40.5959 -37.6339 -35.0326 -41.6282 -42.4158 -46.5476 -48.6618 -40.8761 -25.9848 -11.8462 7 1.8857 3.5314 6.352 2.0681 11.3096 24.1563 40.553 52.2599 56.0837 76.5063 107.7208 116.7505 123.3902 138.691 151.2007 166.4039 178.4865
105.0576 103.6257 92.6942 82.6302 75.1937 63.9974 58.427 56.7769 55.1076 31.1406 24.5895 18.5018 13.9071 12.1403 11.2329 8.2391 8.4084 5.4152 -3.5988 -7.8737 -12.617 -18.1716 -23.2817 -28.2658 -33.2203 -37.7005 -40.6183 -41.7421 -42.1872 -42.0202 -42.9216 -44.9657 -46.8278 -45.2265 -44.127 -42.5027 -41.3182 -41.67 -40.5085 -33.727 -26.4999 -35.6485 -47.7128 -53.8353 -55.0625 -46.0675 -30.5573 -14.7748 -3.5817 -2.2614 -1.2698 3.7325 4.1873 9.2658 18.5704 25.2951 38.3621 46.2003 61.7084 67.5401 96.7539 119.8039 130.0983 121.471 145.9729 164.5272
100.2693 97.1595 94.0542 86.2015 74.0418 77.8588 80.2547 81.2661 47.9111 39.8362 27.4755 24.169 19.8713 15.966 12.638 10.3287 11.2214 8.3605 2.4891 -5.6349 -10.2991 -15.2867 -20.0864 -24.5746 -28.9896 -32.9555 -35.5081 -37.1793 -38.9 -40.137 -41.5958 -43.4504 -44.9305 -46.0602 -46.3924 -44.9056 -44.3038 -44.7631 -43.188 -39.4557 -33.7445 -41.3486 -49.056 -52.7881 -52.0332 -48.915 -33.9234 -19.8437 -7.4506 -4.1763 -2.2614 -1.3038 -0.9579 4.1147 7.5034 25.3727 41.9991 52.0886 66.0173 78.8608 96.7116 105.7671 127.5712 147.172 157.9857 154.3495
114.7754 116.353 93.8465 82.6583 77.7051 63.4501 69.0464 56.5298 50.8835 42.0723 37.4254 30.2733 26.5194 22.9958 25.5576 14.1046 11.4598 9.1627 9.2638 -3.1448 -8.255 -12.8304 -16.7241 -20.8123 -24.7474 -28.0111 -30.5653 -32.7678 -34.8119 -36.856 -38.9 -40.5236 -42.314 -43.4727 -44.1462 -44.5803 -44.9133 -46.5119 -44.1241 -45.7393 -48.5096 -51.8037 -50.0292 -44.0159 -37.8832 -43.9368 -38.2506 -26.2176 -15.9492 -8.8404 -3.2696 -2 -1.7105 9.6509 13.3066 25.6324 33.0751 36.3372 51.678 67.0989 81.894 99.9267 117.7095 135.7511 142.8444 164.5278
96.3 96.9681 87.9308 85.9727 73.7373 66.6928 65.8028 67.05 60.0052 51.6101 39.6378 35.1862 34.5082 34.8165 26.4317 14.3617 14.0985 12.7333 9 -1.4486 -6.4261 -10.5144 -14.0059 -17.9384 -21.2015 -23.7625 -26.3184 -28.6797 -30.7238 -32.7678 -34.8119 -36.856 -38.9 -40.0731 -41.6839 -43.2638 -44.386 -46.164 -46.6861 -45.8957 -48.3403 -50.0137 -46.7526 -45.0974 -34.9047 -37.115 -44.1108 -35.691 -25.8427 -14.8827 -4.9146 -1.9776 -1.419 7.6492 8.8344 30.9228 32.0192 47.0004 49.0678 57.6499 60.6224 103.6191 96.9377 121.2214 133.031 136.7193
82.2011 75.8595 74.9616 70.368 70.6166 66.027 68.5394 62.1042 60.5669 49.5293 44.9419 40.4311 37.3214 35.1151 20.3861 16.1512 13.9289 12.1413 10.8148 -1.2705 -5.3843 -8.691 -11.8044 -15.0671 -17.633 -20.183 -22.5475 -24.5916 -26.6356 -28.6797 -30.7238 -32.7678 -35.0508 -37.2259 -39.5251 -41.6839 -43.2656 -45.142 -46.8983 -47.052 -46.2681 -45.7975 -43.8772 -44.38 -34.3306 -38.7179 -47.1356 -44.2977 -35.9731 -20.96 -8.2206 -2.2816 3.1477 10.5812 18.3048 28.7801 44.1637 34.8596 33.5544 38.0748 48.5326 45.6078 45.7457 57.5255 104.5917 119.9194
71.0344 70.8156 64.741 65.7814 64.4078 58.1348 56.5494 55.2468 53.0134 50.8254 40.692 38.2383 36.0307 27.7773 18.263 14.0005 12.6699 10.2554 4 -2.1882 -4.6026 -7.181 -9.7175 -11.9356 -14.2326 -16.6146 -18.4593 -20.2935 -22.3741 -24.5916 -26.6356 -28.6797 -31.3695 -34.0296 -36.8937 -39.8059 -42.3635 -44.5119 -46.0829 -46.8784 -48.1442 -47.8787 -48.65 -49.2881 -43.1404 -38.9113 -42.4654 -49.4037 -42.1882 -25.4829 -10.6442 -2.5297 -1.219 1.3103 17.5265 27.9734 42.1161 62.648 70.3149 93.5706 98.0024 99.4564 114.5105 131.6265 140.6471 143.7409
67.8059 69.8104 65.9463 60.4376 54.435 56.6935 52.1355 51.0602 49.1448 42.4487 40.5918 37.6406 33.4936 27.2791 22.7473 17.2718 12.1497 10.5834 5.5157 -2.0941 -3.6048 -5.6291 -7.8468 -9.3907 -11.1918 -12.8356 -14.3712 -16.1014 -17.9692 -20.0894 -22.3826 -24.5916 -27.2814 -30.6239 -34.3987 -38.4335 -42.0915 -44.5119 -46.5559 -47.3312 -48.0371 -47.4732 -47.4931 -49.0776 -46.9841 -33.8674 -37.1422 -52.0566 -44.0141 -27.9078 -11.4464 -2.7746 1 6.0563 6.2606 20.7612 28.1423 54.8485 53.6947 79.3009 92.8262 115.3991 132.2422 148.6792 153.5158 144.2367
72.5486 72.2561 67.9021 58.238 61.1699 59.845 57.1017 51.9255 46.7782 36.3456 34.9728 33.5148 33.2033 29.4807 25.0576 23.777 13.9163 10.288 7.0444 -0.8466 -2.6756 -4.1949 -5.5534 -6.8278 -8.1614 -9.1835 -10.4952 -12.0936 -13.3776 -14.9793 -17.3627 -20.1753 -23.1932 -27.2183 -32.1411 -36.8498 -41.7035 -44.8415 -47.3311 -48.3232 -45.8219 -38.0475 -28.6747 -30.1424 -37.7435 -30.5734 -37.2676 -50.5069 -44.4467 -32.2877 -16.0326 -5.5309 10 2.765 14.16 27.2234 36.8681 53.3945 67.1294 70.6235 75.0246 115.4415 135.4129 138.7097 136.9551 140.4993
79.5766 71.487 68.9093 65.9037 65.601 61.0488 61.0488 55.9088 45.7414 37.8898 39.0804 26.9965 27.3135 24.3544 23.9565 18.5089 16.7011 15.0301 8.4096 0.8684 -1.588 -2.9453 -3.7725 -4.3264 -5.0953 -6.1174 -6.9042 -7.4581 -8.2674 -9.8691 -11.9132 -14.919 -18.7806 -23.8127 -29.391 -35.2954 -41.4034 -45.9603 -48.8937 -50.1909 -42.8062 -22.1791 29.1722 26.2545 -17.9381 -19.892 -28.2344 -43.0689 -44.5401 -37.0967 -23.1583 -9.392 -2.8198 2.4678 5.9307 17.2051 33.4213 43.099 63.8689 53.6194 83.7875 105.7887 109.7525 107.0041 109.6043 131.1174
84.1278 69.7967 66.3387 66.4703 70.3788 60.7158 61.6018 55.2675 52.9927 43.8902 42.943 37.2849 28.793 24.5929 18.3003 15.125 11.1893 11.1929 10.5824 9.6929 -1.1983 -1.7296 -2.2441 -2.5199 -2.5386 -2.8153 -3.0797 -3.0797 -3.3696 -4.4806 -6.3229 -8.9907 -13.3483 -19.4469 -26.0697 -34.088 -41.9803 -47.7398 -50.8896 -52.2721 -44.1614 -20.3137 21.239 22.7478 -2.7593 -5.9143 -13.6377 -35.5561 -44.466 -39.7354 -28.3048 -13.7896 -4.6678 -1.8308 4.2763 28.1516 41.9851 56.6167 61.5391 90.5691 104.1788 105.1254 104.6631 130.1333 113.1193 146.3148
79.0028 70.6378 66.616 64.6098 55.8993 50.7858 46.5246 43.3612 48.8316 42.1076 46.129 36.6271 30.8386 25.1791 21.8227 15.8977 13.7563 9.2589 0.485 -0.681 -1 -0.5949 0.006 0.4578 7.3029 9 8.4741 9.335 9.0211 9.9025 8.8419 -2.1674 -7.0382 -13.6619 -21.5088 -31.4676 -41.4672 -47.0163 -52.2786 -53.5021 -49.3989 -35.0304 -11.7645 -1.4101 4.5243 -4.7928 -20.7986 -37.626 -47.4947 -42.8151 -32.9383 -19.239 -7.5285 -2.3387 2 29.841 44.5651 58.6145 80.0797 82.4476 89.1768 105.6517 113.5978 110.1955 128.5417 133.7367
86.4547 72.7385 69.1161 60.8689 50.0875 48.476 46.3823 38.6488 38.5358 33.9363 33.5848 30.7505 24.7375 20.1786 20.3927 16.003 12.2778 7.8015 -2.1869 -1.3358 -0.2005 9.6819 12.6995 12.7174 13.9103 12.7356 12.0667 10.3273 10.6831 11.5825 10.0849 8.1216 6 -7.0055 -15.5394 -26.5346 -37.9634 -41.5863 -47.215 -52.5324 -52.3023 -47.1062 -31.6367 -14.7963 -3.5118 -15.0069 -33.9031 -42.8519 -51.5582 -47.9617 -38.5049 -23.1125 -8.9147 -2.1503 9 22.2623 37.8857 47.7128 69.9396 79.6607 85.7582 104.0537 84.3642 118.6133 130.1073 158.4168
71.2764 66.2885 61.4851 57.0202 51.8554 48.1945 45.2838 39.8532 34.9446 34.0979 26.1262 24.8108 23.1196 16.104 15.1941 9.8522 10.2699 8.044 -2.3008 -1.6407 9.1004 12.3629 13.8715 16.2767 21.8854 22.0587 21.7372 19.4169 16.4455 14.7022 15.6553 13.0343 13.981 13 -7.3307 -19.1729 -32.239 -37.4442 -39.2685 -49.4523 -55.9485 -55.6741 -47.9869 -40.3004 -32.1965 -34.181 -40.264 -40.1855 -47.5258 -45.9901 -40.6173 -20.862 -7.8114 -1.793 2.3872 5.4781 23.2864 30.0024 57.5962 53.6839 52.7325 87.5927 102.0782 131.8493 138.7222 122.4867
66.0878 62.0042 58.3543 54.409 47.9673 42.1225 38.7882 36.0216 31.7098 33.1779 28.7543 21.8488 23.1749 22.0814 16.5926 11.9602 11.4249 14.5395 3.0811 -0.9126 -0.506 0.992 3.2406 5 10.0963 19.882 21.5483 21.1402 16.4766 20.3146 16.5074 18.055 21.6788 17.4098 5.7462 -11.5648 -24.88 -35.2407 -40.2964 -48.5683 -58.7643 -62.0071 -59.4188 -57.0801 -49.0425 -46.5356 -43.9586 -41.0454 -45.833 -41.3999 -38.69 -11.7011 -4.5404 -2.5214 1.5512 17.1844 27.8852 23.9901 20.8825 41.2517 71.5979 82.17 81.1004 93.2996 100.354 126.818
71.241 67.9911 63.6802 59.4193 47.7919 40.04 35.7665 30.218 31.0924 30.9672 26.0393 24.8681 24.7906 19.2737 21.5418 17.2528 13.8666 13.7097 13.9256 10.7368 6 -1.3522 -0.6514 -0.2613 0.6855 2.8752 4.1273 5.0817 6.4218 8.6059 13.5761 20.0085 20.1073 18.4462 13.3118 -4.7507 -16.9757 -29.3491 -39.8793 -47.4654 -56.4063 -61.5774 -62.5419 -60.9743 -55.2653 -50.4884 -47.881 -46.9707 -48.5875 -37.586 -42.5906 -16.2062 -4.0784 -3.064 -3.1452 0.4647 10.0937 25.2413 19.4776 34.9153 52.6844 67.6099 74.5587 83.8203 110.7336 131.7707
72.8013 69.6376 70.4119 61.9126 52.8757 46.2066 45.029 35.2681 35.7715 34.866 27.2088 26.7431 25.3018 22.7645 19.1646 17.613 15.7471 16.9724 12.7435 10.6258 10.3869 0.1116 -0.6482 -1.1735 -1.4931 -1.3113 -1 -0.7924 -0.6123 0.0619 2.4171 5.1034 6.7695 10 12.5034 -2.212 -11.8464 -22.6963 -33.4076 -43.0937 -51.0115 -57.0634 -59.1404 -58.9819 -58.6416 -49.8036 -46.0861 -47.1341 -49.6082 -41.6803 -38.5324 -25.6795 -5.3864 -3.2414 -4.753 2 10.068 18.3845 14.9291 43.0129 57.0449 44.9152 55.5243 71.1748 88.0578 87.1354
77.0537 66.2415 58.1213 54.8619 54.4462 53.2727 46.1474 41.5427 42.4379 41.9807 36.4631 31.4746 28.1618 23.9766 22.2011 21.0909 19.3004 18.958 18.4261 15.796 12.8418 10.8036 1.9367 -0.299 -1.1717 -1.1859 -1 -1 -1 -1 -1 -1 -0.5277 -0.0245 0.097 -2.3679 -9.0397 -17.2178 -25.9867 -35.418 -44.0882 -47.4116 -46.9717 -47.4141 -52.1922 -48.907 -35.1324 -30.2448 -39.8345 -41.4316 -34.6802 -20.274 -4.0022 -3.1879 -4.4576 1 3.957 13.2664 25.1519 37.9542 45.8568 58.0578 66.4687 80.8051 91.1009 113.7898
67.9529 60.5704 53.6039 56.027 56.526 50.6186 48.0848 43.9098 43.2483 37.1778 34.6324 31.902 29.259 28.0973 24.953 23.6571 22.3507 22.3689 20.7702 19.5225 15.1169 13.7054 12.5881 7.4072 -0.9599 -1.3338 -1 -1 -1 -1.3805 -1.2614 -1 -1 -1 -1.4528 -3.0801 -6.8668 -11.8339 -17.2431 -24.0611 -32.8656 -39.4535 -43.1902 -43.9307 -47.9507 -52.0149 -28.1861 5.1228 -24.1361 -30.4196 -27.4851 -12.4558 -3.6564 -3.6224 -3.4701 -3.9074 -1.1271 9.0089 19.161 25.2824 35.6234 55.3134 70.1366 72.2567 111.4596 111.4216
71.4868 66.8081 63.5818 58.4787 57.9039 57.0083 52.5882 54.0657 52.4856 38.3282 38.4913 36.8845 31.2434 26.9212 26.4664 24.6356 24.7783 25.0171 23.8067 19.5531 15.6662 13.9042 12.0455 10.1696 6.3326 -3.5552 -1.66 -1 -1 -1.1864 -1.1281 -1 -1.4381 -1.6784 -1.9002 -2.9408 -4.5275 -6.9629 -9.1366 -11.1165 -18.3431 -31.429 -42.2949 -50.2709 -56.306 -60.5152 -39.8912 -21.6304 -20.3582 -21.2243 -19.6086 -11.9058 -5.2981 -4.6435 -4.4408 -3.9213 1.8273 0.4679 7 10.2238 39.2896 57.743 90.5658 90.0457 102.4297 113.459
78.0017 71.1209 70.2563 66.9861 57.6951 58.3603 58.5813 57.6611 51.0149 47.8785 45.2543 39.9284 36.6411 36.5495 32.4182 36.9103 34.2466 29.6437 29.0867 18.0847 15.0051 11.9581 10.7382 8.0542 7.0095 5.9146 -2.3136 -1 -1 -1 -1 -1 -1.6458 -2 -2 -2.2132 -3.0335 -4.282 -4.8322 -4.8987 -11.475 -24.6302 -37.7974 -49.2674 -56.8691 -63.5593 -49.8795 -38.4677 -21.7281 -14.8911 -19.5155 -21.3387 -9.8133 -5.7004 -5.7919 -5.8827 -3.039 -3.2416 -2.1543 5.6929 20.1858 34.2373 53.9701 79.1101 90.9844 92.0287
75.0551 77.2639 72.2613 61.39 62.3825 60.5153 60.2804 59.387 55.1434 51.6145 46.0152 44.1297 42.7367 46.5488 47.4894 47.6343 51.844 44.3591 31.3433 24.6503 20.2832 16.0906 13.1983 8.3383 6.6724 7.7096 -1.7565 -1 -1 -1 -1 -1.4506 -1.9017 -2 -2 -2 -2.2037 -3.0335 -3.8396 -5.7339 -11.5559 -21.866 -32.9373 -43.5156 -50.3789 -59.0739 -56.2223 -45.4256 -13.3838 -4.7818 -27.0935 -39.5008 -24.0837 -6.4089 -4.0574 -5.6229 -5.9515 -5.0996 -1.401 16.9336 16.7276 24.4755 41.8833 55.8268 59.9401 79.3576
81.966 78.7029 75.8421 66.7945 66.772 61.9719 61.9521 59.9505 57.1925 55.7259 52.5256 49.9997 54.7922 54.7965 53.2597 53.1062 49.2737 46.2663 35.2465 30.074 25.3864 20.2021 15.9675 12.0099 10.1242 7.7485 5.0765 -1.3458 -1 -1 -1.448 -1.4395 -1.2555 -1.7527 -2 -2 -2 -2.7559 -4.3572 -7.1445 -11.4527 -18.811 -27.3934 -35.4307 -41.7605 -47.2192 -46.156 -32.9188 -10.0379 -14.1357 -37.3106 -38.8377 -19.7613 -3.0858 -1.8692 -4.5217 -5.87 -4.6153 -0.7438 11.0647 33.482 47.376 67.015 65.6125 71.2949 106.6416
