Resources/Map/Lvl0_30x30/Ele_DE.asc
ncols         335
nrows         335
xllcorner     -6645000
yllcorner     -3375000
cellsize      10000
nodata_value  -99999.0
[rows 108 to 134 of 335, columns 183 to 243 of 335]
435.3752 427.0861 425.3724 414.5634 406.2751 401.3409 402.3403 408.369 404.4797 413.657 385.2863 385 395.7286 524.7844 643.2393 500.4308 768.5498 724.48 525.7473 479.8046 724.0471 815.9746 855.9684 795.5413 741.8888 700.8655 720.6514 534.0206 491.822 565.3142 672.2321 704.0213 527.6364 479.1118 468.6324 453.3747 467.9108 470.7371 673.9697 495.0143 506.664 499.1645 491.4426 447.8452 420.4863 409.2739 422.7676 499.4145 407.1232 549.3027 403.1356 332.2775 442.7065 493.5388 449.4751 333.2299 335.5873 316.062 340.7336 561.8586 305.4829
458.2371 434.1343 431.0164 422.3711 415.2845 399.7409 398.5984 398.2928 412.0955 393.3316 387.1267 402.2504 457.0508 476.2331 737.6431 698.5048 614.8858 465.69 457.7632 462.9762 500.084 658.5306 789.6865 964.1334 834.4318 803.2241 583.6829 513.1935 517.1346 571.1464 725.1862 774.9161 571.9036 523.8246 499.0038 460.788 467.2465 489.9927 529.9559 459.4557 532.7063 528.5207 495.1718 477.5631 431.8459 452.5034 451.218 424.5007 445.2283 561.8494 590.2939 474.3955 420.5711 367.6766 281.319 284.5726 301.6042 276.8645 305.1426 312.9201 319.8455
476.8688 454.0596 450.3926 433.3947 429.0918 409.7234 400.1566 392.9467 394.0854 393.7206 487.1414 386.4122 390.7599 395.222 413.8524 451.7621 449.1295 432.482 474.7336 574.1579 776.6714 920.8264 1089.8811 1126.7272 772.2355 596.6553 553.7732 522.1401 535.7313 610.7321 751.2306 866.9117 804.6928 582.4742 603.2115 497.4115 475.7964 515.0425 438.1692 436.5331 465.1458 600.0423 628.7564 513.5967 512.5889 458.1777 476.3018 454.3703 495.6842 594.5469 733.0251 643.949 409.2371 503.9153 474.3971 242.7168 258.1489 244.955 273.9819 247.933 294.1945
512.5911 476.0976 469.3071 461.3494 446.1458 428.1634 420.4465 401.0311 391.0597 392.5163 394.3835 392.6239 392.3903 396.643 398.0396 410.0735 411.262 445.5316 635.9771 992.3171 825.8146 780.236 874.4399 987.8406 742.2168 716.0562 539.8218 505.0793 546.6086 619.0098 748.7189 834.1388 840.1012 914.7952 586.2591 491.8506 451.0927 457.8109 413.8327 406.2766 428.2171 545.9626 624.465 611.8938 543.1849 543.7907 470.4576 476.2704 516.9265 615.8221 699.3383 565.9137 575.4745 512.2203 426.6471 299.7122 236.47 209.9036 242.5351 222.8388 305.5464
528.1194 508.4315 499.5724 489.0872 457.4077 440.5318 417.435 420.4452 443.3945 393.8017 394.0131 394.748 396.931 400.599 403.4316 402.5739 417.2221 570.3169 883.908 1175.4684 1110.9089 1002.0745 1019.0209 857.6102 605.2143 573.9591 523.2848 517.6074 550.882 627.5271 774.8005 834.4437 855.5165 828.9417 547.5647 458.2387 421.8995 469.0479 394.9942 382.0371 428.5823 464.6409 490.5919 448.8778 519.1046 507.6792 488.041 531.8493 569.1626 652.0025 623.9661 620.3321 533.002 444.509 354.3051 315.0596 300.6392 218.6316 241.3724 201.2458 293.508
474.1499 480.6494 493.1077 484.0666 474.1916 457.7749 420.6888 401.7509 399.4258 394.8924 394.6822 400.0534 402.6106 403.8346 409.0944 410.4183 447.3005 647.3486 928.619 954.129 1043.585 954.8699 800.9088 761.5374 579.3442 540.7929 521.0761 526.7354 554.8051 653.0335 787.4544 844.8433 795.9097 815.6996 496.4482 444.7902 415.6939 482.9215 365.7536 381.2889 415.0465 442.8454 436.2283 411.9427 440.8055 398.5791 532.8865 487.5286 429.3236 514.4731 500.7325 433.6992 498.4655 485.758 419.597 354.7588 288.886 230.3964 205.8974 181.4921 240.0483
535.4175 483.4265 484.5982 462.7578 476.8479 460.2861 498.9218 402.4302 475.8596 412.4427 401.5664 399.2177 406.4754 411.9912 416.8944 425.8264 441.751 726.8337 870.2385 961.0433 1046.3206 777.925 833.2997 702.6498 569.5515 524.0673 521.9894 610.9262 612.8798 733.1965 801.8378 684.6064 615.6062 635.6909 467.5834 431.4848 392.5926 469.0527 354.9863 370.7878 398.2513 412.127 423.7179 386.1803 438.5472 378.5389 434.8797 404.3157 367.6415 476.5633 466.7907 370.9599 440.8251 460.2895 408.8316 313.7515 299.4352 302.7319 330.71 156.2672 175.1629
530.9403 498.1912 473.3576 456.7274 454.3418 443.9164 399.2633 490.018 538.6277 416.4287 409.9522 404.6969 409.9548 419.9715 423.0406 427.0326 437.5449 566.7103 833.1353 927.1907 879.1385 858.5319 903.6821 763.2039 585.9085 533.287 550.3572 691.918 722.231 786.5923 789.3155 830.6608 602.0215 504.3292 436.2699 401.777 394.7728 422.1165 390.0121 350.3354 375.2758 400.244 417.1475 359.7061 367.2211 408.8376 438.7025 337.2061 341.0048 440.2152 350.0638 320.7483 372.8647 379.5439 366.2651 328.4532 272.4283 309.7812 334.2961 263.1876 198.2778
514.7693 509.4081 470.0793 445.7143 435.5072 444.4549 395.4716 562.9186 486.6846 427.0466 413.9302 411.4424 414.9986 428.2603 439.4891 447.2595 439.2075 485.7538 909.1705 824.6103 781.1144 752.0949 880.6927 870.2927 590.2189 541.3149 544.1989 598.7573 779.1012 730.235 735.8967 761.6239 450.5031 489.5716 441.6139 414.3131 380.4787 445.1772 463.6644 329.6749 351.7206 371.6771 443.8379 370.816 326.8867 345.5215 337.9807 262.4848 332.5327 408.5063 412.2768 287.3301 291.519 335.6437 321.0846 264.0049 280.0117 372.4362 370.7484 458.8558 304.3954
510.0388 514.0641 474.1308 441.4803 409.5706 409.4125 423.0987 458.5715 460.7037 439.9704 431.0098 415.7813 423.9466 437.8973 453.5157 465.5272 478.1501 466.663 527.8209 821.3165 770.1267 679.7475 724.6672 604.3637 550.5173 551.8375 555.6249 613.5292 741.7999 786.8401 700.0026 583.884 428.729 398.6898 389.259 380.1512 372.0342 380.7456 350.0553 322.6109 331.4297 348.3159 355.0367 336.2466 297.9546 294.5002 345.3807 228.549 286.5114 431.5007 428.4951 292.4721 229.6154 338.5373 294.9338 241.1911 270.0471 317.4708 371.3906 287.0156 226.6457
426.4597 444.7747 436.0234 399.48 396.9084 406.2112 440.9825 502.7028 475.8348 446.7622 436.0887 422.2915 440.6506 459.2062 473.6664 499.7738 520.7216 499.5005 494.4028 662.0114 699.9966 703.0281 617.2728 590.1074 557.4911 562.4843 570.2997 603.6667 741.4118 853.7048 635.1174 677.0827 414.6257 394.8267 379.3205 349.1632 342.9459 324.2437 349.7715 309.6841 304.0375 289.1016 288.7858 306.9072 271.6221 270.8985 294.4518 223.0668 242.7884 335.8944 426.0033 351.42 199.296 245.7355 234.8769 241.756 244.654 284.7499 434.419 484.7363 260.128
407.6179 402.4137 399.3209 396.2176 397.9393 410.3029 467.1571 527.9968 508.5514 449.608 435.0895 459.2881 476.2581 515.2075 534.2396 550.2036 612.3475 664.6426 580.3787 574.0244 665.0829 748.3961 698.0316 577.4478 567.7759 582.4424 611.8845 642.61 713.3346 783.8758 876.842 495.5744 474.8046 444.0828 388.1159 371.4503 340.5938 333.8147 308.093 295.1711 287.4168 273.7123 271.0721 260.1111 240.5688 251.8048 268.6432 267.6864 186.0751 226.9812 371.9597 345.7961 172.2427 226.8637 242.1311 297.7086 199.3517 209.1338 364.4888 389.4722 234.6536
399.1189 400.3684 395.425 401.7971 463.5701 396.933 739.7299 695.4194 802.1772 444.502 457.079 500.6043 585.9128 621.3984 598.4382 620.5679 699.4575 791.0063 669.1871 629.6916 646.8447 863.1781 847.0891 583.4792 591.2802 602.9291 671.7615 688.8768 814.0548 641.745 717.4894 465.5348 488.0937 451.634 398.9016 390.8246 354.1054 326.616 325.7575 305.6105 331.083 305.737 278.6475 304.1667 287.3384 244.8187 227.8697 169.8825 149.5394 165.6584 153.8915 304.2037 163.4183 182.9973 223.1939 388.1247 326.7827 183.8663 236.1085 250.5835 261.8006
402.444 399.6862 399.8101 406.8249 412.1899 417.5188 848.4302 831.6105 833.8616 530.4551 454.734 488.0607 666.9338 732.5018 739.798 743.5484 743.9717 771.8735 757.1118 725.3889 681.5225 925.8761 900.4581 637.0946 677.7401 661.2389 674.9857 789.9985 900.91 501.0635 676.2255 566.2618 504.522 431.1673 406.3898 385.1578 348.1964 344.7525 316.715 332.6724 313.5721 306.5929 313.1124 360.8747 386.0884 326.6288 285.2683 202.1198 172.0241 232.9447 288.5082 173.7513 231.6296 126.6485 218.307 319.2986 347.8971 170.8846 161.5369 175.5012 185.919
403.8844 401.8924 408.0815 410.9728 409.7065 653.4062 1019.8083 877.4611 635.5332 693.4219 671.5508 608.9507 511.5548 560.0383 633.8589 711.7852 770.8683 834.4525 824.1185 793.7653 736.1854 901.1925 962.0707 751.3304 769.3223 701.4236 704.0115 861.3444 760.1619 477.9941 825.1586 464.0611 437.4294 406.2439 392.9442 378.1099 358.5643 370.6868 363.3821 340.8934 332.0576 351.6707 354.3171 328.6057 322.5128 298.5381 239.3243 250.9855 209.7707 419.4792 436.215 335.9348 181.9409 149.5965 162.7654 238.4285 228.8745 206.9304 155.1387 220.1813 132.4378
402.9962 405.058 404.5259 409.8774 418.4313 705.4063 906.0617 1133.303 795.4965 703.2927 487.743 895.9435 534.8344 660.4708 700.6364 752.985 779.4105 815.705 806.8227 774.6895 712.7394 1000.9956 1014.0946 954.4028 793.5607 814.2501 821.2314 875.713 590.6407 507.9511 1004.3854 494.8587 454.5053 409.9247 399.6461 411.6277 397.3093 385.6493 377.0178 345.7901 352.4107 358.6801 360.4158 328.6344 306.1597 269.7643 280.7857 278.3929 231.2187 416.607 421.4543 299.4128 195.4068 176.8426 175.6318 107.3995 156.2229 192.9151 139.1563 165.2937 140.0053
401.5056 407.3045 414.549 430.3162 427.0208 779.407 834.4386 1115.2855 996.6603 770.7946 496.393 674.1725 911.6197 612.4896 694.8904 752.7419 805.5432 822.4205 807.1491 782.8316 709.9058 911.7914 1033.2455 995.6849 878.5085 886.3597 865.2062 754.5281 739.4301 543.3965 614.1686 580.1702 445.7221 432.653 418.6574 416.7429 402.633 384.685 307.1679 277.9628 312.5818 321.5217 373.7313 336.4259 304.137 324.7444 316.9584 281.5103 292.7173 434.2433 313.227 240.9303 259.3615 183.1932 164.4497 242.8294 108.6723 149.6084 149.8148 103.0053 168.1728
408.9638 412.4951 424.0683 437.0385 470.0634 829.5935 955.4515 1124.4473 964.3127 1012.1846 597.9879 621.7083 1079.4105 676.766 761.7449 790.0619 792.4422 788.8243 773.6314 697.4612 699.8792 1055.3834 1068.856 979.7513 875.8016 826.5618 867.2117 638.4862 607.2203 581.3851 606.343 509.6852 495.1784 448.8034 406.4351 391.5229 361.3943 329.6882 317.601 289.4329 250.2486 279.1656 292.748 357.9027 371.9129 335.4248 373.3963 341.8281 305.6331 359.1103 346.4083 307.6185 324.2187 265.3574 207.3855 174.1667 200.9409 110.8112 158.4659 157.5945 90.8195
415.3927 421.0734 427.4436 498.1521 651.5844 903.8309 1068.8788 1118.9999 1068.7446 1266.0417 673.9996 632.4285 715.6552 687.6985 790.0859 784.3507 776.8707 742.0037 699.8794 745.4623 775.1984 1053.6111 1043.4797 985.9403 936.1165 798.0884 774.2047 577.1702 576.7869 568.8143 678.5065 501.7882 459.6823 417.8925 432.2508 430.5056 393.6679 355.6113 361.8143 306.9951 263.6362 240.5481 272.2053 302.921 388.6673 317.5824 352.5565 360.4228 282.5991 308.2641 358.3287 289.4118 302.9124 243.3723 250.7598 229.2296 164.8741 134.3664 94.2466 146.8743 134.2626
423.4355 424.5328 522.4553 488.1989 732.1454 833.9395 832.4977 925.0234 1339.6848 1115.5153 752.5952 960.6009 676.2001 708.9041 760.4167 737.5915 722.0785 717.7877 757.1277 755.4655 841.2101 957.144 931.0423 977.2742 969.8222 798.5071 883.6993 743.9148 664.0366 561.2852 506.8633 495.142 454.6148 446.5032 421.6676 392.4672 387.2004 371.4771 318.3485 302.1642 264.8036 240.0647 240.4308 266.1094 300.5106 286.5174 326.9293 331.8791 294.7124 248.5819 238.241 214.0812 250.746 184.505 226.1542 210.765 188.6503 182.5052 151.2012 90.9169 89.0818
427.7311 432.5223 447.9406 457.6806 461.5175 811.2883 711.053 769.1202 1164.1534 728.0641 866.434 903.959 773.1301 765.125 736.5383 753.3397 776.3131 785.6456 789.0882 789.415 939.7635 953.5345 923.8959 948.364 891.4711 820.5771 815.7205 742.7239 654.9153 599.6351 653.3044 571.0698 467.7196 494.8072 488.5652 340.1529 330.2697 322.2338 318.6526 279.1172 274.9908 248.3968 227.2239 244.7303 246.4073 278.3774 244.9643 297.8663 282.7473 257.5675 360.4308 294.9328 241.8794 205.9079 171.7579 198.8923 154.7104 157.9164 145.7311 138.2471 100.3838
513.251 419.5383 428.4097 453.2457 788.5227 770.0992 771.0234 863.3733 1074.3401 897.0262 990.153 1074.2076 831.4303 844.0856 849.2773 775.8732 841.9935 825.6283 810.0561 899.8056 984.8737 951.931 998.1025 889.3584 793.4476 767.4048 822.797 754.8774 622.6489 575.993 607.5836 500.2725 420.1134 369.2812 430.166 311.4921 306.8804 318.699 354.1974 298.0852 266.1112 233.025 228.0404 218.3383 222.7001 289.7589 234.7439 268.9637 254.501 298.0018 378.0725 313.4762 295.0217 218.6942 214.5044 148.8839 127.4899 134.1926 108.7643 118.3748 99.37
474.4678 450.6586 426.9221 436.3943 589.3235 1031.297 789.8185 862.8025 957.4671 965.5078 1092.4299 1135.7021 1024.765 809.3284 1001.6426 781.8632 816.6209 844.8247 819.9596 976.4241 1006.6041 984.7043 932.5888 812.6481 733.6317 700.7962 686.5055 652.2587 608.214 566.1962 487.0945 486.7054 393.937 351.4006 389.9989 311.8401 293.5534 274.686 328.3896 317.6169 263.8307 240.0278 217.6947 194.4521 218.3735 224.6547 221.967 260.4232 230.8869 319.5624 286.556 321.3578 302.7625 240.5396 185.5188 168.5212 169.468 116.4574 112.0079 80.6381 109.9334
596.2183 530.9239 700.4312 432.0691 444.291 772.7463 960.1394 850.2751 813.9308 1084.0273 1179.361 1319.7086 1067.9818 875.0725 983.8619 947.0632 794.2972 840.6634 815.2396 1029.3273 1015.6866 956.2896 858.2362 692.6503 591.1145 669.3702 740.7206 612.8379 507.7227 471.6748 512.9533 462.8342 363.9933 352.2232 317.4915 311.7583 279.4591 256.4031 294.4318 285.8479 259.6754 253.024 237.5555 263.5303 234.1204 208.371 186.5898 250.285 225.2154 290.0932 230.1041 290.132 265.9973 232.0783 197.84 165.6152 183.0118 126.9952 123.3485 122.7611 69.1993
465.9659 508.9711 835.7456 527.7723 432.4527 513.8434 679.4108 748.1213 611.2489 1073.264 1224.1139 1173.5259 1063.0293 1142.2289 954.1716 1042.9098 885.3114 774.5718 772.6946 882.0864 918.2228 881.2073 741.3692 526.3889 626.4194 701.1367 725.1371 565.9327 572.7805 510.991 452.8097 411.8835 350.4622 347.8551 296.8218 281.9673 273.3803 253.8643 282.0481 497.5651 248.7513 260.6004 253.3321 291.3813 217.3064 170.385 216.9882 250.2646 208.062 262.7834 249.117 179.322 219.5279 154.0297 164.8817 132.2007 136.4615 85.7861 107.221 102.6128 66.8885
446.3223 494.0227 843.257 588.4131 455.2311 432.879 479.3854 870.1006 553.45 800.3955 1102.1526 1135.1531 1129.2599 1040.0822 989.0167 1212.3234 984.8119 737.0679 720.6572 821.2119 985.4144 802.8599 571.0295 534.3635 630.3368 694.5928 681.7925 603.822 504.931 452.6987 377.2653 383.2124 330.4984 282.9788 261.0876 280.035 243.3509 244.2572 266.9604 286.0248 244.8813 219.0599 214.9861 215.0505 220.9948 186.2178 164.9227 234.6157 220.8327 252.0444 206.3545 154.4649 164.4491 173.3208 161.1877 123.9659 73.9316 72.3436 110.7234 50.6284 20.4145
505.6276 627.8913 968.191 1082.7146 474.9557 441.5587 458.8756 494.8045 502.807 628.4178 1043.7318 1066.3712 1101.8933 1117.8518 1071.9059 1093.389 993.0802 773.5563 701.4715 808.2673 928.1509 832.9384 672.5751 498.1202 618.0493 725.2283 658.6779 511.519 526.7266 442.8723 384.5359 360.2827 403.3588 295.4564 251.9695 270.5196 283.7509 237.715 252.6388 238.0242 244.2329 239.9538 199.5539 180.9775 229.1283 228.3436 173.7196 207.3142 230.7477 173.5965 132.5587 125.575 156.7168 167.6711 127.7456 101.5518 80.5727 102.8387 61.2245 24.3578 19.0788
