Resources/Map/Lvl0_30x30/Ele_EA.asc
ncols         335
nrows         335
xllcorner     -20045000
yllcorner     -6725000
cellsize      10000
nodata_value  -99999.0
[rows 238 to 271 of 335, columns 154 to 230 of 335]
-5164 -5151 -5118 -5133 -5071 -4930 -4922 -5061 -5021 -4839 -4781 -4849 -4913 -4936 -4956 -4961 -5013 -5098 -5051 -4908 -4897 -4898 -4854 -4904 -4974 -4860 -4627 -4533 -4637 -4784 -4847 -4803 -4820 -4918 -5025 -5244 -5140 -5136 -5150 -5131 -4953 -4694 -4634 -4762 -4846 -4845 -4849 -4725 -4449 -4252 -4208 -4137 -4184 -4483 -4611 -4475 -4483 -4709 -4804 -4653 -4486 -4411 -4398 -4405 -4427 -4524 -4662 -4655 -4479 -4405 -4507 -4649 -4646 -4542 -4512 -4636 -4618
-5114 -5111 -5069 -5122 -5129 -5028 -4961 -4970 -4918 -4874 -4909 -4952 -4923 -4869 -4981 -5174 -5230 -5088 -4788 -4595 -4700 -4842 -4931 -5064 -5094 -4942 -4764 -4736 -4849 -4933 -4901 -4835 -4901 -4970 -4924 -4852 -4933 -5132 -5279 -5307 -5208 -4996 -4845 -4835 -4903 -4950 -4964 -4838 -4631 -4641 -4740 -4623 -4439 -4402 -4352 -4413 -4741 -4994 -4983 -4817 -4608 -4451 -4430 -4470 -4549 -4675 -4678 -4529 -4416 -4439 -4603 -4786 -4842 -4718 -4593 -4567 -4539
-5124 -5159 -5114 -5142 -5126 -5038 -5023 -5005 -4954 -5038 -5114 -5078 -4975 -4922 -5064 -5186 -5018 -4809 -4787 -4904 -5016 -5029 -4953 -4984 -5120 -5228 -5191 -4993 -4848 -4812 -4898 -4891 -4915 -4904 -4733 -4643 -4755 -4882 -4899 -4884 -4867 -4897 -4957 -5050 -5058 -5061 -4914 -4671 -4480 -4686 -5131 -5238 -4868 -4350 -4086 -4308 -4777 -4902 -4773 -4717 -4614 -4573 -4712 -4702 -4596 -4609 -4637 -4586 -4577 -4647 -4738 -4748 -4773 -4650 -4476 -4542 -4624
-5191 -5240 -5212 -5167 -5046 -4992 -5138 -5135 -4955 -4916 -5002 -5081 -5149 -5111 -5023 -4902 -4773 -4861 -5103 -5194 -5088 -4892 -4705 -4653 -4797 -5106 -5283 -5164 -4957 -4901 -4993 -4961 -4911 -4792 -4597 -4697 -4517 -4348 -4235 -4248 -4371 -4597 -4827 -4961 -5060 -5031 -4882 -4768 -4732 -4910 -5125 -5251 -5201 -4926 -4676 -4645 -4627 -4467 -4440 -4659 -4727 -4732 -4855 -4812 -4661 -4634 -4687 -4706 -4727 -4743 -4683 -4637 -4607 -4557 -4417 -4495 -4530
-4942 -5035 -5069 -5124 -5084 -5056 -5150 -5095 -4914 -4853 -4942 -5043 -5098 -5018 -4869 -4763 -4792 -4932 -5064 -5033 -4832 -4675 -4628 -4519 -4494 -4810 -5203 -5345 -5294 -5205 -5120 -5001 -4887 -4865 -4901 -4532 -4355 -4262 -4198 -4238 -4381 -4619 -4931 -5129 -5111 -4959 -4770 -4716 -4741 -4842 -4856 -4885 -4977 -5003 -4901 -4761 -4572 -4550 -4763 -4886 -4853 -4760 -4664 -4609 -4576 -4510 -4513 -4661 -4785 -4693 -4490 -4429 -4461 -4470 -4408 -4305 -4268
-4823 -4883 -5000 -5128 -5086 -5036 -5049 -4987 -4999 -5048 -5029 -4921 -4766 -4677 -4646 -4679 -4807 -4899 -4919 -4921 -4853 -4797 -4802 -4685 -4596 -4744 -4988 -5192 -5246 -5111 -4942 -4829 -4932 -5162 -5255 -4770 -4675 -4621 -4712 -4783 -4804 -4859 -4990 -5053 -4849 -4495 -4258 -4293 -4453 -4610 -4697 -4713 -4747 -4781 -4680 -4642 -4696 -4803 -4860 -4638 -4510 -4542 -4473 -4438 -4518 -4518 -4551 -4729 -4756 -4513 -4330 -4371 -4416 -4369 -4339 -4404 -4478
-5067 -5134 -5131 -5058 -4928 -4831 -4827 -4846 -4916 -4945 -4899 -4774 -4623 -4559 -4622 -4730 -4776 -4774 -4849 -5017 -5054 -4971 -4943 -4861 -4704 -4649 -4722 -4828 -4794 -4665 -4642 -4723 -4891 -5023 -5072 -5122 -5039 -4957 -4857 -4689 -4785 -4859 -4952 -4976 -4748 -4346 -3997 -4009 -4269 -4437 -4418 -4434 -4599 -4775 -4746 -4770 -4835 -4674 -4452 -4208 -4140 -4311 -4409 -4453 -4561 -4644 -4672 -4652 -4475 -4305 -4306 -4324 -4286 -4332 -4455 -4481 -4336
-5301 -5199 -5049 -5037 -5075 -5017 -4923 -4860 -4816 -4821 -4900 -4948 -4844 -4881 -4928 -5023 -4990 -4856 -4862 -5011 -4957 -4812 -4845 -4840 -4726 -4719 -4834 -4909 -4853 -4789 -4758 -4723 -4694 -4668 -4712 -4920 -4963 -4934 -4708 -4476 -4507 -4678 -4848 -5050 -5043 -4832 -4276 -3959 -4002 -4095 -4109 -4208 -4441 -4760 -5009 -4968 -4636 -4301 -4198 -4209 -4186 -4279 -4415 -4586 -4737 -4764 -4605 -4385 -4203 -4228 -4349 -4354 -4390 -4502 -4507 -4366 -4306
-5244 -5145 -5015 -5037 -5100 -5039 -4928 -4824 -4727 -4755 -4893 -4885 -4700 -4790 -4793 -4843 -4815 -4768 -4788 -4835 -4723 -4587 -4571 -4629 -4780 -4969 -5089 -5109 -5037 -5050 -5066 -4972 -4803 -4733 -4842 -4987 -4950 -4871 -4758 -4683 -4641 -4646 -4659 -4780 -5090 -5204 -4599 -4347 -4182 -3941 -3818 -3889 -4177 -4684 -5035 -4819 -4405 -4289 -4313 -4346 -4375 -4484 -4574 -4675 -4793 -4755 -4486 -4235 -4187 -4414 -4640 -4621 -4561 -4524 -4408 -4356 -4426
-5120 -5213 -5175 -5160 -5178 -5111 -4973 -4885 -4831 -4845 -4894 -4818 -4650 -4576 -4685 -4857 -4777 -4675 -4685 -4779 -4734 -4629 -4529 -4559 -4703 -4722 -4632 -4636 -4743 -4906 -4971 -4916 -4797 -4750 -4857 -5011 -4916 -4769 -4697 -4717 -4726 -4658 -4532 -4544 -4785 -4863 -4716 -4726 -4621 -4464 -4116 -3728 -3701 -4144 -4476 -4340 -4261 -4389 -4437 -4346 -4343 -4481 -4577 -4614 -4620 -4456 -4331 -4391 -4537 -4651 -4643 -4479 -4353 -4313 -4294 -4317 -4400
-5031 -5011 -4999 -5125 -5290 -5332 -5236 -5167 -5128 -5056 -4977 -4878 -4743 -4702 -4856 -5043 -5074 -4937 -4823 -4855 -4828 -4911 -4976 -4875 -4656 -4332 -4109 -4198 -4518 -4716 -4655 -4554 -4570 -4674 -4874 -5033 -5030 -4939 -4813 -4752 -4689 -4600 -4520 -4488 -4491 -4406 -4348 -4465 -4611 -4723 -4702 -4497 -4267 -4382 -4479 -4394 -4397 -4410 -4410 -4442 -4511 -4609 -4534 -4445 -4410 -4351 -4507 -4672 -4707 -4554 -4418 -4402 -4425 -4405 -4215 -4083 -4301
-4886 -4721 -4796 -5046 -5208 -5144 -4986 -5054 -5174 -5084 -4894 -4772 -4695 -4720 -4836 -4908 -4767 -4553 -4473 -4540 -4669 -4944 -5130 -4887 -4430 -4170 -4226 -4409 -4602 -4622 -4479 -4388 -4528 -4812 -5081 -5095 -5085 -4973 -4763 -4572 -4429 -4462 -4525 -4432 -4355 -4352 -4330 -4295 -4341 -4524 -4862 -5053 -4896 -4707 -4611 -4576 -4567 -4519 -4526 -4568 -4644 -4673 -4395 -4186 -4334 -4658 -4746 -4538 -4496 -4521 -4534 -4580 -4497 -4343 -3923 -3937 -4290
-4859 -4684 -4686 -4805 -4847 -4646 -4386 -4587 -4992 -5172 -5104 -5001 -4902 -4906 -4954 -4881 -4707 -4574 -4517 -4592 -4834 -5025 -5039 -4730 -4444 -4336 -4415 -4572 -4713 -4731 -4704 -4720 -4805 -4909 -4915 -4859 -4920 -4854 -4634 -4410 -4305 -4441 -4621 -4614 -4570 -4506 -4252 -4030 -4137 -4461 -4742 -4762 -4578 -4458 -4413 -4385 -4392 -4458 -4545 -4592 -4571 -4425 -4168 -4207 -4589 -4833 -4643 -4335 -4286 -4324 -4447 -4458 -4418 -4389 -4283 -4369 -4489
-5494 -5393 -5279 -5267 -5256 -5115 -4923 -4856 -4931 -5020 -4882 -4664 -4652 -4914 -5073 -4976 -5014 -5296 -5328 -5062 -4942 -4937 -4957 -5041 -5152 -5177 -5042 -4901 -4819 -4821 -4712 -4619 -4596 -4436 -4280 -4783 -4882 -4816 -4748 -4665 -4558 -4504 -4610 -4763 -4696 -4507 -4407 -4476 -4579 -4602 -4623 -4666 -4617 -4393 -4144 -4121 -4432 -4707 -4777 -4634 -4381 -4172 -4270 -4539 -4674 -4440 -4271 -4180 -4223 -4372 -4451 -4504 -4606 -4672 -4779 -4721 -4506
-5073 -5023 -5024 -5071 -5109 -5108 -4978 -4811 -4747 -4737 -4654 -4567 -4622 -4765 -4766 -4634 -4653 -4882 -4960 -4819 -4792 -4778 -4712 -4754 -4922 -5085 -5107 -4931 -4794 -4790 -4786 -4843 -4970 -4976 -4895 -5102 -5136 -5011 -4719 -4424 -4324 -4324 -4416 -4472 -4370 -4287 -4357 -4553 -4707 -4726 -4641 -4483 -4346 -4240 -4159 -4310 -4573 -4603 -4583 -4593 -4454 -4289 -4334 -4438 -4342 -4132 -4289 -4566 -4562 -4518 -4483 -4571 -4665 -4630 -4638 -4608 -4567
-4680 -4773 -4934 -5113 -5241 -5297 -5134 -4816 -4576 -4516 -4637 -4801 -4886 -4800 -4659 -4534 -4527 -4693 -4903 -5073 -5121 -4909 -4644 -4552 -4640 -4879 -5130 -5166 -5041 -4959 -4879 -4854 -5038 -5159 -5131 -4990 -5052 -5103 -4894 -4521 -4236 -4141 -4296 -4438 -4313 -4186 -4347 -4659 -4762 -4688 -4545 -4311 -4159 -4207 -4286 -4375 -4411 -4406 -4462 -4513 -4483 -4437 -4400 -4222 -4005 -4098 -4484 -4691 -4480 -4391 -4470 -4622 -4649 -4562 -4454 -4511 -4607
-4913 -4874 -4859 -4980 -5225 -5451 -5406 -5092 -4815 -4714 -4807 -4980 -5030 -4870 -4766 -4706 -4633 -4683 -4914 -5209 -5232 -4975 -4784 -4684 -4579 -4655 -4955 -5145 -5140 -5003 -4797 -4682 -4720 -4831 -4832 -4575 -4750 -4992 -5072 -4945 -4528 -4167 -4237 -4480 -4412 -4298 -4541 -4924 -4974 -4719 -4420 -4311 -4374 -4403 -4352 -4307 -4321 -4395 -4469 -4565 -4626 -4501 -4265 -4022 -3978 -4369 -4782 -4613 -4190 -4110 -4334 -4564 -4555 -4506 -4556 -4450 -4413
-5054 -4880 -4654 -4573 -4758 -5110 -5354 -5350 -5210 -5019 -4960 -5046 -5073 -4911 -4817 -4822 -4788 -4728 -4680 -4649 -4657 -4781 -4983 -4969 -4734 -4597 -4746 -5023 -5239 -5202 -5043 -4873 -4700 -4643 -4662 -4519 -4539 -4784 -5077 -5177 -4741 -4086 -3822 -3991 -4199 -4423 -4739 -4898 -4778 -4461 -4297 -4517 -4754 -4585 -4431 -4440 -4432 -4418 -4530 -4839 -4834 -4331 -3987 -4050 -4323 -4667 -4738 -4464 -4269 -4302 -4399 -4496 -4537 -4477 -4391 -4196 -4175
-4989 -4947 -4819 -4716 -4709 -4789 -4974 -5224 -5327 -5239 -5192 -5183 -5081 -4917 -4821 -4837 -4907 -4925 -4812 -4694 -4766 -4972 -5078 -4940 -4705 -4524 -4474 -4658 -5060 -5308 -5214 -4886 -4597 -4557 -4684 -4671 -4551 -4796 -5026 -5136 -4849 -4334 -4047 -4067 -4217 -4486 -4739 -4636 -4345 -4205 -4412 -4715 -4661 -4442 -4437 -4521 -4556 -4594 -4697 -4814 -4685 -4329 -4194 -4416 -4691 -4738 -4601 -4487 -4528 -4599 -4603 -4582 -4443 -4139 -3843 -3769 -3863
-5087 -5115 -5093 -5034 -4939 -4807 -4759 -4866 -4989 -5091 -5277 -5319 -5046 -4818 -4800 -4866 -4981 -5072 -5011 -4929 -4970 -5008 -4879 -4659 -4515 -4434 -4386 -4546 -4948 -5208 -5129 -4828 -4642 -4699 -4829 -4568 -4450 -4641 -4858 -4949 -4889 -4720 -4693 -4635 -4431 -4355 -4514 -4578 -4464 -4474 -4643 -4657 -4451 -4349 -4385 -4482 -4690 -4844 -4839 -4668 -4510 -4538 -4703 -4783 -4723 -4542 -4412 -4504 -4711 -4722 -4647 -4595 -4274 -3906 -3846 -4106 -4281
-5099 -5078 -5055 -5027 -4954 -4813 -4703 -4708 -4784 -4895 -5144 -5391 -5344 -5137 -5052 -4990 -4917 -4875 -4812 -4824 -4898 -4864 -4735 -4653 -4637 -4591 -4559 -4725 -5035 -5106 -4991 -4824 -4725 -4742 -4758 -4369 -4266 -4345 -4481 -4686 -4921 -5014 -4983 -4585 -4341 -4352 -4437 -4513 -4622 -4842 -4874 -4636 -4447 -4504 -4681 -4846 -4891 -4792 -4685 -4588 -4516 -4605 -4726 -4628 -4415 -4267 -4272 -4446 -4685 -4703 -4497 -4289 -4330 -4411 -4511 -4651 -4731
-4935 -4976 -4967 -4947 -4952 -4871 -4815 -4838 -4842 -4761 -4802 -5111 -5439 -5486 -5372 -5147 -4868 -4651 -4519 -4589 -4763 -4804 -4769 -4838 -4935 -4910 -4782 -4759 -4864 -4890 -4844 -4760 -4631 -4537 -4466 -4489 -4549 -4414 -4319 -4439 -4827 -5152 -5051 -4423 -4285 -4340 -4367 -4495 -4742 -5001 -4937 -4628 -4473 -4685 -4992 -5069 -4828 -4609 -4575 -4666 -4755 -4806 -4684 -4508 -4414 -4399 -4447 -4512 -4567 -4590 -4545 -4474 -4514 -4412 -4161 -4170 -4467
-4923 -4989 -4983 -4925 -4949 -4901 -4809 -4755 -4810 -4685 -4566 -4710 -5088 -5396 -5413 -5214 -4939 -4711 -4600 -4681 -4842 -4914 -4948 -5008 -5001 -4903 -4751 -4683 -4773 -4908 -4955 -4855 -4583 -4380 -4393 -4739 -4765 -4590 -4493 -4618 -4907 -5095 -5042 -4808 -4712 -4290 -4212 -4384 -4525 -4771 -4860 -4777 -4776 -4919 -4962 -4778 -4459 -4373 -4573 -4809 -4857 -4778 -4664 -4665 -4697 -4562 -4334 -4269 -4361 -4420 -4531 -4666 -4606 -4311 -3997 -4022 -4275
-4996 -5020 -5002 -4975 -4984 -4939 -4828 -4763 -4760 -4673 -4554 -4455 -4665 -5054 -5308 -5343 -5191 -4972 -4881 -5028 -5191 -5109 -4910 -4829 -4817 -4828 -4833 -4839 -4842 -4828 -4868 -4888 -4696 -4548 -4657 -4729 -4542 -4422 -4410 -4599 -4864 -4947 -4997 -5095 -5140 -4918 -4514 -4058 -3981 -4443 -4929 -5080 -4961 -4786 -4653 -4575 -4529 -4585 -4779 -4836 -4707 -4638 -4691 -4731 -4623 -4417 -4236 -4214 -4302 -4384 -4617 -4926 -4859 -4569 -4480 -4565 -4417
-4924 -4938 -4959 -4993 -5025 -5009 -4918 -4757 -4602 -4504 -4447 -4358 -4342 -4635 -5047 -5397 -5407 -5206 -5148 -5324 -5418 -5191 -4884 -4792 -4795 -4836 -4926 -4993 -4924 -4791 -4808 -4920 -4880 -4747 -4685 -4690 -4508 -4314 -4261 -4458 -4579 -4461 -4575 -4995 -5181 -4883 -4412 -4238 -4374 -4734 -4890 -4801 -4662 -4506 -4416 -4409 -4554 -4736 -4738 -4573 -4476 -4469 -4484 -4501 -4469 -4490 -4509 -4467 -4467 -4507 -4568 -4819 -4776 -4611 -4566 -4538 -4324
-4930 -4917 -4948 -4975 -4977 -4972 -4881 -4712 -4617 -4666 -4737 -4646 -4439 -4414 -4704 -5154 -5189 -5054 -5014 -5041 -5074 -5015 -4968 -4930 -4808 -4736 -4843 -5011 -5052 -4929 -4820 -4835 -4882 -4797 -4610 -4748 -4795 -4643 -4539 -4591 -4490 -4339 -4621 -5147 -5292 -5023 -4740 -4726 -4716 -4563 -4382 -4339 -4509 -4437 -4260 -4289 -4490 -4654 -4600 -4462 -4468 -4512 -4529 -4575 -4592 -4654 -4672 -4608 -4639 -4683 -4640 -4663 -4647 -4624 -4601 -4542 -4440
-4910 -4915 -4970 -4971 -4918 -4901 -4896 -4928 -4972 -4997 -5016 -4927 -4714 -4519 -4587 -4916 -5069 -4970 -4896 -4905 -4878 -4943 -4919 -4823 -4686 -4651 -4727 -4873 -4951 -4870 -4640 -4454 -4527 -4678 -4707 -4701 -4784 -4738 -4627 -4576 -4629 -4723 -4871 -4986 -5058 -5195 -5345 -5282 -4823 -4261 -4082 -4260 -4446 -4347 -4214 -4393 -4455 -4503 -4542 -4457 -4440 -4489 -4579 -4672 -4604 -4469 -4485 -4608 -4691 -4653 -4636 -4617 -4538 -4468 -4482 -4575 -4624
-4697 -4748 -4840 -4922 -4974 -5030 -5083 -5127 -5101 -5029 -5000 -4971 -4897 -4792 -4810 -4944 -5006 -5030 -5086 -5117 -5072 -4937 -4696 -4572 -4551 -4616 -4621 -4669 -4815 -4901 -4752 -4528 -4564 -4749 -4811 -4577 -4540 -4562 -4602 -4606 -4614 -4593 -4530 -4514 -4641 -4919 -5231 -5346 -5090 -4646 -4529 -4662 -4637 -4395 -4264 -4345 -4526 -4765 -4783 -4715 -4541 -4464 -4534 -4535 -4430 -4430 -4629 -4815 -4790 -4614 -4567 -4564 -4489 -4452 -4526 -4595 -4575
-4590 -4647 -4782 -4964 -5094 -5136 -5109 -5033 -4967 -4969 -4980 -4979 -4977 -4921 -4878 -4824 -4820 -5040 -5321 -5331 -5107 -4826 -4606 -4548 -4575 -4516 -4488 -4508 -4728 -4904 -5069 -5146 -5178 -5080 -4827 -4588 -4669 -4750 -4734 -4628 -4515 -4434 -4387 -4377 -4437 -4564 -4736 -4944 -5038 -4946 -4939 -5024 -4903 -4612 -4432 -4456 -4646 -4818 -4822 -4645 -4400 -4209 -4203 -4196 -4325 -4592 -4758 -4687 -4598 -4581 -4562 -4564 -4522 -4512 -4600 -4645 -4598
-4604 -4665 -4796 -4866 -4862 -4874 -4927 -4959 -5000 -5058 -5014 -4957 -4964 -4914 -4817 -4735 -4785 -5065 -5339 -5287 -5075 -4904 -4835 -4815 -4646 -4395 -4316 -4438 -4514 -4732 -4957 -5227 -5187 -4890 -4612 -4814 -5040 -5029 -4776 -4533 -4473 -4526 -4597 -4546 -4382 -4292 -4381 -4644 -4879 -4885 -4818 -4756 -4576 -4357 -4226 -4205 -4267 -4382 -4420 -4362 -4253 -4005 -3924 -4235 -4560 -4741 -4625 -4448 -4415 -4473 -4494 -4508 -4463 -4496 -4599 -4640 -4569
-4851 -4754 -4679 -4568 -4496 -4577 -4762 -4889 -4972 -5050 -5051 -5005 -4999 -4997 -4952 -4936 -5040 -5225 -5344 -5300 -5253 -5215 -5126 -5039 -4913 -4728 -4561 -4488 -4439 -4446 -4642 -4893 -4766 -4424 -4297 -4803 -4969 -4957 -4789 -4581 -4518 -4615 -4763 -4708 -4455 -4303 -4353 -4464 -4477 -4413 -4379 -4388 -4398 -4275 -4052 -3886 -3908 -4071 -4261 -4484 -4642 -4551 -4455 -4502 -4544 -4555 -4517 -4440 -4405 -4365 -4301 -4263 -4258 -4290 -4309 -4410 -4443
-4994 -4914 -4855 -4737 -4598 -4541 -4541 -4625 -4831 -5045 -5038 -4894 -4835 -4885 -4853 -4845 -5037 -5179 -5061 -4886 -4966 -5156 -5237 -5192 -5095 -5023 -4950 -4828 -4607 -4443 -4534 -4690 -4709 -4556 -4534 -4554 -4624 -4695 -4715 -4622 -4552 -4624 -4767 -4779 -4663 -4588 -4543 -4413 -4263 -4192 -4162 -4191 -4317 -4399 -4377 -4297 -4259 -4303 -4439 -4691 -4806 -4682 -4524 -4422 -4334 -4335 -4444 -4499 -4458 -4485 -4446 -4340 -4327 -4314 -4267 -4300 -4346
-4768 -4855 -5011 -5009 -4853 -4673 -4474 -4415 -4595 -4855 -4923 -4850 -4797 -4793 -4752 -4765 -4861 -4784 -4485 -4300 -4474 -4817 -5079 -5133 -5053 -5042 -5121 -5084 -4834 -4579 -4561 -4740 -4961 -5047 -4865 -4258 -4222 -4377 -4668 -4783 -4747 -4763 -4805 -4676 -4565 -4605 -4632 -4518 -4418 -4420 -4378 -4298 -4327 -4486 -4647 -4719 -4730 -4691 -4577 -4503 -4431 -4301 -4252 -4295 -4301 -4312 -4338 -4313 -4330 -4578 -4725 -4755 -4674 -4595 -4571 -4518 -4492
-4858 -4921 -5054 -5158 -5133 -4998 -4783 -4599 -4519 -4536 -4688 -4885 -4963 -4940 -4963 -4978 -4854 -4657 -4516 -4529 -4633 -4747 -4851 -4925 -4981 -5093 -5254 -5239 -4911 -4498 -4386 -4612 -4928 -5077 -4942 -4260 -4172 -4270 -4468 -4609 -4697 -4779 -4800 -4552 -4367 -4393 -4476 -4476 -4475 -4536 -4489 -4364 -4351 -4483 -4581 -4537 -4469 -4413 -4305 -4207 -4178 -4199 -4258 -4343 -4371 -4338 -4267 -4141 -4176 -4374 -4493 -4499 -4487 -4526 -4578 -4455 -4289
