Resources/Map/Lvl0_30x30/Ele_EK.asc
ncols         335
nrows         335
xllcorner     13455000
yllcorner     -6725000
cellsize      10000
nodata_value  -99999.0
[rows 0 to 28 of 335, columns 130 to 194 of 335]
190.4214 192.6013 207.3105 183.5994 162.599 159.808 163.9964 178.4792 183.8559 151.7166 161.7339 151.3356 136.3367 138.1797 175.473 172.4248 175.8249 174.6951 165.4479 160.1689 141.2152 133.5833 140.2374 138.3306 150.1907 138.6218 137.6385 157.6121 157.2675 156.4654 159.4273 164.6958 161.9624 150.6867 145.5864 168.168 168.4961 159.681 128.2515 120.2209 111.262 108.0765 99.7519 109.9199 115.7364 99.5844 81.6251 88.7376 94.0245 91.8459 73.7363 66.6574 45.5697 30.983 37.5421 47.3727 66.5199 62.723 79.0463 85.124 99.359 106.873 142.3206 157.2516 145.3949
177.1477 202.6887 188.5033 209.8268 179.3301 149.3804 177.5653 179.3078 159.5435 146.2887 153.8662 122.5927 113.6259 140.6624 178.9097 152.8458 153.8965 159.0237 135.9875 139.5303 151.1721 140.217 132.6042 136.5559 144.8148 135.7472 128.9772 136.1506 150.0537 157.8768 148.3858 151.1055 144.2312 143.9789 143.3347 140.7711 150.5909 161.9556 143.3205 114.442 108.1367 113.4161 99.9263 89.7008 111.4629 93.0134 78.3655 87.9254 96.6308 93.8782 99.9787 96.3891 45.5957 30.5105 31.179 31 31 43.9634 61.3744 66.52 75.0641 93.1866 118.8049 239.4059 188.5105
156.3823 163.5872 210.5769 186.0541 185.7401 197.0899 203.682 190.3678 170.1909 168.5001 157.4772 127.3645 110.9194 119.3075 152.709 128.9877 114.3131 144.5182 146.1403 121.5146 120.9597 124.4759 145.0404 112.3768 116.5675 117.1515 135.2024 140.7697 141.7112 129.3347 154.7097 150.4472 132.418 138.0753 158.8171 147.3607 145.5255 152.0372 144.1111 130.255 111.6804 112.1335 103.8063 110.2445 95.4993 98.7482 88.57 84.7065 95.3261 98.6889 114.8302 103.0051 95.4026 60.0169 31.3607 31.1966 31.3046 31 45.9309 55.5923 66.7562 70.0671 92.5327 169.3737 276.2899
141.4371 154.7811 159.3389 175.6487 187.7367 192.7275 186.2653 196.1569 193.5972 189.3805 142.0471 116.494 104.5947 130.1573 161.7658 134.7051 99.5581 133.0381 131.968 104.0767 112.0541 136.1938 125.8186 148.2389 117.1676 113.7962 126.6513 122.9469 115.8566 118.391 132.1349 126.1056 141.8575 133.2678 135.2604 154.6946 152.3739 155.1611 158.6239 129.0844 120.7983 116.5538 109.1775 101.1652 99.2821 92.1789 90.3645 87.3891 93.4135 103.7369 114.2232 115.2711 53.162 40.056 48.3264 31 30.222 31 31 38.8321 60.2925 61.5122 79.4694 162.7156 382.3781
153.1223 164.9483 202.6615 204.4929 194.9742 153.9664 172.0253 174.1142 163.3863 168.1883 124.811 114.459 118.7698 150.6127 162.6889 115.2902 125.3698 125.2488 135.1139 109.9927 127.3975 120.9539 117.2023 153.3922 150.3642 112.8322 125.0325 117.3987 130.6276 124.1091 119.4719 128.456 146.8743 129.861 142.6372 140.1424 148.1569 147.8036 141.9868 133.9969 121.4308 101.8912 105.2968 104.4628 85.9805 93.1561 95.6664 101.8641 84.6664 99.3584 104.15 78.1127 100.4777 94.9542 59.5594 43.0751 29.3063 29.9033 31 31 43.5508 59.3624 87.8348 444.3055 202.9052
157.5672 171.2558 157.2067 170.145 181.7667 141.5478 130.3344 139.5587 136.3082 125.6725 108.7271 105.8739 121.6006 130.0778 169.2379 132.4054 126.8284 109.7023 101.5874 97.3073 97.7446 107.57 112.6018 141.7033 118.4983 117.8476 111.0147 117.6721 138.9378 160.1205 151.6362 138.0784 133.2792 148.396 147.4166 141.8496 131.8402 119.2188 127.9347 118.553 131.3722 128.358 128.2947 110.2703 91.0603 107.717 105.9343 102.7014 93.2462 88.2099 110.2211 114.3685 110.7223 112.2486 70.6698 73.6417 38.553 31 31 31 32.5893 55.947 107.2352 146.9789 207.3457
149.0931 138.7242 127.241 153.7109 168.5719 168.2946 157.9303 163.6821 155.1441 112.9523 132.5173 123.5623 120.3167 103.2628 109.4435 124.3018 121.1995 92.5067 96.1425 137.3025 106.5576 151.0754 125.217 153.4078 156.1075 140.2171 132.3266 118.6268 130.3683 144.7256 147.2717 135.7695 132.1359 126.3685 124.1837 128.7346 130.8259 132.047 126.0266 122.4088 138.4048 143.6348 139.6295 129.8592 117.9353 103.5365 106.6169 91.6949 109.505 101.898 107.8982 125.1544 133.1652 116.9406 76.5506 58.8215 46.4329 32.5446 31.2733 31 31.8817 53.7667 103.2263 128.285 205.9493
113.9553 109.5314 108.4747 125.3232 121.8256 123.0592 158.2095 143.7017 124.6047 127.284 123.5258 137.044 119.2988 116.5018 138.2652 137.7279 128.4165 124.3911 149.2636 122.8986 99.9168 140.0745 121.9041 136.9549 155.368 173.2071 151.4271 121.5879 122.8535 118.861 122.7461 133.2776 140.5958 156.3294 157.4498 145.9877 157.1779 156.712 140.6001 143.8661 139.7311 117.3111 156.3898 145.5641 117.5444 129.8882 125.9849 125.8361 125.5319 131.5991 127.6966 153.9759 128.5987 109.8559 105.9487 104.6382 51.8437 31.6934 29.7668 30.824 32.2792 47.429 72.286 96.8114 137.1455
152.0229 108.3512 128.1351 127.6538 114.7899 107.8689 101.0532 98.8008 114.0999 137.2731 124.7206 137.6436 137.9193 149.1269 135.0778 122.2428 113.0731 168.6384 185.2438 122.3394 99.5737 143.1557 132.6223 123.7239 137.6479 177.2447 150.036 133.3852 157.3297 113.4675 122.862 122.8786 117 132.1154 141.9798 156.9078 162.4753 147.3646 155.8687 143.3839 126.5593 122.9328 95.996 95.7351 108.3262 148.4599 153.431 137.6039 135.869 120.945 122.0464 156.2749 149.226 159.7123 41.4308 57.9995 81.5514 41.2203 31 31 31.0294 35.5467 47.485 84.197 97.3085
115.4159 156.8423 136.4365 127.1683 113.1691 98.0579 117.0612 104.6999 109.7149 109.5576 117.4027 142.6284 148.6595 136.5095 143.8645 121.5296 133.0963 159.3326 129.844 97.0804 112.6584 146.5548 163.9195 139.2532 149.0487 175.389 163.0202 165.6529 125.9514 118.7387 130.8711 133.0244 117 124.1281 128.5185 138.0555 145.0543 138.1023 151.4268 147.8276 143.9695 119.7298 95.0082 113.0805 136.5559 167.8864 160.3362 150.5552 124.5257 133.9827 171.8614 109.4836 104.0108 165.0956 77.2046 51.4001 31.423 31 31 31.1125 31 28.7722 38.9927 74.1373 105.94
45.689 106.3168 125.8363 122.8692 143.244 128.7645 112.1238 105 118.2182 133.2084 121.4443 117.1489 125.4377 142.1704 127.0917 136.1273 133.518 135.6708 114.0219 100.9938 112.6206 124.4843 148.6875 185.3714 185.2612 159.0659 152.7829 131.2997 113.9039 136.2043 184.5112 174.4578 124.0955 117.7572 117 120.1269 119.5647 117 122.4764 133.6079 119.9505 136.4913 104.1742 91.1064 104.7372 186.9588 178.2809 176.6374 160.6544 140.2352 118.2553 72.9626 97.1158 102.3923 154.1858 115.9557 88.7728 33.1276 31 31 31 29.9121 37.1104 59.9923 88.6833
35.1577 55.4918 104.7261 131.8633 116.3908 103.5331 109.8284 100.1208 107.6963 104.7246 107.3811 119.426 125.2024 118.5068 104.241 110.1209 118.4798 141.149 156.9865 117.0584 109.2315 136.1146 142.666 159.2487 145.4307 131.385 146.341 135.5627 121.3355 137.3417 155.6277 145.8519 140.0523 127.2904 122.2856 118.6378 117 117 117 130.4687 147.0787 148.6026 135.2028 118.2585 97.0867 82.1325 104.3041 165.5868 152.4812 164.9396 64.4086 60.9321 80.2089 121.6295 156.6977 181.2814 101.0259 55.9432 29.6081 30.623 31 26.4839 34.033 58.2388 94.8151
33.8911 35.6553 89.0341 123.5152 115.3499 139.6628 121.5967 92.2719 119.6759 113.0089 104.4493 110.1637 129.0027 123.8534 113.7793 102.709 124.6036 154.9256 173.7157 131.3781 109.1983 145.5695 154.5367 171.3679 132.2011 119.0273 117.5742 115.3415 116.0511 121 129.1134 137.6732 161.6168 147.7919 121.5328 117.6842 117 120.4859 118.254 136.2581 124.0601 128.3321 124.6029 99.2121 89.7415 79.4473 84.3613 92.9797 101.6026 87.5011 88.8407 75.4898 73.7225 79.5816 120.7882 159.6503 181.3389 64.6536 28.5391 33.2266 30.1547 25.0366 43.2661 62.9757 110.7352
43.3296 38.655 83.1222 115.4005 120.4598 107.2082 115.8362 80.8336 94.0394 91.8679 110.7219 134.8826 105.9774 114.0902 100.8969 104.9034 127.6481 105.7189 150.3457 148.595 135.3076 163.9803 171.1989 147.4196 118.1346 124.9284 121.6305 138.1742 122.4698 136.6887 138.9059 127.1543 132.161 153.7969 117 117 117 117 117 117 145.3408 122.9382 104.969 113.7855 81.5996 90.1903 85.7755 100.1883 111.222 97.4196 128.5776 78.475 63.7888 83.0346 151.3033 127.281 129.1222 35.7684 32.3383 30.7866 26.6792 34.3826 51.8394 82.8318 171.2403
50.5751 55.669 91.9387 53.8032 53.3986 75.8707 98.5767 92.9874 96.1344 101.381 96.47 91.9702 117.2055 127.3705 102.0737 94.3972 98.7689 79.8332 93.6052 154.9846 172.8335 174.46 195.9946 153.3085 148.846 142.5426 124.9809 134.9254 145.594 133.6811 145.0302 129.7174 130.6142 148.6642 129.0437 146.9868 118.8939 117 118.0385 117 117 145.5788 132.1042 122.3075 85.9049 105.2608 80 93.7136 101.145 86.4124 102.486 95.9586 52.4257 75.529 86.0836 136.219 80.0936 29.5666 31.0782 35.0205 38.1721 44.8255 58.9858 97.2978 224.0362
63.824 58.6568 50.2502 40.6796 43.7376 52.1812 72.1651 97.0229 105.879 97.5172 92.8077 106.6032 125.3132 94.8393 84.5815 86.45 117.4089 101.7409 128.0686 132.5535 91.3512 108.1687 123.395 118.4836 142.9265 142.1963 151.3775 129.0353 153.5458 168.7723 147.196 132.0354 149.2899 149.7559 173.2123 145.3258 119.2886 117 117 117 117 138.1498 145.77 134.1521 84.9231 87.8761 97.2002 85.4644 82.733 78.005 86.7139 76.478 74.7185 82.6345 59.8659 173.7849 123.9416 30.3039 32.1775 41.8089 45.0438 59.3796 78.1843 143.3091 202.9697
25.9046 23.631 17.5562 16.7862 32.2381 53.6313 59.2843 67.1396 111.3887 101.1188 88.2542 87.9438 122.0597 96.5754 85.6057 96.9715 113.7904 95.2246 128.0774 104.3966 86.9647 80.1935 92.2812 92.3447 121.0214 141.3961 158.8643 176.5556 178.4296 167.2582 137.3571 129.1183 199.0935 187.9956 252.118 174.6913 156.693 124.1574 117.1579 117 117 128.1954 124.1575 113.1569 107.5379 83.1472 101.0403 101.6485 99.8523 84.2913 61.8701 64.0113 85.2844 103.451 55.8809 55.3195 35.7468 39.5594 45.7502 44.966 55.3567 89.4377 127.7985 172.1151 258.4326
45.419 54.3273 46.4971 58.6497 24.3994 31.698 53.72 62.7349 74.4672 102.8232 103.565 88.6288 126.5131 131.2581 75.965 83.5448 124.4996 129.8494 100.4952 68.7933 70.3225 99.6705 100.3124 147.8349 184.0035 126.5124 123.397 137.8068 165.8869 148.2494 142.9254 142.3591 164.1438 209.8966 250.0913 232.9783 217.0005 176.2749 137.19 117 117 119.782 126.5681 142.5325 122.1793 86.2918 91.5906 96.7958 96.3742 83.5048 104.3315 71.6023 105.1255 92.1986 77.7363 62.9083 81.782 38.3185 39.1751 44.2122 53.942 91.864 187.7493 191.9429 396.0322
20.4833 24.2461 30.8845 37.6595 59.4085 21.8045 23.5519 36.451 68.9361 61.4559 55.6842 39.9337 52.7741 102.602 63.0032 67.0212 72.5076 141.2425 109.9952 100.9664 69.3564 77.5108 71.1669 93.7153 123.3415 184.8369 223.3247 197.8425 194.4151 180.2822 142.3734 129.5377 128.9922 144.8007 208.8463 245.1879 199.3483 151.4398 118.789 119.6556 120.8473 117 121.972 120.5342 111.0658 83.8473 88.1759 92.4512 96.6308 114.4248 107.2536 77.749 110.3682 125.8447 108.3589 113.7463 160.6328 73.887 36.4595 45.8418 58.6373 307.1663 150.3637 312.6321 339.4435
-14.5224 -13.0638 -8.1408 18.7231 5.3616 7.3344 22.0202 37.7872 30.3648 30.3642 22.9544 21.2621 20.2917 29.5256 47.7615 46.0124 44.53 83.1659 63.5567 57.7009 62.2156 73.6373 69.7856 79.1902 75.8916 113.282 172.4351 263.191 275.3375 229.2785 161.8971 128.6866 137.9954 139.1725 219.3192 249.5202 200.7622 166.1046 118.8436 116.179 117.354 126.7289 130.8565 126.8353 106.8436 87.1342 86.2526 94.4129 111.0951 140.3168 136.3854 97.9493 88.3677 101.7062 78.1864 74.0428 88.1372 50.3504 32.454 56.5736 411.8427 274.9633 185.6427 309.2869 331.4323
-22.3334 -23.2149 -20.7698 -12.3519 -0.9238 1.3 16.0267 14.7008 10.1196 5.9383 13.4565 12.9271 3.0986 31.1132 33.0424 29.6232 36.7176 48.551 44.9575 60.6676 67.3345 72.183 78.1012 93.6455 77.5914 100.6799 110.5098 188.6496 207.8233 235.064 203.1018 167.0587 152.416 198.13 218.2153 164.2483 162.4269 117.2325 119.4525 128.6543 119.0901 134.5802 151.0924 157.0858 107.6717 92.4831 89.4485 99.6957 131.9383 174.6991 208.9936 162.9108 128.6411 97.2886 62.6578 43.572 33.9003 41.6122 26.197 81.0982 498.9074 289.5799 202.7317 226.8037 334.4861
-24.9185 -24.9063 -22.6555 -17.3975 -10.8098 -5.3227 2.6808 8.9606 5.7549 1.2803 -1.2369 0.5179 5.8433 9 9.1796 22.0455 25.8457 32.9564 54.9184 52.7145 65.2433 80.6719 78.7789 92.0225 84.4484 82.572 125.6143 109.616 137.5898 213.5661 260.5161 225.8471 261.8993 233.2659 187.9694 199.3991 169.8904 127.4433 180.8435 133.6111 118.5624 124.0538 131.6788 141.1829 118.2865 113.7582 102.0098 102.0293 132.3177 170.8099 245.7481 205.5428 116.5041 81.2199 60.4441 44.5924 35.7682 21.9159 28.5036 111.6494 451.3364 291.4655 201.8022 246.9398 302.742
-26.4316 -24.4035 -21.7942 -18.0256 -12.9697 -8.4853 -5.1329 -3.2152 -2.4181 -4.1861 -3.0978 0.3746 -1.5616 1.4076 8.57 15.7698 21.0805 22.4829 33.5968 44.1434 69.17 76.3928 77.7117 99.4254 100.4227 94.2577 79.2803 81.5958 104.8896 171.3152 214.4919 245.7067 244.0058 256.0114 201.1586 160.9337 161.1318 120.4061 148.3909 217.9479 203.5376 198.284 205.6767 154.8791 138.5235 128.698 119.4633 113.3233 130.7854 166.4025 213.7921 258.3352 197.8529 94.2067 97.9133 54.7658 37.1348 35.993 13.5048 219.1371 425.8634 263.2798 216.79 267.181 381.1655
-25.9209 -22.8783 -20.3599 -18.18 -14.6095 -11.1697 -8.3803 -4.4665 -2 -2.1111 -1.7667 -0.4458 -2.7075 -1.6873 8.1081 8 9.9178 10.0193 16.879 24.7673 44.4618 47.6607 83.566 89.0054 104.5376 89.521 91.006 82.4563 101.2565 148.3214 238.5792 244.0375 213.0386 179.3089 243.5773 280.4525 214.8251 151.5139 143.803 218.3139 258.0554 249.0251 198.7601 215.9494 158.3624 193.0329 139.3819 152.338 138.779 149.7091 186.8139 182.8956 132.6161 112.8186 106.9924 52.14 28.3406 12.2873 15.5559 182.5757 358.2566 365.0184 238.0545 283.2976 423.5331
-22.3299 -20.3578 -18.8858 -17.8658 -16.3039 -14.5154 -13.3608 -7.3029 0.4079 -2.4073 -2.2452 -2.8729 -2.676 -1.9364 11.5484 3.8648 3.4366 6.5449 7.0107 20.1222 31.173 33.0344 48.3822 90.3104 92.365 93.5919 93.3388 112.3014 93.1669 145.869 251.1506 257.9134 288.5737 308.0753 380.7952 301.1149 207.0864 218.2913 144.069 152.9179 204.4845 230.2686 221.9558 205.37 233.4153 201.4736 175.3862 192.8945 186.3503 168.0932 183.6446 181.3743 136.8017 97.7162 74.7566 182.9009 71.0008 21.4758 15.2181 72.5451 484.4585 418.6279 249.6446 280.9382 339.7206
-15.6585 -16.8701 -18 -17.8594 -16.2789 -15.1898 -17.1586 -14.7535 -0.5731 -3.5671 -3.7503 -4.0927 -4.0659 -3.1239 -0.8831 -1.4726 -5.5261 -7.3708 4.1128 13.6867 23.49 34.1962 40.2047 54.4018 75.0785 88.5411 99.452 108.4815 106.1485 82.9875 109.2435 193.5715 189.1415 249.426 299.0286 211.0464 202.902 149.9903 157.305 143.9196 171.7292 227.3398 256.2033 237.0644 220.4759 227.3052 215.9278 226.2124 236.0318 216.3296 241.728 165.336 120.9667 87.3074 60.8052 95.3814 163.7604 216.0742 10.3992 31.4907 185.2838 355.3069 257.2858 267.1486 325.1535
-12.1027 -16.2774 -19.1368 -18.9033 -16.214 -13.6064 -15.3116 -16.2962 -6.3829 -6.4968 -7.1343 -6.7052 -6.416 -5.217 -3.7579 -3.3067 -3.3905 -4.6541 -0.4948 9.8222 16.5356 38.8958 48.9594 57.5852 68.2832 75.5314 106.5856 125.3413 115.1752 124.2791 104.3235 137.5925 179.1292 173.731 214.4144 164.9044 162.9501 150.37 180.5686 219.9893 173.6595 205.824 244.0899 284.7228 238.7156 240.3425 249.9298 198.2324 202.4062 186.9977 176.1032 140.8991 118.0041 127.5566 76.7551 118.3272 218.505 107.7124 8.0579 12.3062 229.1678 533.3391 307.8938 286.5357 331.8853
-19.712 -21.246 -23.502 -22.6794 -19.567 -16.3832 -15.3977 -14.9389 -11.8699 -11.6341 -11.707 -10.7944 -9.9017 -8.1488 -6.1047 -5.6106 -1.3034 14.7475 7.0197 17.6382 43.8468 45.0033 54.9074 71.4028 100.0205 89.5397 96.209 109.521 118.8227 134.1999 115.4181 102.3984 110.57 153.2787 198.8656 175.824 153.3084 162.3298 221.8619 226.7696 179.032 206.127 274.9512 294.9278 242.7911 208.4364 194.2169 188.7139 204.9354 199.9812 144.8251 114.4374 100.1023 115.9171 125.9942 35.0641 88.8145 96.918 7.304 7.7794 122.1296 505.0264 480.5627 304.7775 360.0366
-33.5195 -31.3287 -30.7887 -29.0702 -26.5609 -23.6298 -21.6466 -20.0389 -18.6535 -17.5382 -16.667 -15.019 -13.2589 -11.2149 -9.5791 -9.6132 -4.6212 11.0695 8.0034 7.2416 16.8366 32.5105 37.0255 58.2556 83.4448 99.8851 95.2354 102.1964 111.3434 119.689 109.1553 101.2208 124.0487 126.378 225.8926 209.179 179.592 162.5729 223.4127 225.4892 199.426 232.1136 278.6152 341.0119 243.2562 204.5549 193.355 218.7912 202.5264 186.2697 180.0222 129.1929 88.9933 81.9968 73.2099 37.1533 8.0175 53.7299 16.4914 19.0127 28.7256 364.5946 488.2815 393.9078 406.0505
