Resources/Map/Lvl0_30x30/Ele_CD.asc
ncols         335
nrows         335
xllcorner     -9995000
yllcorner     -25000
cellsize      10000
nodata_value  -99999.0
[rows 260 to 285 of 335, columns 118 to 176 of 335]
-3069.9482 -3195.845 -3106.2256 -3214.1692 -3418.5793 -3653.4363 -3699.5039 -3803.1589 -3836.968 -3745.1228 -3768.8286 -3814.1714 -3763.7979 -3715.105 -3520.2878 -2936.1768 -1682.9639 -589.875 -236.8977 -128.9014 365.9402 510.3635 182.131 112.4433 43.7453 58.9808 22.3231 66.6415 190.2171 687.3406 488.91 762.3652 1600.6677 2261.0786 3300.4082 2321.0564 1563.2266 536.4913 1049.0953 2588.7681 2457.8469 2356.6338 2038.2941 1671.37 1954.932 1675.495 1423.1398 1112.3217 914.0115 853.9509 556.4926 341.3826 112.2809 105.4412 115.5674 131.8901 133.5061 140.7298 171.0924
-3122.47 -3240.3865 -3142.3542 -3213.0852 -3344.8872 -3533.2129 -3613.9968 -3645.0452 -3686.1497 -3659.6826 -3739.2339 -3833.3145 -3819.9319 -3882.2085 -3857.4507 -3374.1221 -2197.5117 -935.6372 -251.0042 -38.0193 193.7557 411.4722 278.7615 166.7305 99.3111 54.0152 27.05 30.681 52.7168 1049.546 477.3121 1016.2145 1678.7299 1863.8643 2490.5691 2333.0664 1487.6746 903.2427 1609.0143 2581.4072 2086.9353 1651.4725 2057.6777 2240.0852 1914.9565 1569.217 1237.2074 1078.3051 890.7355 689.489 514.4736 204.1565 112.3149 113.9822 143.2921 149.0279 134.8911 155.593 179.1269
-3198.3779 -3137.3923 -3099.3516 -3215.2593 -3289.4646 -3457.229 -3588.1035 -3594.8853 -3580.2949 -3513.8809 -3588.187 -3735.3469 -3797.0332 -3887.887 -3911.9126 -3625.8569 -2800.3306 -1473.285 -384.6022 -0.1114 585.5161 672.282 221.3977 148.1199 167.073 71.3035 24.8663 34.5962 49.8254 801.8067 482.7681 1128.7948 2116.9204 2063.8611 2279.6885 2349.5847 1145.6914 1095.2078 2288.5149 1979.5851 1972.4182 2342.0669 2269.801 2093.9019 1893.851 1347.4213 1203.3331 1112.7817 794.7808 551.2045 362.4798 138.9214 116.7352 130.8392 162.1393 243.2442 190.5618 203.3199 301.4422
-3295.5583 -3140.8984 -3136.0515 -3222.2922 -3219.9509 -3324.0591 -3423.1477 -3439.812 -3432.8245 -3375.5281 -3360.6448 -3504.9526 -3702.3169 -3825.0977 -3834.6855 -3715.2935 -3255.459 -2033.3258 -602.1166 299.786 340.9932 600.0529 401.8115 270.3748 179.7682 98.5774 47.5531 24.7144 52.5165 170.7775 669.9272 894.9457 2152.2529 2096.3521 2110.8066 1735.652 1125.677 891.7849 1965.4681 1707.4674 2167.7478 2237.9561 2109.3352 2190.9141 2028.0629 2031.339 1125.3027 948.9431 710.6393 500.0682 211.6978 125.6379 140.7669 135.7059 183.8606 226.8944 201.6494 265.3425 734.3764
-3231.0928 -3190.6682 -3232.5276 -3323.5127 -3290.1521 -3192.1167 -3212.4744 -3243.7275 -3268.3413 -3359.9336 -3402.1426 -3456.696 -3575.6609 -3695.5698 -3696.7993 -3535.9165 -3151.5012 -2393.3665 -1167.0127 27.4145 82.7099 564.2393 270.1123 332.4936 134.414 142.4584 37.5198 29.6935 57.5596 192.0669 393.9355 523.3278 1255.6899 2247.9622 2301.7527 2114.9529 1450.1667 1049.1523 1652.1958 2037.7859 2485.3706 2186.0776 2129.9551 2200.0378 1980.3309 1405.9873 1434.3381 951.5244 421.6673 455.775 137.713 147.2713 141.5717 164.3051 236.7227 235.7937 200.8689 694.8817 591.9202
-3205.7371 -3247.1519 -3273.3926 -3322.4644 -3392.1226 -3259.8616 -3191.52 -3195.1816 -3202.3826 -3215.7244 -3275.9607 -3501.3596 -3624.4065 -3686.7031 -3640.9663 -3371.6521 -2991.5044 -2442.4731 -1595.6674 -575.4988 127.1479 571.7635 333.5707 447.259 138.3067 128.0357 47.8688 42.3019 77.4658 113.1276 367.6109 611.6949 1496.8762 2547.4111 2836.97 1685.0082 1563.6445 980.1187 1343.2708 2200.7415 2518.2014 2213.6931 2393.7842 2418.0886 1676.739 891.7751 1226.4094 811.644 474.2537 302.4619 143.9103 135.5524 136.0002 173.0543 465.5337 501.9265 486.0398 1073.7015 1580.2565
-3206.8359 -3170.7268 -3288.8267 -3387.9417 -3378.2461 -3272.2549 -3150.801 -3089.7607 -3053.5781 -2968.9185 -2860.5664 -3090.6406 -3446.208 -3624.2354 -3618.7163 -3373.9163 -3078.6582 -2587.3022 -1905.4266 -888.9456 -94.071 186.1315 182.8013 162.1206 223.4988 165.046 64.3039 22.623 95.4909 101.2751 389.8882 536.2498 1980.9788 2479.0752 2349.9646 1847.9908 984.7804 882.5222 1810.7428 1620.7463 1974.4187 1905.6005 2393.2498 2283.1848 1256.963 843.7894 636.1151 890.345 452.8052 247.7172 150.679 158.5659 183.8312 209.0474 769.179 648.8933 931.0317 898.9948 2562.2195
-3102.991 -3131.1636 -3288.6064 -3474.2456 -3363.6248 -3161.9717 -3154.9304 -3153.6846 -3042.8542 -2982.8589 -2746.6404 -2768.3652 -3093.3289 -3271.9573 -3380.7903 -3279.5325 -3042.5654 -2490.4048 -1708.1594 -809.7493 -168.3189 21.6996 198.9365 115.2548 331.5475 182.6448 67.0958 37.6224 50.6978 105.5072 278.0764 820.7455 1493.8362 1663.2095 1927.9242 1248.2168 1146.6604 1428.8732 686.8192 897.8735 1267.4038 2153.8745 2504.4131 2465.7192 1408.209 894.8695 937.0568 573.4973 373.6419 190.646 151.2017 161.6513 204.1339 302.4027 733.442 738.6075 841.2686 1354.1687 2419.0313
-2618.5986 -2948.9031 -3291.9758 -3570.2378 -3563.9314 -3362.4446 -3428.0608 -3421.0859 -3330.7708 -3284.7683 -3064.5305 -3006.491 -3197.6763 -3263.2751 -3328.1018 -3220.2107 -2778.8157 -2062.0605 -1202.7273 -549.811 -165.7359 29.8372 156.5838 137.4431 231.9909 160.3974 97.7349 44.7582 69.6869 98.9671 286.959 472.1335 753.1385 1331.0107 2883.5632 1606.5222 1278.6649 2077.7019 1715.135 701.6661 1222.2198 2025.7855 1989.6249 2512.5305 1972.402 1767.0322 1161.4515 622.8332 459.7602 167.8826 159.118 167.2328 205.87 458.3228 665.1389 832.3399 677.7647 1417.5883 1546.0835
-2674.5132 -2907.6064 -3111.7927 -3302.3074 -3481.4744 -3495.0261 -3541.635 -3535.0869 -3552.0505 -3656.7297 -3569.3604 -3554.2112 -3744.3059 -3882.4001 -3730.1975 -3416.6987 -2713.5803 -1645.5298 -658.6097 -212.8101 28.8572 95.9018 357.7014 317.3668 60.4166 175.906 101.827 47.7957 60.7335 121.0146 212.6798 286.3072 734.5632 1990.6494 2773.9692 2251.8804 1578.8402 2316.4856 1877.0527 864.5781 981.8853 1257.4171 1539.3088 2851.5542 1803.8909 784.6525 1094.6542 702.3754 370.2433 206.0296 157.7668 194.8991 335.3134 1060.9211 649.2286 1190.9872 1170.4666 714.1406 1691.8231
-3317.2634 -3277.5308 -3230.9397 -3207.9919 -3263.7178 -3296.7993 -3378.5486 -3354.2063 -3378.635 -3393.1057 -3357.7781 -3496.6431 -3752.9963 -3996.062 -3843.0266 -3493.0317 -2688.6421 -1313.3143 110.755 145.455 358.098 436.9173 276.9563 242.1702 132.8145 111.3595 86.2435 66.0053 81.5522 101.8845 119.8167 395.9096 764.3989 1202.8856 1637.3345 3007.7883 1904.6201 2245.072 2675.9246 1949.3842 1152.9054 2205.012 2286.2146 2640.825 1196.4819 1164.4128 1192.1234 784.1296 298.3765 198.2856 169.1879 538.8856 841.4332 1149.1073 1217.8564 1186.6709 814.1971 1404.5098 2700.4785
-3395.6956 -3304.3765 -3307.7405 -3247.1541 -3142.4263 -3125.8899 -3168.9878 -3250.7302 -3482.1611 -3476.3015 -3312.2458 -3253.8706 -3304.0862 -3431.2822 -3325.4692 -3049.4236 -2415.4541 -1198.7621 246 41.9302 245.0205 628.2588 401.6309 170.8356 147.572 161.9119 113.001 56.8717 90.7859 89.9864 127.3021 429.8853 442.9323 509.3721 1336.6868 1893.5994 2604.6074 2735.2859 2014.298 1571.887 1312.3737 2053.9297 2840.6501 2419.8608 1444.6584 1707.8037 1068.6831 614.6863 221.7795 205.9339 184.5844 1003.3394 1137.9218 958.1159 1219.516 1256.2454 1438.4148 1074.3177 2475.5767
-3268.7837 -3224.6631 -3203.5154 -3152.9609 -3025.8052 -2986.0046 -2979.5249 -3099.7168 -3369.7913 -3511.895 -3391.4565 -3329.4617 -3358.4207 -3343.6577 -3223.0381 -2894.6804 -2323.251 -1386.2291 -450.9897 7 167.5153 621.6342 216.8845 157.509 42.7458 100.3596 94.9747 74.3421 97.9681 126.9021 171.5662 272.4801 480.6955 659.6652 921.0585 1352.625 1495.2018 2307.6147 1969.755 1106.3645 1737.6792 2028.2562 2911.4963 3370.5518 2776.7478 1683.3162 1367.1582 755.7752 391.4348 212.6169 649.9673 418.9535 1331.6591 1262.2064 1270.0907 1375.5193 1587.4845 2265.3884 3157.5728
-3095.4954 -3093.9724 -3018.407 -2989.344 -3021.9937 -3023.8457 -2990.7136 -2944.1099 -3045.5203 -3347.0977 -3484.5042 -3600.5298 -3678.9968 -3550.4597 -3304.7317 -2844.2903 -2063.7053 -1103.6643 -366.5169 -36.9551 100.0833 496.2129 201.8435 152.6127 52.4555 43.9595 134.0181 75.7824 109.1036 123.2904 178.1268 351.3764 519.8274 1190.1608 1228.8453 1560.4252 2049.7742 1747.2303 1347.8789 940.8072 1644.7626 2367.5339 3000.1292 2925.3777 2852.8796 1591.2943 1332.1965 691.955 299.9375 203.3212 652.4474 612.4875 1187.0637 1270.7236 1337.3984 1654.4037 2294.5127 2971.7402 3125.2473
-3051.3467 -2970.1609 -2870.5537 -2845.9529 -2994.6296 -3121.6416 -3155.5527 -3064.7954 -3066.0161 -3377.3174 -3631.8926 -3780.9299 -3790.1367 -3565.095 -3161.2617 -2608.6255 -1768.3599 -719.4907 -130.8625 -12.7826 31.4767 236.3085 144.3767 106.0261 39.6117 44.032 149.821 103.4541 99.5779 194.3517 270.3509 1044.9991 913.4338 2341.4385 1816.8888 1876.3556 1990.494 1435.4261 1172.5757 974.037 1696.8512 2516.7559 3299.8459 2754.7766 2107.9553 1512.1224 1230.0165 658.739 361.3665 291.2077 817.4287 780.0562 799.6542 1261.0234 1228.1896 1867.4514 2629.4155 3548.0852 3110.0615
-3197.1714 -3114.7183 -2814.282 -2786.1519 -2995.9463 -3125.5215 -3253.8394 -3380.5017 -3424.3521 -3540.3501 -3714.6572 -3761.905 -3738.959 -3424.5239 -2809.6526 -2245.762 -1717.3351 -928.9866 -283.567 -46.408 38.8913 68.6397 105.6838 50.2597 45.1652 82.1447 119.4351 86.2893 126.4946 146.225 390.6609 875.215 1475.6547 2307.634 3243.0249 1944.3031 1424.1262 1276.0048 1064.0712 968.2377 1753.4435 2282.2815 3182.0549 2712.2256 2081.9136 1654.9224 1169.3315 494.2165 427.6876 215.7405 1064.7607 1311.0878 874.5238 1032.3235 1325.9861 2086.3403 2631.8127 3290.4292 2855.864
-3056.6372 -3384.6702 -3112.4585 -2932.5735 -3171.9363 -3320.269 -3298.8787 -3299.4851 -3303.0437 -3490.2974 -3676.0635 -3595.7815 -3581.7031 -3297.5234 -2505.0327 -1965.4824 -1741.4508 -1302.5941 -647.0049 -145.8979 46.9267 105.4917 55.4675 54.8978 56.0296 59.988 85.3015 53.2783 102.6975 252.6776 350.3643 571.7083 1084.4003 1654.5122 2745.4109 1470.4711 1116.9941 1144.8137 1172.8922 1252.3639 1762.8489 2323.4978 3386.4976 3157.7341 2034.6925 1884.6277 1246.933 390.2273 290.1524 218.3835 976.6698 1679.1022 837.0999 1120.3197 1740.1472 2928.9954 3064.3359 2944.4272 2638.071
-2735.4895 -3448.3398 -3453.9404 -3136.3032 -3183.803 -3223.1157 -3176.6292 -3136.635 -3225.0547 -3540.0295 -3658.1904 -3527.7112 -3435.9766 -3049.3965 -2288.8286 -1875.9352 -1847.1877 -1598.3116 -922.4747 -237.3334 50.9536 60.0069 104.9585 121.5105 89.8389 64.7063 55.9043 55.9397 119.1106 283.6521 789.4696 569.2612 1015.6052 1361.4037 2146.1252 1409.8677 960.4149 1210.3044 1580.5006 1551.6194 2121.5776 2663.7419 3909.3982 3722.8701 2946.6721 1621.6514 1346.9653 375.0944 282.038 222.4495 1122.2555 1780.3567 1325.499 1648.1088 2068.2266 2799.9741 2909.6375 2645.3723 2673.4773
-2849.9045 -3437.2107 -3564.7053 -3213.571 -3154.4819 -3165.7134 -3250.1567 -3302.6777 -3436.6736 -3639.553 -3638.5503 -3641.7126 -3368.2756 -2775.9407 -2220.4731 -1849.2311 -1766.6495 -1604.979 -988.5127 -282.072 23.1133 81.0829 125.5137 95.8768 79.8231 52.2575 72.8521 60.2387 89.9183 1087.304 484.4323 906.7512 1398.6021 1930.5564 1761.5851 1118.8923 940.78 1136.0991 1493.4709 1796.5541 2455.2354 3476.6826 4316.2354 3851.8994 2799.9226 1701.6029 1124.1351 390.0371 255.0263 267.2834 1032.1259 1703.6168 1988.4478 2657.3984 2697.9973 2665.3728 2609.7117 2625.2295 2641.0476
-2862.311 -3366.8777 -3653.8613 -3274.6008 -3144.8931 -3168.5059 -3286.0818 -3400.6758 -3557.2947 -3593.2007 -3593.6306 -3666.7314 -3213.468 -2567.0298 -2026.1178 -1657.0234 -1671.0186 -1576.1307 -958.8809 -291.2549 7.991 36.1424 96.0012 50.7409 67.3109 29.9084 37.741 55.6211 99.5192 1191.6864 1131.2194 1445.9298 2127.3147 1737.8516 1372.0631 928.7 968.7202 1187.3762 1397.7969 1747.2855 2838.6265 3938.8176 4175.2129 3907.4194 3132.6875 1932.9221 1092.9742 390.7126 249.4454 724.7271 856.473 1808.1454 1553.161 2573.6204 2558.1536 2550.9958 2557.9993 2646.729 3008.7273
-2864.8184 -3370.342 -3762.6904 -3348.3911 -3181.0188 -3237.9604 -3370.8013 -3470.6763 -3614.126 -3648.1248 -3711.9419 -3628.6943 -2967.7505 -2288.2771 -1727.2839 -1466.3763 -1584.2883 -1403.0295 -701.6664 -180.5603 22.7851 33.2165 64.6707 104.2073 67.428 52.3483 75.9198 46.3444 125.8178 350.0575 474.4768 1108.519 1818.1871 1312.3641 1332.0745 899.4688 1037.3557 1130.1 1521.9592 1887.6664 2277.8513 3423.4512 4117.5425 3686.7524 2938.4436 1828.63 1062.1066 357.9904 260.9194 986.16 717.3188 1172.8656 1023.7486 1988.2908 2668.5129 2540.9016 2556.2407 3005.6057 2968.3679
-2987.5942 -3435.769 -3775.7378 -3341.6938 -3209.3823 -3325.6904 -3454.9958 -3522.0098 -3607.5388 -3733.1897 -3752.2021 -3381.7908 -2676.5105 -2079.1543 -1649.593 -1460.2407 -1430.1824 -1099.355 -435.9167 -75.7328 7.7172 41.9619 82.1513 68.6459 42.2507 38.8526 70.7049 104.3991 118.1298 406.0139 1232.7434 1537.9652 1458.1958 1817.8043 1092.0442 927.9265 1130.3317 1158.2128 1405.3859 1784.8447 2711.3582 3330.939 2843.9355 3246.9998 3004.8918 1509.6772 687.9555 360.2336 298.8962 573.0507 671.6894 636.0654 936.9067 1828.7007 2538.075 2664.8704 2626.3044 3336.8335 2335.1765
-3191.9546 -3544.4058 -3766.0801 -3336.9773 -3239.0178 -3308.5835 -3431.4775 -3535.6704 -3632.6479 -3762.0183 -3613.7598 -3044.4983 -2445.1777 -1992.9346 -1641.8419 -1418.29 -1202.4264 -729.3508 -216.4262 -31.5474 28.7876 60.9604 84.8719 103.7716 61.9802 54.2287 77.1663 75.8073 156.0336 583.9379 1403.9259 1257.7249 1754.8505 1475.2578 916.6016 951.7751 1158.6067 1212.7612 1305.2499 1830.4679 3076.1978 3004.7644 2672.6729 1994.9907 1641.119 1181.9901 614.452 537.8074 435.0549 650.4687 471.5391 644.3207 1159.2382 2204.9187 2721.823 3061.7722 2861.0837 2860.5017 1912.1311
-3364.0396 -3567.8638 -3664.7188 -3346.9788 -3276.5405 -3296.6365 -3450.563 -3581.8118 -3710.7817 -3773.814 -3447.6702 -2808.6699 -2308.3511 -1925.2509 -1582.6262 -1317.3541 -1000.8194 -460.9692 -90.1271 -12.1007 19.8304 53.0222 60.4714 79.0701 49.7209 43.9492 36.6383 84.199 156.323 558.2198 1124.2104 1731.913 2007.1954 1135.2841 929.4843 1011.9307 1143.2024 1107.9752 1348.1964 2743.9771 2823.8704 2059.0894 2042.8251 1763.9122 1044.911 804.0491 644.6974 617.8965 367.8849 322.8053 366.3782 707.8557 1756.4122 1602.7639 2845.875 3430.554 3099.1147 2382.2827 2082.9487
-3321.9893 -3563.5405 -3586.0325 -3383.1931 -3346.3462 -3363.5632 -3523.459 -3682.7825 -3858.249 -3804.0918 -3354.8735 -2673.2737 -2233.2478 -1875.9178 -1572.3752 -1330.3374 -964.9336 -407.1249 -62.1232 17.9629 38.2853 71.4851 76.4957 56.4163 61.0368 43.4851 75.8798 114.5415 251.2499 1046.2827 1796.908 1721.2444 1533.5394 918.8175 940.1156 1057.9679 1498.4866 1396.1697 1884.9741 3242.3381 2990.9102 2850.741 2912.5491 1639.589 1051.0555 737.5037 677.1919 391.1346 324.3586 290.1636 363.8007 1178.8683 1047.4667 1780.5638 2522.7273 3739.2827 3656.0681 2903.188 2038.109
-3200.0615 -3429.6211 -3489.5415 -3398.928 -3416.6021 -3453.7617 -3582.8284 -3795.3083 -3974.9136 -3798.3052 -3268.5737 -2644.9204 -2257.2227 -1890.9661 -1573.7894 -1324.7233 -867.0159 -308.9983 24.2451 23.2053 21.9828 20.9616 35.6418 44.0415 37.6603 73.5089 87.5285 203.8239 490.2238 1857.7732 2721.4346 1887.4736 1253.4598 942.6826 1079.7977 1127.1271 1978.0287 1441.7462 2422.8596 3591.9006 3470.7671 2436.0457 1833.2552 1073.7476 948.8301 591.7876 440.7701 349.5851 279.6605 324.5288 428.4029 1025.9595 1103.5348 2370.2488 3522.936 3529.4763 3325.8525 2819.8621 1520.3127
