Resources/Map/Lvl0_30x30/Ele_DD.asc
ncols         335
nrows         335
xllcorner     -9995000
yllcorner     -3375000
cellsize      10000
nodata_value  -99999.0
[rows 0 to 26 of 335, columns 118 to 176 of 335]
595.5566 835.1487 1186.6357 1565.9968 2161.2644 2665.8916 3227.6899 2941.0352 2717.2988 2746.1272 4029.1677 4052.0989 3758.3613 3159.3311 2437.6494 1909.9012 1693.0314 1868.7405 1410.3553 1245.9253 508.2112 315.2917 287.754 288.5737 291.8823 282.3473 276.1056 270.5163 261.8483 240.4443 253.5748 250.6115 245.1575 240.5343 230.7979 222.9383 220.0061 221.0052 242.572 228.824 217.9966 195.4101 218.4688 236.201 226.5287 219.698 203.1104 190.2267 196.1679 181.7464 201.2981 206.12 223.7512 216.709 205.4523 191.057 162.8644 160.9648 175.1764
678.8071 1057.1588 1295.7324 1317.0157 2125.3799 3011.2024 3517.1309 2720.9551 2638.4849 3295.8818 3843.3813 3709.4468 3465.5613 3587.0229 2637.8689 1759.7787 2324.0181 2370.9573 1800.9625 929.6539 474.1346 355.7931 282.5883 273.8523 272.3343 265.4601 261.9589 260.2286 254.3556 258.0171 243.1729 260.6313 241.6456 258.6594 272.0664 231.0469 219.4706 216.6482 210.8656 225.8815 206.2875 189.7315 202.0479 222.6359 223.0367 223.5954 215.8949 202.528 207.9233 179.1879 177.3383 203.8027 213.2181 218.6427 210.5159 196.4369 180.8526 170.4704 159.8638
1458.7666 1776.7142 1432.6346 1531.8386 1862.1094 2660.0854 3013.8823 3215.3262 3127.2495 3603.6472 4172.2373 4218.4678 3279.6287 2443.6836 2041.7991 2276.4946 2703.489 1788.4655 1501.1923 855.4302 424.6392 313.9583 277.6599 264.2045 253.8837 258.643 245.0684 251.3392 250.4103 232.9224 244.0148 236.1444 230.8403 221.2761 218.9883 227.5411 219.255 213.4922 210.0949 210.2266 202.9763 195.1435 172.1818 202.1109 231.4866 217.9943 223.767 218.3169 192.2934 215.3452 214.0925 190.8667 185.8172 210.5214 210.3801 203.488 189.2789 199.8124 187.6219
811.7102 1823.9788 2420.0496 2684.77 2695.2278 3792.0601 3100.575 3587.7268 3700.7209 4085.1301 4013.8245 4083.4126 3601.1738 3083.6262 2254.6531 2687.2517 2273.6472 2340.6387 1394.0118 945.7776 450.4541 348.1194 291.765 276.7521 299.8444 272.892 265.3322 288.3664 269.4855 265.5302 252.3877 249.2569 240.5556 220.9452 222.95 221.0927 219.1773 217.8356 205.447 198.5731 199.0329 201.5269 191.0293 192.1007 211.1537 206.182 215.0628 204.8759 190.0605 199.0623 207.2973 207.9982 188.8542 187.3011 193.534 188.966 192.9587 189.2849 197.7434
908.7553 2284.1179 2817.0471 2868.1721 3351.1069 3795.0405 3468.6274 3900.97 4128.7886 4056.2478 3952.2295 3874.4609 3917.0991 3209.0132 2190.9119 1872.5192 1601.9783 1675.6956 1156.0227 693.3252 487.7747 355.3052 292.9052 299.315 316.3793 281.7733 314.3568 315.9114 264.8347 252.5208 241.9043 240.1918 230.8031 228.8496 227.9696 226.9273 215.569 203.4763 201.9948 198.5259 200.5742 214.5537 201.4923 205.851 209.5189 219.248 202.8412 195.2347 200.0125 191.3477 197.3229 202.9645 195.3333 178.0887 194.3212 180.1424 174.3319 175.8457 183.9948
660.1476 1243.825 3143.2332 2868.9094 3416.4204 3461.0557 3088.7532 3607.4246 4360.6465 3905.6057 3617.8313 3490.0779 2968.1528 2659.1228 1869.516 1231.1239 1223.6659 1130.5015 872.9706 504.4796 392.4399 330.451 294.9068 301.4969 308.9766 281.1679 299.6249 264.5379 316.7943 313.3485 247.4426 234.2899 269.793 248.2572 233.4314 215.6371 221.4311 209.3055 193.0133 194.1999 191.8834 200.4082 212.4198 192.6377 230.0105 231.3266 214.7113 197.7818 195.513 179.8457 185.7939 190.0042 198.2409 175.9277 181.2196 188.6426 184.1832 176.7335 170.9378
726.5103 2275.4172 3301.1045 3299.7231 3680.9238 3064.4355 2956.9424 3386.6243 3824.0117 3893.3254 3668.9133 3329.9988 2249.5374 2021.502 1471.4263 916.5085 892.6774 972.3366 938.5471 399.2597 354.2951 343.112 366.4039 331.635 308.1563 307.8988 312.0928 310.2613 271.377 269.3947 298.9462 271.0165 243.2925 254.2857 238.5143 224.1053 220.1971 211.3384 204.4321 195.2841 191.2269 199.4367 202.7475 191.3949 228.8954 219.4393 228.06 212.5111 197.1948 201.9912 196.9928 194.0492 186.9155 190.518 171.3391 172.7751 172.8982 179.4094 165.977
687.364 1842.819 3761.8997 3580.2393 3823.6687 2945.4514 2920.366 3663.3997 3898.5969 3759.7305 3619.6145 3186.05 2035.9926 1791.4802 1038.5042 676.5377 864.569 955.1855 752.6083 373.2454 346.398 350.5093 356.593 337.7688 323.7986 320.2863 309.8789 271.7867 310.2602 296.6804 343.5601 275.0027 226.8116 221.1908 222.4354 210.3172 221.6627 204.9151 210.4837 202.8562 196.9371 200.4169 199.8907 190.7339 222.6582 227.7251 203.6707 227.3074 221.9216 213.7853 209.6588 199.9733 190.1854 191.4613 164.5187 173.3754 165.9606 175.6512 162.1146
851.0975 2055.54 3683.3184 3924.5142 3795.0405 2932.5454 2766.0791 3677.9124 3948.5776 3748.7522 3253.2075 2951.9507 1711.213 1401.6665 647.6112 573.1392 732.1848 632.7247 395.3452 358.603 403.5172 377.5336 347.6526 333.7239 317.3626 316.061 349.1027 286.7916 282.9786 270.6989 357.8215 307.7971 253.9381 233.3266 229.4398 230.0486 212.5633 200.4865 201.4706 209.2627 201.9289 192.8248 205.1928 195.5197 188.4028 191.8018 207.6822 212.3401 212.0846 226.0359 214.3302 204.4426 189.7905 183.3425 167.7316 167.752 167.391 160.3889 166.846
1416.5206 2499.9651 3280.3799 4351.1606 3995.9087 3183.7847 2691.1348 3164.5608 3828.0857 3682.8035 3054.4304 2013.1184 1834.6025 912.5106 604.2619 475.3698 443.0674 383.5426 421.3149 378.8954 357.9208 366.9382 339.097 312.9903 287.546 264.4102 257.2802 262.2863 260.3633 240.5753 307.8246 318.5991 291.758 276.1445 257.4503 218.761 232.3754 235.5341 198.9005 201.6115 197.6029 235.3675 229.2126 206.4488 195.2402 206.7558 181.4671 195.6879 206.6903 224.3572 219.4627 211.293 203.3907 200.6777 185.5436 187.1073 177.8173 163.7476 153.3051
1104.517 1895.4154 3128.1743 4026.6697 3943.9351 3763.2195 2693.0171 3165.2729 4015.488 3804.2358 3583.3628 2538.2422 1902.4545 866.6244 611.7387 620.9667 500.4428 510.9596 450.0807 445.552 384.312 328.6471 332.218 365.5385 307.6283 296.1977 290.169 264.0001 248.5656 225.4656 273.1063 272.8676 295.9793 256.281 268.54 247.0652 221.2847 204.0323 212.3459 198.7277 202.4417 206.3234 208.85 218.6644 216.1529 205.2772 177.9506 195.9917 189.1302 212.5648 202.4846 191.4053 191.651 189.8795 191.4264 190.2196 187.7357 164.1176 152.0676
1313.8579 2759.7217 3281.9712 3985.9368 3504.5066 2977.0393 2581.8259 2456.5005 3229.5513 3749.8699 3017.5808 2375.5813 1608.4716 848.5951 766.4987 824.6014 579.9703 471.9237 353.4617 381.4149 369.1208 311.2644 312.4524 295.1643 315.4571 316.2481 291.9536 254.1169 254.5123 231.5794 232.8026 226.9929 240.2212 221.2934 213.687 225.7198 213.7565 213.2785 217.6138 213.164 211.7665 233.7915 244.9957 190.7647 209.3652 196.9473 191.9769 176.7858 176.9696 214.1714 198.7026 214.6224 211.1319 181.259 165.1773 180.8931 184.4194 170.2147 159.2016
1880.9391 3281.4106 3973.3357 3770.9131 3861.9424 3302.8135 2769.9087 2321.0935 2782.9851 3019.2532 2027.0309 2108.0278 1417.8297 1008.9092 916.4257 910.1194 770.9014 506.2909 479.8768 436.2762 395.1759 329.096 323.266 285.5687 266.7731 331.2837 307.5981 255.9653 243.9974 257.1488 275.7916 224.883 258.1602 240.406 232.1727 222.2863 194.0051 218.236 250.4534 207.1357 200.3471 219.3798 230.3097 188.0431 207.7055 183.3168 198.9504 198.0099 190.43 173.5565 209.6477 207.901 222.4885 197.4933 192.3484 201.987 190.0018 144.7387 152.487
1686.1672 3363.2961 4093.6218 4290.5078 4343.8452 3535.6543 3294.9773 2564.2678 2841.1975 2298.865 1697.0333 1361.0067 1246.4418 986.6644 974.1733 935.2496 642.064 670.5671 490.6942 416.8806 418.9982 359.1165 324.9421 303.4582 287.232 265.1477 254.6848 246.4644 257.317 254.2516 261.5109 268.8012 273.7069 240.7316 238.2749 219.3425 216.117 206.6124 197.0094 226.6773 199.4785 204.3955 211.647 185.1791 200.2269 194.7116 178.6178 209.4221 191.5366 175.9312 179.663 198.639 199.6777 181.2565 201.4017 194.007 181.8745 174.7157 160.1549
1734.486 3050.7014 3233.1243 4258.0371 3770.6392 3662.3616 3442.7065 2631.3994 3456.8357 3061.1418 1892.7567 1524.689 1010.0154 928.3593 817.2811 639.2521 573.4318 640.7227 549.7013 422.1545 454.3896 438.4702 357.9977 318.1397 303.4024 295.0718 299.8196 286.5603 239.763 232.8493 246.4128 259.9646 237.0885 248.1989 227.5221 223.9796 203.4595 203.8826 210.0801 206.6446 196.1456 193.3257 184.5715 199.7176 180.7243 197.5581 194.1182 188.6528 180.1194 187.416 166.5981 199.0755 212.8457 163.7973 176.3102 155.1438 188.0186 178.739 166.1724
1837.2997 2916.2822 3290.0142 3981.6111 3448.6448 2928.6289 2637.7517 3214.1707 3789.509 3313.5024 2330.8853 1163.3879 963.4135 857.2305 971.1791 601.1885 483.5549 558.2422 533.9726 537.475 436.069 386.4373 364.7379 340.3012 288.9635 303.7387 259.2209 262.5583 275.9477 258.0797 248.0221 231.0804 226.8753 218.6053 232.9193 202.1511 199.3454 190.0435 182.2067 191.399 202.8648 195.2262 196.4161 172.058 167.1629 188.4002 183.3914 185.0289 175.6036 178.8965 152.0983 198.0785 202.6901 198.0315 176.2306 170.0661 145.6092 176.8129 179.8287
2324.7756 2489.5945 3235.5874 4193.3413 3334.2085 3008.7905 2820.1667 3947.1809 3988.0112 3147.488 2707.2432 1378.0801 994.6746 879.0016 899.1878 704.1653 568.1995 455.8343 450.9051 447.0651 431.0557 392.2616 365.1103 374.2846 374.6504 355.5191 286.6635 268.6913 230.2253 232.9011 243.431 247.1292 235.3428 235.2647 246.5403 241.3852 221.3754 221.1945 213.6504 226.0971 259.639 217.2639 221.854 231.6045 201.5827 164.1676 189.1028 177.2184 168.4199 169.1916 164.9604 194.7532 185.8656 176.5103 193.9868 180.5901 140.6212 165.2193 143.2909
1836.5894 3066.8125 3372.2532 3691.0247 3604.908 3447.5073 2848.4016 3784.1968 3759.7112 2917.2502 1760.61 1570.2887 1114.1586 936.441 843.7621 755.6024 517.5516 533.2737 500.8725 439.9723 436.2725 412.4526 394.4739 359.014 331.6416 320.6041 328.9532 289.3957 256.7828 240.5286 228.7138 248.6248 237.141 235.402 225.2442 230.0586 233.1764 233.7713 214.5715 228.2959 215.8246 263.6433 220.4779 232.826 216.8881 170.9755 188.3868 204.2884 170.582 162.2503 170.1192 189.2742 158.8163 199.9295 178.3645 183.3328 163.4843 157.674 142.9303
1608.5912 2535.1719 2566.8286 3896.5239 3703.426 3027.3635 3148.2847 3749.1853 3944.1809 3440.3208 2096.7664 1354.5793 1180.7792 955.5947 824.4769 736.107 587.4106 494.659 512.6765 467.8784 436.6093 380.9449 401.6788 376.2536 363.1744 344.5182 279.4657 276.3077 244.2595 255.5925 219.7049 224.4041 227.1778 231.3812 219.4517 231.8322 208.552 220.5878 212.2036 200.0078 203.8824 209.968 197.3921 222.3557 195.2007 174.5285 158.1302 207.3875 208.3777 204.3225 176.2458 151.7684 159.5461 180.0853 187.5284 180.4171 152.1685 155.8578 139.5385
1327.2496 1972.3508 1964.4083 3365.6028 3525.0776 3522.0845 3937.801 3967.9426 3568.8601 3539.4045 1940.3271 1639.0765 1213.5656 940.7803 877.5858 860.8318 658.044 592.1594 464.9113 487.6807 437.3918 405.2874 361.1909 353.639 385.698 341.5055 311.1489 272.9015 284.061 234.3706 233.9801 232.5525 227.0452 221.5802 203.5658 223.1214 235.9167 199.0595 207.7095 210.595 209.6287 201.2605 195.3387 196.2416 215.8274 225.3637 169.0913 164.0751 204.5616 204.5146 202.4765 181.1575 153.8676 147.132 156.6726 161.882 171.4017 151.5685 171.2999
2014.1765 1205.6543 2223.8838 3219.8777 3309.1799 3766.7563 3540.3728 3941.2466 3453.0237 3100.4275 1941.2614 1634.3912 1161.0254 1058.8867 1182.8113 1071.3597 631.4664 529.806 496.2682 472.511 425.5893 402.4792 379.9667 354.7764 296.5204 349.9277 320.2696 257.9684 269.3571 253.0257 221.5773 224.0385 206.0525 229.5328 203.6619 214.2692 217.199 209.8014 216.4447 203.0285 191.0345 205.3153 189.2472 221.1443 194.2503 193.0922 189.8855 174.7613 153.7722 154.7422 178.3434 186.7596 168.3482 137.9014 133.0874 143.2341 158.4655 165.5327 144.3659
557.9169 1057.6996 2432.4885 2850.9766 3398.178 3966.5012 3560.7229 3738.6541 3438.9209 2626.2407 1984.4708 1499.8032 1201.9222 1161.5121 1097.2024 1365.1455 625.8897 562.2614 482.0354 409.3975 387.2132 389.7043 348.2755 347.2046 323.1656 299.2025 331.205 302.3941 325.1913 270.1028 237.6328 232.2307 221.4181 216.1875 199.0118 199.762 205.0365 217.2931 215.916 196.7219 211.6078 196.7368 187.7385 208.0692 204.8343 189.8697 157.7697 156.464 183.5554 164.8879 148.2354 146.0702 165.8848 158.5072 143.8069 126.2015 135.8521 156.8672 162.0007
457.6898 2117.2551 1951.2634 2189.8901 3102.1191 3908.4563 3838.395 4097.3608 3276.427 2655.887 2063.178 1143.4691 1053.6241 1177.1454 1544.1644 1274.2 574.0232 631.248 498.8418 389.9471 379.924 332.7912 341.8386 299.5183 321.3373 328.8905 287.0739 299.5506 275.0482 305.2709 256.6599 232.0289 215.7014 224.445 209.7155 180.4989 188.42 210.5056 200.3364 220.4927 189.7871 198.4376 192.6903 192.6568 226.623 211.6565 185.6517 184.6023 186.4269 177.7935 173.1205 142.432 147.3826 137.4899 137.6532 124.7391 128.2955 137.6012 156.6709
1122.5271 1764.5959 2281.9583 3063.47 4080.7041 3974.1465 4053.0425 3166.1492 2406.4502 2373.1777 1800.8716 980.47 1140.3348 1376.8008 1597.1702 1077.4065 472.8003 575.268 462.5981 348.4256 339.0176 325.4646 322.1083 297.6831 280.8167 311.534 334.9344 287.4455 287.234 295.7482 269.3503 276.6327 225.3809 218.3205 217.4019 193.9185 178.2142 194.6003 209.0126 210.7737 207.8574 196.7263 187.0368 180.6407 229.657 226.3162 194.9451 189.2486 187.9711 191.9743 172.3965 166.6619 159.6249 168.7238 159.7746 150.9415 133.1581 135.2107 137.9525
1538.4265 2949.0098 3442.2795 3932.8079 3985.064 3662.3677 3647.0923 3620.9333 3594.2722 2734.009 1329.4264 864.9841 1565.817 1126.3125 1148.8409 893.0669 367.9991 465.8246 365.2778 310.5493 304.7476 302.8168 301.7752 295.389 288.8199 315.4689 298.4099 314.7928 271.3763 320.5602 271.7875 242.4818 244.8506 228.2365 221.3673 207.3129 211.4384 182.3236 184.991 207.7799 190.25 183.3149 189.8958 197.0717 175.2873 190.3185 185.6835 218.5304 201.6682 172.0624 186.9123 174.9189 160.2546 151.0219 143.4923 149.5291 160.475 143.6959 127.7982
1958.9209 2271.8723 2933.2493 3496.7036 3423.8086 3071.8467 3203.6682 3359.5256 3085.0605 1506.5438 1046.213 849.4046 1290.5833 1340.1371 646.8701 705.7128 325.3806 347.0391 304.133 278.0723 285.8748 286.4987 289.3255 284.405 269.6241 280.2198 269.5679 271.3032 272.8958 312.3208 267.2792 293.3651 237.6308 264.2416 241.0422 234.2483 207.9393 192.3802 173.1713 186.154 193.764 198.9388 203.9807 229.0527 184.304 199.4123 185.1505 222.6176 210.5164 182.2222 157.9272 150.0097 152.8743 151.0128 135.8173 138.0145 134.7872 147.6357 152.3929
3484.8362 3990.1931 3449.1394 3296.4626 3358.7163 3104.9971 2568.0642 2091.2556 1558.4177 1479.0808 976.3401 830.8442 1694.1404 1154.7203 753.0297 500.7711 275.859 300.9526 306.6149 261.2609 266.7906 276.5059 272.7966 276.9853 286.1049 288.2579 272.0261 256.1 246.8113 278.1893 274.5782 267.1261 258.0417 240.514 240.7537 238.2367 232.1553 210.1114 189.5426 168.6964 177.1321 192.6147 206.8805 215.1023 175.8543 188.5547 193.2488 225.6384 219.2719 198.3346 153.3958 152.7661 134.7396 142.6735 141.0588 124.2795 129.6251 131.2545 133.1732
