Resources/Map/Lvl0_30x30/Ele_AK.asc
ncols         335
nrows         335
xllcorner     13455000
yllcorner     6675000
cellsize      10000
nodata_value  -99999.0
[rows 165 to 197 of 335, columns 228 to 303 of 335]
17.0358 20.5622 11.4034 6.4377 7.3608 3.7155 12.1259 3.6707 4.1578 11.9262 12.3365 9.456 1 0 -1 5 11 9.5605 10.5256 10.3802 13.1071 21.641 15.1417 17.5784 14.4395 26.7568 22.078 8.4887 14.0793 14.5668 11.1875 9.9063 11.0818 11.0102 9.7051 12.0719 10.9583 8.5484 -1 -4 -5 -6 -7 -8 -9 -10 -10 -11 -16 -20 -19 -14 -8 -2 9 10.8615 12.3571 12.2801 16.0248 9.8024 15.477 10.6134 10.3769 10.7795 18.1444 12.2838 12.3995 13.1346 14.9781 9.9539 10.1101 16.1679 15.3995 12.9382 12.7895 25
25.0801 21.115 21.5754 12.1251 7.2417 8.1969 7.5454 4.4661 10.7108 10.4578 9.6668 12.98 6.4034 6.4799 3.1871 0 -1 0 1 2.1277 6.9592 36.9462 19.1636 26.5364 27.215 21.2017 14.5595 11.4158 11.3408 9.1238 11.0036 9.7461 7.4764 7.7433 8.3939 1.8981 2 -3 -5 -7 -8 -9 -10 -10 -10 -10 -10 -11 -13 -17 -17 -14 -10 -7 -5 -3 -3 -3 6 14 7 15.0349 14.8259 13.175 12.6889 11.6356 13.6708 13.3757 12.0075 11.754 9.886 18.3769 59.7398 43.7919 17.3509 20.8021
6.3065 12.2146 12.8249 18.1299 8.7329 3.6651 12.6076 6.0115 5.3851 1 1 12.9904 9.8098 9.9119 8.7631 7.1922 15.5248 8.3117 29.9217 1 1 1 1 1 0 -1 -1 -1 1 3 4 3 0 0 -4 -5 -6 -6 -8 -9 -10 -10 -10 -10 -10 -10 -10 -10 -10 -10 -11 -11 -10 -8 -6 -5 -6 -7 -6 -5 -5 2 13 28 31.8995 24.9611 16.6859 34 33 18.4927 6.4655 38 39 40 39 38
0 -1 -2 -3 -4 -5 -4 10.8199 10.6938 8.9877 1 2.5825 9.8625 14.053 13.9598 16.3081 16.5896 25.9127 27.7659 47.082 35.3826 46.8866 42.5076 14.0655 1 -1 -2 -2 -2 -3 -5 -5 -6 -6 -6 -7 -7 -7 -8 -9 -10 -10 -10 -10 -10 -10 -10 -10 -10 -10 -10 -10 -10 -10 -9 -8 -8 -8 -8 -7 -6 -7 -6 -6 -1 4 8 8 8 9 16 28 38 37 8.0099 10.3898
-13 -13 -13 -13 -14 -14 -12 -12 -9 -5 -2 2.3421 9.2005 17.793 0 -3 -5 -5 -5 -6 -6 -7 -7 -6 -7 -7 -7 -8 -8 -8 -8 -8 -9 -10 -10 -10 -10 -10 -10 -10 -10 -10 -10 -10 -10 -10 -10 -10 -10 -10 -10 -10 -10 -10 -10 -10 -10 -10 -10 -10 -10 -10 -10 -10 -10 -9 -8 -7 -6 -5 -3 -1 2 14 4.4114 8.6368
-17 -17 -16 -16 -16 -16 -16 -16 -16 -15 -15 -13 -13 -11 -12 -12 -11 -9 -10 -10 -10 -10 -10 -10 -10 -10 -10 -10 -10 -10 -10 -10 -10 -10 -10 -10 -10 -10 -10 -10 -10 -10 -10 -10 -10 -10 -10 -10 -10 -10 -10 -10 -10 -10 -10 -10 -10 -10 -10 -10 -10 -10 -10 -10 -10 -10 -10 -9 -7 -7 -6 -5 -5 -4 -2 9
-19 -18 -18 -17 -17 -17 -17 -17 -17 -17 -17 -16 -16 -15 -15 -14 -13 -13 -12 -12 -12 -12 -12 -12 -12 -11 -11 -10 -10 -10 -10 -10 -10 -10 -10 -10 -10 -10 -10 -11 -11 -11 -11 -11 -11 -11 -11 -10 -10 -10 -10 -10 -10 -10 -10 -10 -10 -10 -10 -10 -10 -10 -10 -10 -10 -10 -10 -10 -10 -10 -9 -8 -7 -7 -6 -5
-20 -19 -19 -18 -17 -17 -17 -17 -18 -18 -19 -20 -20 -19 -17 -16 -16 -16 -15 -15 -14 -14 -14 -13 -13 -13 -12 -12 -11 -11 -10 -10 -10 -11 -11 -11 -12 -12 -12 -13 -13 -14 -14 -14 -14 -14 -13 -12 -12 -12 -11 -10 -10 -10 -10 -10 -10 -10 -10 -10 -10 -10 -10 -10 -10 -10 -10 -10 -10 -10 -10 -10 -10 -10 -9 -8
-17 -17 -17 -16 -16 -17 -18 -18 -18 -18 -18 -18 -18 -18 -18 -19 -19 -19 -17 -16 -15 -15 -15 -15 -15 -14 -14 -15 -15 -14 -14 -14 -14 -15 -15 -15 -15 -15 -15 -15 -15 -15 -15 -15 -15 -15 -15 -15 -15 -15 -14 -14 -13 -12 -11 -10 -10 -10 -10 -10 -10 -10 -10 -10 -10 -10 -10 -10 -10 -10 -10 -10 -10 -10 -10 -10
-12 -12 -13 -14 -14 -15 -15 -15 -15 -15 -15 -15 -15 -15 -15 -16 -16 -16 -16 -16 -15 -15 -15 -15 -16 -16 -16 -17 -17 -16 -16 -16 -16 -16 -16 -16 -16 -15 -15 -15 -15 -15 -15 -15 -15 -15 -15 -15 -15 -15 -15 -15 -15 -15 -14 -14 -13 -13 -13 -13 -12 -11 -11 -11 -11 -10 -10 -10 -10 -10 -10 -10 -10 -10 -10 -10
-9 -10 -10 -11 -11 -12 -14 -14 -14 -15 -15 -15 -15 -15 -15 -15 -15 -15 -15 -15 -15 -15 -16 -16 -16 -16 -16 -16 -16 -16 -16 -16 -16 -16 -16 -16 -16 -16 -15 -15 -15 -15 -15 -15 -15 -15 -15 -15 -15 -15 -15 -15 -15 -15 -15 -15 -15 -15 -15 -15 -15 -15 -15 -14 -14 -13 -13 -12 -12 -12 -11 -11 -11 -10 -10 -10
-7 -8 -9 -9 -9 -10 -10 -10 -11 -12 -12 -13 -13 -14 -14 -14 -14 -14 -14 -15 -15 -15 -15 -15 -16 -16 -16 -15 -15 -15 -15 -15 -15 -15 -15 -15 -15 -15 -15 -15 -15 -15 -15 -15 -15 -15 -15 -15 -15 -15 -15 -15 -15 -15 -15 -15 -15 -15 -15 -15 -15 -15 -15 -15 -15 -15 -15 -15 -14 -14 -13 -13 -12 -12 -12 -11
-7 -7 -8 -8 -8 -8 -8 -9 -9 -9 -10 -10 -10 -10 -10 -10 -10 -10 -10 -11 -12 -12 -12 -12 -12 -12 -13 -13 -14 -14 -14 -14 -14 -14 -14 -14 -14 -14 -14 -13 -13 -13 -14 -14 -14 -14 -14 -14 -14 -15 -15 -15 -15 -15 -15 -15 -15 -15 -15 -15 -15 -15 -15 -15 -15 -15 -15 -15 -15 -15 -14 -14 -14 -13 -13 -13
-5 -5 -5 -5 -6 -6 -6 -6 -7 -7 -7 -7 -8 -8 -8 -8 -8 -8 -9 -9 -9 -9 -9 -10 -10 -10 -10 -10 -10 -11 -11 -11 -11 -11 -11 -11 -11 -11 -11 -11 -11 -11 -11 -11 -11 -12 -12 -12 -13 -13 -14 -14 -14 -14 -15 -15 -15 -15 -15 -15 -15 -15 -15 -15 -15 -15 -15 -15 -15 -15 -15 -15 -15 -15 -15 -15
-5 -5 -5 -5 -4 -4 -4 -3 -4 -6 -6 -6 -6 -6 -7 -7 -7 -8 -8 -8 -8 -8 -9 -9 -9 -9 -9 -10 -10 -10 -10 -10 -10 -10 -10 -10 -10 -10 -10 -10 -10 -10 -10 -10 -10 -10 -11 -11 -11 -12 -12 -12 -13 -13 -13 -14 -14 -14 -14 -15 -15 -15 -15 -15 -15 -15 -15 -15 -15 -15 -15 -15 -15 -15 -15 -15
5.9129 60.1776 52.645 27.5087 29.8559 22.0328 21.9379 15.6377 14.1242 14.3348 7.883 9.8972 4 -1 -4 -5 -6 -7 -7 -7 -7 -8 -8 -8 -8 -8 -9 -9 -9 -9 -9 -9 -9 -9 -9 -9 -9 -9 -10 -10 -10 -10 -10 -10 -10 -10 -10 -10 -10 -11 -11 -11 -12 -12 -12 -13 -13 -13 -13 -14 -14 -14 -15 -15 -15 -15 -15 -15 -15 -15 -15 -15 -15 -15 -15 -15
8.4315 9.2843 11.8844 10.5192 11.4111 20.5538 15.2195 21.8767 17.9127 17.9911 23.5176 27.2909 14.7408 13.3786 20.5455 10.9819 -4 -5 -5 -6 -6 -6 -6 -6 -7 -7 -7 -7 -7 -7 -7 -8 -8 -8 -8 -8 -8 -8 -8 -8 -8 -8 -9 -9 -9 -9 -9 -9 -9 -10 -10 -10 -10 -10 -10 -11 -11 -11 -12 -12 -13 -13 -13 -13 -13 -14 -14 -14 -14 -14 -14 -14 -15 -15 -15 -15
13.409 12.2009 10.8154 7.2823 10.4076 10.2155 9.3023 9.8518 11.4742 12.6284 11.3264 12.0403 13.5025 12.7945 7.8208 20.2896 14.1049 11.485 10.6096 -4 -5 -5 -5 -5 -5 -6 -6 -6 -6 -6 -6 -7 -7 -7 -7 -7 -7 -7 -7 -7 -8 -8 -8 -8 -8 -8 -9 -9 -9 -9 -9 -10 -10 -10 -10 -10 -10 -11 -11 -11 -12 -12 -12 -13 -13 -13 -13 -13 -14 -14 -14 -14 -14 -14 -14 -14
11.7093 16.2393 21.286 18.545 16.9534 14.3013 17.7558 22.0172 17.7619 17.3337 14.4184 19.7298 41.1065 25.2437 20.0917 25.8547 9.5068 15.3588 30.0863 25.2972 12.6416 16.9363 3 -2 -4 -4 -5 -5 -5 -5 -5 -5 -5 -5 -5 -5 -5 -5 -5 -5 -5 -6 -6 -6 -7 -7 -7 -8 -8 -9 -9 -10 -10 -10 -10 -10 -10 -10 -10 -11 -11 -11 -11 -11 -12 -12 -12 -12 -12 -12 -13 -13 -13 -13 -13 -13
9.0293 23.6003 30.3961 22.1878 34.7084 26.8889 41.4276 25.1291 22.6658 31.8721 41.4471 48.9696 32.1738 38.8416 29.4627 31.7302 21.9584 14.4218 25.1601 25.159 25.3785 19.8853 15.8447 9.9663 -2 -3 -4 -4 -5 -5 -5 -5 -5 -5 -5 -5 -5 -5 -5 -5 -5 -5 -5 -5 -6 -6 -6 -7 -8 -9 -10 -10 -10 -10 -10 -10 -10 -10 -10 -10 -11 -11 -11 -11 -11 -11 -12 -12 -12 -12 -12 -12 -13 -13 -13 -13
24.5159 31.3411 18.9393 37.1155 19.4154 23.2852 30.8541 56.8993 138.3685 134.5968 105.418 72.9227 44.5795 57.1803 33.7991 31.5202 33.2392 29.8842 24.1759 18.5719 20.7318 17.5754 14.0408 15.4434 -3 -4 -4 -4 -5 -5 -5 -5 -5 -5 -5 -5 -5 -5 -5 -5 -5 -5 -5 -5 -5 -5 -6 -6 -7 -8 -9 -10 -10 -10 -10 -10 -10 -10 -10 -10 -11 -11 -11 -11 -11 -11 -11 -11 -12 -12 -12 -12 -12 -12 -13 -13
-4 9.7572 10.2501 13.5819 9.6994 21.5971 17.8258 11.0428 20.5943 31.8666 30.2208 38.7746 38.5153 40.1201 36.2162 19.393 30.1117 30.453 20.5027 15.5436 12.902 12.1118 12.2712 12.6434 0 -4 -4 -5 -5 -5 -5 -5 -5 -5 -5 -5 -5 -5 -5 -5 -5 -6 -6 -6 -6 -6 -6 -7 -8 -8 -9 -9 -9 -9 -10 -10 -10 -10 -10 -10 -10 -10 -10 -10 -10 -11 -11 -11 -11 -11 -11 -11 -12 -12 -12 -12
-12 -11 -11 -11 -10 -9 -9 -8 -8 -7 -7 -7 -5 -5 -6 -4 -3 17.6109 34.6846 37.8413 45.3505 49.7823 26.0024 -4 -5 -5 -6 -6 -6 -6 -7 -7 -7 -7 -7 -8 -8 -8 -8 -8 -8 -8 -8 -8 -9 -9 -9 -9 -9 -9 -9 -9 -9 -9 -9 -10 -10 -10 -10 -10 -10 -10 -10 -10 -10 -10 -10 -10 -11 -11 -11 -11 -11 -11 -12 -12
-15 -15 -15 -15 -15 -15 -15 -15 -15 -15 -14 -13 -11 -11 -10 -10 -10 -10 -10 -10 -9 -9 -9 -10 -10 -10 -10 -10 -10 -10 -10 -10 -10 -10 -10 -10 -10 -10 -10 -10 -10 -10 -10 -10 -10 -10 -10 -10 -10 -10 -10 -10 -10 -9 -9 -9 -9 -10 -10 -10 -10 -10 -10 -10 -10 -10 -10 -10 -10 -10 -10 -11 -11 -11 -11 -11
-16 -16 -15 -15 -15 -15 -15 -15 -14 -14 -13 -12 -11 -10 -10 -10 -10 -10 -10 -10 -10 -10 -10 -10 -10 -10 -10 -10 -10 -10 -10 -10 -10 -10 -10 -10 -10 -10 -10 -10 -10 -10 -10 -10 -10 -10 -10 -10 -10 -10 -10 -10 -9 -9 -9 -9 -9 -9 -9 -9 -9 -9 -9 -9 -9 -9 -9 -9 -10 -10 -10 -10 -10 -10 -10 -10
-11 -11 -11 -11 -10 -11 -11 -11 -10 -10 -10 -10 -10 -10 -10 -10 -10 -10 -10 -10 -10 -10 -10 -10 -10 -10 -10 -10 -10 -10 -10 -10 -10 -10 -10 -10 -10 -10 -10 -10 -10 -10 -10 -10 -10 -10 -10 -10 -10 -10 -9 -9 -9 -9 -8 -8 -8 -8 -8 -8 -8 -8 -8 -8 -8 -8 -9 -9 -9 -9 -9 -9 -10 -10 -10 -10
10 3 -2 -4 -7 -8 -9 -9 -9 -9 -9 -9 -10 -10 -10 -10 -10 -10 -10 -10 -10 -10 -10 -10 -10 -10 -10 -10 -10 -10 -10 -10 -10 -9 -9 -9 -9 -9 -10 -10 -10 -10 -10 -10 -10 -9 -9 -9 -9 -8 -8 -8 -8 -8 -8 -8 -7 -7 -7 -7 -7 -7 -7 -7 -8 -8 -8 -8 -8 -8 -9 -9 -9 -9 -9 -10
24.0857 26.5685 19.9738 22 12 11 8 4 3 3 2 0 -2 -2 -2 -2 -2 -2 -2 -1 -2 -2 -3 -3 -5 -5 -6 -6 -6 -6 -6 -6 -6 -6 -6 -6 -7 -7 -7 -7 -7 -7 -7 -7 -7 -7 -7 -7 -7 -6 -6 -6 -6 -6 -6 -6 -6 -6 -6 -5 -5 -5 -5 -6 -6 -6 -6 -7 -7 -7 -7 -7 -8 -8 -8 -8
18.1235 19.4314 26.4808 32.6509 29.4941 29.7666 36.8754 26.8774 25.2889 21.3194 21.2827 16.5152 21.2702 33.3658 23.5736 19.9294 13.9497 17.4444 15.8142 6.5536 7.9758 7.7126 5.7795 8.6253 15.9602 17 17 12 12 7 5 6 4 3 1 -1 -3 -5 -6 -5 -5 -4 -4 -4 -4 -5 -5 -5 -5 -5 -5 -5 -5 -5 -5 -5 -5 -5 -5 -5 -5 -5 -5 -5 -5 -5 -6 -6 -6 -6 -6 -7 -7 -7 -7 -8
12.4824 20.6953 14.2999 13.1729 23.4638 29.7169 32.0684 21.5209 20.0559 22.7567 29.0455 32.7426 43.9562 19.4359 14.9194 10.4241 8.3689 11.7651 5.9661 9.187 8.4724 14.4936 13.7774 14.379 12.6604 9.2738 8.0674 9.1262 7.9563 7.9683 5.6877 3.4732 3.7681 4.7119 4.5074 9.9845 4.3289 3.1469 10.0471 5 3 2 1 0 0 0 -1 -1 -1 -2 -2 -2 -3 -4 -4 -4 -5 -5 -5 -5 -5 -5 -5 -5 -5 -5 -5 -5 -5 -6 -6 -6 -6 -6 -7 -7
10.1989 23.3444 14.3132 7.6249 24.7287 34.4472 38.7326 21.0888 16.5553 22.0399 18.5756 19.1079 14.2613 11.2837 7.3979 26.5624 17.1386 24.4443 13.0752 20.1961 12.2951 14.0281 17.2105 31.0462 19.2072 11.4887 7.5954 7.5523 6.5945 6.4851 6.7413 6.305 6.1036 5.9708 5.1905 4.2131 4.106 6.8671 4 6 12.0178 9 5 7.7083 17.5544 12.4049 8.371 6.1792 7.2637 5.8081 2 2 0 0 0 -1 -1 -2 -2 -3 -3 -4 -4 -4 -4 -4 -4 -5 -5 -5 -5 -5 -5 -5 -5 -5
34.7706 23.6994 40.2714 22.5985 33.3755 16.4105 27.2711 19.2294 19.4268 15.766 13.7582 9.7595 11.5681 7.5853 7.0588 8.0066 4.0889 9.5809 13.5314 10.1781 9.0314 11.1582 10.1951 10.3889 8.3878 5.7984 7.2073 7.6466 8.2958 9.2265 8.8476 9.8546 9.9534 8.6109 6.8758 5.8132 5.3583 4.2426 8.8066 11.3717 -1 0 13.5356 21.4899 1 18.6853 21.2462 9.7493 4.7274 2.6753 10 5.8851 3.7099 3.7719 3.8164 3.224 3 2 2 1 0 -1 -2 -2 -2 -2 -2 -2 -2 -2 -3 -3 -3 -3 -3 -3
58.1644 39.4639 69.2764 48.4643 38.2904 30.3518 29.0807 28.74 25.4387 8.913 10.5183 8.1447 8.6512 8.2525 7.4935 8.5652 8.6977 8.9759 13.7608 10.6533 10.6771 9.6013 8.4678 8.9872 12.4895 7.8256 11 7.6036 10.4365 8.2669 15.6326 9.8407 13.5571 13.959 11.6879 10.2476 19.0015 10.394 -2 -3 -3 -2 -2 -1 0 1 0 0 0 1 2 3 2 3 2 2 3 4 3 4 4 2 2 5 4 5 5 5.5345 9.0522 8.0161 8.6373 6.1558 4 3 3 8.5927
