Resources/Map/Lvl0_30x30/Ele_FC.asc
ncols         335
nrows         335
xllcorner     -13345000
yllcorner     -10075000
cellsize      10000
nodata_value  -99999.0
[rows 140 to 167 of 335, columns 0 to 61 of 335]
-381.9063 -387.2401 -391.3342 -383.6362 -370.7978 -362.964 -363.6499 -359.7506 -344.9974 -343.6557 -369.9831 -403.9483 -431.2416 -446.3662 -450.7416 -455.2206 -465.0533 -471.4772 -463.0579 -443.421 -426.3697 -416.7612 -408.5325 -399.9062 -405.6148 -436.9088 -471.8924 -484.7639 -481.8012 -482.217 -490.4997 -496.7901 -491.8549 -476.9776 -463.7211 -468.6091 -495.211 -528.4689 -545.4777 -534.8559 -510.5757 -508.3549 -529.9018 -548.5664 -550.3372 -548.0117 -555.4051 -576.7638 -594.4573 -606.4501 -622.5294 -641.8604 -657.7447 -665.8051 -670.494 -671.4709 -664.5585 -650.0643 -630.5977 -607.575 -583.4576 -566.5387
-373.9364 -370.673 -370.7048 -366.9773 -361.3877 -361.2372 -373.9977 -387.6699 -383.9128 -369.6361 -361.2065 -367.0153 -386.6861 -408.942 -424.0325 -434.351 -441.0377 -436.4405 -414.1906 -383.9447 -366.1559 -359.122 -349.2333 -337.4623 -341.0883 -360.8771 -370.936 -360.0709 -351.2118 -365.2673 -394.4471 -413.7625 -413.2675 -409.8169 -419.3315 -437.6689 -456.7438 -478.4164 -504.6052 -515.5278 -508.7246 -514.8019 -533.9277 -539.35 -523.5114 -512.3661 -523.6379 -557.709 -590.3077 -614.1592 -641.8603 -678.3427 -709.4022 -717.6735 -715.7453 -716.5175 -715.7598 -714.4495 -707.7287 -689.5669 -657.941 -624.145
-415.7421 -416.0044 -420.1561 -426.2415 -423.9703 -402.5936 -366.0646 -339.98 -337.0777 -340.6533 -335.5734 -336.0066 -361.8584 -397.5687 -415.2349 -408.3341 -389.248 -373.881 -364.548 -349.6935 -326.4117 -297.468 -267.0505 -246.7213 -248.8527 -268.7072 -284.5287 -283.5435 -281.0548 -297.2316 -329.2481 -351.0508 -352.2033 -354.2309 -374.552 -405.1327 -428.8106 -443.147 -464.8717 -487.4318 -504.2383 -529.7186 -562.327 -583.1191 -594.43 -612.786 -642.8218 -675.4435 -698.0226 -712.8141 -732.1718 -760.5584 -777.6104 -768.7664 -760.0676 -758.1142 -757.5822 -759.6606 -754.1262 -734.8152 -706.5033 -675.905
-393.1188 -392.0855 -396.8206 -402.1137 -395.1401 -369.0894 -327.1518 -288.8732 -267.4675 -261.1226 -267.1513 -290.8289 -339.6998 -398.868 -435.7296 -434.9246 -404.0836 -370.5795 -357.2542 -350.6244 -327.5079 -285.9632 -238.4704 -202.9773 -194.0922 -219.8966 -268.2162 -311.721 -341.8985 -373.0244 -412.3732 -443.5919 -456.0598 -459.493 -468.7249 -492.1782 -515.8776 -527.3911 -538.6085 -557.836 -580.5009 -596.5294 -608.1437 -613.986 -632.3807 -678.7396 -739.548 -798.7432 -841.7876 -863.5253 -865.4294 -861.2902 -849.0085 -813.5247 -791.9425 -797.5015 -807.225 -806.0294 -785.7736 -762.8287 -760.1712 -758.1343
-384.8251 -395.2001 -403.778 -401.6476 -387.5058 -367.1833 -346.1043 -328.5233 -320.055 -323.3427 -334.2235 -350.853 -379.6649 -427.8937 -481.5379 -513.1962 -511.7224 -491.4102 -477.0576 -453.3355 -410.0614 -362.7183 -321.127 -292.9795 -281.9903 -294.9915 -328.3574 -363.5699 -387.3811 -407.8742 -435.1629 -469.6173 -504.1725 -532.4077 -554.4972 -582.1362 -615.268 -639.4487 -653.9196 -665.5157 -667.3602 -647.603 -616.0201 -578.5715 -558.6305 -579.899 -633.9772 -718.1263 -815.149 -897.6911 -941.6084 -957.4785 -937.0331 -882.4854 -856.3701 -871.2789 -884.3824 -871.1726 -843.7645 -833.348 -840.887 -828.0656
-498.468 -553.6573 -607.3486 -631.6804 -619.5107 -575.6797 -513.0875 -459.9254 -449.2414 -480.5466 -522.2838 -540.6768 -529.9302 -519.0539 -531.7515 -548.1577 -545.7739 -531.0354 -522.1317 -507.7409 -482.9082 -457.6006 -428.921 -396.368 -367.6947 -356.9545 -362.8885 -374.09 -386.7455 -404.7475 -419.3515 -419.3584 -405.3744 -396.7757 -403.5886 -429.4221 -477.0896 -527.7816 -566.61 -591.0285 -591.9654 -570.3681 -546.2446 -534.1736 -541.8079 -572.8969 -622.9994 -695.1489 -777.4362 -855.9325 -934.3544 -993.3735 -995.7466 -949.9589 -922.5363 -919.6923 -900.407 -866.9222 -846.3493 -841.7376 -833.807 -809.6398
-682.003 -742.8842 -808.9052 -831.6265 -784.0389 -709.2467 -612.4426 -532.0309 -522.2776 -571.4871 -633.9583 -659.6122 -633.4918 -580.0816 -540.6556 -523.3269 -504.7813 -474.571 -455.8553 -472.3763 -505.6835 -522.5072 -500.6537 -443.225 -383.8326 -357.5008 -360.8487 -378.2817 -404.7883 -428.3231 -429.2486 -397.632 -347.2935 -310.3992 -295.5 -295.3285 -312.7855 -347.6344 -397.1993 -449.5734 -480.4348 -505.5756 -532.5547 -580.7474 -642.224 -704.9178 -757.1033 -798.5565 -831.1865 -852.6677 -896.6938 -950.4157 -979.652 -962.9924 -930.9116 -907.9594 -860.2086 -820.051 -804.8542 -787.8694 -764.5702 -754.4934
-669.7059 -686.1823 -700.6193 -666.5591 -588.553 -551.8255 -506.3273 -452.4415 -456.1154 -493.3858 -527.9901 -550.2151 -548.735 -535.3481 -532.9189 -550.1077 -546.3436 -508.0761 -477.3387 -474.3534 -487.0432 -491.0899 -473.865 -439.9894 -411.7053 -406.4468 -417.6533 -434.8122 -447.5361 -442.6756 -423.7777 -399.9258 -381.8176 -376.7402 -376.3385 -382.9681 -401.6856 -441.1399 -506.799 -554.9819 -559.8943 -598.6179 -646.2402 -709.5071 -752.9697 -806.2788 -837.4623 -862.3065 -884.8184 -893.7052 -901.3368 -943.5978 -972.2106 -963.2189 -931.6559 -885.7772 -832.687 -809.9972 -784.4307 -744.4216 -701.5235 -686.4903
-454.5756 -448.1305 -428.8185 -359.4378 -307.4308 -303.3854 -300.0756 -284.2924 -296.3077 -320.1602 -348.4131 -393.9558 -453.9406 -517.8784 -575.5784 -623.6003 -634.2582 -609.4552 -571.5358 -546.8978 -534.5064 -519.6426 -512.5213 -500.7719 -498.5856 -515.8828 -546.9172 -600.4327 -620.3596 -590.4166 -571.4952 -578.571 -586.8782 -600.3816 -625.0138 -650.9279 -683.0306 -710.4265 -731.7359 -732.7695 -708.8001 -706.877 -722.9236 -734.5395 -743.7753 -789.3358 -847.2336 -898.0135 -931.3718 -941.4104 -929.7255 -923.7402 -901.096 -892.3572 -884.9899 -846.3651 -795.0363 -761.8267 -693.3116 -602.6102 -525.3958 -489.7048
53.4705 115.0952 161.4242 209.3985 265.5559 369.5028 291.02 379.4312 370.4787 391.3854 135.5992 -262.2391 -382.489 -484.7523 -574.0562 -663.4166 -730.644 -774.1335 -791.9418 -822.9288 -850.1798 -847.0247 -820.0597 -752.3054 -711.3888 -724.1953 -762.4116 -820.1876 -844.0665 -823.129 -798.9958 -783.6216 -789.3918 -851.7776 -904.4736 -900.5605 -867.0557 -792.223 -669.9794 -598.7897 -540.5809 -529.4214 -589.5414 -645.3708 -740.1304 -835.8968 -899.0742 -928.367 -933.1888 -942.5518 -914.5038 -859.1774 -794.6909 -764.0157 -743.0305 -694.9744 -623.3359 -553.0604 -465.7721 -372.7455 -294.5346 -248.0968
69.018 107.1798 226.8952 224.3683 288.7216 345.4012 419.7871 438.9238 326.1693 154.1061 56.8246 -312.1642 -666.3503 -915.5344 -937.9268 -989.2087 -1039.1595 -1036.1002 -1007.0259 -1036.4789 -1085.2534 -1102.9181 -1087.7825 -1035.3918 -995.1843 -991.4647 -1007.7709 -1002.036 -934.4129 -871.6154 -794.7285 -697.2366 -673.9906 -699.983 -627.3366 142.3386 499.4088 610.1165 447.7241 292.7616 166.1192 -333.2245 -617.4177 -805.8937 -912.2733 -1012.7268 -1051.0322 -1022.2471 -962.117 -926.1837 -867.5264 -788.4085 -690.3502 -584.0633 -477.0389 -373.4334 -297.6152 102.985 114.1369 71.4098 172.9631 363.2289
-202.9594 -201.8953 129.6395 251.1965 290.1309 298.1379 242.7133 130.9711 -167.9264 -230.594 -280.8729 -359.6059 -562.2997 -754.5656 -823.9131 -864.3347 -859.6883 -790.2332 -705.2267 -779.3146 -921.4794 -1018.3837 -1032.7106 -986.1469 -934.2764 -846.1915 -765.2635 -678.6862 -544.9874 -450.5772 -369.9578 228.3208 319.9718 446.3401 499.3988 441.5752 338.7142 143.7014 -212.8869 -302.2126 -454.6525 -588.1084 -800.7218 -930.8312 -1020.1588 -1078.2953 -1055.3951 -1008.42 -969.6724 -945.1506 -905.1973 -810.481 -648.5808 -420.1096 -264.6375 188.2644 421.3269 495.0189 566.7458 582.5151 530.4825 404.4673
101.52 50.7775 17.4199 -250.3304 -250.3265 -250.5193 -270.9895 -303.2891 -327.5552 -343.6354 -354.2639 -357.9108 -369.1711 -397.4893 -419.4947 -409.0314 -365.2685 -299.2713 -243.5501 -291.4268 -391.3083 -480.3972 -506.0722 -487.7851 -470.673 -402.3402 -335.2943 -287.3849 80.6182 222.8986 284.4492 277.091 255.6541 254.6624 272.3702 265.9775 269.2951 37 -468.7596 -684.4084 -883.4475 -973.184 -999.1346 -1012.1127 -1039.1891 -1006.105 -892.0992 -779.5139 -696.8754 -663.6564 -700.1119 -656.1032 -509.1251 76.0729 349.4001 494.6501 563.7465 596.8624 581.8184 465.7743 321.9469 100.3267
-359.4484 -362.7936 -377.3351 -396.5633 -392.6801 -381.5067 -377.7479 -379.8688 -381.0651 -381.6476 -376.9054 -362.8177 -346.3387 -323.555 -293.448 -257.2443 -205.2042 -155.262 -127.6421 -126.0985 -142.4171 -170.0224 -190.9079 -202.5569 -213.537 -210.3727 -205.142 -204.8117 -205.9009 -208.0142 -211.6845 -221.1355 -231.5791 -257.1914 -290.6927 -327.3568 -422.1236 -578.5767 -775.5595 -998.5018 -1161.6078 -1195.6273 -1188.2417 -1186.0807 -1183.9275 -1142.4552 -1030.2252 -806.1365 -559.0118 -416.3788 -392.0013 -371.5626 -323.8604 85.6055 225.7551 332.1076 461.2548 555.2478 548.8467 454.3189 391.7987 444.7668
-429.7976 -428.1282 -428.3824 -429.4817 -421.6106 -413.3707 -403.7266 -388.4903 -371.5184 -351.7292 -318.4868 -284.4944 -257.8854 -227.4841 -196.6025 -172.3299 -148.1602 -130.4788 -121.517 -118.7931 6.2136 -135.5042 -150.2662 -160.0773 -170.6965 -190.656 -214.4961 -235.4382 -253.0012 -268.25 -281.5714 29.291 -322.7407 1.9802 6.1261 -484.0693 5.9755 1 -1051.6482 -1178.8931 6 -1255.8424 -1244.053 -1231.2904 -1214.6959 -1188.6914 -1124.1436 -955.2208 -686.1695 -443.0279 -321.0538 -271.8371 -248.3417 -235.9716 89.0314 289.4098 430.5464 554.2576 625.2101 674.2714 663.2972 600.333
-451.8792 -455.261 -451.3819 -447.1033 -438.5814 -420.5769 -397.9968 -375.8498 -353.5675 -323.2866 -284.5123 -251.0864 -224.1958 -200.1241 -178.2301 39.4443 108.6991 179.1644 100.9213 95.7401 122.2689 11 4.2882 -140.7233 -149.3657 -169.3742 -206.2675 -244.1307 -277.7861 8.8363 3.7935 -332.7451 -366.6962 10.1474 -503.7604 11.0231 4.5165 18.2306 29.9015 19.2698 -1200.0963 -1178.4005 -1119.0227 -1037.3911 -982.4139 -953.9109 -907.509 -807.1896 -639.1636 -457.7545 -336.5978 -283.3889 -261.2326 7.8366 21.0604 65.4226 119.2782 335.0893 512.8226 593.3903 640.8824 617.0757
-465.4986 -461.8608 -453.4944 -450.1779 -445.6273 -436.4681 17.9982 -424.2407 -409.0069 -382.5295 -353.8244 -328.6946 92.4916 134.2516 176.5933 222.7857 213.3548 253.0683 184.4166 184.7732 159.6798 98.6154 56.2729 51.9897 42.3467 31.6509 23.954 19.2496 20.3815 11.1037 6 3.4942 10.0126 12.3219 21.5981 21.0837 21.1517 14.5641 21.4294 59.4678 54.6779 71.4088 80.9269 94.6431 -620.0472 -616.2067 -580.0107 -510.3006 -424.3558 -342.636 16.5322 -261.6566 -256.887 -258.0633 -259.6996 31.611 150.7974 325.6138 431.218 521.1744 579.8665 623.073
-433.7156 -422.1912 -413.3865 -415.7701 -425.5809 -435.7914 4.9992 2 1 -434.4522 -411.562 28.0565 21.3463 66.0696 176.2186 259.4583 288.4634 305.6626 350.1254 338.4643 311.8557 265.6892 233.1457 200.8307 189.7723 211.7005 192.0125 180.7677 182.6811 230.6166 225.6946 160.6711 132.7976 131.5681 117.2837 85.2639 135.892 174.2798 214.6483 222.2621 198.4353 183.7634 193.4274 221.0708 228.7946 256.1851 264.3994 234.4973 213.2768 204.6599 234.8181 211.5492 177.7189 183.7779 276.503 251.5681 269.461 317.2993 452.8643 542.5397 560.1993 597.7528
334.5806 56.9064 99.8898 92.5785 65.0537 78.1813 131.9716 168.3761 171.1079 174.1768 190.1438 206.4401 269.7068 323.9068 369.8755 398.2826 432.0135 392.8488 416.6447 450.493 410.2686 407.0231 392.7336 405.3716 420.624 426.4545 422.1986 428.3559 435.1033 437.0706 425.3478 402.3336 408.1855 392.6084 402.6357 386.4491 379.0527 369.3963 375.5021 396.3919 406.0854 420.4885 414.9372 428.0378 435.1594 448.0479 448.5478 446.0623 436.9423 432.7632 420.745 390.1478 357.4644 345.3528 359.6408 402.8426 443.0688 472.5637 539.6272 545.858 446.4919 360.0321
168.8701 159.1867 278.0642 233.5931 228.9416 302.9763 365.0031 387.6438 420.863 436.6647 464.6157 424.5677 479.499 496.5659 520.6208 546.8424 560.5833 571.6373 587.5953 590.9476 602.7631 571.7234 578.887 557.7136 563.3666 587.7269 580.968 582.7157 597.5559 586.8246 603.5253 602.8761 585.2886 610.0946 607.3981 610.4659 597.24 580.6245 532.2914 536.0571 550.8687 576.5806 606.8903 617.8095 606.4875 598.7866 581.0261 539.9539 508.9247 530.8196 539.8916 532.6904 539.9989 517.466 527.2 532.2204 533.6362 522.6273 484.3711 382.093 409.0728 331.6903
434.9754 448.2619 425.7594 390.0013 466.8951 500.5298 548.2598 556.5879 591.3165 612.8137 619.6707 664.7726 656.2656 669.6624 681.6593 680.1877 679.399 672.3281 712.0612 731.9287 744.7852 724.6992 737.9508 749.8925 779.135 766.058 727.6131 718.9283 732.8337 756.8433 764.3712 771.6583 780.4926 766.3204 756.234 761.3369 742.7749 763.315 777.4434 761.6185 752.1368 728.7271 704.6625 735.1966 730.1619 709.1781 689.1787 693.4681 687.7907 673.5665 684.9506 692.1195 667.3318 631.5153 593.6238 578.1138 554.5355 558.1549 560.1927 570.5588 599.0792 630.346
646.0674 640.2024 645.7546 626.0757 639.8658 701.9747 699.8445 731.7328 727.6237 867.9524 745.1889 769.0112 800.3806 784.2717 783.1048 770.4957 790.6678 785.9535 790.9372 847.9374 846.5328 846.9222 862.2246 866.0656 876.7205 889.3707 898.3549 884.087 891.4637 922.1642 887.8575 892.6619 897.7378 898.912 887.3178 887.9624 896.1856 891.6939 869.795 848.0784 843.8085 838.0104 814.162 795.734 785.7054 792.1684 789.9847 787.6829 783.5254 788.0848 794.4337 686.188 653.4504 590.6512 510.1247 480.5062 468.7517 407.3293 343.3952 338.2101 246.6262 161.0487
783.0997 780.4623 796.5113 807.2575 806.2227 798.5856 807.0176 823.7769 799.5347 832.036 838.519 830.5656 843.7278 842.4288 883.9239 891.5515 930.9869 945.6864 983.4525 983.8127 1000.2112 1000.6524 1004.6968 1021.6068 1006.6465 1011.9473 1009.9863 1063.0145 914.3429 1098.528 1160.3357 954.7927 975.4683 957.1218 949.2617 956.2685 988.8021 1015.1168 926.4404 929.5208 914.2267 885.426 882.2796 887.3696 875.6887 855.1353 848.9354 818.0015 802.4645 769.5659 724.4254 683.0641 659.9944 588.1631 584.6232 565.324 421.646 318.9906 274.372 267.9083 209.8137 157.3609
895.7881 891.0139 913.2551 912.5214 892.848 908.7709 931.1954 935.1621 918.1625 947.7733 962.7105 952.0569 951.6529 974.7548 963.5778 972.6326 1017.8528 1045.8174 1061.0596 1110.8098 1051.5491 1043.9723 1055.4554 1044.5073 1108.8914 1090.5648 1052.2134 917.3472 961.2371 1038.9514 1052.5242 1044.8633 1053.4823 1027.4766 1029.707 1042.1301 1007.577 1010.4424 1009.0453 1007.6106 1002.0659 982.7015 965.4888 967.1622 957.9664 958.221 934.3604 893.7209 869.4268 857.2931 858.7036 864.3417 738.152 635.616 598.152 536.1575 488.744 598.0872 811.653 684.9459 776.2072 575.5177
993.9802 976.52 1016.2027 1027.496 1060.6462 1026.2712 1029.002 1058.0095 1055.1262 1059.1608 1042.9559 1086.838 1084.5985 1109.374 1119.6903 1128.6614 1113.3007 1133.5315 1152.1729 1149.2209 1158.7662 1154.3578 1175.2126 1202.1654 1176.4453 1147.2299 1199.2592 1129.9486 1010.1131 1116.3429 1109.937 1104.9703 1098.2487 1106.774 961.0273 1090.322 1027.4009 1063.7422 1105.2365 1121.6941 1097.9562 1085.2682 1041.1908 996.098 1011.0035 1016.2657 1005.425 971.2126 951.9409 951.672 986.2584 995.5729 1037.2031 1057.7815 1147.3335 1059.8345 886.7164 818.4233 694.2742 591.4428 469.51 472.4059
1109.1223 1109.382 1122.8937 1152.6038 1152.5991 1162.354 1171.5944 1166.8789 1175.8657 1164.0138 1153.641 1202.5848 1219.0865 1234.5948 1237.1808 1241.9553 1263.9301 1254.175 1242.1265 1246.4557 1255.097 1252.5437 1248.5771 1245.1625 1237.3167 1247.5559 1266.7225 1309.2322 1220.1138 1330.7949 1261.7487 1262.6129 1693.105 1151.7693 1044.6061 1183.42 1006.5786 1073.4907 1201.4285 1173.7552 1163.0182 1102.7712 906.0737 923.772 1019.1622 1006.046 979.1479 978.483 991.6661 933.0662 861.9828 821.3193 815.0079 789.7587 741.8826 707.0697 714.8952 667.6604 634.0667 655.2104 739.6749 779.5938
1187.0699 1244.6301 1229.5496 1236.0082 1239.6049 1256.1902 1252.5858 1273.4539 1275.7241 1289.4298 1298.2839 1318.4563 1317.2299 1330.6179 1332.9548 1307.0957 1319.9519 1333.7079 1333.6155 1320.8604 1300.0818 1301.1079 1321.8872 1314.5247 1302.1799 1309.0645 1313.7799 1290.4658 1291.0424 1316.7695 1373.0488 1562.7573 1303.6904 1220.6902 1216.635 1116.033 1169.1796 1157.7328 1143.0211 1103.866 1095.0879 1078.8228 1065.6667 1018.5762 982.543 939.3 993.4012 1275.8317 1040.5287 860.5001 857.2151 811.3356 815.0996 747.4294 852.8138 775.9982 905.2408 758.4554 659.7057 705.2163 682.7136 707.271
1307.6168 1328.3801 1304.1932 1311.3623 1364.6335 1353.4299 1359.5164 1378.5969 1386.2482 1391.2599 1398.4098 1400.2377 1409.4119 1411.993 1395.5797 1398.2799 1397.9587 1383.9628 1401.0249 1383.1482 1375.7158 1365.2664 1356.5265 1371.766 1360.8658 1321.7952 1313.1106 1300.6392 1263.379 1246.619 1215.1702 1236.1021 1193.2466 1088.5056 1127.1221 1098.1031 1154.8677 1165.8304 1190.0588 1116.7 1073.7521 1193.2634 1085.6312 1092.8499 1001.3665 1050.5658 977.0552 998.2952 927.6218 775.3691 856.3981 879.2988 828.5898 837.1799 929.3522 986.396 1084.4645 914.2991 972.9044 1023.0496 1105.059 954.9374
