Resources/Map/Lvl0_30x30/Ele_DG.asc
ncols         335
nrows         335
xllcorner     55000
yllcorner     -3375000
cellsize      10000
nodata_value  -99999.0
[rows 52 to 77 of 335, columns 177 to 235 of 335]
730.6915 482.3332 720.3901 596.3741 747.3593 567.4731 423.9865 519.0355 437.2092 540.8271 544.4206 427.7766 431.0748 478.1024 419.4137 549.3695 548.9106 446.0539 490.0788 623.6145 616.0075 578.0527 509.9035 469.1731 412.3464 417.715 423.9467 496.5551 539.4875 526.7931 466.4179 579.2505 461.9084 570.1155 630.4451 619.8073 478.8034 483.4797 468.7018 477.6339 533.8611 441.8058 502.9001 505.9388 503.4957 560.7651 590.9874 577.5349 560.2638 529.3058 484.8163 472.9636 452.0423 471.566 489.6697 501.3349 513.8591 567.3586 508.437
723.7655 519.2582 718.0052 755.9926 697.3846 544.1525 442.7922 641.7924 423.9706 591.6216 555.9915 435.6765 408.6021 498.0621 423.3988 503.9312 567.542 423.2361 534.1488 583.5321 632.7536 679.4532 569.4849 489.4276 443.0023 423.2667 410.0039 402.3146 422.7687 606.7407 637.5686 680.0159 570.7689 645.4672 670.5663 630.1294 464.5775 455.6657 477.4079 502.982 509.2401 476.0068 495.4755 521.3735 496.7603 567.1705 603.2774 611.404 667.6558 590.7618 557.6773 484.5558 410.7735 492.083 543.3005 541.0973 550.9221 562.4766 476.9756
503.0288 528.5689 782.1774 779.7602 782.3243 561.0286 559.8146 758.2159 437.6429 723.2463 536.3392 588.3718 405.83 444.1611 429.9125 489.1955 546.369 433.9127 554.3381 670.8887 695.5858 705.9835 570.8372 498.2576 444.5714 457.2815 507.7925 471.6509 423.255 588.2404 659.7949 662.8134 693.8825 675.0383 688.5663 654.309 469.411 467.6256 587.6191 530.0948 551.6296 505.2467 522.5461 542.8278 519.4948 525.7794 610.4684 577.4177 551.7968 610.427 542.3297 649.2267 538.1404 459.9577 534.7234 477.5087 539.1229 537.9579 481.0656
697.2429 493.1696 726.9194 799.7548 809.8924 547.8867 605.41 717.8849 449.1305 715.0551 653.8978 503.3612 502.1617 660.6268 448.9786 662.8993 503.9822 469.8008 679.7465 704.6566 711.162 649.5604 596.5058 603.2417 447.5974 454.9234 593.6389 520.3439 445.8119 648.0066 684.1154 712.9247 688.3092 679.809 657.5286 633.179 595.7459 479.5597 508.107 573.2681 560.3589 507.8366 457.4913 510.6129 523.5781 546.1511 618.2969 566.4811 517.4805 502.9673 535.4531 536.4365 588.6706 437.8589 478.0695 507.3087 504.244 494.3745 447.4459
575.7996 457.6801 694.4475 815.1285 651.7039 466.8834 698.8278 711.1197 520.8991 737.7707 713.4201 502.151 614.6494 688.3818 639.4702 756.4808 568.6937 693.7628 691.2266 733.405 716.139 585.8436 479.3806 458.7648 448.2537 514.492 642.4579 558.53 450.9098 570.4573 710.6741 713.0558 695.5883 715.6317 679.0861 629.7887 692.8509 591.343 565.4393 527.8044 530.1452 485.2426 455.3998 541.9998 614.8391 570.439 628.0353 556.2442 518.2355 513.8974 493.1086 478.7492 521.0673 561.363 457.614 474.4123 458.4139 506.2387 455.7246
644.7199 483.5872 549.2198 790.9007 693.3264 674.3979 571.366 739.6999 658.0443 682.8959 766.7643 533.8423 734.3257 754.2184 750.2881 785.7628 608.3571 642.9568 751.2112 741.1949 683.7529 457.8732 456.4876 489.7406 530.049 607.7256 688.851 514.7921 480.9361 470.6607 651.4435 672.628 727.4133 737.6202 715.6837 695.1187 710.4213 699.4217 542.8444 571.7113 528.5818 459.7979 495.2978 559.7103 626.5165 679.1258 647.2125 644.8836 529.4384 497.0462 487.3383 458.575 517.9891 580.8792 559.1876 478.2322 580.5443 558.1749 498.7175
695.9368 493.7375 687.4641 752.5206 737.1896 670.119 523.138 695.6594 681.5163 705.5327 803.011 635.5891 724.3539 782.7545 679.1319 793.4401 701.0851 706.3156 753.592 753.416 719.3016 670.207 453.8886 688.5627 693.0926 682.103 652.0732 647.181 496.2688 525.5342 654.1898 726.1218 714.8637 739.2679 742.7363 665.3431 727.338 698.207 554.7321 621.5194 558.7084 511.3832 563.256 583.0955 566.8746 664.039 658.9421 589.0239 534.1853 524.4815 465.997 485.8691 571.0542 622.9684 545.5378 546.8578 586.3644 589.5547 536.6694
652.2999 580.3793 652.8148 701.0154 805.8087 742.077 526.1268 738.9033 749.038 673.5055 805.0466 723.2168 533.3908 794.3712 716.7157 793.5587 753.1953 744.9389 801.5909 789.0728 772.5724 557.6083 637.5895 700.5144 777.35 728.0758 584.5886 660.2057 656.6339 721.9808 738.3136 680.8459 731.9312 723.0842 734.0823 729.7026 687.1478 709.2194 548.4968 643.6478 518.0206 525.8926 525.0541 529.9968 553.47 604.8832 575.772 508.1365 598.9794 525.6179 487.3299 554.8661 560.2066 621.4362 596.6482 538.4195 541.9415 592.7638 587.6245
655.873 523.4434 577.8946 788.3445 852.1162 866.4158 778.7631 549.9097 770.2976 690.479 795.7365 667.971 512.4698 766.3049 738.5481 822.0634 802.4286 829.7318 767.0244 786.2747 725.4916 653.2593 771.7092 795.3067 756.944 738.9475 512.4574 722.7479 757.1917 713.5447 773.0976 762.3752 721.6088 757.6582 702.5811 721.2545 740.1634 727.1176 612.6511 547.3016 501.9611 563.7318 547.552 589.3889 615.3515 600.9686 544.1621 524.0543 572.6208 464.4657 672.0342 618.7551 578.883 622.0809 599.5479 596.726 556.9406 621.5736 636.8123
579.4169 428.2549 498.7617 790.556 772.5361 812.381 801.9728 591.674 611.6316 741.5986 767.3564 706.4971 567.9611 778.8647 730.893 851.9626 808.4688 854.0476 813.6959 789.6203 674.7814 766.7706 782.0234 796.0685 797.1103 768.9 736.3862 749.838 732.9568 757.7065 767.4973 765.0649 656.7551 761.2045 752.4493 743.6254 743.9249 630.3632 657.2867 594.5516 559.8217 506.532 530.5587 629.4617 609.6023 558.6539 551.9535 508.2878 484.5046 453.2446 523.3356 563.1531 582.5757 628.5634 567.7866 596.7499 550.8384 593.2795 623.2473
491.4215 477.9538 456.0461 547.5635 876.0038 804.6548 844.686 848.0055 711.5153 805.4766 813.549 768.8733 672.1227 762.3443 811.0122 798.0248 806.8713 864.6743 855.1767 691.1779 809.8185 803.866 745.8232 815.96 786.6457 811.0667 742.0732 805.4935 778.677 763.2499 767.8184 753.0812 730.6724 756.4245 728.8409 740.4519 754.8289 690.3526 601.3618 567.9196 548.7301 503.1986 557.0375 619.8128 622.6125 510.1002 535.0692 488.6503 537.4915 579.0755 580.2545 562.0859 603.8741 630.3651 631.8772 623.2192 597.8242 568.3004 631.7545
511.506 635.9673 559.2172 698.695 882.7704 785.7164 848.0579 651.6888 785.3934 792.0185 734.3503 831.5477 750.4665 681.7036 830.7406 808.5323 871.3422 843.9004 845.7678 730.1567 805.5679 799.1234 834.9745 798.2279 842.7455 783.7706 821.0314 824.3968 806.4795 814.66 748.5724 764.2535 774.5458 773.9249 766.812 735.8578 770.3896 602.0453 542.1957 551.8637 513.6381 498.0573 616.8009 675.3763 607.5162 579.4645 454.5005 524.5107 598.2763 594.8127 548.5156 525.4975 619.8478 656.0884 615.791 651.526 617.1068 609.9836 598.7358
534.1181 542.1382 548.1511 521.4696 702.257 834.8533 887.3981 663.3226 506.3942 803.6082 827.9888 843.8317 810.9718 707.1074 779.9039 884.7352 878.0798 850.4235 821.7238 817.92 845.9852 799.5645 808.2086 826.8646 791.5373 723.5376 773.8859 829.3102 811.2222 814.1127 813.5764 792.5746 720.7533 766.6405 769.2915 757.986 727.6441 539.1411 548.2192 536.6199 553.4061 585.5796 616.624 663.4731 603.0839 564.3593 500.4853 520.7517 692.6807 594.8765 583.1592 570.5081 594.5007 643.1529 636.1001 678.9094 605.9851 612.2416 622.9719
553.1291 510.188 471.4922 463.9655 540.457 777.4542 845.827 823.5864 629.5013 761.28 879.142 786.1342 824.6963 798.6118 764.3111 867.0275 865.7235 875.4738 896.9853 848.7827 871.3087 827.1136 822.952 865.5141 816.1367 828.8359 851.5553 845.54 845.5816 776.5831 820.0078 803.0054 797.583 737.3115 763.683 719.3019 533.5797 575.4818 582.6027 556.8277 641.6528 553.9109 579.6181 657.4183 619.4308 572.1619 463.1879 558.2689 578.5081 592.7615 613.3144 685.2467 636.5007 607.5363 687.2721 630.0521 656.9075 610.4465 639.4149
645.52 556.9713 587.0828 453.4484 548.9916 686.0289 798.5682 874.2021 595.3884 544.5613 852.1885 839.1389 855.5383 845.5158 798.8458 926.4685 875.3981 923.575 848.7189 842.2296 873.3565 866.1443 893.6933 868.6337 835.2485 845.1727 841.5939 863.2501 853.7502 856.7327 844.795 829.5686 681.2812 710.5251 620.33 547.4354 569.7387 636.4854 633.1362 549.4037 624.9269 601.5259 689.9604 639.1848 578.628 495.8723 574.4616 492.605 551.36 618.7208 638.8574 647.6698 647.0057 630.9649 663.6446 663.3492 648.3147 624.7352 630.1472
622.2616 701.3065 643.7525 459.7303 568.8463 651.7994 869.2153 907.5521 727.5816 547.3932 835.7706 836.9234 834.0286 881.1682 847.0372 850.1241 908.2689 903.2435 875.0728 901.0947 865.5323 894.4248 896.0704 899.8719 829.5796 850.8878 830.4033 880.8954 869.4266 879.8788 856.8489 746.8051 806.8532 692.1013 572.8644 648.3328 557.6923 621.2556 670.0891 621.4546 599.402 621.637 686.4023 640.4182 598.61 547.5138 601.433 533.3881 478.9974 552.9072 655.1781 705.6279 659.7832 586.2624 628.6394 620.8873 709.6465 641.8768 676.731
775.0593 880.0545 682.2174 477.3016 613.5916 638.3954 811.0253 831.3666 626.5004 632.5588 679.8527 864.915 860.539 893.5969 855.8712 835.9759 950.3568 925.3866 920.4631 922.7968 904.1148 932.4915 910.816 899.4395 841.5012 880.09 888.6588 882.3378 858.2884 888.7055 878.7783 731.2113 662.5751 785.8027 626.5953 566.9937 590.5994 596.1762 639.6328 690.9625 627.5679 630.7504 723.2571 632.5124 646.3886 556.8342 614.6928 606.3834 513.6602 568.8555 611.7051 667.1121 667.6177 589.0013 596.5386 665.0233 679.7631 670.3654 659.3132
794.7641 764.6522 737.3213 439.823 484.2792 576.3515 697.8404 859.2853 813.0338 809.136 783.101 752.4517 892.6106 890.6509 894.1846 864.6591 926.6737 958.926 928.7797 935.4361 894.6125 936.5364 938.5847 914.4585 875.8603 901.1107 901.2341 883.9757 855.5444 894.7835 896.4004 867.809 682.2798 634.6925 599.283 676.8659 595.3053 613.1674 615.4507 728.0877 629.4216 658.0746 784.7035 661.2745 651.0666 606.6523 638.4585 586.9321 507.1044 510.6743 563.3425 616.5657 656.9075 603.9802 634.0761 668.4653 707.0155 657.6772 672.8627
826.3486 890.514 851.2601 496.6017 526.4103 589.8989 638.6619 800.7366 921.3088 889.0383 748.1294 705.8385 893.6155 866.1033 878.1008 899.2532 860.2468 966.9 947.8358 966.0543 950.4257 916.9263 916.1107 904.1258 912.9882 914.4568 885.7789 888.3246 913.5213 896.9722 901.164 865.0577 761.7745 732.6625 676.9995 774.6844 627.9317 677.9304 661.0716 755.5693 665.5162 661.8939 777.9844 694.5517 625.3681 585.9185 668.0139 592.9788 546.3839 576.1188 531.4853 554.4837 579.7821 618.8666 622.1031 637.9697 672.0408 676.5012 685.812
886.6483 816.7229 953.2326 548.1769 539.3051 690.7082 741.0851 824.6124 936.2918 764.3801 792.9316 809.0608 741.4781 920.1163 874.7945 915.4857 873.7242 954.2986 984.6939 972.3539 958.7661 924.823 941.6261 929.0558 909.7198 915.7557 930.7031 915.1135 934.9172 908.1105 910.5447 882.2628 856.3538 885.1649 828.9286 855.8016 686.778 615.3758 743.5125 758.044 686.5748 718.6431 768.0833 684.4933 635.6501 603.5965 651.3763 595.8947 563.2862 642.0384 597.8155 609.6301 567.5641 601.3324 633.9338 663.4652 693.3173 694.8875 725.7613
866.9991 842.7374 905.3281 600.2933 474.4221 752.1147 700.5162 727.155 803.5063 807.2126 925.8502 788.6694 645.7911 828.1729 930.0947 943.5121 913.9811 933.6552 1000.5156 971.0261 986.8221 962.9217 969.774 990.8393 898.8126 941.6697 942.3002 922.8532 955.3552 941.8497 892.3893 842.6808 872.2244 896.3101 867.5875 844.8034 789.8513 670.4979 683.4453 806.0455 731.8002 770.427 740.8787 670.1639 624.7985 653.7518 660.5019 648.0376 605.3912 692.3764 604.5459 634.4571 618.7101 619.5216 601.0234 631.2991 681.7503 710.3508 706.8091
770.9398 863.7407 772.0659 604.5495 493.4063 588.2214 638.5892 610.1782 756.9214 805.1015 796.8884 723.6702 621.0845 751.4669 930.7242 956.9799 929.5721 952.9424 975.6849 1002.1947 1017.438 964.2288 997.6863 983.87 951.9942 970.949 961.3924 911.5612 972.8718 908.9324 930.1257 880.738 910.5264 909.3143 877.8492 883.3446 853.6196 744.39 655.6594 658.1236 665.6404 770.6337 715.5855 665.9277 664.9628 740.4944 666.9639 584.0295 633.2151 712.5494 568.5278 679.8367 618.2101 674.4842 644.4187 609.6574 658.0682 709.2813 780.5164
766.9506 773.8374 815.104 708.6406 606.9389 452.4737 508.9417 648.0991 636.3173 632.4928 792.0668 740.9111 606.1162 666.7098 813.0905 981.2898 980.8396 936.2051 972.9629 1030.048 1024.8805 976.3718 1000.5648 1004.6682 998.5015 945.8002 975.9946 971.9536 971.3023 957.4717 951.351 872.6555 934.3283 935.2263 854.2655 812.6995 906.2563 885.9791 721.7305 626.0225 714.8245 745.8561 735.1779 684.1301 732.9931 704.3224 662.3964 634.1399 726.7932 708.1981 592.6554 681.8235 604.8221 693.3865 736.6285 702.5405 657.533 696.0224 784.8214
655.9624 746.7119 814.6185 737.8821 637.5912 479.3884 578.709 664.5764 579.4024 675.1453 728.3638 655.1335 634.9096 648.8679 795.29 1014.3993 970.7656 983.1008 951.9058 990.5748 1034.8876 1040.7665 970.4291 1029.087 1012.7772 977.9281 996.1773 986.8712 975.593 927.695 939.4349 936.966 939.3548 936.4029 886.6124 919.3871 898.2626 916.874 846.3439 666.1152 693.0982 783.1039 758.7702 695.2964 764.8428 696.0052 645.5253 689.9122 784.0561 718.3828 618.4847 683.4166 702.7355 637.7212 680.5938 740.2213 733.7141 717.861 776.4259
578.5477 708.8176 763.625 620.4924 552.8032 544.055 545.1853 650.868 632.3768 702.9111 700.6053 727.213 672.6248 623.8964 662.6807 813.7945 975.2493 982.3845 984.9101 974.1512 1040.3407 1058.4296 1020.3026 1014.2714 1052.0156 974.8179 1009.6238 987.4192 1021.9379 1004.9956 980.5477 922.7924 966.3651 916.8926 944.9747 862.2514 933.0093 892.2638 717.1613 693.6014 753.5461 755.7722 724.9117 719.4234 748.6605 705.9728 656.8417 693.0353 752.8514 691.6956 647.0432 689.8104 722.6541 671.8176 705.1832 769.8104 792.7268 745.1242 728.1285
651.8808 589.5687 602.4537 664.9294 579.3828 600.1762 455.1588 583.3911 652.1035 592.7591 649.8356 720.3616 695.2352 642.0509 659.9276 700.3819 840.0467 906.6647 1000.7383 994.6465 1005.259 1037.1454 1019.0287 1004.5273 1041.4568 1045.2402 969.0801 1042.2188 973.2109 1009.4629 992.5579 961.0984 944.6807 919.1339 950.3602 906.1918 913.2714 943.3269 875.7449 706.2191 710.72 795.9521 727.1483 758.0561 756.3278 706.9169 667.765 851.6354 751.4765 660.1594 685.5758 715.6672 728.5079 665.6732 657.2059 772.8257 764.3651 785.5438 759.0018
