Resources/Map/Lvl0_30x30/Ele_EJ.asc
ncols         335
nrows         335
xllcorner     10105000
yllcorner     -6725000
cellsize      10000
nodata_value  -99999.0
[rows 275 to 299 of 335, columns 171 to 227 of 335]
-3769.6858 -3779.0205 -3729.573 -3692.7297 -3752.926 -3864.2056 -3935.3999 -3971.6841 -4052.3472 -4137.9185 -4173.2856 -4146.1733 -3972.9111 -3750.4124 -3857.2483 -4144.6309 -4263.8325 -4207.9395 -4059.0647 -3899.5208 -3786.6152 -3711.1758 -3664.6572 -3634.2456 -3614.5469 -3641.5146 -3633.2925 -3492.531 -3424.4084 -3543.2961 -3633.5796 -3652.7397 -3758.5098 -3807.8738 -3625.5261 -3441.4832 -3505.7332 -3757.5684 -4013.0332 -4083.1396 -3956.1772 -3819.0015 -3772.3948 -3772.7417 -3777.7712 -3751.5012 -3698.3269 -3703.3899 -3746.1995 -3719.1536 -3728.3174 -3858.3638 -3974.1721 -3965.2188 -3908.9233 -3896.6702 -3964.1863
-3771.606 -3761.8779 -3729.8125 -3729.3584 -3728.4983 -3597.9316 -3502.2751 -3676.5752 -3953.4241 -4093.9192 -4060.7898 -4005.2722 -4062.5654 -4228.2617 -4285.1274 -4127.2261 -3973.4402 -4026.5818 -4042.3877 -3910.459 -3755.2622 -3664.7307 -3620.0886 -3673.8694 -3678.9751 -3629.677 -3631.4097 -3624.988 -3694.813 -3829.375 -3830.085 -3754.6216 -3775.5996 -3873.374 -3944.9673 -4016.0208 -3996.8445 -3906.3306 -3936.5828 -3975.666 -3911.3145 -3844.604 -3820.1353 -3852.5537 -3839.9526 -3775.2336 -3748.7288 -3770.9268 -3819.7131 -3834.1121 -3824.6499 -3850.6272 -3900.7446 -3938.7825 -3952.98 -3930.0981 -3954.0247
-3672.1255 -3636.9812 -3678.2949 -3812.8789 -3916.3035 -3836.5271 -3786.7605 -3968.8333 -4129.0684 -4033.0391 -3772.4602 -3685.3474 -3864.2078 -4129.7437 -4194.4189 -4013.2625 -3872.8787 -3844.9302 -3716.644 -3594.1421 -3585.7693 -3546.3188 -3497.6055 -3625.3728 -3713.615 -3643.5154 -3620.4272 -3645.3276 -3756.0759 -3902.0513 -3902.6978 -3882.9314 -3912.7456 -3894.6807 -3874.6174 -3906.4507 -3892.1296 -3834.8088 -3892.0703 -3965.9805 -3955.1892 -3923.9189 -3898.1221 -3868.2266 -3814.8887 -3851.644 -3959.0894 -3909.4922 -3802.6272 -3830.4946 -3883.4307 -3845.5889 -3834.5952 -3945.126 -4050.8223 -4079.3223 -4125.1563
-3659.2842 -3701.1077 -3788.8127 -3919.6147 -4023.9658 -4064.8718 -4127.6553 -4208.5386 -4191.4253 -4081.5095 -3980.1753 -3975.4683 -4004.5251 -4082.6951 -4157.5684 -4116.502 -3954.7783 -3727.4358 -3551.4441 -3529.4973 -3565.748 -3533.1235 -3558.031 -3729.2456 -3741.8923 -3597.1697 -3606.7366 -3682.1392 -3762.3616 -3824.6736 -3784.0242 -3848.2043 -3966.2461 -3902.7725 -3796.2385 -3763.3962 -3784.3416 -3907.0237 -4040.5125 -4037.6433 -3983.8933 -3919.1748 -3903.6501 -3968.8672 -3980.2983 -4014.0349 -4090.741 -4018.6858 -3904.4348 -3956.7346 -4024.4343 -3970.3738 -3993.9983 -4112.0532 -4119.146 -4114.9189 -4175.8115
-3812.1077 -3903.1597 -3873.3223 -3858.3486 -3910.5723 -4010.1719 -4093.3184 -4098.2729 -4102.6699 -4211.124 -4324.1406 -4268.2085 -4097.0928 -4031.25 -4128.8081 -4118.0479 -3926.1201 -3653.0027 -3555.552 -3724.4001 -3848.7693 -3766.9136 -3722.1094 -3844.334 -3831.6877 -3679.8618 -3663.8723 -3765.4458 -3844.4539 -3876.8516 -3923.3979 -4009.2666 -3986.9443 -3865.7407 -3845.9749 -3870.1028 -3834.7664 -3919.9316 -4001.6021 -3948.4915 -3885.8 -3864.3867 -3885.4448 -3932.803 -3928.8857 -3913.2813 -3983.4592 -3996.79 -3910.6321 -3929.2029 -4031.1255 -4067.9443 -4166.3794 -4274.8447 -4175.1958 -4034.2329 -3988.7791
-4027.7578 -4021.3845 -3897.8284 -3814.7344 -3872.4961 -4004.9812 -4076.2886 -4079.595 -4120.9692 -4194.1572 -4191.7588 -4120.0225 -4110.6343 -4197.6641 -4257.4639 -4209.873 -4064.657 -3860.823 -3728.5806 -3772.1284 -3866.6509 -3893.6628 -3890.9114 -3886.9238 -3839.3474 -3782.9294 -3804.8467 -3866.6416 -3863.886 -3798.8093 -3720.4746 -3609.6885 -3555.176 -3642.0388 -3769.2256 -3870.8364 -3902.199 -3933.5117 -3966.6726 -3967.532 -3960.26 -3966.4775 -4000.4778 -4010.6003 -3971.887 -3977.5603 -4097.7275 -4156.8291 -4045.541 -3999.0066 -4129.0938 -4221.8569 -4198.7983 -4139.6152 -4096.7329 -4059.2307 -3995.9363
-4098.0215 -4087.8247 -4040.0957 -3886.8525 -3795.4878 -3888.3271 -4036.874 -4119.1733 -4150.4038 -4138.5469 -4087.2263 -4109.5601 -4223.1514 -4279.5566 -4282.1665 -4264.6128 -4157.3579 -4016.9817 -3953.283 -3930.5996 -3880.0969 -3861.0691 -3834.5149 -3751.1924 -3740.5674 -3833.1492 -3890.0798 -3817.6697 -3699.0571 -3688.2273 -3696.7644 -3608.5178 -3637.2678 -3800.7275 -3848.5234 -3828.4775 -3866.4104 -3924.5386 -3941.2019 -3937.8323 -3915.3601 -3878.5078 -3910.2241 -3986.939 -4080.8638 -4187.7969 -4242.042 -4157.4189 -4020.7712 -3990.5168 -4096.9502 -4189.0376 -4162.0322 -4121.5898 -4161.8472 -4171.9487 -4115.1982
-4026.4131 -4080.0752 -4099.228 -4004.2024 -3949.3452 -4010.3357 -4056.3008 -4064.553 -4132.0854 -4216.1416 -4217.04 -4200.9229 -4294.1558 -4385.2456 -4392.5664 -4324.4717 -4210.3418 -4162.0308 -4122.6372 -4018.7065 -3946.7654 -3918.7939 -3845.8101 -3758.9456 -3798.9517 -3872.623 -3863.6226 -3831.5388 -3788.4287 -3757.8926 -3745.7539 -3752.6372 -3813.7007 -3844.688 -3829.2627 -3843.5747 -3879.5332 -3909.0815 -3933.6001 -3951.5259 -3957.3215 -3950.0066 -3949.0752 -3969.2476 -4046.4729 -4167.9243 -4216.1025 -4148.1533 -4079.5852 -4059.6743 -4074.8594 -4103.7695 -4121.0234 -4168.6069 -4219.6753 -4168.7979 -4084.5381
-3986.0498 -4038.0518 -4040.8467 -3985.8132 -3953.9363 -3945.9663 -3919.1028 -3926.8757 -4013.0845 -4131.2422 -4284.9722 -4306.9927 -4324.3135 -4393.8076 -4420.7114 -4320.5405 -4217.9355 -4274.0444 -4257.2681 -4111.207 -4087.5969 -4037.3696 -3873.8401 -3817.3298 -3877.0974 -3833.4614 -3732.4495 -3732.8701 -3737.7952 -3679.5381 -3638.522 -3692.4336 -3761.7283 -3773.616 -3852.8721 -3980.4434 -3984.7429 -3937.8411 -3936.6636 -3968.9202 -4037.7012 -4078.488 -4063.5376 -4028.3035 -4049.7813 -4132.269 -4188.3506 -4189.9189 -4168.5967 -4153.251 -4156.897 -4176.2905 -4202.7134 -4242.8042 -4244.3857 -4144.3574 -4053.7544
-3953.8887 -4034.7095 -4078.6797 -4062.3743 -3980.1643 -3906.9604 -3899.3152 -3932.4009 -4024.2993 -4213.7969 -4480.165 -4500.8066 -4271.3862 -4117.1929 -4224.2266 -4341.7832 -4361.3945 -4372.8452 -4276.8438 -4072.1013 -3965.9509 -3881.3794 -3776.0723 -3793.167 -3928.9961 -3967.3628 -3831.7852 -3689.7361 -3611.9729 -3605.1794 -3699.5994 -3821.9875 -3823.3936 -3762.6768 -3840.1289 -3977.0574 -3945.2837 -3890.4502 -3958.2148 -4052.5833 -4123.1094 -4150.5811 -4125.7056 -4111.8242 -4152.7856 -4169.8979 -4151.8311 -4144.5693 -4141.374 -4160.2104 -4204.4575 -4236.9209 -4242.7236 -4270.8193 -4308.0381 -4243.0288 -4157.9766
-3949.9226 -4008.6399 -4041.4744 -3968.7432 -3870.5129 -3904.9744 -3997.0898 -4048.9866 -4177.5566 -4402.5317 -4487.3979 -4269.5908 -3958.8013 -3908.7039 -4170.2358 -4398.4961 -4418.2437 -4326.1162 -4168.4263 -3919.7722 -3680.2981 -3632.9541 -3755.4622 -3795.7556 -3841.6372 -3907.9326 -3816.4792 -3691.7876 -3683.2686 -3704.8354 -3778.2854 -3862.6804 -3805.9951 -3755.0776 -3852.1638 -3955.8477 -3933.304 -3912.2515 -3996.9519 -4096.3789 -4147.3115 -4134.2764 -4044.7058 -4018.1609 -4086.562 -4114.5586 -4117.5298 -4158.6289 -4171.4287 -4127.0283 -4113.1074 -4172.896 -4211.2144 -4207.6465 -4239.019 -4246.2695 -4218.7007
-3865.9675 -3874.1965 -3945.4106 -3904.2256 -3835.4131 -3904.1194 -4063.448 -4238.729 -4386.5635 -4395.5439 -4031.9658 -3481.7993 -3355.8201 -3831.6677 -4283.7666 -4357.3813 -4208.4443 -4128.2788 -4096.1401 -4009.6021 -3861.6589 -3814.666 -3910.4092 -3852.1985 -3723.011 -3686.4763 -3662.9546 -3701.7371 -3845.3025 -3881.3096 -3857.9397 -3897.2056 -3903.3154 -3926.7788 -3978.2566 -3921.8508 -3845.6116 -3899.8032 -4003.1204 -4080.4861 -4131.2251 -4076.0835 -3947.885 -3915.21 -3966.8071 -4025.397 -4071.0034 -4134.9551 -4163.6558 -4113.8013 -4117.5684 -4246.7988 -4299.0747 -4207.2783 -4195.5288 -4290.9438 -4362.3628
-3936.0378 -3988.6711 -4056.9165 -4022.5439 -3939.5996 -3939.1489 -4080.2551 -4279.4121 -4402.6099 -4344.458 -3956.9102 -3418.7871 -3355.3726 -3878.1282 -4221.5229 -4149.6753 -3977.6416 -3965.0579 -3986.0815 -3973.5283 -3918.0051 -3799.7563 -3684.354 -3594.0156 -3587.3799 -3745.9609 -3950.4614 -4049.179 -4063.4355 -4048.2864 -4053.0378 -4050.7354 -4040.8228 -4049.8477 -4021.2354 -3933.5596 -3930.4829 -4019.3591 -4063.4692 -4069.4666 -4105.2305 -4110.5151 -4079.4688 -4037.2278 -4027.939 -4061.2373 -4080.0393 -4132.3652 -4182.3384 -4167.0288 -4200.0098 -4329.4619 -4365.4326 -4275.8267 -4282.0645 -4392.1304 -4460.6455
-3894.8567 -3950.1567 -3980.1328 -3972.0754 -4029.2471 -4162.1743 -4294.5898 -4350.9771 -4377.1309 -4406.3716 -4317.9854 -4113.4688 -4080.2329 -4253.9688 -4299.416 -4211.2378 -4113.481 -3996.5701 -3886.7947 -3861.0237 -3825.9011 -3678.4854 -3545.2454 -3609.4592 -3788.043 -4025.2402 -4163.709 -4038.3696 -3864.1494 -3946.7375 -4156.6606 -4211.6367 -4162.7529 -4139.5317 -4113.3486 -4110.0796 -4215.7729 -4283.4087 -4223.8359 -4138.8745 -4140.2847 -4182.9585 -4204.6807 -4195.1968 -4179.8984 -4196.7896 -4189.1895 -4184.5811 -4220.3247 -4243.6772 -4236.1582 -4211.9727 -4161.7788 -4161.7866 -4258.583 -4351.7139 -4369.937
-3938.1382 -3961.0405 -3992.6497 -4070.4888 -4165.9268 -4267.7378 -4344.9419 -4343.9414 -4378.7329 -4472.2378 -4429.6968 -4197.9717 -4087.0256 -4227.4868 -4328.5952 -4294.6606 -4169.8169 -3976.9175 -3828.0291 -3791.7102 -3808.8076 -3797.0525 -3818.9529 -3960.647 -4114.1504 -4202.8608 -4064.6926 -3684.5071 -3488.4075 -3752.7148 -4119.9097 -4275.521 -4284.4502 -4282.0107 -4273.6382 -4266.2412 -4245.8252 -4125.4858 -4022.9741 -4029.821 -4085.7058 -4165.9424 -4233.4048 -4268.5024 -4302.5083 -4339.4258 -4327.5435 -4290.5557 -4294.4136 -4313.4116 -4268.604 -4180.9902 -4116.1846 -4133.6655 -4203.5327 -4277.4238 -4343.7319
-4143.4414 -4084.0176 -4066.2065 -4187.0747 -4228.6484 -4193.9565 -4232.8936 -4282.1606 -4337.877 -4395.0132 -4215.7661 -3735.9753 -3538.0923 -3904.3792 -4257.9751 -4272.8657 -4065.5024 -3907.833 -3893.3931 -3904.6367 -3893.5618 -3909.8406 -3967.0605 -4048.082 -4151.1948 -4195.6392 -3964.9116 -3638.7859 -3648.4854 -3966.7935 -4198.7832 -4263.9551 -4280.9507 -4306.917 -4342.5986 -4346.1675 -4256.9565 -4018.4543 -3927.1355 -4062.3704 -4156.7109 -4209.2813 -4277.3047 -4311.5264 -4320.395 -4342.7266 -4390.5469 -4417.418 -4392.8486 -4356.6489 -4306.7227 -4285.4351 -4309.1221 -4310.8965 -4269.6162 -4297.9673 -4413.4092
-4239.4204 -4144.7104 -4111.7725 -4205.0063 -4244.9673 -4221.23 -4232.8574 -4238.6543 -4249.1455 -4324.9263 -4309.603 -4075.96 -3956.752 -4118.2173 -4253.8608 -4247.7554 -4149.6968 -4012.4766 -3955.3242 -3988.2427 -4022.6204 -4005.6453 -3987.0969 -3965.7795 -4068.6892 -4178.7661 -4095.1523 -4027.3071 -4140.8813 -4282.7412 -4277.9614 -4204.623 -4197.8838 -4256.4624 -4339.4932 -4397.8472 -4360.1006 -4220.1753 -4183.7285 -4262.0889 -4265.9165 -4243.1748 -4288.0693 -4336.8735 -4341.9883 -4361.7383 -4418.8755 -4426.1831 -4404.3628 -4403.2178 -4357.6406 -4339.5908 -4402.4331 -4419.5859 -4356.2324 -4368.7842 -4460.3633
-4195.6899 -4175.2949 -4187.9663 -4207.7578 -4175.1934 -4133.833 -4153.2905 -4221.2651 -4303.9883 -4425.1685 -4527.8125 -4534.3628 -4472.1177 -4377.9302 -4284.9043 -4282.7251 -4335.5854 -4221.9146 -4063.1006 -4062.6733 -4182.645 -4185.3794 -4075.3657 -3919.5481 -4038.4958 -4206.3936 -4209.3442 -4216.4644 -4266.644 -4302.3813 -4249.5366 -4180.7666 -4182.0503 -4182.6567 -4195.1475 -4271.6812 -4305.2583 -4268.8428 -4281.1431 -4313.1436 -4285.4575 -4218.6816 -4218.3257 -4290.084 -4334.4536 -4352.4097 -4374.8149 -4360.4331 -4365.1636 -4387.2998 -4345.9585 -4326.7163 -4368.6338 -4367.6362 -4349.2466 -4402.9795 -4455.8154
-4157.6108 -4149.2358 -4164.9219 -4152.2524 -4065.3149 -3998.7188 -4096.3691 -4325.7686 -4518.0518 -4606.3716 -4511.8633 -4359.6064 -4306.8042 -4335.4995 -4292.0249 -4238.3242 -4240.8042 -4198.3101 -4142.6323 -4148.7129 -4218.3364 -4276.1206 -4287.3511 -4214.0576 -4235.6465 -4253.3833 -4183.4434 -4116.3765 -4071.1233 -4069.6533 -4115.1084 -4183.584 -4229.6133 -4161.6489 -4103.0298 -4155.3408 -4215.7524 -4279.1885 -4363.522 -4361.5146 -4282.5181 -4212.7163 -4215.7607 -4282.519 -4324.3345 -4339.895 -4373.0537 -4384.1992 -4363.7769 -4340.0537 -4349.4414 -4409.2075 -4433.7295 -4377.7637 -4368.2632 -4425.9771 -4437.7783
-4119.2588 -4108.7715 -4103.604 -4097.9507 -4025.1755 -3992.3745 -4170.1807 -4458.5923 -4639.9277 -4663.2681 -4364.8838 -4040.8623 -4076.1003 -4308.4712 -4400.395 -4347.0693 -4174.8022 -3874.9163 -3758.6226 -3876.5576 -4076.72 -4277.8926 -4385.6582 -4352.9355 -4248.2397 -4122.7437 -4033.637 -3990.3552 -3980.6396 -4047.4241 -4151.6792 -4227.4624 -4279.8315 -4299.9556 -4290.8208 -4280.688 -4281.5649 -4314.9736 -4373.7598 -4380.4595 -4318.625 -4269.8926 -4285.2813 -4327.5884 -4329.4629 -4292.9121 -4269.3789 -4257.4365 -4259.9927 -4310.3008 -4428.6631 -4534.3091 -4499.8999 -4377.3403 -4337.1011 -4359.2275 -4378.7148
-4095.1345 -4108.2871 -4093.1863 -4112.2803 -4134.603 -4155.2407 -4260.0405 -4443.8745 -4556.459 -4570.9541 -4449.8154 -4333.7222 -4381.3115 -4450.4111 -4491.6602 -4475.2275 -4157.2402 -3371.6577 -3084.7227 -3578.7161 -4171.2363 -4391.6255 -4364.5654 -4294.1943 -4206.1431 -4124.0093 -4077.4858 -4034.644 -4069.2305 -4240.3896 -4331.2725 -4295.3623 -4277.7554 -4345.9937 -4372.311 -4362.9722 -4394.1494 -4382.0156 -4319.7051 -4312.688 -4354.0513 -4386.9238 -4392.4458 -4368.5205 -4351.3784 -4334.6021 -4289.166 -4235.168 -4236.1392 -4334.8643 -4478.4819 -4537.4316 -4463.0259 -4355.0234 -4309.0132 -4306.4878 -4349.4224
-4176.1475 -4176.3364 -4185.6299 -4231.0552 -4310.0728 -4357.2422 -4359.1372 -4405.3271 -4448.3818 -4459.7666 -4522.9858 -4574.855 -4540.0879 -4475.5068 -4456.1733 -4445.8501 -4254.5742 -3702.0613 -3479.9646 -3886.8049 -4317.4224 -4335.7783 -4236.7261 -4298.8184 -4327.4468 -4292.4868 -4271.9072 -4265.7808 -4271.0381 -4296.0342 -4194.2109 -4055.9136 -4064.1926 -4233.3062 -4360.668 -4405.1606 -4452.4722 -4436.457 -4340.7769 -4307.1563 -4366.3208 -4422.1538 -4417.207 -4377.311 -4384.6899 -4431.1978 -4450.3125 -4418.3809 -4372.8013 -4380.5005 -4425.5352 -4431.2729 -4405.3833 -4368.0757 -4314.7241 -4303.8193 -4369.2876
-4248.5254 -4280.4824 -4309.416 -4320.1323 -4352.0166 -4412.5254 -4427.9805 -4409.687 -4415.8105 -4438.917 -4413.1816 -4325.395 -4274.4473 -4335.2783 -4379.3213 -4321.7632 -4267.2915 -4246.7012 -4182.144 -4194.8286 -4299.1807 -4303.9097 -4286.1992 -4333.8252 -4274.5352 -4184.3218 -4247.3857 -4380.1836 -4385.3574 -4206.9233 -4001.5503 -3958.1921 -4111.272 -4336.0786 -4492.207 -4524.2334 -4480.8496 -4422.0938 -4357.2017 -4307.0366 -4314.8345 -4348.269 -4338.6104 -4313.9204 -4355.2583 -4424.915 -4446.832 -4409.9038 -4348.5898 -4324.4189 -4341.1699 -4351.6001 -4373.0708 -4369.7524 -4298.3906 -4284.6147 -4379.3994
-4194.3857 -4236.8965 -4238.4204 -4239.4683 -4292.6694 -4359.521 -4418.5024 -4468.6631 -4483.0957 -4463.0625 -4387.667 -4291.2764 -4237.6772 -4246.147 -4272.5698 -4258.3135 -4270.6353 -4356.0679 -4338.4126 -4278.8257 -4328.9644 -4378.0635 -4382.8999 -4330.6787 -4267.0508 -4293.019 -4371.1465 -4431.73 -4427.1748 -4288.0688 -4209.9136 -4266.6597 -4364.7378 -4431.0493 -4475.2925 -4480.853 -4406.0923 -4334.0864 -4322.8931 -4288.335 -4236.1611 -4223.6826 -4223.062 -4225.251 -4277.9092 -4342.8706 -4324.6514 -4247.1724 -4203.5195 -4223.5488 -4255.4595 -4266.5537 -4310.2998 -4362.9805 -4332.437 -4309.9692 -4394.6265
-4192.6016 -4211.6035 -4224.6519 -4278.0591 -4338.7861 -4333.7427 -4380.0005 -4479.335 -4453.4629 -4342.5054 -4276.8154 -4270.1177 -4250.8091 -4191.9644 -4168.8721 -4202.1099 -4261.0283 -4325.9292 -4320.8481 -4297.8652 -4315.8472 -4347.2056 -4398.2114 -4390.2402 -4426.3892 -4500.6382 -4477.4536 -4431.6016 -4408.9819 -4351.4688 -4356.52 -4392.9702 -4372.1367 -4335.9351 -4344.5972 -4373.3306 -4328.2358 -4270.498 -4301.8447 -4317.7539 -4250.6299 -4194.2314 -4178.2749 -4175.9487 -4221.4922 -4265.438 -4227.9956 -4156.6123 -4144.7808 -4190.9976 -4224.3394 -4240.501 -4279.2036 -4334.7104 -4351.5776 -4337.3042 -4388.5059
