Resources/Map/Lvl0_30x30/Ele_DG.asc
ncols         335
nrows         335
xllcorner     55000
yllcorner     -3375000
cellsize      10000
nodata_value  -99999.0
[rows 156 to 181 of 335, columns 0 to 58 of 335]
-5270.4536 -5359.3516 -5462.2847 -5414.3813 -5228.2329 -5253.9126 -5538.7896 -5626.0791 -5454.4985 -5437.2021 -5391.6831 -5429.0332 -5491.9414 -5419.7349 -5394.2188 -5397.7178 -5459.5195 -5474.8486 -5441.5073 -5438.7695 -5517.0317 -5502.9209 -5487.9995 -5486.9766 -5527.8403 -5526.2168 -5535.1416 -5549.0249 -5549.6294 -5545.9082 -5535.1509 -5521.8086 -5516.6553 -5510.2168 -5505.4229 -5498.5923 -5494.1074 -5502.6323 -5518.8213 -5524.0815 -5506.7729 -5487.8633 -5480.7319 -5478.0581 -5475.7964 -5475.0645 -5482.4028 -5486.625 -5489.7354 -5495.3745 -5504.293 -5498.1724 -5487.6162 -5480.5264 -5477.4102 -5465.2236 -5458.6309 -5451.1855 -5434.4141
-5305.0132 -5376.2383 -5335.854 -5275.9282 -5232.0786 -5398.4937 -5681.0508 -5563.0288 -5252.124 -5308.0322 -5366.6479 -5345.9668 -5390.9204 -5354.1831 -5385.2256 -5393.0742 -5429.0366 -5454.7085 -5454.5171 -5443.4751 -5496.2036 -5526.8979 -5503.6001 -5473.1714 -5515.7397 -5524.3477 -5528.0581 -5545.7749 -5552.1675 -5547.332 -5537.6157 -5523.0381 -5516.7559 -5510.4482 -5504.7388 -5499.3945 -5493.9741 -5499.127 -5516.3813 -5523.5352 -5508.3423 -5484.8159 -5478.3354 -5485.0854 -5483.1416 -5476.7861 -5476.3647 -5479.5005 -5489.0151 -5497.4175 -5503.4824 -5502.7314 -5494.8828 -5486.3936 -5478.1426 -5465.6084 -5457.3701 -5439.8613 -5430.4307
-5341.5278 -5389.2734 -5219.9971 -5150.1694 -5429.1558 -5607.7461 -5613.1924 -5414.2231 -5160.2847 -5297.208 -5461.0518 -5427.5425 -5423.2041 -5336.9888 -5303.8867 -5351.3926 -5389.7754 -5402.8477 -5447.5254 -5400.3159 -5420.5498 -5512.4409 -5503.4272 -5460.8696 -5482.5801 -5518.4155 -5519.1865 -5551.6646 -5554.2314 -5546.1626 -5535.8628 -5522.2266 -5514.0073 -5510.1636 -5508.5234 -5502.688 -5497.3535 -5498.312 -5508.6519 -5516.3955 -5503.9526 -5486.9277 -5484.0835 -5485.0337 -5482.2124 -5483.7803 -5482.4028 -5477.5493 -5485.3975 -5498.7402 -5504.1064 -5502.374 -5492.4668 -5483.3413 -5475.019 -5460.5054 -5450.1338 -5436.8911 -5427.0142
-5266.0649 -5380.3335 -5296.7612 -5204.7021 -5531.5645 -5712.7373 -5495.1226 -5337.0298 -5199.6475 -5318.3408 -5457.6416 -5422.9751 -5487.8765 -5450.4292 -5302.7734 -5307.9487 -5312.9727 -5304.9009 -5392.6733 -5393.6675 -5419.3164 -5489.3564 -5455.9585 -5444.7881 -5473.7271 -5538.9663 -5510.5693 -5543.1152 -5552.3091 -5539.9048 -5531.4731 -5523.3765 -5515.5249 -5512.8823 -5513.5566 -5508.7354 -5500.3726 -5494.9683 -5500.3916 -5510.4917 -5501.7529 -5490.5098 -5487.4321 -5482.2686 -5479.4453 -5486.3857 -5488.2842 -5480.396 -5483.8745 -5493.1841 -5499.811 -5499.3359 -5483.8271 -5478.5542 -5478.5859 -5461.7632 -5449.2207 -5440.187 -5428.5801
-5169.3882 -5265.0371 -5361.5562 -5498.9517 -5604.4956 -5656.7661 -5393.8955 -5307.6572 -5307.7231 -5258.3862 -5340.8623 -5386.6504 -5463.0869 -5499.3472 -5358.6401 -5383.6997 -5352.749 -5315.2334 -5333.3906 -5368.9253 -5394.23 -5429.3799 -5472.9819 -5490.3916 -5465.0713 -5520.8291 -5504.5049 -5511.6138 -5538.4844 -5541.2944 -5531.2432 -5527.3765 -5524.2778 -5520.8833 -5519.2915 -5516.4692 -5509.1963 -5498.4258 -5501.1372 -5511.1196 -5502.167 -5492.9531 -5492.7632 -5490.4209 -5487.3838 -5487.3296 -5489.0127 -5487.2954 -5491.1709 -5487.9448 -5492.7554 -5501.563 -5488.6694 -5475.2813 -5474.5503 -5458.5884 -5446.6777 -5440.9858 -5425.7275
-5184.0605 -5144.4995 -5174.6763 -5544.0591 -5572.3242 -5474.6138 -5340.4614 -5245.5415 -5334.5938 -5298.3125 -5277.6406 -5254.6367 -5285.7949 -5387.1299 -5332.2207 -5396.8955 -5361.71 -5323.2354 -5339.1177 -5361.9336 -5371.6211 -5401.0586 -5456.915 -5472.1313 -5443.3486 -5484.5859 -5502.0151 -5504.3032 -5532.5176 -5547.1924 -5539.6187 -5528.7397 -5521.9712 -5515.5571 -5510.3857 -5508.6123 -5512.6865 -5509.8242 -5508.5601 -5514.8389 -5505.2271 -5499.9834 -5499.9038 -5498.0537 -5497.7456 -5499.3027 -5499.8003 -5494.6787 -5490.6187 -5486.1406 -5488.7183 -5496.291 -5488.6187 -5475.4424 -5468.1968 -5455.3467 -5442.7656 -5435.8882 -5425.6519
-5232.0938 -5371.7153 -5262.2197 -5341.2236 -5379.1426 -5269.2637 -5263.707 -5240.1738 -5309.3276 -5321.6104 -5245.6865 -5166.7017 -5198.8726 -5312.9844 -5285.4399 -5294.668 -5365.1909 -5342.6763 -5305.8267 -5317.1348 -5358.6309 -5398.3037 -5414.7095 -5439.4287 -5456.584 -5485.7842 -5474.9331 -5492.5391 -5535.4976 -5551.2583 -5546.9785 -5536.8774 -5522.6816 -5512.7671 -5507.6274 -5504.0981 -5507.9272 -5509.1152 -5509.1274 -5514.3638 -5508.3853 -5503.666 -5499.0645 -5496.8633 -5500.7539 -5506.4678 -5500.6025 -5491.2017 -5489.3228 -5488.4463 -5486.8008 -5485.6865 -5481.0703 -5472.6816 -5464.4043 -5456.021 -5443.2261 -5427.2368 -5417.4995
-5145.0264 -5594.5903 -5553.3042 -5207.7749 -5148.897 -5167.9468 -5242.5186 -5310.4106 -5394.5024 -5374.4814 -5328.6743 -5251.1426 -5210.9316 -5266.1582 -5244.0063 -5214.7334 -5357.9102 -5406.0986 -5357.2134 -5349.7285 -5337.3608 -5388.2021 -5432.5386 -5447.8892 -5441.7676 -5467.0522 -5460.3975 -5484.5698 -5543.3701 -5551.4194 -5546.165 -5541.2651 -5525.1216 -5515.2813 -5511.9458 -5507.6431 -5510.1118 -5514.6045 -5514.5698 -5516.5996 -5511.979 -5505.6816 -5505.207 -5506.04 -5501.4668 -5504.6738 -5500.9878 -5490.7915 -5491.2632 -5490.8511 -5488.8477 -5491.1245 -5481.2446 -5467.9404 -5462.917 -5458.3359 -5441.3076 -5424.3989 -5411.291
-5056.9063 -5467.29 -5522.0654 -5151.0664 -5053.5771 -5221.8521 -5318.6372 -5310.9707 -5387.1016 -5390.792 -5352.1191 -5267.8257 -5158.6802 -5225.2944 -5264.1333 -5229.0693 -5335.0698 -5402.5146 -5346.2715 -5328.7979 -5288.6895 -5370.0811 -5453.3452 -5462.9839 -5435.2124 -5483.9063 -5490.9399 -5491.3276 -5544.8394 -5553.6724 -5543.3291 -5534.5171 -5520.9082 -5515.6079 -5513.7651 -5510.02 -5509.7808 -5516.5645 -5519.5293 -5519.3228 -5517.7935 -5514.7383 -5517.0371 -5513.4541 -5499.7236 -5501.6045 -5503.1987 -5491.7695 -5492.7393 -5497.8755 -5492.0352 -5489.8535 -5478.4941 -5465.2612 -5459.7451 -5458.9775 -5445.3335 -5425.7046 -5410.3423
-5120.4819 -5368.7134 -5385.5894 -5137.8364 -5125.0181 -5346.3027 -5384.3291 -5288.7734 -5322.8398 -5406.8428 -5321.0366 -5213.0313 -5121.3071 -5213.7803 -5277.834 -5223.52 -5277.1787 -5383.6123 -5330.166 -5278.2056 -5273.3608 -5405.0498 -5491.9282 -5455.1504 -5431.3306 -5507.791 -5511.8052 -5482.5122 -5525.9429 -5540.9038 -5538.2983 -5530.5571 -5517.9893 -5517.5767 -5517.8765 -5513.1294 -5513.7173 -5521.0933 -5522.1191 -5520.9824 -5522.001 -5522.1348 -5521.2729 -5508.3237 -5492.729 -5497.2993 -5503.7231 -5491.8955 -5490.0649 -5498.9434 -5491.29 -5485.418 -5484.5405 -5469.0869 -5459.0791 -5472.9336 -5461.4575 -5434.3784 -5420.3193
-5302.3672 -5355.7485 -5294.2114 -5158.6265 -5239.543 -5468.3384 -5492.6143 -5405.2388 -5381.6973 -5485.0508 -5382.3608 -5220.1909 -5179.0049 -5219.521 -5202.8828 -5162.7002 -5258.0918 -5463.6929 -5457.8984 -5347.4917 -5322.9434 -5411.6016 -5476.543 -5424.085 -5416.5229 -5437.4888 -5465.7803 -5463.6514 -5497.7178 -5518.1421 -5534.3481 -5533.4648 -5521.3418 -5520.3857 -5520.5479 -5516.8193 -5523.0151 -5527.3564 -5522.6284 -5521.4131 -5519.916 -5520.0181 -5521.4189 -5508.1704 -5494.4336 -5494.2192 -5497.1401 -5488.5532 -5488.5435 -5497.4336 -5489.3735 -5487.25 -5499.7998 -5476.0747 -5463.0034 -5480.793 -5450.7637 -5429.8872 -5425.1953
-5388.2852 -5311.498 -5249.1626 -5219.8301 -5358.3784 -5517.7402 -5526.5649 -5494.9248 -5490.4316 -5526.6968 -5465.7705 -5391.2622 -5347.2163 -5254.4419 -5174.0938 -5138.9707 -5338.9224 -5560.4761 -5519.0137 -5430.3516 -5438.8086 -5424.9595 -5396.9497 -5405.1523 -5439.9438 -5393.1851 -5422.7959 -5459.8789 -5495.5078 -5508.8335 -5530.811 -5534.3247 -5525.9551 -5522.3853 -5520.1152 -5517.2515 -5519.5342 -5517.2412 -5515.0586 -5516.7285 -5516.1187 -5515.417 -5516.8442 -5508.438 -5501.3359 -5497.2773 -5495 -5490.4038 -5490.8418 -5495.6641 -5487.2729 -5482.1943 -5478.7876 -5455.7329 -5454.6797 -5451.4307 -5431.7827 -5437.9482 -5410.1025
-5219.2661 -5192.312 -5169.8008 -5121.1899 -5280.938 -5548.144 -5609.2749 -5522.0469 -5535.0098 -5544.5171 -5463.0757 -5426.606 -5401.5273 -5274.7549 -5187.522 -5093.355 -5296.5337 -5463.771 -5289.7222 -5287.5596 -5446.3691 -5424.6548 -5325.6235 -5355.5518 -5416.1377 -5406.7769 -5427.3643 -5461.1406 -5489.4072 -5504.4829 -5529.9497 -5534.2969 -5528.21 -5526.0347 -5521.4927 -5511.5439 -5511.1714 -5511.1196 -5511.3613 -5511.1021 -5508.0894 -5509.1504 -5510.6885 -5508.2744 -5504.6675 -5496.1001 -5494.0864 -5489.3037 -5485.1899 -5490.0073 -5483.5825 -5477.77 -5461.5801 -5446.2598 -5452.7407 -5450.7788 -5441.4819 -5461.4839 -5392.9614
-5115.1792 -5079.5083 -5062.7383 -4982.0215 -5037.6353 -5391.6426 -5681.2822 -5619.0962 -5424.0396 -5375.3647 -5411.7666 -5359.2251 -5393.7104 -5359.5313 -5234.4185 -5085.436 -5258.6035 -5342.2163 -5170.2188 -5203.4453 -5346.0537 -5369.8721 -5325.2056 -5355.9893 -5415.4121 -5474.7666 -5476.0474 -5475.4409 -5484.1157 -5511.3125 -5531.2583 -5531.8267 -5528.6587 -5526.355 -5521.0215 -5509.4639 -5508.3721 -5509.0229 -5507.9395 -5507.3525 -5501.3662 -5502.8574 -5505.9819 -5505.9976 -5500.9712 -5490.145 -5491.3735 -5488.5259 -5483.5796 -5483.1123 -5475.9678 -5466.7427 -5457.7202 -5453.3208 -5456.9863 -5459.0938 -5430.0728 -5429.9336 -5387.9639
-5168.6519 -5123.1079 -5092.188 -5089.1631 -5055.5464 -5252.6685 -5640.9497 -5756.1089 -5418.2427 -5263.2754 -5415.665 -5430.0332 -5440.0537 -5432.0576 -5279.2534 -5170.2402 -5324.0874 -5267.5112 -5206.2144 -5303.1685 -5390.9102 -5388.3584 -5371.2554 -5418.9414 -5442.5083 -5534.1665 -5530.3799 -5506.2046 -5504.1851 -5513.936 -5525.2056 -5529.3306 -5528.9009 -5525.6689 -5521.3853 -5511.793 -5509.1572 -5508.4106 -5506.8384 -5505.3306 -5499.1353 -5501.1958 -5501.7695 -5499.9688 -5496.5815 -5488.1479 -5487.1655 -5483.6191 -5478.6353 -5476.5708 -5471.1211 -5459.6636 -5464.5615 -5456.7627 -5434.2891 -5435.5508 -5418.6069 -5399.7109 -5398.7383
-5338.2627 -5323.4995 -5256.9619 -5297.5 -5398.2827 -5461.4995 -5569.6265 -5712.9521 -5516.1089 -5241.2607 -5279.2939 -5363.1792 -5393.9272 -5537.8174 -5450.8301 -5304.8042 -5341.3936 -5200.8691 -5262.8232 -5439.6768 -5538.0068 -5460.7769 -5431.7808 -5493.856 -5478.7363 -5522.4741 -5521.52 -5509.9546 -5498.271 -5496.1641 -5509.6973 -5519.5537 -5525.2173 -5525.7188 -5522.4219 -5512.3291 -5509.4341 -5505.9722 -5502.3628 -5502.8921 -5500.1045 -5499.3853 -5494.457 -5493.4722 -5489.8267 -5484.0483 -5486.0464 -5482.5342 -5475.4048 -5471.4795 -5468.7207 -5460.0117 -5454.3403 -5440.6978 -5413.29 -5396.8203 -5433.8042 -5400.6504 -5381.8613
-5321.3374 -5347.8896 -5345.8501 -5373.6021 -5588.3301 -5663.0332 -5545.3979 -5564.3535 -5531.7573 -5256.3691 -5189.8662 -5268.1704 -5401.9727 -5735.4727 -5657.1279 -5399.7188 -5307.8105 -5215.9219 -5358.2842 -5482.0889 -5541.7632 -5503.6914 -5496.3301 -5515.0342 -5497.7007 -5493.1636 -5486.4487 -5487.3052 -5472.3232 -5483.0903 -5498.5435 -5507.6553 -5519.9473 -5526.3813 -5522.5176 -5511.8491 -5506.7578 -5500.5454 -5497.6943 -5500.209 -5497.8491 -5493.147 -5489.0791 -5488.4131 -5484.2412 -5486.1362 -5488.8398 -5481.9434 -5475.4131 -5469.5903 -5468.2451 -5466.7598 -5445.8335 -5428.3091 -5415.8657 -5400.7495 -5452.2886 -5397.2236 -5331.2241
-5118.4355 -5178.771 -5341.0361 -5359.9443 -5452.0967 -5508.0293 -5414.6602 -5426.7617 -5523.5664 -5379.9224 -5291.1084 -5400.0093 -5556.8359 -5662.6616 -5414.6563 -5223.1831 -5233.3828 -5283.3755 -5459.9595 -5475.4673 -5506.5786 -5528.0835 -5536.3916 -5495.1626 -5446.9897 -5442.9741 -5451.6982 -5447.8716 -5439.8413 -5461.063 -5486.8159 -5502.8633 -5514.978 -5526.1157 -5521.9082 -5509.1509 -5501.3179 -5496.1382 -5496.6182 -5498.5908 -5493.9121 -5487.3794 -5487.4287 -5484.1948 -5479.5166 -5484.9736 -5483.6816 -5476.4102 -5475.5088 -5471.9624 -5469.3398 -5467.6152 -5447.6992 -5425.4634 -5408.7681 -5420.1108 -5457.6123 -5369.646 -5285.6851
-5080.1318 -5132.125 -5249.9941 -5198.4736 -5188.5698 -5316.8535 -5403.4619 -5483.3394 -5629.29 -5578.709 -5404.2891 -5559.645 -5633.4805 -5333.3979 -5012.4883 -5054.4165 -5225.9121 -5383.7744 -5509.5698 -5431.5664 -5445.959 -5505.834 -5505.2324 -5457.5498 -5414.2715 -5407.1128 -5410.1201 -5433.3794 -5436.0454 -5446.3564 -5472.8887 -5496.9624 -5508.8862 -5521.9824 -5521.8145 -5509.7373 -5500.3042 -5494.8936 -5495.4526 -5496.02 -5489.1885 -5483.0977 -5481.7563 -5478.5728 -5479.2363 -5484.3398 -5482.2656 -5476.2363 -5475.0752 -5472.0278 -5469.769 -5463.4775 -5444.5142 -5423.4858 -5393.7378 -5402.2534 -5443.9761 -5381.5742 -5292.2192
-5106.6221 -5114.52 -5095.5298 -5058.3188 -5062.8804 -5204.7207 -5472.3374 -5662.4819 -5687.2153 -5555.5542 -5412.5332 -5621.6201 -5542.584 -5165.2466 -5064.3267 -5235.5327 -5364.3311 -5459.6353 -5535.854 -5421.606 -5368.3262 -5424.6382 -5441.3364 -5415.9678 -5395.0396 -5387.7905 -5399.2412 -5447.3892 -5439.2754 -5433.1582 -5454.9233 -5481.293 -5499.8252 -5515.8345 -5520.1289 -5511.0967 -5501.8555 -5494.0034 -5492.2197 -5491.6787 -5485.459 -5482.875 -5478.1279 -5475.8066 -5481.1411 -5481.0688 -5477.8931 -5472.7183 -5469.2334 -5468.2305 -5468.1045 -5463.8022 -5445.6084 -5423.7837 -5397.8931 -5401.0972 -5428.5742 -5428.1138 -5355.4741
-5118.019 -5102.3701 -5081.7627 -5122.7603 -5142.3203 -5243.582 -5509.5742 -5711.7627 -5608.9771 -5373.4565 -5423.1035 -5606.1011 -5353.8037 -5215.4146 -5328.8086 -5471.9146 -5527.7212 -5467.8369 -5475.2554 -5393.269 -5340.7686 -5338.6743 -5382.6016 -5396.3911 -5381.3525 -5364.9761 -5396.3223 -5435.2949 -5434.9521 -5427.5405 -5445.1094 -5471.624 -5492.4482 -5507.9258 -5514.2554 -5508.8838 -5502.8521 -5493.9478 -5490.8613 -5488.3491 -5482.2607 -5482.3838 -5480.4321 -5481.1421 -5482.2979 -5473.1538 -5467.7905 -5465.9253 -5465.376 -5466.5703 -5464.0996 -5458.9336 -5445.1045 -5421.9297 -5401.9087 -5425.0884 -5422.7661 -5429.8379 -5419.96
-5194.6445 -5163.7407 -5126.7886 -5193.1045 -5287.4863 -5464.2695 -5574.3691 -5511.3496 -5413.3477 -5361.958 -5530.5176 -5544.8687 -5348.937 -5406.0352 -5451.9292 -5541.1782 -5551.3267 -5425.5684 -5388.1987 -5345.2979 -5357.0117 -5331.0635 -5344.5366 -5395.4858 -5385.9209 -5349.3271 -5381.6665 -5407.5967 -5425.3511 -5430.2227 -5442.5693 -5468.1011 -5485.7896 -5500.7188 -5511.4263 -5510.127 -5504.6021 -5494.6211 -5491.4253 -5489.6177 -5484.0557 -5481.8281 -5482.9033 -5485.8682 -5482.0801 -5468.8413 -5460.4082 -5458.9722 -5463.8408 -5464.8906 -5461.9326 -5456.9424 -5443.8877 -5431.6172 -5406.2979 -5420.2778 -5389.0898 -5376.9873 -5404.2212
-5274.2285 -5151.9229 -5037.127 -5209.292 -5496.2881 -5757.0439 -5687.1978 -5302.5356 -5226.4795 -5430.1763 -5551.7588 -5490.8628 -5427.7163 -5497.2422 -5387.1416 -5384.7192 -5448.1821 -5419.936 -5378.2031 -5353.9316 -5376.5605 -5343.2769 -5340.2139 -5408.1484 -5372.3955 -5340.4888 -5387.3564 -5410.2437 -5420.6436 -5431.3452 -5443.478 -5466.9556 -5481.6831 -5498.876 -5511.1772 -5510.2246 -5505.1406 -5496.6587 -5491.792 -5493.0542 -5491.0981 -5487.4312 -5487.189 -5485.0083 -5479.7383 -5471.7388 -5463.373 -5461.0376 -5465.5767 -5460.9229 -5460.2158 -5454.5532 -5438.9072 -5443.981 -5426.0142 -5405.1157 -5359.3115 -5371.0293 -5425.6509
-5293.7446 -5143.5977 -5049.2139 -5327.5991 -5650.5806 -5832.6245 -5685.96 -5330.5537 -5323.2378 -5489.5396 -5464.7588 -5473.6196 -5438.4019 -5477.7651 -5350.1484 -5253.7979 -5388.646 -5432.0718 -5349.0156 -5360.1387 -5386.7251 -5333.3784 -5322.9331 -5385.4419 -5360.6719 -5360.626 -5398.5654 -5410.0322 -5419.041 -5428.9316 -5444.3481 -5466.1177 -5481.4438 -5498.0669 -5508.3716 -5509.9536 -5508.6675 -5502.7319 -5495.0918 -5493.4458 -5492.0747 -5490.4644 -5488.5732 -5482.5469 -5477.7964 -5474.2285 -5466.3843 -5464.0405 -5464.623 -5460.1631 -5459.5605 -5448.9922 -5434.3843 -5444.1104 -5432.6216 -5389.5479 -5369.3882 -5407.0786 -5420.9326
-5196.3403 -5168.2783 -5282.7173 -5593.3687 -5687.1001 -5641.7676 -5616.6489 -5510.5576 -5562.3247 -5559.8818 -5415.0547 -5433.0288 -5439.6182 -5493.4463 -5432.5684 -5341.0703 -5407.0747 -5395.1685 -5308.9287 -5367.4351 -5397.9819 -5341.0303 -5329.9575 -5365.3647 -5384.5425 -5419.2095 -5408.6152 -5420.8105 -5452.5947 -5447.8916 -5454.252 -5468.0088 -5479.7725 -5491.2456 -5504.5796 -5511.0952 -5511 -5506.667 -5498.3516 -5494.1738 -5492.4263 -5487.0044 -5483.6313 -5482.4883 -5478.7197 -5473.4189 -5467.7979 -5465.686 -5463.1099 -5465.0049 -5461.6538 -5453.0435 -5446.8779 -5442.2393 -5418.3213 -5373.9805 -5384.479 -5404.436 -5357.2222
-5140.5459 -5236.4517 -5516.2954 -5707.8091 -5547.4341 -5356.1685 -5571.0977 -5664.4639 -5659.7993 -5616.3315 -5453.4238 -5379.8047 -5416.7202 -5463.1753 -5440.5239 -5431.9502 -5428.6685 -5394.3267 -5288.1475 -5363.2236 -5390.7456 -5343.6709 -5356.7412 -5379.4829 -5412.1021 -5448.8179 -5413.6792 -5453.48 -5492.0205 -5466.1802 -5468.7803 -5478.9019 -5482.564 -5494.3555 -5513.2275 -5513.6133 -5506.9648 -5502.5396 -5496.1597 -5495.2661 -5495.2485 -5483.7681 -5479.502 -5482.833 -5479.3887 -5473.0083 -5470.0879 -5470.481 -5469.3022 -5467.46 -5460.0908 -5450.625 -5443.6929 -5435.9805 -5414.1929 -5390.6318 -5382.1328 -5390.4502 -5415.3618
