Resources/Map/Lvl0_30x30/Ele_BJ.asc
ncols         335
nrows         335
xllcorner     10105000
yllcorner     3325000
cellsize      10000
nodata_value  -99999.0
[rows 108 to 134 of 335, columns 61 to 121 of 335]
2298.438 2264.1963 2336.9363 2398.5977 2218.0916 1986.1265 2212.1665 2016.433 1992.9081 2324.1653 2178.4346 2085.7903 2075.533 2181.8228 2131.1089 2142.5166 2284.6045 2244.7964 2112.7556 1914.4995 2058.0278 2181.6128 2277.2676 2333.7649 1885.6572 1779.8383 1721.2948 1937.4042 2053.8743 1922.2395 2007.6766 1870.2214 2020.6019 1882.6644 1923.4972 1976.6868 2053.146 2078.8301 2106.113 1934.1189 1742.9001 1696.9806 1585.3794 1664.3639 1962.9043 2009.0499 1925.4661 1945.5062 1648.0708 1543.7212 1517.5724 1618.2692 1540.1031 1982.1963 1829.0861 1732.2811 1629.3546 1656.8878 1372.275 1312.7645 1111.0557
2200.342 2083.5005 2345.8777 2313.2988 2525.1184 2619.9187 2485.3186 2192.675 2358.2051 2593.2532 2145.4011 2381.6279 2008.7739 1991.1642 2316.6011 2193.4888 2098.1375 2084.2358 2269.6819 2051.1274 2084.6328 2261.4609 2179.3342 2193.0386 2045.4308 2019.0443 1790.2108 1855.6058 1798.8401 1861.1803 1799.49 1990.7251 2044.4524 1859.246 1922.2665 1996.3158 2164.2854 2014.9409 2065.5837 2060.5745 1915.7415 1766.7859 1614.3584 1929.7257 2129.4543 1867.4073 2155.3381 2036.2306 1751.134 1834.1602 1888.0602 2066.1509 1815.4382 1539.1018 1599.6819 1515.2753 1400.9099 1685.3795 1295.1219 1150.0809 1540.7532
1967.3707 2044.7922 2073.8816 2223.4075 2389.0134 2283.0212 2713.325 2559.9146 2521.4888 2256.4768 2508.7734 2572.2363 2417.3914 2273.6067 2418.2952 2222.5161 2345.1221 2117.3315 2230.1086 2162.561 2175.8369 2343.3904 2304.408 2030.3975 1866.72 1943.5775 1991.7563 2016.4357 1822.3389 1974.2987 1895.8615 2040.4418 2085.2568 2112.6812 2142.9319 1974.6942 1919.7374 1959.6421 2022.9951 1933.1548 1887.0613 1772.463 1573.3406 1927.2422 1740.8284 1684.5317 1823.4182 1814.4854 1898.0741 1908.9978 1859.4583 1921.8381 1722.0488 1651.2804 1532.8359 1347.5446 1276.2648 1270.1801 1567.2065 1554.5779 1723.4424
2114.886 1813.9707 2087.1118 2207.4426 2079.4058 2137.5259 2281.3657 2338.2188 2238.9858 2209.8872 2498.3596 2447.3442 2561.7036 2597.8679 2505.3352 2536.6663 2369.6375 2385.4524 2259.408 2181.7942 2096.5083 2191.8984 2070.2422 1984.4706 2002.724 2071.9187 1941.5914 1951.6945 1668.8673 1843.295 2051.1992 1909.3538 1939.6178 2024.9661 2011.217 1962.5099 1885.6793 1851.7758 1756.401 1651.714 1553.3779 1546.4991 1686.3876 1966.3489 1836.177 1564.6476 1686.4087 1452.5559 1485.0907 1430.7782 1511.8188 1729.8114 1684.5742 1492.8029 1318.5393 1444.0906 1581.4598 1599.4178 1572.1213 1559.0892 1733.6729
1708.3488 1566.0289 1733.5042 1679.2715 1971.0247 2007.1208 2174.2744 2035.6239 1779.5543 2208.3621 2375.2651 2358.3123 2201.9141 2298.5 2512.1599 2560.5908 2482.2234 2280.2146 2303.4246 2299.5713 2318.6365 2241.8193 2044.6073 2026.494 2005.8132 2181.1223 2100.9727 2059.7288 1824.4088 1648.7057 1881.64 1917.566 1902.4144 1934.3815 1943.0488 1979.7451 2023.5642 1736.7024 1827.0126 1705.313 1735.2985 1931.0392 1883.9406 1948.0812 1831.1167 1815.7217 1750.4611 1741.5475 1716.4072 2007.4325 1784.8818 1698.1812 1461.0046 1640.4646 1470.8435 1645.7397 1586.6929 1806.6619 1619.9542 1573.1812 1614.4514
1465.7435 1433.6407 1456.1292 1452.224 1484.9768 1643.795 1684.8853 1690.424 1754.3514 2036.6738 2208.3506 2295.7664 2395.9312 2329.2629 2106.3467 2088.7163 2184.4167 2140.4436 2354.8262 2458.2571 2257.7451 2015.6428 2034.1224 2108.2986 2052.4426 2062.7993 2040.3154 2030.3383 1933.1683 1611.2255 1831.9349 1948.4858 1800.5184 1982.4573 1856.7064 1790.668 1856.4209 1770.5527 1544.6943 1640.4441 1598.0189 1786.1257 1592.3563 1714.0996 1720.6234 1796.6035 1806.8718 1652.8827 1710.1277 1738.3663 1546.1042 1660.1427 1564.8434 1516.2056 1591.2659 1671.1787 1726.8627 1735.8369 1703.0576 1509.8445 1451.9686
1528.8274 1474.2726 1633.5753 1862.1149 1909.278 1581.0645 1535.4949 1684.9396 1836.5892 1918.9172 2307.834 1959.0004 2061.6064 2120.2878 2286.9839 2311.1367 2347.1707 2172.0667 2324.1277 2488.2937 2130.2468 2175.0583 2202.4961 2237.0181 2158.3794 1985.3718 1891.8424 1815.4103 1850.4011 1847.6443 1857.1377 1703.3988 1525.0577 1792.9091 1824.1377 1825.8109 1657.9865 1581.0969 1453.0483 1400.8647 1516.2263 1340.8734 1320.781 1466.4689 1687.7958 1693.558 1726.671 1672.6497 1786.1782 1903.5808 1700.4413 1515.4772 1505.7529 1771.8995 1698.079 1969.5751 1821.2579 1854.573 1629.3379 1655.7192 1309.8639
1566.1063 1629.4766 1475.3293 1534.1067 1686.4604 1608.3107 1527.1582 1730.5647 1834.3251 1893.2517 1924.1351 1805.4363 2311.7419 2011.0563 2014.4832 1957.0779 1897.5144 1923.8984 2288.5251 2282.3689 2255.4102 2209.4993 2196.9575 2035.6874 1955.415 1896.9181 1900.7546 1872.0374 1861.4764 1867.6335 1772.8372 1670.8853 1525.9351 1638.5925 1783.071 1681.5543 1591.4576 1369.9047 1370.9546 1492.2855 1350.7831 1287.7908 1309.3422 1358.0026 1522.2169 1505.8857 1697.5657 1817.3143 1631.2863 1562.3085 1643.264 1455.3838 1670.9938 1516.6393 1623.7188 1758.7878 1502.0894 1705.983 1640.6487 1342.667 1449.3486
2019.1023 1916.5419 1628.4076 1758.4911 1656.1608 1763.3885 1617.7732 1650.7456 1686.1061 1867.174 1636.0907 1678.2882 1667.8616 1671.485 1670.2089 1711.2241 1732.4984 1880.5153 1996.9027 2025.6494 2059.2527 2136.9368 2039.6649 1966.321 1965.703 1938.2999 1879.5018 1890.8429 1976.0145 1939.1921 1796.9012 1777.5811 1511.2488 1622.1312 1965.787 2252.8469 1910.5663 1795.6741 1882.0791 1972.308 1891.3932 2230.2976 1859.9639 1640.6293 1648.2605 1300.2501 1554.6743 1495.5626 1793.5631 1577.2075 1437.7487 1350.3835 1627.2738 1547.5873 1377.0721 1340.7622 1246.9071 1486.074 1446.7339 1620.5228 1428.8812
1830.4697 1867.6965 1797.3926 1726.6278 1702.9865 1677.7523 1689.3303 1810.4962 1780.537 1671.0828 1759.7765 1901.6729 1974.0332 2061.8809 2002.5334 1997.9702 1892.0817 1929.0878 1796.2529 1779.3976 1795.9331 1847.9298 1936.002 1935.5171 1908.5824 1898.4093 2015.9607 2101.1868 2216.4067 2014.7432 1909.3209 1869.816 1953.5629 1999.5972 2000.9875 1994.7914 1884.8403 1886.0175 1934.0665 1940.2759 2156.657 2178.884 2043.2076 2246.1274 2147.5125 2046.2061 1928.4866 1632.2739 1315.5616 1609.1779 1626.3781 1463.4991 1248.4446 1151.4274 1133.0378 1120.2367 1213.0204 1221.6322 1054.757 1309.026 1174.8286
2066.1831 1908.7496 1850.5504 1985.8781 1906.2753 1871.3563 1937.5297 1894.9268 1815.4978 1827.1876 1821.2075 2009.6122 2161.8845 2186.4939 2056.7446 2035.1781 1945.1088 1888.5876 1802.2087 1778.9999 1777.9449 1793.2367 1833.4541 2018.4728 2004.3356 2007.2086 2056.9878 1982.144 1955.6691 1954.8478 2032.4624 2010.6537 2081.7124 2248.0051 2083.8584 1904.6421 1776.5167 1938.2324 1830.8424 1697.7452 1669.7676 1797.8965 1567.7382 1553.0546 1496.4987 1612.437 1642.6847 1601.731 1414.7936 1422.7711 1297.1033 1284.1619 1139.7084 1220.0261 1345.9469 1361.9407 1458.2695 1473.1487 1353.3007 1211.9786 1148.282
1825.8693 1757.0448 1763.7288 1736.6346 1743.6753 1779.2688 1829.4882 1829.3148 1918.0629 2174.1895 2065.6296 2200.6814 2268.9895 2270.9971 2240.7056 2200.5774 1985.3689 1872.9786 1833.5292 1833.9778 1853.7365 1849.4349 1882.8408 2043.5784 1994.3264 2101.0225 2052.6763 2032.4728 2005.2373 1942.4485 1931.8606 1887.2137 1921.3608 1908.8948 2021.7971 1979.4951 1920.3658 1792.7963 1876.8192 1702.0948 1931.3307 1751.2103 1802.1703 1700.9636 1790.5463 1750.6274 1808.5743 1865.6772 1514.1263 1450.4617 1284.8265 1438.7369 1505.9052 1481.3217 1485.4235 1569.2197 1406.9486 1386.61 1270.1635 1317.9794 1557.7235
1872.1412 1815.0081 1673.1759 1685.3611 1669.8641 1695.5505 1732.4047 1817.3237 1963.5764 2141.1633 2049.3628 1951.3042 2084.4639 2041.7592 2084.6941 2096.0825 2038.2888 2098.1943 1971.474 2005.9133 1982.5203 2068.0703 1912.6835 1988.672 2008.9031 2102.248 2231.0833 2317.3567 2227.2908 2111.6135 1998.3782 1909.4053 1913.2175 2124.9724 2127.0249 2048.594 2073.2839 2077.7366 2230.7969 2344.479 2044.5485 1841.7242 1880.5388 1881.2615 1603.1959 1635.0685 1668.9015 1493.2931 1265.7249 1226.4987 1516.1978 1517.0527 1486.2908 1899.8182 1802.6312 1566.984 1736.5594 1475.0693 1469.9192 1650.7242 1657.3829
2013.8645 2022.6736 1847.6005 1715.8418 1746.3147 1789.7126 1817.6318 1830.2365 1984.3221 1972.4771 2013.4114 2062.4739 2185.3167 2189.0837 2416.262 2096.5784 2271.4294 2449.3301 2372.7871 2322.335 2271.0325 2343.739 2387.8672 2462.5625 2510.7092 2213.1726 2393.6973 2403.3293 2367.699 2300.835 2406.6101 2257.2651 2081.0872 2119.1697 2205.8101 2148.7036 2117.3308 2119.5337 2243.6348 2166.1414 2075.886 2174.2144 1941.6268 2249.1328 1870.2975 1770.426 1342.516 1430.0039 1466.7736 1353.3855 1516.3658 1657.7754 1530.3141 1613.9296 1741.6965 1829.5106 1911.8469 1602.5392 1521.6947 1752.3605 1687.5543
1889.9658 1875.47 1764.4419 1995.9441 2112.1501 1966.3246 2109.2954 2358.5288 2121.5115 2036.9198 2103.1077 2004.6116 2068.0684 1974.3461 1989.5643 2365.626 2226.4529 2183.5798 1993.2305 2313.6123 2239.3442 2110.272 2053.2454 2044.5544 2136.7583 2453.1897 2314.7551 2190.0581 2162.6079 2295.1753 2293.7625 2436.9868 2287.2222 2254.4001 2095.7585 1810.3549 1789.3989 1830.5958 1740.9055 1669.3578 1783.365 1606.6163 1553.0541 1500.21 1513.103 1639.4673 1877.5686 1546.7214 1591.3423 1608.3176 1536.1028 1497.7909 1491.2458 1616.7684 1838.8176 1879.0337 1754.3021 1690.7952 1651.3928 1566.7896 1788.4579
2163.4673 2039.1908 1937.2992 1931.2373 1932.1812 1986.3314 1913.5906 1860.3317 1870.9153 1844.8832 1809.9478 1817.8766 1795 1813.6371 1984.7772 2089.929 2056.8577 2117.2827 1905.5182 2054.1462 2145.7578 2078.4507 1919.5975 2158.6448 2054.842 2211.7148 2117.5645 2133.8582 2221.6045 1984.5914 2024.3326 2180.061 2292.2739 2028.2446 2075.3037 2153.8835 2031.007 1768.0294 1555.9899 1818.2765 1573.147 1525.8165 1566.9032 1885.2089 2083.283 1668.05 1614.6359 1580.5496 1680.644 1456.3226 1777.3047 1663.7883 1686.2445 1693.7411 1827.5928 1693.4757 1626.709 1585.5516 1491.5758 1455.0928 1436.1226
2186.0913 2244.5693 2028.2035 2197.1914 2132.259 2052.4373 1901.0848 1855.1793 1837.0602 1838.882 1809.6234 1832.3475 1865.4558 1915.6947 1843.9392 1805.4913 1767.2689 1768.8813 1769.446 1794.0591 2074.6858 2057.4438 1770.0145 1959.8844 1829.8275 2032.2468 2072.6399 2068.0811 1892.859 2013.3964 2254.4365 1991.0558 2330.0657 2093.6284 1817.7118 2001.2 1822.2162 1618.9005 1521.0112 1783.121 1554.0447 1873.4056 1823.2882 1910.576 1853.4022 1508.7526 1572.2626 1946.7371 1995.8208 1769.4855 1929.4214 1884.9764 1767.4764 1838.3461 1655.613 1667.8961 1592.6495 1511.2164 1495.4263 1500.9323 1481.4255
2469.6577 2286.8108 2165.8638 2161.4319 2291.98 2273.095 2090.6453 2331.7922 2108.6145 2029.536 1890.9255 1967.5177 2025.4462 1910.714 1883.2764 1794.1281 1837.4028 1821.5594 1800.2031 1921.6592 1800.2006 1895.7703 2018.4575 1807.0206 1872.9296 1897.0944 1969.8602 1704.0747 1719.5627 1736.4598 1877.9332 1925.0272 1958.6316 2109.1865 1700.2286 1601.4896 1613.2253 1693.286 1872.8871 1869.9985 1616.652 1618.6008 1843.8519 1808.9753 1738.078 1571.4794 1895.1954 2179.8127 2173.9133 1926.2738 1908.5146 2064.8291 1896.7163 1713.0601 1614.9513 1574.6141 1596.0851 1464.0303 1470.1987 1512.2494 1589.882
2417.1794 2402.9524 2231.6038 2066.5525 2099.5212 2036.0609 1997.7585 2207.7041 2201.1038 2194.7219 2149.8811 2069.6716 2037.5601 1939.734 1820.0627 1851.427 1966.7292 2065.9534 2018.4357 2267.9331 2061.4707 2053.1372 2141.8801 2028.4946 2194.4771 2099.791 1828.3912 1885.5217 2098.7048 1938.592 1724.62 1839.8547 1660.5941 1735.3318 1632.5999 1825.7064 2076.4927 2137.3337 2183.3608 1956.6277 1816.1096 1967.0886 1985.6315 2150.0317 1933.4951 1737.3123 1770.5951 2087.6372 2355.46 2115.7786 1936.6808 2160.8984 2097.3435 1970.8458 1731.589 1676.8403 1510.8569 1530.5565 1726.7302 1662.7246 1752.979
2586.3669 2555.8416 2231.5857 2098.5579 2156.9231 2320.6663 2114.876 2327.3447 2421.7324 2228.1812 2123.2234 2110.9954 1976.8802 1848.224 1871.1676 1852.604 1924.4604 2096.3477 1974.9244 2294.804 2153.1643 2011.2194 1862.0337 2145.9968 2216.5544 1871.0339 1927.8372 1902.3636 2031.7828 1879.6945 1910.2601 2044.1454 1898.6924 2078.2673 1792.5905 1909.9293 1868.0813 1972.207 2207.1433 1987.6489 2101.3425 2189.7058 1967.9459 2450.1619 2593.823 2314.8386 2033.2137 1883.954 1994.3619 1837.3015 2163.1306 2080.6472 1825.0544 1737.5531 1706.9043 1632.7153 1520.0328 1542.3923 1665.3804 1707.9059 1560.9595
2124.1614 2181.4951 2247.6077 2271.5007 2197.0974 2403.3787 2333.022 2426.8093 2341.739 2282.9583 2118.1355 2087.0867 1888.527 1917.2766 2056.1404 2081.5193 1977.1458 2098.1111 2280.3003 2201.5535 2286.9026 2256.9045 2040.058 2224.3694 2297.0359 2367.0254 2276.6099 2119.7493 2265.5972 2092.4966 1965.8329 2258.4622 2278.7339 2040.5573 1920.9161 2044.9905 2090.4983 2280.5457 1925.4955 2006.882 2140.3196 2410.573 2462.5454 2549.4482 2154.8711 1939.7578 1841.2206 1737.7979 1833.074 1915.4825 2096.1494 2121.5278 1893.3512 1701.6624 1668.045 1608.3467 1554.7267 1571.3859 1582.8711 1847.0599 1758.6715
2114.9944 2261.7422 2281.1003 2339.679 2350.8567 2358.0186 2400.6306 2372.6318 2272.7288 2380.4119 2173.7927 1942.2201 2029.391 1916.3562 1949.3923 2183.1458 1925.2113 2027.6603 2008.9229 2034.392 2320.022 2284.583 2207.4143 2140.5322 2118.3811 2381.3884 2451.1406 2403.1375 2314.0488 2486.5039 2578.2751 2538.0586 2552.3521 2411.0254 2306.2671 2074.8855 2366.2808 2543.0757 2371.0227 2434.5754 2131.4768 2406.5566 2432.488 2282.0061 2183.2209 2040.2351 1832.9772 1814.4021 1813.7869 1875.0261 2186.7415 2101.0576 2033.3118 1806.0372 1676.158 1566.1053 1645.7527 1936.3271 1819.5703 1953.1974 1774.692
2543.5137 2375.2783 2280.033 2358.8677 2213.0513 2350.0103 2524.0759 2416.6313 2459.9912 2141.6504 2048.2939 2282.0771 2130.8403 2124.9946 2091.5889 2202.4824 2382.27 2044.9165 2298.8496 2249.9946 2235.1641 2491.072 2317.8286 2446.0154 2402.8733 2487.0227 2484.3154 2618.1201 2809.5056 2623.9355 2397.5537 2476.6475 2567.7173 2643.2495 2261.2866 2307.8862 2466.2822 2276.4629 2140.1313 2645.8948 2688.2017 2328.3701 2056.8608 2133.8447 1871.3472 1789.1777 1745.4791 1811.1816 2058.5322 2182.4128 2192.9849 1816.0946 1722.9619 1688.6589 1615.5125 1674.6602 1699.5989 1832.2671 1747.8943 1651.1168 1544.967
2582.5481 2591.5977 2400.5791 2705.2224 2320.5989 2156.459 2324.0837 2586.1687 2573.4612 2508.8831 2246.3491 2369.0212 2138.8 2138.5349 2354.5256 2333.1819 2357.498 2450.6616 2181.3298 2795.1851 2659.9751 2425.7786 2865.8416 2512.1965 2391.2744 2619.0959 2716.1575 2504.5398 2433.6633 2540.2874 2339.7502 2142.6167 2134.0562 2256.7615 2387.6179 2114.3552 2056.9465 2062.0291 2068.052 2066.7095 2053.751 2039.0944 2058.7317 1978.6378 1964.4639 2061.9514 2028.04 2201.5796 2040.8124 2245.6992 2041.3866 1945.7524 1901.2498 1661.9221 1642.4502 1695.3793 1825.6449 1821.2471 1681.4706 1556.8489 1559.0693
2084.0564 2161.9702 2174.3696 2078.425 2142.8882 2307.9126 2371.0542 2475.3706 2531.1086 2507.7178 2616.5701 2561.637 2391.3733 2339.3259 2198.1267 2369.3154 2419.0559 2663.9863 2445.0984 2533.0466 2366.9502 2838.4841 2595.4214 2897.9502 2650.9395 2795.7988 2775.3452 2452.7383 2216.8408 2290.7751 2286.3933 2213.572 2134.9541 2097.8037 2171.8408 2148.3137 2092.1836 2390.1821 2330.1133 2240.3928 2118.7344 2435.8223 2320.812 2008.0872 2037.5436 1858.4419 2058.145 2013.4641 2122.9878 2206.4355 2206.8752 2241.9949 1842.1108 1681.0012 1704.5179 1880.1055 2093.6274 1711.6381 1665.1632 1609.7173 1801.9208
2169.6169 2483.9736 2452.5732 2250.0281 2225.187 2588.6768 2711.283 2657.0261 2218.7651 2596.571 2638.7585 2539.353 2862.3677 2579.0256 2489.9668 2238.4141 2750.7881 2752.5469 2671.5784 2706.0525 2487.2439 2909.8811 2705.8684 2554.8328 2397.6372 2322.0901 2587.4395 2752.7866 2469.9983 2455.4463 2673.2217 2365.6609 2363.5642 2210.9485 2132.6902 2181.957 2318.4346 2546.0667 2265.9526 2129.1777 2232.2231 2164.3704 2411.5015 2196.3037 2141.3831 2014.3682 1998.0413 2045.5619 2267.1138 2381.511 2013.5414 1931.4683 1718.48 1843.0696 1889.77 2174.1172 1921.4893 1787.5131 1968.1903 2052.324 1769.4246
2265.0564 2123.0361 2081.0728 2093.5591 1883.2438 2040.1964 2256.4583 2016.9066 2430.7549 2486.1633 2688.7361 2674.2219 2953.5264 3045.7529 2788.7185 2872.6653 2758.4514 2834.094 3020.3784 2833.5608 2787.1748 2929.3701 2967.5178 2490.2009 2354.7476 2379.252 2701.2224 2475.6514 2627.3547 2726.8 2536.6484 2388.4592 2559.0381 2456.8972 2482.9153 2148.9753 2214.3413 2435.4067 2362.0181 2402.6367 2179.0427 2339.1497 2665.2588 2393.6138 2330.6304 1915.3931 2131.6377 2222.9849 2093.7495 1939.3635 1998.7714 1785.7104 1793.2825 2110.9631 2064.1106 1740.0845 1857.5505 1742.4873 1805.783 1754.9561 1736.2202
