Resources/Map/Lvl0_30x30/Ele_AE.asc
ncols         335
nrows         335
xllcorner     -6645000
yllcorner     6675000
cellsize      10000
nodata_value  -99999.0
[rows 0 to 26 of 335, columns 0 to 59 of 335]
-99999.0 -99999.0 -99999.0 -99999.0 -99999.0 -99999.0 -99999.0 -99999.0 -99999.0 -99999.0 -99999.0 -99999.0 -99999.0 -99999.0 -99999.0 -99999.0 -99999.0 -99999.0 -99999.0 -99999.0 -99999.0 -99999.0 -99999.0 -99999.0 -99999.0 -99999.0 -99999.0 -99999.0 -99999.0 -99999.0 -99999.0 -99999.0 -99999.0 -99999.0 -99999.0 -99999.0 -99999.0 -99999.0 -99999.0 -99999.0 -99999.0 -99999.0 -99999.0 -99999.0 -99999.0 -99999.0 -99999.0 -99999.0 -99999.0 -99999.0 -99999.0 -99999.0 -99999.0 -99999.0 -99999.0 -99999.0 -99999.0 -99999.0 -99999.0 -99999.0
-99999.0 -99999.0 -99999.0 -99999.0 -99999.0 -99999.0 -99999.0 -99999.0 -99999.0 -99999.0 -99999.0 -99999.0 -99999.0 -99999.0 -99999.0 -99999.0 -99999.0 -99999.0 -99999.0 -99999.0 -99999.0 -99999.0 -99999.0 -99999.0 -99999.0 -99999.0 -99999.0 -99999.0 -99999.0 -99999.0 -99999.0 -99999.0 -99999.0 -99999.0 -99999.0 -99999.0 -99999.0 -99999.0 -99999.0 -99999.0 -99999.0 -99999.0 -99999.0 -99999.0 -99999.0 -99999.0 -99999.0 -99999.0 -99999.0 -99999.0 -99999.0 -99999.0 -99999.0 -99999.0 -99999.0 -99999.0 -99999.0 -99999.0 -99999.0 -99999.0
-99999.0 -99999.0 -99999.0 -99999.0 -99999.0 -99999.0 -99999.0 -99999.0 -99999.0 -99999.0 -99999.0 -99999.0 -99999.0 -99999.0 -99999.0 -99999.0 -99999.0 -99999.0 -99999.0 -99999.0 -99999.0 -99999.0 -99999.0 -99999.0 -99999.0 -99999.0 -99999.0 -99999.0 -99999.0 -99999.0 -99999.0 -99999.0 -99999.0 -99999.0 -99999.0 -99999.0 -99999.0 -99999.0 -99999.0 -99999.0 -99999.0 -99999.0 -99999.0 -99999.0 -99999.0 -99999.0 -99999.0 -99999.0 -99999.0 -99999.0 -99999.0 -99999.0 -99999.0 -99999.0 -99999.0 -99999.0 -99999.0 -99999.0 -99999.0 -99999.0
-99999.0 -99999.0 -99999.0 -99999.0 -99999.0 -99999.0 -99999.0 -99999.0 -99999.0 -99999.0 -99999.0 -99999.0 -99999.0 -99999.0 -99999.0 -99999.0 -99999.0 -99999.0 -99999.0 -99999.0 -99999.0 -99999.0 -99999.0 -99999.0 -99999.0 -99999.0 -99999.0 -99999.0 -99999.0 -99999.0 -99999.0 -99999.0 -99999.0 -99999.0 -99999.0 -99999.0 -99999.0 -99999.0 -99999.0 -99999.0 -99999.0 -99999.0 -99999.0 -99999.0 -99999.0 -99999.0 -99999.0 -99999.0 -99999.0 -99999.0 -99999.0 -99999.0 -99999.0 -99999.0 -99999.0 -99999.0 -99999.0 -99999.0 -99999.0 -99999.0
-4139.8931 -4139.8931 -4139.8931 -4139.8931 -4139.7866 -4139.7817 -4139.7817 -4139.7817 -4139.7817 -4139.7817 -4139.7817 -4139.7817 -4139.7817 -4139.7817 -4139.7817 -4139.7817 -4139.7817 -4139.7817 -4139.7817 -4139.7817 -4139.7817 -4139.7817 -4139.7817 -4139.7817 -4139.7817 -4139.7817 -4139.7817 -4139.5244 -4139.2261 -4139.2261 -4139.2261 -4139.2261 -4139.2261 -4138.895 -4138.6699 -4138.6699 -4138.6699 -4138.6699 -4138.9834 -4139.1143 -4138.6978 -4138.5586 -4138.5586 -4138.5586 -4138.0933 -4138.0029 -4137.5127 -4137.8486 -4137.8916 -4137.8916 -4137.3525 -4137.3359 -4136.7803 -4136.7959 -4137.1919 -4136.6685 -4136.6685 -4136.5996 -4136.1128 -4136.1128
-4103.4717 -4104.6528 -4105.8335 -4107.0146 -4107.792 -4108.9541 -4110.1353 -4111.3164 -4112.4971 -4113.6396 -4114.2813 -4115.4624 -4116.6436 -4117.7349 -4118.4277 -4119.4937 -4120.2119 -4121.2524 -4121.8428 -4122.5991 -4123.6016 -4124.3833 -4125.3604 -4126.1675 -4127.1191 -4127.7095 -4128.3003 -4128.6948 -4129.0591 -4129.9424 -4130.8174 -4131.4082 -4131.6675 -4131.7598 -4132.1797 -4132.77 -4133.3604 -4133.9512 -4134.5415 -4135.1318 -4134.9727 -4134.8672 -4135.3257 -4135.4448 -4135.0913 -4135.0225 -4134.6504 -4135.1226 -4135.1782 -4135.1782 -4134.7686 -4134.7559 -4134.3335 -4134.3335 -4134.3091 -4133.9116 -4133.9116 -4133.7871 -4132.9116 -4132.9116
-4123.3965 -4124.8276 -4125.7114 -4127.0898 -4127.9473 -4128.7651 -4129.5835 -4130.415 -4131.7925 -4132.0508 -4133.002 -4133.2734 -4134.1709 -4135.3545 -4135.4336 -4136.6655 -4137.0308 -4137.2842 -4137.5342 -4137.7896 -4138.9116 -4139.4531 -4140.1299 -4140.9136 -4141.9478 -4142.3569 -4142.7661 -4143.1748 -4143.584 -4143.8916 -4143.8848 -4143.6812 -4143.2476 -4142.5156 -4142.0688 -4141.8652 -4141.2642 -4140.8574 -4140.23 -4139.8496 -4139.3457 -4137.8071 -4136.7617 -4135.6182 -4133.8896 -4132.5664 -4131.3403 -4129.9341 -4128.689 -4126.894 -4125.6367 -4124.4111 -4123.1851 -4121.959 -4120.6982 -4118.9551 -4118.2197 -4116.3311 -4114.229 -4113.0029
-3806.2266 -3816.6177 -3827.395 -3838.5522 -3849.3811 -3860.7935 -3872.2327 -3883.0452 -3894.2297 -3905.4158 -3918.4458 -3930.8118 -3943.5723 -3956.5525 -3968.9004 -3981.2869 -3993.1411 -4004.2859 -4015.2959 -4025.1165 -4034.343 -4041.9692 -4049.5957 -4056.8975 -4063.9829 -4070.8274 -4076.8215 -4082.8889 -4088.3069 -4092.5686 -4095.9954 -4099.4219 -4102.4922 -4104.688 -4107.0742 -4109.4678 -4110.9619 -4112.7793 -4113.7905 -4114.564 -4114.9819 -4114.6475 -4113.9302 -4113.1572 -4111.5464 -4110.6113 -4109.8384 -4108.1611 -4107.292 -4105.5713 -4104.1431 -4102.7344 -4101.3174 -4099.2954 -4097.8652 -4096.1304 -4095.0313 -4093.2363 -4091.4966 -4090.0879
-3086.3311 -3107.6843 -3130.2136 -3152.251 -3174.8477 -3197.8352 -3221.4824 -3245.4375 -3269.4656 -3295.2336 -3322.7991 -3349.0911 -3374.7107 -3399.7578 -3424.8557 -3450.3247 -3476.2454 -3501.7241 -3526.5127 -3550.1057 -3571.0901 -3589.2959 -3605.9395 -3621.885 -3637.6526 -3653.1477 -3668.0515 -3683.0732 -3696.426 -3707.5361 -3717.6167 -3727.6973 -3737.5735 -3746.6948 -3756.0066 -3765.9072 -3775.2563 -3785.8083 -3796.6326 -3807.2314 -3818.0457 -3827.9448 -3837.75 -3846.5703 -3854.8267 -3862.77 -3871.2344 -3878.3032 -3885.5073 -3891.7981 -3897.3901 -3902.9485 -3909.146 -3914.3533 -3919.9116 -3925.5217 -3931.7383 -3938.0347 -3944.9092 -3951.6755
-2841.4695 -2840.729 -2840.989 -2841.0466 -2842.668 -2842.4446 -2842.468 -2842.8252 -2842.5762 -2843.6755 -2845.4133 -2847.0383 -2847.6194 -2847.311 -2847.1792 -2847.9592 -2849.1611 -2850.8157 -2852.5625 -2855.2212 -2857.5288 -2859.2649 -2860.8953 -2863.6387 -2866.3823 -2869.5439 -2873.4543 -2877.4043 -2881.0044 -2884.4224 -2888.8967 -2894.3555 -2900.1958 -2906.1362 -2912.5515 -2919.585 -2926.9658 -2935.6064 -2947.1606 -2961.2224 -2976.1228 -2991.1123 -3006.3667 -3021.6953 -3038.697 -3056.3521 -3077.2915 -3101.7522 -3127.8389 -3154.3684 -3181.8901 -3209.4639 -3238.7314 -3268.395 -3299.4875 -3332.7461 -3368.8281 -3404.9517 -3441.1804 -3476.4106
-3011.3821 -2994.3987 -2977.8813 -2961.3984 -2945.5125 -2928.7515 -2911.95 -2896.5627 -2881.5955 -2867.5603 -2852.9561 -2839.1748 -2824.532 -2810.3301 -2796.9011 -2784.4546 -2772.6431 -2761.2488 -2750.3738 -2739.7371 -2729.9321 -2720.3496 -2711.8259 -2705.5676 -2699.7542 -2694.2026 -2689.3306 -2684.8584 -2680.5374 -2677.5891 -2677.4517 -2679.1719 -2681.3948 -2684.1672 -2687.8508 -2691.939 -2696.6885 -2704.3628 -2716.3496 -2731.3835 -2747.0981 -2764.1152 -2782.1011 -2801.0596 -2822.1614 -2847.5063 -2878.5874 -2912.7803 -2949.1274 -2985.9626 -3024.0938 -3063.6582 -3103.1938 -3142.3726 -3182.1812 -3222.2188 -3262.1365 -3302.054 -3341.679 -3379.426
-2994.6528 -2986.3384 -2978.748 -2971.8989 -2969.8645 -2968.157 -2967.1597 -2966.0515 -2965.2461 -2964.8467 -2966.168 -2967.0654 -2967.7368 -2968.6011 -2969.2781 -2970.7168 -2971.8098 -2972.9731 -2974.2859 -2975.2585 -2975.9224 -2977.0562 -2979.2275 -2980.8164 -2981.2148 -2981.0181 -2980.093 -2979.3364 -2978.5801 -2978.2649 -2978.8582 -2979.6487 -2980.2415 -2981.0071 -2982.9519 -2985.1348 -2987.238 -2989.9517 -2994.2351 -2999.5327 -3005.5332 -3012.7227 -3020.4653 -3028.5107 -3036.5073 -3046.5862 -3059.2234 -3072.4666 -3086.938 -3100.8608 -3115.0122 -3129.0498 -3141.3457 -3153.3096 -3164.5981 -3176.2449 -3187.3452 -3198.2693 -3207.6262 -3215.2532
-3016.2375 -3016.4453 -3016.4226 -3016.5994 -3019.2937 -3022.1597 -3026.0254 -3028.9075 -3032.489 -3035.4568 -3039.8687 -3043.9495 -3047.363 -3050.7351 -3054.0515 -3058.1599 -3061.8862 -3064.8481 -3067.0459 -3068.4026 -3069.25 -3070.7969 -3072.3613 -3072.406 -3070.6926 -3068.2974 -3064.9329 -3061.0571 -3056.8799 -3051.5457 -3045.0598 -3036.8975 -3027.9199 -3018.5066 -3008.6597 -2998.5623 -2988.3623 -2976.9785 -2965.1975 -2952.9688 -2941.2739 -2929.4937 -2918.178 -2907.0295 -2895.6565 -2885.094 -2874.9299 -2864.8035 -2854.2476 -2844.0867 -2833.9604 -2822.842 -2811.1501 -2799.4177 -2786.7576 -2775.2373 -2765.9351 -2757.822 -2748.7061 -2740.4482
-3041.98 -3044.0586 -3045.8784 -3048.3755 -3050.4529 -3052.4971 -3054.7869 -3056.0488 -3056.8257 -3058.0652 -3058.8193 -3059.4629 -3059.2949 -3059.6812 -3059.5898 -3060.1943 -3060.2898 -3060.3669 -3059.2114 -3058.1541 -3056.6702 -3055.4004 -3053.5339 -3051.762 -3048.8975 -3045.7188 -3041.7463 -3038.04 -3034.2324 -3029.6536 -3024.2996 -3018.4319 -3012.3328 -3005.6382 -2997.8997 -2990.2385 -2982.3672 -2972.8569 -2962.6697 -2952.3035 -2940.9187 -2929.582 -2918.5679 -2906.3799 -2894.5122 -2882.9951 -2871.5178 -2859.3589 -2847.5815 -2836.0859 -2823.8774 -2811.3855 -2798.8757 -2785.624 -2772.8438 -2759.5725 -2746.4133 -2734.1826 -2720.5591 -2707.8997
-2578.2415 -2596.2808 -2614.1885 -2633.0303 -2651.0037 -2668.1519 -2685.2666 -2702.9229 -2719.624 -2737.1848 -2752.9795 -2768.0251 -2782.8962 -2797.6919 -2810.7124 -2822.4114 -2833.1653 -2843.1794 -2852.2991 -2860.8562 -2867.6062 -2874.1111 -2879.6541 -2885.1003 -2890.2319 -2894.0205 -2897.1697 -2900.0896 -2902.9521 -2905.7244 -2907.1602 -2907.4033 -2907.281 -2907.0254 -2906.0569 -2904.8269 -2903.0212 -2900.0183 -2896.6011 -2893.1838 -2889.4309 -2885.1299 -2880.6907 -2874.6201 -2868.3242 -2862.0698 -2855.8154 -2847.9556 -2840.8118 -2833.7642 -2825.7466 -2818.4468 -2811.1563 -2802.8938 -2795.6492 -2788.8569 -2781.2249 -2774.457 -2767.4333 -2761.2478
-1864.4165 -1877.0343 -1889.0027 -1902.5632 -1914.5623 -1929.3687 -1943.5084 -1960.2788 -1976.9272 -1995.4128 -2015.1613 -2036.2996 -2058.4827 -2082.7332 -2106.4211 -2129.2114 -2152.8003 -2177.2637 -2200.948 -2224.2295 -2246.479 -2268.3975 -2289.272 -2309.553 -2329.1709 -2347.7883 -2366.4133 -2384.4812 -2402.9211 -2421.7959 -2441.6201 -2462.7539 -2483.7107 -2504.3096 -2524.7837 -2544.1555 -2562.783 -2580.6541 -2598.1868 -2614.5581 -2629.8611 -2642.3276 -2653.9441 -2660.6741 -2662.825 -2661.4956 -2656.1294 -2650.5601 -2645.9631 -2641.4622 -2638.3137 -2637.8135 -2638.22 -2640.0457 -2642.0356 -2643.6907 -2648.3462 -2654.7549 -2662.0264 -2669.905
-2224.6003 -2226.6311 -2224.5642 -2220.8311 -2215.8574 -2210.7073 -2202.0908 -2192.2566 -2181.6912 -2173.1594 -2165.8596 -2159.8623 -2155.7043 -2152.8828 -2150.7407 -2148.9712 -2149.636 -2151.4016 -2153.666 -2155.8792 -2157.7065 -2159.1611 -2160.9946 -2162.4001 -2163.7834 -2166.3862 -2169.1509 -2170.9548 -2172.7854 -2174.7371 -2175.6838 -2175.2832 -2174.562 -2174.1282 -2174.2004 -2174.3748 -2176.0391 -2179.0281 -2182.2336 -2186.3711 -2191.3657 -2197.2451 -2202.0535 -2206.7983 -2212.9294 -2219.4351 -2225.1641 -2231.6707 -2239.2214 -2246.8684 -2254.8643 -2263.4138 -2272.999 -2282.8955 -2291.0691 -2297.5457 -2304.7366 -2312.3828 -2321.0728 -2330.4402
-2431.1438 -2445.5957 -2458.7402 -2470.624 -2482.2551 -2494.5452 -2506.2332 -2515.8606 -2525.3066 -2534.1926 -2542.2896 -2548.9963 -2555.8999 -2562.0891 -2567.8335 -2574.0491 -2579.1167 -2583.47 -2587.0667 -2589.7842 -2591.8337 -2593.2656 -2593.6426 -2593.6445 -2593.1245 -2592.8682 -2591.8943 -2590.1672 -2588.0818 -2585.5242 -2582.2603 -2577.8369 -2572.8726 -2568.1025 -2562.7493 -2556.24 -2549.7214 -2542.3303 -2534.4224 -2526.1313 -2516.541 -2506.1284 -2495.3335 -2484.0369 -2473.0283 -2462.2429 -2452.2256 -2441.7078 -2432.0349 -2423.2566 -2414.5405 -2404.1538 -2393.8884 -2384.4919 -2375.6943 -2368.2158 -2360.9097 -2355.4861 -2352.7422 -2351.3018
-1798.9229 -1833.3572 -1871.4266 -1910.5413 -1952.1991 -1997.5422 -2045.6366 -2095.2754 -2144.9468 -2195.2063 -2243.6602 -2291.7654 -2338.6062 -2381.429 -2418.7441 -2451.3931 -2481.793 -2509.3445 -2533.8181 -2555.0369 -2574.3511 -2592.3428 -2610.1467 -2627.8997 -2645.5649 -2663.2302 -2681.1567 -2698.6902 -2714.7822 -2729.4568 -2743.1677 -2755.792 -2767.5247 -2778.2483 -2788.1245 -2797.2517 -2804.8528 -2812.2358 -2819.2097 -2826.4402 -2833.6814 -2839.4102 -2845.3582 -2849.9827 -2852.7747 -2855.2483 -2857.0793 -2859.4668 -2859.6655 -2861.395 -2862.4243 -2862.2822 -2859.4668 -2855.8699 -2851.5706 -2847.4639 -2842.2178 -2833.8774 -2824.5168 -2815.9602
-1348.9315 -1366.511 -1388.0481 -1415.0985 -1446.3422 -1480.0205 -1519.4591 -1564.745 -1612.7725 -1662.8057 -1715.7111 -1774.5912 -1835.3929 -1899.1117 -1963.8119 -2028.4631 -2091.7307 -2153.0066 -2211.5627 -2263.7402 -2311.875 -2357.4104 -2398.6189 -2434.9402 -2468.2639 -2499.7368 -2529.8005 -2558.0786 -2585.1184 -2611.5583 -2635.5618 -2657.1521 -2676.7849 -2695.4871 -2711.3562 -2721.9595 -2728.5754 -2733.0168 -2734.9407 -2731.5564 -2725.0498 -2716.5171 -2706.8704 -2692.5244 -2674.6162 -2656.938 -2639.3032 -2621.7556 -2603.0847 -2586.1917 -2570.196 -2558.5237 -2550.2527 -2543.7078 -2538.0271 -2534.259 -2533.2039 -2535.1831 -2539.0845 -2546.1711
-1436.756 -1438.0181 -1440.5873 -1444.6592 -1451.8157 -1462.9094 -1475.6301 -1491.8569 -1513.8953 -1538.0883 -1565.6067 -1598.5867 -1637.2317 -1679.7435 -1724.4879 -1771.9561 -1820.8038 -1869.262 -1917.0112 -1964.5702 -2011.348 -2058.2209 -2103.6978 -2147.7205 -2190.4849 -2232.4897 -2273.5425 -2311.6765 -2347.6707 -2382.6997 -2413.1887 -2437.3035 -2457.0989 -2475.0486 -2488.9629 -2497.8118 -2504.2769 -2507.7068 -2507.0874 -2501.4597 -2493.4871 -2484.3748 -2474.1953 -2461.116 -2446.3694 -2430.7026 -2414.9036 -2396.6416 -2376.2905 -2355.0691 -2333.8828 -2312.2551 -2290.9758 -2269.0703 -2250.1106 -2234.0493 -2219.0476 -2203.9087 -2191.9661 -2183.6794
-1453.3625 -1456.2058 -1459.9705 -1464.7793 -1469.8757 -1476.1687 -1482.5847 -1490.2173 -1500.1339 -1510.3243 -1522.5233 -1535.1967 -1549.3826 -1565.6367 -1582.8557 -1600.464 -1619.3636 -1640.189 -1663.1675 -1688.8259 -1716.1099 -1744.084 -1772.3137 -1800.0466 -1825.9009 -1851.7115 -1876.64 -1899.4159 -1920.996 -1941.0898 -1958.9246 -1973.7787 -1986.0308 -1997.1764 -2006.4884 -2014.7001 -2021.5284 -2027.4701 -2033.1208 -2038.4299 -2042.8867 -2047.7352 -2054.2207 -2061.7036 -2070.0562 -2080.1072 -2094.5505 -2110.2983 -2124.2795 -2138.0024 -2149.9155 -2161.6624 -2171.4675 -2177.3096 -2179.7009 -2182.1501 -2182.05 -2173.9785 -2164.1929 -2153.0334
-1404.2074 -1406.3002 -1408.4364 -1411.5121 -1415.5863 -1420.7015 -1425.8607 -1432.0438 -1438.2798 -1443.5911 -1448.9933 -1454.4009 -1459.8646 -1466.0094 -1475.6681 -1485.9521 -1495.9327 -1507.5391 -1519.762 -1533.5626 -1547.7422 -1561.6896 -1574.0153 -1585.5281 -1594.4834 -1604.2369 -1614.6769 -1623.1409 -1629.4928 -1636.7098 -1645.8032 -1656.2872 -1668.6429 -1682.9376 -1702.0815 -1723.8846 -1745.6248 -1765.3777 -1781.4758 -1796.3682 -1810.5109 -1822.9482 -1834.2402 -1846.1522 -1859.1084 -1873.1494 -1887.5706 -1902.0682 -1919.1285 -1936.4545 -1953.688 -1971.8612 -1989.9771 -2008.8533 -2027.5969 -2047.4799 -2070.0176 -2092.907 -2114.4238 -2133.0347
-1395.3009 -1395.2249 -1395.2772 -1394.4431 -1396.3457 -1396.5605 -1398.6406 -1399.8153 -1402.0062 -1405.1246 -1408.3293 -1412.5514 -1417.7908 -1423.9126 -1430.4722 -1438.8893 -1447.8838 -1456.3751 -1465.8975 -1475.9167 -1485.2277 -1494.8539 -1505.4534 -1515.9528 -1525.8986 -1536.2673 -1545.9103 -1555.6177 -1565.1978 -1575.3262 -1587.0548 -1602.9504 -1622.8691 -1645.3132 -1666.3151 -1684.5662 -1700.7827 -1714.912 -1725.5334 -1734.8888 -1744.9553 -1755.2408 -1766.2665 -1778.3246 -1790.6105 -1802.9231 -1816.9583 -1832.1475 -1848.425 -1866.651 -1885.9666 -1907.2915 -1930.6658 -1955.134 -1981.5818 -2008.9998 -2036.4927 -2064.0059 -2091.2 -2116.1196
-1374.8091 -1377.7324 -1380.7876 -1382.9086 -1384.9519 -1386.989 -1389.0328 -1391.051 -1392.1212 -1394.1027 -1395.2205 -1397.2722 -1399.1957 -1400.39 -1402.626 -1405.5131 -1407.8018 -1410.887 -1414.5037 -1419.6311 -1425.0636 -1431.8674 -1440.4039 -1449.6068 -1458.808 -1468.0106 -1476.771 -1485.8759 -1495.1274 -1503.8164 -1513.5514 -1523.7926 -1534.6195 -1545.9026 -1559.0255 -1573.9847 -1589.9769 -1609.7261 -1633.2585 -1659.1825 -1691.6713 -1730.1772 -1769.9336 -1811.3192 -1857.2905 -1905.8934 -1953.0688 -1993.6647 -2028.827 -2052.1831 -2057.2605 -2055.4797 -2054.5374 -2053.499 -2049.5784 -2046.3824 -2040.9813 -2042.1935 -2052.4763 -2069.8657
-1323.7601 -1325.7689 -1327.792 -1330.7343 -1332.824 -1336.7698 -1338.8193 -1341.8662 -1344.8945 -1347.9241 -1350.9713 -1354.0166 -1357.0474 -1360.0946 -1362.9685 -1365.2075 -1368.2588 -1371.0822 -1373.3862 -1376.4387 -1379.2017 -1381.5955 -1384.3341 -1386.4159 -1388.4977 -1390.5873 -1393.1127 -1395.7517 -1397.8613 -1399.4736 -1401.6199 -1404.7426 -1407.8547 -1412.1493 -1417.2858 -1423.67 -1430.7932 -1439.9475 -1450.7776 -1462.6343 -1476.2432 -1490.396 -1506.8905 -1523.257 -1540.243 -1559.1136 -1576.5586 -1593.7423 -1610.0194 -1625.2717 -1636.6432 -1648.7838 -1660.9541 -1673.1423 -1685.3705 -1698.7229 -1714.6589 -1737.0294 -1760.9216 -1788.9222
-1268.9979 -1269.0884 -1269.9592 -1270.9021 -1271.88 -1272.8607 -1272.8822 -1274.8624 -1275.8413 -1276.847 -1278.8083 -1280.6636 -1281.7714 -1283.7264 -1285.6464 -1287.5742 -1289.7473 -1292.4465 -1294.3663 -1296.5847 -1299.568 -1302.8689 -1306.8329 -1310.812 -1314.8174 -1319.2247 -1323.8054 -1328.3153 -1333.8693 -1339.4734 -1345.1128 -1351.245 -1356.8503 -1363.234 -1369.8787 -1376.135 -1381.7836 -1388.3846 -1394.2678 -1400.2711 -1405.8193 -1411.8354 -1418.1239 -1424.3887 -1430.6111 -1437.6162 -1443.8887 -1450.9248 -1458.004 -1465.0754 -1472.147 -1479.1381 -1486.0996 -1494.033 -1501.0383 -1509.1614 -1519.0063 -1528.5671 -1541.6584 -1555.3391
