Resources/Map/Lvl0_30x30/Ele_DJ.asc
ncols         335
nrows         335
xllcorner     10105000
yllcorner     -3375000
cellsize      10000
nodata_value  -99999.0
[rows 275 to 299 of 335, columns 0 to 56 of 335]
-4634.835 -4788.6299 -4976.4063 -5003.6431 -4918.4531 -4921.4424 -4953.9663 -4809.3335 -4924.666 -5022.9526 -4852.311 -4666.2334 -4782.0464 -5010.127 -5137.4399 -4999.6279 -4827.8521 -4661.1943 -4530.2061 -4725.082 -4901.9717 -4918.6797 -4946.7505 -5005.5801 -4957.7227 -4838.0146 -4651.3018 -4790.3979 -5072.7397 -5083.4634 -4961.979 -4957.2202 -4972.4136 -4774.7217 -4716.6846 -4859.4365 -4902.5952 -5004.6724 -5075.7944 -4983.9707 -4971.4873 -5018.2266 -5020.1768 -5151.1738 -5264.9463 -5252.5132 -5207.1367 -5199.1782 -5206.9438 -5165.7095 -5117.0913 -5143.5874 -5213.603 -5249.6865 -5472.2871 -5710.3999 -5120.623
-4689.7534 -4713.3647 -4927.1055 -5054.7661 -4976.2524 -4944.6807 -4947.2134 -4846.647 -4865.1636 -4971.4263 -4757.5303 -4645.3022 -4867.8779 -4986.603 -5056.2871 -4955.3301 -4851.8193 -4651.7168 -4453.8862 -4529.9268 -4780.6108 -4868.688 -4926.2446 -4984.7266 -4918.2842 -4788.752 -4664.8521 -4853.3306 -5137.23 -5144.1343 -5022.2593 -4957.7622 -4953.9761 -4833.7788 -4731.5234 -4787.3892 -4892.4956 -5013.832 -4993.8467 -4787.0781 -4823.6167 -5024.5879 -5057.3623 -5179.7358 -5316.2153 -5260.3267 -5218.8911 -5257.1099 -5190.1729 -5147.9072 -5205.2529 -5261.2788 -5303.1328 -5279.7524 -5454.7041 -5648.5825 -4943.4658
-4861.4771 -4774.4316 -4821.6885 -4921.8071 -4901.8047 -4877.6787 -4846.8789 -4709.9282 -4867.6519 -5245.9897 -4792.6279 -4414.7681 -4747.1924 -4962.8472 -5077.2124 -4853.9453 -4695.8809 -4727.7637 -4550.7046 -4499.832 -4720.9927 -4875.8643 -4936.1831 -4922.9355 -4869.1899 -4854.1855 -4784.9814 -4865.0962 -5187.8374 -5290.8584 -5092.8022 -4962.415 -4934.0083 -4818.7241 -4772.1333 -4823.7671 -4963.7979 -5101.8379 -5121.0889 -5007.1436 -4971.0283 -5056.0205 -5025.0264 -5127.2324 -5305.1694 -5217.9116 -5208.8564 -5323.3418 -5276.3101 -5168.4771 -5195.4878 -5270.8838 -5285.7246 -5250.5732 -5402.7681 -5517.5283 -4922.478
-4900.0605 -4824.9009 -4768.187 -4770.4946 -4807.0127 -4802.936 -4710.9956 -4542.4033 -4877.3223 -5384.2129 -4795.6406 -4302.8457 -4655.9497 -4902.4785 -5078.6904 -4795.6733 -4380.3223 -4576.187 -4678.4395 -4658.8047 -4777.2046 -4879.0977 -4887.1294 -4860.2969 -4863.7974 -4963.7485 -4797.2905 -4431.8823 -4673.2456 -5240.1387 -5195.939 -5048.9092 -5031.4355 -4821.9175 -4739.8135 -4835.1318 -4981.6367 -5124.5405 -5159.292 -5075.2109 -4877.8999 -4861.3306 -4989.0083 -5156.5269 -5293.585 -5255.6152 -5252.248 -5375.2368 -5366.269 -5217.9053 -5160.7983 -5223.9023 -5287.4863 -5253.6709 -5356.752 -5460.5718 -5267.8198
-4872.1284 -4668.2554 -4663.4688 -4736.4761 -4765.0732 -4742.7202 -4607.4458 -4484.481 -4903.0938 -5323.5269 -4774.5439 -4351.6787 -4636.3291 -4731.2515 -4951.3638 -4917.0693 -4403.0557 -4379.3667 -4699.5576 -4749.9883 -4700.0679 -4559.0073 -4544.9087 -4785.9351 -4910.5107 -5004.8145 -4764.0542 -3951.8594 -3933.71 -4998.3706 -5295.3271 -5176.8438 -5081.812 -4843.73 -4725.8555 -4745.5894 -4939.855 -5153.1855 -5123.9092 -4927.7749 -4756.1729 -4902.5093 -5093.6294 -5154.3618 -5134.7412 -5137.0898 -5217.1162 -5361.7173 -5342.6299 -5265.2339 -5189.564 -5152.0581 -5239.021 -5276.8315 -5332.0176 -5384.9629 -5413.5068
-4957.2075 -4688.0762 -4640.0972 -4743.0923 -4818.6035 -4843.8193 -4637.3608 -4483.958 -4836.978 -5130.0313 -4797.0825 -4415.5913 -4537.3306 -4550.5068 -4787.2988 -4978.6816 -4661.4854 -4395.4355 -4413.9077 -4504.5898 -4624.0645 -4430.9526 -4333.9248 -4629.8062 -4753.6367 -4864.98 -4809.1816 -3917.5322 -3589.4507 -4732.0693 -5337.563 -5242.623 -4981.3174 -4777.6147 -4682.2319 -4620.8926 -4837.5269 -5077.4585 -5053.0352 -4983.6812 -5010.4507 -5077.9839 -5008.5527 -4975.541 -4974.5293 -5027.9712 -5143.6807 -5319.7485 -5282.8154 -5282.4258 -5267.2427 -5102.3193 -5076.853 -5248.5645 -5348.0005 -5352.2344 -5352.9458
-4978.4238 -4772.8115 -4817.3804 -4781.9941 -4674.1875 -4802.9512 -4669.6455 -4474.3467 -4749.9995 -5047.5776 -4797.8896 -4319.8325 -4408.2725 -4515.8403 -4670.333 -4949.0854 -4808.958 -4556.4985 -4488.9028 -4642.4253 -4820.8892 -4741.3281 -4643.1968 -4753.2969 -4739.8477 -4751.519 -4827.6099 -4199.1152 -3822.9819 -4662.1787 -5281.6372 -5209.5815 -4877.5654 -4620.1792 -4591.7832 -4695.4648 -4861.0347 -4956.8916 -4946.2031 -5025.8188 -5163.6177 -5037.1284 -4793.311 -4860.4907 -4929.8521 -4969.6006 -5094.1284 -5244.418 -5256.4219 -5292.2412 -5288.0566 -5214.5415 -5120.8003 -5243.6191 -5331.0151 -5202.8623 -5228.5649
-4867.585 -4711.2563 -4783.6123 -4796.1968 -4640.2759 -4706.3438 -4633.6602 -4423.7476 -4647.1357 -5132.3345 -4870.0137 -4242.0518 -4389.3389 -4491.5269 -4480.3794 -4874.0557 -4801.6836 -4647.9746 -4805.959 -4972.3296 -5002.2485 -4909.6016 -4827.1689 -4871.9902 -4745.3408 -4612.8975 -4765.8125 -4415.8159 -4190.4355 -4759.1724 -5178.147 -5036.4854 -4673.2144 -4505.5332 -4643.7275 -4810.896 -4821.1602 -4808.4277 -4895.3608 -5054.4004 -5184.5264 -5043.2773 -4760.4668 -4830.5542 -4966.4214 -5067.9634 -5166.5415 -5240.1021 -5328.3115 -5333.9761 -5234.1772 -5202.8735 -5204.6934 -5255.5742 -5212.8037 -4997.6074 -5035.9614
-4972.9092 -4847.9229 -4751.9883 -4815.7739 -4800.8359 -4734.7568 -4715.9487 -4535.9775 -4636.3159 -5118.6187 -4836.1035 -4242.2954 -4475.9082 -4457.0742 -4272.8784 -4683.4946 -4787.5234 -4786.6084 -4892.189 -4897.2739 -4811.834 -4731.5962 -4748.7407 -4827.0444 -4748.9009 -4671.7246 -4746.2686 -4519.2852 -4482.875 -4901.3218 -5111.1353 -4886.3052 -4587.9619 -4517.2378 -4671.1968 -4782.9526 -4738.0737 -4785.4692 -4965.958 -5133.936 -5208.917 -5095.7046 -4908.4893 -4957.4102 -5108.9277 -5265.0625 -5284.9243 -5276.7344 -5344.314 -5253.4448 -5182.084 -5214.2061 -5219.8853 -5203.9844 -5130.7456 -5020.5322 -4957.1221
-5064.2041 -4971.1958 -4841.4009 -4852.2847 -4864.5718 -4832.8506 -4856.5361 -4740.1489 -4713.4648 -4954.3481 -4861.9951 -4316.5977 -4359.4761 -4367.564 -4248.4932 -4647.5967 -4765.1396 -4725.542 -4743.228 -4838.8306 -4832.3721 -4773.4165 -4824.832 -4846.4194 -4787.1489 -4679.478 -4672.749 -4759.1611 -4822.8701 -4952.6895 -4919.4624 -4648.4653 -4511.2197 -4569.8696 -4767.272 -4834.6123 -4762.2578 -4788.5288 -4930.4321 -5113.1631 -5213.27 -5124.0576 -4998.2056 -4997.2852 -5141.998 -5268.4971 -5222.7676 -5233.2896 -5249.6211 -5166.6602 -5140.1855 -5187.2075 -5171.1899 -5116.6763 -5079.0381 -5009.7476 -4985.8911
-4986.6011 -4890.4512 -4770.5303 -4783.2578 -4769.5293 -4804.2896 -4854.7427 -4724.083 -4700.4238 -5043.0854 -4978.8086 -4286.1895 -4343.2666 -4354.106 -4321.8569 -4688.2964 -4689.7261 -4599.6084 -4616.8115 -4793.9858 -4854.7188 -4756.9751 -4718.2144 -4766.5415 -4771.334 -4535.6294 -4472.6558 -4793.4414 -4910.9717 -4998.5522 -4944.6025 -4560.5352 -4443.064 -4624.936 -4800.2964 -4770.4565 -4673.23 -4743.8164 -4890.3369 -5040.27 -5107.7651 -4973.3667 -4773.3857 -4867.9067 -5050.229 -5036.5049 -5095.2188 -5259.8882 -5233.3882 -5201.7158 -5166.8921 -5041.1929 -4950.3091 -4945.5103 -5003.0869 -5081.2183 -5169.8281
-4895.77 -4849.3564 -4744.4497 -4723.6733 -4700.0352 -4723.7217 -4767.0059 -4550.9102 -4541.0361 -5079.6104 -5018.6528 -4362.894 -4515.0581 -4500.02 -4343.147 -4617.0142 -4515.7124 -4392.063 -4431.2129 -4586.0542 -4760.2329 -4770.4468 -4694.5942 -4710.5493 -4780.6294 -4596.6006 -4603.9116 -4779.4189 -4821.8862 -4930.4072 -4859.4175 -4524.1475 -4432.6577 -4503.6006 -4560.6001 -4600.7188 -4615.5659 -4693.3296 -4840.9316 -4967.3604 -4881.6924 -4747.0098 -4735.249 -4906.1787 -4922.8662 -4863.8169 -5086.9648 -5317.394 -5171.0732 -5040.2422 -5025.7354 -4852.0327 -4816.7808 -4931.3984 -4995.127 -5212.5137 -5284.6172
-4815.1436 -4721.8604 -4573.1655 -4711.374 -4818.1299 -4682.2451 -4620.0581 -4524.6484 -4500.6328 -4995.0151 -4956.3584 -4335.9985 -4472.0576 -4592.3418 -4482.4658 -4635.4746 -4459.2896 -4303.1504 -4416.7734 -4538.4663 -4636.3828 -4732.6299 -4760.271 -4782.9775 -4825.7202 -4674.7324 -4683.6426 -4712.3647 -4740.1689 -4818.0288 -4595.25 -4369.6797 -4421.0938 -4492.2012 -4600.7104 -4651.7554 -4583.8076 -4540.9897 -4674.0205 -4879.853 -4881.9795 -4839.1621 -4858.2964 -4874.1021 -4852.9849 -4960.2163 -5108.1675 -5113.4146 -4986.6465 -4891.3545 -4920.2397 -4913.0928 -4928.4175 -5075.1572 -5140.4858 -5218.6875 -5185.6797
-5012.6582 -4809.6953 -4565.2559 -4674.5225 -4846.5874 -4708.8564 -4567.959 -4523.2529 -4570.5073 -4976.0098 -4964.5054 -4405.0596 -4374.5322 -4541.5938 -4517.8521 -4569.583 -4510.498 -4349.666 -4185.2217 -4275.5161 -4515.3481 -4600.4414 -4549.7363 -4572.3584 -4688.3496 -4675.0132 -4683.1792 -4592.5962 -4609.8979 -4719.9541 -4490.5034 -4367.6509 -4394.5981 -4462.5015 -4662.332 -4603.6558 -4364.6274 -4314.2002 -4590.8477 -4914.2446 -4899.5024 -4708.6846 -4672.853 -4829.4717 -4979.0303 -5027.0562 -4998.0679 -4886.895 -4959.1602 -5050.0703 -4991.9331 -5033.4043 -4952.7485 -5068.73 -5205.3403 -5088.6895 -5115.8359
-5147.2627 -4957.4673 -4722.9976 -4687.9463 -4782.9063 -4776.1206 -4623.6948 -4504.0391 -4697.9897 -5082.0913 -5066.1636 -4649.8315 -4570.6455 -4571.8071 -4418.4883 -4264.6245 -4464.2422 -4403.8945 -4130.1606 -4321.1704 -4650.8936 -4631.272 -4379.6152 -4265.7529 -4348.6406 -4499.8125 -4647.0098 -4660.7998 -4636.0698 -4627.7065 -4459.3086 -4414.2837 -4425.3408 -4446.8198 -4627.6753 -4590.4395 -4399.021 -4383.7256 -4560.9487 -4753.231 -4741.6748 -4620.3467 -4646.4976 -4822.8921 -4881.6479 -4804.8486 -4872.6836 -4856.3276 -4947.5283 -5018.3428 -4936.4336 -4958.7505 -4976.2886 -4976.8472 -5060.9805 -5031.2617 -5045.7896
-5067.9302 -4893.4658 -4789.7979 -4835.9883 -4864.2979 -4835.7783 -4696.1348 -4615.9561 -4798.3765 -5127.3442 -5026.1924 -4497.8652 -4447.0391 -4619.7383 -4421.9707 -4247.3242 -4398.8926 -4533.8369 -4677.3159 -4702.1489 -4707.0684 -4652.772 -4459.2749 -4301.666 -4222.3374 -4310.876 -4524.5278 -4701.9395 -4666.8286 -4579.3062 -4570.0059 -4519.5913 -4505.4741 -4605.064 -4706.9214 -4678.5498 -4636.418 -4668.5884 -4696.4731 -4725.7495 -4726.1108 -4708.5254 -4609.6582 -4537.7417 -4633.8091 -4803.9639 -4961.1875 -4928.6743 -4814.7686 -4724.8691 -4854.8594 -4881.8535 -4948.3418 -4963.834 -5020.4131 -5066.77 -4955.7202
-4852.689 -4773.2021 -4878.6914 -4923.1709 -4856.5479 -4804.687 -4646.0649 -4640.2559 -4867.2681 -5126.8726 -5038.397 -4528.127 -4635.7827 -4666.5674 -4500.2739 -4703.4604 -4720.8242 -4722.7183 -4731.0444 -4539.1582 -4461.9941 -4590.1738 -4637.2505 -4601.5713 -4496.0112 -4480.1567 -4603.9307 -4666.3291 -4602.1655 -4508.8047 -4519.1753 -4475.2144 -4520.7979 -4694.0498 -4689.3325 -4588.896 -4595.3799 -4681.0371 -4694.769 -4670.9258 -4634.7178 -4562.5161 -4423.9429 -4391.6606 -4666.1353 -4998.1528 -5005.377 -4760.8711 -4626.7539 -4751.2461 -4894.7534 -4812.2939 -4875.6426 -4815.0273 -4829.731 -4860.3101 -4872.3257
-4941.2427 -4789.6387 -4868.1514 -4890.9219 -4869.4604 -4817.5547 -4611.8848 -4561.6191 -4853.5562 -5116.3145 -5013.54 -4416.7744 -4589.3198 -4688.2651 -4616.1704 -4761.9658 -4624.6865 -4566.6582 -4422.9692 -4419.6719 -4486.7339 -4652.23 -4682.7012 -4649.0205 -4680.7002 -4688.3164 -4630.3105 -4532.3545 -4503.1538 -4511.603 -4589.4717 -4602.0137 -4636.4507 -4691.8228 -4619.6714 -4556.834 -4550.2051 -4554.0986 -4569.249 -4621.0483 -4604.3989 -4522.5376 -4492.7422 -4625.6958 -4811.1226 -4925.7617 -4892.5933 -4683.5112 -4704.2886 -4874.2939 -4843.8447 -4756.3662 -4784.3164 -4744.689 -4841.4746 -4731.8521 -4780.8105
-5050.626 -4819.9336 -4827.1553 -4833.1177 -4768.0493 -4650.4702 -4592.7065 -4501.8804 -4630.8438 -5034.3813 -5059.2998 -4507.4404 -4490.1699 -4680.52 -4628.8467 -4631.5049 -4502.2573 -4455.8867 -4348.7798 -4485.9644 -4482.7407 -4579.3057 -4608.0098 -4572.3545 -4576.5664 -4547.8687 -4408.6182 -4347.1367 -4421.7642 -4360.9814 -4520.605 -4725.3491 -4698.79 -4598.0796 -4506.7275 -4465.2925 -4437.6538 -4464.5469 -4587.897 -4678.0728 -4685.9009 -4633.1064 -4614.4448 -4760.3818 -4781.1445 -4580.939 -4658.3853 -4802.4155 -4857.0615 -4797.4712 -4745.0996 -4744.9702 -4623.1523 -4677.7466 -4854.2256 -4661.0698 -4701.3745
-5064.1035 -4888.0723 -4857.7485 -4795.2144 -4644.3179 -4591.0181 -4723.0391 -4612.9199 -4603.8594 -4975.6973 -5034.4502 -4655.5884 -4539.373 -4737.1938 -4773.9004 -4685.9487 -4548.0654 -4519.9424 -4517.9165 -4584.7456 -4548.4575 -4529.9009 -4533.9761 -4548.0884 -4456.0767 -4360.9287 -4350.3945 -4408.7383 -4336.2578 -3907.7507 -4062.0339 -4635.5054 -4690.394 -4522.1152 -4383.4292 -4285.0845 -4272.8574 -4346.25 -4459.0088 -4639.2998 -4715.3198 -4615.2578 -4587.5635 -4724.4595 -4761.9336 -4642.2349 -4714.0684 -4919.4956 -4932.561 -4803.9453 -4736.0757 -4776.917 -4600.6699 -4597.6514 -4596.5781 -4284.5347 -4444.6563
-4992.0376 -4903.939 -4847.6553 -4791.5195 -4717.293 -4739.4292 -4814.7725 -4680.3691 -4627.6328 -4924.5044 -5018.2144 -4702.2085 -4574.7427 -4815.2002 -4819.689 -4611.9419 -4571.7559 -4590.3374 -4571.0918 -4592.2012 -4618.6313 -4544.9688 -4440.519 -4418.6353 -4346.4575 -4301.5488 -4297.2422 -4371.2549 -4273.8989 -3947.8311 -4102.4658 -4614.9727 -4657.3872 -4507.4766 -4411.6421 -4289.5918 -4187.6333 -4117.604 -4177.2031 -4485.3999 -4645.7441 -4480.8413 -4375.7505 -4574.5073 -4683.9707 -4597.1025 -4606.583 -4862.3604 -4909.3799 -4808.3428 -4707.3662 -4670.6836 -4576.2031 -4630.5269 -4512.6816 -4128.4683 -4345.2119
-5002.5942 -4895.4326 -4799.5259 -4738.126 -4700.1113 -4655.3589 -4688.1001 -4668.0889 -4581.7896 -4849.1138 -5084.0635 -4742.3877 -4630.0757 -4875.2241 -4822.9556 -4689.2803 -4690.7998 -4628.1323 -4509.936 -4462.3086 -4519.9087 -4444.0903 -4290.5498 -4330.832 -4327.0483 -4349.7744 -4373.8774 -4386.6265 -4276.8398 -4181.0132 -4338.7314 -4636.4136 -4641.9971 -4506.1802 -4406.4419 -4360.9146 -4318.4136 -4158.9829 -4217.3477 -4547.8857 -4721.6187 -4595.1118 -4394.7603 -4566.6694 -4809.979 -4621.7285 -4574.0112 -4832.6558 -4823.9746 -4742.2422 -4632.3286 -4622.2686 -4601.1797 -4577.6958 -4559.4116 -4499.6348 -4586.4814
-5003.5884 -4787.4419 -4717.7437 -4761.3984 -4751.5239 -4628.4673 -4695.8794 -4748.7676 -4571.6377 -4838.0254 -5100.4155 -4735.0923 -4599.4038 -4838.4395 -4701.6563 -4627.3965 -4584.4478 -4438.7891 -4369.248 -4325.7842 -4389.1387 -4346.3506 -4214.4336 -4362.3682 -4456.8877 -4460.7524 -4431.7026 -4308.6274 -4248.7153 -4246.7866 -4380.5962 -4582.6538 -4580.5454 -4518.1738 -4414.7344 -4356.8247 -4349.3594 -4301.064 -4422.1294 -4636.2949 -4733.8027 -4670.1572 -4342.9116 -4295.6714 -4661.3071 -4739.5425 -4711.6885 -4795.2598 -4761.8101 -4692.8169 -4625.5601 -4605.6821 -4549.5229 -4545.5864 -4585.0605 -4609.0244 -4594.8022
-4957.5449 -4724.9189 -4680.3008 -4710.9468 -4687.6416 -4565.4888 -4615.1172 -4562.437 -4438.2661 -4884.2612 -5133.7612 -4710.5483 -4438.2236 -4728.5542 -4644.769 -4611.7227 -4529.8311 -4287.4556 -4210.813 -4216.5088 -4253.3013 -4297.2637 -4308.3115 -4463.5527 -4487.1553 -4453.7881 -4323.6416 -4093.916 -4095.8984 -4227.812 -4440.5747 -4573.7124 -4519.5137 -4471.6489 -4432.8335 -4393.002 -4374.1558 -4453.4326 -4540.0474 -4606.395 -4723.0132 -4797.123 -4702.4683 -4584.459 -4655.7393 -4729.728 -4699.3823 -4702.2158 -4697.0845 -4637.1709 -4537.6255 -4450.8901 -4448.2393 -4488.8101 -4527.5005 -4567.832 -4581.2222
-5068.7119 -4861.1367 -4775.895 -4730.9419 -4709.8354 -4619.0469 -4538.374 -4427.8237 -4472.0244 -4823.6631 -5073.4199 -4786.9087 -4454.4741 -4639.02 -4638.1201 -4605.1953 -4479.7383 -4259.6084 -4025.3792 -4082.4031 -4211.2944 -4284.3296 -4351.73 -4479.3804 -4427.3179 -4362.4595 -4308.8579 -4219.1357 -4179.7949 -4326.8149 -4488.0845 -4511.0234 -4479.7344 -4389.6714 -4372.0181 -4359.981 -4299.9839 -4361.6235 -4436.8521 -4499.9917 -4637.9419 -4699.5747 -4731.2407 -4628.2109 -4578.2256 -4665.8384 -4670.5425 -4668.7656 -4641.2061 -4578.0918 -4448.6001 -4421.2065 -4471.2559 -4441.4614 -4483.9834 -4625.2617 -4579.3906
