Resources/Map/Lvl0_30x30/Ele_DI.asc
ncols         335
nrows         335
xllcorner     6755000
yllcorner     -3375000
cellsize      10000
nodata_value  -99999.0
[rows 200 to 224 of 335, columns 114 to 170 of 335]
-4215.1968 -4379.0327 -4451.9541 -4464.4478 -4223.5454 -4108.0186 -4062.8972 -4140.5815 -4037.1414 -4230.3789 -4677.7617 -4679.5947 -4456.249 -4214.9673 -4211.749 -4194.7627 -3999.9285 -3917.9006 -4061.4573 -4496.2544 -4401.3848 -4133.4468 -4067.5264 -4219.1011 -4331.2524 -4324.4595 -4391.6973 -4555.1919 -4581.0234 -4350.9663 -4334.6064 -4702.6118 -4973.627 -4832.6304 -4527.7041 -4432.1968 -4579.2954 -4719.5571 -4598.2671 -4301.1426 -4396.7773 -4478.9419 -4608.7002 -4841.9951 -4563.5415 -4459.7324 -4373.1909 -4746.7573 -4780.6958 -4663.1294 -4593.4858 -4300.1631 -4210.9756 -4314.312 -4464.0649 -4619.3672 -4774.7568
-4415.5122 -4252.21 -4004.7305 -3973.874 -3924.1326 -3964.5081 -3940.7417 -4029.6506 -4045.3035 -4093.105 -4369.1025 -4580.8662 -4191.4287 -3817.8989 -3911.884 -4087.988 -4073.6677 -4224.9609 -4322.6064 -4378.1196 -4281.8223 -4222.7793 -4179.1035 -4274.0977 -4367.9976 -4300.4331 -4158.5723 -3989.8579 -4111.2188 -4262.6816 -4352.9375 -4481.0083 -4626.4961 -4569.5415 -4517.1758 -4563.6382 -4625.9902 -4640.3706 -4532.4419 -4302.5664 -4415.8652 -4475.2803 -4331.8315 -4553.3804 -4354.5024 -4321.3726 -4566.6074 -4646.0557 -4690.7056 -4544.8252 -4564.7305 -4421.1055 -4304.5356 -4318.6167 -4402.2437 -4680.689 -4827.4097
-4312.1328 -4356.0498 -4084.3433 -3905.0935 -3935.6357 -3996.3491 -4078.3433 -4164.3447 -4291.6538 -4139.8618 -4186.9248 -4596.4185 -4301.8711 -3977.0034 -4173.6055 -4392.7192 -4454.2598 -4416.9849 -4264.1758 -4123.6621 -4061.7034 -4240.479 -4404.7856 -4285.1929 -4134.6973 -4119.2817 -4110.2578 -3961.7349 -4089.8066 -4360.0068 -4530.1055 -4609.4873 -4698.79 -4650.9351 -4693.5415 -4926.5835 -4975.6885 -4759.2231 -4798.6074 -4811.6973 -4873.646 -4833.6108 -4541.2583 -4406.1743 -4235.1162 -4490.082 -4811.3799 -4798.1172 -4735.8511 -4338.3853 -4464.9805 -4694.9585 -4685.709 -4378.0347 -4377.125 -4907.6182 -4898.9482
-4353.9707 -4436.9043 -4166.7754 -4025.3218 -4121.3818 -4091.2129 -4106.1685 -4159.2554 -4375.4551 -4300.2739 -4105.9663 -4344.8691 -4394.6807 -4232.7451 -4345.4331 -4392.6323 -4288.6563 -4112.4014 -4046.7495 -4000.988 -3991.7947 -4155.853 -4350.3374 -4285.8032 -4203.0117 -4284.5981 -4507.9785 -4547.2729 -4423.3174 -4335.9395 -4516.9463 -4670.0054 -4553.6006 -4569.915 -4767.0005 -4992.5015 -5091.8687 -5103.2954 -5165.355 -5121.5479 -5065.4697 -5060.292 -4734.3521 -4250.6235 -4300.8862 -4660.917 -4747.3452 -4786.7803 -4958.5879 -4566.3291 -4233.6284 -4388.1387 -4624.668 -4415.4683 -4526.4404 -4902 -4825.5596
-4267.7109 -4316.021 -4017.7559 -3974.4272 -4142.9888 -4071.6658 -3980.4084 -4376.2588 -4464.2261 -4229.9053 -3792.9917 -3841.9993 -4146.5654 -4266.6177 -4210.25 -4123.8291 -4090.8374 -4065.6711 -4144.2168 -4195.0107 -4261.9619 -4310.6523 -4366.2183 -4319.8179 -4278.9512 -4303.3877 -4507.2754 -4686.0806 -4599.3491 -4389.1309 -4385.1455 -4633.9312 -4437.3398 -4363.6089 -4724.5386 -4993.9917 -5142.7803 -5293.0347 -5214.4316 -4880.9414 -4745.7578 -4815.4727 -4709.9761 -4360.5146 -4612.4805 -4910.1582 -4806.2661 -4738.9819 -4972.1289 -4898.562 -4478.0518 -4344.7778 -4564.3882 -4615.2178 -4899.6606 -4936.1201 -4726.2813
-4141.1494 -4229.9614 -4076.02 -4027.5923 -4181.4785 -4193.4629 -4179.7231 -4525.1895 -4445.7524 -4295.3667 -4024.123 -3899.8745 -3949.5872 -4055.1516 -4111.4258 -4051.6748 -4004.1665 -4148.5498 -4390.8892 -4433.6333 -4472.7632 -4436.3345 -4355.1328 -4260.2593 -4249.3047 -4442.3286 -4605.4614 -4649.0874 -4576.312 -4519.3394 -4586.0903 -4751.3457 -4525.959 -4077.2695 -4123.1563 -4413.873 -4684.147 -5037.9849 -5158.3789 -4857.8906 -4578.0132 -4565.3657 -4735.9917 -4713.7749 -4833.0508 -5042.3813 -4923.2202 -4720.521 -4774.9863 -4928.8477 -4765.0757 -4606.7549 -4730.2407 -4821.0522 -4863.4912 -4778.0078 -4633.8589
-4186.5342 -4216.8413 -4168.7251 -4112.6333 -4242.6025 -4207.9385 -4315.9351 -4531.9238 -4454.6763 -4430.6021 -4320.4277 -4097.5947 -3929.3831 -3963.5376 -4086.8838 -4135.9082 -4257.8242 -4390.5146 -4518.8101 -4538.0527 -4473.3896 -4370.9111 -4209.0278 -4123.3052 -4173.3364 -4511.3423 -4678.4478 -4535.9072 -4449.4785 -4536.6694 -4690.1201 -4694.9258 -4523.3657 -4173.686 -4129.248 -4309.9033 -4415.8037 -4725.1797 -4953.7559 -4659.9204 -4492.9858 -4462.0552 -4499.6187 -4554.25 -4753.0044 -4893.6787 -4712.9429 -4535.2515 -4590.6787 -4886.521 -4745.0825 -4635.5586 -4715.7876 -4800.1094 -4668.248 -4553.187 -4470.7925
-4237.6162 -4223.4072 -4088.96 -4061.7605 -4274.3081 -4304.0762 -4342.9063 -4462.2178 -4432.4438 -4386.209 -4365.0483 -4293.0225 -4223.0498 -4238.9751 -4350.04 -4405.9775 -4482.3345 -4384.7656 -4264.7783 -4297.7124 -4340.895 -4242.5176 -3998.574 -3931.2322 -3951.3721 -4225.7314 -4542.9551 -4602.6064 -4612.7114 -4596.8789 -4508.5303 -4224.0718 -4212.1182 -4385.0361 -4397.7412 -4552.8657 -4730.2617 -4801.9028 -4525.9897 -3801.6328 -3885.0266 -4139.9893 -4255.7925 -4423.2925 -4718.7075 -4700.5024 -4710.5156 -4757.8013 -4563.2168 -4784.3267 -4772.7905 -4879.8545 -4924.9844 -4698.5728 -4616.0674 -4637.3179 -4576.2007
-4097.0249 -4171.7432 -4133.2813 -4187.6553 -4433.9639 -4456.4785 -4383.9565 -4370.5605 -4363.9688 -4390.9038 -4405.3491 -4362.7168 -4504.3633 -4594.7603 -4528.3521 -4405.1558 -4419.8984 -4306.5942 -4076.7927 -4025.0349 -4196.0801 -4192.689 -3995.9299 -4043.6296 -4158.04 -4245.1636 -4563.8745 -4757.2231 -4671.415 -4607.103 -4566.1616 -4362.3857 -4442.8628 -4678.356 -4766.8857 -4887.7051 -4943.9951 -4809.0044 -4372.2661 -3710.4639 -3821.6431 -4015.2534 -4262.377 -4567.1367 -4707.9502 -4636.9561 -4884.9077 -5106.7319 -4518.1963 -4503.9844 -4800.5576 -5000.6943 -5037.4429 -4553.9204 -4271.6011 -4462.2627 -4752.6226
-3911.0149 -4043.3938 -4237.9536 -4404.0254 -4557.3101 -4459.1807 -4198.3315 -4236.2954 -4507.1738 -4613.4146 -4606.8638 -4503.6909 -4536.2964 -4545.3838 -4311.7402 -4190.3242 -4361.5562 -4342.7798 -4137.0479 -3948.3726 -4080.1042 -4177.6641 -4151.5767 -4270.9634 -4501.7554 -4476.3892 -4563.7358 -4675.0098 -4508.7285 -4528.5459 -4667.7202 -4521.8208 -4416.3159 -4597.2388 -4766.4277 -4787.5723 -4836.5254 -4825.5088 -4561.7412 -4198.7441 -4389.7617 -4462.9902 -4516.9834 -4656.7104 -4658.6284 -4730.0591 -4896.7148 -4879.2319 -4164.3735 -3996.2439 -4503.374 -4796.3218 -5022.3887 -4696.2578 -4170.6357 -4189.2012 -4641.5454
-3896.1216 -4044.8215 -4147.0039 -4310.4917 -4392.5044 -4266.4756 -4014.3625 -4251.8428 -4715.4019 -4661.5527 -4602.8921 -4602.7305 -4401.0342 -4275.561 -4194.207 -4124.1274 -4194.8691 -4266.3975 -4295.2529 -4108.5903 -4112.3057 -4232.9673 -4399.6699 -4519.3384 -4613.064 -4524.6851 -4468.3037 -4543.8721 -4550.0752 -4558.2783 -4575.624 -4556.5889 -4432.0967 -4398.2261 -4507.6943 -4550.0015 -4712.8706 -4759.562 -4323.2837 -4104.019 -4587.8052 -4882.0293 -4943.2061 -5016.4175 -5040.6099 -5115.5786 -4813.6494 -4412.8633 -4036.8403 -3925.1538 -4423.6187 -4623.5879 -4792.1978 -4887.3135 -4493.9448 -4315.3442 -4629.5425
-3758.1489 -4097.084 -4098.6582 -4128.0923 -4158.6885 -4113.8179 -4046.6694 -4285.7271 -4576.2056 -4482.4683 -4438.0972 -4415.2573 -4306.8184 -4239.3506 -4218.1719 -4062.5374 -4014.9907 -4157.3008 -4415.6943 -4425.686 -4290.8892 -4263.8589 -4459.917 -4481.8467 -4371.5977 -4391.0088 -4441.8794 -4583.9795 -4741.0298 -4701.5542 -4577.5503 -4687.1821 -4766.333 -4652.8291 -4563.1631 -4495.2148 -4613.124 -4737.7842 -4316.9043 -4123.8823 -4342.7974 -4508.2339 -4712.2246 -4896.272 -5044.0859 -5127.1074 -4689.8091 -4416.4517 -4559.5049 -4538.0894 -4750.6724 -4669.3545 -4570.4731 -4806.8364 -4718.7212 -4659.4492 -4931.6104
-3610.8401 -4028.2515 -4224.0859 -4206.0908 -4144.2798 -4189.8809 -4170.7139 -4221.3901 -4315.5703 -4215.4473 -4201.3252 -4315.9688 -4411.2451 -4254.1147 -4124.04 -3932.8013 -4045.3684 -4243.9961 -4354.8022 -4443.1826 -4331.3345 -4263.4253 -4419.7285 -4288.0112 -4112.0845 -4282.1533 -4407.6304 -4507.4297 -4667.5088 -4686.1187 -4503.2046 -4602.7402 -4779.2422 -4667.6685 -4597.4746 -4482.3984 -4510.2856 -4482.1538 -4183.8374 -4321.3784 -4228.7153 -4103.9722 -4380.3027 -4625.1226 -4756.2695 -4806.9854 -4580.8682 -4521.1206 -4754.3696 -4778.4653 -4865.1553 -4748.6675 -4647.5391 -4712.4429 -4592.8408 -4622.8076 -4903.3877
-3629.8799 -3850.2075 -4261.9023 -4437.3989 -4275.4575 -4142.6504 -4320.4692 -4261.5122 -4144.5518 -4118.9419 -4093.624 -4249.0303 -4344.375 -4024.1604 -3902.1252 -3860.3589 -4002.1594 -4284.5864 -4261.9087 -4207.7769 -4244.2373 -4306.2446 -4370.561 -4349.731 -4391.3135 -4534.5938 -4461.0732 -4349.0962 -4440.8726 -4600.3911 -4446.583 -4447.3579 -4690.4468 -4545.0151 -4331.9614 -4136.9673 -4250.1353 -4226.2837 -4137.6421 -4456.9126 -4448.3984 -4441.5757 -4616.8672 -4634.834 -4542.4165 -4558.7529 -4593.9634 -4644.1553 -4713.6987 -4644.2314 -4814.7012 -4754.582 -4647.0269 -4656.8198 -4623.6118 -4527.6406 -4502.1479
-3769.6497 -3748.2954 -4063.2395 -4383.1519 -4336.0283 -4021.1475 -4251.0923 -4201.9458 -3987.9524 -4017.1716 -4071.822 -4190.5317 -4134.5645 -3912.7505 -3901.0574 -3981.4297 -4116.8496 -4403.9912 -4325.3257 -4024.4551 -4145.0391 -4343.3203 -4358.0928 -4525.1162 -4681.5679 -4700.2681 -4573.3462 -4470.7676 -4509.1865 -4640.4648 -4494.7598 -4372.313 -4652.0786 -4582.0044 -4158.2607 -3869.2893 -3979.8579 -4190.2026 -4272.5527 -4252.0049 -4480.001 -4737.6392 -4782.3804 -4702.4634 -4488.0791 -4627.0596 -4900.1343 -4938.5454 -4876.9663 -4645.2251 -4765.3066 -4829.9917 -4523.9233 -4411.915 -4551.895 -4562.9829 -4670.8462
-3855.9692 -3763.8237 -3900.2146 -4132 -4264.2944 -4113.8159 -4202.8501 -4159.3755 -3967.2566 -3973.5398 -4160.4482 -4358.2622 -4228.875 -4131.0132 -4204.1074 -4321.9307 -4601.8242 -4764.5454 -4490.9854 -4131.4141 -4234.4209 -4458.1294 -4442.5884 -4582.5654 -4600.4658 -4516.3047 -4524.9263 -4559.6563 -4585.5513 -4672.6768 -4708.0566 -4705.0073 -4843.9268 -4659.1309 -4269.5244 -4144.1504 -4156.6123 -4264.1509 -4121.4858 -3762.6182 -4361.6494 -4850.7661 -4860.0137 -4845.8872 -4625.0439 -4636.0356 -4807.2529 -4717.3804 -4788.7456 -4804.1113 -4802.6772 -4760.9922 -4358.1934 -4327.7578 -4515.4614 -4537.2783 -4843.1685
-3976.2637 -3971.3572 -4070.7156 -4200.4165 -4120.959 -4102.2495 -4259.4766 -4144.0322 -3923.1533 -4035.1467 -4352.0107 -4469.2534 -4353.5991 -4229.8511 -4315.8164 -4369.1929 -4423.2114 -4456.4668 -4241.105 -4093.0369 -4274.0566 -4548.7451 -4362.2837 -4325.3286 -4248.1787 -4159.4751 -4261.6089 -4279.5972 -4400.9692 -4741.9063 -4977.3813 -4994.688 -4835.3647 -4346.0259 -4245.8301 -4539.5337 -4768.9243 -4881.0947 -4620.0146 -4134.7368 -4504.4077 -4775.0996 -4773.6265 -4855.397 -4766.1587 -4639.2578 -4654.6855 -4406.998 -4438.0991 -4766.854 -4782.2441 -4505.1196 -4309.2935 -4545.9473 -4749.9556 -4664.0913 -4845.123
-4143.0264 -4030.9556 -4108.9014 -4358.5142 -3981.3938 -3786.9561 -4180.8599 -4343.3442 -3967.6243 -4103.0425 -4407.4741 -4224.6377 -4102.2729 -4029.1284 -4122.8037 -4183.7832 -3967.7598 -3938.7737 -4025.6377 -4035.0784 -4194.3721 -4424.0078 -4138.042 -4067.9956 -3976.2891 -3947.0652 -4131.0005 -4050.0649 -4194.4375 -4706.8008 -4873.3228 -4685.8462 -4489.2534 -4285.5107 -4530.9102 -4757.8789 -4991.7339 -5250.0015 -5172.8096 -4737.8286 -4562.3481 -4457.04 -4406.2363 -4666.6431 -4901.3306 -4851.269 -4659.9487 -4259.1099 -4179.3784 -4594.0586 -4616.2925 -4288.5337 -4526.3784 -4734.7622 -4650.9512 -4720.4678 -4922.7109
-4048.0925 -3875.0544 -3916.6472 -4204.1016 -3909.3831 -3716.1057 -4057.9648 -4439.5151 -4118.5186 -4186.9551 -4363.0088 -4045.1479 -4061.0784 -4096.7896 -4067.8301 -4189.7905 -4080.5054 -3949.6313 -4128.2314 -4199.3174 -4162.5962 -4221.3179 -4157.458 -4280.3369 -4105.8599 -3904.9402 -4146.0054 -4236.7466 -4374.5586 -4706.2998 -4702.2095 -4442.0894 -4332.2993 -4473.3433 -4704.2612 -4723.5747 -4867.022 -5112.0708 -5246.6655 -4948.0801 -4377.9561 -4012.3655 -4058.679 -4544.1133 -4921.3389 -4862.208 -4607.9209 -4289.7676 -4260.3335 -4532.8252 -4482.3193 -4270.5781 -4754.2119 -4821.8394 -4453.2021 -4585.9541 -4866.4507
-3843.7217 -3814.3435 -3843.3582 -3953.6323 -3924.657 -3944.1418 -4018.0447 -4154.6387 -4141.5181 -4156.8276 -4306.376 -4002.8472 -4181.9858 -4295.269 -4131.2681 -4211.4805 -4213.0259 -4035.281 -4198.8159 -4252.0142 -4179.4058 -4184.356 -4275.3188 -4482.3203 -4451.0479 -4272.0234 -4425.7974 -4588.938 -4599.4067 -4615.3574 -4518.6128 -4442.9561 -4406.3306 -4489.689 -4703.3896 -4856.1592 -4908.374 -4814.5649 -4931.7383 -4852.9629 -4224.5381 -3944.3049 -4232.1211 -4535.1948 -4740.0674 -4738.3989 -4584.1763 -4477.7075 -4536.4912 -4589.207 -4489.6294 -4360.5498 -4752.7905 -4851.6533 -4543.9194 -4579.1064 -4707.7695
-3938.6272 -3960.5688 -4058.6169 -3984.8914 -4008.1313 -4145.9199 -4177.7412 -3950.6858 -4090.5225 -4088.1125 -4214.8975 -4048.333 -4245.125 -4338.2568 -4098.6689 -4062.1375 -4215.916 -4110.9951 -4223.3022 -4217.3154 -4139.0835 -4137.1543 -4220.2085 -4218.9863 -4304.7773 -4495.248 -4572.9336 -4569.9756 -4389.1606 -4318.5811 -4294.0254 -4408.0298 -4491.083 -4578.4297 -4758.8394 -4786.2148 -4796.2578 -4551.0391 -4466.8232 -4456.606 -4221.876 -4271.4019 -4551.4482 -4565.417 -4505.7051 -4576.2705 -4560.0293 -4505.79 -4549.2271 -4568.2627 -4499.7578 -4374.5059 -4546.103 -4843.6465 -4724.4224 -4715.8696 -4644.8613
-4044.9712 -3940.554 -4024.5671 -3976.3669 -3960.9966 -4191.3462 -4305.5127 -4112.5542 -4169.9678 -4217.8052 -4073.9827 -3882.0945 -4090.4502 -4300.7559 -4047.6436 -3928.3032 -4200.8979 -4270.8652 -4309.7896 -4187.1426 -4006.8335 -4073.7256 -4321.9697 -4132.6919 -3999.0405 -4270.6836 -4303.1021 -4184.6191 -4045.4619 -4079.8567 -4189.3979 -4408.314 -4418.9824 -4369.6382 -4544.8892 -4536.9541 -4638.5947 -4531.8184 -4448.7744 -4455.1201 -4495.8022 -4542.9761 -4558.0698 -4534.3389 -4380.1729 -4366.5815 -4506.585 -4517.0205 -4486.2646 -4518.6284 -4430.8447 -4306.752 -4375.7788 -4703.2666 -4734.3052 -4761.2852 -4600.999
-3665.4014 -3484.2622 -3659.363 -3742.0769 -3733.5684 -4012.6814 -4100.5186 -4182.0176 -4194.4785 -4236.7471 -3940.7344 -3619.8132 -3749.1873 -4069.2178 -4029.9333 -4090.9297 -4260.0127 -4312.9106 -4256.0293 -4050.9656 -3925.8816 -4082.3313 -4343.707 -4307.3926 -4181.228 -4076.814 -3924.6211 -3964.6685 -4090.49 -4096.6309 -4190.5034 -4515.4404 -4421.3232 -4002.3052 -4270.1235 -4577.4746 -4715.8594 -4650.5156 -4757.8242 -4818.9795 -4700.7793 -4566.9795 -4468.1533 -4472.5269 -4407.229 -4360.3481 -4463.5474 -4444.5078 -4452.21 -4600.6235 -4498.4697 -4292.1987 -4460.9814 -4665.8267 -4588.3501 -4604.7847 -4555.6865
-3320.4026 -3272.2722 -3510.9641 -3507.0784 -3514.4597 -3841.3696 -3743.2971 -3967.0576 -4222.7676 -4186.8184 -3815.8306 -3598.9407 -3713.9421 -3976.3247 -4106.0449 -4163.5933 -4146.4126 -4062.1013 -3864.2014 -3779.7478 -3916.8926 -4158.1143 -4251.019 -4281.604 -4334.2056 -4089.3884 -3837.1667 -4089.6711 -4412.373 -4395.5015 -4362.103 -4629.0327 -4579.8345 -4044.9575 -4253.7368 -4607.5518 -4643.853 -4559.1387 -4766.9834 -4841.166 -4712.1333 -4544.9639 -4430.3066 -4421.3999 -4406.8213 -4476.0947 -4517.9966 -4382.1069 -4383.749 -4581.3306 -4567.353 -4329.4346 -4473.502 -4632.1016 -4469.1592 -4482.8574 -4462.9893
-3404.4299 -3450.2527 -3556.9702 -3423.5825 -3556.864 -3892.3315 -3590.7688 -3889.9675 -4319.3843 -4098.0708 -3668.1418 -3689.6602 -3960.6934 -4158.8682 -4151.417 -3880.5166 -3823.1619 -3772.9851 -3545.4709 -3645.3665 -3975.748 -4202.9155 -4187.8359 -4048.771 -4065.7783 -4109.5752 -4098.5254 -4284.8872 -4435.7349 -4486.2622 -4492.2139 -4584.7344 -4702.5669 -4469.356 -4430.6406 -4477.7666 -4359.5439 -4271.6875 -4507.0156 -4604.3369 -4624.4141 -4580.1108 -4472.8433 -4428.1758 -4284.2925 -4372.4321 -4523.1191 -4520.085 -4511.9321 -4487.2505 -4410.5059 -4388.7964 -4481.9395 -4588.3999 -4459.0625 -4427.0811 -4364.1831
