Resources/Map/Lvl0_30x30/Ele_DD.asc
ncols         335
nrows         335
xllcorner     -9995000
yllcorner     -3375000
cellsize      10000
nodata_value  -99999.0
[rows 27 to 53 of 335, columns 59 to 117 of 335]
-3022.5757 -3025.1465 -2977.6721 -3026.0242 -3029.78 -2996.4905 -3005.0088 -2951.3936 -2940.4041 -2989.8157 -3030.4944 -3149.4116 -3018.1433 -2990.5161 -3036.1335 -3011.2734 -2984.0569 -2961.4045 -2949.4753 -2965.8601 -2985.1548 -3018.0142 -3015.1995 -3012.6462 -3046.4492 -3127.1157 -3072.8101 -3037.1694 -3073.1814 -3141.3062 -3298.5271 -3653.0671 -4036.6069 -3524.3154 -2549.4658 -1951.7983 -1325.0654 -785.9346 -453.1829 -228.6192 -112.1016 -60.4146 -32.8701 -18.0262 -2.6893 5.4602 9.3314 2.4708 1.1699 8.1535 3.2181 4.2306 11.9303 16.76 155.5012 1097.182 1511.0867 2948.0298 3990.3918
-3028.718 -2982.7793 -2932.031 -3000.5081 -3011.1572 -3008.2173 -2933.6436 -2932.7607 -2927.2803 -3011.7566 -3018.9724 -3003.2734 -2987.6064 -3010.2085 -3006.5408 -2998.7002 -2980.3418 -2999.4558 -3010.4202 -2972.6318 -2966.7153 -2981.8701 -2996.0251 -3000.1736 -3005.0203 -3012.3665 -2998.9673 -3009.2388 -3051.4109 -3130.5156 -3328.9399 -3749.1157 -4016.7571 -3315.9373 -2332.9966 -1731.33 -1140.4417 -715.202 -469.3409 -254.4241 -118.5942 -66.2999 -43.526 -27.7136 -17.0414 -9.2196 0.3858 11.2009 20.4087 30.9805 30.3742 -2.2385 12.7342 191.8791 698.6416 1980.5253 2904.3877 3871.5378 3930.2188
-3101.126 -3027.6599 -3000.8337 -3081.6965 -3006.8442 -3020.1179 -3021.106 -3092.3445 -3049.2368 -3039.4707 -3033.0864 -2997.7886 -3003.9968 -3033.4595 -3019.5881 -3003.0176 -3002.3164 -3060.1855 -3115.9487 -2986.6875 -2947.696 -2981.3618 -2988.1978 -2973.5571 -2960.3467 -2960.1033 -2959.0811 -2981.9766 -3049.7954 -3203.928 -3523.4568 -3972.0789 -3991.4871 -3022.1975 -2097.4768 -1514.2782 -959.3975 -680.6214 -467.7176 -226.8342 -101.7376 -65.2196 -47.8646 -34.9589 -24.3921 -15.7868 -5 27.4109 6.2468 10.5677 3.4838 7.77 13.4408 52.4421 239.8178 1026.9246 2604.5916 4037.3215 3928.4915
-3165.2539 -3085.7168 -3056.0859 -3112.6074 -3051.6418 -3072.697 -3075.7212 -3113.7104 -3086.7651 -3076.481 -3070.0442 -3060.7671 -3058.3757 -3019.3235 -3014.574 -3012.6311 -2995.1404 -2965.2095 -3058.4473 -2988.4185 -2966.1191 -2977.7734 -2970.498 -2945.936 -2924.8704 -2912.894 -2916.3967 -2968.8936 -3115.5552 -3391.1919 -3796.134 -4171.1406 -4049.646 -3177.7986 -2230.439 -1525.0881 -1036.6028 -773.3462 -505.8562 -212.5012 -94.4826 -70.5541 -52.0539 -40.8968 -28.9539 -18.1045 -4.121 34.5597 8.628 -3.8889 -12.6459 8.6463 17.2254 101.6975 718.2407 2167.6812 2805.4705 3690.8904 3671.9348
-3181.0337 -3136.0835 -3104.2661 -3150.5752 -3150.77 -3132.2974 -3094.1699 -3097.3137 -3108.5791 -3117.7759 -3110.4368 -3131.325 -3134.2505 -3045.0845 -3026.7092 -3025.9861 -3008.041 -2934.7358 -2964.2227 -2951.989 -2966.7219 -2951.5229 -2944.7021 -2919.0669 -2887.4783 -2874.1919 -2898.7551 -3023.8901 -3270.4585 -3568.3467 -3913.7988 -4219.5381 -3996.1375 -3104.9341 -2165.9119 -1581.5702 -1228.8641 -915.6488 -528.5369 -195.138 -95.2862 -81.2027 -61.1583 -48.3825 -33.5066 -19.4298 -6.5473 2 1.6348 -11.4129 -13.4464 10.808 58.0464 770.1232 1509.5554 2332.1765 3714.1118 3762.0554 3715.2476
-3206.9541 -3203.8345 -3189.4932 -3196.0728 -3183.4883 -3155.5396 -3122.6438 -3130.6284 -3160.7034 -3147.0735 -3110.8914 -3187.7407 -3141.7485 -3063.793 -3047.7034 -3024.7571 -3016.5737 -2960.6912 -2913.2305 -2905.115 -2889.2239 -2889.1746 -2892.2981 -2875.1555 -2840.2817 -2889.1008 -3056.2156 -3250.6282 -3515.4119 -3847.7441 -4219.3896 -4351.2231 -3830.3616 -2912.4287 -2100.0505 -1535.9609 -1211.3749 -953.808 -551.0838 -195.505 -93.3322 -84.7307 -73.7081 -58.5093 -36.7468 -25.3597 -18.31 -12.25 -12.1122 -13.5309 -8.435 13.3744 196.2783 948.2356 2826.2881 3200.4348 3079.8274 3315.2229 2728.3325
-3246.4722 -3226.8301 -3213.9421 -3207.6794 -3187.3264 -3166.5483 -3163.9771 -3168.1631 -3138.1521 -3123.885 -3111.1067 -3167.8357 -3075.4146 -3069.3916 -3056.3589 -3035.7505 -2958.5933 -2882.0671 -2821.8433 -2836.4827 -2824.9639 -2819.6582 -2837.0149 -2833.1086 -2868.8794 -3035.6816 -3307.2402 -3538.3455 -3765.2876 -4132.0386 -4483.4346 -4406.5557 -3742.752 -2871.2075 -2084.1948 -1486.6433 -1161.655 -951.5732 -613.6785 -235.0457 -91.0383 -80.8333 -75.497 -61.5746 -35.9508 -22.7862 -19.1274 -16.1931 -13.6646 1 11.1787 17.7777 162.5945 1107.0975 1729.4226 2710.812 2424.6792 2009.9224 1659.9254
-3266.2454 -3250.3433 -3204.5408 -3194.677 -3190.978 -3173.1897 -3149.0759 -3158.8445 -3135.2195 -3121.9265 -3111.9932 -3083.0112 -3064.8542 -3046.6792 -3034.4912 -3015.4595 -2905.9246 -2865.3313 -2811.0825 -2784.1631 -2762.9355 -2742.4177 -2827.5576 -2931.3174 -3116.8376 -3344.7864 -3539.9602 -3723.1282 -3937.3948 -4306.1865 -4600.1797 -4346.6396 -3575.3621 -2737.4475 -1995.491 -1386.0396 -997.0293 -822.3112 -596.4302 -251.9746 -93.6225 -82.5539 -67.496 -54.1541 -36.7735 -22.8582 -16.1328 1.2062 4.4633 6.7557 13.9708 20.2907 118.852 349.5203 823.0612 1334.6855 1197.6536 1223.0109 2396.5686
-3257.4971 -3258.7507 -3214.4041 -3201.7292 -3170.2744 -3148.3894 -3142.2227 -3134.4692 -3137.8538 -3113.6841 -3105.4685 -3094.9927 -3075.1511 -2996.7095 -2984.2642 -2961.8025 -2787.8064 -2760.7495 -2818.0913 -2774.854 -2784.1978 -2829.5608 -3021.8103 -3253.9414 -3478.2041 -3611.1667 -3717.0627 -3901.2849 -4145.6836 -4461.7563 -4638.7261 -4182.2939 -3229.2683 -2469.561 -1740.4983 -1080.8367 -639.2508 -488.5464 -404.9742 -204.9135 -87.3716 -74.33 -58.2386 -41.2991 -28.4422 -17.7223 10.0511 -1.5942 7.5545 7.2861 13.2018 44.5983 278.4599 1296.0221 1702.7262 1918.8147 1915.093 1283.3306 2396.1868
-3251.0925 -3255.7769 -3255.1853 -3230.8064 -3183.3787 -3146.8423 -3172.0361 -3151.9717 -3140.2944 -3114.2808 -3095.3247 -3064.875 -3028.0571 -2969.9487 -2942.6238 -2893.3369 -2692.3284 -2656.8774 -2848.3855 -2988.0168 -3132.5378 -3239.4507 -3356.3354 -3474.1785 -3613.4619 -3719.3496 -3834.6736 -4007.9717 -4235.9048 -4494.5869 -4549.2324 -4024.843 -3012.2195 -2258.5862 -1422.8231 -635.4993 -275.68 -228.8829 -279.6726 -183.8506 -88.8694 -64.8502 -50.0241 -31.0398 8.8024 3.9474 16.6485 15.0549 24.1098 19.9362 41.0849 263.2079 940.587 2113.6592 2992.3218 3131.6758 2669.6807 1827.9629 2451.9351
-3240.5022 -3245.0103 -3259.7532 -3238.7412 -3219.9612 -3191.1006 -3197.7183 -3166.323 -3129.7656 -3111.3994 -3076.5923 -3017.1631 -2992.1675 -2948.8542 -2891.282 -2802.1821 -2761.5728 -2908.3242 -3175.8315 -3414.6426 -3534.239 -3563.2759 -3573.8342 -3612.3188 -3695.5195 -3783.8064 -3894.4175 -4065.3401 -4311.689 -4523.3584 -4437.9604 -3813.0364 -2787.488 -2075.3496 -1257.281 -446.0881 -199.1811 -241.1029 -308.3278 -187.7121 -86.1338 -58.6095 -34.4044 -8.461 20.0582 66.9739 66.8312 58.0525 126.6925 181.9275 226.1515 565.386 1252.4878 1623.5819 1887.6898 2509.4939 3517.5952 2436.8022 2558.1143
-3226.8047 -3226.7751 -3235.9114 -3251.6824 -3243.7329 -3205.481 -3194.7881 -3157.9194 -3109.2131 -3058.1792 -3039.3372 -2969.5876 -2943.4526 -2868.0493 -2747.833 -2693.5234 -3005.9915 -3396.6875 -3584.7654 -3621.0017 -3619.0662 -3622.3232 -3660.1658 -3702.4421 -3740.1533 -3815.4521 -3934.8936 -4119.8672 -4373.8027 -4583.3081 -4415.4233 -3619.2534 -2555.979 -1782.9891 -1050.2642 -442.5206 -297.3653 -325.062 -304.6689 -165.3184 -73.6845 -35.8868 73.4458 141.9639 94.9643 63.8084 93.8957 77.7837 92.691 180.5391 322.9067 437.0122 984.9301 1241.6309 1165.6927 1556.7487 2805.6799 3014.7017 2872.7578
-3198.4751 -3177.3901 -3189.1912 -3268.8369 -3262.9922 -3212.6794 -3193.2622 -3125.0005 -3060.8894 -2986.8838 -2978.2703 -2866.8777 -2738.6023 -2785.4788 -2876.6606 -2983.3826 -3410.8767 -3645.5769 -3647.7136 -3601.1709 -3642.4634 -3655.7935 -3708.8552 -3761.6279 -3775.0256 -3841.5037 -3952.9382 -4127.0562 -4377.314 -4573.0332 -4200.7842 -3297.7046 -2357.4792 -1477.9655 -811.6478 -487.2417 -417.0495 -349.595 -252.0117 -127.4801 -47.0559 29.3421 79.5169 312.4162 110.4257 196.7384 272.1801 289.9234 304.1226 443.2534 576.0659 690.5475 936.9596 802.5887 855.3051 1507.6608 2915.5959 2857.5037 2674.6213
-3097.5322 -3102.3987 -3164.2827 -3244.7417 -3244.05 -3217.0005 -3213.5251 -3102.0442 -3005.2456 -2869.0085 -2796.8682 -2859.8682 -2875.8547 -3136.9553 -3383.0037 -3486.7961 -3622.0137 -3647.6636 -3589.0615 -3594.8823 -3657.6519 -3674.4429 -3701.8667 -3738.615 -3781.281 -3818.0864 -3914.5583 -4080.2935 -4331.481 -4475.4297 -3834.0872 -2882.219 -2216.8228 -1409.2725 -872.9572 -643.1458 -474.1619 -311.6794 -185.0365 -81.2018 -4.0067 181.2648 123.9191 195.3312 202.0605 550.5071 779.7533 614.6882 607.1801 452.7188 722.7346 949.8648 987.1795 1090.7935 1116.2341 1851.9148 2006.3428 2805.6526 2159.6296
-3029.3503 -3060.6677 -3191.8364 -3233.9646 -3212.6887 -3185.0347 -3119.6836 -2995.4919 -2898.8313 -2838.584 -2869.3594 -3200.3955 -3454.8743 -3600.832 -3661.9653 -3658.0459 -3658.9607 -3660.7703 -3626.2341 -3630.7839 -3664.9805 -3682.1885 -3666.0752 -3659.6514 -3713.1814 -3711.4016 -3811.6809 -4028.2813 -4325.2119 -4333.8857 -3513.4648 -2667.6692 -2175.176 -1465.1215 -1046.7782 -814.6117 -519.0587 -266.8094 -117.1944 56.1576 80.0552 278.4718 169.9274 355.6287 448.6041 479.1496 603.3631 407.6242 677.3961 983.5921 1009.8322 1671.4601 2092.9998 1685.1393 1666.2607 2127.0515 1436.8118 1896.6401 2125.2034
-3207.1987 -3198.0354 -3247.0552 -3240.0112 -3158.4595 -3047.9202 -2890.6775 -2921.293 -3059.9399 -3283.6768 -3395.0571 -3556.3313 -3722.5388 -3696.0059 -3693.2336 -3674.1062 -3665.3262 -3680.6199 -3688.2312 -3682.2483 -3694.3347 -3701.6187 -3718.063 -3678.6973 -3568.3572 -3562.9705 -3755.3481 -4102.5615 -4418.875 -4318.186 -3503.0537 -2750.1304 -2218.0537 -1549.2129 -1175.3926 -876.8863 -481.0262 -192.0928 -49.962 43.955 182.9631 384.5859 215.0403 622.0782 288.179 676.2982 509.4007 525.8342 776.081 864.319 1628.2681 2241.7817 948.4161 1315.4899 1558.699 1386.5708 1330.3832 1725.9609 2285.9341
-3356.4446 -3299.4307 -3254.9006 -3212.7651 -3038.5767 -2947.7932 -3030.1475 -3301.5474 -3463.092 -3709.6475 -3739.6631 -3688.9373 -3751.5447 -3720.4712 -3710.3464 -3690.6602 -3669.6372 -3676.2729 -3662.231 -3631.1677 -3656.4084 -3716.4934 -3755.2354 -3667.4409 -3446.0244 -3550.4229 -3839.5769 -4261.4443 -4524.5049 -4336.9106 -3563.8416 -2867.3784 -2314.8804 -1745.3198 -1346.8226 -828.0607 -318.59 -70.4856 50.6619 118.0558 303.7245 341.8576 987.8807 985.231 368.7003 533.2906 626.5114 670.6227 733.9203 1366.9023 1563.973 927.1578 1024.5242 1553.354 1169.6228 1456.7631 1771.293 1526.6705 2301.6155
-3334.7927 -3208.7869 -3100.6018 -3144.0889 -3206.7605 -3368.7207 -3545.4177 -3705.7371 -3652.5786 -3768.0884 -3766.2468 -3716.4739 -3751.5205 -3738.4272 -3723.7998 -3701.5994 -3674.2654 -3620.5024 -3516.1296 -3415.0122 -3425.3523 -3645.4482 -3754.1555 -3706.9248 -3565.5698 -3708.0466 -3960.0474 -4320.8262 -4609.1021 -4367.3086 -3515.2856 -2809.261 -2279.4307 -1876.4514 -1372.2465 -619.305 -102.4069 252.5321 316.9926 185.7478 281.8716 878.9783 1106.7721 592.7649 506.3996 432.1421 506.0408 468.6565 713.8359 683.3828 656.1765 1163.3275 1582.9083 1523.4124 1323.358 2109.7876 2387.9734 1748.9205 1835.5122
-3260.4971 -3085.7017 -3068.2427 -3356.4077 -3678.5132 -3828.7966 -3798.7695 -3761.9807 -3677.2327 -3746.7908 -3728.7954 -3721.8579 -3728.4529 -3725.4387 -3728.2949 -3711.7888 -3700.1401 -3603.2168 -3385.5469 -3239.7063 -3283.4143 -3593.946 -3784.1406 -3796.4729 -3692.5659 -3742.1089 -4058.1514 -4357.9556 -4695.6597 -4468.875 -3513.8987 -2683.7988 -2142.7856 -1785.8557 -1105.2628 -308.0286 217.4054 228.5853 298.3319 340.8975 519.0872 1081.7594 614.4143 405.8891 308.832 344.2818 295.0657 230.5489 356.6622 582.059 1037.5039 2026.9519 1522.7289 2040.4835 1597.5593 1687.0477 1736.2986 2049.5608 1835.7804
-3188.6372 -3228.2395 -3458.834 -3766.4011 -3919.3508 -3877.2852 -3786.5964 -3758.9724 -3688.1082 -3744.2219 -3744.4187 -3718.4602 -3738.9849 -3735.2429 -3734.8013 -3681.7737 -3694.1904 -3593.6914 -3347.2363 -3230.1501 -3350.4795 -3655.3494 -3835.0603 -3856.6563 -3796.2786 -3806.0442 -4144.6987 -4505.6592 -4847.4048 -4530.7114 -3567.9268 -2636.8745 -2000.9044 -1540.4989 -755.3715 -103.5597 139.2373 175.8809 233.5201 298.4813 622.9637 629.8911 435.7136 302.0625 230.8979 191.618 192.1201 225.1085 352.2926 654.2417 440.3064 744.9565 1309.3167 1639.8126 1647.2737 1427.0134 1472.4501 2782.0623 2031.7998
-3531.4685 -3627.2627 -3781.8254 -3899.8682 -3906.5771 -3887.6345 -3838.2642 -3820.2192 -3769.5464 -3772.8892 -3712.5652 -3657.1868 -3723.262 -3713.9399 -3706.5107 -3583.1506 -3540.8965 -3428.7666 -3375.7979 -3413.0442 -3548.0007 -3739.7922 -3845.4102 -3886.1758 -3925.7192 -3973.8271 -4211.6377 -4637.8037 -4943.2305 -4497.5693 -3561.6882 -2668.8345 -2015.5051 -1461.3701 -656.6552 25.3639 54.8772 135.8712 224.1798 252.7553 546.1576 440.9914 332.4274 228.2081 201.2144 139.1636 220.7299 255.9138 322.2134 535.3228 618.8759 959.2983 1066.8875 1759.7141 1162.9081 1307.3893 1632.4735 3267.0376 3169.6509
-3848.9456 -3844.0969 -3837.1096 -3814.6328 -3897.4019 -3947.2739 -3923.1812 -3849.1704 -3799.9917 -3810.9697 -3726.6064 -3627.7644 -3642.6357 -3664.0308 -3666.4187 -3559.613 -3418.9741 -3382.1838 -3541.1042 -3629.8496 -3692.7917 -3791.8013 -3817.5342 -3823.1899 -3912.6543 -4047.8577 -4286.6992 -4741.3008 -4965.4839 -4369.1611 -3534.0349 -2849.0078 -2242.8713 -1385.8518 -476.6195 14.5119 88.1227 184.5213 469.6316 842.9652 430.4791 280.3234 238.1482 194.4558 116.9917 184.3233 269.2171 440.4289 646.6802 700.0361 777.0574 1525.6952 1814.2305 2161.8013 1698.6139 1693.2749 2196.8975 3009.6885 2091.7253
-3914.73 -3817.5259 -3826.3708 -3795.7427 -3898.7026 -3911.4077 -3895.4619 -3867.8433 -3840.4526 -3838.272 -3763.7729 -3677.7534 -3568.6492 -3578.8315 -3580.4058 -3603.4287 -3472.2544 -3567.6309 -3722.5837 -3711.7202 -3663.4919 -3712.8035 -3723.6746 -3730.054 -3880.7966 -4157.1382 -4460.6743 -4864.6831 -4993.8657 -4439.7241 -3657.7642 -3025.7412 -2351.8962 -1193.8625 -244.4014 22.4019 46.1261 145.5623 521.9824 457.2201 217.4116 127.8213 183.4698 117.5995 115.1675 190.9525 198.1945 272.4223 595.8185 1011.4873 1192.6495 1190.244 2328.0444 1831.5364 2289.8108 2589.0637 3074.9375 2929.8608 2585.8792
-3925.2244 -3919.991 -3890.9705 -3833.6106 -3878.281 -3854.9548 -3833.5212 -3851.8508 -3869.384 -3888.3533 -3777.3713 -3718.2129 -3468.6426 -3380.2305 -3416.0464 -3588.0906 -3682.7583 -3737.5654 -3739.8247 -3576.9348 -3355.4819 -3416.5574 -3619.5693 -3776.1194 -4013.7334 -4335.855 -4656.5659 -4984.3452 -5007.0024 -4624.21 -3796.4949 -2886.4756 -1980.4781 -869.1807 -154.531 -9.6891 9.7371 65.4024 158.0508 159.2109 121.4161 68.6622 110.3816 69.7509 129.1926 189.526 182.3508 237.5322 653.612 939.6614 2029.928 1680.6908 1285.7345 1738.676 1921.8678 2756.8323 3325.2676 2843.2183 2115.3547
-3897.9607 -3967.1841 -3908.9504 -3841.1802 -3845.9795 -3813.248 -3795.8057 -3798.7561 -3800.2119 -3841.9341 -3771.688 -3732.8506 -3411.3369 -3259.8826 -3449.6687 -3694.3684 -3822.2981 -3778.2417 -3643.9255 -3452.0435 -3394.5 -3535.6775 -3747.5562 -3960.7043 -4175.0415 -4449.2573 -4792.5073 -5134.3965 -5085.3979 -4713.208 -3993.2534 -2938.2646 -1896.699 -889.1986 -216.9126 -32.0425 8 11.5523 37.0772 31.5231 40.5911 37.5512 55.2957 107.6353 126.8679 112.4729 134.9454 140.1405 547.3384 1452.6283 2650.594 2959.1619 1866.5089 1576.0804 1737.3391 2067.5715 3174.1975 2638.9854 1959.2639
-3912.2356 -3915.7998 -3864.5505 -3812.9612 -3847.2598 -3844.7783 -3753.9534 -3767.9438 -3724.1113 -3742.2268 -3796.2249 -3771.2356 -3504.8879 -3548.0071 -3694.1541 -3824.3843 -3732.5405 -3437.7734 -3267.1106 -3500.4375 -3700.0935 -3840.1665 -3935.0161 -4029.7065 -4180.083 -4494.0786 -4883.1074 -5221.2104 -5197.3594 -4706.7715 -3849.8552 -2978.78 -2108.1284 -1096.4022 -344.951 -66.2261 -15.6177 7 74.1952 46.8193 51.5699 60.9773 73.7312 73.3394 92.5805 80.1841 67.3697 115.2644 305.8805 1202.4976 1933.424 3090.4841 2647.3113 1824.3555 1668.0681 2617.8696 3083.3447 1783.7639 1751.8719
-3891.4746 -3853.3442 -3815.1084 -3810.8591 -3824.1177 -3816.8506 -3725.3838 -3754.0859 -3689.0747 -3627.4827 -3727.7053 -3738.4187 -3744.0439 -3852.8284 -3851.2068 -3576.7688 -3180.4204 -3218.5 -3476.199 -3728.9595 -3822.9736 -3908.5237 -4010.0139 -4074.3069 -4214.6982 -4520.3262 -4881.3901 -5193.3062 -5190.0566 -4722.8521 -3757.7981 -2731.4358 -1984.8055 -1121.1396 -374.1601 -99.3573 -40.2026 0.7891 75.2006 73.4789 56.1573 68.1757 57.5964 59.9197 157.7485 140.8463 108.5241 70.7261 161.0085 714.688 1539.9547 1932.8463 2484.7251 2521.7417 2651.4551 3333.2629 3160.8345 2265.8455 2385.592
