Resources/Map/Lvl0_30x30/Ele_FC.asc
ncols         335
nrows         335
xllcorner     -13345000
yllcorner     -10075000
cellsize      10000
nodata_value  -99999.0
[rows 196 to 223 of 335, columns 124 to 185 of 335]
2113.3303 1630.5417 1930.8855 2049.2781 1748.1671 1838.7861 1080.6409 1865.9734 2262.8589 1886.1428 1751.3448 2091.4912 1807.0553 1818.1604 2075.542 2065.0239 1853.3872 1409.4135 1963.3152 2380.179 2084.7983 1748.8999 1999.3467 2351.7168 2226.4185 2218.4902 1958.637 1588.3507 1168.3918 2360.8867 2435.0015 2123.9893 2028.8323 1944.4908 2556.4587 2050.3738 2106.3865 1928.2438 1187.6611 896.2398 947.1868 1574.8551 1069.8209 1492.6927 1464.0278 1381.7996 1416.0952 1935.1586 1842.8964 1658.6685 1587.8986 768.4485 1642.4045 1229.6637 1524.3422 1169.0519 1075.1418 1261.516 1786.4608 1591.2017 1845.6208 1356.2323
2573.1636 2868.9885 2553.0674 2071.0347 2611.8071 2204.594 2032.775 2415.2822 2556.2095 2577.2625 1077.4874 2440.3005 2552.1689 2058.4182 1890.6302 2594.5571 2731.5315 2529.3337 2632.7637 2808.8901 2822.9441 932.755 1987.4017 2278.0151 2143.7917 1980.955 1527.5961 2295.1104 2137.1819 2434.4961 2513.3726 2426.2749 1100.1414 2135.6382 2265.9131 2193.0698 1740.0875 1430.0375 1786.1223 1262.4794 1294.4451 2106.3765 1652.6669 932.2908 1442.0317 1084.1388 935.989 783.2477 990.8237 971.8873 952.8707 1132.1578 2003.9918 730.1247 1464.5941 1610.2046 798.2227 1546.3445 825.3153 848.3344 932.4253 783.4725
2230.9985 2269.8469 2756.5742 2652.6851 1608.5477 1723.574 1691.4534 1373.6212 1834.8795 2080.1919 2921.4182 2415.9116 2446.9836 3036.0667 3001.8584 2960.5273 2717.5098 2195.2502 1639.3832 2133.4827 1985.8556 2538.2952 1907.1406 2007.981 2812.3457 2583.1021 2540.729 2526.6169 2084.9749 1801.2185 2050.6033 1915.3082 2485.0347 1978.2639 1618.522 2188.4202 2227.2144 1966.5404 2268.2217 1662.6339 1414.2448 1483.9503 1013.2155 1097.0138 1591.6567 1088.9028 952.1134 1111.7167 1743.3636 2068.2197 1350.0023 1186.4968 1161.8992 1050.2419 1052.2439 1057.9136 1077.8671 1044.196 883.6403 1350.3842 1537.2283 1141.4757
2338.5474 2520.5674 2699.2571 2983.1228 2786.3291 2602.374 1957.4658 2143.7542 2169.8132 2411.9729 2563.7705 2798.4216 3316.1519 2685.5935 2394.3943 3036.2646 2815.4438 2840.1111 2884.1934 2416.5579 2521.978 2208.8308 2404.6611 3003.6455 2491.4551 2238.3794 2569.521 2901.2676 2447.979 2675.2458 1920.9218 2276.9348 2431.6487 1405.8684 1060.2111 1534.3276 1840.9059 2092.396 2269.6902 2531.936 2347.27 2104.425 2093.4597 1317.225 1051.5895 1205.5269 1085.2869 1217.7574 1284.6924 1289.1718 1988.7137 1189.2529 1106.8463 998.2893 1091.6272 1118.4884 1121.3097 1257.9702 987.5377 1093.8425 977.7008 900.5704
2682.8274 2437.2827 1886.4003 1326.9148 1015.0657 1315.9897 821.7204 853.0639 488.236 1125.9949 1659.0508 1291.0314 1293.6005 509.4079 525.1442 676.0935 570.0842 606.9559 710.6016 483.4369 641.6088 999.7855 626.5422 726.7092 660.1047 881.2697 1491.963 1071.0046 755.6449 1209.8887 824.3311 850.5116 699.404 1402.5792 914.3515 1101.4413 1432.8341 1708.9408 1586.9875 1221.6984 1667.1479 1147.5769 1354.0645 757.8863 1412.6344 1161.1307 1046.5901 1519.8158 1667.5399 1646.2034 1483.917 1925.1943 1179.2612 1750.5409 1549.3215 1643.8641 1500.8153 1698.833 1630.556 1460.6167 1596.0216 1812.1909
2344.9258 2957.0178 1934.8104 840.4061 1260.2594 1254.4006 885.6143 735.5032 660.9846 1403.9828 1001.9774 948.5551 761.9539 1037.3392 1009.4888 755.9714 1260.4734 929.4307 797.9027 1468.858 1175.8588 1539.547 1949.569 1418.9087 965.9334 1665.8433 1428.2742 1519.6158 1293.4828 886.7415 1064.6307 1212.0527 1111.2858 2009.8403 1410.485 1350.5657 1926.9009 1407.4818 1298.2856 1455.0529 1878.4066 1592.4515 2269.4102 1997.724 2328.844 1828.0197 1403.3617 1095.4949 1064.0359 1245.5522 1167.1824 1526.3387 1945.7106 2349.9597 2255.0005 2347.2952 2111.1899 1899.4199 1284.7 1527.1898 1207.4557 1462.395
975.36 1531.3204 1748.4929 1489.6986 1228.7156 1114.8474 1140.5645 898.6879 913.1065 1174.481 1273.5201 1368.2661 1555.351 1485.1959 1309.0319 1416.5004 1287.2981 1430.1555 1706.7473 1634.6754 1625.6548 1033.7375 1883.2676 1556.3446 1315.3905 1383.7737 1450.7081 808.3127 938.8826 1012.7546 878.9774 1354.9331 1087.8585 664.0918 309.8498 809.4377 1634.5509 1854.5085 1598.5171 1479.8098 2536.7356 1078.4863 1039.8241 1352.0389 1457.019 819.3973 1088.7212 1938.9747 1307.7813 1368.5889 1464.701 1644.8555 2456.0605 2634.7705 2082.4604 2110.5474 1416.325 2247.6489 3210.2573 2651.4548 1680.8486 1833.1578
1122.2493 992.2174 1107.1345 1067.6798 1320.4314 1094.6467 997.1919 1944.7637 1647.7716 1013.7071 1471.6127 1591.0386 1644.8915 1515.6371 1491.0721 1688.9657 1324.1852 1543.5428 1706.5652 1311.0963 1567.5427 428.0088 945.1625 1612.5984 1391.368 1259.6726 1304.3584 257.3518 938.121 1099.2583 1140.3828 662.9752 1164.8949 1158.0685 1142.8503 1085.7729 1049.3582 1103.8518 1086.4706 1098.9908 952.823 649.3316 857.0268 1072.5764 1543.3759 1005.5988 562.6657 1314.5253 1349.0554 2062.9194 2111.02 2227.698 2136.9792 2364.645 1599.1963 2345.6533 1917.3462 1286.42 1192.1427 2069.6555 2039.9319 2662.314
1385.8561 1102.5278 1336.5337 1157.3564 1413.5863 3440.0027 1193.3966 1927.3168 1507.4431 1386.542 1352.8258 1292.3441 1521.9863 2068.6824 1914.991 1190.7478 1711.2357 871.397 1227.1295 1512.1664 1505.3505 1282.6515 1480.5767 1328.119 377.192 328.5637 766.6604 1005.0306 1188.7377 1263.1014 1374.1821 1445.0779 1328.1805 1697.6271 1765.588 1686.5795 1557.4535 1201.5568 2049.7139 2527.6711 1363.0234 1598.5859 2455.0361 2653.4846 3026.4431 3098.2673 3845.8813 3761.167 3118.978 1778.4946 3198.9993 1697.9805 1787.7611 2254.2588 2253.1006 2571.4258 2818.7312 3367.3523 3305.3308 3360.5161 3607.759 4733.8672
1202.9211 1166.9974 1077.6208 1671.5969 2846.0933 2342.29 2434.7986 2741.3679 1265.1176 1307.8699 1318.74 1290.2322 1455.0818 1323.0715 1560.4587 2509.5332 1468.717 1938.3103 1603.6527 956.4999 1556.0991 1657.7847 1922.0093 1513.3549 1099.9069 1219.183 1536.2269 1229.5579 1082.2688 1356.2789 1162.7183 1349.214 1663.4414 1858.394 2157.0913 1436.1492 1684.2206 1387.5634 1444.6272 1755.8285 1857.2102 2701.6748 2645.5991 1753.6416 1690.1016 2395.5271 2123.9043 2031.7024 2859.2495 2079.5693 2093.583 1800.301 1882.5474 1531.8563 1696.4102 1778.1399 1981.7833 2898.0535 3482.4734 3067.0715 2774.844 2239.6238
1498.6666 1342.1294 1196.103 1160.9025 1222.4137 1742.6838 1489.8416 2072.1003 1435.2548 1436.9849 1974.5959 1822.7177 1612.8977 1606.1565 1523.8163 1414.8262 1505.3131 1604.8691 1917.6989 2132.3992 2535.5674 2212.5269 1883.1501 2016.2029 2008.1575 2141.9912 1993.2566 1937.1595 1583.9409 2106.4287 3117.3623 3126.2788 2053.6001 2105.8374 1843.9366 1356.8738 2776.3296 2151.6775 1971.7737 1905.6952 1979.9598 3814.5278 3133.6033 3351.9385 3573.8691 3435.8472 2888.1992 2646.7493 3313.1882 2340.3875 2331.2305 1945.1522 1978.8297 2384.3164 1722.4875 2169.4512 2038.5845 2084.1841 2454.8479 3699.0996 3921.5669 3748.6045
1963.193 2148.0164 2560.5176 1539.0452 969.4172 974.3927 1117.6088 1591.1964 2525.575 2803.2061 2254.3931 2089.8542 1757.9551 2288.1675 2117.7505 1704.4014 1670.7406 2360.7102 2279.9487 2353.4163 1651.7601 2320.3337 3711.3945 3911.2107 3221.436 3860.2659 4304.6924 3792.1633 3359.6511 3394.0735 3173.3076 2871.4966 2633.957 3225.155 2911.0554 4945.168 3678.3694 -987.1835 -990.1724 7120.2632 3870.0857 -1059.1343 2528.0205 2436.0095 2543.8486 2248.3862 3277.6453 3111.5339 3229.2495 3121.804 2593.1431 2170.8132 1835.4495 2014.4388 3570.0347 3515.2991 3265.7708 2352.1499 2827.0691 3166.885 2742.9355 2387.5928
1031.0884 1550.1432 1298.6382 1444.5112 1502.0065 1758.3866 1773.6256 1620.6913 1384.0956 1487.9948 1744.6781 1397.2717 1350.6786 1343.7208 1375.1088 1420.7893 1522.6464 1787.9945 2528.1768 1529.6674 1813.5468 2344.5183 2208.5994 2030.8992 1791.927 2433.1777 2642.3411 3146.5833 6826.6772 7980 5805.6685 4985.7124 7223.9116 -1218.9313 -1189.3827 -1162.822 -1136.9924 -1113.8118 -1098.2991 8516.6602 6558.2241 6728.0396 2889.3635 2643.1355 3123.7046 3577.364 3482.551 3401.8096 3385.7158 3147.2939 3260.2822 3245.3943 2056.2695 2583.8396 3132.54 2650.8313 1782.0171 1902.3306 2619.9736 2671.2048 2466.6636 2661.1072
1696.4525 1789.8024 1927.4318 1659.3451 1614.1206 1237.0586 1210.8386 1437.1699 1452.7958 1892.4675 1720.5652 1238.7122 1166.1479 1166.3438 1087.6431 1686.314 1908.3091 1473.7563 1856.4412 2201.6792 1986.7719 2506.9543 2255.0117 1856.806 1846.2053 1518.4105 2160.8418 6605.5532 5418.9443 -1296.4772 -1307.6417 8864.8896 -1306.9733 -1299.0885 -1288.316 -1275.0001 -1256.3171 -1235.0015 8775.7051 6766.1147 5325.9619 4588.1128 3482.1619 3251.7317 3303.9707 3279.5061 3280.8606 3260.7727 3772.7556 7045.6367 6214.0425 3049.3599 2502.0498 3039.8391 2510.5505 2106.1992 2284.0286 2267.0491 2520.4548 2698.4788 2679.3342 2675.0652
2068.7727 1840.8428 1914.4564 1821.1846 1944.176 1957.4991 1977.5535 1899.0243 1988.6041 1963.0704 1890.7816 2132.5313 2075.6743 2065.5261 2086.0862 2140.5459 2052.9443 1837.8939 2037.5864 2067.6497 1951.0785 1872.7532 2473.604 3253.5479 3047.5398 2710.6714 2829.2507 2215.3376 2856.697 3863.7488 4283.1914 3850.0073 5373.1357 6842.5688 6031.4121 6157.479 6064.9272 5574.021 4986.6323 4413.082 3891.8152 3538.8877 3074.6333 3166.437 3256.3418 3240.4458 2710.1726 2643.8772 2966.1965 2504.532 2680.2803 2569.8984 2333.8064 2226.2249 3166.3586 3222.2788 2629.0901 2068.229 2660.3386 2838.583 2891.9778 3224.8037
2105.7847 2105.4878 2285.5547 2182.8708 2128.3989 1975.3611 2128.2622 2110.427 2148.3877 2137.7654 2158.7419 2217.8345 2179.1499 2111.0449 2234.667 2376.4001 2993.7839 3568.9497 1807.3278 1449.1746 1540.5969 2963.4231 2803.9021 2944.4451 3671.8755 3075.3188 2992.2029 3402.6777 3109.6306 3712.7549 4016.0103 4010.0303 3927.5676 3541.1494 3936.9392 3925.5425 3344.4912 3147.2 2993.4019 2524.3853 2810.3171 2788.2249 2583.3101 2800.5906 2522.8242 2205.5803 2499.8557 2887.4136 3016.3042 3304.1384 3283.2234 3037.4248 2402.573 2378.7554 2921.1138 2808.7727 3930.894 3263.5732 3388.9924 4580.5933 5106.6416 4157.7676
1457.2432 1209.7942 1597.3817 1993.9445 1993.8164 2455.4563 2230.0371 2079.0835 1855.8121 2215.8879 3609.7122 4635.8101 4142.2017 3369.8269 2212.5669 1500.0266 1540.6255 1590.9712 1655.1776 1548.6414 2278.365 2251.8494 2812.5273 2885.1221 3398.1646 3090.4338 2947.7678 3393.407 3249.2439 2954.71 2715.1887 2253.824 2627.1917 2373.4343 2237.4099 2206.3708 2241.7886 2092.2522 2123.811 2133.053 2639.8291 2514.0801 2871.3335 2891.1938 3252.5327 3409.5271 3627.4019 3487.9441 2987.2168 3330.8223 2469.4731 2362.6816 2520.4856 2294.908 2096.999 2632.6694 3233.0039 2612.3721 2706.2356 4057.6887 2781.0181 2075.8145
1263.4142 1668.3962 1965.085 2707.7263 3870.8667 3658.6301 3778.3911 3577.0564 3515.3584 4311.5796 4254.7471 3046.4429 1759.4097 1438.1891 1428.9564 1371.4805 4725.5059 5029.5972 2184.5486 1997.0485 2160.3767 2202.4082 2670.3792 2821.8171 3571.8511 3718.0549 3710.9504 3733.3936 2231.7986 2925.3499 2766.7898 2489.5908 3144.4897 2958.2737 2807.0205 2969.9097 2539.0044 3619.5571 4089.946 5117.9243 4818.4092 4937.5986 5113.8232 4490.3486 5092.48 4628.3066 4065.1431 3557.5901 3218.5542 2950.1553 2778.5938 1776.191 2481.1379 2351.1113 2151.6064 2162.0405 2193.7402 2187.6572 2080.2917 2084.2336 2264.2161 2583.2415
3452.408 3657.4275 3932.6716 3831.7686 4385.9204 4200.2212 4121.4912 5037.7729 3450.5708 2019.6073 1317.9302 1238.2688 1303.6575 5000.6045 3338.5544 1977.4486 2495.814 2843.4429 3486.1633 3641.3889 3427.2939 3235.052 3070.3823 2926.2317 2677.0061 2872.0864 3289.2432 3464.6167 2889.595 3554.8792 3795.5786 4016.6086 4413.6104 3970.5859 3811.6179 3768.0383 3392.5591 3262.7346 3996.2605 4679.7856 4435.1919 4217.8228 3989.79 4171.9443 4262.1895 2293.2249 2659.4172 3144.0012 3260.8037 3094.6975 3678.8418 3470.6074 3557.3025 3550.0513 3160.0205 4151.0176 4243.6636 3119.165 2908.2546 3992.325 3391.1555 3567.5652
3832.2073 3193.6907 2963.4058 2430.303 1494.2784 1347.9943 2784.0171 3201.2813 2944.8169 3250.5972 2883.1758 3527.6599 2986.2864 2320.5803 2433.438 2540.0847 2664.5686 3397.749 3549.0928 3520.0415 4322.3872 4745.9946 4472.6563 4437.1489 4806.6289 5774.2407 5628.6592 3944.5767 3738.1255 4237.8843 4348.4678 3901.1565 3916.5488 3525.2959 3809.9111 3328.5693 3795.7915 4847.7036 4482.3862 4276.4775 4003.5679 3537.3921 3486.1875 2722.8408 2849.4199 3300.7612 4030.4429 4086.0161 4438.0332 3677.9456 2708.5591 2798.2849 2736.2805 1959.183 2378.104 4050.843 4525.6372 5109.894 4411.584 4580.5615 6304.1382 5667.4697
1691.9734 2448.458 3164.6838 4067.1553 3993.4116 3359.6511 3686.7451 4801.6851 4607.6113 4074.5735 3917.9163 4006.3904 3990.5737 3814.0994 4332.3984 4790.5166 4968.835 4695.6118 4233.0684 3822.5979 3591.0457 3988.4744 3372.6699 3010.6492 2864.2332 2868.9521 2872.5073 2940.0847 4612.7207 4414.3516 3970.2507 3718.0901 2409.2463 2660.1672 4353.8545 4739.0205 5613.1528 4856.2837 4295.2783 4233.4453 4486.1777 4211.6255 3133.4329 2948.7712 3519.4075 4101.585 3708.0171 3062.5361 2391.0576 3082.8147 2560.2739 2964.675 2924.4866 3134.3525 3199.6821 5653.812 6179.7109 5980.0889 5493.8232 5707.6904 5630.6699 4574.0688
2417.8157 2749.0737 3436.3994 3242.6504 3439.5881 3740.4204 3918.3403 3705.2124 3480.5476 2386.9836 2485.6628 2972.1992 3429.9412 3878.7959 3072.3164 3093.6213 3706.2739 3430.7727 3251.9551 3112.9194 3207.1794 3297.8696 3381.0503 2845.459 2784.8521 2519.4097 2699.8601 2973.0916 2635.8423 2644.5005 2288.3181 2853.1711 3623.1597 3420.3035 4728.8608 2879.9404 1853.9235 2188.4539 1921.8182 1892.6768 2216.5503 2836.5535 3740.5647 4158.6641 4152.7764 4561.9819 4138.4541 4240.9106 5270.3481 4725.7417 5200.8901 3596.8953 2910.6169 2791.0632 2726.3093 2604.4465 2593.1782 2261.7761 2181.4727 2399.4397 2872.3457 2854.2402
1432.6115 2197.6912 2217.7397 2071.2524 1890.2686 1416.37 1751.1995 1468.5549 2112.7849 2181.9209 2228.2266 2237.6206 2146.7664 2103.0212 2443.9629 2292.8315 1925.9569 1764.0498 2205.2813 2202.4092 1673.7863 1944.0731 1959.3512 2239.4575 1790.5066 2050.603 2237.5232 2177.0664 2101.6062 2265.7493 2242.0752 -1031.5038 -1022.7031 -1016.6575 8379.1924 8382.1133 -1015.3615 -1018.3791 2701.0425 2092.418 1851.1587 1941.3358 2229.438 2922.3728 2654.2515 2991.9241 3349.6887 3601.2039 3612.8562 4059.6765 4059.1323 3325.1077 3012.7715 2377.8301 2577.0886 2590.7437 2795.7937 3374.5576 3043.0969 2765.6665 2558.3457 2862.4333
1882.8107 1689.3671 1702.3171 1642.4242 1807.8363 1801.3413 1813.6249 1913.6191 1704.4061 1958.5497 2254.8296 1895.3804 1939.1379 1665.178 2041.8726 2105.5413 2383.9609 1983.9985 1941.1056 1681.1691 1712.5229 1796.5284 1733.2916 1753.0773 1835.5001 1785.3665 1952.2439 1936.0417 1971.6736 2008.9994 2042.9772 2005.7197 2015.441 1985.8333 1971.2333 1984.4432 2110.1418 2243.134 2166.4673 2072.7451 6004.0522 -1120.1787 -1137.3398 2718.4763 1710.2244 2074.3547 2058.6514 2541.4614 2340.7502 2754.6189 2801.0352 2705.5806 2887.9871 2341.5942 2504.1069 2327.7852 2152.8018 1941.9701 2042.9675 2102.2253 2533.6431 2250.0044
1895.0319 1870.5526 1656.2535 1760.1451 1885.6337 1839.4349 2155.1357 2162.6953 2029.2955 1851.2252 1827.7549 1855.8228 2126.9563 2028.2029 2134.9163 1861.2407 1796.2479 1790.5436 1662.717 1693.4348 1837.356 2119.9111 2314.4116 2072.4229 1925.0804 2107.9761 2046.2184 1860.0702 1944.9991 1937.3801 1942.3978 1965.5669 1959.4955 1987.8291 1968.9243 1948.4993 1981.001 1999.438 2032.0948 2142.2766 6278.7788 -1192.437 -1220.7921 -1248.3395 -1274.0726 -1298.2954 -1315.3848 2568.5959 2649.3706 2222.9114 1892.292 1795.5913 1368.2871 1861.2968 2278.2827 2197.604 2205.0146 1823.4387 2007.8669 1924.3307 1924.8511 1893.8982
1725.0082 2018.8138 1814.2134 1518.5109 1838.5076 1825.0111 1686.2548 1904.0121 1950.5704 1858.4703 1964.2235 2309.084 2237.7256 1980.8756 1945.1847 1997.719 2139.1865 2174.3977 2036.6379 1973.5613 2080.9373 1954.2239 1995.3748 1568.7832 1912.8199 1919.9175 1956.1011 1861.5371 2058.2427 1887.4268 2001.9436 2371.1802 2146.0142 2008.024 1998.3263 1991.0142 1951.2994 1880.1318 2092.7019 2471.6711 2548.8132 3372.4028 4548.0225 4658.1284 4742.417 2517.2959 3084.5208 2916.2886 2252.8303 2145.9114 2350.1191 2401.1987 2076.2571 2434.8442 2556.4958 2484.0825 2482.9155 2386.0842 2543.313 2346.1899 2085.0576 1890.2555
1629.2805 1786.2833 1698.1902 1651.6641 1761.8768 2088.637 2166.9934 2353.0107 2187.1655 2819.6064 2552.8735 2269.3423 2119.9468 2044.9454 2079.4387 2047.6895 2147.7478 2020.8657 2070.6917 1967.0941 1947.5936 1945.5569 1903.3932 1953.5245 1921.1268 1945.6329 1911.6393 1897.3018 1862.1879 1913.4594 1877.3994 1387.3026 1711.6846 1943.0099 2298.3352 2014.2976 2043.6943 2224.3152 2375.688 2457.2004 2778.5591 2684.2458 2410.2051 2559.688 2734.6848 2484.5396 2110.5032 1811.0977 2007.6685 2149.843 2713.5779 2710.9707 2431.4082 2478.5696 2366.9395 2415.7444 2462.1658 2430.2188 2267.9722 1772.4415 2012.3573 1976.6824
2890.0481 2468.2336 2570.7114 2986.3167 2914.8457 2577.7466 2397.6033 2333.9187 2259.0322 2876.304 2378.353 2362.9338 2101.1826 1962.7317 1742.8123 2037.236 1971.1096 2034.5259 2022.5635 2085.8782 1907.3124 2056.6934 2042.4233 1974.6071 1965.8999 1951.3748 1899.3027 1934.2019 1909.183 1985.7483 1782.6199 1685.7611 1882.7566 1937.9852 1966.2039 1908.0583 1976.6233 1879.2496 1966.0986 2117.1096 2281.4758 2216.1472 2162.0249 2088.3777 2077.6802 2587.5217 2207.7354 2354.6973 2006.9589 2078.6101 2243.1782 2101.1699 2019.0525 2645.5393 2191.8303 2152.2988 2168.3005 1704.8315 2288.4399 1777.5436 2041.7886 2172.4441
