Resources/Map/Lvl0_30x30/Ele_FA.asc
ncols         335
nrows         335
xllcorner     -20045000
yllcorner     -10075000
cellsize      10000
nodata_value  -99999.0
[rows 156 to 181 of 335, columns 174 to 231 of 335]
-3680.7717 -3682.4878 -3687.1538 -3696.45 -3707.4421 -3716.178 -3719.2681 -3716.5051 -3710.0093 -3704.9351 -3703.9128 -3707.2349 -3715.6572 -3726.4194 -3737.1816 -3747.1833 -3754.4224 -3757.73 -3758.1079 -3756.9783 -3755.5588 -3755.1946 -3755.7437 -3757.6787 -3758.4614 -3758.8162 -3759.8835 -3760.0088 -3759.1699 -3758.7727 -3758.3262 -3760.4063 -3767.8228 -3780.9878 -3796.8804 -3813.927 -3823.7625 -3823.7561 -3816.0447 -3803.7532 -3792.5593 -3783.061 -3776.3726 -3771.7363 -3770.7727 -3773.5918 -3779.9658 -3791.5042 -3806.8435 -3823.8535 -3837.2551 -3847.759 -3856.7773 -3863.3062 -3864.4307 -3860.167 -3854.7476 -3852.9036
-3705.4199 -3702.8752 -3703.1233 -3708.478 -3717.1304 -3724.8608 -3725.4487 -3718.8022 -3707.1865 -3697.7808 -3695.6274 -3700.0361 -3711.7668 -3731.0779 -3754.2419 -3776.031 -3792.1248 -3799.2949 -3798.4177 -3792.2249 -3784.9917 -3779.0784 -3773.7849 -3769.0332 -3764.1951 -3757.6904 -3751.3105 -3749.2048 -3748.4131 -3747.8042 -3748.5371 -3750.8027 -3755.1768 -3762.4688 -3770.3179 -3776.7236 -3777.0835 -3770.6018 -3761.3181 -3753.522 -3748.1482 -3746.9253 -3749.5498 -3755.8047 -3763.5942 -3774.3872 -3788.8994 -3811.6482 -3831.8677 -3837.751 -3832.8298 -3826.8818 -3826.0874 -3827.6902 -3829.324 -3830.1689 -3831.302 -3834.1392
-3705.4475 -3699.8105 -3695.2539 -3694.3965 -3697.8179 -3703.7148 -3706.7068 -3706.5957 -3702.3787 -3697.6206 -3696.7732 -3700.3218 -3708.2568 -3721.7026 -3739.9338 -3758.7773 -3773.0005 -3779.325 -3778.9441 -3775.8818 -3774.5938 -3775.9126 -3777.9231 -3779.3906 -3777.7854 -3771.0007 -3760.9824 -3754.5229 -3750.6907 -3748.522 -3748.3567 -3749.4219 -3750.8306 -3753.353 -3754.5486 -3753.6963 -3750.9365 -3746.2834 -3741.3923 -3738.8196 -3739.1892 -3742.8257 -3748.8623 -3757.8777 -3767.0491 -3775.8596 -3784.2241 -3794.7837 -3802.9678 -3806.0889 -3805.3049 -3806.2146 -3809.4602 -3812.5837 -3815.4419 -3818.6868 -3823.2178 -3829.9304
-3662.4927 -3658.1946 -3655.4065 -3656.2549 -3659.6182 -3665.2766 -3672.0698 -3679.3494 -3686.7893 -3693.9385 -3700.2239 -3706.3367 -3712.2427 -3718.8899 -3727.2515 -3737.0891 -3747.0117 -3754.2502 -3760.1611 -3767.4541 -3778.4131 -3793.1287 -3807.8499 -3818.5078 -3821.0354 -3814.5315 -3802.0532 -3787.1096 -3774.6533 -3767.3262 -3764.8218 -3765.4102 -3765.7122 -3765.3232 -3763.0103 -3758.6091 -3753.0876 -3747.332 -3744.0886 -3743.7913 -3745.7717 -3750.0793 -3757.0208 -3763.6096 -3769.4353 -3774.7698 -3778.4265 -3782.502 -3787.76 -3793.175 -3797.4175 -3801.6726 -3805.9382 -3808.0107 -3810.2983 -3814.5874 -3820.9976 -3830.9309
-3628.2759 -3630.2317 -3632.2749 -3634.637 -3638.6458 -3643.4661 -3650.5835 -3659.9475 -3670.6501 -3682.7825 -3694.5269 -3704.7 -3713.4602 -3721.2207 -3729.1479 -3737.3223 -3746.9902 -3760.4119 -3777.6143 -3799.7759 -3826.1228 -3853.7832 -3877.5396 -3890.3782 -3888.8928 -3873.3049 -3848.1787 -3820.6179 -3796.7671 -3780.2805 -3773.084 -3769.4563 -3767.5217 -3764.1445 -3759.4746 -3753.5942 -3748.2839 -3743.0105 -3739.9478 -3739.2131 -3742.2749 -3748.1836 -3755.5737 -3765.1221 -3774.5269 -3783.4602 -3789.804 -3794.9841 -3798.2185 -3801.3015 -3805.5088 -3810.1458 -3815.6924 -3820.5461 -3825.7312 -3831.0645 -3837.2944 -3844.8455
-3609.9177 -3619.6609 -3631.1326 -3640.1372 -3645.5349 -3649.4561 -3653.8645 -3660.4644 -3668.1636 -3677.5142 -3686.9663 -3697.27 -3707.748 -3718.9653 -3733.165 -3751.8953 -3774.8989 -3803.062 -3833.8911 -3863.4331 -3888.8965 -3906.3235 -3912.6438 -3905.3225 -3884.5002 -3855.8208 -3826.0107 -3804.3323 -3792.6375 -3786.0903 -3778.582 -3769.4448 -3761.8284 -3756.5806 -3754.6694 -3752.9541 -3752.1958 -3749.7849 -3747.6106 -3746.7239 -3750.0056 -3757.4326 -3769.8296 -3781.2866 -3788.7393 -3795.2229 -3800.5886 -3805.7527 -3810.5493 -3815.7456 -3822.9536 -3831.5303 -3840.5383 -3850.1018 -3858.7664 -3865.0259 -3869.5728 -3873.5508
-3590.9875 -3608.782 -3636.1509 -3664.0493 -3684.7354 -3695.8132 -3700.0703 -3699.9092 -3698.0313 -3697.332 -3700.8145 -3710.1665 -3725.7366 -3750.9578 -3788.0833 -3832.907 -3876.8606 -3914.3772 -3940.9177 -3954.7849 -3953.8503 -3937.2551 -3910.6516 -3877.502 -3845.6667 -3822.7197 -3818.8135 -3836.8342 -3867.335 -3891.5908 -3884.512 -3847.2134 -3803.239 -3775.9722 -3766.1099 -3765.3835 -3768.7996 -3770.4343 -3771.1531 -3775.8071 -3788.478 -3811.9421 -3844.4297 -3850.1392 -3827.3315 -3805.6814 -3795.5247 -3791.2778 -3794.4155 -3804.0977 -3817.9583 -3835.5525 -3853.5405 -3870.3843 -3884.6108 -3895.5103 -3903.9604 -3911.4519
-3533.8865 -3558.5801 -3588.2483 -3623.6086 -3663.9146 -3698.0625 -3719.8545 -3729.1514 -3730.0793 -3731.2468 -3738.7866 -3757.5271 -3787.6296 -3825.1714 -3863.7827 -3896.5894 -3920.2551 -3933.2158 -3937.1616 -3935.7251 -3927.7139 -3909.8 -3879.7212 -3842.3752 -3812.3796 -3798.3372 -3799.0112 -3813.2478 -3837.8767 -3868.0845 -3893.0984 -3895.6069 -3870.7026 -3829.0935 -3798.1997 -3785.7095 -3781.9761 -3781.1609 -3778.5139 -3777.26 -3779.5439 -3783.7983 -3788.7629 -3789.6685 -3791.9026 -3803.3438 -3831.5105 -3865.7734 -3891.2571 -3898.7188 -3894.468 -3890.325 -3895.0227 -3908.1184 -3928.2305 -3954.085 -3979.7463 -4003.2578
-3483.8142 -3509.7126 -3538.0684 -3570.6692 -3610.502 -3653.2715 -3688.1643 -3713.3286 -3732.3623 -3750.5757 -3772.5337 -3799.2109 -3828.1733 -3853.1448 -3869.0105 -3873.698 -3869.947 -3865.1436 -3867.3003 -3882.5398 -3908.3086 -3930.5203 -3932.9744 -3904.3538 -3856.7461 -3806.4834 -3766.2466 -3738.0796 -3722.0354 -3723.4006 -3747.6709 -3781.0925 -3811.1602 -3829.323 -3838.2864 -3837.198 -3828.7405 -3816.4526 -3804.9109 -3799.2065 -3797.4915 -3797.7114 -3799.0708 -3803.5779 -3814.908 -3839.6189 -3886.1958 -3937.2488 -3970.2095 -3976.678 -3965.8247 -3948.4446 -3937.7209 -3939.6028 -3957.9473 -3991.2366 -4030.384 -4069.4783
-3482.094 -3506.8809 -3534.02 -3567.8491 -3606.7544 -3648.4558 -3687.9153 -3722.9324 -3753.686 -3780.4287 -3804.1328 -3824.0854 -3838.0088 -3845.8547 -3847.1841 -3843.9365 -3839.7974 -3843.3623 -3862.9397 -3901.6548 -3955.7126 -4004.5691 -4022.1404 -3990.9756 -3920.5496 -3841.6057 -3787.1348 -3780.6016 -3814.4587 -3876.4299 -3947.7786 -4003.3154 -4029.6118 -4025.4619 -4003.3091 -3971.8557 -3934.791 -3897.2471 -3860.7791 -3830.8713 -3815.8813 -3812.2988 -3812.4602 -3813.5579 -3814.1523 -3816.0647 -3822.8843 -3832.8977 -3844.7246 -3855.9702 -3865.4517 -3882.0864 -3920.5286 -4002.8367 -4129.2139 -4267.1118 -4377.6567 -4426.7188
-3526.3318 -3564.1941 -3599.0808 -3630.6519 -3657.5481 -3680.7419 -3702.0286 -3723.5718 -3744.6628 -3765.2009 -3782.5994 -3795.6213 -3803.6528 -3809.8096 -3815.7856 -3822.6226 -3832.4978 -3847.1953 -3871.3162 -3905.8569 -3940.5889 -3957.3225 -3938.1841 -3879.7073 -3806.1145 -3758.8235 -3760.5225 -3813.877 -3897.3677 -3981.0725 -4033.5715 -4048.8828 -4030.2209 -3990.4668 -3947.1843 -3904.4646 -3866.3638 -3836.2114 -3817.313 -3812.8135 -3819.696 -3833.4131 -3845.8381 -3853.333 -3857.0249 -3859.5134 -3865.5239 -3875.6748 -3886.1338 -3897.1367 -3907.6357 -3923.4304 -3963.7964 -4050.7378 -4181.2915 -4324.5801 -4431.7197 -4458.4141
-3545.7734 -3595.8533 -3634.2388 -3656.2456 -3663.4453 -3660.4353 -3656.3101 -3658.7363 -3668.7686 -3684.873 -3701.4624 -3715.1201 -3725.4683 -3734.1882 -3742.3508 -3751.0217 -3761.7979 -3775.7166 -3792.8083 -3811.9006 -3828.9734 -3837.9778 -3835.061 -3824.1755 -3814.2957 -3816.6716 -3832.709 -3854.6582 -3872.0566 -3878.1509 -3869.9241 -3852.8884 -3830.9866 -3808.3796 -3785.7524 -3764.0698 -3747.3025 -3748.5557 -3772.7375 -3811.2573 -3848.1494 -3870.6758 -3867.8604 -3846.6384 -3819.5249 -3802.5615 -3800.5146 -3817.3845 -3863.8718 -3941.0798 -4027.4709 -4090.9353 -4100.8003 -4058.6792 -3991.6016 -3940.0017 -3925.675 -3944.2319
-3402.2424 -3454.4153 -3493.1201 -3510.9443 -3511.4893 -3501.1665 -3497.2109 -3512.1296 -3549.5696 -3600.0769 -3640.9583 -3651.6404 -3626.3835 -3576.4619 -3518.3381 -3476.269 -3468.0784 -3499.7122 -3561.2031 -3624.5603 -3655.2454 -3632.8357 -3578.3582 -3532.4302 -3524.7253 -3566.0835 -3652.731 -3758.6807 -3838.2034 -3860.3362 -3821.2866 -3751.7065 -3681.2715 -3634.9011 -3616.5081 -3617.6387 -3636.2749 -3677.2012 -3739.6406 -3797.1382 -3823.5876 -3819.4761 -3791.3008 -3754.9485 -3719.1248 -3691.907 -3670.5178 -3660.7991 -3674.7324 -3717.8086 -3779.8806 -3838.929 -3867.5525 -3857.1958 -3819.1807 -3777.804 -3756.1455 -3765.7844
-2998.9639 -3061.4985 -3124.406 -3172.5981 -3200.1265 -3213.3381 -3231.0125 -3279.1025 -3365.1187 -3465.3181 -3538.7595 -3548.5366 -3482.3469 -3359.4365 -3219.5347 -3112.698 -3066.0376 -3096.7271 -3193.3762 -3319.0208 -3422.9348 -3450.8745 -3400.1628 -3317.0247 -3257.2163 -3259.6501 -3331.6521 -3443.0876 -3547.9031 -3592.9197 -3565.7236 -3510.6086 -3473.6616 -3472.8149 -3493.9529 -3525.1982 -3554.4197 -3580.1541 -3601.5232 -3610.8594 -3606.1116 -3594.1936 -3586.7759 -3587.6506 -3598.2517 -3609.3777 -3615.8867 -3616.1067 -3615.1079 -3617.6448 -3618.7939 -3614.9983 -3613.0581 -3620.2668 -3636.1348 -3651.949 -3659.1069 -3659.4092
-2623.7017 -2671.5127 -2738.6101 -2813.1812 -2875.1365 -2910.9189 -2926.4019 -2938.4412 -2960.3374 -3000.8235 -3060.9226 -3133.0364 -3190.5154 -3202.6028 -3157.7488 -3084.4521 -3033.272 -3039.0864 -3105.6653 -3207.1465 -3307.0952 -3371.4368 -3390.0449 -3376.741 -3367.2739 -3385.8567 -3420.9436 -3435.8877 -3406.7517 -3342.5994 -3274.5127 -3225.303 -3196.843 -3183.6882 -3190.2964 -3224.4209 -3290.0991 -3371.29 -3447.137 -3499.269 -3514.9431 -3504.5176 -3498.9412 -3517.0581 -3558.8049 -3603.9392 -3615.9402 -3573.1924 -3495.6494 -3432.9568 -3384.6062 -3353.7051 -3351.2302 -3377.9827 -3422.9185 -3467.8062 -3500.6973 -3519.3452
-2273.5986 -2251.9773 -2245.7234 -2276.708 -2336.1582 -2409.2407 -2478.5945 -2533.4856 -2572.5581 -2604.5369 -2641.1433 -2683.3184 -2712.3308 -2702.8093 -2645.2588 -2570.6292 -2533.5889 -2575.1694 -2692.9238 -2844.8635 -2985.5098 -3074.804 -3100.7646 -3077.9729 -3041.7178 -3017.4773 -3001.7993 -2982.4353 -2961.3674 -2957.1191 -2983.8967 -3027.4822 -3056.5073 -3049.1426 -3031.6729 -3037.0317 -3094.4294 -3184.894 -3280.304 -3348.4414 -3374.7756 -3373.3389 -3372.8403 -3381.6948 -3392.6709 -3394.7622 -3375.6514 -3326.6379 -3261.408 -3230.9739 -3239.1523 -3258.4448 -3283.8809 -3319.158 -3356.7876 -3386.8833 -3403.7175 -3409.4097
-1806.9049 -1789.2935 -1786.2295 -1822.0298 -1886.3278 -1961.4363 -2035.5969 -2105.3335 -2170.6248 -2231.2781 -2283.8684 -2327.7776 -2357.8406 -2365.8804 -2343.2383 -2304.4219 -2284.3333 -2316.2256 -2411.7659 -2549.8992 -2694.6609 -2805.3638 -2858.1602 -2857.5454 -2827.96 -2791.0295 -2755.2913 -2726.3169 -2715.7878 -2741.5022 -2810.4365 -2903.7554 -2985.1357 -3018.8733 -3010.6938 -2987.1494 -2987.3118 -3025.2749 -3083.333 -3119.884 -3123.0574 -3122.228 -3124.5076 -3098.8345 -3053.6318 -3023.5898 -3044.7466 -3099.0505 -3141.876 -3169.1982 -3224.9788 -3272.0347 -3266.3538 -3249.887 -3238.387 -3230.5579 -3224.2573 -3219.2021
-1482.0546 -1490.9807 -1518.9087 -1568.3612 -1619.3202 -1664.2203 -1708.907 -1760.6589 -1818.583 -1870.8187 -1905.9089 -1940.2709 -1996.6477 -2077.8088 -2160.9961 -2226.8066 -2274.373 -2300.8042 -2326.4182 -2373.8455 -2441.7324 -2503.6372 -2538.7903 -2561.2673 -2580.8547 -2594.9622 -2599.5063 -2592.6772 -2587.1133 -2598.5269 -2635.7439 -2686.9395 -2733.387 -2762.8596 -2777.4778 -2780.9121 -2792.8779 -2834.3442 -2897.593 -2955.687 -3010.8665 -3043.5586 -3049.4883 -3042.3762 -3037.8186 -3027.5266 -3020.9014 -3038.0359 -3082.4487 -3125.7075 -3143.0681 -3137.6655 -3118.3206 -3107.0103 -3112.4109 -3143.5632 -3196.1011 -3253.3755
-939.6788 -961.793 -979.9727 -1004.2189 -1050.3607 -1126.0729 -1219.8778 -1311.1842 -1390.5273 -1455.6309 -1510.2273 -1563.2227 -1624.9548 -1695.9572 -1769.9713 -1841.8083 -1910.5804 -1973.8938 -2032.9834 -2089.2603 -2136.5283 -2166.5039 -2185.7629 -2218.9729 -2280.3105 -2365.5422 -2459.4993 -2541.0671 -2595.1743 -2614.0698 -2599.4954 -2573.5576 -2556.3643 -2571.6768 -2618.8286 -2682.979 -2739.9336 -2782.2039 -2797.6599 -2813.6968 -2844.3074 -2849.7996 -2888.5588 -2959.5032 -3027.3701 -3060.0188 -3052.7849 -3037.9175 -3044.0837 -3067.113 -3102.2078 -3143.019 -3159.479 -3156.6514 -3156.2219 -3187.0469 -3257.1975 -3349.2104
-515.0022 -480.553 -439.433 -421.3619 -455.6638 -552.1248 -680.3378 -800.6687 -897.139 -972.9113 -1039.1102 -1100.7405 -1156.9109 -1204.2576 -1245.6929 -1294.9641 -1367.031 -1473.4188 -1604.7395 -1733.4414 -1830.9513 -1884.9487 -1910.4728 -1937.6198 -1991.9395 -2075.6387 -2175.5569 -2272.4294 -2347.1301 -2389.5811 -2400.5488 -2399.5769 -2403.0488 -2426.4092 -2468.5234 -2520.0415 -2558.0142 -2569.1936 -2548.9321 -2533.1699 -2580.2661 -2646.824 -2709.4683 -2816.2793 -2915.0042 -2944.4783 -2903.9482 -2835.156 -2782.3845 -2776.3262 -2814.5669 -2877.9392 -2941.1785 -2985.6174 -3013.5142 -3040.0378 -3083.4729 -3147.3984
-417.5465 -360.0894 -328.1616 -340.4855 -384.534 -437.8619 -481.5101 -516.8089 -553.5821 -598.7523 -645.3322 -681.2474 -697.251 -696.3524 -695.4633 -722.225 -790.2759 -896.1673 -1027.5216 -1155.176 -1253.7692 -1316.8403 -1355.0695 -1392.1871 -1449.7776 -1523.9063 -1600.0524 -1668.6343 -1734.7875 -1812.9031 -1911.9481 -2016.1198 -2100.7029 -2134.1221 -2120.8459 -2083.7776 -2049.0918 -2028.3846 -2017.1896 -2006.976 -2004.3152 -2028.8809 -2030.6008 -2030.3773 -2076.5364 -2132.4514 -2153.54 -2130.7288 -2090.1802 -2074.6738 -2097.1665 -2153.6143 -2232.3374 -2315.1802 -2384.866 -2429.8594 -2452.425 -2456.7781
-499.8927 -449.594 -407.88 -395.666 -411.0762 -439.4497 -461.0538 -475.6515 -493.7085 -521.9996 -551.966 -566.7037 -556.5285 -532.9472 -514.4969 -516.3594 -551.9106 -612.8337 -675.3907 -732.5328 -789.3639 -847.3754 -904.0957 -959.5617 -1012.8454 -1057.8688 -1086.6476 -1103.0504 -1124.8071 -1170.7668 -1247.0977 -1331.325 -1394.4117 -1412.9523 -1393.4764 -1354.3691 -1325.1018 -1318.4441 -1327.9991 -1316.223 -1247.731 -1123.6738 -990.532 -918.5545 -940.9197 -1038.4927 -1127.885 -1162.8175 -1168.5139 -1193.1754 -1228.1665 -1280.1869 -1350.6385 -1425.3654 -1484.4932 -1513.7374 -1519.2322 -1496.6293
-521.0877 -533.5173 -537.3751 -535.0938 -532.8476 -535.7714 -542.0089 -549.5881 -560.9644 -575.3664 -586.7421 -586.2498 -567.4364 -539.7031 -524.3175 -534.2181 -563.3488 -600.4969 -640.5148 -683.3636 -731.2079 -782.2529 -827.1879 -859.7292 -878.2422 -889.6741 -903.0656 -922.38 -942.2636 -954.8527 -954.2231 -940.2957 -921.1745 -898.4025 -872.6638 -839.6275 -806.4038 -786.2534 -782.231 -765.0554 -699.5468 -585.6656 -467.954 -403.1942 -402.7646 -452.8578 -494.963 -498.2381 -500.4637 -510.3137 -491.4071 -486.4124 -513.5783 -552.7161 -585.8112 -597.1576 -614.6543 -630.4222
-558.4764 -557.1879 -558.2815 -559.3328 -558.0735 -554.8307 -552.6092 -551.1713 -550.8654 -551.5465 -550.864 -549.9341 -547.2079 -540.2234 -539.0657 -557.7484 -590.3344 -629.3489 -669.9657 -706.5765 -737.4811 -764.5125 -787.7341 -805.9151 -820.9437 -838.9366 -863.9478 -895.9906 -923.4111 -931.8235 -913.5218 -879.0536 -848.2947 -840.675 -851.6404 -864.4911 -859.4467 -834.0858 -792.2281 -735.0095 -667.3689 -597.1171 -536.1068 -493.7202 -465.5309 -445.3663 -430.9633 -419.464 -416.3056 -406.2131 -386.4301 -368.941 -349.3007 -314.3367 -267.8919 -230.2253 -223.5351 -252.0593
-562.4308 -558.8307 -559.2874 -563.9674 -569.4571 -572.2191 -571.4957 -568.8177 -565.5209 -560.8481 -556.4372 -556.1515 -556.9327 -551.9241 -549.8673 -564.7099 -591.3352 -620.9909 -648.9804 -673.5003 -692.8011 -709.2375 -727.1411 -749.3246 -773.6831 -796.1387 -814.2359 -833.4052 -857.6104 -883.6392 -897.973 -895.0341 -881.0843 -864.7141 -849.2302 -833.014 -806.232 -767.4083 -716.5416 -658.75 -606.2496 -568.6301 -549.2516 -549.52 -562.6129 -559.4864 -508.9611 -445.8946 -427.758 -395.0893 -333.199 -295.3891 -287.6877 -289.1168 -286.4475 -276.3232 -262.7684 -251.051
-565.6734 -571.1347 -580.9146 -592.5851 -600.4339 -600.8671 -595.1114 -585.9198 -573.4967 -560.3955 -552.2021 -553.4533 -557.3364 -555.5893 -550.1362 -546.9897 -549.592 -556.0065 -568.6428 -589.7315 -611.2802 -629.0757 -644.5842 -659.8561 -674.4582 -684.1784 -687.5671 -688.4572 -694.0605 -707.5562 -722.5383 -728.9893 -720.8732 -695.5966 -660.5474 -626.5627 -606.1794 -601.1943 -603.3183 -602.0986 -592.634 -580.9397 -573.6034 -577.527 -591.4243 -587.9274 -539.7209 -471.6693 -441.1563 -404.5093 -362.7738 -361.0326 -383.28 -393.0609 -382.1748 -357.5007 -319.5876 -281.0686
