Resources/Map/Lvl0_30x30/Ele_BL.asc
ncols         335
nrows         335
xllcorner     16805000
yllcorner     3325000
cellsize      10000
nodata_value  -99999.0
[rows 100 to 124 of 335, columns 0 to 56 of 335]
-1223.4827 -1244.8906 -1266.3199 -1260.2295 -1250.7332 -1266.0656 -1278.1616 -1287.6339 -1263.9645 -1161.5142 -1034.4995 -985.9667 -1018.0978 -1018.9399 -958.8487 -920.9633 -950.4318 -985.208 -999.7849 -1002.7516 -947.9558 -938.1602 -934.4811 -892.2365 -872.244 -856.7975 -776.2921 -708.0459 -729.959 -763.4131 -756.4764 -721.9734 -692.1204 -684.6019 -710.2258 -786.7672 -828.0323 -806.958 -816.7068 -848.5868 -854.813 -851.6918 -865.0651 -886.9459 -934.695 -1002.6392 -1027.6707 -920.8618 -615.5905 -223.9533 24.7035 -40.3328 -282.9457 -511.4762 -532.4797 -334.2367 -152.2069
-1270.4478 -1254.2389 -1249.9254 -1268.8387 -1296.4131 -1307.4426 -1277.7069 -1248.9471 -1242.6033 -1217.215 -1127.6647 -1039.8584 -1016.5623 -1021.876 -1016.7676 -1026.3849 -1082.6503 -1126.553 -1065.7021 -1001.608 -966.9822 -973.3488 -916.4137 -816.1332 -790.6384 -765.7717 -714.1544 -680.661 -683.7517 -685.3571 -678.9904 -654.9391 -654.1732 -699.5848 -751.2128 -824.1794 -891.2875 -914.3694 -907.6194 -873.4256 -841.2084 -861.5579 -909.4641 -961.5047 -1010.5444 -1056.6342 -1080.4751 -1036.9666 -794.7473 -313.9055 643.4097 968.9186 -100.334 -402.2291 -379.8829 -177.4983 -68.3811
-1315.1952 -1288.0835 -1286.1617 -1325.2516 -1361.2279 -1354.4437 -1323.1495 -1305.7196 -1267.2576 -1235.3525 -1218.4069 -1174.2366 -1101.6384 -1053.0804 -1053.6608 -1088.3181 -1121.7064 -1114.9995 -1034.7976 -991.7988 -979.4307 -923.9708 -793.1652 -713.7549 -715.2927 -698.9853 -677.4818 -705.9401 -737.343 -749.4924 -748.6652 -700.6058 -674.7671 -714.3141 -800.5347 -871.4823 -914.5934 -955.8864 -981.7702 -981.5775 -965.7858 -969.8021 -1018.1431 -1074.7487 -1095.2012 -1096.297 -1122.0989 -1134.3461 -981.951 -706.9148 -467.5626 -286.347 -220.208 -229.2055 -158.7574 45.3612 240.4333
-1329.4822 -1338.7013 -1322.5461 -1312.1031 -1336.3608 -1345.9319 -1316.2902 -1305.7844 -1292.3174 -1270.4878 -1278.0767 -1257.9417 -1191.5723 -1130.1847 -1129.391 -1146.7338 -1128.153 -1100.7001 -1027.8999 -1006.6089 -937.6103 -858.7108 -781.9082 -761.4575 -813.837 -806.0529 -810.7253 -921.1658 -979.5507 -935.0338 -868.4094 -816.2422 -787.7719 -767.9296 -809.8253 -881.7101 -931.9766 -964.0609 -1018.5873 -1091.3619 -1125.3057 -1115.1837 -1141.0933 -1162.4669 -1157.8514 -1157.7197 -1165.1863 -1122.147 -1007.8754 -917.5493 -788.0947 -481.4658 -193.3622 -76.4642 30.4252 501.6266 556.4113
-1323.9009 -1304.4885 -1282.0118 -1258.2043 -1265.1705 -1297.658 -1307.621 -1288.0221 -1261.9034 -1262.8413 -1294.134 -1295.7229 -1252.2327 -1206.839 -1216.7416 -1257.6272 -1245.7223 -1173.9359 -1074.2379 -1041.7197 -959.5521 -893.7847 -880.8375 -923.3891 -963.8923 -937.7573 -1007.5944 -1188.0538 -1248.6306 -1182.8896 -1082.6924 -957.7862 -879.7618 -845.5803 -866.8709 -973.2751 -1060.3715 -1099.1359 -1149.3373 -1197.9607 -1222.2617 -1212.4784 -1191.46 -1178.8417 -1196.4629 -1210.1874 -1184.6107 -1094.2993 -984.49 -932.725 -822.4732 -506.2713 -184.9795 -4.2922 243.7704 922.8206 640.1597
-1329.8799 -1288.5547 -1262.1549 -1262.5802 -1274.3157 -1288.5873 -1316.5823 -1344.1746 -1364.8439 -1383.392 -1392.4249 -1374.6847 -1330.0625 -1310.9702 -1276.3171 -1202.2609 -1128.1859 -1087.1531 -1074.8966 -1088.1445 -1039.8979 -972.0708 -946.9583 -965.7806 -961.2384 -931.4277 -920.6597 -967.294 -996.5151 -1016.9372 -993.8602 -910.7276 -898.5154 -932.3648 -954.4445 -1042.7349 -1121.897 -1176.9004 -1237.4727 -1276.9707 -1286.2134 -1265.4945 -1216.521 -1176.0868 -1181.6956 -1181.558 -1124.549 -996.0507 -854.9931 -731.9503 -564.5352 -311.155 -91.5919 145.3265 413.4956 473.8899 53.8512
-1289.8901 -1288.8156 -1272.5336 -1290.9722 -1315.478 -1307.0663 -1321.4562 -1375.2643 -1433.1399 -1474.1801 -1480.0575 -1437.8346 -1388.2452 -1364.6486 -1312.9215 -1239.0742 -1171.7269 -1169.9912 -1186.7581 -1183.0848 -1133.5242 -1037.0056 -971.1372 -964.2235 -971.5589 -959.8998 -890.4387 -820.5092 -800.3668 -833.6439 -847.1121 -872.7256 -969.1639 -1061.4135 -1058.7347 -1048.5913 -1126.9712 -1232.7407 -1290.1127 -1329.8903 -1343.1824 -1316.8082 -1261.4186 -1179.8405 -1102.3469 -984.4559 -817.0258 -644.3891 -469.2292 -211.0115 -70.1646 26 84.5896 311.0511 384.0239 186.4579 13.8524
-1120.4373 -1138.2085 -1153.4647 -1192.5596 -1256.6649 -1295.1233 -1328.5051 -1338.2092 -1343.2141 -1383.7904 -1396.9116 -1380.3978 -1382.9133 -1398.1479 -1392.5413 -1375.5823 -1346.1234 -1299.6056 -1255.0817 -1244.3901 -1228.5077 -1191.0706 -1196.0396 -1206.444 -1249.444 -1228.73 -1147.9045 -1081.035 -1002.6852 -989.947 -1027.9713 -1091.4872 -1146.5891 -1174.6074 -1170.4248 -1161.3127 -1241.5819 -1337.7729 -1379.9031 -1395.8848 -1381.9252 -1334.9229 -1261.3495 -1037.6193 -777.1738 -586.8301 -320.1242 263 56.2177 932.2718 219.4029 280.026 211.4918 197.3585 129.5209 25.6551 -31.8224
-1110.1779 -1175.928 -1227.3379 -1248.4993 -1263.5889 -1286.5741 -1345.3226 -1346.0529 -1316.6738 -1307.7799 -1229.2271 -1142.6193 -1210.6045 -1366.1356 -1409.4779 -1383.5883 -1352.8018 -1251.7916 -1146.0779 -1119.031 -1171.1403 -1255.8982 -1266.8776 -1192.3975 -1210.3405 -1245.045 -1266.7397 -1251.4326 -1130.0055 -1097.3871 -1184.5623 -1271.498 -1284.4515 -1276.3197 -1274.8734 -1288.594 -1341.6937 -1395.597 -1442.7334 -1447.6542 -1393.4962 -1308.6095 -1201.6521 -812.3826 68 -279.0237 -130.5993 148.1976 126.0194 1255.116 285.7753 18.8823 133.1013 36.7623 -1.1128 -35.9537 -58.7799
-1246.4448 -1278.9496 -1287.7448 -1323.7323 -1351.1182 -1328.8859 -1376.859 -1414.1029 -1376.881 -1361.4648 -1302.6194 -1197.512 -1200.7786 -1262.0829 -1245.6354 -1253.9519 -1353.3663 -1380.005 -1334.7695 -1281.6377 -1272.67 -1379.651 -1358.6796 -1180.1918 -1081.6306 -1116.9495 -1219.5624 -1267.7753 -1221.9092 -1203.5239 -1252.9379 -1319.3463 -1365.8373 -1410.2004 -1399.2346 -1376.6708 -1437.531 -1491.0996 -1503.5745 -1479.748 -1424.8008 -1345.9352 -1205.7411 -891.7444 -531.0524 -311.7722 -134.8046 18.9503 1044.5825 391.6187 89.4243 -1.7177 -21.1855 -33.7112 -51.4545 -69.9106 -85.6958
-1264.6045 -1272.8844 -1264.7823 -1315.1658 -1391.4331 -1360.7699 -1291.0377 -1248.5283 -1220.5204 -1236.4436 -1262.2344 -1287.4254 -1355.8422 -1373.7974 -1284.9187 -1237.0695 -1301.366 -1334.6774 -1335.9969 -1353.9432 -1329.5892 -1387.9391 -1365.3763 -1278.4756 -1236.8982 -1261.6979 -1370.3 -1457.1382 -1449.3365 -1398.1611 -1376.8646 -1432.2047 -1494.4711 -1519.4365 -1461.5538 -1425.3781 -1493.5134 -1525.0425 -1538.0093 -1520.1475 -1439.2371 -1307.2302 -1042.4058 -714.2127 -461.2097 -258.9168 -102.972 14.8109 100.4742 14.1909 -24.9435 -44.9404 -54.7178 -68.5367 -81.1517 -84.46 -82.4972
-1187.8102 -1211.051 -1187.8706 -1180.1034 -1251.2723 -1291.6218 -1237.0444 -1170.7886 -1145.498 -1154.137 -1206.8368 -1303.8414 -1402.4584 -1408.6299 -1352.4938 -1374.4493 -1434.9905 -1415.7042 -1395.9657 -1441.1329 -1460.1239 -1475.0226 -1421.5321 -1375.7808 -1412.7723 -1464.8741 -1511.2454 -1549.8291 -1554.8248 -1531.5521 -1527.3767 -1589.8276 -1625.0265 -1581.6549 -1492.1586 -1439.3361 -1362.6835 -1227.3751 -1244.5212 -1332.7041 -1314.8879 -1200.984 -941.2299 -587.2858 -329.595 -216.0933 -149.4971 -86.447 -53.7436 -57.964 -74.3966 -85.6543 -90.7203 -100.2231 -104.5015 -95.5202 -90.0456
-1069.7887 -1126.493 -1120.6631 -1085.3081 -1086.5149 -1137.6245 -1208.5721 -1229.723 -1202.2695 -1164.4337 -1229.9539 -1380.1653 -1481.1665 -1496.6949 -1486.1591 -1493.3722 -1489.8656 -1462.8702 -1477.5844 -1555.3615 -1610.605 -1571.7595 -1551.2579 -1504.454 -1503.7668 -1561.4874 -1623.3107 -1663.0444 -1652.371 -1634.0763 -1668.8051 -1768.9979 -1799.7841 -1718.3666 -1569.3463 -1369.2245 -992.4102 -565.3173 -470.587 -714.6602 -958.812 -1046.5975 -1029.2468 -877.9575 -648.7745 -428.6816 -255.9238 -152.033 -134.8475 -170.2083 -210.7255 -222.5087 -196.9509 -158.225 -128.4312 -114.4632 -118.5091
-989.1185 -980.002 -971.7225 -994.1359 -1063.4736 -1122.8125 -1129.478 -1108.3688 -1104.5057 -1103.2195 -1168.235 -1334.1567 -1525.4437 -1650.0504 -1700.7039 -1693.006 -1597.974 -1516.2345 -1533.0067 -1575.2712 -1633.1289 -1592.567 -1586.6293 -1585.5027 -1600.5981 -1636.4736 -1694.4608 -1755.0898 -1780.55 -1773.396 -1824.5863 -1970.8051 -2033.3871 -1814.6309 -1275.7742 -863.6423 -533.7891 -157.8949 382.5185 -240.8507 -525.2977 -691.3076 -803.786 -817.4055 -758.7794 -642.0782 -482.1156 -385.4949 -371.7378 -387.3716 -398.3951 -372.7432 -297.1805 -205.6877 -145.4058 -126.2151 -136.5185
-1018.0054 -925.8389 -883.5427 -915.409 -1037.2181 -1143.7728 -1165.4183 -1153.8173 -1166.3444 -1172.6187 -1151.1595 -1202.1162 -1334.7119 -1451.4517 -1533.6411 -1581.4684 -1574.4399 -1563.5759 -1602.5901 -1583.9603 -1646.9381 -1680.4697 -1645.6862 -1655.1642 -1697.3124 -1745.5208 -1784.8252 -1828.8661 -1911.0559 -1960.9473 -2064.5391 -2223.5098 -2279.1689 -2032.3497 -1359.2987 -816.0921 -463.3702 -185.0324 -146.6342 -212.3759 -275.663 -276.0374 -297.1931 -313.7411 -417.0109 -582.8013 -642.9436 -617.5377 -586.5286 -542.8538 -480.5441 -393.4399 -274.1116 -187.9998 -159.2308 -148.0193 -167.9545
-1046.0076 -1046.9539 -1064.1456 -1075.8259 -1114.6675 -1191.9167 -1276.3369 -1344.4775 -1373.3475 -1351.8365 -1275.6338 -1176.42 -1107.713 -1122.0096 -1167.1262 -1190.8417 -1296.0686 -1465.7247 -1593.9097 -1632.0645 -1768.7371 -1849.8146 -1802.9509 -1788.1285 -1804.3352 -1875.4628 -1914.2969 -1944.8021 -2044.9025 -2172.1558 -2307.9724 -2416.3704 -2466.7644 -2414.0649 -2101.9453 -1529.0625 -818.5898 -386.359 -296.3161 -266.9894 -215.382 -78.6768 182.2816 167.8387 -182.6265 -426.5932 -587.0152 -603.0571 -567.3146 -500.106 -383.5682 -241.8468 -120.4662 -111.8561 -155.2497 -188.3945 -236.5999
-981.6304 -1067.3813 -1118.3015 -1119.0834 -1150.5474 -1225.6931 -1310.4779 -1405.7126 -1437.7614 -1351.1689 -1217.23 -1047.4584 -1000.3975 -1129.4297 -1230.1084 -1227.4833 -1284.7201 -1459.5687 -1646.6742 -1756.3844 -1901.3917 -1971.3218 -1904.5875 -1879.7693 -1940.9326 -2039.8564 -2101.5032 -2137.9558 -2186.5183 -2333.5012 -2487.738 -2539.3433 -2547.9775 -2489.4033 -2176.2852 -1538.1702 -850.8665 -524.9305 -411.415 -271.4265 -137.1412 41.9351 299.9286 -47.0585 -226.8273 -377.8185 -486.0703 -495.6919 -439.1353 -354.2849 -234.3307 -114.7769 -77.082 -154.8963 -246.0464 -319.8485 -433.821
-1137.6665 -1137.0504 -1117.0231 -1091.7069 -1170.2917 -1292.2643 -1356.6001 -1405.5743 -1380.5775 -1254.834 -1151.0129 -1063.0228 -1128.8582 -1343.6523 -1522.2006 -1615.2717 -1666.1389 -1781.9382 -1910.0833 -1959.2889 -2014.9651 -2025.5162 -1942.8291 -1978.8855 -2178.7632 -2323.8254 -2354.0034 -2290.4741 -2292.4099 -2440.1746 -2586.4949 -2595.7581 -2556.2112 -2398.6775 -1908.7838 -1198.8701 -694.9445 -503.269 -363.2017 -182.3249 11.4272 250.2469 112.1578 -116.4914 -251.2669 -303.984 -356.3806 -349.7109 -256.8029 -163.174 -105.8613 -121.8729 -226.564 -391.604 -532.4636 -673.8643 -887.1638
-1375.7372 -1386.5042 -1414.9711 -1421.3207 -1454.657 -1512.2594 -1553.4095 -1605.7908 -1547.7998 -1415.4293 -1380.4163 -1436.6543 -1551.5856 -1708.5236 -1833.4985 -1899.1045 -1907.8303 -1979.3652 -2077.2354 -2100.2249 -2086.1475 -2076.8271 -2078.719 -2238.374 -2518.7612 -2630.0002 -2482.5881 -2134.165 -2167.1033 -2452.7363 -2601.7388 -2581.7788 -2454.8198 -2224.6521 -1787.307 -1245.9548 -921.3242 -683.5822 -377.6125 -150.7925 277.9648 547.353 247.1946 -134.4059 -240.0047 -284.4533 -315.2006 -292.5045 -195.9597 -96.8056 -74.8793 -190.3772 -404.8752 -640.838 -843.5656 -1080.2588 -1378.1234
-1521.1277 -1567.4833 -1653.1312 -1723.5638 -1767.0438 -1808.3182 -1846.6151 -1881.6251 -1833.9385 -1694.7427 -1610.2092 -1656.1908 -1709.0789 -1776.4406 -1859.8727 -1915.3287 -1983.1093 -2065.2805 -2141.998 -2200.2322 -2196.2153 -2246.2112 -2398.2312 -2572.437 -2734.7778 -2740.1143 -2454.8665 -1953.5192 -2032.6179 -2427.1343 -2513.0234 -2339.2632 -1964.3947 -1583.2897 -1331.6708 -1123.2739 -988.9755 -722.6706 -315.9508 -118.771 -95.1762 -102.6834 -177.7763 -235.1655 -278.1434 -327.2168 -343.7862 -303.3413 -238.1315 -158.9203 -142.6255 -276.4778 -511.2837 -777.3951 -1032.8629 -1339.9509 -1727.4803
-1761.8395 -1777.7394 -1829.2003 -1856.1115 -1883.4913 -1924.302 -1927.4565 -1916.7871 -1914.5782 -1836.6874 -1749.9811 -1767.7998 -1790.2358 -1780.3384 -1818.9315 -1936.2008 -2141.2236 -2269.1045 -2336.719 -2450.0713 -2565.7437 -2693.4937 -2802.166 -2824.4929 -2791.2288 -2646.2515 -2263.4287 -1776.2781 -1864.527 -2215.0625 -2216.7566 -1817.1522 -1161.3553 -670.9266 -642.2531 -778.4161 -789.8773 -536.5765 -143.3345 352.1504 -138.7183 -309.0014 -364.9174 -345.8819 -341.0938 -364.9399 -349.4351 -289.6566 -263.1402 -241.1387 -259.0209 -414.3677 -666.6019 -954.1808 -1270.9365 -1634.8148 -2064.5544
-1959.6045 -1992.7617 -2024.387 -1978.8409 -1951.5599 -1957.5621 -1937.8267 -1929.7588 -1956.4813 -1958.4316 -1935.3225 -1979.6606 -2008.4702 -2007.8433 -2087.9111 -2208.4187 -2438.123 -2608.825 -2696.2498 -2840.7024 -2991.8196 -3064.9775 -3031.7915 -2909.3877 -2754.8586 -2405.5583 -1711.9446 -1018.2441 -1102.7799 -1580.0791 -1688.1322 -1257.0471 -577.1354 -227.5007 -367.3444 -553.9924 -510.1105 -292.2575 -97.5435 -52.537 -211.1551 -365.7032 -438.7471 -413.6182 -336.7649 -297.4566 -295.4298 -284.2546 -273.7307 -300.519 -412.2254 -660.4431 -987.8796 -1338.9889 -1717.1417 -2104.3464 -2498.99
-2089.1023 -2111.8667 -2109.3723 -2049.5347 -2010.7046 -2012.6979 -2035.6442 -2075.0906 -2101.3708 -2141.4883 -2175.4402 -2234.8342 -2224.7517 -2215.5425 -2420.8711 -2637.7432 -2787.8503 -2893.4011 -2971.644 -3064.8103 -3113.7144 -3082.8389 -3030.6895 -2850.8005 -2581.5991 -2181.8296 -1498.8282 -782.7814 -672.9374 -896.8898 -1005.8246 -839.0007 -368.3415 133.6477 -227.9999 -228.5078 -212.0078 -171.9979 -205.3539 -335.4013 -452.0063 -517.2796 -534.2819 -440.8719 -267.06 -160.213 -195.8358 -257.1255 -272.3529 -364.8296 -596.3323 -959.321 -1382.6973 -1809.3755 -2245.6758 -2683.6636 -3092.7039
-2162.6274 -2129.4631 -2134.1633 -2158.7671 -2166.9341 -2191.2251 -2284.2961 -2399.7866 -2443.7783 -2443.0012 -2449.0264 -2452.0776 -2401.3965 -2420.6499 -2680.1045 -2917.6321 -2957.1431 -2961.457 -3000.7576 -3067.2537 -3034.6272 -2976.4768 -2991.627 -2811.5664 -2430.8401 -2105.3384 -1833.1946 -1491.3544 -1133.2787 -813.376 -793.2379 -886.1156 -555.4698 -179.978 -43.9336 546.1303 -211.2703 -392.9596 -482.3404 -586.2417 -662.565 -669.3022 -587.0526 -398.072 -188.2042 -92.6308 -165.4866 -299.6391 -425.27 -620.2548 -910.39 -1283.1049 -1699.8293 -2143.6135 -2653.7847 -3217.9553 -3715.0554
-2203.7251 -2170.6794 -2226.5776 -2345.6174 -2461.647 -2611.8779 -2811.8774 -2970.7986 -2991.4937 -2876.1147 -2740.3621 -2642.1396 -2649.7231 -2817.9524 -3050.2832 -3083.5325 -2954.9666 -2905.6299 -2941.5173 -3035.7834 -3034.3105 -2968.8374 -2983.1907 -2847.6689 -2567.1699 -2348.7864 -2193.1216 -1991.0784 -1723.3782 -1390.8002 -1280.6693 -1145.4276 -627.6184 -146.4274 91.9356 -221.8639 -520.8038 -713.4752 -755.8932 -755.3505 -761.1091 -712.8736 -544.8189 -310.7566 -173.7907 -172.2689 -299.5246 -518.79 -761.4489 -1025.8853 -1337.1527 -1676.0498 -2024.264 -2445.7654 -2994.5005 -3634.1992 -4197.3799
