Resources/Map/Lvl0_30x30/Ele_AC.asc
ncols         335
nrows         335
xllcorner     -13345000
yllcorner     6675000
cellsize      10000
nodata_value  -99999.0
[rows 224 to 251 of 335, columns 61 to 121 of 335]
280.0657 314.0981 354.0111 382.247 372.9577 345.9199 327.7773 306.955 298.8925 284.3473 271.0231 281.8177 264.3241 265.1093 229.2602 216.1429 203.3095 203.7874 205.9276 204.0544 207.0263 205.0504 205.0645 221.8984 234.0223 251.625 277.6145 272.3956 215.121 180.6889 183.49 171.013 155.6169 146.9924 129.5613 124.1373 133.0405 120.4922 104.1829 87.384 96.051 110.5885 109.0562 98.2502 99.3439 110.5458 120.2522 101.476 100.3391 96.7912 90.419 71.358 80.9133 100.3826 75.6573 88.3313 104.0608 112.5929 89.4497 93.9504 67.6048
292.5467 310.5624 322.4461 337.4775 363.9056 370.0959 325.2032 337.7921 341.2531 335.3146 317.0551 390.1646 292.5062 252.4148 237.2239 227.5985 218.125 205.5582 212.8069 214.5973 211.3435 217.783 238.7291 241.3244 247.0296 279.2916 275.8218 239.0945 236.5533 217.2226 217.3146 177.8705 187.5515 188.3924 162.6964 160.6007 143.6414 117.8939 114.0565 113.973 115.4242 116.9231 116.1724 135.6595 123.7887 118.2311 115.4241 104.4564 97.5985 104.5842 116.5146 104.0929 112.6098 54.9032 60.0158 71.0056 56.9393 62.0447 59.8535 82.8851 73.3938
375.9742 383.7924 386.3477 388.476 363.2673 322.1872 295.3106 303.1297 304.3065 322.6617 333.5556 312.2768 304.2372 293.9499 278.1254 262.4078 228.2795 232.2827 235.2318 226.5822 245.6108 309.3217 257.047 264.8506 276.4943 234.5066 218.4043 214.9083 211.4711 188.3113 194.2478 200.3368 202.7492 195.1304 190.2277 177.0769 161.0531 147.6134 137.1613 121.6047 122.3961 127.0856 118.1943 116.705 121.5416 126.9419 127.8232 130.2078 131.7429 120.0312 99.7322 100.1251 113.0588 92.1896 75.5143 63.0543 51.9418 63.2614 60.3627 47.3971 49.419
278.3873 273.1005 287.2597 292.1394 304.9416 299.5956 316.9096 305.2234 273.3824 331.3728 242.0918 244.3161 290.1963 256.8708 246.9831 270.7729 274.7121 311.1925 335.804 359.6784 279.9305 306.4283 286.4465 272.3671 247.6204 233.8441 209.2708 199.0749 187.8036 182.3773 170.4335 171.521 179.927 190.8115 204.955 188.5956 169.4678 181.3195 172.7478 141.0598 146.9588 171.1055 173.298 158.3269 129.9616 114.79 110.3636 119.0663 124.5465 126.7494 125.4148 106.9158 93.2132 84.8042 78.2542 75.8421 70.6434 90.4197 104.5241 88.5455 100.2365
203.746 221.6312 231.2606 228.243 224.4863 215.9997 206.5726 212.5599 212.3847 208.8634 214.8714 219.2142 227.909 232.3844 254.8753 243.921 304.1326 292.6902 314.6546 359.2704 303.9695 295.1932 316.7308 265.9397 237.9879 185.6252 179.6848 173.67 171.2509 176.1081 174.8201 171.3795 174.4964 166.7576 161.0246 165.6356 160.7408 174.6541 197.0594 165.7813 145.4733 161.5613 165.508 166.4026 153.0641 149.2115 139.9351 126.4388 122.0945 119.1828 119.2402 108.1796 105.7887 115.2616 115.6095 115.5371 122.9197 129.9755 136.9641 140.3902 128.0554
87.7173 95.7654 96.6229 105.5426 113.8919 128.668 131.3439 135.0478 146.9181 143.19 135.0232 138.1371 140.0459 147.1501 153.0113 166.9502 175.3951 190.1471 203.4992 206.8319 199.458 201.7014 214.5251 202.5654 209.143 194.8961 164.9823 163.7914 174.045 175.8654 172.8329 181.439 175.9507 172.1447 157.2998 158.5755 179.9035 150.6515 105.6904 104 110.7476 117.6355 131.8011 141.9932 140.0329 154.9931 145.4546 148.2459 143.5531 148.2151 148.8464 140.5756 131.5877 132.5673 131.2431 134.1987 128.8705 123.7308 126.8191 120.7773 117.7382
31.5201 34.2925 41.6456 43.8965 49.5036 57.0394 61.6668 69.5321 66.2212 77.6088 92.3877 103.0577 96.701 106.8249 112.3898 117.9892 122.1486 153.2644 125.4024 143.3202 125.8408 127.0413 134.2471 141.6179 136.8185 139.5865 132.9498 131.7623 141.3197 130.0875 144.4583 133.686 131.5108 132.8228 110.1498 103.0291 100.7543 111.4053 131.0018 99.2664 105.3389 119.74 116.1226 114.0377 139.1333 162.8665 155.4433 152.6324 154.107 151.7228 156.6448 162.0279 160.7266 152.8465 147.6124 143.0426 148.7801 139.8746 132.4656 126.695 124.0132
-5.421 -3.1955 2.3391 9.4959 4.7938 8.3665 6.6851 15.5036 20.6549 23.8313 37.8082 52.1475 70.9495 78.6483 81.933 90.9456 91.3607 111.7861 98.4084 103.8288 108.9903 116.3182 123.6836 111.7969 118.4424 120.0593 125.6198 119.4642 129.483 130.0991 141.4026 154.7029 157.7289 145.5486 109.3489 100.9943 93.7502 101.1161 97.4105 93.4366 104.1847 114.8053 100.3958 111.6095 129.7942 152.0101 166.5429 158.7307 160.562 140.6659 146.0696 125.9062 131.4663 147.591 160.1667 153.1328 144.6152 145.345 136.7385 146.8804 163.6363
-58.533 -50.5535 -39.6094 -30.5531 -24.5556 -19.1133 -12.3887 -1.879 9.543 12.2874 19.6264 17.9509 23.4505 47.5838 54.8786 71.5275 76.3636 78.7634 84.0997 83.3939 84.2674 89.7691 97.5813 103.101 110.8 116.4159 116.2695 122.7189 126.8108 133.0149 140.4618 142.1376 144.0894 119.9973 101.4082 95.7909 105.9439 100.1306 91.2437 88 88.0085 106.6704 135.9775 135.9836 125.7834 113.6928 131.0878 144.417 144.534 124.2337 113.3739 101.308 73.3518 75.13 80.8601 102.0733 96.4923 119.8817 125.0802 141.5126 145.8027
-92.832 -82.9981 -69.4528 -57.921 -48.8804 -39.1713 -31.8897 -19.6249 -3.3976 17.6769 26.1503 30.1878 42.1498 43.2213 49.4531 65.0242 55.3835 58.8409 69.9826 71.9475 69.6167 70.0159 70.937 77.381 78.2497 73.1439 76.6902 76.641 84.226 84.1298 83.2115 86.8451 93.0188 102.1024 107.7669 100.503 95.7341 92.8438 92.9643 101.7723 82.7358 74.6064 86.9706 99.9962 80.4722 76.6338 75.9732 81.0755 85.5582 90.4569 76.5234 71.9161 80.2303 83.4215 70.3274 78.2442 77.82 64.3175 63.2652 73.5578 94.8379
-79.9657 -80.2208 -75.1265 -68.7368 -61.6026 -51.3425 -41.8471 -28.627 -11.0304 11.2127 21.4481 39.012 66.6548 61.1536 56.6478 64.9908 67.2498 70.5124 80.8506 67.6723 67.7497 84.4994 90.6009 98.0979 98.6361 80.011 77.1278 95.2515 115.4169 122.3406 110.1088 120.3431 124.8186 158.6239 151.2672 129.9048 126.5352 130.0375 139.7001 134.697 121.864 107.6466 87.7589 97.9425 98.3562 96.3859 84.1898 104.0026 94.5208 90.1781 112.9129 134.5409 143.7384 131.1157 153.2491 166.8098 152.3943 124.4895 123.6222 115.2937 73.0836
-53.2483 -60.8194 -64.2905 -63.0567 -61.5576 -56.368 -45.8013 -27.8902 8.579 14.4482 27.7678 41.3328 61.9454 70.2114 77.7763 86.5574 90.2941 102.9579 115.0086 123.6761 130.4866 134.3259 139.1147 139.7236 149.3428 152.249 160.0247 165.0205 162.6337 160.6377 155.4577 157.6535 155.2617 153.3714 163.2912 164.3371 165.8787 140.8736 136.1 149.5265 132.6944 121.961 110.4322 109 111.847 118.7821 121.2172 123.3204 128.5524 139.6934 154.0462 148.991 144.6408 135.4463 112.9725 117.6821 136.0468 161.3914 161.2525 137.3784 114.9043
-56.3538 -54.9236 -52.4992 -51.6526 -51.8307 -49.3795 -43.651 -32.1724 6.5366 21.9756 34.5539 54.5853 76.0395 95.7781 101.1692 102.3105 110.434 125.925 135.7674 153.437 156.0738 153.8688 152.3438 157.686 152.9137 153.567 157.4306 164.3818 159.1259 166.8196 174.1242 174.857 156.4487 163.406 159.1881 165.9973 159.6573 177.6717 170.3512 177.4032 128.0683 102.9172 77.0549 119.0486 116.7412 114.5986 130.218 153.1216 156.147 150.9159 119.227 113.2289 110.9661 117.7271 139.0781 147.0253 150.0107 93.1395 97.7923 85.8145 82.9085
-37.768 -38.2485 -34.1857 -34.5953 -36.6405 -36.2677 -34.7797 -33.4793 -29.5216 -15.4838 10.1381 39.8174 57.5466 73.0184 83.8995 90.0033 100.4026 109.6837 119.2266 118.9107 122.2542 111.8106 118.422 120.7023 124.3609 131.3518 124.9807 126.0165 124.2682 125.4429 113.0022 116.9135 135.4714 157.562 162.2678 155.7913 185.0331 159.82 179.8954 134.4392 132.2448 23.5083 18.6279 42.8283 82.8693 100.4291 99.2466 95.3011 81.4258 80.9629 95.8504 71.0412 74.0885 87.1526 73.1922 47.7182 52.6363 53.946 33.6787 -9.2186 -25.8278
-4.8893 -11.9078 -14.3127 -17.5258 -20.5262 -20.5244 -20.1419 -25.1311 -35.9597 -38.6875 -23.418 7.2954 13.6976 21.1511 25.1307 31.7375 41.865 45.4186 52.6578 58.2134 62.269 64.5209 71.0508 72.1212 82.2193 99.5836 95.8794 107.3112 111.9615 95.2244 100.8313 116.0143 113.0918 109.8894 113.7238 98.067 96.6285 103.0637 38.4787 10.9561 15.7358 93.612 48.2879 47.5859 64.6427 8.7701 13.8254 7.0648 5.9725 8.8346 -8.0251 -18.6089 -24.5376 -36.8085 -56.6955 -77.6599 -90.4248 -95.8869 -98.0156 -95.9839 -92.785
21.6159 17.1152 7.6988 -4.483 -15.7328 -13.8329 -9.3533 -11.7398 -19.6643 -24.6827 -24.724 -19.0707 -8.3809 3.5101 10.2645 9.281 13.7005 15.3117 15.3724 17.3188 27.501 22.3681 20.7565 17.1666 18.1872 29.7572 34.1776 22.7718 10.2082 -31.5666 -33.8527 -31.7022 -34.3981 14 37.9491 13.0876 -1.6304 24.5118 5.8098 45.1605 57.4155 33.1428 18.2599 -16.7564 -31.1765 -41.9845 -52.1405 -63.7833 -71.3667 -85.5863 -112.7592 -134.0259 -142.4324 -143.9208 -138.0145 -134.0448 -125.8178 -113.0079 -112.0941 -113.3507 -112.8962
24.2631 28.6476 15.7277 8.832 -5.8356 -19.6426 -36.9735 -46.2731 -46.1686 -39.8261 -46.5571 -57.5032 -60.9249 -59.9333 -62.3667 -67.4332 -73.258 -75.4773 -71.9139 -81.0095 -82.7061 -77.6861 -94.787 -100.6602 -106.3108 -123.2784 -138.1902 -142.8307 -149.7933 -156.4735 -161.8924 -157.607 -143.7441 -129.1009 -104.3041 -85.899 3 -24.3133 -30.3334 -28.3782 -37.8491 -48.5799 -60.2142 -62.9249 -65.6333 -75.5036 -99.6928 -133.7952 -161.3271 -177.3363 -175.038 -172.0313 -178.2128 -168.8384 -145.5583 -126.569 -120.9499 -134.1735 -142.3203 -120.9787 -99.2997
24.2287 22.8506 23.1262 14.9461 16.9677 -40.515 -82.2541 -93.3017 -92.4189 -88.0337 -89.3598 -96.8798 -110.2305 -119.3091 -119.0816 -129.5391 -140.3382 -147.9113 -150.3537 -167.9215 -174.5347 -172.195 -188.2982 -196.3699 -185.5014 -172.7905 -150.2385 -119.7921 -93.825 -94.3238 -85.5002 -73.9101 -51.9061 -51.636 -48.9577 -78.3331 -98.0961 -110.7263 -109.0391 -93.1426 -88.9285 -84.8644 -93.615 -111.7549 -132.7476 -153.0937 -187.742 -227.7407 -241.5905 -237.3624 -227.0389 -217.4731 -202.6087 -172.9111 -146.1032 -141.1696 -160.2037 -165.637 -150.0759 -104.075 -49.5887
13.4713 7.0267 12.851 24.7879 4 -80.9557 -114.797 -116.7844 -112.6277 -89.9401 -71.3072 -61.222 -60.184 -98.0288 -165.1444 -187.3942 -173.7467 -150.9052 -127.6956 -124.535 -124.2309 -131.1126 -142.9853 -140.5379 -112.8257 -79.0058 -50.3094 -28.2476 1 9 58.8473 -50.8693 -59.156 -81.9186 -127.7988 -145.8622 -132.066 -112.3742 -116.227 -133.6686 -152.0644 -179.5316 -215.7567 -236.8389 -215.439 -172.8092 -161.2455 -214.9689 -258.3685 -224.0033 -173.8016 -135.9553 -96.3774 -61.9532 4 -62.4951 -84.9757 -82.2843 -60.0765 -37.3205 -28.1458
-71.2912 -77.0292 -77.8782 -89.56 -82.4693 -81.1207 -98.4522 -116.4701 -147.1778 -165.7213 -172.8768 -155.7816 -104.8072 -119.891 -157.9124 -98.4316 -45.1427 -32.1574 8 -135.4653 -170.8099 -122.0309 -88.136 -66.9862 -41.4213 -45.1305 9.7169 -69.7275 29.0462 -72.9821 -91.3654 -139.9934 -162.9337 -162.2655 -159.9237 -153.6635 -155.8843 -176.3364 -208.3682 -245.629 -272.0677 -281.8825 -285.7867 -289.0929 -240.7387 -177.691 -192.1057 -225.0177 -208.4625 -138.6299 -67.6444 -30.9234 14.1128 -25.0855 -27.4027 -26.8773 -22.3468 -16.5458 -8.0777 11 -29.7489
-142.7778 -151.7153 -155.3083 -159.9485 -134.4923 -114.2245 -120.5339 -137.7802 -169.9415 -189.8443 -176.8658 -142.6848 -129.6347 -167.1589 -181.0557 -126.6966 -82.5229 -89.9728 -141.2896 -214.6446 -225.0787 -196.6089 -177.7693 -147.3923 -123.3928 -128.2631 -139.28 -138.6651 -137.1189 -129.9806 -111.1111 -144.366 -215.2427 -224.6228 -230.5559 -256.66 -265.1783 -261.1907 -260.6744 -271.6616 -276.2228 -242.9119 -205.3571 -195.8087 -168.7613 -128.62 -104.6141 -82.9001 24.1873 15.424 -98.057 -129.9294 -120.5239 -68.4292 2 -4.5709 -4.7141 1 -4.0149 -8.4298 -22.9619
-101.7925 -87.4961 -76.4604 -68.4529 -63.383 -59.53 -46.9344 -50.369 -67.9428 -82.7866 -98.0007 -115.7812 -123.0673 -138.5936 -121.9131 -91.4018 -88.047 -93.3163 -96.8879 -102.0161 -85.1906 -82.4459 -88.8528 -77.781 -79.3131 -91.149 -119.5921 -178.4469 -217.226 -226.4039 -224.0222 -226.6019 -249.5344 -266.6428 -274.2375 -273.2413 -265.7351 -253.167 -222.8869 -175.9504 -166.8235 -190.2992 -159.9113 -107.3127 -59.1832 2 -6.8654 11.7597 37.4668 -68.2558 -159.8392 -175.4276 -175.6649 -144.8331 -63.2966 2.5608 12.2439 3.3372 5.4683 2.9496 1.2495
-12.8502 -6.8707 -5.6094 -10.8796 -13.7159 -12.5975 -7.0118 -6.0074 -8.4448 -22.1066 -38.0962 -41.4938 12.5115 -59.8923 -61.5855 -59.682 -78.8503 -108.8015 -142.9153 -163.9677 -164.2037 -190.9447 -211.2007 -210.6544 -218.169 -226.8982 -236.6543 -244.7569 -239.9549 -235.466 -245.0886 -257.4751 -269.6372 -272.6105 -255.3006 -208.1705 -154.1353 -96.4673 16 71.8574 -70.8612 -85.5232 -39.1786 13.5319 76.3842 62.4052 73.0928 11.2243 82.8816 27.3374 -41.9506 -51.3417 -64.1036 -87.8878 -58.5167 -21.1546 -4.0584 -0.7636 3.5223 10.9563 50.564
-2.781 7.0924 -17.9298 -29.2173 -27.4292 9 -18.6104 -29.2012 -42.1419 -55.5123 -83.3499 -97.0959 -95.44 -109.627 -136.463 -148.4057 -159.0126 -177.283 -201.3709 -212.3158 -189.942 -164.8271 -138.0022 -132.6716 -150.9973 -147.597 -140.6508 -169.798 -181.4545 -173.0767 -153.6294 -143.7629 -137.3836 -107.3514 -46.0325 37.2856 -2.05 -1.5977 9.3939 14.926 13.0515 79.2718 101.7093 94.8539 137.1639 105.7918 111.9008 116.4867 126.9568 108.3147 102.69 84.9047 -7.5032 -84.8452 -99.174 -48.8846 -22.6011 -12.512 3.7378 11.2894 -4.5269
11 11.5274 7.528 7.7083 4 1.9502 -4.9981 -11.1201 -13.7168 -17.8874 -23.6996 -21.1356 -9.6766 -8.9295 -34.922 -46.1862 -52.8845 -72.2011 -110.4523 -118.7902 -96.6336 -65.6477 -23.5301 45.9231 22.8863 38.4884 50.7266 -11.5447 116.1794 42.5237 12.7264 36.9811 19.4076 26 22.6005 64.0538 118.9438 100.7696 160.0794 157.1745 159.4818 87.574 182.1942 63.4002 165.0271 164.8663 140.5287 105.602 121.7704 139.3374 171.8104 157.6149 39.1603 -5.2858 73 15.2776 18.1087 55 10.2437 30.8343 -5.2601
223.8766 222.8715 250.0169 230.2856 224.4093 207.5524 242.6121 228.3242 222.0171 211.4289 234.2349 224.1918 133.7754 226.0005 236.7909 236.2452 157.3654 159.3985 140.3799 124.6989 127.2178 150.3432 202.8491 204.7576 155.2185 156.9519 119.1692 23.5113 143.4171 254.2092 229.9827 222.2467 273.0395 256.0288 278.3746 223.9765 260.9172 202.6439 199.212 201.8576 207.3672 204.3221 214.3664 203.2805 190.9286 181.3346 175.3301 181.562 174.2247 144.4513 164.0884 179.539 85.6715 53.1466 91.108 110.688 105.165 69.3043 31.3677 92.593 27.8512
288.2605 289.78 295.7237 278.051 309.061 276.8154 266.1023 259.6709 271.6796 288.4916 278.166 328.2945 345.5134 338.9908 338.594 331.2196 291.5732 316.2506 300.3487 290.1665 280.4203 288.4871 289.5244 281.2563 195.5215 179.8287 62.323 130.9725 274.4779 271.3753 257.2834 277.6577 237.4675 251.8349 261.6286 241.3306 266.0267 232.1181 211.1072 204.1846 156.1289 238.8579 265.917 241.7971 263.1224 229.1533 240.696 224.2667 211.0878 234.3198 213.1711 256.1522 237.4057 223.5461 86.4928 63.7158 110.5754 117.0765 58.8802 144.9619 104.6976
289.1732 300.2364 306.4025 323.7509 330.1118 332.6201 336.1847 353.0218 362.9917 333.978 372.654 342.9777 355.5415 412.5514 384.5005 380.0122 403.17 383.6786 356.9082 359.342 349.7729 362.7705 323.0229 249.1336 294.7473 143.2387 176.7762 330.5561 327.9541 314.1375 308.4273 292.4801 272.9931 306.4894 312.2852 304.3622 292.2285 293.8087 281.4739 230.8363 235.2603 285.9418 283.5108 260.5834 271.7935 273.5206 284.2899 268.4744 265.9569 289.2104 295.3392 297.4024 287.3528 281.4053 258.4081 188.2606 161.4725 87.891 60.8596 71.2938 40.1876
