Resources/Map/Lvl0_30x30/Ele_BC.asc
ncols         335
nrows         335
xllcorner     -13345000
yllcorner     3325000
cellsize      10000
nodata_value  -99999.0
[rows 27 to 53 of 335, columns 61 to 121 of 335]
530.5181 524.915 553.563 617.5891 643.0347 708.9701 725.3239 696.0952 670.066 667.3082 674.5328 656.9517 699.0128 697.7849 717.7029 778.2537 838.9076 811.6095 806.3773 799.1218 690.3373 774.1186 798.5317 800.9117 839.2531 759.7215 686.9357 546.6807 373.3701 313.9215 282.8239 264.5988 305.1325 299.2398 293.6456 291.3618 286.3444 311.5642 334.4766 347.2057 374.0744 409.3701 457.0508 469.2817 496.7856 513.6798 545.9471 571.6997 579.0638 573.8339 540.8984 517.6406 540.9657 554.7014 545.09 548.3704 549.2783 511.6133 486.2039 498.2798 489.3417
562.7028 612.2684 629.9779 662.1775 687.0281 722.3767 796.9641 822.1832 833.3011 814.1091 760.692 729.7454 700.3495 725.7775 749.5877 784.646 800.2289 769.4261 725.7816 785.0772 680.2533 740.6833 739.6583 697.6663 653.7568 651.0698 500.6174 409.2885 329.4773 298.1796 269.3442 337.813 339.8076 345.9726 293.4521 287.2044 326.427 400.0942 394.9495 358.9622 408.9424 407.8622 427.9397 462.5178 493.2383 479.4155 480.2387 497.5644 523.9719 535.58 531.6688 543.6017 537.9371 550.9944 518.1832 522.6226 534.3142 510.4938 482.2225 472.9831 472.6914
595.5876 639.6093 678.8616 758.1884 780.9819 807.1578 812.0009 784.0031 762.8942 777.375 792.3401 811.7103 738.5377 688.6906 696.4392 786.2854 793.4576 703.1727 735.3049 728.7217 642.12 603.5821 588.465 573.3874 540.5952 478.1287 428.3982 362.4505 325.1826 291.6335 270.6796 304.5688 291.6433 291.7756 297.5584 317.9554 333.4213 401.425 464.8218 495.5246 494.0363 483.4875 473.0288 483.9104 483.5928 500.4419 470.676 472.1979 497.8382 519.2263 527.6329 542.8449 537.3312 533.7416 514.2092 500.6724 481.1962 521.1509 521.6431 492.6473 506.5067
639.4454 693.9977 764.9163 782.134 753.942 731.4098 763.0552 755.042 760.9951 781.5443 811.7476 813.2734 783.0504 715.101 648.0931 698.4776 676.046 606.7051 555.129 563.8668 539.9673 567.7988 546.3253 524.4572 478.5523 421.2775 374.228 352.2212 329.7307 314.7768 266.8694 290.4958 299.7617 304.2072 317.5042 354.781 440.0235 510.2895 572.1107 576.6313 565.796 569.1432 558.2232 536.5582 489.1435 459.6953 469.9495 494.2919 526.7328 536.6139 544.5397 519.5032 547.7245 546.2992 535.7221 481.0197 471.6368 479.134 493.8268 506.998 546.1537
678.6917 677.5868 720.0054 743.8071 755.8121 678.9601 721.9333 773.3256 780.001 748.0109 716.6594 670.8781 668.642 616.7599 608.1035 559.9526 533.0941 525.5406 531.4685 523.7918 525.0185 504.432 468.3135 449.2296 416.1107 394.1102 372.0019 360.3794 343.1404 323.3015 289.9706 285.9091 322.1155 327.7595 346.2804 406.6449 490.8293 521.1887 560.575 590.2182 574.1213 587.5079 572.125 542.9082 510.2623 492.1353 481.39 506.7476 550.8215 544.4131 530.2756 538.3574 552.9991 551.4961 536.3148 506.7123 462.064 455.7303 471.6552 484.4214 490.8011
627.5267 627.6174 612.8915 638.3716 635.7198 624.9332 621.3632 647.8722 654.642 660.3575 633.3885 586.6458 556.3785 526.7769 536.2891 528.5026 512.1422 513.715 508.7844 504.1581 497.8476 487.1032 459.9972 441.6794 422.2083 446.9749 462.5396 437.5759 372.3858 346.0222 328.1827 303.7478 293.0043 329.7188 370.8072 435.6475 480.7935 497.2096 541.7062 573.6247 571.6646 639.3473 659.1071 642.5252 571.9405 511.9124 545.8901 578.6982 557.5833 550.6404 566.5999 555.72 564.514 546.7618 497.7877 481.9474 483.1322 449.8782 459.9651 475.4581 473.2928
543.2188 556.679 550.3729 555.4136 543.2344 549.8926 546.0323 558.7454 580.7252 573.5609 540.2353 544.3301 539.0104 521.8851 518.5717 533.4548 521.0562 520.4596 524.6803 501.2338 493.3324 479.5573 472.2222 466.9988 482.5183 466.9301 427.3789 395.1547 400.7733 390.5641 346.3274 312.0706 264.5104 277.6236 376.5596 440.3626 465.2298 472.4964 479.4084 493.0576 513.5699 527.5665 598.0263 542.8582 520.0944 498.4809 514.0503 516.5428 521.499 527.9653 532.4001 554.5354 569.0566 546.0955 512.3495 500.0676 469.482 470.5302 439.3527 469.8296 445.0782
625.8766 603.2277 602.2216 563.3311 534.319 516.116 509.7856 515.2419 530.3073 546.8511 532.7435 515.9888 506.6502 522.5241 507.9391 522.7031 514.9119 506.1331 509.4685 500.7367 495.8784 486.2343 473.1254 468.0054 471.7775 478.9332 476.6592 503.4572 496.2207 449.6873 393.5705 363.1943 326.715 316.3558 396.5611 431.9366 433.5933 462.0897 476.9418 479.3446 475.9488 478.5008 484.9471 459.4621 490.0893 500.2528 501.705 516.5757 495.5031 523.5724 530.3574 542.7665 546.6958 536.143 515.2319 505.2676 494.3488 440.8516 414.2155 428.7777 437.5505
759.1628 689.5169 691.9685 682.5852 599.8032 558.9078 525.3321 515.1844 514.4503 504.2754 506.4222 513.4294 498.1525 523.2337 517.7253 519.1066 494.9411 492.5575 480.8467 474.5267 477.8361 479.3199 473.761 470.7645 480.3267 498.5982 519.0862 526.3682 536.015 509.8932 436.2506 399.6357 350.6633 314.0596 380.4296 424.3347 448.7529 469.521 475.495 480.3483 473.2359 430.6727 337.6755 433.0886 483.9193 496.0029 484.409 492.5212 523.8079 502.9166 501.9084 498.969 489.9887 464.3476 421.6907 406.1512 402.6355 451.0165 468.3602 468.3787 465.2497
725.5864 786.312 803.6608 773.2182 722.4061 635.6179 597.2412 523.9614 508.5609 510.3879 517.7986 515.6458 529.7545 523.3712 519.2642 506.7993 498.2359 487.9618 483.5044 489.0842 501.5335 522.0771 534.1958 524.5042 496.4628 500.2609 505.1234 490.4749 474.0542 454.9424 415.3048 366.0042 305.5164 342.3989 316.7149 371.0992 337.4817 387.4166 397.6043 368.2786 360.6582 463.3149 465.9911 472.8481 447.5673 414.9897 461.0344 422.2052 392.7213 465.1816 509.0652 506.6802 488.397 475.4077 473.516 485.4979 465.4749 462.0793 462.8435 491.715 456.393
718.4878 783.2711 767.5934 729.8652 658.2747 625.3939 589.5107 507.2684 513.777 532.6934 529.3619 534.985 535.7791 533.2094 531.6275 533.5646 527.3576 514.8263 513.1894 535.6453 534.4955 534.2444 504.5665 481.4792 478.3773 464.9477 414.0074 385.4829 422.4735 404.5429 424.4233 407.6971 394.1996 382.2297 381.3141 391.6867 394.36 399.3014 362.6882 419.9603 455.8326 488.5941 463.1073 459.7683 482.2228 468.3823 483.205 488.1954 496.3347 489.5357 492.7178 465.3274 470.8605 473.5396 480.0424 483.6943 460.8227 472.3426 488.213 480.8969 484.7079
696.2756 696.0103 723.0308 722.5113 658.1996 614.2235 559.9053 527.2003 520.3162 528.8646 559.2751 569.6279 577.4043 547.0942 540.9113 546.2963 533.0468 513.4886 507.0786 490.2371 480.964 495.2358 491.7738 479.4661 474.7914 471.7596 472.2249 464.054 477.3807 454.4217 448.3361 443.832 435.7467 435.5633 441.6371 478.9219 498.662 470.647 450.5478 446.4471 432.6528 466.2267 476.9746 453.1592 453.1832 467.6424 476.6174 494.1804 495.1375 489.7483 486.5362 462.6954 456.8385 441 449.5953 449.2237 457.4383 454.0692 503.2636 481.9821 475.1276
713.4105 697.1218 705.1943 654.7513 629.5054 606.4196 551.2966 536.8885 549.2916 559.4415 565.806 586.4192 577.7983 591.6563 602.8923 616.1415 589.7542 554.1116 499.4681 506.1217 508.3019 513.6484 511.4728 504.7134 506.9329 514.2999 517.1507 506.1046 492.97 505.5895 507.898 507.5341 499.3232 529.9869 614.1959 557.6002 491.3478 476.2432 476.1308 438.7682 453.2484 454.9581 475.5577 459.3644 461.0858 485.5717 491.7506 501.9763 483.558 473.6103 492.1129 478.2112 471.6355 457.1607 441 444.0124 444.1265 444.3329 487.026 476.6964 460.4747
668.5362 676.1307 623.2233 616.4581 578.1793 552.3027 541.1172 570.8421 569.9108 578.8922 604.9616 626.5604 612.118 613.4825 620.3886 613.2269 600.8615 575.8557 558.4235 511.0885 511.2101 528.8159 529.9237 533.4003 540.7911 558.1541 556.4578 556.1008 548.3082 537.8185 552.5237 571.1567 613.5273 693.6843 721.3188 706.859 660.8319 496.3786 465.9397 502.4311 459.4311 462.9432 443.4636 476.9189 451.4069 465.6528 487.3376 477.9887 468 467.4312 468.3995 465.9081 457.6159 468.533 469.6317 449.2222 438.5335 447.3898 465.6167 464.2229 446.7987
616.9094 619.1456 621.1834 591.2144 550.9377 539.5897 548.1769 554.8147 589.9819 600.3904 605.9467 610.1597 622.2729 632.7118 626.3777 625.2402 586.3315 564.2359 545.0103 530.7411 515.7534 527.1108 539.753 553.8607 550.5397 554.2824 562.0239 548.0731 571.6281 609.9862 652.9025 711.0234 699.0954 711.3436 736.5086 731.857 712.8049 625.874 548.6205 550.2219 484.8319 469.127 450.1192 445.9958 464.0591 459.2406 465.9799 476.0827 474.6604 476.2213 474.0219 490.3625 484.7278 451.8305 451.5717 464.9721 440.3486 426.8132 435.9331 444.0997 438.2463
587.785 581.1298 560.0784 566.3005 550.2643 543.9293 559.7827 595.3387 600.1454 622.3016 631.2334 623.0576 624.8453 617.7544 605.491 592.7333 583.2852 574.3748 563.1567 541.7744 438.829 532.235 557.6569 559.6343 570.2275 578.851 585.6102 596.9963 652.6521 719.3124 725.2357 711.5438 709.1249 721.1049 723.3546 726.9874 729.6729 695.0027 593.9316 505.0079 477.3473 470.0208 442.1606 472.1212 462.7142 454.5678 475.5618 488.6543 495.1902 490.0984 490.6507 506.236 489.7897 483.3318 492.0798 470.6553 443.9923 426.1292 414.0892 423.3967 424.9261
590.19 577.1463 579.8965 570.6442 552.3988 549.9629 581.5801 592.7593 612.3177 606.1268 605.4736 611.7963 606.1191 601.3701 581.6622 583.136 581.7957 571.8923 560.288 518.0579 545.5343 534.3224 564.2719 572.1809 581.4245 589.2068 628.4973 685.2693 726.2964 740.3761 707.589 690.7645 698.5978 697.2169 708.5391 708.0444 709.4432 676.9115 567.3277 487.1596 491.4267 456.6665 465.0737 440.2701 441.0764 472.6416 483.8783 481.0386 520.5877 525.9017 527.241 502.6776 510.5358 518.9044 514.7087 504.5611 511.721 456.7951 418.276 412 412
599.9219 605.5257 590.7823 570.0295 566.5557 538.8259 553.7075 560.2411 571.6148 590.702 577.6957 592.1496 589.6341 582.2889 572.9277 576.0393 568.7552 564.1425 553.3314 444.2065 551.0999 557.134 566.3256 578.5851 614.3265 667.2015 692.3408 690.1813 707.1875 690.3081 681.6153 684.619 691.1974 697.1469 713.3889 694.9357 651.3297 605.821 533.3345 516.7653 453.6004 460.5207 466.6496 503.9175 478.9221 469.0364 475.4109 525.6247 528.7103 530.2212 536.0787 538.5347 569.4031 573.0724 584.3972 626.0118 624.8705 509.046 441.2869 412.3354 412
616.6132 604.9591 581.1051 596.4308 571.2808 556.3948 550.5243 542.119 555.6434 569.2477 561.6729 567.9422 566.6536 570.6747 561.2284 567.1432 564.0132 557.9732 551.7174 477.0413 555.4991 560.5754 579.9752 622.8147 663.1866 695.5142 683.554 680.9063 678.765 687.0274 682.7583 684.3915 681.4255 686.5901 675.0428 631.7515 596.5573 583.3566 542.3649 487.3344 484.3679 480.4793 493.6803 513.0161 539.8239 524.9891 535.7464 519.9544 531.8559 524.9574 533.2751 523.5327 501.5074 525.9738 591.2352 573.4678 554.0219 523.6801 462.939 449.0932 424.4253
663.04 644.7297 610.8754 589.1672 582.9547 582.2477 580.3679 581.5742 588.867 567.7735 559.9583 566.76 553.5145 557.6439 557.883 562.5053 566.0117 553.0589 555.0303 562.647 556.8676 580.1716 572.8249 646.1498 660.9368 668.1132 669.777 662.1183 668.1454 671.7607 702.9725 673.9346 637.9476 651.919 622.2536 574.0244 569.7906 555.7779 549.3192 554.0405 560.3169 558.9777 554.621 564.4841 553.9189 578.2904 573.5979 558.2486 557.3319 563.3064 535.1888 529.8625 518.9813 502.4042 521.0486 523.7213 515.542 493.2811 463.548 425.7885 439.6976
682.0626 674.2948 667.5056 662.6023 660.2702 659.7717 679.7256 676.7078 664.8425 665.995 647.1242 661.0476 620.2342 609.8256 581.2105 568.0599 560.0035 554.1827 501.5674 553.1706 597.3966 641.7462 698.0394 688.5085 653.2363 667.9117 676.2802 665.1833 669.6711 661.0343 670.0604 687.2133 638.7668 594.4548 580.691 555.9743 548.9314 558.1191 576.4135 568.4226 568.2419 578.1624 586.8445 569.5664 570.2393 585.7473 597.7941 573.3786 571.0197 552.2899 576.7329 588.8953 594.3276 579.5592 537.9154 507.1314 531.3289 494.7165 444.2999 451.476 443.434
853.3766 871.3118 825.4868 869.149 851.7277 829.7188 809.7453 889.5024 882.9161 897.3837 839.7196 779.1738 742.2619 719.9918 624.0412 590.2073 575.6125 566.5445 599.9647 650.7237 719.3602 727.1415 729.8423 706.0179 695.1868 689.3145 676.9263 700.5906 708.6191 663.9691 663.8063 666.2528 667.4082 664.5207 663.4927 653.2993 599.8416 581.1815 566.4809 557.6789 560.6422 588.2042 604.6937 594.7422 613.1982 633.5861 638.0242 600.4819 595.3298 573.137 579.8022 594.2045 600.3664 635.7513 630.0377 580.4496 568.5684 576.5452 498.8894 465.8109 459.5895
735.074 800.3773 844.7077 791.7277 851.0975 801.4389 735.2184 758.826 732.3856 709.272 665.3854 661.0153 664.4625 684.1114 662.5681 615.4167 605.0415 601.3899 596.6125 624.8372 682.5717 719.9937 746.5203 756.4252 779.7427 754.0602 741.5286 690.0228 683.5139 668.5381 656.6694 648.1299 670.672 675.3389 663.2573 651.8044 667.7214 661.8823 657.4405 609.8579 612.0634 611.3421 598 600.2673 610.4523 665.9443 651.3519 636.7263 670.9479 644.3506 616.035 593.3609 626.0144 627.9361 607.0393 552.238 517.888 509.3846 499.4452 490.3904 473.926
716.2477 677.3737 687.8719 704.2971 740.7837 764.0623 695.3913 682.5131 668.7554 693.7389 666.7383 673.0863 655.7858 675.0371 706.9952 744.5698 639.2545 612.3223 541.4695 601.5971 594.7543 625.644 663.6566 679.5425 722.1329 732.524 769.0259 696.3325 672.605 646.1613 653.4987 669.8674 662.5076 665.7096 656.7316 683.1963 698.1056 675.4519 654.0157 629.4532 658.6627 638.8346 623.309 605.1904 657.8385 659.0684 680.7903 689.766 717.5227 719.5355 702.8376 684.7509 667.2761 643.8373 608.414 563.4707 539.9812 554.2037 539.615 548.4609 518.5745
622.5657 627.9872 608.4312 618.7744 648.4181 614.957 620.7869 635.1588 655.7441 682.2152 665.441 635.0067 650.3857 681.0607 673.7559 707.4517 691.6371 704.713 594.4848 583.6788 576.3509 577.8295 573.1829 599.8807 634.4518 664.0206 664.3275 670.7256 641.9396 659.6951 652.4374 662.5507 657.0649 659.7051 657.4717 686.3048 693.8785 722.8969 680.4717 667.0913 664.7801 682.9746 697.3542 643.0858 672.5807 711.2697 729.0129 710.934 666.7111 690.5537 699.9403 687.3597 675.824 651.8179 675.7839 602.3682 592.5698 605.1768 593.5356 555.5444 549.0829
586.7703 582.8195 588.754 635.8579 648.26 648.2541 601.4669 642.8585 625.1531 659.6675 631.2353 592 592 610.1091 630.7446 632.6602 634.9984 623.8124 597.1428 593.6146 576.4918 577.9348 573.69 581.5649 598.8754 616.945 639.338 649.1674 622.5153 630.0334 651.1738 648.9952 658.2694 666.1 678.8912 673.3066 686.059 692.5819 686.4492 694.4126 699.5425 708.9304 687.4637 682.1249 688.6528 719.2408 726.2887 702.1125 677.5128 681.1888 644.8593 641.2334 649.1135 640.9263 627.9574 639.0728 659.2695 639.368 573.4989 531.8811 524.194
627.344 588.3746 587.113 582.2739 588.7692 603.9849 600.2919 624.0016 627.11 644.3613 677.2872 670.3954 649.5892 614.7639 595.0443 594.1034 595.4158 563.6927 592.9066 593.7442 572.9926 562.6058 587.5685 603.3391 638.6404 643.2766 648.4619 640.3037 595.3242 590.757 601.3918 647.4998 664.5536 683.764 667.1817 664.8708 667.8059 652.861 647.7634 675.355 673.5269 669.0771 681.9056 678.787 680.5761 697.412 723.7947 730.7508 706.4446 676.7245 622.1719 617.2421 617.9906 608.8228 619.8535 635.8195 626.8824 610.7811 585.6776 545.5291 547.7083
