Resources/Map/Lvl0_30x30/Ele_FG.asc
ncols         335
nrows         335
xllcorner     55000
yllcorner     -10075000
cellsize      10000
nodata_value  -99999.0
[rows 130 to 155 of 335, columns 240 to 299 of 335]
1562.038 1552.5166 1559.5619 1579.9277 1573.9594 1575.7506 1607.3027 1710.6202 1687.2937 1685.0911 1715.2266 1570.3751 2137.688 2348.3904 2657.4346 1937.7247 1570.9928 1508.5873 1451.715 1708.4008 1969.6989 2104.6323 2133.1133 2226.759 2146.7544 1873.2253 1795.8065 2013.1968 1886.7604 1570.124 1845.5237 2438.7659 2406.2522 2416.425 2180.9451 1987.9344 2168.2578 1791.2721 1737.1669 1680.6074 2161.5898 2220.6763 2080.0542 2277.7693 2147.3765 1971.833 1493.1036 1479.3016 1470.9944 1452.8754 1504.2916 1542.0675 1537.1464 1540.0564 1563.9535 1614.6749 1591.1989 1636.1111 1646.6549 1559.5311
1652.1669 1690.2292 1669.6849 1676.8363 1685.1913 1650.0607 1729.6375 1904.5034 1659.0437 1685.8112 2122.8687 2301.6045 2351.2603 2342.7925 2115.9553 2012.2823 2066.7007 2130.1787 2307.229 2431.9646 2434.8088 2477.0327 2453.561 2331.448 2260.3525 2177.8828 2139.3157 2101.8999 2260.9431 2391.197 2399.5059 2256.335 2569.4443 2465.4268 2512.7136 2473.5774 2382.5779 2192.7249 2057.7529 2100.0935 2416.0979 2121.8628 2264.7397 2105.5552 1790.3584 1633.6002 1618.6429 1658.7567 1579.8887 1557.7161 1632.2538 1698.147 1707.9244 1710.7184 1714.8748 1731.0892 1784.2141 1835.4999 1826.7894 1829.1049
1809.4768 1793.8326 1780.8236 1757.9639 1759.8038 1782.439 1971.5781 2053.9678 2122.0408 2165.9834 2200.3799 2223.5188 2233.1433 2309.9468 2289.7664 2284.0571 2330.2844 2338.1086 2361.3455 2383.4512 2399.5688 2424.9553 2428.0706 2400.022 2386.6299 2535.6189 2665.6155 2575.0103 2629.1597 2621.0422 2662.7534 2724.5198 2744.0459 2764.1912 2785.6274 2769.0266 2685.2705 2721.8601 2645.1877 2607.8806 2522.9431 2390.4543 2131.449 1848.4706 2123.5217 2423.6899 2268.3445 2280.6721 2303.4102 2336.8291 2188.5593 1985.2827 1852.4218 1831.9065 1841.7224 1861.8802 1904.3474 1911.6531 1971.3584 2046.7191
1873.5214 1866.6918 1895.7386 1919.2363 1924.579 1929.0433 2028.7451 2155.4866 2232.7605 2252.5266 2303.2583 2309.9058 2338.8376 2353.72 2365.6038 2372.4783 2368.6023 2374.7664 2379.8501 2447.282 2510.9104 2531.3633 2561.9458 2571.293 2569.303 2621.7512 2648.1917 2664.5078 2714.4714 2751.8069 2793.5356 2828.2793 2862.8279 2886.3877 2882.1174 2854.2124 2831.1094 2803.9656 2753.4888 2737.562 2700.1201 2639.1362 2591.094 2619.5146 2682.6689 2700.1973 2716.3452 2667.8142 2405.6206 2166.0276 2097.6526 2084.9067 2098.4333 2112.5793 2088.5654 2113.1477 2079.4512 2113.9958 2195.927 2229.9712
2198.8799 2229.3474 2184.7888 2170.3066 2157.8779 2155.6914 2184.6316 2224.1538 2255.2341 2287.4111 2318.7207 2334.2363 2357.3994 2386.2947 2417.4297 2436.021 2507.679 2517.5242 2538.4988 2552.2007 2563.2053 2569.3005 2585.6528 2602.3655 2621.8213 2646.5759 2658.2952 2705.0217 2723.572 2758.085 2793.5344 2819.5244 2858.4092 2883.8679 2909.6621 2929.8857 2933.8667 2928.791 2919.2551 2878.7114 2886.9412 2825.2708 2768.6348 2738.3506 2715.9624 2686.9209 2672.0732 2660.3677 2613.3635 2593.5217 2492.1985 2374.5002 2282.0278 2201.9265 2161.2393 2216.7041 2233.2083 2260.7388 2287.6365 2274.3389
2292.8296 2296.0017 2287.1462 2297.8328 2308.8369 2337.6243 2334.7163 2358.9265 2407.4138 2425.771 2450.8699 2464.0886 2477.1306 2492.9001 2507.5176 2520.5393 2533.3354 2547.4001 2558.8838 2573.4316 2582.9573 2599.4661 2608.3413 2635.0186 2631.6909 2670.7063 2688.9219 2719.2507 2741.7656 2767.0327 2796.3398 2819.3926 2849.1194 2873.3518 2914.2788 2943.5681 2974.4097 2978.2822 2960.4243 2953.6641 2938.97 2890.6187 2867.1331 2829.1814 2754.8574 2737.071 2682.5056 2633.3579 2602.2415 2559.8022 2522.459 2488.696 2458.4861 2401.4507 2361.1299 2344.5693 2324.4919 2328.7766 2338.041 2326.2861
2391.2354 2393.1138 2407.957 2421.7271 2433.0168 2435.616 2453.824 2461.634 2470.2842 2486.4324 2501.4937 2510.6035 2519.6006 2536.1167 2557.2009 2566.4468 2568.3096 2567.1755 2598.4392 2611.5 2620.9771 2631.0999 2644.2517 2662.3418 2681.406 2705.2373 2729.1921 2747.6292 2771.9399 2794.373 2813.0369 2866.1631 2892.8953 2919.7256 2952.5637 2992.738 3033.4575 3046.4229 3080.4756 3035.5513 3044.7458 3021.7207 2937.7034 2897.5559 2831.3611 2786.9175 2745.3125 2718.9236 2700.032 2643.4661 2576.7495 2550.9221 2513.5474 2509.1455 2441.1052 2440.6421 2408.9312 2383.6882 2369.3628 2363.3066
2538.3916 2533.302 2535.5127 2561.8188 2576.4189 2583.0486 2600.1614 2601.9995 2599.9993 2618.8804 2617.334 2621.1123 2645.0674 2672.844 2668.3413 2664.1482 2678.834 2687.7817 2715.2322 2734.5132 2733.6699 2746.1494 2748.6636 2765.4539 2782.5823 2797.1345 2811.8757 2820.3323 2843.0566 2859.1672 2893.7107 2902.4033 2952.5527 2985.6826 3005.6658 3028.2578 3054.6147 3077.9741 3062.4485 3059.7769 3011.1672 2986.6047 2950.167 2918.8013 2880.4023 2840.1047 2819.6814 2791.4919 2743.2668 2710.377 2703.8562 2696.51 2687.2883 2666.3247 2625.2031 2577.7107 2545.4966 2495.1853 2431.8108 2411.792
2615.3293 2624.479 2643.7349 2650.9143 2637.0942 2627.9133 2630.4299 2633.9622 2644.675 2657.7776 2663.032 2672.8723 2684.4863 2694.7559 2702.645 2717.071 2730.0186 2746.6025 2757.1682 2768.3359 2766.1465 2788.4299 2799.3235 2801.4546 2810.6384 2854.8621 2884.5718 2897.9631 2918.9412 2945.9829 2965.5249 2998.4658 3029.0652 3058.1907 3076.4502 3100.3896 3108.0793 3119.8127 3115.3281 3094.5847 3065.4507 3038.4524 3012.7639 2998.6814 2981.7173 2967.4912 2902.3606 2871.8521 2862.4854 2880.189 2865.2214 2827.332 2754.7646 2692.6099 2661.3877 2634.8994 2623.1819 2584.0762 2502.0754 2508.6733
2672.2166 2684.1895 2701.657 2710.7947 2715.9951 2722.3464 2728.8579 2740.4119 2764.585 2766.1455 2766.9797 2775.5896 2772.5747 2784.5776 2801.1479 2814.3391 2820.7747 2837.6638 2837.7839 2841.4421 2853.1055 2875.4814 2877.6287 2879.1438 2902.5349 2925.0652 2957.1636 2970.1167 2987.8545 2989.2964 3006.8076 3035.4978 3054.3127 3072.3918 3083.9084 3088.5322 3106.5063 3125.9646 3146.9395 3150.7739 3149.5449 3162.0513 3164.6294 3117.3303 3088.217 3073.6533 3006.6772 2973.7493 2910.2351 2890.7957 2869.8579 2849.9575 2802.9509 2791.6355 2767.8665 2732.1318 2673.0388 2684.3318 2651.4163 2622.5215
2743.3076 2757.2361 2764.0125 2767.5862 2777.4575 2789.5166 2784.3694 2784.0364 2792.9001 2802.9937 2810.9434 2821.0569 2822.8103 2825.7246 2834.9653 2852.1458 2873.5583 2884.4978 2891.7998 2910.8711 2913.4202 2912.8687 2909.9873 2919.3257 2938.6592 2969.9319 2987.1655 2990.3054 2990.5051 2990.7095 3039.2952 3048.8245 3063.9038 3072.6643 3077.2266 3089.853 3105.1602 3121.5535 3144.0989 3164.2847 3175.0698 3160.9712 3148.4507 3123.0076 3083.3826 3063.4578 3078.7766 2984.7942 2989.3706 2929.4053 2915.2522 2891.4277 2852.8076 2830.6787 2809.3826 2789.5608 2732.5881 2695.3621 2673.3433 2649.9045
2850.418 2850.1387 2836.7114 2839.7678 2858.3833 2864.6116 2866.6125 2887.2725 2878.8118 2874.3699 2867.9585 2867.5437 2865.4751 2878.8708 2890.9177 2899.4148 2905.1978 2905.4158 2904.3384 2918.7998 2935.3418 2941.4055 2952.062 2968.041 2975.0352 2988.0303 2994.5464 3000.8767 3021.3904 3028.9534 3039.8547 3043.5771 3054.3396 3067.2122 3081.7024 3094.5212 3112.0149 3129.4612 3139.6289 3154.6252 3158.0745 3158.8711 3152.053 3134.167 3113.948 3077.7959 3032.6829 3015.4822 2999.6003 2962.5864 2946.5754 2918.2952 2899.8762 2883.853 2849.5354 2826.2388 2762.6982 2725.738 2713.9231 2730.4348
2889.5381 2885.8264 2887.2974 2900.3276 2904.1885 2899.2783 2897.2563 2909.4648 2915.7356 2926.1711 2917.5266 2921.3831 2939.8208 2943.9688 2929.9312 2930.2578 2934.0476 2944.6648 2955.584 2965.0657 2972.3743 2978.1797 2978.0137 2985.1299 3003.269 3015.3606 3018.7532 3023.1025 3028.0071 3038.1057 3045.3372 3057.7876 3071.9958 3077.1721 3097.3591 3113.3159 3118.0276 3130.5771 3139.9436 3148.6694 3161.5645 3169.5889 3162.1843 3162.4736 3162.1538 3150.1045 3138.8418 3105.6619 3055.9697 3048.8013 3019.2715 3015.0007 2956.4507 2916.3069 2906.3022 2882.729 2849.7168 2846.8828 2812.6501 2764.4497
2988.4766 2976.8264 2970.4587 2957.4502 2949.1653 2947.3586 2958.396 2962.8091 2971.499 2972.9138 2974.5696 2979.6394 2984.1399 2990.1074 2986.8855 2998.2739 3012.3721 3017.0815 3015.2622 3008.801 3016.8225 3013.3523 3018.5415 3027.1479 3033.6079 3039.0474 3044.6765 3043.0469 3057.1929 3078.1379 3080.3457 3090.9229 3099.3704 3114.5999 3124.72 3131.8142 3135.3257 3141.9448 3154.7043 3166.4524 3173.9673 3181.2424 3190.2886 3200.6021 3208.084 3200.8787 3189.9043 3182.5181 3167.6174 3130.5076 3060.6262 3018.7705 3008.9175 2999.7734 2964.1006 2954.6074 2940.4836 2922.7087 2895.1677 2908.3796
3031.2046 3041.8831 3036.9373 3027.4719 3023.2539 3032.0413 3033.7903 3034.1348 3025.9182 3019.3235 3008.9104 3022.207 3027.7278 3032.0854 3034.0505 3034.8906 3041.3733 3036.3633 3047.7095 3048.7043 3061.3479 3068.5227 3071.7922 3075.2649 3078.2588 3079.4998 3084.9153 3084.1599 3086.2292 3100.0879 3108.082 3118.6697 3125.7654 3132.5378 3140.9622 3146.7295 3158.0317 3176.0828 3182.947 3185.0142 3191.9382 3198.5383 3206.302 3207.6426 3210.3096 3196.3826 3202.3933 3195.4504 3199.9736 3137.4443 3143.4368 3110.9043 3066.2866 3038.8071 3004.0574 3010.3049 3007.0913 2986.571 2994.6086 2996.0259
3097.1399 3093.2395 3093.2942 3091.1023 3078.2832 3070.7595 3086.3379 3079.9558 3050.0508 3051.4541 3061.1191 3065.4644 3079.9819 3072.0967 3072.5332 3084.5713 3091.0457 3084.8704 3089.4746 3087.7202 3092.5981 3093.0881 3097.282 3090.4509 3101.0024 3113.6541 3127.4355 3141.6284 3141.574 3148.8674 3156.4368 3157.9648 3157.5745 3164.2744 3173.5623 3182.9434 3185.8916 3188.2227 3197.6899 3206.5559 3210.4214 3213.6023 3207.063 3205.4565 3201.4087 3200.2959 3192.4392 3185.9768 3159.8906 3152.259 3131.5945 3128.4102 3116.0222 3064.6326 3068.0151 3052.6191 3037.2546 3032.8167 3030.2527 3023.415
3147.5527 3139.0984 3132.1838 3135.9578 3138.9158 3131.5349 3125.5737 3124.9993 3123.1746 3130.9141 3144.1746 3130.4878 3136.0437 3127.1514 3138.8442 3130.1948 3120.8562 3131.2346 3131.8518 3138.4539 3145.9861 3148.062 3150.9458 3158.2107 3158.9065 3167.4348 3173.1833 3176.7412 3178.0149 3179.8577 3184.2913 3187.3674 3197.9663 3203.2329 3205.447 3209.8926 3213.2903 3209.2949 3212.9998 3213.3455 3215.2686 3216.7639 3237.6074 3216.0823 3194.3279 3173.9614 3168.293 3176.8398 3162.2874 3138.6089 3129.3662 3125.541 3104.6995 3103.2622 3090.6313 3083.1077 3038.064 3050.8577 3045.7961 3053.5806
3188.6162 3179.0081 3166.2288 3159.6743 3160.5061 3164.3003 3168.3152 3170.5117 3168.7778 3174.2913 3180.6274 3179.9082 3184.2119 3191.9226 3167.9746 3179.2898 3183.3672 3184.0291 3173.5806 3168.3528 3173.6299 3179.2188 3185.334 3191.0745 3195.8762 3204.0972 3208.9771 3209.9094 3210.3838 3214.9165 3219.3574 3227.0745 3228.0466 3232.3127 3229.7925 3231.324 3231.7441 3229.2256 3234.6008 3237.8286 3232.8132 3235.0181 3230.6978 3222.5703 3208.9023 3187.636 3177.9517 3158.4548 3171.7778 3166.4724 3159.2117 3148.3533 3142.2 3117.595 3108.8555 3090.6355 3078.8494 3051.5339 3053.8245 3043.4197
3197.9873 3197.8303 3199.0764 3200.6799 3199.9985 3201.1187 3210.9883 3212.0176 3217.532 3223.0815 3213.5273 3222.1567 3225.0698 3225.7522 3213.7188 3213.3621 3214.9578 3219.5171 3224.3777 3228.2949 3230.3328 3226.4175 3235.6401 3230.8032 3230.248 3230.3584 3232.3079 3236.2637 3238.2065 3243.4692 3246.314 3246.7644 3250.0833 3251.2178 3252.8831 3255.9883 3257.6836 3260.1304 3257.7546 3258.2681 3259.1599 3247.1602 3236.4241 3234.4944 3215.1533 3209.041 3206.9448 3196.9763 3190.0066 3185.5457 3178.624 3170.1868 3154.7466 3141.1294 3124.241 3096.6934 3105.0388 3090.178 3055.3633 3063.0398
3229.2593 3235.594 3242.3745 3245.8821 3245.5513 3245.4448 3238.3318 3257.5645 3250.7009 3259.2107 3259.0605 3256.157 3250.937 3251.8074 3246.1614 3244.3755 3243.2285 3249.6479 3250.2068 3257.54 3258.2644 3265.9392 3276.907 3273.3083 3276.4075 3274.5583 3272.5679 3270.0332 3271.4521 3267.7813 3267.8635 3270.24 3274.1741 3274.8044 3275.917 3276.2891 3273.9753 3278.1689 3279.614 3277.1458 3271.2678 3259.2427 3247.3179 3239.5996 3243.1047 3226.4805 3220.1775 3215.1162 3212.3716 3210.7363 3197.6826 3216.0659 3199.231 3176.4673 3161.821 3156.655 3137.5876 3125.519 3107.6328 3117.5542
3258.8955 3254.7891 3256.1213 3270.2927 3275.2766 3270.6394 3279.6204 3281.7686 3279.8103 3272.0972 3274.4282 3268.8311 3264.8748 3270.1594 3279.9375 3275.0999 3280.5972 3279.7273 3278.8857 3288.5784 3287.7849 3288.3367 3290.1833 3299.5151 3304.2681 3307.9529 3299.3354 3302.8257 3295.7649 3297.8464 3300.656 3302.906 3307.1941 3305.4824 3304.7729 3302.1108 3302.165 3299.6306 3287.8403 3293.8296 3282.7791 3278.616 3261.6606 3259.2793 3259.231 3265.217 3256.5354 3252.2051 3242.7024 3225.8931 3217.9622 3213.3545 3203.1357 3202.4739 3174.875 3162.5144 3168.8254 3174.0066 3160.5037 3142.8601
3297.3892 3296.7297 3282.1531 3279.7334 3301.5671 3298.6948 3295.5942 3296.6619 3299.1997 3295.1033 3298.6592 3304.5479 3308.0618 3310.4558 3311.1882 3315.2651 3319.8071 3314.4717 3315.3997 3320.5313 3320.9761 3321.511 3321.4832 3321.7754 3315.5408 3317.1948 3318.1704 3321.2261 3325.6423 3325.802 3325.1667 3328.1567 3328.5356 3326.8921 3328.2341 3325.7954 3324.2412 3317.0156 3310.0151 3304.9644 3301.9006 3289.2966 3297.7549 3292.1477 3295.7747 3289.5334 3281.3958 3277.3716 3279.572 3272.0725 3268.771 3248.2649 3237.5938 3243.7634 3229.2786 3211.0515 3196.0369 3192.7473 3182.6763 3176.2637
3340.0825 3325.8667 3314.0913 3314.7805 3309.8083 3318.5417 3316.4797 3327.5793 3320.937 3327.7634 3335.4421 3330.5464 3330.4106 3340.9705 3341.7246 3347.4446 3342.5452 3337.655 3345.8611 3350.8767 3353.8469 3345.2793 3341.7073 3336.3884 3343.4387 3348.415 3350.1086 3352.1221 3349.114 3349.2817 3349.0916 3350.1455 3349.0823 3351.5156 3347.7354 3328.6409 3337.3049 3331.0439 3322.5396 3333.8557 3333.2749 3331.884 3320.4741 3322.6155 3326.1475 3325.9272 3324.3721 3315.6333 3313.2551 3309.7329 3299.614 3273.3811 3258.0417 3254.8616 3279.8821 3268.4993 3228.4211 3250.6753 3252.5225 3232.519
3125.324 3361.7898 3367.8027 3358.9482 3350.1448 3360.2271 3360.1912 3354.8035 3361.0601 3371.0671 3371.8059 3366.0037 3370.729 3363.353 3355.9082 3373.2649 3365.1506 3374.0251 3375.2917 3374.6323 3370.2168 3372.5481 3374.1477 3368.3936 3374.8948 3377.4766 3377.5103 3378.4885 3372.72 3374.4612 3375.7822 3377.4758 3369.6472 3370.4099 3365.4316 3366.2791 3364.9651 3360.6863 3358.4795 3360.1606 3355.5923 3366.7327 3351.0752 3356.0764 3343.2148 3341.5513 3342.2688 3340.2463 3338.7571 3322.7869 3314.6499 3315.3264 3315.7749 3315.0857 3309.072 3297.6025 3293.6497 3289.7061 3276.1948 3274.0703
3392.1594 3389.9036 3385.2493 3379.1118 3384.9929 3395.3438 3396.144 3389.5891 3403.6719 3405.3945 3378.4832 3398.7053 3404.5195 3403.2708 3397.3792 3411.4116 3393.624 3392.4766 3387.4282 3402.5566 3395.8674 3390.8452 3385.626 3384.5586 3386.4214 3405.5283 3397.1194 3402.9893 3400.9333 3389.022 3391.9263 3390.7944 3411.1963 3389.8196 3389.3164 3392.2129 3391.0916 3389.2253 3388.0112 3389.6489 3381.5466 3383.6929 3378.075 3372.5583 3370.5662 3353.979 3358.8308 3344.6885 3356.1558 3339.2942 3346.2717 3339.0269 3335.9812 3334.2512 3340.0476 3333.2156 3329.7932 3336.0317 3292.9683 3299.6941
3392.6997 3397.6995 3388.812 3400.8325 3421.8469 3423.4185 3423.302 3415.7976 3395.8564 3400.552 3421.8962 3417.6704 3407.5493 3409.2583 3422.3582 3407.8591 3409.209 3423.7385 3420.2822 3419.5935 3418.0908 3410.0452 3418.8052 3410.678 3412.3662 3410.6863 3416.2131 3417.4363 3413.3596 3412.0544 3411.3162 3415.4312 3418.5076 3408.5684 3412.9792 3408.7444 3410.0991 3395.3054 3401.2617 3391.5286 3399.6694 3414.7041 3405.2844 3395.0994 3402.1213 3381.1719 3368.5403 3367.9011 3373.6638 3374.2595 3370.6086 3353.8911 3362.3943 3363.9136 3355.2888 3307.8123 3285.8794 3298.0579 3329.7681 3345.5591
