Resources/Map/Lvl0_30x30/Ele_EH.asc
ncols         335
nrows         335
xllcorner     3405000
yllcorner     -6725000
cellsize      10000
nodata_value  -99999.0
[rows 29 to 57 of 335, columns 195 to 259 of 335]
-3774.4458 -3825.4856 -3843.1165 -3849.6799 -3870.8325 -3917.3198 -3930.0667 -3935.4702 -3956.1179 -3995.3491 -4079.1321 -4101.6582 -4089.0295 -4159.1362 -4220.2046 -4203.7183 -4164.1782 -4188.5039 -4185.7324 -4206.0933 -4246.127 -4205.4443 -4172.1489 -4226.8184 -4249.1992 -4286.228 -4297.1147 -4350.0386 -4363.4712 -4337.3809 -4308.374 -4236.0986 -4247.1177 -4300.1045 -4335.0923 -4360.6953 -4326.229 -4282.6245 -4310.2241 -4367.7905 -4382.9688 -4340.8672 -4247.0015 -4312.1958 -4406.5815 -4453.4194 -4507.5967 -4481.6548 -4263.3545 -4149.8545 -4553.7559 -4917.8145 -4762.4531 -4456.895 -4249.5103 -4198.2905 -4235.543 -4306.1284 -4304.9243 -4184.0957 -4056.3445 -4201.8286 -4393.187 -4502.9409 -4793.5054
-3800.7861 -3821.4851 -3835.0293 -3855.7065 -3891.884 -3954.1978 -3963.707 -3959.074 -3976.5151 -4009.052 -4069.3335 -4086.9143 -4083.8347 -4132.2148 -4228.917 -4256.7397 -4188.5679 -4222.7808 -4268.6738 -4285.0693 -4372.437 -4366.3472 -4314.6885 -4354.6016 -4344.9302 -4308.0479 -4259.0693 -4191.7031 -4205.1685 -4178.6802 -4109.9653 -3997.0227 -4180.395 -4304.7314 -4405.6206 -4435.9302 -4469.8496 -4485.0146 -4490.0933 -4516.0547 -4523.0415 -4538.7651 -4460.5601 -4463.6084 -4504.9771 -4560.1309 -4733.8374 -4846.9648 -4545.0273 -4048.9417 -4262.5376 -4931.2847 -4999.9966 -4792.2764 -4544.9551 -4355.4424 -4280.4595 -4307.4199 -4290.917 -4174.5938 -4066.6963 -4135.4819 -4123.6284 -4211.082 -4530.9019
-3807.533 -3808.8689 -3836.5417 -3889.0615 -3919.6545 -3949.4846 -3964.0049 -3975.2671 -4002.6318 -4028.8835 -4059.0122 -4094.8127 -4138.0605 -4174.1499 -4217.6606 -4232.3218 -4194.6689 -4208.6807 -4217.1636 -4202.5107 -4254.1558 -4274.6387 -4277.4873 -4349.2759 -4298.7637 -4226.4966 -4245.165 -4113.1123 -4078.5818 -4147.8345 -4163.728 -4099.2617 -4221.9419 -4347.645 -4428.0508 -4458.5283 -4493.3188 -4555.3755 -4564.938 -4556.9829 -4558.2075 -4636.2559 -4711.2388 -4736.5967 -4736.0898 -4792.3604 -4923.6792 -4989.7549 -4664.54 -4032.2078 -4082.1968 -4815.1484 -4924.5903 -4751.0991 -4630.2759 -4431.8496 -4258.7983 -4179.9609 -4065.7405 -3868.5823 -3844.4575 -4050.936 -4102.1333 -4224.9585 -4372.71
-3809.1064 -3811.1719 -3844.5447 -3902.3923 -3930.73 -3957.2051 -4000.3662 -4044.6042 -4069.8545 -4078.5354 -4082.3486 -4092.2385 -4115.6079 -4115.7319 -4092.5093 -4090.4456 -4070.7988 -4086.2434 -4084.4448 -4097.1665 -4150.1719 -4273.8989 -4315.1206 -4350.4941 -4312.3872 -4289.9863 -4241.0894 -4143.4014 -4210.709 -4335.5337 -4365.6426 -4324.9561 -4251.4678 -4231.6563 -4262.3467 -4373.7705 -4436.7505 -4523.8203 -4492.1499 -4412.019 -4437.8062 -4577.7329 -4666.3687 -4688.1533 -4699.2222 -4764.7627 -4852.2603 -4881.0327 -4604.9434 -4043.1934 -4034.946 -4571.8394 -4634.5659 -4537.0537 -4623.6504 -4572.8145 -4369.627 -4148.5327 -3932.6875 -3745.5024 -3885.064 -4149.3716 -4210.7573 -4420.1226 -4387.3726
-3823.5625 -3835.5874 -3874.1604 -3914.6394 -3945.6709 -3973.9072 -4011.5117 -4055.1411 -4068.3804 -4067.8999 -4065.5938 -4061.6636 -4037.9282 -4021.4788 -4059.3167 -4081.4941 -4055.5918 -4122.6475 -4180.0474 -4196.1978 -4261.896 -4378.5845 -4336.582 -4306.9072 -4347.7979 -4374.7158 -4204.4873 -4130.2119 -4312.1694 -4427.9399 -4431.5518 -4431.6943 -4404.7871 -4349.856 -4346.3901 -4438.3394 -4527.9399 -4536.6875 -4484.9971 -4458.3208 -4468.082 -4513.6387 -4515.1973 -4529.0498 -4569.4463 -4661.9497 -4786.478 -4853.7993 -4639.6514 -4059.5183 -3826.3027 -4288.1909 -4620.7578 -4541.0962 -4489.3794 -4575.4351 -4595.7305 -4396.0513 -4062.3008 -3879.2849 -4131.5791 -4318.4258 -4367.8599 -4593.9155 -4404.3511
-3862.1052 -3882.7241 -3892.1787 -3910.4824 -3944.6765 -3980.2759 -4010.0256 -4031.9199 -4036.4668 -4056.686 -4079.9055 -4108.5303 -4105.9961 -4108.3418 -4154.1372 -4144.2349 -4152.1328 -4226.4634 -4226.9702 -4181.0186 -4247.7168 -4285.4087 -4223.8413 -4257.8311 -4363.4507 -4344.5493 -4154.3828 -4094.3901 -4259.2349 -4380.9561 -4368.2451 -4396.2217 -4449.749 -4428.5547 -4405.7026 -4477.7573 -4539.2622 -4460.498 -4440.2085 -4510.9316 -4471.3081 -4414.2861 -4443.2568 -4499.1426 -4515.2319 -4551.627 -4685.7715 -4810.7354 -4679.7476 -4186.8652 -3815.6719 -4204.9277 -4824.2847 -4735.958 -4301.6597 -4234.6299 -4464.2466 -4481.2427 -4171.1738 -4024.4385 -4272.5771 -4431.6978 -4611.3735 -4709.0894 -4260.4692
-3897.1143 -3922.8354 -3935.7529 -3959.3584 -3988.9998 -4024.1306 -4062.7522 -4087.1345 -4093.3728 -4103.707 -4126.813 -4158.9702 -4166.8442 -4171.2642 -4184.2568 -4159.5146 -4159.9736 -4227.6416 -4238.0088 -4226.668 -4231.8271 -4219.6675 -4229.269 -4332.5352 -4408.0532 -4301.6011 -4204.2168 -4196.7183 -4272.1021 -4374.4546 -4369.8105 -4394.7261 -4413.251 -4380.7471 -4391.8882 -4493.6357 -4490.0142 -4419.5381 -4465.1147 -4523.8042 -4480.3647 -4381.2803 -4361.0049 -4416.647 -4428.8594 -4481.4849 -4671.0063 -4854.9458 -4757.355 -4387.2593 -3988.0566 -4144.2749 -4820.981 -4848.7109 -4203.0093 -3925.8994 -4218.332 -4381.7339 -4144.2529 -4019.0686 -4223.7041 -4468.7471 -4738.6406 -4603.1118 -4011.6223
-3932.6685 -3963.3394 -3994.353 -4022.7527 -4029.5374 -4051.9739 -4088.0342 -4105.7773 -4099.6782 -4103.9512 -4124.0474 -4158.2002 -4173.7231 -4178.8145 -4227.5605 -4234.3066 -4200.2998 -4274.4429 -4336.7524 -4334.1494 -4290.5806 -4297.0117 -4324.9526 -4341.6885 -4362.9058 -4293.1807 -4279.5615 -4355.8105 -4296.8945 -4240.543 -4294.1577 -4322.5503 -4287.083 -4229.0088 -4232.7715 -4333.4087 -4317.0024 -4350.521 -4542.3198 -4508.126 -4460.9805 -4375.3853 -4256.9761 -4198.9839 -4181.9814 -4252.5498 -4431.4619 -4624.1909 -4620.3569 -4417.5205 -4048.0557 -4044.5557 -4637.1431 -4684.2314 -4039.6016 -3870.1648 -4262.4785 -4355.499 -4079.7981 -3883.8494 -3968.5908 -4297.1377 -4675.4844 -4437.0317 -3882.1179
-3954.584 -3999.2969 -4001.1475 -3990.9277 -4028.6096 -4080.8628 -4069.1504 -4049.418 -4085.4082 -4121.4956 -4121.4985 -4155.9785 -4200.835 -4217.5396 -4225.8975 -4199.6753 -4184.2842 -4280.6426 -4375.7529 -4263.9585 -4150.7637 -4262.4722 -4364.8867 -4300.1299 -4332.3359 -4420.6055 -4343.4277 -4227.3604 -4157.3096 -4131.207 -4176.2041 -4211.002 -4201.7197 -4190.29 -4118.2871 -4057.927 -4156.353 -4442.71 -4597.1743 -4461.1411 -4360.7437 -4344.1118 -4323.4287 -4229.2988 -4134.167 -4148.0566 -4263.2031 -4384.9424 -4514.9717 -4547.5137 -4283.7476 -4175.2471 -4489.1782 -4519.522 -4146.8086 -4117.2212 -4399.7344 -4375.6504 -4028.6633 -3626.0388 -3523.3945 -4006.8486 -4619.0933 -4465.7305 -3938.7349
-3944.5591 -3989.843 -4000.2366 -3974.9011 -3992.6001 -4079.2175 -4075.5823 -4005.658 -4013.363 -4065.7466 -4120.0923 -4139.2227 -4090.7085 -4081.2732 -4131.3599 -4169.7578 -4218.0337 -4304.2368 -4360.5176 -4279.4106 -4171.3926 -4217.7153 -4374.7256 -4344.458 -4343.2939 -4399.4634 -4297.0645 -4243.0454 -4215.1191 -4162.4619 -4271.7471 -4317.1855 -4255.3252 -4284.1284 -4201.6191 -4092.4854 -4296.6538 -4628.1948 -4596.438 -4468.3184 -4401.2124 -4389.6621 -4381.4233 -4320.7153 -4270.418 -4300.6382 -4341.834 -4305.4116 -4384.0674 -4471.4639 -4311.605 -4157.5166 -4274.6055 -4521.2017 -4539.8003 -4430.3369 -4459.8457 -4341.2515 -3913.51 -3579.0347 -3705.9624 -4315.0361 -4751.8726 -4537.3472 -4096.5488
-3951.958 -3972.134 -3997.1702 -4001.7561 -4002.6836 -4101.9443 -4123.7617 -4017.8054 -4017.1577 -4122.4248 -4248.3794 -4306.1094 -4199.2173 -4129.6318 -4150.6284 -4140.5 -4179.6714 -4301.5293 -4353.8721 -4294.7993 -4217.0488 -4099.5879 -3939.7214 -4032.6399 -4166.2183 -4206.4199 -4207.2036 -4278.7603 -4373.9673 -4257.5083 -4350.8755 -4428.9185 -4434.4834 -4469.4795 -4380.8281 -4272.8032 -4504.9658 -4669.9492 -4513.6377 -4415.9146 -4435.3188 -4482.9761 -4484.5166 -4326.4263 -4208.1245 -4246.2681 -4308.6582 -4233.5176 -4197.2031 -4206.8057 -4140.2593 -4081.6565 -4216.0313 -4590.3525 -4639.4092 -4448.5635 -4529.0977 -4434.6582 -3947.6284 -3570.3186 -3768.2378 -4298.1172 -4448.7935 -4155.7124 -3795.1587
-4057.0864 -4064.3723 -4075.2825 -4076.3259 -4029.0833 -4089.8887 -4120.4902 -4086.8025 -4117.1758 -4165.7515 -4231.1997 -4353.1523 -4405.1187 -4367.3984 -4264.8008 -4102.4883 -4111.7769 -4301.9434 -4296.8564 -4107.8823 -3986.5056 -3657.0654 -3171.5354 -3583.9797 -4007.2478 -4024.9692 -4071.5376 -4155.9595 -4341.4321 -4418.647 -4414.937 -4418.5483 -4408.124 -4329.2627 -4236.0918 -4114.0845 -4330.7441 -4613.915 -4482.1064 -4325.1655 -4336.1416 -4458.23 -4519.0693 -4295.7119 -4098.1938 -4195.3179 -4307.4897 -4145.6206 -3928.1509 -3824.2305 -3857.6729 -4093.0928 -4430.9722 -4535.1509 -4313.5933 -4379.4775 -4648.9136 -4622.7974 -4151.165 -3426.5518 -3439.0112 -4115.7852 -4232.8774 -3699.9358 -3311.0955
-4021.2283 -4056.9912 -4133.9814 -4277.1675 -4294.9038 -4273.084 -4251.7549 -4231.8223 -4208.3184 -4148.9717 -4048.1851 -4029.3706 -4163.1255 -4299.8779 -4260.9038 -4147.9512 -4267.8149 -4431.5884 -4242.668 -3978.4907 -3996.1909 -3919.4175 -3680.1729 -3943.196 -4187.1743 -4163.3076 -4167.2651 -4158.7441 -4088.1814 -4196.2559 -4326.7676 -4284.0151 -4207.8369 -4204.3105 -4096.4819 -3981.9668 -4060.9216 -4339.001 -4446.6875 -4406.6548 -4407.9512 -4498.5518 -4583.4946 -4498.3037 -4333.54 -4359.9766 -4315.2446 -4029.7202 -3630.1309 -3378.4646 -3529.1287 -3954.1011 -4271.5415 -4084.9578 -3985.1689 -4481.1484 -4687.6763 -4499.0835 -4130.9287 -3558.8318 -3668.864 -4351.6792 -4415.2163 -3804.1873 -3220.843
-3878.0786 -3917.4412 -3943.8792 -4099.2671 -4245.501 -4320.3223 -4335.9287 -4323.6211 -4236.0562 -4137.6772 -4117.9126 -4131.2202 -4172.2954 -4184.6211 -4085.0359 -4059.0547 -4210.2959 -4315.1616 -4195.8496 -4063.7991 -4112.624 -4199.5981 -4185.3901 -4215.7891 -4211.1289 -4154.8115 -4038.533 -3907.6777 -3857.9021 -3872.9045 -3929.759 -3960.3101 -4003.2119 -4081.4124 -3922.6636 -3780.3093 -3795.2852 -4219.354 -4623.0371 -4608.3965 -4500.8066 -4450.5107 -4331.2266 -4141.665 -4065.5137 -4213.6641 -4214.5649 -3941.7275 -3469.6936 -3092.0325 -3201.177 -3750.6628 -4099.4995 -3847.0303 -3896.1069 -4444.147 -4489.1436 -4047.002 -3667.4673 -3650.656 -4162.48 -4618.9248 -4501.333 -3889.8188 -3081.6458
-3847.4314 -3838.7124 -3784.1982 -3784.2148 -3885.2559 -4011.5486 -4016.6853 -4009.4204 -4003.5471 -4005.8896 -4010.8584 -3992.6624 -3971.0627 -3851.4126 -3682.4973 -3708.2813 -3994.6086 -4235 -4213.1147 -4152.8423 -4107.5264 -4065.2312 -4002.5879 -4030.7166 -4057.4592 -4137.4092 -4180.4785 -3858.616 -3656.73 -3604.8496 -3683.5288 -3933.5486 -4238.2446 -4310.0615 -3999.4163 -3910.0103 -4024.0071 -4265.7544 -4572.2085 -4647.8315 -4564.856 -4421.7148 -4156.498 -3819.1438 -3828.8096 -4259.5615 -4453.52 -4127.4639 -3488.3208 -3004.5083 -3182.5107 -3831.1108 -4051.7598 -3781.5205 -3886.8032 -4101.3003 -3919.1807 -3709.511 -3520.5906 -3625.9224 -4200.4082 -4493.6777 -4286.0518 -3838.9441 -3213.4238
-3687.2878 -3706.6377 -3777.3564 -3792.6299 -3893.9998 -4025.8665 -4039.0432 -4071.6169 -4194.0161 -4281.3237 -4146.2349 -4015.1062 -4067.1011 -4086.4531 -3946.3938 -3880.7068 -4109.7681 -4317.8188 -4205.7339 -4130.0522 -4053.2371 -3721.7415 -3518.615 -3655.3179 -3762.5962 -3966.9941 -4199.4434 -3988.4233 -3733.7346 -3664.0562 -3796.5439 -4011.0181 -4241.4385 -4358.2378 -4305.2793 -4225.7563 -4183.0654 -4172.9126 -4221.3335 -4315.3022 -4540.7744 -4570.5776 -4264.2085 -3845.7532 -3731.1514 -4125.127 -4418.4375 -4299.0137 -3891.1853 -3605.7083 -3938.4824 -4437.6987 -4380.0049 -4097.4067 -3952.9026 -3671.5798 -3508.2971 -3694.9336 -3691.4531 -3755.637 -4265.9844 -4435.3804 -4000.3948 -3349.7043 -2780.7063
-3675.8501 -3618.4275 -3687.6135 -3741.7581 -3854.0544 -3972.7925 -4047.8298 -4135.499 -4261.7617 -4299.5776 -4166.3589 -4087.8315 -4073.125 -4084.6526 -3959.0366 -3701.146 -3545.7107 -3796.1475 -4151.9053 -4264.9312 -4210.9971 -3997.272 -3953.4163 -4074.3352 -4048.355 -4191.5879 -4339.1987 -4059.7813 -3714.6707 -3685.009 -3915.8936 -4020.3713 -4036.1819 -4254.1885 -4490.6938 -4396.4849 -4203.7705 -4077.6379 -3895.4915 -3876.7095 -4273.124 -4468.7617 -4153.8843 -3891.6902 -3967.3284 -4275.5171 -4394.6904 -4270.8442 -3943.9929 -3775.865 -4188.0479 -4461.9756 -4118.4634 -3854.3525 -3750.9563 -3583.563 -3636.0208 -3688.1941 -3396.9246 -3519.9531 -4332.3584 -4610.748 -4104.4209 -3339.2676 -2776.53
-3828.6858 -3646.1904 -3688.7617 -3767.408 -3856.6638 -3985.5344 -4045.012 -4096.228 -4157.8022 -4133.8281 -4110.9038 -4070.8008 -3985.6802 -4046.2205 -3957.7095 -3683.0977 -3563.5796 -3982.2402 -4531.9888 -4518.6338 -4267.9639 -4099.5874 -4118.8408 -4304.3979 -4320.3257 -4174.6704 -3997.9326 -3479.6292 -2942.5193 -3224.5859 -4086.7866 -4469.7573 -4331.2739 -4413.6138 -4622.7725 -4585.4824 -4560.6685 -4567.7832 -4405.6245 -4253.0791 -4349.5215 -4344.1592 -4082.7925 -4054.4353 -4447.1572 -4742.6108 -4582.3164 -4200.8813 -3546.8616 -3275.3379 -3914.5005 -4127.7266 -3489.5186 -3363.7256 -3730.5615 -3953.0779 -4009.9392 -3659.272 -3117.7119 -3403.0085 -4290.9326 -4455.0835 -4002.9329 -3501.6475 -3279.3967
-3874.7 -3746.8306 -3761.3467 -3813.0247 -3870.4419 -4058.9819 -4132.0591 -4109.2188 -4128.5698 -4147.541 -4203.251 -4191.481 -4152.8242 -4194.7642 -4077.6782 -3868.7429 -3913.3425 -4258.8442 -4436.4541 -4187.3154 -3902.3069 -3751.0801 -3757.6794 -3866.9719 -4068.179 -4147.0645 -4159.9331 -3997.6228 -3693.5464 -3811.3621 -4290.9346 -4660.3481 -4444.7852 -4105.4712 -4080.8193 -3941.4683 -3980.3672 -4173.6543 -4481.7046 -4669.5142 -4615.8716 -4271.7397 -4047.594 -4199.8037 -4644.248 -4882.8213 -4628.3135 -4153.1055 -3550 -3586.2524 -4257.981 -4163.4478 -3467.6487 -3515.5251 -3913.1599 -3987.2568 -3794.4861 -3344.9473 -3052.0784 -3576.2668 -4228.3843 -4020.7234 -3409.9541 -3159.3252 -3240.3984
-4077.5247 -3969.113 -3823.9822 -3784.9053 -3781.0247 -3934.6804 -4092.1511 -4106.8174 -4116.4097 -4147.6592 -4056.4141 -3975.0554 -4073.9543 -4204.2529 -4143.8496 -4012.9104 -4074.5605 -4241.9937 -4219.4551 -3896.9302 -3579.6289 -3495.7283 -3682.7119 -3913.7014 -4030.426 -3982.4368 -3932.8169 -3905.9067 -3803.9573 -3873.0415 -4153.4141 -4560.9424 -4681.2964 -4427.5571 -4294.6445 -4057.8254 -3719.3247 -3639.7332 -4153.3838 -4632.5659 -4579.3921 -4140.9897 -4035.4709 -4360.0825 -4677.2905 -4754.7793 -4431.2422 -3861.3445 -3543.0132 -4047.4163 -4520.7188 -4140.6553 -3642.2598 -3756.9526 -3947.8374 -3736.5688 -3421.7566 -3211.6833 -3212.0142 -3681.0859 -4053.1492 -3608.301 -2934.1899 -2884.1055 -3168.0205
-3867.6306 -3778.0654 -3632.0654 -3584.0527 -3549.4976 -3697.8411 -3995.4424 -4196.2588 -4264.0122 -4196.2559 -3901.5361 -3715.1885 -3809.4658 -3991.4121 -3958.6306 -3818.7253 -3900.699 -4173.9233 -4302.0537 -4012.6094 -3378.3735 -2888.4817 -3022.5459 -3640.4727 -3981.4888 -3955.0393 -3865.0806 -3794.7036 -3620.7412 -3441.3953 -3631.1008 -4260.6382 -4745.5347 -4637.2437 -4335.6367 -4129.834 -3869.4954 -3899.5017 -4370.6133 -4448.9297 -4033.5547 -3696.2585 -4022.8604 -4515.7783 -4623.2603 -4513.6104 -4001.8828 -3137.4148 -2973.6433 -3907.4353 -4436.8794 -4143.6362 -3776.624 -3626.3789 -3511.4248 -3219.6494 -3064.2036 -3227.8567 -3503.2202 -3862.9263 -4011.8635 -3669.6548 -3023.375 -2627.0667 -2764.4097
-3671.4536 -3847.2312 -3843.8748 -3746.3745 -3642.6987 -3762.0554 -4032.4929 -4259.7661 -4351.5586 -4188.5103 -3861.5491 -3719.0891 -3838.8003 -4068.1746 -3982.4583 -3708.1655 -3802.1465 -4242.3784 -4472.6816 -4235.2266 -3829.8748 -3462.8259 -3304.7495 -3548.6582 -3918.8635 -4117.481 -4115.3169 -3967.7681 -3639.6404 -3439.8318 -3730.158 -4296.9951 -4735.3833 -4573.1426 -4140.6465 -3908.4084 -3861.2341 -4173.4883 -4576.0317 -4326.0874 -3863.4426 -3727.2703 -4157.7524 -4598.5366 -4633.5093 -4440.7773 -4008.4146 -3287.9702 -3192.5283 -4076.4517 -4551.3003 -4243.1523 -3724.9988 -3322.6016 -3093.3787 -2900.2727 -2823.9824 -3115.9189 -3635.6501 -3990.4312 -3976.8796 -3587.2112 -2895.4331 -2425.2546 -2586.811
-3977.3848 -4172.2832 -4114.3213 -3955.1895 -3857.022 -3881.4756 -4030.5552 -4245.0732 -4335.8066 -4149.3262 -3814.8438 -3691.9531 -3830.825 -3881.7295 -3548.2964 -3369.5476 -3733.8152 -4261.583 -4477.2168 -4188.0698 -3841.9597 -3744.522 -3736.3748 -3758.5974 -3919.6045 -3976.0173 -3900.0601 -3715.0471 -3409.6836 -3491.3894 -4169.9639 -4622.9087 -4611.8906 -4381.6128 -4028.1721 -3873.2612 -3854.5208 -4100.187 -4446.1572 -4392.0122 -4208.4443 -4209.5601 -4428.6367 -4642.4697 -4604.1533 -4296.5879 -3893.937 -3565.3108 -3760.3853 -4457.3765 -4611.4507 -4195.5366 -3707.4634 -3316.428 -3002.4275 -2862.2844 -2959.5037 -3155.7144 -3511.7166 -3840.2136 -3852.9785 -3586.4531 -3042.8477 -2466.7905 -2365.6233
-3757.1621 -4123.0352 -4186.8643 -3927.4517 -3676.2954 -3495.8735 -3532.2805 -3873.9426 -4243.5913 -4289.7549 -4061.0127 -3819.4111 -3615.9077 -3410.6331 -3258.6016 -3297.4246 -3691.8752 -4164.3896 -4348.7031 -4123.6533 -3798.5278 -3682.5735 -3774.7544 -3886.2893 -4009.8079 -3943.0029 -3779.8252 -3638.6008 -3574.741 -3896.1233 -4506.5493 -4660.5063 -4457.0679 -4318.957 -4060.6499 -3821.5872 -3810.5637 -4002.8086 -4343.0928 -4398.5005 -4212.3525 -4280.1211 -4535.6699 -4654.1528 -4537.7905 -4175.8369 -3634.0447 -3383.8181 -3919.157 -4572.3276 -4449.3579 -4067.9595 -3716.6755 -3270.1277 -2869.4578 -2809.9563 -2964.9927 -3027.354 -3383.106 -3941.8115 -4118.2476 -3794.3606 -3093.9402 -2253.9331 -1979.2946
-3644.8962 -4068.9587 -4156.8794 -3830.2881 -3494.1182 -3248.6533 -3316.6252 -3830.4937 -4285.6416 -4177.6743 -3817.3857 -3632.3303 -3781.4492 -4041.9182 -3911.5225 -3624.1646 -3714.27 -3946.6597 -4065.9453 -3987.782 -3809.3394 -3744.5918 -3934.6733 -4171.9048 -4209.165 -4067.1765 -3887.0686 -3762.0098 -3804.4885 -4069.3245 -4441.5952 -4481.3091 -4335.8848 -4255.7046 -4216.2446 -4107.2451 -4052.8186 -4062.446 -4252.7554 -4309.1631 -4202.4268 -4318.4399 -4441.3325 -4368.2124 -4173.3398 -3913.4851 -3486.0828 -3405.447 -4191.1704 -4740.8262 -4508.2495 -4157.1724 -3697.3606 -3026.5447 -2643.8589 -2748.178 -2782.502 -2784.7605 -3423.6001 -4294.5952 -4427.7334 -3621.9131 -2433.1177 -1748.1445 -1994.005
-3900.6104 -4194.9248 -4128.6934 -3785.2646 -3428.4846 -3272.7139 -3649.4399 -4271.7949 -4420.7231 -3950.1809 -3372.6882 -3202.2236 -3774.8271 -4305.9453 -4086.8101 -3923.9082 -4021.6643 -3900.9583 -3878.2974 -3904.7434 -3810.3972 -3737.5652 -3917.1067 -4151.9512 -4225.125 -4224.6997 -4038.1265 -3717.0088 -3633.8259 -3703.0962 -4053.0413 -4356.1973 -4303.2485 -4198.0122 -4203.1685 -4213.2959 -4175.2808 -4001.6309 -3976.8887 -4122.5078 -4184.0835 -4192.9321 -4091.5559 -3929.4629 -3772.2014 -3608.4697 -3338.3447 -3602.8403 -4599.4116 -4917.437 -4499.5596 -4088.4858 -3610.5222 -3026.2852 -2682.2456 -2577.6738 -2320.9265 -2413.6333 -3515.7815 -4645.2642 -4506.0474 -3203.6914 -1812.8722 -1632.3794 -2476.459
-4141.936 -4323.6631 -4176.3979 -3775.4141 -3312.2336 -3249.0532 -3879.7439 -4525.2466 -4566.418 -4137.6719 -3599.3157 -3369.2356 -3875.3711 -4301.415 -4121.9678 -4094.4326 -4151.8696 -3959.4675 -3759.4075 -3769.5313 -3910.2908 -3868.5476 -3738.4451 -3690.0105 -3869.6074 -4081.2126 -4112.4224 -3912.1206 -3779.0581 -3803.2527 -4158.0923 -4347.5537 -4231.6357 -4169.5659 -4100.7334 -4112.3789 -4043.3616 -3800.1304 -3734.1694 -3996.1992 -4231.5244 -4184.3394 -3980.1003 -3809.0068 -3698.6062 -3598.4561 -3451.7537 -3937.6619 -4766.3901 -4602.6553 -3985.0613 -3639.3416 -3373.8091 -2999.531 -2635.8506 -2354.6567 -1972.1564 -2077.989 -3442.823 -4789.9521 -4593.9272 -3360.7803 -2394.9468 -2682.0408 -3581.5537
-4243.585 -4272.8569 -4185.5474 -3871.6484 -3410.6113 -3426.2527 -3975.9126 -4362.3047 -4302.0151 -3952.155 -3551.8228 -3482.1177 -3983.384 -4192.811 -3915.4001 -3812.7996 -3819.8101 -3720.499 -3609.6257 -3791.063 -4108.7329 -4062.1677 -3710.4185 -3528.2908 -3701.3621 -3780.1782 -3741.646 -3541.8628 -3412.0854 -3634.6409 -4144.7871 -4327.6465 -4353.8833 -4293.2646 -4225.0938 -4212.4063 -4016.2061 -3820.9058 -3782.2034 -3898.1121 -4136.6802 -4218.6885 -4143.3481 -3967.4487 -3718.9333 -3502.2732 -3386.6555 -4085.7317 -4953.0708 -4701.4243 -4103.228 -3706.1816 -3441.6438 -3150.2161 -2836.7336 -2497.9167 -2027.7777 -1967.2125 -3255.7678 -4765.7539 -4752.2271 -3827.5479 -3159.157 -3301.5889 -3712.8611
-4196.8301 -4203.8384 -3997.542 -3724.3477 -3524.634 -3787.5608 -4290.0039 -4386.7144 -4134.0542 -3687.7061 -3188.0598 -3312.5701 -3941.7979 -3965.4385 -3585.4004 -3457.2532 -3428.7144 -3470.1917 -3662.0273 -3988.3306 -4184.3008 -4192.7539 -3972.6941 -3819.0391 -3912.6946 -3986.5469 -3932.3501 -3821.1611 -3824.2998 -3817.4458 -3896.3228 -4032.9788 -4280.0776 -4280.2358 -4225.9897 -4119.4756 -3956.7173 -3859.688 -3744.5681 -3599.0002 -3732.9231 -3989.8623 -4101.1206 -4027.9795 -3795.5994 -3516.1033 -3600.5994 -4421.9907 -5098.1274 -4671.2671 -4073.5603 -3717.3455 -3396.2971 -3043.3704 -2723.6714 -2388.5457 -1926.5387 -1797.5646 -3048.3357 -4819.2856 -5213.0068 -4488.7808 -3550.2109 -3199.5859 -3286.741
