Resources/Map/Lvl0_30x30/Ele_CI.asc
ncols         335
nrows         335
xllcorner     6755000
yllcorner     -25000
cellsize      10000
nodata_value  -99999.0
[rows 0 to 25 of 335, columns 58 to 115 of 335]
950.8588 1107.7612 1686.6434 1718.5031 1649.0386 1592.5613 1525.3434 1736.7019 1697.4208 1618.7758 1651.6892 1803.6632 1838.5011 2008.7352 1372.9703 1042.1703 757.6255 857.6027 766.397 576.8967 436.2947 396.5074 277.4918 500.8141 491.9063 476.2466 536.462 649.204 828.7808 795.7124 933.227 1168.9374 1181.8455 1204.7894 1137.384 1148.7015 1348.39 1321.6223 1271.6772 1023.6399 1107.7301 1374.4746 1002.3239 1053.5687 1395.9449 968.3005 559.9041 293.76 224.2621 165.9294 133.3911 113.7823 114.4697 112.0348 108.6082 115.2329 111.0884 108.454
943.5131 1190.0931 1481.0731 1498.6487 1635.9982 1559.3826 1610.1219 1883.3136 1737.9768 1856.5201 1765.2133 2214.2888 1928.9681 1783.6116 1687.1428 1218.8497 594.3336 460.7042 575.8234 485.8176 352.3167 425.5197 338.1455 425.4954 429.2001 327.3062 515.8691 661.0486 1236.7343 879.8753 1332.2601 1047.2173 987.3214 1087.498 1170.5201 1120.5631 1178.3112 997.8814 966.1288 974.0646 1034.3425 966.0446 930.3253 1230.421 1313.1998 744.3568 365.7831 211.449 177.6727 149.0763 127.9897 110.6523 110.2964 108.9443 109.1618 111.527 111.2031 106.828
930.0568 1106.3046 1259.3092 1399.4465 1661.5409 1559.1042 1782.4058 1811.0605 2006.7142 1741.9894 2292.0422 1996.9152 1856.3394 1843.9808 1504.2424 717.0995 582.5308 361.2161 478.6664 261.0787 204.6105 151.0586 168.7666 204.644 281.9772 358.5214 420.8225 515.6537 909.6288 922.169 851.2525 872.8945 942.8289 1015.1851 1072.1381 908.2835 1078.8286 1032.8387 1023.8976 895.7031 891.9168 966.841 1167.3881 934.2128 1058.078 667.6556 214.9024 171.4893 140.7878 118.5867 108.7712 107.1675 104.7911 106.5432 108.6286 109.0456 106.5914 105
934.1125 1040.4683 1290.8966 1483.1923 1680.6239 1600.4877 1805.928 1774.3834 1988.9725 1954.5582 2014.1649 2069.2458 1999.2637 1785.0417 1986.226 867.9798 961.0203 450.2706 268.273 195.5606 135.3661 126.1263 131.2872 130.0763 141.5257 166.768 325.0255 702.6973 748.3382 1106.9333 1186.7035 1023.0048 926.6309 914.821 881.6316 948.2499 929.908 940.0713 944.7957 954.9921 768.414 816.4406 855.3156 865.2974 915.8545 394.2135 189.487 147.771 130.3155 121.4526 111.6183 105.3638 102.3679 101.1879 104.9582 105.4967 104.3794 101.8705
920.0079 987.0358 1374.0957 1571.191 1679.5588 1723.8939 1968.7369 1820.8221 2047.4423 2091.4434 2436.1814 2372.4194 1955.2051 2058.042 1561.639 1655.3463 1084.3634 354.3078 241.8248 145.4344 139.2039 121.0512 121.895 127.3584 133.4701 175.5761 288.8892 556.261 389.6124 599.7939 1017.4109 986.1595 834.762 1002.9068 831.3414 833.2944 846.6066 1017.467 1041.1285 773.3058 710.4137 760.8698 690.5952 1138.4276 931.8054 333.4018 182.1803 146.0276 127.139 117.8664 107.2936 101.8965 102.3264 99.9365 102.5143 101.663 101.1277 99.9472
980.502 1136.9772 1699.6047 1871.2479 1729.0607 1957.3888 1769.7476 1736.1245 1791.3422 1946.0663 2009.2402 1827.3958 1649.3413 1758.5392 1709.274 1696.9346 1050.5302 338.9014 149.7856 143.2266 118.3819 113.2415 113.9119 111.8889 119.0444 167.5931 242.4583 282.917 302.1989 460.2458 773.6901 842.098 742.2697 851.0162 817.207 900.6493 967.9753 864.5978 802.2374 843.4974 922.7817 773.5649 729.4562 761.0265 531.1597 353.3521 211.6672 138.9063 115.1596 109.4116 102.1858 99.1275 98.3453 97.3949 97.8975 98.3997 98.9503 99.5206
1177.8861 1479.3107 1667.0437 1739.9431 1783.7853 2159.0972 1782.3551 2032.7963 1955.2112 2190.595 1864.8477 1974.3345 1585.4297 1420.2433 1600.9926 1949.9114 1041.4371 300.6108 135.8669 126.8704 103.9336 105.7315 104.9009 101.8621 104.8521 118.9592 162.8576 432.5209 531.0698 608.9586 1013.4628 1010.618 879.895 740.2256 782.6644 872.4342 1008.5076 862.6431 855.8026 781.0817 750.6136 744.7797 746.2982 703.4969 536.793 354.5621 163.8367 119.9808 104.8066 101.0864 97.4736 96.2963 95.4936 92.9992 95.4883 95.5838 95.8525 92.2697
1331.2327 1755.4767 1731.1455 1664.5197 1791.3042 1927.3365 1812.3826 2068.3499 2156.7451 2076.5068 2045.0419 2374.0479 2246.3625 2016.5212 1596.9669 1584.8707 554.0994 286.3103 153.8813 107.2025 99.5009 102.9394 95.5839 97.9313 105.609 113.4637 131.3755 238.6095 516.8865 688.7258 455.6002 643.4177 799.6317 753.8607 844.0938 860.2332 829.8549 828.6065 929.2967 790.9514 686.8304 814.3056 592.8757 523.978 390.9322 189.6592 138.3871 110.3061 93.8329 95.8917 95.1036 94.4863 91.2401 91.48 95.9573 94.7566 94.2061 93.5552
1539.7803 1430.8052 1631.5785 1833.1412 2253.7456 1867.6892 1834.4292 1925.083 2120.2881 2407.9146 2425.8865 2060.9695 2069.8831 2151.3022 1729.2297 952.7181 564.8897 198.328 113.6942 96.9076 94.4588 97.2836 91.9158 93.2891 100.3745 105.4294 121.4934 233.0267 256.374 299.9809 329.5585 371.486 402.1497 450.6898 646.5552 806.6311 892.0194 787.4036 741.6835 699.0799 562.0504 638.49 828.2784 438.6751 232.395 141.198 117.1332 98.5865 94.747 94.8769 93.7909 92.2009 90.6777 92.1018 94.7128 93.6192 92.6523 92.5306
1448.87 1677.848 1725.9569 2009.1143 2113.405 1880.1716 2062.5735 2066.0547 2212.8005 2544.3132 2449.6738 1868.1685 1781.457 1369.1064 1618.6128 881.6759 421.9165 118.1571 87.6693 87.6734 89.4063 91.9254 89.0719 88.6904 93.3812 97.5727 110.1634 142.1428 201.5154 341.8973 515.0483 433.0272 437.9553 439.2228 500.5395 482.3196 493.7394 585.2027 536.0856 483.0711 520.1436 580.7503 530.3878 307.0815 165.239 118.6923 100.8323 92.5257 91.9823 93.5257 93.8778 90.4618 90.9494 92.8134 92.1864 89.7278 89.9555 96.3638
1549.8396 1915.1515 1845.5464 1975.7633 1904.6633 1917.2936 1996.3774 2171.7939 2455.8586 2638.2688 2250.085 1860.424 1142.7738 1511.6342 1435.5383 692.3694 533.4417 98.074 81.6861 82.5176 84.6524 85.0148 80.2028 84.3323 81.5571 92.0194 105.3537 119.924 169.0781 239.0022 388.999 739.8742 893.1961 755.2158 701.1028 829.3221 623.1752 503.9456 457.3304 380.1166 452.8173 347.9745 254.9444 208.9271 123.7491 95.4465 91.2721 91.4259 90.5588 91.8372 90.5301 90.5063 91.2563 91.4596 90.1755 89.5746 90.7903 92.0764
1790.0018 1835.1183 1809.3632 2092.4309 1941.7933 1920.5585 1989.0764 2218.9482 2463.9736 2133.9077 2014.7373 2169.2063 1647.8315 1225.08 792.9891 573.4695 387.5827 92.7601 79.4866 78.8578 78.0247 77.4559 75.145 75.7596 76.5229 79.3066 94.8293 100.5197 126.2087 179.4619 218.7924 273.4136 322.2942 320.7381 313.662 372.8222 434.6853 403.2837 366.7722 315.4619 270.8829 265.1281 224.4514 149.8215 101.2214 83.9515 85.1037 86.0838 87.638 87.2074 90.0064 87.5787 90.8274 89.8316 87.9058 89.1777 96.8452 94.4305
1598.0562 1917.3645 2066.0188 1964.9276 1886.4656 1890.5714 2107.4463 2243.0737 2202.6145 2004.3247 1900.863 2000.6421 1546.9396 1629.1195 1169.2177 475.8671 118.8016 87.99 75.3452 73.4119 73.2311 72.0826 65.5126 76.3986 65.7598 65.1398 79.4834 85.1773 108.0798 136.999 177.5356 225.0137 250.442 251.7003 240.9482 255.8571 246.1235 226.9695 284.7148 311.0697 302.9854 231.5222 184.5334 94.6285 86.7342 79.6523 80.9414 83.6659 86.7553 89.0672 86.7118 85.5499 87.9669 86 85.9904 87.7278 91.1638 97.924
1556.8564 1846.1768 1948.8226 1924.4225 1831.9786 1921.5332 2231.4209 2408.9814 2196.2007 1883.8036 2208.3242 2128.9414 1423.1901 1548.0709 975.4548 334.8575 93.4375 79.0138 68.9719 69.1701 67.6265 68.8524 58.2704 58.9067 60.3043 54.3012 66.6156 64.4188 65.482 88.0311 115.5981 160.0414 195.6742 187.6711 168.3773 194.5104 229.7556 208.9594 202.0237 216.6719 207.0104 155.0446 113.8709 85.3503 80.4476 79.4719 81.9374 85.7103 88 86.5442 84.9046 84.1957 86.8653 86.2366 86.4809 85.2124 89.4029 95.0331
1812.0934 1809.8949 1850.9312 1828.3435 1798.0182 2203.6284 2266.127 2455.8333 2065.0681 1573.316 1646.166 1739.5422 1331.89 1128.1737 822.891 226.4922 92.8322 81.2544 66.644 65.475 64.0727 63.0023 57.5534 59.2646 58.9476 55.2732 57.9046 56.2012 53.1359 55.4877 69.4252 109.3664 121.3418 116.961 114.9433 134.8686 148.4474 165.0921 131.6285 114.8363 102.8007 96.4935 98.5536 79.5233 78.6895 82.6459 80.7981 85.0422 87.0756 84.8665 83.0648 84.2224 85.2031 83.1189 84.4327 87.754 92.1238 93.4367
1805.0724 1876.3481 1761.2351 1754.4768 1938.9911 2231.1619 2262.7742 2058.5281 1500.4872 1714.7159 1503.2028 1612.6691 1511.6974 949.4747 855.9524 361.4393 129.2712 81.1098 69.0167 60.1818 58.6289 55.1068 56.2148 52.0656 54.1364 51.8284 54.6381 53.5577 49.5789 53.1396 54.8717 58.0119 69.7101 74.8662 77.2033 70.6231 73.9711 82.9331 81.4405 69.8259 69.3204 73.7265 76.6242 79.7896 77.476 76.2363 78.8706 81.2056 82.8174 82.764 79.7944 81.3105 84.3274 84.7639 85.3086 91.7133 90.2927 95.2938
1850.2184 1721.9896 1669.0603 1705.2147 1792.4121 1920.76 1682.8563 1469.4338 1498.3292 1525.5804 1443.4956 1727.7416 1255.5974 1207.2413 475.6005 335.9659 237.955 74.468 64.5053 56.9093 53.6324 50.5522 50.7061 48.5433 49.5037 50.9449 50.3709 47.9813 51.5907 53.7033 54.9634 57.0407 55.6319 59.9449 59.6551 60.4288 63.442 65.4581 67.7103 66.8528 67.8175 71.1407 74.321 75.7111 74.1366 73.755 78.836 79.5376 80.0755 80.0247 77.3352 83.1629 86.0047 85.339 87.4225 90.4545 99.2587 98.2747
1709.9307 1611.2853 1631.8105 1972.0654 1755.8232 1735.8927 1649.3762 1521.3954 1492.4397 1903.3311 1563.0769 1626.6774 1293.3727 1276.0582 566.5361 707.0852 127.1015 60.2154 55.334 50.7006 49.1611 47.99 50.2167 42.261 39.8181 46.988 44.6144 47.7246 51.8282 53.7259 53.6535 57.7793 57.3607 60.2117 61.5453 63.0949 62.1958 65.6092 64.2209 67.2126 69.1549 71.5468 72.1097 73.4193 72.7149 72.8505 79.147 80.2621 79.3422 80.094 79.2026 81.1108 83.2066 90.8651 99.155 101.0072 101.4746 101.4707
1726.9165 1594.5094 1657.6915 1717.6063 1723.4961 1724.2958 1683.7609 1726.6982 1398.0244 1686.4733 1788.8781 1248.4497 1318.3341 1194.9449 715.017 980.4953 182.4033 65.3093 53.1566 47.4969 45.8702 41.6363 42.402 41.45 44.7052 47.6653 47.158 49.1537 53.1883 53.6546 56.3479 56.8339 58.3251 60.8855 60.9623 62.4288 66.1781 65.7426 67.391 65.3958 67.1111 69.2653 73.0929 69.6489 71.6166 74.5681 76.6677 78.6165 77.9846 85.6393 80.6935 84.969 91.4742 89.332 100.7292 100.6926 105.2941 105.9016
1806.5479 1665.954 1611.6439 1685.6442 1584.3798 1678.2789 1577.8298 1557.1318 1454.7234 1253.2311 1142.6193 1495.2383 1354.0815 922.3896 1069.1493 660.8347 202.6116 72.6504 53.1052 42.7716 43.1272 40.9345 37.2429 37.7051 42.3584 47.0037 49.4339 51.2301 53.7487 56.1698 57.7011 57.2601 60.146 60.6833 62.1001 63.6408 66.2312 67.2245 66.0956 66.6115 66.3738 69.1875 70.8573 70.396 70 73.2901 78.3033 78.6114 83.923 79.0549 78.4211 89.3268 90.8519 99.1421 102.2825 109.2628 114.9582 115.576
1920.89 1902.5703 1516.1149 1685.1335 1552.3453 1467.464 1487.4443 1391.4481 1443.452 1621.2118 1268.439 1398.58 945.4042 850.8641 1177.0149 737.173 401.554 98.6951 46.9545 43.2881 37.7729 36.4144 42.615 31.5084 42.1257 44.0142 46.8663 51.3672 53.9578 56.9728 57.7971 58.4924 61.2218 60.3462 63.0592 65.3189 65.2345 64.2029 61.5742 62.6517 65.2423 66.7333 69.4408 68.3453 72.0963 80.9462 81.5922 84.9874 81.1519 84.4948 92.6314 99.2392 103.667 106.6364 118.7478 113.5226 121.438 121.4353
1621.5571 1729.7739 1568.2069 1544.6034 1651.6858 1602.8108 1491.9224 1460.0696 1740.4797 1665.8602 1590.8291 1013.1045 1032.1578 1309.3768 867.7452 673.1342 880.1311 302.8299 44.3295 41.6001 36.2753 35.4093 39.2735 37.8553 43.8628 45.1043 46.3512 52.8902 54.7054 56.3322 57.7803 57.6419 60.478 63.386 65.192 63.081 63.0064 61.5404 61.4201 63.0944 63.8612 67.4091 66.8961 68.8574 73.5088 79.24 82.4024 88.1501 91.6906 98.3378 96.8707 104.1366 112.4753 107.2087 120.6303 124.3831 118.9642 117.8661
1656.5016 1625.6261 1587.5032 1631.7957 1725.0594 1601.532 1469.6735 1390.2689 1440.7987 1837.9249 1479.1503 1160.9222 1257.7754 1549.6448 899.678 961.6722 871.267 681.615 53.4691 36.5952 36.6121 36.2179 38.078 40.7358 45.2724 45.1653 47.1685 51.6181 53.1898 56.6816 55.8168 56.6381 60.5564 61.4704 62.4533 62.8158 59.7146 59.256 58.8131 61.0568 61.4437 64.8926 68.5627 72.6308 76.6731 77.8049 84.7606 91.2799 89.19 95.9203 110.3345 112.29 131.1507 129.2736 122.9356 128.7177 122.6801 120.3836
1541.7371 1386.7419 1353.1288 1287.5125 1297.1425 1351.0551 1336.8304 1401.8069 1201.1978 1145.4071 1255.3722 1145.416 1024.9443 1128.8132 819.7371 845.3953 860.1593 364.6494 52.411 34.6001 33.6906 37.6075 36.3034 40.8988 43.4163 44.0906 48.4188 52.8204 54.0724 55.846 56.8699 57.6099 58.2204 60.8423 58.3885 60.0871 57.9831 56.9522 58.4048 60.1421 62.3603 65.1194 71.023 74.4273 72.779 86.8473 98.1193 101.2804 102.5711 104.6675 120.2943 135.0691 135.0556 131.9531 134.2285 135.899 131.0208 118.4311
1328.8604 1265.9222 1197.6345 1162.7321 1221.3936 1897.2896 1751.4347 1434.5387 1153.8059 1086.5652 1216.566 1279.0371 1196.0427 1002.1177 1173.184 929.885 530.9177 172.9659 58.1117 35.413 31.4559 37.8384 37.8219 41.9948 44.8926 42.0147 47.2181 53.7255 54.088 54.2118 55.9594 61.4783 55.2188 66.3827 58.5716 55.0172 55.4233 58.8831 56.6135 61 61.966 67.8099 64.6256 71.7039 74.7671 95.7194 103.4214 110.5081 114.7054 119.0538 126.2156 132.203 130.1312 136.6018 134.9779 130.1013 119.6685 116.537
1276.9559 1375.1971 1322.3428 1151.5874 1406.1802 1419.3015 1385.8998 1425.5083 1205.6882 1220.0081 1197.2245 1374.0739 1163.562 1454.6718 1340.2147 714.8729 268.0167 163.9016 60.1213 35.5138 34.4031 37.7687 35.7027 42.9784 42.9201 44.0476 50.6957 50.1829 51.7385 54.3788 53.8032 56.8335 57.1691 68.9953 58.3928 56.3308 53.9641 56.3449 55.3197 61.353 66.4713 66.9907 70.3521 74.021 80.8171 92.7885 98.7287 105.8391 115.6213 128.2189 125.6689 131.1889 131.1232 131.8152 128.5543 124.2604 118.4602 116.3009
