Resources/Map/Lvl0_30x30/Ele_EI.asc
ncols         335
nrows         335
xllcorner     6755000
yllcorner     -6725000
cellsize      10000
nodata_value  -99999.0
[rows 130 to 155 of 335, columns 114 to 170 of 335]
-4038.8975 -4048.9141 -4063.0547 -4017.2156 -4003.9602 -4003.4207 -3895.2534 -3732.7947 -3584.0889 -3690.8071 -3920.9973 -4105.2793 -4226.23 -4126.2642 -3859.929 -3632.585 -3566.019 -3531.4539 -3491.0361 -3485.9048 -3572.0571 -3651.2302 -3647.2566 -3690.854 -3799.4448 -3854.9941 -3886.8953 -3976.845 -4040.3838 -4061.1748 -4086.5107 -4010.8613 -3892.6787 -3865.2788 -3832.0029 -3769.8252 -3764.731 -3755.9414 -3750.9749 -3739.4998 -3688.4622 -3615.1934 -3584.9126 -3637.3215 -3679.3574 -3660.6155 -3527.8752 -3419.0542 -3374.8242 -3432.7595 -3454.0012 -3340.238 -3330.6938 -3369.8289 -3312.2373 -3271.187 -3264.0098
-4063.0498 -4111.5791 -4050.4187 -3915.425 -3863.4426 -3841.5913 -3757.8052 -3672.406 -3751.7991 -4049.5776 -4193.8467 -4177.8452 -4150.2036 -3985.2595 -3723.9084 -3522.2234 -3490.8286 -3551.2834 -3633.8645 -3632.3618 -3602.1418 -3608.4805 -3647.0063 -3739.1379 -3768.7068 -3704.8547 -3759.145 -4035.803 -4226.6514 -4117.6455 -3918.0029 -3772.8633 -3755.0632 -3832.3977 -3875.7981 -3818.4761 -3791.6311 -3762.0583 -3690.803 -3654.7336 -3594.4055 -3602.033 -3627.9216 -3588.9253 -3550.1282 -3565.0532 -3508.7722 -3433.0737 -3313.1443 -3356.0962 -3431.9749 -3320.1563 -3345.7292 -3367.7275 -3317.9785 -3328.2261 -3348.5757
-3994.7637 -4003.3418 -3886.4094 -3730.2502 -3694.1189 -3740.1995 -3816.0503 -3881.9021 -4026.2661 -4240.9399 -4234.4795 -4010.1533 -3882.8726 -3831.7349 -3725.3711 -3576.5764 -3510.3008 -3565.3152 -3681.6506 -3710.1475 -3651.7063 -3609.2734 -3671.7327 -3794.0796 -3825.5369 -3766.4912 -3768.7554 -3924.8733 -4060.8926 -3968.3125 -3770.4944 -3696.3357 -3739.8955 -3763.2026 -3772.4204 -3732.2124 -3709.5193 -3708.5742 -3692.5383 -3634.762 -3603.6223 -3676.9482 -3669.3989 -3552.9729 -3473.1133 -3441.7175 -3496.3503 -3486.324 -3310.8555 -3293.7864 -3336.665 -3308.4502 -3347.4243 -3296.3259 -3339.168 -3396.0444 -3347.4583
-3911.22 -3892.3792 -3855.511 -3801.9792 -3766.1121 -3793.3252 -3914.9812 -4038.812 -4098.5962 -4109.2588 -4023.9331 -3817.147 -3723.4636 -3675.4866 -3625.3914 -3650.7339 -3601.9314 -3605.3142 -3653.9756 -3684.9636 -3753.595 -3801.8035 -3851.9924 -3925.6438 -4004.1887 -4055.3198 -4046.4226 -3997.4736 -3939.0859 -3877.8069 -3828.7839 -3815.1421 -3792.0137 -3798.7502 -3780.2634 -3686.6689 -3657.177 -3669.0999 -3687.6233 -3650.958 -3595.7942 -3621.3525 -3589.0139 -3463.614 -3457.8997 -3420.2864 -3404.6963 -3434.5273 -3395.3579 -3302.0779 -3270.1108 -3323.4624 -3345.1255 -3310.5386 -3351.4736 -3355.2612 -3319.9807
-3896.0732 -3825.4495 -3807.1973 -3855.0854 -3870.6177 -3915.8533 -4039.8992 -4119.3125 -4083.1028 -3936.199 -3807.7739 -3748.1704 -3742.5542 -3630.3337 -3574.3433 -3756.874 -3780.0122 -3732.0278 -3726.5293 -3780.8845 -3877.5056 -3938.0029 -4018.2217 -4093.9666 -4093.4604 -4028.3337 -3957.7905 -3899.5632 -3848.7 -3820.6104 -3842.3315 -3854.3035 -3797.5547 -3808.1555 -3760.8452 -3614.6865 -3609.1411 -3631.0984 -3644.2712 -3655.0623 -3557.3879 -3512.5564 -3529.8762 -3453.4438 -3420.0791 -3457.8994 -3328.624 -3293.0972 -3368.8875 -3324.3809 -3366.7217 -3390.4841 -3338.106 -3367.644 -3397.2087 -3364.6738 -3336.5579
-3882.1145 -3828.2292 -3847.4958 -3926.8071 -4049.25 -4131.2627 -4165.6172 -4071.5088 -3898.623 -3772.3523 -3721.8323 -3772.0012 -3838.2178 -3708.5525 -3629.2571 -3829.7334 -3965.6001 -3967.9644 -3935.4204 -3950.3594 -3986.7341 -4025.4646 -4091.8999 -4073.5657 -3907.3474 -3761.3223 -3780.2712 -3814.896 -3779.4656 -3764.8533 -3792.4829 -3813.7539 -3791.5803 -3780.5745 -3733.8218 -3661.9453 -3658.2585 -3619.5361 -3602.9402 -3631.1421 -3558.3555 -3435.2883 -3428.6885 -3433.8733 -3417.3423 -3415.4644 -3329.0532 -3324.5823 -3352.5281 -3333.0103 -3394.9299 -3450.8291 -3319.3992 -3321.395 -3369.2097 -3372.448 -3312.2349
-3885.239 -3855.0918 -3923.8469 -4103.0195 -4213.3926 -4135.1909 -3982.9192 -3891.687 -3766.1704 -3664.8083 -3723.3401 -3863.8037 -3992.887 -3965.175 -3909.8872 -3924.8193 -3998.3533 -3998.5986 -3939.5278 -3957.0693 -4040.9414 -4081.1038 -4029.9663 -3863.7075 -3699.717 -3684.675 -3762.0427 -3779.5884 -3722.905 -3733.6377 -3759.9768 -3771.874 -3822.6316 -3829.1877 -3768.752 -3666.1902 -3539.7251 -3517.4324 -3549.5029 -3532.6563 -3443.5488 -3429.9536 -3487.3862 -3467.9214 -3483.5554 -3443.5762 -3384.1792 -3387.0767 -3486.4575 -3457.4319 -3378.3757 -3399.8394 -3318.2678 -3259.0334 -3334.1226 -3398.345 -3349.9624
-3825.0283 -3948.6819 -4062.3474 -4153.0869 -4062.5581 -3838.8496 -3688.3096 -3697.1897 -3723.3674 -3764.5854 -3849.3538 -3895.116 -4005.2666 -3983.7959 -3887.9001 -3841.5486 -3946.6091 -4045.8586 -4042.4084 -4051.9602 -4071.0229 -3961.5779 -3811.7239 -3707.4622 -3642.1599 -3684.5742 -3771.0173 -3780.3376 -3743.2986 -3770.125 -3793.5007 -3803.8796 -3857.8762 -3833.8027 -3768.6189 -3676.9727 -3547.0129 -3512.29 -3514.7197 -3460.4006 -3350.136 -3416.2 -3500.7725 -3396.4097 -3399.4983 -3439.7339 -3416.9653 -3370.7646 -3506.0161 -3502.272 -3404.876 -3396.3008 -3319.8225 -3269.9534 -3343.7493 -3421.906 -3358.408
-3857.0122 -4110.8711 -4099.5889 -3969.8738 -3803.1453 -3682.6741 -3687.0818 -3607.5164 -3630.1011 -3759.2651 -3809.0056 -3790.0989 -3881.3298 -3966.0818 -3975.8618 -4025.2246 -4132.958 -4202.1235 -4171.5806 -4069.0029 -3907.2654 -3703.3818 -3691.4258 -3799.043 -3797.2756 -3774.3271 -3821.5789 -3814.1855 -3773.7986 -3788.2554 -3794.592 -3742.179 -3712.8037 -3712.4299 -3728.3782 -3701.7009 -3624.7288 -3564.792 -3562.803 -3522.6001 -3375.6848 -3382.2036 -3402.2571 -3363.2446 -3376.3743 -3426.6777 -3457.3411 -3383.9558 -3429.0017 -3438.6472 -3327.0933 -3242.2258 -3258.0647 -3313.4832 -3361.5144 -3438.9656 -3345.5037
-4068.8408 -4042.0164 -3835.1804 -3819.1091 -3794.0679 -3677.3501 -3759.5793 -3737.1753 -3755.0667 -3836.7898 -3899.3743 -3969.9746 -4001.9238 -4066.25 -4135.3867 -4205.8906 -4234.5864 -4151.2148 -3969.0464 -3822.5872 -3740.8533 -3689.8093 -3765.3879 -3870.0139 -3867.1016 -3827.7236 -3818.7966 -3810.0198 -3796.1133 -3786.1965 -3743.9878 -3675.1421 -3628.8208 -3633.9438 -3679.3489 -3693.5112 -3628.2739 -3543.2468 -3524.0564 -3515.9636 -3464.4377 -3444.2649 -3394.4812 -3367.1177 -3360.793 -3380.5945 -3389.5686 -3389.6348 -3372.4224 -3275.5664 -3222.196 -3216.812 -3320.0527 -3344.0996 -3255.7278 -3304.0503 -3316.4832
-3981.384 -3767.9436 -3654.793 -3781.6555 -3841.9585 -3776.0212 -3826.884 -3790.5605 -3809.9592 -3906.5205 -3962.0278 -4024.2751 -4015.124 -4116.5479 -4240.0781 -4239.2227 -4087.9761 -3865.2534 -3715.3281 -3714.3752 -3774.3047 -3815.5347 -3853.4167 -3916.376 -3891.1729 -3835.3794 -3824.8169 -3794.7908 -3777.1523 -3758.6189 -3672.1189 -3626.5168 -3636.5955 -3626.0564 -3644.0176 -3688.9043 -3659.854 -3590.6919 -3491.0168 -3454.2029 -3480.5674 -3433.3877 -3382.6907 -3355.4124 -3405.521 -3455.7563 -3349.0161 -3341.7783 -3380.7375 -3310.0996 -3254.6399 -3281.5671 -3454.4153 -3450.0745 -3355.9238 -3364.1567 -3393.4373
-3838.3438 -3707.2083 -3696.3206 -3776.6794 -3841.2156 -3843.2627 -3766.4402 -3781.3596 -3861.0632 -3914.3745 -4060.2275 -4151.1699 -4111.0903 -4259.3267 -4288.3926 -4073.0859 -3843.5112 -3684.9622 -3689.062 -3812.4856 -3877.8037 -3840.3057 -3786.9602 -3811.4241 -3788.7791 -3792.8103 -3845.9487 -3792.75 -3745.3906 -3742.3657 -3673.4617 -3597.7227 -3589.2395 -3665.6738 -3750.0972 -3751.7581 -3675.8259 -3601.6819 -3510.5483 -3458.5151 -3455.502 -3426.2803 -3452.2817 -3389.615 -3397.2849 -3438.886 -3297.731 -3238.5278 -3339.0125 -3446.6147 -3385.4304 -3371.2097 -3483.2336 -3396.2471 -3428.5598 -3475.0493 -3356.9417
-3845.5181 -3857.0896 -3834.0117 -3831.4604 -3835.0503 -3863.2505 -3803.7578 -3908.4382 -4027.5293 -4109.8501 -4246.6265 -4262.5522 -4239.6113 -4269.667 -4096.9673 -3875.2004 -3799.7805 -3778.2617 -3787.2415 -3797.9468 -3851.4597 -3855.6384 -3780.9702 -3753.5686 -3743.4407 -3769.8682 -3809.9856 -3779.864 -3743.2039 -3753.9622 -3718.312 -3581.3918 -3489.5264 -3581.5708 -3670.3403 -3634.6721 -3581.3066 -3559.1433 -3519.7354 -3493.8333 -3457.9429 -3367.1868 -3366.7007 -3386.4458 -3380.1704 -3328.656 -3269.3789 -3239.7764 -3288.9529 -3427.5042 -3400.5105 -3501.0132 -3424.4749 -3102.7393 -3222.2065 -3452.5046 -3326.9868
-3911.5483 -3921.9407 -3980.2559 -3982.8098 -3972.0735 -3980.8491 -3985.7021 -4093.8792 -4226.6436 -4257.4678 -4261.354 -4171.3999 -4100.1992 -4047.7014 -3947.4231 -3914.1235 -3907.8303 -3846.3418 -3805.844 -3788.1868 -3810.9915 -3811.7827 -3776.2781 -3765.929 -3760.9082 -3745.3538 -3753.3967 -3764.7976 -3761.6545 -3734.0649 -3666.7405 -3555.0071 -3486.3005 -3575.7029 -3644.4775 -3571.8154 -3518.0078 -3529.8682 -3478.0984 -3401.2493 -3447.5979 -3404.4802 -3323.7559 -3348.1038 -3307.9441 -3213.2292 -3330.26 -3389.8994 -3319.5764 -3367.1262 -3459.4875 -3626.9146 -3296.9775 -2791.7166 -2985.0889 -3376.929 -3318.957
-4035.1711 -3991.4204 -4019.4453 -4073.1929 -4112.2031 -4105.4277 -4023.7893 -4063.0203 -4220.0776 -4228.1196 -4127.0859 -3974.1414 -3873.9004 -3869.7825 -3896.7217 -3910.2251 -3922.7417 -3887.1218 -3831.0957 -3781.0605 -3768.75 -3737.8257 -3722.9941 -3763.0991 -3764.0195 -3701.1577 -3672.7434 -3703.9668 -3729.0322 -3697.2249 -3653.9365 -3580.7034 -3511.4736 -3588.0293 -3685.0601 -3621.0959 -3529.0486 -3507.3435 -3515.5688 -3475.8325 -3455.1223 -3402.5686 -3336.625 -3384.1895 -3344.4751 -3224.9985 -3351.3289 -3379.2114 -3323.2185 -3397.0457 -3458.908 -3619.6162 -3538.3003 -3249.9917 -3248.3508 -3354.7627 -3261.2671
-4108.4312 -4130.0801 -4101.0435 -4100.2651 -4100.6548 -4087.3333 -3969.6763 -3808.292 -3853.3152 -3850.2297 -3714.1301 -3658.2112 -3690.4409 -3763.9263 -3838.1794 -3839.7549 -3827.7048 -3880.1873 -3898.9199 -3796.8289 -3727.7871 -3722.6328 -3743.6106 -3737.9443 -3726.895 -3722.4456 -3689.6777 -3650.4458 -3636.656 -3613.4417 -3619.6621 -3660.7048 -3640.0269 -3657.2446 -3698.9817 -3623.4563 -3508.6487 -3423.417 -3504.7966 -3576.8481 -3489.6494 -3410.8911 -3376.6265 -3388.6514 -3333.9653 -3302.7041 -3460.8674 -3408.5505 -3351.4949 -3512.4023 -3504.6919 -3514.1406 -3606.2305 -3520.3367 -3369.4768 -3260.1511 -3204.48
-4105.7725 -4142.0757 -4153.3745 -4113.6206 -4046.5745 -4010.0945 -3912.6467 -3690.8 -3627.5271 -3590.2097 -3601.4919 -3684.509 -3726.2256 -3724.9275 -3767.6934 -3798.4773 -3764.9045 -3779.3931 -3800.626 -3738.9167 -3695.1414 -3712.385 -3756.127 -3724.0291 -3712.7793 -3740.6572 -3712.9236 -3656.637 -3626.7097 -3637.3218 -3702.1384 -3766.2698 -3728.2544 -3682.592 -3666.1843 -3611.5852 -3545.343 -3488.3247 -3542.4495 -3559.7915 -3471.6499 -3382.4634 -3300.4617 -3330.491 -3420.1204 -3398.3235 -3460.2996 -3501.2012 -3385.9175 -3444.2539 -3529.5793 -3447.8054 -3395.5457 -3386.6113 -3273.6951 -3210.8118 -3292.894
-4151.5283 -4170.8872 -4201.418 -4165.79 -4034.8096 -3909.1692 -3796.3008 -3681.4685 -3677.231 -3663.4341 -3702.3254 -3756.0828 -3752.782 -3733.0952 -3745.4839 -3765.5793 -3768.8977 -3737.2246 -3751.3154 -3800.8472 -3748.1741 -3647.4358 -3671.2659 -3745.4583 -3757.1475 -3740.1355 -3748.7473 -3741.5459 -3674.4377 -3627.5608 -3688.926 -3721.4805 -3678.0283 -3693.2747 -3705.5698 -3629.021 -3521.8506 -3460.0061 -3474.3604 -3467.0391 -3459.6262 -3379.6055 -3289.2939 -3345.3301 -3376.3975 -3316.9683 -3400.9194 -3483.4077 -3397.7815 -3381.9492 -3407.8291 -3341.6731 -3329.645 -3295.3784 -3216.2588 -3230.217 -3355.3574
-4164.9956 -4213.1636 -4166.4067 -4043.3728 -3920.7002 -3861.6677 -3847.699 -3784.3225 -3803.4197 -3845.3132 -3834.0159 -3776.8816 -3764.9729 -3750.1814 -3705.54 -3719.7642 -3758.825 -3749.7678 -3771.1094 -3865.1614 -3803.9561 -3654.4758 -3684.1836 -3773.7231 -3789.5496 -3774.5566 -3760.376 -3743.8857 -3733.509 -3699.6064 -3661.6333 -3622.2339 -3624.9297 -3753.0305 -3828.5564 -3692.8867 -3512.9517 -3423.5625 -3391.6243 -3376.7334 -3433.6887 -3439.1182 -3443.5137 -3454.2778 -3283.0039 -3275.3604 -3418.4468 -3416.2239 -3444.1494 -3432.0493 -3265.4248 -3118.3232 -3315.885 -3343.0132 -3284.6333 -3329.7776 -3251.6563
-4093.4446 -4142.7993 -4004.7527 -3821.9275 -3767.6145 -3823.0024 -3869.5378 -3853.0149 -3811.1501 -3823.0823 -3832.8054 -3804.9167 -3798.2981 -3761.9082 -3698.4158 -3704.7603 -3703.8074 -3715.6768 -3738.6392 -3820.8083 -3805.7253 -3713.6775 -3725.5076 -3714.8726 -3729.0029 -3771.6772 -3699.2153 -3617.2229 -3649.6165 -3645.1624 -3616.1814 -3653.821 -3679.8245 -3727.5388 -3767.5225 -3671.6428 -3583.5886 -3512.2917 -3418.7117 -3396.3784 -3481.1306 -3513.2146 -3513.8479 -3533.1912 -3451.4961 -3454.3188 -3391.6321 -3333.8547 -3478.1633 -3452.2385 -3140.0225 -2981.0732 -3290.6309 -3478.9243 -3416.8303 -3383.6575 -3194.4795
-3933.0088 -3915.4238 -3768.3508 -3681.8762 -3737.4365 -3852.4421 -3887.8279 -3879.9888 -3832.3425 -3770.7207 -3770.2078 -3841.04 -3802.5513 -3709.4275 -3725.4727 -3767.7798 -3740.4309 -3720.1821 -3719.8315 -3774.73 -3774.4207 -3761.3237 -3811.24 -3795.6772 -3745.9509 -3746.5564 -3738.9368 -3677.6843 -3641.7847 -3599.4067 -3634.5122 -3738.074 -3698.5278 -3629.5779 -3638.592 -3554.1091 -3563.2803 -3553.7388 -3436.1895 -3425.0657 -3534.8252 -3476.6238 -3374.8977 -3476.9524 -3578.6924 -3615.1157 -3487.5332 -3424.7463 -3452.2046 -3357.6619 -3100.1802 -3098.3203 -3330.1855 -3472.0735 -3394.0393 -3400.5723 -3407.948
-3734.688 -3694.7009 -3686.4861 -3711.2107 -3781.5 -3900.8398 -3920.4854 -3881.0828 -3833.1021 -3761.6152 -3731.1921 -3805.8174 -3794.3408 -3716.0684 -3687.5835 -3722.8623 -3810.7527 -3788.634 -3741.1836 -3741.9678 -3740.5828 -3766.8743 -3768.7605 -3770.9548 -3732.3398 -3677.5859 -3714.9321 -3745.9048 -3726.6953 -3663.7534 -3664.2051 -3698.3008 -3604.0422 -3508.7947 -3546.937 -3528.5466 -3592.0532 -3601.5879 -3481.4319 -3483.4741 -3592.8184 -3528.0869 -3413.3176 -3501.1716 -3629.8469 -3658.9553 -3467.2124 -3225.4824 -3119.6218 -3260.6323 -3298.2832 -3310.468 -3333.0542 -3351.53 -3238.1228 -3308.2512 -3434.4412
-3587.4099 -3670.5291 -3779.0823 -3796.0696 -3801.4307 -3842.845 -3887.3928 -3870.1377 -3798.2708 -3765.3215 -3727.1069 -3711.6375 -3758.0637 -3813.9648 -3685.874 -3625.2742 -3809.3589 -3859.0242 -3809.8257 -3752.2854 -3726.9333 -3724.7615 -3669.7563 -3709.6499 -3740.3806 -3669.3267 -3665.1497 -3718.1682 -3739.9573 -3680.0127 -3627.8032 -3619.6074 -3581.9607 -3506.7258 -3510.5493 -3559.8086 -3633.4148 -3669.8376 -3582.645 -3533.5916 -3600.2881 -3602.8564 -3539.2832 -3562.2019 -3596.7324 -3445.6748 -3081.9346 -2824.3066 -2943.52 -3269.9739 -3353.7068 -3397.3638 -3420.8164 -3414.4023 -3323.8958 -3308.2642 -3340.5713
-3618.8408 -3723.4514 -3778.7659 -3794.176 -3799.5432 -3805.9158 -3845.0513 -3841.4399 -3762.1721 -3766.2703 -3735.272 -3670.8057 -3735.4495 -3833.9897 -3760.2544 -3720.3369 -3796.2112 -3822.2698 -3806.3276 -3767.3032 -3752.395 -3720.738 -3674.1755 -3690.9814 -3694.4014 -3683.9365 -3717.7012 -3721.4604 -3697.6345 -3676.314 -3634.5 -3605.2373 -3604.9863 -3515.3232 -3444.2852 -3498.7546 -3608.0784 -3747.6113 -3678.2996 -3400.3994 -3382.7085 -3522.8574 -3538.8499 -3555.2937 -3535.199 -3221.1794 -2918.4817 -3015.196 -3309.3748 -3358.0444 -3294.9575 -3409.4026 -3472.8083 -3486.4438 -3438.5483 -3370.082 -3338.925
-3660.637 -3702.6013 -3716.3054 -3732.2043 -3761.5601 -3814.0588 -3841.1997 -3839.9028 -3747.7898 -3749.7183 -3747.7781 -3673.0286 -3717.2058 -3808.3384 -3826.3254 -3802.3169 -3730.3682 -3714.4932 -3775.283 -3780.0457 -3758.5649 -3721.4712 -3686.0728 -3662.3831 -3593.8779 -3586.9626 -3710.3831 -3716.6841 -3646.4956 -3641.4133 -3603.6951 -3583.0229 -3603.7119 -3531.6265 -3438.6177 -3480.5674 -3627.5208 -3770.3137 -3608.5044 -3113.0349 -3061.6846 -3368.5562 -3514.0974 -3551.8533 -3554.7327 -3365.5991 -3298.2698 -3438.2429 -3486.4338 -3408.9573 -3347.584 -3322.2097 -3312.3521 -3464.3379 -3478.3198 -3382.3274 -3392.5457
-3634.9006 -3697.4348 -3735.5603 -3683.9592 -3745.7351 -3791.8271 -3776.5955 -3800.0925 -3696.2744 -3689.937 -3749.3958 -3675.7417 -3668.9111 -3767.783 -3854.2869 -3860.0581 -3783.363 -3756.2756 -3801.2439 -3797.8513 -3769.6245 -3743.2542 -3720.6951 -3699.9653 -3625.3862 -3577.3613 -3663.5115 -3696.6677 -3670.8047 -3660.6904 -3636.1196 -3641.3809 -3643.2263 -3604.2937 -3542.1255 -3537.3059 -3582.1709 -3657.1418 -3556.7158 -3258.9338 -3235.3931 -3376.3835 -3437.8345 -3507.9971 -3616.5679 -3582.3738 -3454.4739 -3422.1084 -3400.7842 -3418.9893 -3284.0964 -3169.6428 -3281.2278 -3466.8511 -3414.8933 -3338.8379 -3487.9258
