Resources/Map/Lvl0_30x30/Ele_FB.asc
ncols         335
nrows         335
xllcorner     -16695000
yllcorner     -10075000
cellsize      10000
nodata_value  -99999.0
[rows 135 to 161 of 335, columns 183 to 243 of 335]
-3486.5366 -3416.6279 -3352.6426 -3290.6855 -3241.5823 -3224.0239 -3226.7747 -3211.2288 -3145.9714 -3054.1953 -2994.3381 -3021.0256 -3141.3479 -3279.7002 -3344.9451 -3308.4473 -3230.7502 -3143.6316 -3038.7017 -2912.4841 -2794.2407 -2724.4604 -2712.4297 -2737.8904 -2775.0903 -2807.0581 -2828.1211 -2843.5242 -2875.3445 -2929.0601 -2981.2251 -3007.2227 -2996.0576 -2944.9326 -2875.3545 -2815.4861 -2761.5383 -2695.7891 -2628.8682 -2605.9377 -2660.4929 -2779.1958 -2871.0149 -2865.0925 -2777.1897 -2672.5356 -2593.4949 -2535.7629 -2491.8445 -2470.2222 -2481.998 -2529.5427 -2585.1912 -2608.3833 -2577.4709 -2518.3096 -2477.7209 -2477.1433 -2484.5288 -2456.5005 -2386.9399
-3403.271 -3267.0854 -3177.011 -3143.2556 -3149.3071 -3156.1394 -3115.718 -3022.3601 -2909.6323 -2834.1606 -2825.75 -2885.5105 -2986.9551 -3084.3984 -3143.1133 -3159.2559 -3146.3342 -3092.7261 -2987.4019 -2871.4585 -2786.7158 -2754.6294 -2761.168 -2797.4543 -2852.5232 -2893.365 -2882.4883 -2804.4131 -2694.2727 -2593.8975 -2517.3896 -2467.4119 -2449.3743 -2465.5645 -2510.7461 -2570.8086 -2615.074 -2614.4336 -2581.4727 -2565.699 -2610.927 -2716.7908 -2807.606 -2812.1353 -2727.6343 -2603.7446 -2502.3005 -2455.0503 -2460.5537 -2483.9172 -2489.8333 -2469.4761 -2449.7051 -2442.4622 -2425.0718 -2380.3816 -2346.6128 -2367.5537 -2420.6548 -2431.9436 -2382.0498
-3262.9468 -3182.3396 -3140.2078 -3118.2764 -3098.657 -3061.6746 -2983.2 -2865.063 -2741.7917 -2666.0923 -2664.7158 -2721.0762 -2784.0386 -2824.3369 -2871.1968 -2984.2053 -3123.6423 -3169.467 -3035.4109 -2833.0767 -2672.5374 -2595.3521 -2569.0662 -2586.2363 -2643.3237 -2701.2659 -2717.0498 -2668.0928 -2569.4346 -2445.0256 -2320.6208 -2238.0461 -2224.0115 -2270.4978 -2344.2334 -2415.843 -2476.4463 -2532.1389 -2592.239 -2650.2773 -2689.4146 -2700.2627 -2676.8108 -2607.6951 -2475.3604 -2302.698 -2175.5508 -2151.7429 -2212.248 -2253.9856 -2208.0076 -2108.4255 -2063.001 -2093.9556 -2160.1375 -2190.2966 -2180.6436 -2168.7485 -2180.2539 -2192.7056 -2193.2441
-3231.9807 -3207.6672 -3150.2864 -3046.5071 -2926.1702 -2832.092 -2766.9702 -2705.0293 -2635.7356 -2585.0491 -2578.5789 -2612.4927 -2639.1575 -2629.1318 -2622.1501 -2699.3511 -2824.0571 -2860.7644 -2717.6189 -2515.4548 -2369.4797 -2310.8518 -2287.2893 -2273.5439 -2268.6499 -2281.9265 -2325.5063 -2396.3435 -2454.4045 -2448.9075 -2382.3816 -2322.426 -2313.3489 -2334.5479 -2344.9312 -2336.2 -2349.9563 -2431.5156 -2542.2124 -2619.8191 -2634.5217 -2580.9346 -2491.3311 -2417.0002 -2356.6599 -2292.6201 -2279.103 -2365.7734 -2488.1729 -2476.1655 -2260.5046 -1961.8104 -1789.3999 -1785.7582 -1908.2203 -2041.5099 -2104.647 -2083.1301 -2030.2563 -2001.8469 -1998.5305
-3100.2278 -3068.5054 -3046.2441 -3043.8062 -3057.4692 -3042.2886 -2948.2332 -2784.4507 -2606.8469 -2485.9438 -2442.4648 -2463.1541 -2496.9429 -2504.3511 -2481.6785 -2450.5793 -2422.6338 -2383.9075 -2332.7815 -2292.741 -2273.9441 -2266.4719 -2248.2861 -2206.4482 -2155.4299 -2134.6523 -2164.1187 -2221.1948 -2251.3784 -2231.854 -2206.0146 -2228.9929 -2277.7151 -2279.4111 -2211.6582 -2134.53 -2132.4497 -2230.4805 -2310.1553 -2309.6245 -2268.8418 -2195.5251 -2081.1157 -1994.8951 -1978.0242 -2005.506 -2051.5432 -2123.2224 -2183.5518 -2147.8533 -1989.2996 -1766.4401 -1603.2386 -1556.9822 -1623.2407 -1743.0259 -1833.7574 -1848.5201 -1801.792 -1755.6489 -1723.3092
-2882.2795 -2899.8076 -2963.3484 -3059.7085 -3142.2864 -3141.3533 -3038.9634 -2881.6177 -2724.2349 -2588.4614 -2481.6934 -2420.125 -2415.0313 -2444.7004 -2469.0894 -2437.2825 -2356.4844 -2274.6863 -2235.9414 -2213.8303 -2175.3486 -2125.71 -2093.4739 -2086.3748 -2100.1501 -2125.7446 -2150.8086 -2151.2292 -2106.4854 -2025.6477 -1954.0676 -1923.9031 -1905.4185 -1845.7762 -1746.2061 -1661.9796 -1627.6027 -1624.8901 -1589.2772 -1492.8683 -1381.5155 -1293.7635 -1184.2141 -1083.0087 -1029.3656 -1007.271 -988.2927 -984.0846 -996.8114 -1031.1179 -1081.0385 -1069.2706 -1045.9034 -1065.9558 -1132.3845 -1206.5503 -1252.9125 -1257.3143 -1229.9647 -1201.703 -1205.8882
-2569.417 -2635.6814 -2749.3811 -2847.7285 -2889.1914 -2871.698 -2836.0564 -2804.8428 -2757.1475 -2653.9902 -2507.7708 -2367.52 -2288.479 -2275.6545 -2292.1509 -2291.7097 -2266.3989 -2239.6646 -2224.3018 -2188.0125 -2106.8633 -1996.5668 -1899.8702 -1843.3124 -1827.0492 -1818.0652 -1788.6179 -1727.4003 -1642.7516 -1536.9246 -1406.433 -1263.1006 -1126.6361 -1007.0851 -910.7393 -843.7132 -804.546 -775.2723 -728.1692 -639.6676 -547.5028 -514.5006 -493.0303 -477.8168 -486.3767 -488.5938 -478.2666 -487.2252 -501.4631 -541.6428 -624.4585 -622.9457 -594.8953 -607.3729 -652.4638 -689.174 -713.0453 -726.9613 -729.0082 -720.4835 -728.1993
-2542.3435 -2526.6704 -2574.1252 -2631.5234 -2649.9285 -2621.5286 -2583.1423 -2549.8777 -2491.4773 -2375.7993 -2221.5964 -2084.5415 -2020.3055 -2026.0179 -2068.0159 -2113.2734 -2141.8984 -2142.8994 -2081.8787 -1950.1384 -1778.4523 -1582.6857 -1376.6487 -1193.1581 -1064.8446 -993.1895 -962.1899 -939.8412 -884.5777 -779.717 -647.4128 -540.0267 -482.1758 -451.8197 -419.0566 -391.3397 -400.218 -439.9539 -458.6607 -416.783 -349.106 -324.9224 -373.4284 -458.3253 -535.1141 -567.1017 -554.3337 -530.503 -505.1541 -500.9763 -520.5872 -513.8813 -507.3496 -524.0876 -554.5016 -580.7739 -609.1765 -632.2176 -640.6844 -632.5549 -588.2639
-2629.9177 -2440.5024 -2298.2021 -2289.2444 -2352.3508 -2382.3848 -2382.001 -2376.5876 -2347.554 -2254.6919 -2125.9338 -2027.8225 -2044.0745 -2121.3169 -2166.1177 -2099.1707 -1950.8815 -1759.6986 -1530.2737 -1266.623 -1029.9866 -862.996 -710.4217 -581.4935 -491.8445 -449.7339 -459.6523 -495.0481 -502.6129 -465.2726 -412.2831 -384.8196 -384.3565 -378.6265 -351.392 -330.5281 -355.9121 -416.8983 -455.045 -423.3357 -350.5322 -310.6813 -345.6016 -422.6506 -491.5935 -523.267 -522.1619 -510.6725 -501.5719 -499.7517 -498.8336 -506.5433 -529.0449 -553.4295 -572.0376 -592.4135 -626.5505 -661.8467 -675.7319 -660.501 -592.6796
-2559.4197 -2348.1611 -2094.0029 -1983.5305 -2062.1638 -2137.8987 -2190.2898 -2226.4719 -2186.8486 -2073.7007 -1939.9445 -1860.2717 -1863.0175 -1873.6682 -1793.5055 -1570.3455 -1281.2732 -1013.2383 -796.7727 -615.4977 -504.4909 -501.5454 -500.3917 -458.6378 -384.9299 -334.5283 -352.4151 -415.4514 -460.0514 -470.0188 -463.4982 -453.6877 -435.81 -408.3579 -387.3351 -390.5751 -417.6078 -452.9242 -482.9362 -484.6211 -453.0779 -415.3471 -403.5851 -419.2758 -445.2409 -473.8092 -504.2636 -527.0352 -528.9695 -522.8081 -519.5713 -523.6901 -535.6733 -533.4553 -525.3674 -532.8397 -581.9766 -665.4722 -705.1005 -697.7073 -629.6989
-2340.4006 -2170.3069 -1944.2393 -1758.1556 -1715.927 -1728.5835 -1766.3179 -1792.5577 -1732.2253 -1612.4602 -1474.097 -1367.6809 -1267.3901 -1162.0627 -1030.3817 -851.8878 -657.3727 -533.2611 -477.7059 -442.4445 -453.5719 -483.8338 -479.5173 -418.0633 -341.3142 -310.6631 -346.2233 -417.0262 -473.6331 -501.6981 -508.4344 -498.0722 -469.8311 -435.0671 -420.4133 -441.1084 -471.0502 -484.2774 -494.2523 -503.8901 -505.2998 -500.1935 -492.8467 -480.9656 -465.137 -460.7836 -476.5191 -496.1852 -496.7259 -487.3757 -491.0356 -516.2583 -551.3439 -559.9725 -554.1493 -556.8312 -590.0526 -655.4366 -714.6556 -736.9084 -703.1157
-1894.152 -1664.6526 -1421.6476 -1207.0641 -1079.9008 -1061.5597 -1087.2627 -1102.1642 -1090.8077 -1049.7085 -960.9471 -855.5651 -738.2702 -649.2607 -592.0141 -531.5251 -472.054 -451.5273 -456.3385 -456.9123 -467.8513 -437.2204 -374.6209 -309.2323 -290.1718 -328.4956 -394.9852 -456.8801 -499.3485 -526.2715 -544.494 -555.5883 -556.4433 -543.7411 -521.3102 -506.9989 -507.3183 -504.6925 -496.9897 -495.5805 -509.1903 -531.5204 -541.1293 -526.2991 -488.7107 -461.7762 -465.7693 -486.72 -496.3617 -489.5013 -490.6368 -531.0225 -580.281 -604.0997 -616.279 -634.9015 -652.0064 -664.0816 -712.0596 -753.5331 -760.7233
-1210.24 -1109.4718 -940.3234 -728.4669 -568.8548 -540.4651 -551.9463 -566.845 -585.6584 -597.7663 -575.2758 -541.0703 -506.7672 -492.217 -480.2672 -445.0648 -406.9565 -388.5503 -395.4954 -407.6971 -414.4411 -398.4594 -379.6828 -373.488 -392.6808 -432.7012 -474.6015 -499.7793 -506.256 -512.7205 -539.8009 -585.0118 -624.904 -637.9201 -619.3688 -586.986 -558.991 -533.249 -496.0698 -460.3901 -462.4157 -505.178 -546.416 -564.508 -561.9141 -559.433 -568.7883 -579.5208 -582.9597 -581.1568 -578.6509 -595.0679 -615.275 -624.4148 -627.2028 -645.3649 -674.1249 -687.143 -709.8605 -732.771 -744.5068
-693.6312 -699.2934 -643.0466 -531.9498 -411.3237 -349.9924 -327.7302 -340.9033 -376.0156 -403.3742 -410.2956 -410.4406 -421.3856 -435.2137 -433.2319 -398.2219 -347.1052 -307.4762 -303.6736 -321.5907 -350.0607 -393.9361 -454.3973 -513.2014 -549.5599 -565.1599 -560.5928 -527.8392 -471.4771 -426.856 -433.4356 -486.121 -546.2479 -583.9091 -597.3181 -602.5266 -597.1693 -573.2851 -532.0084 -485.7948 -481.4934 -520.9303 -560.828 -582.7484 -597.6418 -617.4288 -630.9121 -638.2034 -643.3764 -649.3711 -646.6464 -644.455 -651.064 -659.5313 -656.2959 -664.8748 -697.3438 -720.0696 -724.6754 -730.1865 -738.9975
-487.6225 -483.64 -455.1481 -420.9762 -354.9795 -299.5134 -281.2493 -301.803 -349.9999 -393.6274 -418.0368 -421.0016 -406.9571 -383.1814 -357.9081 -330.4661 -300.5603 -276.4807 -275.7869 -297.2648 -335.29 -390.9846 -457.9062 -519.1736 -552.4294 -555.4339 -535.2413 -495.0051 -440.5998 -398.1618 -395.9687 -427.0053 -468.8239 -510.8693 -551.5559 -589.5166 -609.2693 -601.0828 -586.0166 -566.3438 -572.5327 -596.9427 -611.9449 -617.312 -624.7239 -642.2806 -657.3922 -667.9902 -679.2644 -695.7578 -706.8295 -701.8804 -690.3759 -681.8189 -677.6099 -689.9688 -719.4715 -738.9631 -735.1591 -721.78 -715.4872
-342.4328 -396.1962 -416.0325 -399.2442 -372.8672 -349.8364 -342.7895 -359.9055 -406.7147 -451.4164 -485.1555 -484.3698 -434.0673 -361.5054 -297.4604 -260.2005 -244.4195 -247.9767 -271.6004 -314.7742 -368.4808 -417.1918 -452.9842 -478.8479 -492.7946 -493.6392 -490.6616 -489.2365 -484.4439 -476.1473 -477.26 -495.2311 -534.094 -595.9807 -661.4629 -696.7523 -686.8574 -651.594 -634.1163 -622.3248 -621.248 -633.4921 -647.7665 -660.4327 -668.9482 -672.6891 -677.9341 -683.0887 -708.7973 -739.8311 -755.1741 -752.0588 -732.7944 -696.6714 -686.7429 -711.7831 -743.7933 -752.4869 -733.7637 -707.4482 -689.9824
-231.548 -297.9281 -354.2968 -372.8472 -383.7385 -398.4334 -421.7262 -468.2412 -532.3018 -587.1157 -632.3799 -665.7186 -666.7776 -616.2672 -503.0101 -351.0614 -228.6309 -187.5379 -238.7561 -337.7535 -437.3319 -501.2209 -532.5006 -548.8138 -560.2592 -565.5995 -564.0565 -561.3376 -558.201 -552.2088 -548.4542 -557.7972 -592.3167 -652.2567 -706.2598 -723.8309 -707.5068 -682.024 -671.9727 -666.8987 -661.8994 -663.2231 -664.7352 -666.6531 -672.0162 -689.523 -697.181 -708.6711 -736.9994 -763.9687 -772.1869 -775.5703 -773.6484 -749.9598 -740.7101 -755.6606 -765.2664 -749.6971 -715.9689 -685.7798 -676.5819
-298.0947 -311.1215 -329.0991 -351.8315 -370.6272 -399.2997 -444.7354 -525.132 -609.294 -644.8732 -670.1132 -707.6398 -751.5302 -754.6815 -658.3254 -477.2662 -320.37 -269.072 -341.8472 -456.7411 -549.6605 -590.371 -604.1751 -617.4406 -635.6433 -642.7132 -629.8742 -603.142 -573.0978 -546.2639 -526.9838 -527.2818 -556.0189 -610.1546 -658.0209 -679.6112 -683.4666 -685.6573 -694.1627 -704.1621 -708.4714 -706.5425 -699.166 -694.8787 -702.003 -713.1793 -724.4216 -745.6682 -769.5873 -793.7103 -811.8849 -818.6681 -812.0897 -789.7809 -759.9845 -736.7997 -714.3331 -680.4723 -653.1571 -636.184 -645.8584
-364.3005 -368.4189 -360.6237 -348.6378 -361.1465 -389.2303 -425.3428 -472.7904 -515.2453 -502.8169 -522.8501 -550.9271 -551.9769 -535.8043 -484.6942 -393.1958 -323.8151 -329.8209 -407.6309 -494.7484 -570.3734 -605.8265 -623.09 -647.1347 -686.1633 -710.8149 -684.1016 -607.8828 -522.1055 -454.8012 -413.2454 -408.1949 -454.5488 -544.5035 -634.0808 -689.1812 -713.5772 -730.1989 -747.038 -762.0347 -771.7305 -772.7047 -767.8964 -769.8609 -772.449 -754.1046 -780.4075 -810.2574 -844.6079 -884.2226 -899.849 -874.0815 -832.0342 -793.7306 -762.5329 -729.0922 -678.313 -625.8588 -584.1052 -576.9293 -593.3674
-366.9352 -362.6173 -340.4839 -308.0762 -320.3128 -346.3271 -356.336 -358.7563 -363.008 -356.7504 -377.632 -405.8037 -386.0976 -360.5305 -347.8496 -310.2592 -283.0777 -283.408 -292.5275 -318.9209 -357.6613 -388.8566 -426.162 -467.9592 -512.2408 -537.0881 -524.238 -483.4646 -456.1802 -458.6691 -473.6444 -497.6057 -534.8546 -579.7956 -633.5777 -667.1954 -686.6226 -723.8013 -744.7303 -761.3251 -769.7806 -770.5458 -758.6036 -788.7046 -797.4711 -785.0715 -808.1556 -839.2543 -889.3074 -912.3772 -872.4394 -825.8979 -806.6914 -788.2869 -778.6665 -756.4457 -695.2549 -583.3301 -448.4372 -399.3043 -386.5372
-482.5909 -447.4822 -386.643 -333.8871 -335.3572 -366.4611 -360.8154 -328.0703 -280.8534 -266.5135 45 -276.6499 -231.2802 -228.303 -248.4291 -222.119 -191.799 131.2632 561.2256 658.6404 316.6654 235.3787 56 -296.4315 -305.4315 -343.6694 -380.4625 -373.5366 -387.0259 -476.0375 -533.9814 -479.6058 -402.9623 -360.8755 -356.1133 -347.6634 -322.709 -340.63 -349.7021 -360.4688 -368.7087 -400.3522 -466.9457 -676.1697 -809.3477 -805.2804 -793.2307 -797.572 -763.1837 -758.0305 -712.0049 -656.5425 -547.4703 -593.977 -550.6503 -508.2575 -448.4833 -357.1979 22.2304 36.4076 157.9281
-672.3193 -629.3566 -598.49 -555.3569 -506.216 -461.5645 -390.3783 78.9209 83.4009 140.2904 151.12 147.259 -258.3769 -249.8114 -239.6408 -236.7495 24.8804 137.769 189.885 243.2399 245.6767 281.8686 317.442 322.8759 364.0227 361.1827 328.6132 229.9917 121.6539 -276.4858 -319.9095 -271.8546 -219.0141 -182.0892 -153.3077 -127.1446 -97.8327 -85.7142 -81.3642 -82.8252 -84.4374 -97.3167 -127.0982 -248.0648 -372.2408 -536.3842 -581.4093 -427.8231 -261.1978 -275.6879 -236.7566 -205.6207 -169.0741 -187.7628 -177.0937 -171.9398 -174.0041 -179.0677 -176.8526 -188.3799 14
-711.1573 -700.6031 -698.4579 -682.1166 -627.2859 -552.6911 -498.5353 -476.1685 -433.2018 -383.1282 -354.8949 -357.2003 -360.2091 -357.5603 -357.7353 -360.2503 -362.0667 -356.4669 -348.3983 -342.6264 47.9378 53.1661 47.2127 -294.3557 127.3252 166.9473 187.8779 147.6968 -243.3986 -271.6984 -281.4726 -271.0946 -259.7795 -244.5419 -225.8083 -207.9009 -190.1219 -172.7703 -154.9328 -131.2995 -102.2584 -77.4145 -65.7001 -80.2074 -106.9313 -157.6872 -172.4818 -126.1608 -80.5019 -85.5776 -78.9164 -77.6161 -80.1484 -88.1968 -108.9445 -140.0138 -177.3526 -215.271 -243.9472 -260.3371 -272.539
-690.8135 -700.7506 -699.6848 -677.7095 -640.1541 -590.1539 -538.4738 -486.2766 -429.5001 -378.9706 -354.8576 -354.5212 -365.7024 -377.6133 -381.9073 5.5978 2.8313 4.9082 8.349 16.1387 26.0948 23.5908 6.135 -409.6451 -387.7886 -364.7667 -352.9239 -355.7341 -361.0215 -355.6125 -341.2053 -329.152 -320.3058 -311.3855 -303.076 -295.1808 -284.1068 -268.2643 -244.506 -203.4854 -151.5345 -104.4892 -72.1692 -57.384 -53.5169 -52.6394 -52.9449 -52.9216 -54.0085 -62.2479 -78.0011 -91.0668 -98.1163 -109.4281 -139.4033 -180.726 -213.9633 -232.827 -253.1292 -267.7698 -274.1484
-508.582 -485.4025 -454.9418 -427.0056 -386.0015 -339.0642 -303.7709 -270.1675 -233.9192 -209.3749 -201.6478 -205.3791 -214.7673 -230.0492 -243.6297 -249.2165 -259.2908 -280.4744 -298.9602 -312.5282 -322.6898 -331.9395 -342.8538 -357.0436 -365.6331 -362.7993 -361.0316 -365.0401 2.3145 -361.3292 -349.9023 -335.4745 -320.611 -304.6429 -281.7421 -258.5706 -232.0757 -191.667 -148.0848 -113.2198 -83.2418 -56.9651 -40.0831 -33.8836 -31.4116 -28.231 -26.2361 -27.8402 -35.3004 -50.3334 -69.4265 -85.9165 -98.5425 -110.0428 -127.2189 -147.4109 -164.7861 -174.772 -181.1694 -178.6521 -171.5212
41.0692 62.8228 65.1893 55.1584 73.061 81.3001 145.6405 118.9668 123.5749 124.2998 104.9666 112.8311 117.0698 88.9296 95.7271 170.1387 218.1544 246.0196 227.344 168.8465 68.6859 112.2115 107.5595 61.6398 84.258 78.5044 62.7525 87.1465 80.9586 68.3245 68.3396 49.5705 41.8462 -242.6067 -211.7621 -179.9757 -147.2165 -114.4189 -86.5825 -60.7148 -38.251 -27.4514 -25.7199 -26.8664 -31.3493 -34.9154 66.5928 28.4787 -35.1714 32.2214 28.8944 36.7015 40.031 63.9487 117.2072 196.1673 234.6468 278.7346 327.8841 337.2431 330.7841
221.3398 286.3246 328.3297 315.6211 339.9408 337.7926 381.768 372.0788 420.2959 352.0359 361.2954 354.7135 383.5642 393.1415 410.0599 439.822 450.8749 439.9745 444.4562 436.4521 410.0686 388.7968 340.9133 327.7125 308.4416 294.9087 286.3801 254.9507 266.9969 271.7317 237.1967 253.1483 295.3888 285.5558 234.6662 224.8844 181.933 118.8263 67.996 126.43 117.542 140.2829 209.5445 251.6729 265.5206 278.7746 274.6777 311.3269 361.527 439.7942 428.7934 467.926 449.5959 457.6767 509.0472 534.8019 516.1745 542.6736 557.1129 556.3921 556.6815
