Resources/Map/Lvl0_30x30/Ele_DI.asc
ncols         335
nrows         335
xllcorner     6755000
yllcorner     -3375000
cellsize      10000
nodata_value  -99999.0
[rows 275 to 299 of 335, columns 0 to 56 of 335]
-4758.9883 -4710.5259 -4787.3008 -4903.3613 -5043.6089 -5122.1943 -5054.4883 -4916.1968 -4764.4263 -4725.27 -4716.5996 -4827.6147 -4790.373 -4506.2939 -4445.9844 -4597.2915 -4693.8853 -4958.4355 -5154.8662 -5293.4717 -5259.9839 -4921.9487 -4958.5938 -5128.9097 -4941.4014 -4901.4897 -4787.3267 -4729.8296 -4775.9106 -4761.957 -4752.3872 -4751.563 -4735.4688 -4679.0801 -4549.9795 -4301.0386 -4094.1494 -4202.5083 -4251.8203 -4086.9863 -4019.905 -4016.0461 -3828.8999 -3956.978 -4161.0269 -4295.6753 -4354.354 -4219.9634 -4241.7056 -4138.1899 -4067.5454 -4136.4595 -4184.543 -4214.1343 -4135.3281 -3828.729 -4083.0408
-4697.7168 -4637.4165 -4872.4517 -5154.9072 -5209.0713 -5213.752 -5107.1753 -4892.8799 -4716.3818 -4567.4546 -4323.1123 -4308.5356 -4527.6084 -4495.0859 -4423.832 -4480.979 -4569.1357 -4730.0303 -4984.5742 -5010.7031 -4907.396 -4529.5469 -4663.127 -4866.4541 -4719.0591 -4730.9487 -4746.8945 -4863.1797 -4937.3755 -4899.395 -4724.4639 -4790.4341 -4864.8237 -4778.8208 -4753.0522 -4576.1523 -4472.917 -4494.1973 -4213.5737 -3765.4658 -3781.79 -3923.1494 -3930.3877 -3968.064 -4104.6943 -4261.5547 -4261.0024 -4033.6687 -3969.8503 -4050.8867 -4193.0728 -4196.9653 -4237.9668 -4335.418 -4281.1309 -4025.9561 -4031.6174
-4455.7441 -4504.4507 -5056.5034 -5426.9453 -5311.2969 -5158.3154 -5042.7871 -4899.6118 -4848.7031 -4767.0674 -4627.8101 -4650.145 -4765.7197 -4799.272 -4778.248 -4795.6152 -4899.7607 -4917.7871 -4875.7373 -4772.1201 -4583.5195 -4252.5347 -4320.1782 -4552.7227 -4587.3398 -4631.6021 -4687.2402 -4895.1724 -4940.6846 -4760.2231 -4589.6162 -4784.4683 -4827.7769 -4554.4497 -4471.1943 -4420.9473 -4508.437 -4475.2695 -4077.2588 -3768.0703 -3928.1604 -3975.8164 -4206 -4395.7944 -4379.3008 -4337.3701 -4305.1401 -4177.9727 -4138.6045 -4366.7349 -4510.7241 -4378.937 -4407.3408 -4544.5659 -4495.0625 -4275.2266 -4126.0078
-4741.9985 -4808.7451 -5188.3164 -5406.8379 -5307.1128 -5127.7393 -4971.0762 -4846.7861 -4817.8579 -4787.0498 -4727.5215 -4836.6069 -4925.6592 -4961.9585 -5020.3613 -5017.5801 -5021.3828 -4986.1455 -4688.0591 -4547.6792 -4533.2671 -4355.1865 -4277.7349 -4377.1875 -4447.6816 -4669.3184 -4860.2725 -4823.0044 -4821.0117 -4760.9639 -4768.7031 -4861.3657 -4818.5957 -4513.9873 -4332.1895 -4356.2603 -4379.2813 -4172.2402 -4040.4719 -4039.2266 -4203.1113 -4265.4653 -4499.8706 -4559.334 -4480.2197 -4465.4199 -4515.4316 -4450.2715 -4404.2021 -4614.1821 -4632.7549 -4387.8174 -4284.0244 -4367.8115 -4408.0557 -4316.4873 -4291.8848
-5367.5098 -5294.645 -5282.79 -5358.8379 -5357.8398 -5203.3052 -4933.7056 -4767.0449 -4792.7539 -4818.1045 -4778.8608 -5000.8599 -5123.0391 -4890.4961 -4768.1133 -4669.4873 -4741.6841 -4834.1133 -4646.4766 -4748.4526 -4946.8149 -5015.1377 -4985.6563 -4778.373 -4533.8799 -4674.8521 -5035.0112 -4717.8574 -4504.2295 -4623.2549 -4903.3584 -4906.9385 -4762.1357 -4578.4097 -4576.8677 -4620.833 -4385.3003 -3898.7761 -3922.3105 -4086.2361 -4162.8887 -4423.0776 -4601.0083 -4547.9385 -4494.2324 -4581.001 -4681.4614 -4619.5884 -4570.6973 -4674.2236 -4628.3081 -4491.4683 -4247.8218 -3985.5996 -3977.762 -4093.4849 -4201.0649
-5581.0835 -5410.3223 -5258.9326 -5267.6729 -5266.7588 -5228.6494 -5008.8184 -4815.1685 -4912.9185 -4960.0479 -4878.6553 -5089.3198 -5080.248 -4673.4849 -4506.6431 -4429.4458 -4466.7427 -4463.9487 -4516.127 -4962.75 -5140.8965 -5092.7773 -5096.4482 -4982.6108 -4866.8608 -4762.4937 -4866.7441 -4864.3477 -4525.7344 -4552.8301 -4774.6396 -4791.5264 -4729.2031 -4629.897 -4649.4668 -4726.2686 -4464.4771 -4132.6895 -4171.4976 -4303.1338 -4062.4299 -4129.7969 -4415.186 -4426.9839 -4470.3428 -4572.4048 -4535.9302 -4386.0483 -4300.2661 -4395.0342 -4382.939 -4330.624 -4226.1616 -4055.1064 -3953.0984 -3973.6184 -4066.2036
-5306.4497 -5149.6553 -5068.8228 -5088.8491 -5087.1138 -5141.9097 -5052.2358 -4849.3618 -4926.1333 -4992.9126 -4884.7544 -4990.5601 -4903.8301 -4717.2969 -4726.8916 -4638.0728 -4420.3086 -4302.2534 -4591.0884 -5150.2314 -5236.7798 -4920.4058 -4749.439 -4654.4517 -4598.9917 -4528.1782 -4821.0972 -5043.2305 -4825.9536 -4828.1108 -4702.2949 -4590.7383 -4802.7188 -4679.7939 -4527.917 -4608.8184 -4593.8838 -4597.3193 -4551.4531 -4608.3652 -4252.9038 -4085.1594 -4361.7661 -4330.4692 -4358.2334 -4479.0176 -4451.981 -4281.0713 -4007.2229 -4094.9797 -4226.2847 -4193.874 -4192.9692 -4227.7876 -4203.8223 -4124.0259 -4052.5437
-4839.5249 -4782.75 -4946.5776 -5055.2402 -4834.0859 -4674.6426 -4886.7334 -4996.9038 -5057.9834 -5103.4312 -5062.7251 -5059.6313 -4886.1831 -4896.0396 -5061.3276 -4970.6938 -4807.5015 -4725.5737 -4955.8906 -5427.4712 -5360.2437 -5006.5625 -4838.8154 -4655.3394 -4554.1465 -4738.6807 -5001.606 -4951.7163 -4860.4014 -4919.5645 -4779.8799 -4366.0059 -4707.6592 -4754.356 -4523.9077 -4496.7207 -4756.2134 -4819.2212 -4645.0337 -4714.3613 -4544.5132 -4320.9712 -4363.0229 -4140.2656 -4052.4624 -4452.397 -4695.2832 -4549.6538 -4137.25 -4066.3386 -4239.0737 -4231.2954 -4098.8882 -4034.5198 -4151.5986 -4255.8291 -4160.4717
-4956.3091 -5248.2383 -5346.8394 -5186.9946 -4668.3018 -4308.7788 -4527.2437 -4875.6509 -5095.6113 -5146.5879 -5119.2334 -5113.1328 -5029.2656 -4957.7778 -4832.1626 -4743.356 -4909.3452 -5210.9658 -5548.1831 -5412.2588 -5116.6611 -4921.6348 -4770.7666 -4318.2378 -4252.3765 -4682.9331 -4853.5708 -4831.7734 -4860.0845 -4682.3921 -4415.6348 -4259.106 -4304.6763 -4515.7754 -4530.8555 -4604.5923 -4816.4014 -4763.959 -4703.9639 -4794.8423 -4603.8037 -4454.4131 -4380.8574 -4116.7676 -4053.2991 -4586.5693 -4844.4429 -4626.8169 -4363.2329 -4322.6289 -4431.6514 -4345.1143 -4066.8174 -3916.0881 -4024.7617 -4230.7959 -4319.7822
-5491.687 -5514.7568 -5375.2251 -5142.4033 -4793.2104 -4631.7119 -4697.8804 -4661.2217 -4587.9219 -4627.7632 -4731.769 -4807.0596 -4884.5542 -4864.0415 -4496.5596 -4336.8901 -4747.4507 -5180.4478 -5295.8198 -5114.769 -4943.7363 -4628.9629 -4337.3418 -3805.9614 -3743.5754 -4414.4326 -4838.0044 -4828.27 -4974.2959 -4733.2324 -4277.853 -4053.7483 -4208.3032 -4538.2974 -4663.7017 -4439.9282 -4398.9473 -4404.0957 -4592.8745 -4674.5938 -4590.8745 -4530.499 -4628.498 -4527.1895 -4422.4019 -4659.1899 -4782.6011 -4505.5498 -4425.1206 -4428.0361 -4462.5508 -4535.6509 -4375.4756 -4197.6523 -4172.582 -4232.6636 -4435.6636
-5357.687 -5263.4331 -5199.3262 -5152.3506 -5047.377 -5011.6499 -4938.3037 -4615.8301 -4406.9961 -4543.9546 -4637.623 -4484.6377 -4480.9751 -4624.5879 -4669.9668 -4798.6616 -4867.8296 -4804.6235 -4936.0215 -5168.1621 -5062.6494 -4663.8237 -4136.8325 -3714.7139 -3609.0427 -4237.731 -4825.708 -4876.1816 -4922.4155 -4911.0044 -4765.667 -4582.0713 -4482.2852 -4468.4756 -4619.0986 -4602.4897 -4317.1094 -4079.4033 -4244.1938 -4297.689 -4380.2373 -4423.4658 -4640.4814 -4931.7236 -4817.3423 -4734.6011 -4793.7251 -4579.478 -4472.0918 -4447.8223 -4531.7422 -4763.1069 -4674.8516 -4376.8999 -4233.2505 -4226.8867 -4453.8745
-4971.5259 -5084.3018 -5197.7061 -5275.373 -5212.562 -5112.8257 -4998.1963 -4836.6733 -4911.978 -5231.6768 -5227.4004 -4844.4277 -4564.6948 -4450.5479 -4565.3877 -5004.5991 -4942.7822 -4791.8271 -5199.3154 -5381.9746 -5147.2573 -4846.4927 -4566.9297 -4482.7764 -4540.4297 -4341.5576 -4647.8354 -4926.3271 -4920.2505 -4904.3799 -4793.7227 -4767.0278 -4819.1538 -4819.6348 -4874.1777 -4940.9644 -4921.7227 -4799.2856 -4614.9019 -4257.167 -4012.2803 -4155.9019 -4395.9697 -4729.0195 -4882.791 -4955.8579 -4958.561 -4869.3188 -4732.4424 -4796.5259 -4838.2979 -4800.6743 -4727.9565 -4465.7349 -4287.4453 -4275.7266 -4493.7759
-5057.0474 -5146.6387 -5250.334 -5298.856 -5307.3203 -5271.6426 -5092.4829 -4942.1313 -5003.1392 -5152.4067 -5154.2339 -5038.8037 -4794.3765 -4475.7627 -4610.2578 -4986.7129 -4885.707 -4977.4019 -5404.4722 -5237.9326 -4884.4028 -4853.4111 -4884.8086 -4761.5552 -4782.1514 -4639.5742 -4563.4507 -4683.4058 -4754.98 -4682.292 -4664.7539 -4624.4087 -4814.2524 -4788.9893 -4743.6475 -4901.0947 -5054.3989 -4973.4102 -5039.6943 -4988.7178 -4823.1206 -4695.1519 -4452.4761 -4274.3008 -4338.4502 -4598.3613 -4746.0332 -4799.9336 -4716.7422 -4800.1606 -4916.7163 -4758.5005 -4722.8877 -4677.6816 -4601.4707 -4533.853 -4557.9019
-5255.5947 -5157.0181 -5239.6318 -5267.7964 -5223.1729 -5218.5693 -5039.6519 -4932.1011 -5081.2173 -5181.0791 -5200.2031 -5229.5552 -5107.0557 -4932.3174 -5050.2446 -4895.0908 -4458.0381 -4835.2329 -5320.2119 -4888.4663 -4428.3467 -4606.7104 -4658.8022 -4453.0728 -4452.5083 -4586.0571 -4889.251 -4626.2598 -3960.8018 -3758.0227 -4140.7588 -4451.5557 -4730.7227 -4474.0234 -4362.4414 -4568.7368 -4530.1777 -4370.5107 -4772.5342 -4935.48 -5112.7603 -5126.4624 -4941.0093 -4815.5747 -4623.5811 -4285.8809 -4181.2178 -4247.5811 -4223.4492 -4367.6826 -4645.5068 -4648.0464 -4629.7837 -4637.7988 -4596.6138 -4543.687 -4360.894
-5174.2461 -5013.1978 -5049.8394 -5149.0093 -5112.9653 -4883.0923 -4625.1958 -4833.1196 -5147.0303 -5190.7168 -5188.5234 -5288.1079 -5243.2354 -5139.5854 -4962.0996 -4253.1284 -4369.4795 -4972.9009 -5322.6572 -5063.6387 -4669.1387 -4496.873 -4237.7793 -4282.0908 -4548.6929 -4942.3271 -4607.1763 -4288.9229 -3930.7322 -3995.6929 -4336.752 -4644.0005 -4798.6328 -4607.665 -4385.6104 -4336.1753 -4479.2119 -4592.1904 -4809.5698 -4982.0107 -5086.9976 -5023.8096 -4991.4668 -4980.7646 -5016.8101 -4935.2788 -4677.939 -4494.0317 -4446.6484 -4344.8555 -4324.2461 -4378.8027 -4172.3848 -4131.249 -4384.5122 -4590.7197 -4512.5132
-5320.3237 -5070.7749 -4964.4189 -5049.5195 -4934.6025 -4573.0073 -4605.7729 -5019.0464 -5012.5928 -4814.3594 -5018.688 -5295.02 -5066.5103 -4869.269 -4655.8247 -4059.4253 -4646.5869 -5103.2354 -5245.4893 -5183.3325 -5019.8145 -4702.9438 -4270.5933 -4326.8691 -4934.0425 -5154.7783 -4853.5254 -4612.5479 -4697.4385 -4855.417 -4985.8379 -4799.9077 -4726.2979 -4682.9604 -4516.415 -4310.9048 -4309.1548 -4305.0718 -4511.1665 -4837.7559 -4950.127 -5036.5991 -5066.9126 -4812.1895 -4503.8833 -4674.0059 -4832.9521 -4796.2007 -4965.8042 -4890.4824 -4678.3398 -4677.3687 -4604.0156 -4370.957 -4182.2578 -4227.645 -4180.8843
-5401.7334 -5119.6445 -4953.042 -4842.835 -4751.0166 -5009.7866 -5269.3838 -5048.5464 -4610.0278 -4500.5186 -5006.7964 -5296.855 -4838.0088 -4509.1704 -4308.5479 -4490.0054 -4920.1089 -4960.2515 -5104.8354 -5000.2627 -4916.6567 -4590.9424 -4178.0874 -4432.3726 -5220.9429 -5255.585 -5015.0552 -4982.0542 -5040.1582 -4912.4629 -4926.626 -4802.5439 -4760.3779 -4801.8403 -4666.8813 -4451.8154 -4437.8599 -4504.5806 -4387.0454 -4205.3203 -4438.3823 -4860.2563 -4920.4077 -4727.8496 -4387.2417 -4354.603 -4429.7993 -4505.3584 -4658.5464 -4697.9307 -4746.8223 -4783.5005 -4724.2603 -4617.9692 -4578.0942 -4489.2354 -4316.8901
-5070.0112 -4858.1641 -4912.9434 -4931.6582 -5023.7349 -5268.5293 -5257.0952 -4974.2788 -4755.9937 -5126.3418 -5476.7148 -5251.6025 -4671.5259 -4462.1895 -4404.4785 -4968.0991 -5041.3628 -5025.1777 -5194.2393 -5117.4434 -4761.4082 -4494.3188 -4452.8325 -4519.6895 -4531.2871 -4713.416 -4958.7554 -4478.8926 -4717.1172 -4839.7368 -4732.2842 -4715.5903 -4718.9512 -4685.4404 -4368.4966 -4305.7051 -4486.4873 -4692.0088 -4306.3125 -3875.0518 -4241.4473 -4696.9033 -4666.3901 -4634.4937 -4605.5825 -4637.5439 -4627.3687 -4482.4033 -4396.0601 -4502.4019 -4511.5 -4482.9946 -4431.5815 -4326.8267 -4400.208 -4504.8774 -4556.355
-5191.4302 -5163.2339 -5251.8545 -5307.1675 -5268.377 -5200.6802 -5130.4253 -4974.082 -4927.8364 -5364.8638 -5591.9795 -5154.1997 -4710.2261 -4478.1772 -4659.2539 -5055.6279 -4911.0063 -4967.7729 -5227.1826 -4898.7197 -4396.6729 -4343.5542 -4577.6294 -4357.0127 -4438.2671 -4529.8213 -4543.2212 -4245.686 -4301.4126 -4479.9316 -4536.2939 -4607.5088 -4643.0337 -4578.0806 -4450.3613 -4138.6694 -3931.7842 -4301.8223 -4401.3867 -4441.5986 -4509.7593 -4490.7861 -4553.4292 -4318.1289 -3942.6743 -4240.8506 -4682.833 -4423.4175 -4293.9668 -4487.9619 -4680.7119 -4720.4336 -4505.4048 -4356.3735 -4468.0918 -4557.4028 -4460.4463
-5390.5815 -5228.293 -5072.605 -4928.0781 -4851.8018 -4825.2456 -4829.9478 -4839.3325 -5139.6006 -5548.1548 -5351.7603 -4793.2827 -4337.2671 -4300.2319 -4913.9438 -5131.2998 -4910.229 -4882.7158 -5129.2202 -4718.8486 -4269.9409 -4417.1875 -4370.0723 -4115.1426 -4421.0732 -4281.667 -4428.7559 -4465.3599 -4448.5464 -4450.5107 -4436.4556 -4590.7905 -4541.1147 -4581.7705 -4498.9604 -4281.3667 -3978.0664 -4021.6064 -4308.9619 -4436.5552 -4265.4404 -4100.9819 -4223.8271 -3926.6465 -3516.5825 -4019.8569 -4281.3545 -3938.5471 -4012.376 -4232.1572 -4456.1206 -4470.5229 -4356.9121 -4283.082 -4347.7021 -4432.3052 -4319.3896
-5359.7773 -5193.1548 -4884.5122 -4609.1421 -4521.4043 -4599.5654 -4681.1479 -4852.9819 -5215.0195 -5386.644 -5200.646 -4902.958 -4721.7954 -4877.9277 -5233.8486 -5121.1826 -4749.4839 -4864.835 -5079.0972 -4430.8311 -4416.2959 -4651.3682 -4089.2683 -4090.4622 -4222.8564 -4502.4092 -4683.3975 -4655.8682 -4349.7876 -4331.9927 -4547.0752 -4516.6274 -4426.9531 -4337.7671 -3913.5288 -3868.769 -3985.4009 -3760.6267 -3830.5225 -3939.8408 -4028.5601 -4099.4512 -4265.6572 -4012.7803 -4069.7356 -4496.8296 -4107.6709 -3657.3579 -3842.9656 -4113.9316 -4286.3574 -4174.2222 -4183.2095 -4188.5381 -4235.6206 -4395.7759 -4419.6172
-5367.4131 -5231.8003 -4881.5288 -4434.501 -4285.5732 -4639.2358 -5003.8599 -5221.5708 -5363.6006 -5232.0029 -4994.8491 -4722.4243 -4667.3418 -4731.604 -5033.8252 -4879.7739 -4454.7227 -4828.8735 -4553.2153 -4099.8979 -4559.0986 -4663.5757 -3882.7202 -4312.7407 -4570.001 -4538.2075 -4375.4028 -4407.1069 -4405.8203 -4374.3452 -4553.3281 -4485.3169 -4163.3438 -3934.4495 -3614.0962 -3648.8599 -3926.625 -4080.1262 -4256.4028 -4358.3335 -4177.3086 -4065.7852 -4224.9648 -4388.2554 -4431.1592 -4507.7236 -4273.2598 -3911.0049 -4091.9509 -4390.8208 -4395.3257 -4234.1221 -4216.3472 -4230.3911 -4203.7441 -4181.9287 -4084.8699
-5092.8286 -4939.7363 -4643.3823 -4217.6396 -4304.3066 -4904.792 -5259.2681 -5388.9072 -5453.8262 -5258.3389 -4895.5063 -4429.8843 -4197.4678 -4501.1006 -5034.5674 -4707.3105 -4685.3799 -4947.3193 -4506.623 -4409.501 -4474.8389 -4298.5356 -4063.5315 -4497.3491 -4678.4429 -4493.6182 -4341.688 -4516.2104 -4494.2295 -4275.0938 -4310.4702 -4332.769 -4288.1812 -4401.4312 -4253.5342 -3996.8315 -4074.092 -4291.3135 -4387.1064 -4385.5645 -3998.4922 -3535.8425 -3684.1809 -4015.9973 -4276.1489 -4355.7739 -4315.9067 -4131.7627 -4117.1729 -4142.5063 -4131.9282 -4117.1914 -4182.0962 -4208.5811 -4042.1479 -4050.6936 -4095.4128
-4724.1533 -4663.1025 -4623.5615 -4480.5103 -4692.0132 -5177.0703 -5388.0557 -5463.2261 -5468.1343 -5127.2007 -4632.2368 -4124.0122 -3929.1172 -4402.104 -4914.6865 -4809.4756 -4978.9756 -4922.4077 -4834.4771 -4739.2544 -4073.5034 -3876.8098 -4220.2925 -4301.5088 -4390.0137 -4800.5225 -4851.8765 -4684.0981 -4427.6406 -4123.3301 -4080.5527 -4304.8862 -4415.9419 -4263.1748 -4121.5527 -4110.2363 -4261.3608 -4352.1265 -4279.1294 -4118.9209 -3892.8088 -3526.2449 -3724.0129 -4093.136 -4218.4609 -4305.6895 -4411.48 -4223.731 -3987.2554 -3856.394 -3804.5667 -3812.2234 -3971.5413 -4085.7996 -3999.873 -3965.5952 -3989.5835
-4577.6016 -4619.6987 -4585.3555 -4561.731 -4878.8442 -5221.5928 -5204.7412 -5032.8174 -4850.7285 -4734.0728 -4648.1343 -4363.1758 -4272.6694 -4472.3511 -4783.9199 -5028.4165 -4844.4077 -4595.0347 -4400.9482 -4497.3501 -4016.0537 -4173.8369 -4404.4307 -4580.5708 -4885.6484 -5000.0757 -4688.127 -4419.3979 -4358.2896 -3880.7778 -3542.7327 -3839.4517 -3886.9543 -3677.0208 -3746.2632 -4075.9077 -4237.8916 -4309.8882 -4361.1426 -4287.4404 -4069.5955 -3832.116 -3799.158 -3930.2571 -4138.0918 -4124.9644 -4011.0591 -3784.2273 -3578.9805 -3568.8853 -3610.7886 -3804.3562 -4071.928 -4115.8364 -3940.2502 -3752.2107 -3607.363
