Resources/Map/Lvl0_30x30/Ele_EF.asc
ncols         335
nrows         335
xllcorner     -3295000
yllcorner     -6725000
cellsize      10000
nodata_value  -99999.0
[rows 275 to 299 of 335, columns 0 to 56 of 335]
-6241.7129 -6417.2339 -6951.4092 -7259.8936 -7313.6338 -7123.1675 -6826.4736 -6808.5762 -6986.9331 -7123.6235 -7033.3965 -6523.5449 -6190.375 -6259.0132 -6271.813 -6279.3994 -6372.4312 -6526.8184 -6691.8784 -6890.0859 -7114.7861 -7364.4819 -7498.8027 -7455.853 -7488.2803 -7707.4736 -7759.3525 -7680.2051 -7624.0967 -7638.7212 -7692.2495 -7714.2109 -7629.5005 -7465.7485 -7344.7515 -7418.7412 -7332.3564 -7225.0723 -6869.8174 -6293.2871 -5686.3325 -5451.6841 -5332.5874 -5319.1255 -5297.2305 -5195.1509 -5064.0576 -4923.5073 -4775.8857 -4598.9219 -4431.3315 -4357.1221 -4264.9341 -4167.4429 -4121.8281 -4160.9336 -4180.9175
-6132.333 -6312.2886 -6469.6089 -6713.3599 -6890.4028 -6673.269 -6216.5845 -6114.52 -6293.9609 -6342.2368 -6296.9717 -6125.1606 -6167.2437 -6305.8022 -6119.501 -5734.6294 -5528.688 -5761.2974 -6241.748 -6730.9595 -7086.2861 -7171.9116 -7563.499 -7613.8682 -7478.1182 -7501.7163 -7522.52 -7509.6821 -7560.23 -7652.0894 -7684.0273 -7657.7725 -7606.1396 -7761.8789 -8006.1924 -7947.1738 -7801.6328 -7743.0474 -7311.4268 -6729.3232 -6024.8438 -5571.4541 -5406.9014 -5399.0098 -5447.5098 -5310.9702 -5122.3438 -5008.5542 -4904.1777 -4780.2617 -4645.3091 -4460.4849 -4279.0752 -4170.2476 -4121.916 -4136.3486 -4156.9478
-5851.105 -5597.7544 -5279.6387 -5246.4946 -5316.7471 -5142.4263 -4879.8223 -4766.9209 -4897.3535 -5192.0967 -5607.439 -6075.105 -6621.5356 -6888.3271 -6622.0542 -6073.0537 -5712.2876 -5686.3848 -5975.5029 -6600.438 -6855.4312 -6818.1108 -7315.1265 -7676.6938 -7743.4863 -7658.2295 -7553.0918 -7380.5928 -7319.5435 -7349.7568 -7360.5464 -7355.8242 -7439.3413 -7590.3027 -7872.4937 -8050.2041 -7931.0391 -7730.6597 -7462.3994 -7126.314 -6760.7358 -6418.4795 -6057.2612 -5709.8618 -5553.2573 -5448.6411 -5081.3716 -4977.4624 -4881.3003 -4743.6426 -4663.9189 -4583.8027 -4480.9946 -4329.4072 -4130.6499 -4018.3691 -4014.8687
-4257.4673 -3923.4346 -4002.2231 -3999.27 -3897.5486 -4013.8533 -4169.0928 -4090.7373 -4090.2021 -4314.5566 -4714.2427 -5183.4937 -5464.6104 -5383.8916 -5148.6162 -5181.8862 -5550.1519 -5995.0103 -6258.1724 -6431.2739 -6711.9058 -6971.9648 -7229.3896 -7441.5054 -7575.7466 -7582.543 -7431.7246 -7158.4761 -7052.5015 -6994.4536 -6865.9727 -6799.5005 -6922.2866 -7198.6465 -7581.7778 -7972.6978 -7922.9463 -7684.9961 -7505.5151 -7402.2671 -7263.6836 -7122.5737 -6843.2251 -6525.0537 -6309.4058 -5892.4546 -5382.3384 -5142.4624 -5032.9546 -4901.8892 -4804.002 -4739.1758 -4669.4619 -4555.9878 -4399.8521 -4234.9609 -4056.1707
-2815.2905 -2952.2427 -3130.5664 -3055.0586 -3279.6326 -3879.7634 -3895.1003 -3489.0894 -3378.8347 -3221.8914 -3197.4812 -3416.0583 -3630.8049 -3681.7422 -3726.699 -3995.135 -4483.7939 -5029.4136 -5361.0996 -5296.8745 -5491.1206 -5671.1201 -5889.2559 -6187.2651 -6380.5854 -6541.1123 -6788.8921 -7029.8018 -7141.3506 -7003.2285 -6707.3096 -6458.0615 -6530.2246 -6811.1816 -7222.2344 -7687.2886 -7792.1846 -7695.2378 -7622.1396 -7623.5479 -7405.9702 -7186.0068 -7133.728 -7051.5127 -6602.7974 -5793.3101 -5359.3311 -5376.0625 -5378.0664 -5255.7622 -5120.7856 -4976.248 -4834.0732 -4727.8198 -4612.5767 -4425.4238 -4202.0439
-2408.0601 -2605.2847 -2799.5752 -2796.064 -3147.2236 -3386.5933 -3146.2405 -2878.4573 -2725.0142 -2355.7495 -2376.8196 -2710.6809 -3061.9236 -3224.7004 -3072.793 -2765.5085 -2650.7581 -2836.5249 -3075.8286 -3148.8474 -3392.543 -3646.2107 -3635.0427 -3940.4878 -4262.0083 -4589.8394 -5131.5664 -5819.3911 -6426.1245 -6773.7305 -6867.4092 -6747.2402 -6609.1484 -6763.0293 -7101.8086 -7375.2349 -7487.5425 -7512.1196 -7526.731 -7509.563 -7404.1323 -7345.9551 -7350.7441 -7225.2061 -6446.4116 -6009.4868 -5883.1895 -5765.2109 -5644.3315 -5524.2485 -5402.0933 -5227.6685 -5001.0107 -4829.6235 -4725.3389 -4624.1768 -4502.1592
-3222.136 -3303.1431 -3355.5752 -3203.8821 -3093.0952 -3000.0278 -2910.3679 -2838.2332 -2612.9016 -2206.5059 -2035.3177 -2196.4954 -2465.8201 -2431.7715 -2018.4139 -1577.3851 -1442.0806 -1703.5708 -2079.8923 -2208.0818 -2211.1948 -2172.1499 -2122.2666 -2376.8042 -2666.4949 -2917.8254 -3158.0103 -3618.8687 -4425.4775 -5289.5996 -5914.6987 -6302.8252 -6493.7505 -6750.3047 -7075.4888 -7274.9492 -7346.9087 -7384.3159 -7437.0146 -7582.7993 -7784.1489 -7625.6636 -7311.3257 -7107.0508 -6821.4688 -6646.188 -6443.3242 -6215.291 -5987.8623 -5768.0332 -5575.3623 -5395.0806 -5215.311 -5058.2095 -4881.959 -4708.4849 -4573.4985
-3393.1436 -3395.3704 -3290.3958 -3231.2383 -2998.7131 -2774.884 -2866.3203 -2801.6912 -2441.6436 -2147.8501 -1948.9739 -1761.2476 -1660.7842 -1536.9142 -1365.4554 -1238.1266 -1285.4543 -1474.0947 -1566.4034 -1551.6617 -1511.5692 -1494.1481 -1451.9885 -1706.2836 -1958.2001 -2132.022 -2083.1938 -1998.1245 -2420.5283 -3434.8875 -4356.0459 -5242.5674 -5929.0757 -6471.5186 -6879.3896 -7174.4497 -7311.9673 -7296.4756 -7229.8325 -7346.9609 -7482.3228 -7240.2056 -7148.4644 -7235.6704 -7184.3774 -7143.7783 -7072.6826 -6910.4248 -6687.5234 -6298.876 -5905.0903 -5658.1416 -5499.1313 -5351.5913 -5120.3369 -4873.6597 -4660.1729
-2764.2524 -2896.7566 -3100.5417 -3220.9097 -3189.2192 -3112.6985 -3055.9526 -2877.5173 -2481.8911 -2195.5857 -1941.0847 -1513.9115 -1307.6608 -1350.364 -1227.7045 -993.0511 -1067.3079 -1283.063 -1287.9697 -1212.3138 -1103.787 -1123.772 -1142.5509 -1282.3209 -1524.8402 -1750.5959 -1871.9401 -1839.8372 -1731.3723 -2061.28 -2693.1563 -3685.812 -4718.2485 -5583.4604 -6219.5132 -6720.6152 -7051.1719 -7119.3574 -6997.5752 -6828.0166 -6830.5366 -6894.2954 -6936.9614 -7022.6104 -7056.2358 -7159.7803 -7334.8408 -7324.8306 -7275.249 -6975.4258 -6482.1196 -6106.8828 -5883.0313 -5722.7085 -5426.3032 -5122.1455 -4878.811
-3129.7285 -3241.8047 -3257.5945 -3232.2957 -3163.1436 -3089.3572 -3049.8743 -2990.1067 -2862.1738 -2676.0881 -2360.6292 -1887.3064 -1424.1555 -1218.6963 -1071.2573 -809.7754 -797.7369 -1057.8677 -1176.8684 -1082.2356 -935.3952 -930.3581 -991.4898 -1180.0442 -1386.9845 -1552.254 -1720.8964 -1894.4866 -1923.7244 -1974.7937 -2188.8645 -2695.6814 -3400.0327 -4124.2446 -4837.0117 -5629.834 -6294.9429 -6733.6934 -6903.5605 -6881.1479 -6857.4023 -6778.2773 -6832.3301 -6880.9253 -6815.5991 -6826.8594 -7068.3042 -7218.7847 -7198.2231 -7215.4883 -7034.4639 -6559.1396 -6129.8882 -5855.5762 -5614.2759 -5375.5117 -5113.1138
-3285.9802 -3259.6626 -3218.9871 -3147.6721 -3054.9331 -2984.0034 -2969.3501 -2954.3137 -2880.8767 -2750.0674 -2575.9878 -2316.1255 -1970.1592 -1648.2036 -1346.6602 -1130.5992 -1121.5997 -1223.8822 -1273.6722 -1213.8527 -1063.0583 -897.8026 -899.2711 -1112.5745 -1275.5675 -1407.1398 -1583.8665 -1796.8899 -2004.3683 -2165.3582 -2294.9102 -2450.2129 -2621.5161 -2741.0488 -3206.0457 -4183.1484 -5070.3154 -5842.3525 -6408.7656 -6712.7295 -6748.3198 -6744.1445 -6820.9419 -6816.0576 -6744.394 -6666.7588 -6680.4258 -6830.4351 -7021.4795 -7216.3574 -7413.7192 -7216.0601 -6700.3125 -6151.29 -5745.1992 -5494.8799 -5258.522
-3107.3896 -3173.7415 -3270.2 -3244.9373 -3188.7063 -3096.469 -3036.4175 -2991.5569 -2908.6853 -2787.4451 -2684.0679 -2608.1262 -2486.2048 -2232.5237 -1938.6743 -1902.6865 -2019.7374 -1988.9056 -1877.2826 -1739.3453 -1483.9287 -1106.1239 -908.6429 -936.4689 -1007.5118 -1163.2772 -1403.1022 -1666.6812 -1902.7039 -2078.1729 -2237.0425 -2378.0251 -2452.9094 -2400.5083 -2610.3411 -3065.3113 -3724.5264 -4543.5049 -5427.5093 -6162.5854 -6593.1865 -6729.8052 -6719.0103 -6717.3213 -6764.627 -6786.3188 -6693.9233 -6676.687 -6910.2671 -7234.3579 -7395.0737 -7402.583 -7336.3857 -6913.4316 -6204.354 -5744.8164 -5475.8047
-3220.3281 -3230.73 -3259.6118 -3196.0972 -3168.8521 -3100.0923 -3014.3713 -2966.3936 -2940.5029 -2892.4241 -2854.864 -2814.3835 -2756.0591 -2675.7163 -2587.7256 -2503.9534 -2399.4363 -2272.6064 -2071.4785 -1781.787 -1474.1212 -1072.8275 -852.2087 -764.2109 -660.8402 -848.0399 -1203.198 -1501.1371 -1729.7091 -1937.0483 -2150.2961 -2360.9172 -2562.427 -2751.4141 -2952.9995 -3106.2466 -3327.1917 -3767.3398 -4491.9336 -5359.8135 -6016.5078 -6516.5356 -6648.4956 -6578.5259 -6581 -6705.5186 -6756.812 -6786.4956 -6940.2905 -7239.2476 -7479.6504 -7583.3247 -7692.3823 -7504.0063 -6937.6499 -6388.0371 -6009.2354
-3268.8979 -3248.9429 -3253.5833 -3169.7087 -3125.0613 -3100.0549 -3038.5996 -3017.438 -3025.2141 -3009.4399 -2990.4438 -2942.0959 -2875.8523 -2806.4504 -2732.3054 -2629.2476 -2487.6836 -2319.9526 -2103.4238 -1770.6803 -1314.4391 -778.3184 -475.417 -458.6382 -465.4554 -768.8114 -1125.2286 -1412.4835 -1623.3135 -1841.5897 -2114.2065 -2411.6675 -2722.1426 -3008.4771 -3304.8926 -3623.4656 -3883.3496 -4117.2881 -4519.7661 -5077.1948 -5665.7588 -6320.4888 -6690.9487 -6564.3154 -6288.519 -6178.0947 -6240.0015 -6389.7871 -6618.1748 -6943.1519 -7331.3901 -7643.7856 -7766.7578 -7693.2295 -7400.8726 -6978.4858 -6604.9673
-3285.429 -3253.5637 -3269.6624 -3197.957 -3131.3479 -3127.8848 -3120.4229 -3128.3381 -3118.8708 -3093.2964 -3045.7314 -2983.5146 -2907.8396 -2834.8928 -2766.9631 -2657.7554 -2490.7744 -2299.8879 -2099.7988 -1780.9747 -1181.3893 -587.5005 -338.2676 -373.774 -543.7735 -903.9351 -1269.8839 -1560.8048 -1725.3568 -1894.3843 -2153.7793 -2468.6448 -2842.2637 -3127.231 -3382.4285 -3776.0168 -4117.6426 -4441.9429 -4747.4727 -5036.377 -5268.646 -5754.0723 -6307.1851 -6492.5508 -6222.0327 -5833.2334 -5725.2529 -5961.1987 -6256.6318 -6473.27 -6822.6074 -7174.7427 -7368.9673 -7522.6333 -7561.8677 -7347.6489 -6964.0103
-3364.4529 -3304.6731 -3260.7317 -3185.0002 -3164.584 -3179.7886 -3189.1538 -3206.8193 -3195.8181 -3151.8347 -3090.9995 -3033.363 -2961.3516 -2876.5281 -2798.3301 -2690.3533 -2531.9385 -2309.9727 -2000.4825 -1610.8341 -1277.9901 -1068.0159 -1027.7847 -1015.6862 -1014.2712 -1267.6152 -1568.6243 -1777.3018 -1887.6947 -1979.4327 -2142.3562 -2426.3215 -2774.6855 -2985.5979 -3184.4109 -3551.6018 -3793.3123 -3950.9529 -4113.9111 -4315.3052 -4412.7476 -4735.0938 -5360.2046 -5908.1816 -5924.7139 -5629.8823 -5645.6304 -5936.542 -6140.9194 -6231.8291 -6448.0317 -6726.9253 -6963.1294 -7235.8828 -7465.0537 -7465.1118 -7278.9971
-3391.5364 -3361.752 -3301.1252 -3237.283 -3244.9141 -3269.6541 -3262.9475 -3239.092 -3214.5859 -3180.9175 -3143.4255 -3093.1492 -3015.707 -2911.9226 -2791.6213 -2627.4861 -2419.4243 -2201.6946 -1863.0662 -1573.0719 -1671.9379 -1870.1925 -1896.047 -1819.0001 -1712.4519 -1678.605 -1667.4415 -1704.8174 -1619.7744 -1594.0702 -1837.8123 -2132.8296 -2423.3816 -2668.0203 -2916.6414 -3260.1665 -3305.3494 -3330.4143 -3487.7576 -3699.3762 -3855.2271 -4128.2773 -4564.873 -4948.9741 -5080.2383 -5381.5151 -5799.5405 -5882.3115 -5807.1235 -5860.7075 -6098.9434 -6453.1216 -6779.8931 -7059.4922 -7399.0747 -7531.0571 -7494.9492
-3405.2698 -3381.998 -3381.6235 -3335.4775 -3281.7517 -3281.3542 -3269.1973 -3215.5405 -3191.9299 -3188.4001 -3188.97 -3153.9668 -3035.0911 -2766.3433 -2453.7441 -2175.5164 -1981.5634 -2005.1552 -2072.2168 -2150.9468 -2346.6187 -2480.9644 -2435.03 -2283.2363 -2043.8641 -1692.7748 -1255.0341 -1106.6342 -932.8025 -949.8978 -1364.167 -1757.3516 -2116.2034 -2411.6997 -2595.6626 -2775.4551 -2821.0132 -2934.9106 -3159.3931 -3426.8052 -3648.8467 -3883.9653 -4110.0591 -4174.4038 -4190.2295 -4824.4048 -5617.2827 -5748.2173 -5573.7002 -5632.3633 -6017.8022 -6466.6689 -6805.335 -7113.5581 -7442.6997 -7636.6626 -7563.2451
-3398.8447 -3395.9172 -3378.1399 -3282.0845 -3189.0286 -3233.064 -3259.2114 -3214.2329 -3217.0742 -3225.6218 -3220.1616 -3185.5957 -3062.4216 -2704.2261 -2281.45 -2052.259 -2070.8774 -2334.1135 -2595.658 -2710.5996 -2721.4668 -2700.1055 -2622 -2465.3882 -2094.6995 -1507.5714 753.7044 -651.5082 -678.2052 -797.428 -1046.0278 -1460.8298 -1862.7328 -2107.9048 -2264.501 -2395.939 -2579.8938 -2791.9629 -2984.6011 -3209.3555 -3448.8013 -3627.3191 -3734.166 -3682.0288 -3605.3372 -4037.0098 -4794.5723 -5307.2305 -5541.6362 -5652.7305 -5868.6343 -6205.7544 -6538.6543 -6818.416 -7132.4702 -7490.6323 -7613.9712
-3375.5825 -3381.4736 -3338.0503 -3238.7749 -3195.3267 -3279.9636 -3323.5989 -3253.521 -3232.5784 -3264.1062 -3274.1885 -3248.1462 -3181.3062 -3045.2781 -2866.8147 -2781.6638 -2810.2634 -2899.0151 -2957.7979 -2948.6052 -2898.0166 -2849.8025 -2736.5901 -2561.2651 -2272.8403 -1833.4097 -1433.8495 -1258.715 -1287.1755 -1271.2078 -1197.803 -1161.7618 -1460.0583 -1767.9674 -2084.6655 -2368.2573 -2620.6743 -2827.7544 -2973.1567 -3107.0464 -3252.1372 -3352.5723 -3403.4165 -3413.7832 -3438.2517 -3675.614 -4085.6951 -4567.9985 -5118.334 -5501.7207 -5762.6284 -5983.1465 -6235.9546 -6592.0156 -7009.1167 -7361.1968 -7535.7856
-3363.2122 -3376.1746 -3348.3992 -3309.0481 -3320.1333 -3344.7261 -3343.7874 -3294.3154 -3261.3308 -3280.283 -3319.1563 -3330.8584 -3278.7932 -3223.5229 -3189.2065 -3153.3694 -3131.332 -3116.0642 -3105.2454 -3086.0649 -3038.6008 -2969.2734 -2839.4094 -2690.8889 -2516.3425 -2307.7979 -2124.0886 -1933.511 -1784.2216 -1593.0394 -1358.2841 -999.1952 -1112.1615 -1574.2734 -1998.6437 -2330.0552 -2566.3284 -2745.2651 -2892.1616 -3007.8447 -3109.7449 -3191.2869 -3295.1592 -3379.9656 -3472.4873 -3615.2808 -3807.5603 -4096.2007 -4536.3911 -5021.6719 -5343.9692 -5428.1221 -5589.5645 -6006.5889 -6552.7651 -6951.9546 -7150.9541
-3359.8164 -3378.3008 -3363.0701 -3351.6133 -3358.4309 -3348.5845 -3337.5732 -3324.2961 -3299.0659 -3292.0061 -3327.615 -3355.2559 -3310.8164 -3248.5935 -3224.967 -3218.9272 -3207.1206 -3189.208 -3175.2473 -3148.2805 -3106.6816 -3046.7534 -2941.4182 -2836.4043 -2689.8943 -2515.8604 -2354.9885 -2126.8262 -1819.644 -1420.8597 -981.4684 -618.6033 -697.0502 -1332.3118 -1862.2689 -2194.9248 -2433.76 -2630.1475 -2798.7007 -2961.0603 -3107.1243 -3220.3115 -3349.0459 -3450.333 -3519.4099 -3595.8594 -3684.0518 -3844.5815 -4117.7808 -4511.8359 -4787.7832 -4893.396 -5070.6055 -5363.4961 -5768.9492 -6144.8896 -6511.5728
-3390.1208 -3371.6028 -3348.5305 -3365.6372 -3373.2952 -3363.9846 -3354.938 -3324.9658 -3289.759 -3301.1499 -3320.8992 -3324.5706 -3306.0825 -3275.0938 -3244.0686 -3243.2766 -3247.021 -3244.6592 -3240.2375 -3198.5093 -3147.3413 -3098.9407 -3016.8196 -2964.3743 -2838.9004 -2652.4241 -2488.9146 -2247.6003 -1855.6919 -1422.1003 -776.1974 -350.1046 -445.476 -1050.4835 -1701.7238 -2150.3025 -2377.7751 -2615.8889 -2822.7097 -3032.5637 -3205.2742 -3315.3762 -3406.4189 -3475.1409 -3533.4741 -3583.0945 -3626.7554 -3722.3472 -3924.3564 -4229.1235 -4493.6606 -4695.5078 -4839.4585 -4928.519 -5087.5459 -5376.3926 -5949.437
-3367.196 -3329.2485 -3296.3145 -3343.9727 -3365.78 -3363.1118 -3356.8057 -3328.3254 -3302.0725 -3312.6567 -3315.0559 -3312.9751 -3320.0339 -3320.606 -3292.7947 -3264.6858 -3245.2212 -3245.8406 -3270.8425 -3276.6858 -3255.0874 -3192.8928 -3090.0093 -3043.8323 -2935.1104 -2772.2085 -2617.2131 -2414.259 -2100.3835 -1748.798 -1269.8682 -929.6966 -1127.9813 -1454.4243 -1834.2483 -2211.0215 -2477.1936 -2710.4133 -2925.22 -3121.1868 -3268.033 -3366.502 -3447.554 -3516.9631 -3559.3811 -3599.5735 -3652.0405 -3742.4329 -3874.5652 -4068.9893 -4277.2114 -4477.0854 -4583.8042 -4582.3086 -4637.2891 -4906.0991 -5546.3965
-3222.7869 -3296.2805 -3298.9263 -3332.3999 -3334.7329 -3322.7471 -3313.0093 -3299.032 -3269.3259 -3252.3191 -3292.4756 -3374.4744 -3448.833 -3481.0134 -3460.0728 -3394.8896 -3315.7686 -3287.6592 -3305.4971 -3334.4333 -3346.1829 -3286.6113 -3173.3018 -3097.5383 -3021.3416 -2940.7947 -2820.8196 -2690.2983 -2547.6606 -2293.3169 -2083.6448 -1952.3068 -2071.3015 -2114.8696 -2162.1938 -2349.9719 -2568.2192 -2725.5295 -2877.394 -3065.074 -3217.8035 -3353.1011 -3451.7822 -3540.094 -3603.2288 -3661.6335 -3708.2864 -3761.6982 -3807.4211 -3869.1343 -3965.0984 -4104.9736 -4228.7495 -4320.8403 -4683.0596 -5243.0439 -5734.8467
