Resources/Map/Lvl0_30x30/Ele_BA.asc
ncols         335
nrows         335
xllcorner     -20045000
yllcorner     3325000
cellsize      10000
nodata_value  -99999.0
[rows 50 to 74 of 335, columns 228 to 284 of 335]
-38.9843 -78.7527 -134.0855 -155.8813 -163.5329 -162.5305 -152.9339 -145.4232 -150.7511 -168.484 -180.9228 -165.882 -151.2898 -151.7203 -132.7551 -107.0937 -104.4089 -100.5761 -80.6121 -53.5996 -52.3359 -71.5781 -94.1498 -125.7897 -124.3337 -94.6397 -88.4081 -84.2634 -76.6777 -52.2194 -38.0566 -51.1213 -103.1997 -140.101 -161.2062 -181.5149 -190.8932 -194.8827 -197.9621 -203.6369 -219.2597 -272.1231 -426.2597 -681.9387 -1016.8957 -1204.5579 -1203.3339 -1101.0898 -983.2189 -974.7417 -1100.7307 -1241.7045 -1358.558 -1388.4001 -1431.0482 -1490.957 -1548.9924
-31.0383 -56.2668 -121.0262 -168.5724 -175.0926 -178.977 -183.696 -184.935 -184.6526 -187.1867 -189.333 -182.2191 -176.0236 -162.6531 -138.9284 -124.2024 -108.9333 -94.5391 -84.7942 -73.0132 -61.0102 -62.5099 -82.8237 -96.4124 -98.6589 -87.2766 -86.0886 -79.4165 -65.5525 -60.7935 -79.0302 -86.2747 -95.7612 -132.0683 -151.6006 -164.4433 -181.7637 -224.205 -331.9127 -421.6755 -426.1869 -496.5884 -681.1077 -947.6367 -1286.7024 -1520.3003 -1531.2834 -1469.0092 -1490.1625 -1595.9242 -1696.3278 -1771.05 -1917.7557 -2162.0129 -2239.9187 -2213.3328 -2402.6785
2 -8.5182 -48.4937 -98.2989 -143.3679 -163.7678 -182.9176 -199.5658 -212.6033 -221.4034 -216.6102 -217.0848 -207.9064 -178.7983 -158.1635 -136.5725 -104.6464 -86.1716 -76.1924 -82.5707 -90.4976 -84.4517 -88.9136 -107.3673 -105.4982 -96.7172 -95.953 -100.6953 -101.8087 -105.8189 -115.6958 -151.873 -218.5453 -257.1141 -224.4278 -226.0962 -263.2178 -400.2458 -708.558 -931.1318 -837.5505 -816.9219 -930.3544 -1231.0298 -1673.7616 -1980.0868 -2033.0168 -1969.4824 -1963.7648 -2034.2185 -2053.3206 -2144.1213 -2488.3813 -2956.1343 -3175.084 -3160.6494 -3347.4578
67.6265 -3.511 -28.237 -40.7103 -68.5378 -92.9449 -109.0163 -146.2067 -206.3298 -230.8341 -210.6701 -203.0435 -209.3513 -193.7535 -179.0219 -146.8064 -90.5136 -82.0746 -83.4807 -78.2944 -73.738 -70.4954 -94.4009 -133.1329 -112.9524 -112.9778 -127.3564 -141.7904 -176.8337 -215.1042 -252.6781 -431.565 -619.6008 -646.0596 -635.2685 -619.3292 -663.9063 -832.2256 -1173.4309 -1501.6173 -1497.8658 -1285.6005 -1230.6683 -1517.4453 -1978.3937 -2260.655 -2336.959 -2199.5593 -2065.4895 -2078.0671 -2270.2024 -2643.6318 -3033.5769 -3415.7466 -3809.9341 -4126.1343 -4396.4468
167.9176 22.3403 16.5704 -13.824 -30.9447 -44.205 -57.3223 -77.2559 -123.4098 -179.4399 -200.7467 -202.4194 -206.1079 -192.2078 -164.0943 -129.9223 -105.0126 -93.9114 -83.9495 -78.4243 -72.2088 -70.3389 -82.4223 -93.5078 -106.3538 -129.7408 -207.9998 -344.5857 -445.694 -509.4078 -618.9143 -908.9741 -1118.1134 -1167.2974 -1142.6647 -1049.9302 -1048.0264 -1372.3645 -1798.6771 -1966.1575 -1859.8552 -1643.0051 -1601.8381 -1750.8295 -2083.2241 -2572.4409 -2847.5081 -2780.6819 -2684.9309 -2576.0112 -2683.2988 -3071.863 -3466.1448 -3955.4011 -4545.4946 -4954.4897 -5140.752
1.6439 19.3529 82 -3.9401 -20.3552 -32.0187 -41.9951 -60.1169 -80.9813 -102.6096 -134.8087 -171.8964 -194.795 -187.9178 -171.812 -153.8175 -121.149 -96.8305 -93.6313 -95.3031 -97.6638 -104.5063 -109.2078 -126.6879 -164.8339 -244.298 -494.9505 -780.892 -843.8708 -792.3246 -834.0776 -1059.9851 -1414.827 -1611.8553 -1572.7955 -1355.969 -1367.1459 -1742.0254 -2171.2275 -2311.9983 -2221.6609 -2148.5317 -2111.9846 -2187.1165 -2557.854 -3188.7456 -3559.5664 -3499.2678 -3419.6111 -3436.2146 -3583.6614 -4090.3328 -4652.9287 -5048.1187 -5357.2095 -5475.1343 -5472.7104
-7.9361 -7.8371 2.066 105.3694 -5.5745 -28.5901 -43.3206 -63.8645 -79.1126 -96.0825 -120.9617 -146.7224 -173.3163 -187.5564 -187.1986 -170.7797 -131.7272 -112.0224 -129.5683 -166.3972 -208.5582 -235.677 -316.9932 -397.2423 -507.1866 -699.9031 -946.5684 -1170.0416 -1176.1082 -1031.5934 -975.4816 -1178.1168 -1594.2794 -1827.0857 -1890.52 -1902.6787 -2047.3413 -2163.4241 -2366.2009 -2626.345 -2673.228 -2745.5344 -2832.9114 -3020.9265 -3424.9299 -3764.4109 -4017.2878 -4135.0991 -4317.6367 -4639.8711 -4994.3369 -5278.2314 -5447.2261 -5464.686 -5442.2832 -5382.9756 -5322.1089
24 -9.9362 -18.7307 -19.9482 -24.8578 -34.6194 -54.9066 -80.4615 -93.6461 -100.3649 -106.6719 -130.9096 -169.8062 -197.3529 -214.4104 -209.7663 -166.1604 -161.0063 -237.7805 -428.5675 -657.7123 -776.618 -967.8082 -1108.8029 -1193.3883 -1278.858 -1356.0481 -1529.377 -1675.8817 -1494.3185 -1490.9082 -1831.9207 -2071.1802 -2019.085 -2407.4417 -2707.3196 -2827.5732 -2948.8564 -3059.3477 -3220.9822 -3276.1777 -3341.9783 -3479.448 -3723.0403 -4144.6094 -4375.9131 -4467.0464 -4738.5845 -5100.9775 -5336.5347 -5446.542 -5480.8975 -5496.4761 -5471.1343 -5394.9673 -5243.9307 -5121.8921
-22.2302 -32.5915 -37.0488 -36.7487 -38.2175 -51.3377 -76.7507 -93.4382 -98.2629 -101.0445 -114.3115 -157.6708 -219.6591 -271.5365 -353.935 -470.635 -501.2688 -472.4701 -533.0794 -772.7358 -1082.5862 -1319.4518 -1485.2638 -1551.1753 -1602.932 -1621.3275 -1607.7847 -1792.2632 -1959.7533 -1971.1846 -2119.6262 -2562.5925 -2759.874 -2857.1443 -3220.0698 -3557.8694 -3672.0461 -3797.1655 -3782.0769 -3765.0305 -3792.4436 -3912.2981 -4095.5281 -4356.5889 -4747.8076 -4949.9375 -4974.0532 -5151.4429 -5332.2578 -5416.7534 -5396.8047 -5422.875 -5452.3462 -5387.7686 -5265.0498 -5130.9272 -5032.3784
-67.9378 -71.3702 -70.4611 -64.872 -68.9822 -99.795 -131.1764 -150.759 -169.1355 -201.3464 -286.8851 -434.8443 -616.5027 -742.7721 -831.8102 -957.8794 -1072.1903 -1077.4176 -1056.8345 -1124.0286 -1333.394 -1600.3607 -1776.7439 -1866.1743 -1935.1385 -1972.9976 -1901.0104 -1985.2144 -2354.2439 -2702.2048 -2867.0562 -3295.3955 -3639.573 -4075.687 -4233.3892 -4220.2808 -4141.6929 -4160.8413 -4240.5728 -4258.0791 -4199.2832 -4417.481 -4687.498 -4976.4268 -5228.3418 -5298.9434 -5329.4248 -5410.6401 -5456.9165 -5427.3066 -5346.7925 -5317.7393 -5305.1841 -5240.1577 -5137.1655 -5041.127 -4952.5205
-126.8911 -140.1783 -154.1453 -173.7877 -212.7856 -280.3145 -355.3942 -412.4774 -474.1587 -620.5647 -856.7397 -1102.9929 -1342.0011 -1518.0381 -1570.9813 -1610.4479 -1785.402 -1842.9652 -1742.9338 -1657.5439 -1752.7462 -1877.868 -2146.9531 -2433.1875 -2445.4126 -2554.51 -2629.3547 -2815.3894 -3489.6025 -4052.989 -4077.8257 -4260.3101 -4522.0811 -4676.0405 -4648.5254 -4667.9043 -4727.4092 -4882.5239 -5099.5137 -5167.9727 -5119.4492 -5214.4258 -5226.5068 -5305.4116 -5427.4092 -5516.2476 -5505.6587 -5449.2358 -5401.228 -5365.2412 -5288.8667 -5210.3018 -5167.4038 -5102.9927 -5033.0376 -4952.2998 -4856.936
-320.7951 -419.4695 -507.4266 -631.9124 -767.78 -878.1978 -992.0949 -1045.1141 -1066.0581 -1217.4651 -1436.9874 -1691.2971 -1904.8501 -2105.7307 -2292.533 -2373.3174 -2473.9592 -2587.8481 -2498.5728 -2310.4509 -2244.4009 -2111.0005 -2587.467 -3029.8318 -2965.9387 -3314.2073 -3646.9124 -4215.9658 -4512.2275 -4648.3633 -4640.9692 -4698.3423 -4926.5654 -5059.1895 -5179.355 -5342.5488 -5489.7954 -5582.8672 -5645.4829 -5652.0938 -5621.835 -5589.3496 -5511.7153 -5460.3726 -5416.2236 -5355.8247 -5324.6641 -5329.1934 -5278.9819 -5210.6279 -5127.8022 -5063.8179 -5032.5547 -4993.6836 -4940.355 -4866.895 -4791.4175
-1065.504 -1301.7841 -1433.3361 -1551.7279 -1590.2892 -1598.0344 -1657.8318 -1652.0314 -1620.4492 -1679.1526 -1801.0304 -1936.119 -2116.5112 -2386.0659 -2692.1946 -2885.0349 -2967.5317 -3215.4177 -3263.7107 -3161.4624 -3026.1804 -2892.9172 -3531.8938 -4005.9951 -4124.5361 -4357.9307 -4579.9648 -4795.5991 -5012.7227 -5180.4937 -5285.6904 -5324.9111 -5508.4849 -5687.8677 -5692.8701 -5701.6372 -5723.3125 -5706.2202 -5677.9463 -5611.5801 -5513.7563 -5402.1577 -5309.3418 -5262.4438 -5217.8174 -5151.1367 -5114.7144 -5142.6016 -5104.9673 -5014.7759 -4935.9229 -4916.3164 -4924.5156 -4917.4287 -4876.4028 -4806.0933 -4757.1064
-1937.214 -2093.0859 -2112.4678 -2146.1072 -2153.5247 -2136.0557 -2167.5278 -2168.4033 -2212.5613 -2280.9829 -2302.2109 -2273.0276 -2464.8958 -2890.9468 -3312.137 -3597.6738 -3690.2188 -3908.27 -4096.3047 -4114.4761 -4118.3208 -4260.686 -4521.2485 -4808.0132 -4922.0571 -5026.4663 -5204.4526 -5342.2485 -5463.4453 -5599.9033 -5627.1836 -5687.9756 -5728.8325 -5718.1587 -5688.7212 -5630.5088 -5552.4204 -5497.2656 -5449.9351 -5322.457 -5233.1411 -5191.7217 -5122.0151 -5086.6807 -5051.7202 -4980.3442 -4938.6978 -4965.5278 -4943.6709 -4867.123 -4805.8271 -4805.1582 -4820.6934 -4809.2578 -4772.0786 -4720.1592 -4697.457
-2527.7837 -2486.093 -2438.2119 -2558.9587 -2667.5527 -2691.843 -2798.8032 -2894.8499 -3050.9619 -3232.5466 -3330.728 -3379.9446 -3627.6877 -3964.7708 -4159.8711 -4396.7939 -4567.7349 -4768.23 -4970.0386 -5077.9736 -5208.1299 -5238.373 -5309.2251 -5451.8247 -5536.9468 -5572.8062 -5657.4165 -5684.8374 -5707.9194 -5700.4053 -5656.4312 -5605.8428 -5539.6221 -5496.8921 -5466.4937 -5418.2231 -5307.0996 -5288.6826 -5265.1738 -5160.1255 -5070.5303 -5041.1343 -4944.6211 -4876.4907 -4851.5166 -4808.9834 -4770.2681 -4779.5659 -4755.5532 -4712.73 -4674.6079 -4679.9561 -4693.3833 -4677.5737 -4651.5796 -4627.6016 -4625.2354
-2884.9451 -2876.8047 -2835.0867 -3052.7258 -3304.5085 -3358.8281 -3483.3389 -3684.3325 -3936.645 -4200.9077 -4396.9287 -4539.3228 -4764.8037 -5013.2866 -5095.0879 -5215.2075 -5354.3667 -5531.4575 -5697.1636 -5712.1587 -5716.3931 -5727.5537 -5737.7632 -5774.8521 -5786.0986 -5727.9165 -5672.0977 -5530.6411 -5452.1201 -5421.6333 -5353.1826 -5354.5215 -5330.2246 -5251.8525 -5227.0229 -5218.2832 -5135.8545 -5094.4233 -5055.0811 -4983.9941 -4911.144 -4894.7114 -4815.4595 -4745.605 -4728.2827 -4692.0391 -4647.7339 -4651.9092 -4633.2939 -4609.623 -4593.8867 -4592.8652 -4588.5879 -4578.8823 -4561.3252 -4558.4976 -4577.3027
-3545.3557 -3612.6433 -3588.2185 -3863.6357 -4227.2393 -4403.1494 -4566.8628 -4711.3857 -4892.541 -5075.9976 -5236.9092 -5400.4673 -5616.7861 -5807.3804 -5861.6196 -5889.1396 -5917.0063 -5964.2305 -5951.2734 -5864.6978 -5793.207 -5745.4683 -5673.2656 -5602.5659 -5530.9033 -5459.7783 -5387.7803 -5261.8525 -5179.2339 -5150.7998 -5136.7583 -5148.9712 -5127.5049 -5067.374 -5046.7813 -5018.5342 -4977.7979 -4934.9136 -4898.3213 -4830.3511 -4767.0376 -4787.3213 -4750.0811 -4692.1084 -4654.0195 -4613.9185 -4576.1709 -4566.9292 -4563.8022 -4548.1851 -4534.8696 -4547.7129 -4553.2046 -4541.1016 -4523.4316 -4523.54 -4547.4126
-4289.835 -4433.8999 -4507.5103 -4813.7183 -5158.0342 -5307.9912 -5459.2573 -5594.0776 -5707.5142 -5832.5142 -5974.6748 -6055.7583 -6088.2129 -6071.2583 -6016.9751 -5946.7583 -5852.2725 -5773.312 -5675.9902 -5596.8511 -5534.6719 -5458.1909 -5375.7144 -5301.7905 -5229.4409 -5182.9775 -5137.5342 -5087.4038 -5045.3042 -5017.1172 -5001.0562 -4987.125 -4974.7349 -4942.8887 -4918.8438 -4891.2173 -4881.8145 -4857.2314 -4776.1309 -4606.9336 -4564.0288 -4708.7295 -4693.6699 -4649.666 -4624.104 -4589.4888 -4538.4106 -4515.0859 -4511.7871 -4492.1836 -4485.4985 -4510.6001 -4509.5957 -4496.0747 -4500.1548 -4511.4419 -4531.6079
-5186.6855 -5372.1997 -5526.7676 -5726.7935 -5899.1143 -5973.4185 -6037.8198 -6104.0503 -6147.77 -6158.9497 -6113.7075 -6038.2632 -5927.2432 -5833.2813 -5766.8359 -5660.1826 -5526.3237 -5425.3643 -5340.4414 -5276.4775 -5215.5513 -5136.3467 -5072.3018 -5019.2632 -4962.8682 -4932.8311 -4929.0137 -4919.6909 -4899.1616 -4875.0933 -4864.7271 -4840.7412 -4833.5371 -4827.6392 -4814.0562 -4826.3169 -4842.915 -4811.9932 -4670.1914 -4423.7964 -4444.0728 -4697.6055 -4690.3721 -4638.7861 -4614.3774 -4571.9404 -4508.5591 -4482.877 -4464.0767 -4436.9463 -4441.8677 -4456.1782 -4449.3174 -4453.5229 -4467.4673 -4486.2695 -4510.1597
-6004.7959 -6127.23 -6181.689 -6177.2256 -6136.2617 -6068.6211 -5974.8213 -5879.2222 -5806.645 -5738.8799 -5664.6157 -5597.4243 -5529.3872 -5454.7295 -5359.6235 -5263.2671 -5173.8013 -5090.9077 -5037.9165 -4992.0967 -4951.4907 -4921.6855 -4886.1274 -4854.8521 -4814.4424 -4797.0034 -4806.8848 -4805.0112 -4789.3467 -4767.1323 -4758.7505 -4756.1934 -4756.8081 -4751.8872 -4745.6426 -4767.187 -4751.8535 -4675.2891 -4542.6606 -4496.6011 -4574.3735 -4704.2651 -4672.9507 -4615.0884 -4589.584 -4543.0796 -4483.1582 -4451.6318 -4423.582 -4402.0112 -4404.0664 -4367.4395 -4358.3413 -4413.8193 -4443.1333 -4457.8813 -4473.2739
-6112.4653 -6049.4409 -5945.4883 -5820.0874 -5732.481 -5659.8906 -5589.3252 -5528.4136 -5477.0723 -5417.729 -5344.376 -5266.4619 -5184.5923 -5114.0303 -5050.6538 -4999.5376 -4964.0825 -4915.0732 -4878.0225 -4865.3486 -4849.3301 -4822.4385 -4791.79 -4777.8662 -4756.1826 -4754.1875 -4728.6162 -4694.3491 -4676.2456 -4659.1006 -4670.5884 -4682.3491 -4690.5913 -4685.7646 -4700.9268 -4711.8892 -4668.4365 -4555.2197 -4523.3794 -4683.5996 -4840.5854 -4781.3169 -4669.623 -4607.4067 -4565.7334 -4511.793 -4472.9712 -4448.2769 -4410.4941 -4386.1172 -4388.2427 -4334.3467 -4305.0781 -4372.4395 -4423.0332 -4432.1685 -4442.4082
-5673.8838 -5581.5947 -5479.2236 -5386.8481 -5338.124 -5296.2739 -5261.0986 -5230.3066 -5192.8472 -5151.1758 -5097.7676 -5029.7476 -4971.644 -4937.9072 -4904.2451 -4871.126 -4854.0625 -4825.978 -4800.2349 -4792.1118 -4774.8433 -4725.3828 -4693.2705 -4714.7085 -4706.4922 -4696.3159 -4659.0532 -4611.1655 -4594.2793 -4581.2046 -4592.6216 -4604.9258 -4629.9678 -4632.2729 -4674.1758 -4692.6157 -4668.3574 -4585.2798 -4628.6772 -4764.9321 -4809.7358 -4709.5034 -4618.0049 -4566.2813 -4532.1641 -4494.5938 -4474.2529 -4455.9829 -4415.5 -4382.8096 -4386.5444 -4377.4844 -4364.4214 -4390.3345 -4413.1411 -4418.1045 -4440.2715
-5244.4238 -5187.73 -5128.7007 -5081.5762 -5044.9609 -5025.7437 -5018.1768 -4997.2183 -4969.936 -4951.8828 -4930.3613 -4897.8359 -4866.6782 -4839.9341 -4819.8315 -4804.7769 -4777.3608 -4749.4038 -4737.7686 -4735.5576 -4718.8667 -4654.9375 -4618.5039 -4660.2661 -4656.5142 -4644.1997 -4618.3984 -4586.979 -4572.4561 -4559.4854 -4551.3149 -4540.1655 -4567.894 -4587.0083 -4622.3271 -4642.1333 -4624.918 -4610.2388 -4619.0835 -4635.1587 -4616.5732 -4572.7646 -4540.1318 -4512.7573 -4489.835 -4455.2046 -4442.6118 -4437.7007 -4422.439 -4398.8965 -4366.3398 -4366.3833 -4400.603 -4416.999 -4396.2837 -4390.4023 -4423.2983
-4991.7388 -4957.4146 -4922.2456 -4890.8657 -4865.252 -4859.3208 -4865.5518 -4855.7212 -4833.7051 -4825.7764 -4818.7495 -4803.2349 -4788.6123 -4773.2563 -4768.1431 -4766.1553 -4744.1714 -4712.6035 -4692.147 -4686.2837 -4677.2681 -4641.229 -4623.1167 -4632.7842 -4627.2832 -4618.7554 -4598.3203 -4577.2139 -4563.4966 -4552.251 -4551.623 -4538.7197 -4535.2173 -4541.0254 -4560.8569 -4577.5649 -4571.3726 -4561.8203 -4568.1104 -4568.7021 -4558.1641 -4545.29 -4524.8203 -4492.082 -4438.2139 -4390.4111 -4404.8486 -4428.6411 -4417.4395 -4358.9111 -4256.4795 -4280.416 -4400.1372 -4434.9238 -4391.2588 -4357.5693 -4368.0825
-4877.6768 -4856.3057 -4838.6567 -4826.9321 -4812.4717 -4802.5859 -4800.0615 -4791.6821 -4778.2007 -4771.5381 -4765.8335 -4756.459 -4747.1509 -4727.0103 -4719.3154 -4724.8325 -4715.7441 -4687.8491 -4663.7305 -4652.8706 -4643.7676 -4633.5557 -4621.3711 -4610.5967 -4600.0229 -4592.4004 -4587.6743 -4566.8691 -4556.814 -4547.5142 -4534.0176 -4533.2617 -4532.2593 -4533.8047 -4536.2202 -4537.3369 -4523.8247 -4519.856 -4545.1138 -4555.9741 -4550.6831 -4544.8882 -4529.2549 -4496.9873 -4430.6362 -4378.7983 -4405.5742 -4430.4561 -4406.9839 -4338.9634 -4276.7173 -4334.938 -4430.3638 -4428.0254 -4372.1929 -4330.1436 -4357.6162
