Resources/Map/Lvl0_30x30/Ele_EB.asc
ncols         335
nrows         335
xllcorner     -16695000
yllcorner     -6725000
cellsize      10000
nodata_value  -99999.0
[rows 174 to 202 of 335, columns 195 to 259 of 335]
-4598 -4583 -4529 -4555 -4559 -4517 -4583 -4639 -4518 -4573 -4743 -4753 -4629 -4529 -4642 -4822 -4777 -4733 -4806 -4820 -4876 -4886 -5025 -5004 -4915 -4894 -4840 -4690 -4632 -4584 -4521 -4534 -4487 -4453 -4550 -4635 -4487 -4515 -4671 -4607 -4384 -4230 -4273 -4577 -4668 -4451 -4534 -4700 -4468 -4309 -4475 -4515 -4486 -4441 -4422 -4426 -4433 -4413 -4319 -4008 -3830 -4114 -4272 -4195 -4184
-4443 -4501 -4537 -4617 -4739 -4702 -4552 -4560 -4644 -4791 -4833 -4747 -4763 -4584 -4500 -4519 -4447 -4607 -4781 -4770 -4771 -4831 -4762 -4621 -4580 -4636 -4848 -4957 -4831 -4643 -4483 -4461 -4448 -4434 -4550 -4640 -4521 -4540 -4633 -4566 -4466 -4457 -4442 -4518 -4569 -4636 -4805 -4709 -4092 -3736 -4083 -4327 -4399 -4441 -4448 -4452 -4447 -4481 -4443 -4199 -3988 -4160 -4246 -4145 -4135
-4419 -4459 -4254 -4222 -4537 -4721 -4672 -4628 -4635 -4697 -4542 -4459 -4745 -4787 -4750 -4647 -4597 -4703 -4679 -4669 -4790 -4940 -4680 -4628 -4704 -4651 -4663 -4836 -4873 -4781 -4573 -4453 -4420 -4410 -4459 -4484 -4449 -4425 -4424 -4385 -4352 -4435 -4486 -4409 -4310 -4397 -4451 -4418 -4348 -4302 -4299 -4185 -4315 -4453 -4451 -4409 -4361 -4431 -4500 -4453 -4345 -4355 -4420 -4422 -4442
-4580 -4389 -4162 -4244 -4474 -4560 -4583 -4569 -4525 -4563 -4539 -4496 -4636 -4680 -4621 -4644 -4726 -4771 -4685 -4622 -4613 -4703 -4621 -4712 -4840 -4757 -4670 -4758 -4813 -4773 -4585 -4419 -4443 -4442 -4378 -4382 -4443 -4435 -4420 -4433 -4375 -4407 -4458 -4417 -4375 -4366 -4296 -4296 -4462 -4623 -4596 -4435 -4413 -4424 -4440 -4505 -4476 -4457 -4520 -4521 -4409 -4397 -4519 -4536 -4428
-4518 -4214 -4285 -4567 -4505 -4323 -4400 -4457 -4418 -4430 -4430 -4391 -4415 -4412 -4342 -4427 -4574 -4658 -4677 -4667 -4571 -4517 -4472 -4507 -4585 -4504 -4549 -4678 -4764 -4841 -4756 -4622 -4638 -4508 -4312 -4344 -4494 -4477 -4376 -4418 -4379 -4354 -4411 -4362 -4333 -4346 -4357 -4370 -4377 -4379 -4399 -4465 -4453 -4412 -4455 -4492 -4470 -4494 -4597 -4592 -4458 -4446 -4587 -4496 -4129
-4588 -4420 -4479 -4570 -4382 -4206 -4314 -4394 -4442 -4471 -4370 -4353 -4451 -4394 -4238 -4288 -4425 -4447 -4451 -4560 -4613 -4621 -4539 -4437 -4454 -4402 -4426 -4499 -4554 -4641 -4685 -4669 -4699 -4609 -4503 -4534 -4562 -4472 -4363 -4442 -4405 -4308 -4346 -4382 -4358 -4349 -4344 -4314 -4323 -4317 -4274 -4345 -4389 -4388 -4377 -4252 -4142 -4055 -4091 -4315 -4427 -4370 -4355 -4302 -4186
-4577 -4537 -4547 -4504 -4417 -4317 -4244 -4318 -4558 -4599 -4447 -4379 -4377 -4414 -4461 -4422 -4381 -4450 -4460 -4415 -4475 -4588 -4569 -4557 -4491 -4382 -4322 -4313 -4333 -4460 -4528 -4432 -4402 -4496 -4633 -4687 -4620 -4548 -4441 -4396 -4418 -4409 -4383 -4434 -4473 -4448 -4347 -4276 -4390 -4442 -4340 -4284 -4237 -4240 -4302 -4224 -4105 -4049 -4025 -4182 -4362 -4320 -4299 -4343 -4329
-4523 -4513 -4513 -4452 -4481 -4506 -4406 -4396 -4503 -4449 -4377 -4394 -4254 -4296 -4496 -4424 -4320 -4429 -4401 -4242 -4316 -4523 -4585 -4659 -4572 -4470 -4331 -4272 -4313 -4527 -4642 -4423 -4255 -4407 -4558 -4559 -4654 -4801 -4787 -4646 -4603 -4488 -4320 -4380 -4462 -4395 -4324 -4325 -4381 -4415 -4407 -4384 -4328 -4288 -4373 -4445 -4386 -4335 -4283 -4273 -4275 -4188 -4282 -4343 -4278
-4646 -4561 -4471 -4287 -4234 -4436 -4460 -4371 -4361 -4306 -4162 -4112 -4206 -4302 -4396 -4432 -4444 -4394 -4408 -4408 -4355 -4482 -4470 -4457 -4507 -4506 -4444 -4407 -4448 -4512 -4421 -4303 -4357 -4476 -4413 -4321 -4518 -4717 -4798 -4815 -4746 -4557 -4375 -4418 -4466 -4345 -4230 -4220 -4244 -4194 -4204 -4281 -4306 -4232 -4200 -4267 -4086 -3531 -3299 -3734 -4156 -4210 -4275 -4265 -4245
-4728 -4551 -4475 -4444 -4443 -4576 -4551 -4331 -4171 -4321 -4452 -4378 -4273 -4229 -4336 -4493 -4469 -4264 -4368 -4611 -4574 -4478 -4536 -4423 -4430 -4454 -4467 -4545 -4627 -4544 -4343 -4318 -4380 -4351 -4248 -4258 -4386 -4374 -4381 -4577 -4806 -4913 -4786 -4632 -4581 -4560 -4521 -4451 -4400 -4303 -4296 -4350 -4333 -4290 -4237 -4196 -3988 -3424 -3209 -3641 -4100 -4236 -4141 -3889 -3742
-4581 -4458 -4451 -4557 -4447 -4378 -4578 -4541 -4341 -4400 -4523 -4561 -4491 -4336 -4333 -4435 -4405 -4269 -4342 -4496 -4520 -4355 -4510 -4446 -4388 -4488 -4578 -4617 -4580 -4483 -4476 -4557 -4540 -4458 -4358 -4317 -4308 -4138 -4037 -4212 -4483 -4695 -4748 -4725 -4684 -4666 -4678 -4626 -4641 -4658 -4564 -4418 -4306 -4363 -4395 -4206 -4118 -4119 -4128 -4107 -4078 -4144 -4237 -4228 -4033
-4631 -4547 -4490 -4610 -4511 -4322 -4569 -4697 -4589 -4513 -4452 -4498 -4597 -4498 -4279 -4255 -4410 -4539 -4542 -4403 -4421 -4352 -4411 -4489 -4514 -4592 -4624 -4611 -4577 -4600 -4643 -4631 -4529 -4492 -4424 -4328 -4310 -4212 -4089 -4086 -4102 -4143 -4258 -4430 -4567 -4653 -4699 -4590 -4569 -4680 -4603 -4440 -4334 -4339 -4353 -4116 -3923 -3976 -4106 -4124 -4064 -4077 -4247 -4418 -4399
-4719 -4647 -4598 -4636 -4566 -4349 -4498 -4623 -4534 -4506 -4482 -4550 -4668 -4525 -4098 -3938 -4167 -4321 -4335 -4417 -4539 -4456 -4468 -4556 -4578 -4601 -4656 -4711 -4730 -4796 -4797 -4586 -4312 -4361 -4502 -4410 -4278 -4283 -4328 -4295 -4195 -4062 -4006 -4117 -4244 -4320 -4396 -4372 -4377 -4395 -4354 -4409 -4512 -4560 -4607 -4475 -4250 -4180 -4137 -4045 -4044 -4121 -4190 -4179 -4051
-4758 -4697 -4613 -4595 -4597 -4551 -4602 -4545 -4399 -4345 -4418 -4572 -4643 -4593 -4503 -4460 -4414 -4147 -4015 -4338 -4508 -4415 -4747 -4744 -4584 -4476 -4479 -4661 -4802 -4796 -4685 -4486 -4342 -4439 -4582 -4521 -4360 -4383 -4506 -4475 -4399 -4253 -4193 -4302 -4285 -4129 -3964 -3932 -4039 -4034 -4150 -4426 -4648 -4764 -4824 -4782 -4608 -4646 -4663 -4450 -4353 -4330 -4271 -4211 -4114
-4637 -4647 -4654 -4616 -4637 -4747 -4741 -4721 -4782 -4648 -4595 -4563 -4463 -4496 -4578 -4638 -4703 -4597 -4463 -4596 -4574 -4249 -4627 -4742 -4362 -3791 -3587 -4186 -4651 -4566 -4395 -4492 -4559 -4457 -4450 -4532 -4497 -4469 -4478 -4423 -4470 -4411 -4368 -4361 -4227 -4086 -4010 -4049 -4064 -3961 -4092 -4420 -4685 -4648 -4518 -4553 -4471 -4626 -4829 -4769 -4789 -4791 -4703 -4592 -4506
-4501 -4505 -4584 -4623 -4572 -4498 -4408 -4533 -4779 -4715 -4623 -4538 -4387 -4437 -4466 -4397 -4570 -4683 -4590 -4666 -4816 -4600 -4268 -4476 -4431 -4082 -3907 -4305 -4556 -4232 -3994 -4313 -4619 -4487 -4424 -4501 -4524 -4535 -4515 -4428 -4465 -4455 -4423 -4326 -4190 -4304 -4599 -4750 -4671 -4517 -4583 -4819 -4740 -4322 -4230 -4482 -4411 -4366 -4414 -4317 -4513 -4861 -4948 -4836 -4796
-4550 -4366 -4322 -4526 -4590 -4541 -4423 -4468 -4594 -4638 -4633 -4620 -4536 -4535 -4498 -4433 -4613 -4698 -4616 -4570 -4648 -4625 -4498 -4548 -4604 -4677 -4628 -4540 -4576 -4364 -4199 -4498 -4695 -4366 -4177 -4308 -4447 -4448 -4494 -4524 -4489 -4421 -4363 -4314 -4279 -4610 -5106 -5128 -4902 -4753 -4620 -4486 -4285 -4070 -4103 -4293 -4328 -4137 -3800 -3549 -3760 -4071 -4165 -4277 -4490
-4580 -4481 -4375 -4475 -4633 -4620 -4570 -4549 -4466 -4505 -4598 -4601 -4532 -4596 -4645 -4608 -4680 -4672 -4551 -4477 -4514 -4626 -4704 -4696 -4580 -4523 -4478 -4497 -4548 -4430 -4387 -4568 -4568 -4301 -4199 -4353 -4436 -4340 -4358 -4469 -4493 -4431 -4387 -4393 -4487 -4761 -4851 -4552 -4328 -4298 -4197 -4080 -4092 -4243 -4313 -4221 -4231 -4085 -3814 -3717 -3813 -3771 -3791 -4000 -4026
-4524 -4584 -4587 -4490 -4511 -4547 -4561 -4561 -4515 -4542 -4556 -4452 -4482 -4603 -4673 -4585 -4547 -4459 -4389 -4422 -4522 -4633 -4559 -4593 -4542 -4444 -4428 -4516 -4507 -4426 -4483 -4547 -4511 -4456 -4427 -4433 -4395 -4335 -4339 -4409 -4533 -4494 -4357 -4402 -4619 -4735 -4599 -4348 -4242 -4249 -4216 -4209 -4196 -4296 -4329 -4241 -4292 -4203 -3961 -3818 -3848 -3890 -4005 -4181 -4087
-4528 -4585 -4627 -4534 -4540 -4591 -4522 -4424 -4364 -4403 -4469 -4438 -4505 -4542 -4566 -4577 -4548 -4381 -4399 -4543 -4515 -4509 -4662 -4655 -4698 -4672 -4527 -4453 -4448 -4541 -4650 -4591 -4491 -4459 -4462 -4437 -4392 -4417 -4480 -4515 -4581 -4459 -4341 -4518 -4659 -4480 -4416 -4308 -4333 -4385 -4229 -4151 -4221 -4311 -4311 -4373 -4525 -4455 -4180 -3977 -3943 -3902 -3729 -3495 -3378
-4512 -4568 -4503 -4450 -4484 -4484 -4479 -4504 -4471 -4430 -4559 -4563 -4487 -4471 -4476 -4489 -4480 -4514 -4617 -4696 -4544 -4458 -4653 -4704 -4913 -4883 -4574 -4498 -4575 -4626 -4591 -4518 -4481 -4522 -4625 -4630 -4520 -4529 -4585 -4502 -4408 -4347 -4380 -4593 -4610 -4398 -4349 -4320 -4406 -4341 -4138 -4176 -4472 -4490 -4285 -4255 -4340 -4349 -4307 -4321 -4329 -4205 -3715 -2983 -2624
-4655 -4734 -4636 -4587 -4579 -4503 -4482 -4565 -4586 -4456 -4436 -4473 -4461 -4470 -4485 -4438 -4450 -4529 -4580 -4566 -4447 -4411 -4565 -4634 -4800 -4814 -4655 -4555 -4614 -4658 -4705 -4701 -4557 -4548 -4690 -4688 -4471 -4421 -4496 -4468 -4390 -4393 -4504 -4546 -4428 -4322 -4258 -4191 -4152 -4100 -4129 -4226 -4297 -4210 -4112 -4065 -4093 -4190 -4171 -4143 -4213 -4365 -4286 -3996 -3846
-4635 -4712 -4692 -4660 -4689 -4700 -4620 -4515 -4508 -4450 -4413 -4438 -4503 -4500 -4426 -4409 -4488 -4533 -4526 -4485 -4408 -4401 -4551 -4535 -4508 -4551 -4619 -4503 -4525 -4713 -4872 -4803 -4501 -4375 -4464 -4598 -4525 -4448 -4503 -4510 -4380 -4348 -4515 -4447 -4208 -4086 -4012 -3905 -3928 -4161 -4321 -4273 -4161 -4087 -4116 -4128 -4103 -4095 -4082 -4052 -4107 -4288 -4247 -4208 -4271
-4634 -4610 -4637 -4776 -4848 -4731 -4611 -4525 -4493 -4495 -4534 -4566 -4501 -4418 -4398 -4522 -4545 -4507 -4507 -4430 -4375 -4386 -4462 -4470 -4405 -4460 -4622 -4585 -4687 -4846 -4721 -4530 -4454 -4442 -4460 -4564 -4555 -4391 -4293 -4300 -4302 -4322 -4401 -4277 -4095 -3992 -3962 -4008 -4221 -4343 -4203 -4193 -4179 -4118 -4149 -4201 -4117 -3999 -4028 -4035 -4042 -4070 -4021 -4098 -4108
-4806 -4558 -4428 -4604 -4732 -4714 -4730 -4684 -4549 -4548 -4645 -4597 -4411 -4409 -4536 -4610 -4499 -4424 -4404 -4371 -4403 -4440 -4509 -4506 -4443 -4532 -4665 -4580 -4604 -4689 -4617 -4463 -4487 -4540 -4472 -4466 -4494 -4433 -4296 -4263 -4320 -4315 -4333 -4454 -4549 -4570 -4486 -4416 -4440 -4329 -4232 -4212 -4165 -4171 -4218 -4159 -4067 -4041 -4058 -4134 -4249 -4204 -4130 -4198 -4070
-4880 -4626 -4443 -4262 -4096 -4305 -4650 -4692 -4559 -4584 -4591 -4423 -4346 -4423 -4534 -4566 -4447 -4354 -4330 -4401 -4455 -4430 -4487 -4465 -4478 -4469 -4547 -4512 -4508 -4575 -4614 -4482 -4491 -4532 -4430 -4400 -4395 -4352 -4244 -4211 -4284 -4323 -4405 -4614 -4660 -4577 -4490 -4403 -4318 -4221 -4213 -4197 -4134 -4120 -4141 -4136 -4192 -4218 -3965 -3778 -3824 -3948 -4107 -4185 -4032
-5005 -4991 -4916 -4634 -4302 -4386 -4647 -4686 -4573 -4474 -4379 -4287 -4348 -4454 -4475 -4448 -4418 -4350 -4333 -4391 -4408 -4415 -4394 -4449 -4471 -4428 -4469 -4449 -4451 -4432 -4473 -4436 -4471 -4481 -4405 -4387 -4374 -4286 -4213 -4267 -4392 -4456 -4433 -4362 -4315 -4310 -4306 -4259 -4196 -4181 -4179 -4149 -4155 -4229 -4302 -4228 -4179 -4138 -3760 -3347 -3331 -3655 -3939 -3882 -3828
-4508 -4802 -4922 -4911 -4811 -4695 -4596 -4650 -4742 -4565 -4384 -4353 -4409 -4440 -4370 -4359 -4380 -4368 -4393 -4457 -4529 -4463 -4349 -4419 -4407 -4384 -4412 -4416 -4375 -4354 -4400 -4413 -4422 -4422 -4362 -4278 -4257 -4269 -4296 -4414 -4347 -4271 -4302 -4197 -4178 -4263 -4259 -4204 -4233 -4357 -4317 -4228 -4249 -4311 -4354 -4282 -4213 -4225 -4076 -4021 -4102 -4235 -4310 -4130 -3995
-4178 -4437 -4599 -4663 -4715 -4567 -4340 -4372 -4553 -4547 -4444 -4418 -4485 -4466 -4355 -4381 -4481 -4496 -4489 -4473 -4511 -4491 -4394 -4384 -4359 -4383 -4416 -4368 -4350 -4426 -4468 -4463 -4393 -4394 -4377 -4327 -4393 -4455 -4441 -4437 -4228 -4127 -4194 -4259 -4289 -4255 -4283 -4307 -4356 -4441 -4331 -4223 -4291 -4355 -4297 -4190 -4129 -4086 -3987 -4082 -4222 -4271 -4254 -4219 -4123
