Resources/Map/Lvl0_30x30/Ele_CB.asc
ncols         335
nrows         335
xllcorner     -16695000
yllcorner     -25000
cellsize      10000
nodata_value  -99999.0
[rows 175 to 199 of 335, columns 114 to 170 of 335]
-4868.7158 -4824.0435 -4845.1563 -4880.8989 -4861.2061 -4838.0225 -4772.1294 -4761.6304 -4792.9517 -4776.0947 -4750.5088 -4738.0425 -4734.8872 -4743.0269 -4759.6299 -4734.2246 -4681.5244 -4630.5918 -4571.9697 -4608.8916 -4688.9644 -4699.3906 -4699.4941 -4691.2983 -4664.4238 -4612.7661 -4616.8525 -4669.0444 -4652.4648 -4642.1099 -4577.0127 -4602.1118 -4600.5869 -4652.9868 -4691.0933 -4655.5957 -4684.498 -4900.209 -4759.5039 -4553.5947 -4689.9414 -4929.7769 -4991.7417 -5004.772 -4943.5127 -4876.1582 -4839.2466 -4890.4131 -4940.832 -4888.2446 -4918.5264 -4953.7837 -4855.6045 -4866.6387 -4893.2856 -4896.7334 -4992.7383
-4937.5542 -4916.7876 -4911.0947 -4879.564 -4855.7012 -4844.2192 -4757.1357 -4744.1963 -4780.418 -4785.688 -4808.0688 -4802.4478 -4779.0098 -4720.9316 -4689.8472 -4696.3438 -4667.0381 -4639.1934 -4639.3721 -4662.2158 -4663.5684 -4695.3428 -4734.8989 -4698.2896 -4657.9668 -4640.4985 -4661.481 -4676.7012 -4656.6558 -4619.1978 -4594.459 -4666.6572 -4609.2207 -4678.8628 -4707.8901 -4601.1504 -4697.9565 -4764.8892 -4678.625 -4715.6763 -4986.2607 -5172.3105 -5107.5537 -4971.1885 -4824.4355 -4816.9136 -4864.0415 -4934.4751 -4971.6118 -4910.0439 -4911.2495 -4964.8843 -4892.8491 -4915.8643 -4978.6528 -4978.437 -4961.9326
-4940.1782 -4943.0264 -4938.2905 -4848.4893 -4798.0132 -4824.1372 -4796.3726 -4771.4971 -4798.4263 -4815.5161 -4799.9961 -4784.1211 -4769.1826 -4712.3677 -4682.939 -4701.3345 -4681.731 -4656.2813 -4658.0728 -4649.2671 -4633.9165 -4679.9639 -4685.6104 -4670.9131 -4668.6519 -4643.7861 -4635.8262 -4664.5005 -4703.6475 -4639.5063 -4652.6743 -4717.8281 -4717.2417 -4732.6235 -4783.1563 -4617.709 -4727.1172 -4787.2266 -4811.6719 -4822.6675 -4803.3447 -4872.0874 -4967.9019 -4924.0083 -4807.0039 -4636.4238 -4506.27 -4778.8252 -4971.6777 -4980.0786 -4850.1191 -4805.0425 -4801.5684 -4855.1948 -4923.8755 -4952.2617 -4915.9482
-4855.1396 -4886.6904 -4909.9375 -4881.376 -4825.1841 -4793.6494 -4794.1821 -4796.2026 -4797.3188 -4785.1797 -4780.7271 -4793.4458 -4786.377 -4727.5234 -4699.2471 -4742.501 -4728.9805 -4692.4131 -4652.0288 -4625.5313 -4679.9375 -4688.1416 -4639.8857 -4665.4805 -4715.7666 -4674.9277 -4614.0669 -4638.7666 -4719.2881 -4678.543 -4682.4072 -4749.6011 -4787.7642 -4784.5225 -4753.8994 -4586.5044 -4669.6348 -4837.4795 -4950.8691 -4836.3267 -4754.313 -4813.375 -4918.8745 -4765.856 -4527.7896 -3782.7231 -3218.3503 -4137.6436 -4856.0293 -4975.4629 -4772.585 -4658.0229 -4669.9565 -4769.1606 -4865.6523 -4923.2729 -4944.6768
-4770.8809 -4929.9941 -4962.9458 -4856.751 -4811.0513 -4779.3462 -4811.4048 -4791.6538 -4753.833 -4744.0088 -4778.8428 -4799.0908 -4769.6479 -4692.3706 -4686.5371 -4764.667 -4738.8193 -4719.7197 -4723.4736 -4712.6689 -4743.9878 -4684.0981 -4680.4634 -4744.1753 -4796.9473 -4774.6143 -4740.4536 -4708.3535 -4777.8857 -4741.8096 -4644.3667 -4686.5581 -4685.6196 -4623.8223 -4613.2773 -4604.9492 -4726.8765 -4896.1943 -4965.6553 -4870.1826 -4866.0757 -4853.3618 -4895.5308 -4559.3779 -4226.4756 -3816.97 -3459.0774 -4150.2764 -4720.5352 -4949.3032 -4861.3164 -4703.2109 -4637.2012 -4694.7529 -4782.5229 -4918.6074 -4965.6011
-4960.8916 -5181.7183 -5063.2231 -4841.7661 -4797.4199 -4778.7729 -4802.2954 -4784.7632 -4769.3657 -4772.6821 -4805.3364 -4783.9155 -4696.6035 -4644.1123 -4701.0469 -4780.4111 -4751.1655 -4765.4854 -4826.481 -4827.3643 -4779.3657 -4741.7822 -4750.0757 -4814.4463 -4844.4346 -4801.9741 -4757.3887 -4662.4946 -4704.6431 -4714.0645 -4626.686 -4656.2178 -4641.9849 -4624.8311 -4735.5957 -4645.4121 -4764.2427 -4867.0083 -4868.3174 -4876.7959 -4862.7817 -4859.187 -4942.2637 -4833.459 -4761.4922 -4822.4678 -4763.9976 -4821.2896 -4835.5996 -4938.7495 -4925.9502 -4818.7646 -4764.7104 -4684.519 -4661.9165 -4842.1455 -4910.0332
-5393.5991 -5348.4629 -5009.4297 -4811.8389 -4885.604 -4893.9121 -4844.1387 -4836.2764 -4827.7896 -4821.8857 -4836.96 -4801.8975 -4723.2495 -4706.2095 -4734.7871 -4782.4419 -4823.5615 -4815.6011 -4791.5527 -4783.1694 -4717.0522 -4713.7944 -4722.5967 -4778.6855 -4821.1313 -4766.4673 -4729.1611 -4651.856 -4665.2285 -4742.1831 -4754.3198 -4685.6655 -4576.5645 -4625.2358 -4676.2617 -4577.5889 -4773.187 -4866.3315 -4806.355 -4870.8364 -4851.8682 -4879.6245 -4944.4771 -4926.7119 -4919.2793 -4950.9014 -4956.9502 -4960.4463 -4827.3945 -4842.3262 -4887.52 -4881.9443 -4898.7344 -4862.5825 -4827.0122 -4845.6147 -4831.9512
-5033.0186 -4995.7915 -4872.9292 -4820.5352 -4931.3853 -4938.333 -4893.9458 -4939.4546 -4915.5112 -4903.3872 -4932.2461 -4872.5659 -4796.4277 -4789.811 -4769.7007 -4765.8643 -4845.8071 -4807.1792 -4675.9609 -4649.9771 -4664.1309 -4715.7402 -4754.7378 -4792.6621 -4825.9824 -4797.6641 -4793.314 -4789.582 -4755.8521 -4766.2007 -4798.1753 -4775.8623 -4679.6094 -4637.9502 -4577.5625 -4599.3296 -4718.9258 -4835.1392 -4801.5923 -4807.9321 -4684.9321 -4761.7578 -4878.9863 -4919.6997 -4838.6982 -4818.0327 -4816.4312 -4842.4531 -4809.0576 -4824.1914 -4830.0093 -4817.9087 -4852.0815 -4877.0552 -4879.2275 -4800.7705 -4745.1548
-4657.7261 -4970.4424 -5014.4756 -4984.8901 -5001.8335 -4946.0835 -4978.9038 -5058.4453 -5028.8677 -4983.9048 -4979.5693 -4906.1724 -4782.002 -4745.0107 -4725.1572 -4667.1548 -4708.7612 -4733.5176 -4705.7158 -4705.8149 -4731.9336 -4779.1133 -4802.8682 -4794.5381 -4796.5576 -4821.127 -4833.355 -4830.3345 -4838.1323 -4791.5044 -4784.0894 -4843.3105 -4795.6494 -4703.7744 -4611.8633 -4657.6211 -4711.7681 -4776.9048 -4777.9688 -4773.2388 -4627.7949 -4712.6255 -4796.3359 -4796.9912 -4793.6235 -4829.8052 -4831.6646 -4772.3325 -4732.6792 -4709.1689 -4730.1348 -4749.0117 -4793.5317 -4791.8687 -4790.1616 -4809.8208 -4794.9932
-4943.8887 -5279.4072 -5198.2959 -5071.0884 -5034.1855 -4946.812 -4963.0518 -4960.0469 -4975.4185 -4945.2754 -4921.2329 -4895.231 -4786.3936 -4757.7769 -4788.46 -4728.0166 -4702.4834 -4729.8652 -4751.6421 -4742.3252 -4737.7798 -4780.3389 -4803.7373 -4785.4063 -4778.6035 -4789.811 -4818.7847 -4817.4077 -4848.1924 -4775.3848 -4755.9229 -4854.4492 -4821.0415 -4765.9771 -4662.8569 -4695.7983 -4784.29 -4739.4883 -4751.105 -4742.1484 -4709.1631 -4788.96 -4802.5464 -4730.8135 -4750.0269 -4803.7612 -4789.5332 -4708.501 -4724.6895 -4711.833 -4721.3574 -4722.9072 -4790.7285 -4821.647 -4803.9126 -4847.5288 -4828.4644
-5039.0986 -5196.4521 -5079.6118 -4920.48 -4921.7534 -4890.2407 -4868.5542 -4778.8564 -4820.7378 -4861.457 -4864.2319 -4918.1074 -4903.7646 -4863.5405 -4895.2109 -4867.1572 -4800.7031 -4768.8047 -4787.2583 -4765.5249 -4746.853 -4787.6104 -4811.4492 -4811.9531 -4833.3032 -4782.5503 -4787.0693 -4784.3857 -4824.1533 -4767.4551 -4729.3892 -4816.3613 -4842.0815 -4801.9722 -4695.793 -4778.4429 -4794.8774 -4771.0684 -4820.5713 -4778.2339 -4771.5308 -4769.8096 -4847.793 -4842.3735 -4763.6567 -4733.9126 -4763.9253 -4717.2754 -4718.9834 -4702.9941 -4688.9307 -4693.6411 -4783.2905 -4843.1978 -4805.2837 -4786.5903 -4763.7319
-4848.4165 -4905.9795 -4933.939 -4890.6982 -4874.4565 -4896.6997 -4933.7158 -4823.6196 -4834.0059 -4876.3638 -4829.9819 -4863.333 -4910.937 -4913.9663 -4925.0659 -4889.9043 -4840.1006 -4818.4775 -4845.9307 -4858.0908 -4835.6006 -4821.9526 -4826.8062 -4836.4297 -4844.2974 -4788.7568 -4789.0962 -4782.5962 -4823.959 -4810.5483 -4787.4546 -4793.3906 -4822.1421 -4824.8208 -4749.8418 -4828.8691 -4826.939 -4842.1035 -4870.2617 -4850.0518 -4813.0527 -4738.6401 -4815.5259 -4870.7148 -4812.125 -4758.082 -4782.4155 -4758.7422 -4669.7974 -4644.208 -4675.439 -4734.1221 -4819.0625 -4864.5063 -4842.8799 -4772.9692 -4728.3652
-4804.7651 -4890.1143 -4949.4727 -4968.5723 -4937.1743 -4926.0137 -4978.6021 -4916.7026 -4866.3696 -4851.9014 -4818.0527 -4846.9502 -4908.4707 -4948.1519 -4922.5986 -4884.6694 -4876.626 -4869.6719 -4895.6753 -4924.6304 -4903.5601 -4863.2437 -4863.5859 -4870.5864 -4864.8198 -4778.4453 -4800.9248 -4843.6191 -4865.7681 -4851.1528 -4823.0234 -4838.6064 -4852.2437 -4880.3145 -4799.668 -4768.6338 -4859.0151 -4925.4316 -4855.2725 -4802.3618 -4770.0928 -4808.0532 -4824.7651 -4877.6104 -4835.1528 -4769.7656 -4802.4209 -4846.6641 -4776.6665 -4758.8345 -4789.3892 -4825.2383 -4890.2354 -4914.812 -4883.2646 -4809.9272 -4782.0391
-4894.6436 -4987.5518 -4978.7695 -4987.9863 -4956.2896 -4915.1841 -4936.5938 -4955.6323 -4916.2021 -4913.2266 -4924.5938 -4922.8159 -4943.5801 -4946.1514 -4904.248 -4884.3706 -4890.9688 -4870.3647 -4889.0898 -4924.6841 -4908.5977 -4868.4507 -4871.7715 -4877.4058 -4915.5278 -4850.4238 -4846.2603 -4902.1641 -4912.418 -4895.1714 -4847.4482 -4878.1831 -4890.4131 -4925.9736 -4876.1948 -4796.9912 -4864.978 -4896.7739 -4845.9263 -4784.2222 -4776.7759 -4839.7441 -4816.396 -4873.9771 -4901.2222 -4859.8823 -4886.377 -4908.6323 -4829.314 -4777.5908 -4800.1074 -4836.3857 -4860.2319 -4849.0479 -4835.0137 -4841.9194 -4830.1035
-4910.6602 -5064.7031 -5015.9893 -4980.8853 -4955.5576 -4955.5142 -4975.4497 -4984.3726 -4952.334 -4965.2217 -4982.5024 -4941.6079 -4931.604 -4909.6445 -4899.2529 -4899.4087 -4889.2368 -4873.2393 -4888.811 -4897.8516 -4883.6641 -4866.1597 -4874.7627 -4897.981 -4955.7661 -4974.9141 -4921.0591 -4899.1416 -4921.8276 -4963.3975 -4951.6841 -4960.3755 -4901.8267 -4927.3657 -4941.6841 -4920.313 -4842.7056 -4853.1753 -4915.9297 -4858.2783 -4900.0361 -4898.043 -4863.9521 -4881.9961 -4923.084 -4931.6704 -4917.6191 -4908.4316 -4884.4019 -4785.645 -4762.98 -4818.083 -4789.2329 -4747.1772 -4768.5078 -4800.3027 -4782.4692
-4833.5571 -4997.7549 -5045.1777 -4985.5791 -4975.6294 -5000.8101 -5054.063 -5042.1704 -4963.2178 -4965.4854 -4987.1855 -4925.5674 -4908.1323 -4924.1133 -4924.1406 -4896.3589 -4876.5249 -4877.6401 -4892.4609 -4873.7344 -4877.2676 -4907.5522 -4907.6733 -4922.5879 -4948.4409 -5000.9448 -4928.7813 -4866.3882 -4896.9551 -4963.1904 -4989.3296 -5003.1895 -4928.0898 -4895.0493 -4993.5889 -4994.9824 -4877.082 -4888.623 -4957.7993 -4896.3887 -4947.4492 -4946.085 -4909.5049 -4847.0117 -4857.6904 -4889.2056 -4825.9507 -4842.0947 -4926.3613 -4856.5894 -4827.0684 -4838.4907 -4774.8916 -4743.5308 -4794.5669 -4835.7012 -4808.687
-4760.9751 -4864.6616 -5053.9839 -5028.9985 -5029.7305 -5047.8281 -5061.3989 -5048.5176 -4985.3076 -4971.3804 -4988.7339 -4932.5283 -4910.2866 -4939.3906 -4931.2319 -4899.1084 -4889.0884 -4899.3179 -4924.4424 -4894.8057 -4921.7041 -4968.1323 -4960.8228 -4933.1909 -4947.6948 -4994.8242 -4936.897 -4908.9453 -4913.5186 -4921.1758 -4988.7002 -5021.7725 -4988.8569 -4911.4336 -4999.3799 -5047.5996 -4966.3291 -4988.7954 -5011.165 -4978.5566 -4957.6343 -4935.4839 -4900.8149 -4826.2642 -4818.353 -4858.7017 -4806.9312 -4830.397 -4918.6885 -4889.9214 -4864.6406 -4838.7456 -4792.7515 -4772.9863 -4821.2476 -4887.8252 -4840.6626
-4726.5479 -4766.7339 -4916.2617 -4974.3867 -5042.5586 -5105.022 -5071.1846 -5068.9448 -5058.9756 -5019.084 -4991.9023 -4953.2578 -4944.3286 -4951.0234 -4942.2256 -4949.8872 -4958.4507 -4960.7891 -4988.127 -4982.9326 -4994.2422 -4984.6689 -5001.1812 -4957.3467 -4923.9063 -4971.7261 -4965.3052 -4961.6094 -4960.314 -4935.5264 -5007.8799 -5035.1685 -5023.7588 -4997.9917 -4991.0894 -5048.8765 -5001.9619 -5055.541 -5026.6011 -5019.7861 -4986.8594 -4935.335 -4916.0259 -4927.2397 -4910.3066 -4925.4404 -4897.5381 -4861.1694 -4912.874 -4888.2861 -4836.7959 -4835.8794 -4826.3032 -4814.332 -4849.3394 -4907.0562 -4856.8506
-4770.1768 -4817.9434 -4859.4536 -4946.7886 -5046.5557 -5076.5913 -5058.6255 -5102.5347 -5122.7275 -5059.6685 -4991.4771 -4973.5659 -5033.2773 -5027.1025 -4996.791 -5014.4248 -5026.3574 -5033.3169 -5049.0342 -5060.6836 -5022.2637 -4970.6094 -5001.8994 -4981.0054 -4942.6064 -4981.6592 -5000.4839 -5006.1841 -5010.627 -4974.1392 -4981.9126 -5008.6782 -5019.3628 -4997.6753 -4984.689 -5026.7866 -5002.6577 -5026.5542 -5007.5454 -5027.3286 -5016.8018 -4972.0391 -4974.9478 -4979.5918 -4931.4092 -4999.1338 -5011.8218 -4887.3101 -4982.5454 -4970.4014 -4859.2856 -4894.77 -4881.7329 -4858.7441 -4902.9468 -4901.2246 -4834.3574
-4845.9082 -4886.1567 -4920.4409 -4990.9565 -5040.0425 -5027.6948 -5031.9624 -5087.0107 -5108.0713 -5053.9155 -4993.8164 -4986.6274 -5102.1606 -5109.3086 -5039.6855 -5022.4868 -5030.8213 -5053.4888 -5075.5376 -5082.8545 -5025.9077 -5006.8462 -5018.7441 -5002.8716 -5006.7041 -5016.7344 -5011.9507 -5044.1948 -5033.085 -4985.9219 -4944.0039 -4986.709 -5026.2861 -5031.2388 -5005.6899 -5000.8013 -4991.7549 -4962.7236 -4963.2686 -5000.1143 -4957.8442 -4939.2393 -4989.4302 -4987.7793 -4943.7446 -4996.0117 -5005.2451 -4897.3784 -4999.8311 -5001.1743 -4910.0659 -4964.6748 -4944.918 -4888.731 -4885.1353 -4819.1665 -4778.8257
-4866.4321 -4875.4937 -4948.2393 -4995.9731 -4970.5171 -5000.8511 -5009.2959 -5023.7939 -5052.1733 -5042.2451 -5004.1299 -5001.6743 -5081.4575 -5091.4512 -5035.0078 -4971.731 -5006.353 -5060.0513 -5065.4575 -5059.5322 -5010.6055 -5037.5493 -5051.4248 -5016.1543 -5026.5229 -5032.1689 -5026.6201 -5052.5786 -5017.3936 -4990.1978 -4951.7153 -4981.3652 -5009.6465 -5036.3809 -4997.1445 -4975.9346 -5000.3911 -4914.7969 -4886.2881 -4960.9917 -4924.6777 -4913.9731 -5000.939 -5051.9727 -5015.6836 -4965.5645 -4928.584 -4924.6816 -4999.9165 -4978.0762 -4953.3105 -4976.5166 -4965.1089 -4912.6499 -4878.7358 -4853.2495 -4842.9829
-4909.6104 -4951.9463 -5012.4565 -4979.9204 -4900.2983 -4973.3853 -4993.938 -4988.8809 -5005.4819 -5017.7988 -4963.9209 -4964.6406 -5029.4531 -5034.1465 -5005.6699 -4960.1465 -5001.3599 -5050.7148 -5045.2275 -5046.1914 -5003.0288 -5011.7524 -5049.8047 -4982.6025 -4952.1958 -4984.314 -5025.918 -5011.3608 -4974.002 -4996.6821 -4987.9712 -4983.792 -4979.1724 -5014.8032 -4992.3228 -4975.5962 -4979.1064 -4866.8833 -4843.2656 -4937.1318 -4943.7158 -4943.5112 -5030.0327 -5068.3247 -5000.2803 -4921.4326 -4869.8477 -4958.2822 -5043.5396 -4996.498 -4996.1475 -5005.6816 -4979.2866 -4898.9219 -4869.1641 -4913.1499 -4890.9629
-4994.1948 -5060.4814 -5036.8032 -4936.833 -4881.9438 -4990.0679 -5014.2939 -4974.5518 -4986.4834 -5009.6167 -4926.7593 -4921.4116 -5022.8218 -5028.3325 -4988.8091 -4968.6099 -4969.2158 -5000.5347 -5017.4761 -5029.9746 -5020.1919 -4993.6167 -5006.3589 -4943.4185 -4901.5708 -4928.6689 -4973.3608 -4954.1196 -4932.958 -4985.1445 -5003.3721 -5004.6074 -4999.6631 -5049.7588 -5036.1724 -5004.4463 -4998.2617 -4901.6685 -4866.3135 -4906.8535 -4923.4014 -4921.3579 -4990.231 -4988.2603 -4981.4287 -4958.4004 -4911.3115 -5011.9878 -5015.6655 -4945.0684 -4994.3447 -5015.5151 -4984.8003 -4922.7417 -4869.0811 -4853.001 -4845.8813
-5064.2139 -5084.7915 -5038.9458 -4943.7246 -4937.2573 -5035.7939 -5041.9438 -4953.2764 -4948.5229 -5003.7588 -4965.6309 -4967.436 -5036.125 -5030.4063 -4991.2217 -4955.8428 -4946.7495 -4995.4146 -4994.5498 -4999.459 -5012.1987 -4979.8804 -4978.2866 -4953.2554 -4911.7881 -4941.8589 -4963.6567 -4950.5156 -4930.1313 -4943.8931 -4980.2236 -5021.9458 -5004.3325 -5042.728 -5030.665 -5001.9492 -5034.8931 -4951.7554 -4882.4424 -4909.377 -4935.8833 -4896.2671 -4908.4155 -4907.8223 -4921.8296 -4949.6782 -4956.2241 -4999.7349 -4956.9141 -4917.394 -4962.0142 -4972.7275 -4961.604 -4939.6323 -4861.4854 -4758.6299 -4762.1519
-5074.1704 -5086.6426 -5057.2666 -4990.3135 -4939.188 -4983.7949 -5014.4116 -4958.0635 -4928.9453 -4919.4619 -4937.3135 -4959.3003 -4978.7686 -4991.5752 -4983.8291 -4955.0742 -4953.3896 -4992.2847 -4992.749 -5002.3721 -5017.4331 -5015.3467 -5014.3882 -4987.585 -4937.3818 -4961.1729 -4982.5293 -5007.3262 -4997.9448 -4990.5454 -5014.0283 -5048.9219 -5005.9141 -5006.8931 -5005.0186 -4960.5815 -4992.27 -4953.3247 -4902.2305 -4941.1187 -4951.293 -4922.7134 -4938.4238 -4955.6543 -4869.3647 -4866.9658 -4956.0225 -4967.4722 -4937.5825 -4930.437 -4944.6523 -4993.1401 -4981.3848 -4941.3276 -4854.9673 -4711.4443 -4695.0645
