Resources/Map/Lvl0_30x30/Ele_DB.asc
ncols         335
nrows         335
xllcorner     -16695000
yllcorner     -3375000
cellsize      10000
nodata_value  -99999.0
[rows 150 to 174 of 335, columns 228 to 284 of 335]
-4033.3264 -3986.8037 -4043.646 -4104.6133 -4075.769 -4160.0459 -4120.8164 -4015.417 -4055.7197 -4008.1167 -4058.5674 -4048.3796 -4047.179 -4006.1174 -3992.1653 -4017.0244 -3961.6448 -3942.231 -3881.3464 -3785.8013 -3915.1653 -3902.3447 -3841.3359 -3890.4705 -3892.3394 -3890.9358 -3954.5881 -3968.9646 -3942.894 -3952.406 -3989.5061 -4067.0269 -4066.981 -3983.8162 -3861.8062 -3776.1094 -3887.9172 -3956.8367 -3974.6492 -3940.115 -3812.6497 -3792.5674 -3841.2622 -3734.7317 -3748.3511 -3723.1414 -3758.8311 -3733.0957 -3653.9211 -3725.8489 -3845.4817 -3956.2104 -3995.7344 -3940.968 -3860.3579 -3782.9524 -3614.7329
-4148.7744 -4098.1597 -4084.3137 -4085.9624 -4057.2969 -4136.0371 -4137.2031 -4085.0693 -4132.1616 -4177.7852 -4172.5903 -4110.9756 -4123.5259 -4076.0059 -4067.979 -4003.573 -3936.6594 -3939.6123 -3916.584 -3820.0234 -3945.6477 -3861.8604 -3756.3008 -3836.8005 -3827.5894 -3817.2856 -3899.3867 -3970.0669 -3958.2637 -3927.9937 -3815.0337 -3800.7163 -3966.0264 -4008.9551 -3883.7488 -3692.1978 -3729.1499 -3893.6702 -3993.509 -3967.874 -3857.6924 -3845.29 -3827.1299 -3823.9546 -3849.7368 -3808.9192 -3838.2173 -3798.5967 -3668.8108 -3880.6729 -4081.303 -3978.8232 -3957.4404 -3961.3716 -3923.4197 -3828.53 -3686.1038
-4148.6172 -4142.7544 -3973.9048 -3973.3232 -4053.3621 -3979.7019 -3974.7935 -3966.5701 -3967.4944 -4034.002 -4070.0388 -4034.4863 -4012.6504 -4030.5474 -3992.7156 -3998.9766 -3971.3264 -3974.3672 -4008.7051 -3985.8262 -4012.1394 -3882.4326 -3781.4106 -3807.3191 -3754.3682 -3778.0317 -3950.5291 -4002.2935 -3924.7817 -3974.0959 -3947.2422 -3866.8577 -3951.6555 -3959.0488 -3864.5005 -3848.7917 -3863.5532 -3815.5469 -3826.9702 -3863.8875 -3877.9497 -3858.1284 -3842.0811 -3750.9751 -3721.2202 -3777.502 -3772.1072 -3754.2419 -3728.4404 -4029.6333 -4099.8398 -3950.593 -3952.0776 -3911.2107 -3961.6968 -3901.0579 -3863.9519
-4056.1187 -4000.7769 -3938.782 -3972.4495 -4025.9771 -3882.908 -3962.4067 -4005.1636 -3924.6641 -3981.012 -4034.7441 -4031.0613 -4022.0183 -4041.6196 -4006.9028 -4011.1973 -4026.3926 -4016.9529 -3999.6179 -4001.6328 -4019.3269 -3939.4919 -3844.2407 -3901.2322 -3922.2419 -3888.97 -3888.5278 -3812.5125 -3851.8762 -3899.4001 -3877.7004 -3937.5837 -3988.9727 -3953.4387 -3833.8308 -3810.8586 -3858.8384 -3836.4543 -3811.2327 -3838.1094 -3851.6646 -3814.9685 -3760.9744 -3307.6523 -3190.5918 -3504.9421 -3529.875 -3788.4741 -3723.564 -3934.073 -3949.8101 -3950.5557 -3951.1208 -3803.5769 -3813.6777 -3865.3352 -3962.6606
-4032.2793 -4040.2515 -4048.7322 -3997.1001 -3981.3918 -3958.8987 -4134.2769 -4125.1514 -4035.0486 -4056.8584 -3981.2065 -3942.1716 -4014.4309 -4045.5371 -3977.354 -3897.7402 -4032.8647 -3996.2273 -3907.1877 -3920.4431 -3877.4287 -3853.3926 -3873.5706 -3920.6765 -3891.2439 -3721.2087 -3774.4646 -3740.469 -3769.5474 -3666.9924 -3397.2363 -3430.927 -3769.7683 -3948.9509 -3899.0815 -3890.2891 -3861.3655 -3843.9048 -3806.3267 -3783.115 -3775.8621 -3715.6213 -3772.9675 -3578.9878 -3443.7549 -3584.2839 -3971.887 -4184.4082 -3543.5356 -3700.2126 -3877.698 -3962.5103 -3914.3137 -3782.6001 -3828.0703 -3898.616 -3993.0457
-4141.6187 -4090.5586 -3929.4731 -3873.8069 -3925.7981 -3869.3079 -4123.1636 -4176.2891 -3880.3311 -3852.5012 -3912.8892 -3909.8911 -3884.2368 -3997.5581 -3923.936 -3799.6394 -3967.5178 -3985.8269 -3873.6743 -3881.2183 -3824.9219 -3811.5703 -3886.2407 -3879.397 -3895.7256 -3902.9114 -3860.0684 -3826.7913 -3895.4016 -3897.1641 -3759.7637 -3645.8586 -3698.1074 -3763.6917 -3818.2087 -3895.676 -3920.4768 -3919.4646 -3891.2935 -3813.0215 -3819.7161 -3804.0532 -3958.4841 -4047.0693 -3941.4763 -3972.5547 -4385.2559 -4307.0425 -3908.9907 -3960.2024 -3963.7678 -4000.2712 -3833.3328 -3765.46 -3823.7451 -3832.9316 -3835.8401
-4194.5557 -4108.9683 -3943.251 -3980.4099 -4111.623 -4098.6167 -4142.7075 -4120.9268 -3720.8889 -3741.5247 -3912.229 -3971.0132 -3884.542 -3924.2485 -3897.8838 -3919.8499 -3958.3679 -3949.3328 -3907.7156 -3951.6343 -3933.1995 -3947.6426 -3882.5168 -3802.7668 -3851.6782 -3921.4397 -3784.3242 -3696.8491 -3776.5935 -3813.2407 -3763.6746 -3737.0422 -3782.8992 -3766.6013 -3720.8201 -3715.5298 -3806.0459 -3872.5837 -3856.1931 -3819.3354 -3866.3511 -3895.7725 -4016.4507 -4132.1772 -3946.0837 -3893.2964 -4163.3774 -4103.8213 -4019.7417 -3996.4836 -4079.3875 -4111.7065 -3862.6492 -3862.3298 -3892.6682 -3842.6089 -3800.7131
-4203.7578 -4233.4033 -4212.1665 -4137.4326 -4113.6094 -4120.2905 -4091.5313 -4162.7358 -4071.8711 -4029.0444 -3998.7529 -3988.0134 -3925.9661 -3909.1863 -3900.2158 -3907.1135 -4004.0127 -3940.5647 -3951.1875 -4046.1558 -3993.4797 -3979.7146 -3948.3601 -3871.551 -3904.4575 -3919.1807 -3692.5996 -3657.6204 -3747.3975 -3791.0493 -3734.0872 -3686.1746 -3785.9492 -3808.8608 -3787.7466 -3769.103 -3795.4067 -3790.1975 -3731.3157 -3757.0745 -3859.3035 -3931.4355 -3994.8025 -4046.447 -3853.2058 -3667.6177 -4016.1045 -4155.9204 -3981.2664 -3803.3096 -3887.2808 -3988.5068 -3927.8792 -3894.2993 -3878.2954 -3877.9031 -3814.5356
-4143.0571 -4136.1514 -4137.8174 -4066.7859 -3994.9111 -4083.3179 -4095.4751 -4185.5669 -4211.6958 -4162.6606 -4084.9019 -4060.718 -3981.5393 -3925.2107 -4004.3052 -4006.1086 -4041.356 -3946.1726 -4001.6392 -4036.2742 -4041.5405 -3973.3132 -3953.28 -3926.041 -3930.8325 -3938.6877 -3827.6929 -3836.4836 -3904.9026 -3953.3813 -3898 -3826.9451 -3752.7969 -3758.7112 -3872.5911 -3915.2625 -3918.1008 -3861.134 -3799.5645 -3861.4072 -3931.1372 -3955.1594 -4008.5071 -3978.2312 -3884.6443 -3884.9939 -4066.1211 -4092.032 -4012.6284 -3877.2878 -3738.9011 -3658.3679 -3757.4749 -3717.325 -3750.905 -3788.9861 -3769.9346
-3992.9058 -4046.2236 -4103.7949 -4113.7974 -4003.7456 -4033.0188 -4113.8853 -4171.4741 -4218.6709 -4168.2627 -4158.228 -4118.0093 -4097.7153 -4102.8267 -4104.875 -4079.2007 -3960.4343 -3875.1833 -4015.1448 -3936.1968 -3995.6299 -3922.9158 -3868.0129 -3925.8684 -4000.781 -4045.2698 -4019.7087 -3997.4187 -3974.7068 -3923.2168 -3906.8389 -3916.4951 -3803.9338 -3781.0261 -3772.2588 -3731.366 -3806.0872 -3874.7334 -3922.0349 -3931.2397 -3926.1602 -3953.2451 -4000.7876 -3949.4163 -3884.5098 -3903.9524 -3967.2393 -3888.5442 -3886.3535 -3855.7688 -3711.8013 -3420.2681 -3635.926 -3604.1924 -3648.6873 -3706.9097 -3805.416
-3958.4126 -4088.4729 -4107.6372 -4143.8491 -4069.0378 -3987.4998 -4122.4541 -4133.04 -4080.9014 -3842.4558 -3935.8811 -3762.2627 -3762.5808 -4026.1636 -4030.1953 -4050.2693 -3899.1123 -3874.7971 -4024.2959 -3941.4102 -3981.0762 -4012.2161 -3934.625 -3915.4468 -3952.0137 -3993.6709 -3981.9255 -3951.5696 -3881.7495 -3808.6533 -3797.8274 -3867.5974 -3932.3813 -3951.1228 -3892.6133 -3830.6436 -3789.3635 -3767.0686 -3874.0803 -3929.0664 -3910.6528 -3945.5359 -3934.7832 -3822.4966 -3798.2996 -3870.4592 -3967.677 -4012.271 -3928.7639 -3784.0313 -3727.8069 -3540.2932 -3632.6819 -3764.4868 -3899.9373 -3847.1541 -3853.0605
-4018.0471 -4068.0688 -4124.3794 -4174.4321 -4127.186 -4080.2188 -4157.4116 -4107.1646 -4109.5239 -4063.0901 -4118.772 -3646.4241 -3553.7 -3833.2905 -3903.0684 -3976.2876 -3935.2981 -3947.7456 -4023.3948 -3946.5417 -3930.812 -3960.7842 -3898.5808 -3785.947 -3801.1184 -3887.3079 -3867.6445 -3828.668 -3743.8755 -3706.814 -3669.2124 -3713.2798 -3801.3652 -3766.3521 -3726.5452 -3748.8271 -3672.8801 -3576.0396 -3744.5996 -3832.9727 -3829.3621 -3874.155 -3798.6675 -3634.7542 -3596.1245 -3650.1235 -3765.0034 -3850.7539 -3577.8455 -3511.7595 -3703.6284 -3715.8494 -3735.3779 -3675.0103 -3766.8005 -3824.0586 -3923.2207
-4085.303 -4062.5693 -4144.0933 -4165.2695 -4130.6396 -4146.2266 -4153.481 -4104.1455 -4149.0122 -4215.4253 -4305.1538 -4238.6372 -4056.8792 -4012.7561 -3978.1533 -3918.3225 -3894.2034 -3890.0422 -3897.3743 -3803.1316 -3785.1899 -3793.4966 -3770.4651 -3629.8267 -3710.4714 -3778.0854 -3747.8792 -3726.8928 -3635.3899 -3591.2993 -3511.7322 -3546.3838 -3608.0071 -3473.1589 -3428.8779 -3542.7866 -3434.0862 -3321.624 -3584.3533 -3727.6509 -3758.5049 -3828.8845 -3792.3135 -3743.3564 -3785.887 -3718.7698 -3689.7217 -3712.4421 -3380.8394 -3125.5808 -3059.2437 -3407.0591 -3753.8467 -3561.2957 -3577.7605 -3796.5549 -3841.2083
-4110.6304 -4144.7456 -4166.582 -4149.3096 -4149.4917 -4152.7104 -4103.604 -4080.1101 -4060.6514 -4093.8533 -4156.2871 -4256.7612 -4108.21 -4064.1497 -3954.3433 -3888.7021 -3898.8623 -3917.666 -3894.5051 -3815.4888 -3810.4644 -3811.8738 -3734.0464 -3532.6443 -3703.3335 -3760.3416 -3704.1809 -3715.9622 -3660.55 -3600.1763 -3508.7717 -3570.9514 -3588.0925 -3417.7488 -3361.6602 -3437.4951 -3317.748 -3280.5654 -3546.8882 -3657.3762 -3696.9421 -3786.0874 -3761.79 -3813.8245 -4001.2383 -3851.3306 -3982.0413 -4019.1658 -3796.7605 -3699.4998 -3335.2173 -3396.0437 -3650.2524 -3535.5334 -3609.905 -3786.7734 -3727.446
-4136.0635 -4172.5229 -4113.3257 -4066.8081 -4101.9253 -4061.9578 -3966.8064 -3970.0032 -3960.8569 -4035.699 -4097.0469 -4268.4453 -4162.9507 -4064.8889 -3900.7297 -3783.0955 -3921.6909 -3963.3359 -3975.7744 -3950.4231 -3874.0232 -3891.4111 -3822.9055 -3693.0334 -3807.6011 -3792.8491 -3676.8088 -3666.5562 -3713.4192 -3675.8347 -3593.3147 -3688.03 -3676.6553 -3475.4321 -3352.4165 -3385.2795 -3352.3948 -3402.2307 -3595.6008 -3629.8984 -3652.5593 -3733.0947 -3746.6677 -3811.6621 -3921.9365 -3781.446 -3990.8257 -3933.0767 -3765.1753 -3876.8164 -3801.4939 -3796.8379 -3814.5308 -3679.2065 -3645.689 -3849.3223 -3840.2295
-4108.5132 -4143.3022 -4006.6858 -3981.4717 -4072.2803 -4090.8059 -4029.2126 -3993.2412 -3955.843 -4015.3318 -4090.1057 -4239.9033 -4212.8247 -3985.4094 -3861.3682 -3825.0081 -3970.72 -3943.2915 -3933.3196 -3964.5405 -3928.6206 -3937.2034 -3930.7485 -3978.4448 -3960.1404 -3878.0557 -3822.1667 -3757.6555 -3805.512 -3768.3369 -3725.6965 -3797.5962 -3747.3591 -3558.2493 -3433.1187 -3442.7432 -3484.8271 -3633.8047 -3797.1848 -3744.3735 -3704.4487 -3723.915 -3701.6138 -3759.6863 -3806.5181 -3777.4846 -3947.9919 -3825.6821 -3685.644 -3687.9692 -3735.0288 -3779.9688 -3788.9263 -3792.2434 -3723.1816 -3855.0962 -3873.9819
-4051.835 -4097.9834 -3945.8013 -4008.9761 -4078.9348 -4095.9993 -4110.8843 -4031.1665 -3987.3679 -4032.5952 -4018.5085 -4110.897 -4166.4644 -3993.2983 -3971.6711 -3990.0942 -3991.0522 -3900.5295 -3883.127 -3935.1812 -3972.1143 -3998.3308 -3965.1472 -4016.6265 -3945.0964 -3872.4263 -3913.157 -3860.2288 -3886.8933 -3839.9941 -3841.3054 -3889.135 -3839.0681 -3714.9614 -3616.9021 -3625.8469 -3625.0286 -3753.4358 -3842.8577 -3788.6467 -3785.3977 -3782.2598 -3738.5918 -3741.011 -3768.6196 -3814.8423 -3863.8831 -3746.134 -3700.6072 -3623.5996 -3651.0405 -3683.3669 -3624.1257 -3727.3071 -3775.209 -3816.229 -3898.4216
-4020.6877 -4070.0701 -3976.9829 -4019.7407 -4033.1091 -4066.4258 -4081.75 -3978.0212 -3910.5571 -3994.7556 -4004.7795 -4015.9697 -4061.9177 -4106.6846 -4065.4236 -3998.8413 -3998.9834 -3993.7368 -3958.8079 -3878.2712 -3828.0654 -3871.1477 -3865.3677 -3950.2681 -3947.6262 -3828.4475 -3837.8611 -3828.0488 -3894.625 -3884.4092 -3918.4055 -3949.9426 -3901.4431 -3801.739 -3714.3411 -3728.1543 -3744.4607 -3731.6841 -3632.6355 -3751.7195 -3912.4766 -3858.5249 -3747.2939 -3699.7002 -3743.551 -3839.5474 -3693.5449 -3507.918 -3681.0308 -3666.989 -3615.3311 -3629.1755 -3513.1396 -3619.165 -3761.6877 -3798.314 -3909.8975
-4031.1587 -4052.3459 -4014.5054 -3966.5083 -4010.8352 -4073.5896 -4047.0864 -3951.3394 -3858.4619 -3968.28 -3991.5459 -3973.2141 -3947.4744 -4074.5183 -4076.8167 -3993.4636 -3991.9065 -3941.2822 -3903.8882 -3872.8125 -3764.7861 -3778.625 -3812.3333 -3889.5452 -3902.2864 -3836.5137 -3838.3962 -3782.7561 -3804.1145 -3827.2334 -3901.8352 -3909.6816 -3850.2517 -3766.0718 -3704.321 -3719.0645 -3785.604 -3776.1694 -3676.1477 -3798.3037 -3908.895 -3824.2092 -3731.1826 -3730.7043 -3793.0916 -3803.1064 -3583.4827 -3342.9172 -3388.2437 -3580.991 -3552.9814 -3605.2356 -3607.3936 -3590.9763 -3664.6299 -3721.199 -3822.2061
-3972.1538 -3985.4778 -4020.8904 -3935.3774 -3995.1003 -4016.8855 -4009.0474 -3952.1887 -3872.4526 -3937.3027 -3968.9895 -3959.9468 -4004.2024 -4028.0637 -4084.3354 -4099.1802 -4065.5171 -3946.1567 -3880.7488 -3917.0396 -3820.1702 -3791.9607 -3843.8923 -3892.7095 -3873.7214 -3887.7202 -3824.5879 -3692.335 -3685.9387 -3753.9482 -3876.8489 -3861.4465 -3769.1814 -3697.0105 -3701.3604 -3788.0945 -3873.4702 -3855.4893 -3770.312 -3751.1335 -3739.5168 -3747.5156 -3738.7158 -3798.1409 -3839.0293 -3689.6418 -3452.6636 -3419.4414 -3368.1572 -3441.4202 -3281.1394 -3423.7007 -3685.7961 -3650.447 -3678.5251 -3696.5234 -3718.8079
-3929.8525 -3948.9968 -4019.1875 -3972.0378 -3981.377 -3981.6023 -3966.6934 -3973.5295 -3891.489 -3912.4043 -3969.2505 -3940.1057 -3992.4402 -4010.5657 -4025.3545 -4093.0222 -4108.4272 -4022.4624 -3918.6838 -3929.0779 -3829.6968 -3828.8755 -3894.7852 -3858.1558 -3807.3442 -3866.7188 -3852.584 -3737.8376 -3651.2407 -3708.156 -3811.3616 -3794.2903 -3726.6794 -3698.6294 -3748.0964 -3846.3059 -3918.7598 -3850.553 -3708.9507 -3683.6833 -3710.1272 -3737.8223 -3712.5146 -3785.2759 -3858.7813 -3847.509 -3822.0027 -3815.0366 -3803.8352 -3709.7546 -3437.4099 -3501.7041 -3785.3918 -3720.1113 -3682.26 -3728.0066 -3683.4231
-3968.699 -3993.3416 -4041.6738 -4008.0283 -3977.5342 -3968.6814 -3947.5007 -4013.3501 -3968.7239 -3922.7615 -4002.6729 -3950.2441 -3953.1257 -3999.2969 -3980.74 -4071.5056 -4105.9268 -4003.397 -3896.2532 -3927.5056 -3907.3435 -3904.217 -3939.8618 -3977.4075 -3982.0881 -3976.7163 -3936.8647 -3834.5693 -3727.9661 -3805.7109 -3847.6414 -3788.0505 -3706.2056 -3704.0627 -3768.3701 -3858.8359 -3944.2288 -3787.0225 -3583.8401 -3687.5281 -3806.6042 -3767.4688 -3691.78 -3720.0361 -3827.1892 -3846.0378 -3824.3862 -3699.5701 -3524.2556 -3548.6843 -3591.4741 -3668.2473 -3791.4189 -3743.6309 -3678.188 -3736.1743 -3768.3789
-3822.9436 -3890.3804 -3970.4495 -3967.0229 -3961.0444 -3988.4731 -3977.1292 -4020.2883 -4025.9966 -3938.1013 -4029.7109 -3958.324 -3916.8447 -3965.8831 -3960.2783 -4041.5229 -4048.8582 -3847.0352 -3709.811 -3912.6853 -4017.2542 -3919.2136 -3926.1074 -4083.0864 -4136.8486 -4096.7344 -4030.3354 -3937.9077 -3839.0125 -3914.8525 -3885.9468 -3757.3113 -3667.5488 -3691.9497 -3758.8965 -3857.2336 -3970.7415 -3798.6094 -3591.6592 -3714.075 -3842.7683 -3783.8784 -3763.3984 -3782.9067 -3839.4282 -3799.5256 -3756.4553 -3618.8206 -3318.6033 -3267.4817 -3310.1489 -3567.3481 -3690.7593 -3690.4272 -3691.3845 -3761.1062 -3824.4094
-3694.605 -3690.0408 -3741.9351 -3815.3118 -3848.6826 -3922.9966 -4004.0232 -4013.9231 -4028.6597 -3960.3645 -4017.7297 -3994.5537 -3958.9841 -3998.5764 -3983.5276 -3992.3054 -4013.0117 -3845.105 -3745.7148 -3909.1111 -3954.2371 -3785.9805 -3879.6826 -4028.283 -4044.405 -4049.3989 -4004.1646 -3940.9834 -3869.8765 -3948.3682 -3921.4641 -3781.2729 -3709.7512 -3736.2102 -3787.145 -3890.0383 -3963.6335 -3835.7617 -3685.374 -3708.3999 -3786.1201 -3775.6467 -3802.5793 -3879.7625 -3863.9241 -3800.3442 -3845.491 -3816.9102 -3713.0664 -3579.3054 -3388.6079 -3608.9446 -3616.876 -3548.3125 -3572.7549 -3768.0884 -3808.2073
-3856.1921 -3772.1785 -3775.7512 -3771.7256 -3659.4063 -3667.981 -3926.2197 -4012.7329 -4032.5618 -3954.1772 -3985.5955 -4030.9778 -3994.3044 -4030.458 -3992.408 -3932.6545 -3974.3472 -3990.6711 -4014.4929 -4004.3796 -3933.1042 -3782.8054 -3923.1201 -4029.845 -3942.2495 -3971.8328 -3892.8154 -3829.4307 -3810.7061 -3902.4902 -3884.0771 -3817.0032 -3778.4204 -3787.3523 -3842.2664 -3924.6204 -3910.2021 -3841.1416 -3786.5442 -3764.946 -3805.1309 -3810.7983 -3789.0415 -3796.7083 -3813.5923 -3788.8245 -3857.0269 -3857.2847 -3839.5137 -3784.2969 -3732.199 -3765.0381 -3695.1104 -3636.7354 -3539.0745 -3692.2466 -3745.3586
