Resources/Map/Lvl0_30x30/Ele_FI.asc
ncols         335
nrows         335
xllcorner     6755000
yllcorner     -10075000
cellsize      10000
nodata_value  -99999.0
[rows 135 to 161 of 335, columns 0 to 59 of 335]
2131.8052 2116.2837 2106.0591 2100.4866 2085.2476 2060.2815 2034.2024 2022.8407 1998.099 1983.9036 1968.7764 1950.938 1914.7355 1879.9989 1866.0253 1875.483 1866.9805 1867.1589 1864.1915 1819.2838 1810.4243 1743.0419 1690.5905 1709.911 1647.6022 1634.2552 1628.8157 1604.9449 1598.4847 1579.6714 1542.0092 1549.3099 1535.7369 1528.8898 1500.7407 1499.9147 1475.0087 1449.7531 1425.7975 1410.1823 1372.4767 1361.6807 1347.5223 1319.1062 1294.9911 1268.5548 1215.4158 1174.6619 1121.7131 1104.9679 1077.6821 1066.7208 1007.6995 940.9627 930.3305 938.2355 890.4117 835.5068 742.1912 805.5778
2090.4832 2088.8369 2085.3401 2077.6262 2051.9368 2036.8228 2031.879 2003.8551 1967.4155 1943.9551 1920.1342 1905.0364 1874.5248 1850.2294 1820.241 1825.7135 1809.6633 1797.4736 1776.7063 1789.925 1727.5496 1674.7819 1638.4791 1636.8015 1612.0416 1603.1912 1592.0396 1572.4023 1570.1563 1577.7849 1546.1202 1481.9269 1524.8302 1337.6667 1466.522 1461.7582 1421.9904 1398.4565 1375.4271 1351.1803 1327.2574 1310.2716 1290.4 1251.7695 1221.463 1199.0542 1170.1149 1122.7014 1097.8525 1069.8059 1025.6256 979.3501 943.9333 956.8254 922.3816 866.9324 829.6934 831.3076 783.2694 733.7878
2091.2971 2081.5244 2073.7273 2031.3273 2008.6989 2009.0726 2000.3105 1977.9393 1979.417 1966.0443 1898.9928 1884.8831 1871.3883 1842.5714 1818.4551 1815.0227 1823.5732 1789.0521 1766.7662 1719.3671 1651.0747 1643.1384 1634.3445 1633.276 1649.8757 1600.637 1572.9971 1557.5646 1566.6812 1542.6514 1520.5287 1498.0741 1464.9371 1448.3787 1298.4938 1432.2465 1389.9263 1398.4374 1384.7214 1362.823 1270.9958 1256.5375 1247.3217 1223.8138 1197.9305 1144.6156 1071.8856 1064.1674 1039.6564 1020.0181 985.4678 944.933 945.4063 943.8963 916.3589 869.4749 807.3326 778.3966 756.9652 729.1014
2078.5103 2060.8591 2046.2394 2036.1353 2004.9762 2005.943 1992.4873 1970.8732 1971.1064 1952.7712 1913.127 1910.5244 1878.6361 1819.6898 1782.2424 1794.6512 1784.2146 1735.1843 1731.1615 1714.0138 1663.5238 1624.542 1566.1222 1565.7665 1575 1555.1362 1548.9233 1510.8906 1519.9095 1481.8254 1457.2482 1447.6074 1442.5365 1425.9967 1383.1213 1367.8204 1335.8379 1311.4874 1289.2988 1262.1372 1234.1304 1201.9482 1188.271 1170.4034 1147.1198 1111.0499 1073.99 1057.8712 1030.3997 1005.2236 990.085 961.7266 935.4423 905.0399 872.8516 816.8004 804.2115 773.1048 723.5082 670.6279
2099.1582 2092.7612 2084.8535 2092.3376 1936.9929 1974.8839 1932.3623 1950.6255 1815.4221 1803.1262 1792.1606 1796.5586 1775.4854 1723.2568 1761.7292 1689.4526 1650.0177 1626.2792 1614.7012 1610.1219 1593.8351 1582.1736 1558.9244 1573.0267 1520.16 1509.7144 1495.6403 1477.0557 1483.4995 1468.0237 1453.1227 1429.8507 1400.0558 1351.0596 1321.6068 1265.601 1252.1935 1255.9844 1229.9609 1227.2058 1198.2311 1177.5865 1173.9573 1140.8956 1118.9338 1093.7382 1057.8507 1045.0486 1030.5446 1010.3939 1002.631 989.0245 985.0966 932.4064 873.8601 774.0415 765.3759 778.1334 775.4489 623.502
1993.6442 1993.0168 1978.751 1952.0964 1927.0896 1911.2477 1895.8684 1883.8655 1851.5571 1775.7704 1754.5098 1752.0919 1742.7018 1688.6318 1694.8547 1674.0029 1658.1626 1616.744 1610.1917 1603.974 1596.8673 1582.7289 1554.6407 1541.6835 1516.2629 1506.8031 1449.0314 1442.9773 1452.0433 1407.5638 1386.2725 1360.3672 1336.8195 1311.0288 1267.0161 1252.1073 1224.8301 1215.8083 1208.3514 1166.3153 1149.9238 1137.7419 1119.9624 1122.8732 1110.9531 1085.6896 1043.8097 991.4599 960.7303 946.8455 935.2531 925.006 917.9482 915.6306 916.4499 953.8231 1199.8032 1429.5406 659.4495 632.8168
2156.6091 2153.447 2097.3328 2077.7427 1949.5283 1872.9146 1860.7347 1831.1598 1809.3041 1805.2454 1802.535 1827.5051 1813.884 1756.4771 1713.85 1677.0313 1688.4103 1666.9402 1654.993 1613.1476 1603.7515 1595.7028 1556.0306 1508.1023 1486.9525 1507.2802 1495.4679 1511.9016 1377.0125 1356.3496 1338.059 1321.1322 1323.9043 1297.5394 1293.3093 1280.89 1203.7372 1157.1735 1180.9799 1137.2229 1110.5034 1120.634 1098.6951 1080.0745 1096.0099 1073.5654 1068.4949 963.4682 977.5907 918.2515 890.2261 854.5754 819.9044 823.7849 813.0684 805.0653 773.7075 749.3537 733.2571 721.123
2068.3398 2037.0229 2015.077 2008.4166 1983.9031 1922.8762 1889.1101 1852.1796 1853.1998 1894.5188 1854.9377 1823.0376 1795.1869 1746.9612 1706.2557 1715.856 1702.8591 1667.0948 1642.0647 1624.0895 1623.7031 1629.9698 1648.5485 1685.3623 1503.0697 1495.1676 1454.912 1400.8661 1381.0146 1350.9901 1339.2307 1311.8605 1273.092 1255.5474 1234.8817 1212.9821 1177.2072 1154.834 1155.2567 1133.494 1108.9491 1087.7344 1076.7681 1048.4578 1037.2419 993.7711 899.3261 992.7004 1012.2631 921.7518 905.3365 888.6782 844.4737 783.5047 743.0039 742.1993 771.5647 721.6859 670.3915 620.6104
2002.0743 1997.0708 1984.5012 1961.1011 1951.6643 1928.1039 1938.3651 1929.3596 1889.9808 1833.8407 1815.587 1801.4783 1774.7814 1774.5919 1768.0968 1742.9985 1711.9447 1695.8132 1671.6359 1644.4951 1583.9183 1552.1024 1538.5516 1525.9486 1472.7635 1442.3604 1433.3964 1408.172 1376.2559 1357.5824 1355.2878 1329.983 1289.752 1252.4293 1196.1898 1178.7356 1176.7686 1160.8873 1146.5371 1134.0823 1101.2002 1073.5439 1058.1057 1025.6212 1005.1764 981.7485 952.4686 911.8301 865.4839 867.057 871.7114 865.2485 827.0036 812.5897 809.673 771.1026 732.4464 694.4876 650.9529 547.7899
2021.6482 1984.6821 1987.4987 1984.5887 1982.7867 1981.3285 1978.4523 1985.2797 1878.056 1832.7753 1812.8978 2034.7194 1877.8594 1752.5651 1690.0221 1932.3318 1665.4076 1610.1182 1584.6276 1564.0792 1564.2252 1554.3171 1495.0469 1454.5437 1444.8876 1432.1648 1431.7811 1424.407 1407.2008 1369.0164 1335.2177 1296.5593 1274.7244 1259.6122 1256.7424 1256.5088 1241.5083 1235.1841 1207.9019 1179.119 1149.9156 1129.6077 1105.7936 1071.0114 1043.5446 1027.9642 975.1772 956.3152 940.8176 932.9611 886.9908 874.5009 876.9293 1018.0073 953.9854 768.0243 661.2624 629.827 607.6193 578.7435
2054.0881 2058.6665 2019.361 2264.0879 2422.6772 2025.014 2078.7222 2084.2131 2101.7373 2110.5483 2072.45 2135.7332 2021.0073 2156.3423 2214.365 2252.7673 1754.756 1628.6996 1581.469 1695.9806 1733.1698 1635.437 1564.4762 1506.8188 1461.0856 1426.3551 1421.5511 1420.9893 1431.7084 1422.9933 1400.7731 1381.0441 1356.9561 1332.9701 1300.641 1232.0524 1257.6648 1269.2969 1232.7479 1215.4414 1194.4832 1171.2329 1118.3206 1098.9592 1105.4745 1081.3325 1078.6594 1166.8 1231.856 1157.387 1090.4482 1070.542 1090.7186 1093.9519 1033.3582 652.3439 605.5122 594.9317 576.7549 574.9346
2166.9312 2161.679 2145.8777 2138.1497 2113.6194 2042.47 2024.072 2021.9872 1967.14 1957.8043 1928.1342 2109.9382 1839.8154 1808.7729 1782.9359 1755.1823 1743.6882 1717.8862 1688.7427 1670.9674 1650.5712 1603.8976 1564.2288 1535.6279 1521.2484 1511.9305 1512.9589 1500.8555 1480.6482 1455.1743 1432.1674 1409.8601 1407.4496 1381.5829 1357.2163 1328.3319 1296.4404 1277.2378 1254.5217 1236.0367 1207.9828 1360.6785 1136.4192 1382.3896 1344.8116 1351.7528 1002.7008 981.1121 952.9063 893.0707 853.219 833.179 776.1463 755.2151 735.5763 675.0703 663.5182 651.9153 626.8787 628.0191
2111.0215 2056.1057 2062.0203 2031.5828 2018.54 2013.1266 1975.9685 1972.9021 1962.0577 1945.7803 1919.3444 1887.4862 1858.4751 1772.577 1792.9189 1764.1195 1746.7611 1754.9418 1737.0408 1721.486 1690.1678 1669.9337 1632.2084 1605.5194 1574.8778 1561.6226 1551.351 1557.1532 1531.8469 1510.0481 1493.3237 1472.6099 1461.7855 1431.5427 1421.8199 1397.4314 1380.4048 1380.1168 1489.5237 1682.1572 1571.0216 1347.3407 1203.9166 1167.8135 1126.7567 1094.6266 1079.8556 1011.1081 955.0828 912.8728 829.4737 793.6743 742.6011 718.5651 699.1221 686.9158 664.1516 633.4968 598.213 588.6345
2081.6443 2053.4736 2036.7946 2002.291 1991.9534 1964.4753 1950.1917 1932.9246 1918.933 1899.1053 1883.4751 1865.6793 1856.7411 1847.3811 1812.9985 1771.1509 1766.9288 1747.8545 1765.0458 1738.8419 1719.0829 1707.8986 1694.9315 1656.9385 1618.9989 1600.5612 1594.4393 1581.3229 1556.3862 1538.2596 1511.5138 1495.7894 1486.7919 1478.1283 1472.5513 1489.9575 1463.1603 1438.6936 1411.4679 1377.9031 1341.8827 1301.8147 1277.7058 1252.7201 1221.6537 1173.2216 1209.8436 1028.7959 1025.933 968.0473 919.075 856.6754 803.6113 766.0839 741.3426 741.3901 713.1963 719.8718 718.5273 709.5409
2062.8906 2031.0326 2008.7104 1988.5096 1988.0684 1967.4492 1967.8047 1965.88 1946.2434 1931.4963 1932.0593 1891.6757 1819.7643 1800.9906 1797.3666 1789.1622 1787.3007 1781.1638 1762.3671 1747.5758 1728.0663 1730.6443 1720.171 1697.1558 1675.7134 1663.4973 1628.4891 1627.7803 1634.2461 1786.1725 1706.6426 1613.2766 1526.2241 1516.4739 1530.9087 1518.9574 1467.3069 1482.6062 1467.678 1427.1373 1405.6932 1384.1925 1356.2159 1324.8341 1319.8939 1269.8157 1230.9047 1199.3362 1164.9393 1106.0079 1038.2848 993.3351 896.006 828.249 821.5235 827.4472 814.522 812.6259 821.7032 810.1332
2048.0251 2049.8904 2035.261 2028.1342 2002.288 1985.1604 1992.4371 2002.3735 1952.6945 1956.2667 1930.734 1897.286 1845.5121 1831.7856 1819.0642 1811.4993 1795.2933 1782.4949 1771.448 1759.5969 1767.0708 1758.7893 1746.9165 1725.2599 1718.152 1731.391 1729.0826 1705.2908 1692.1208 1668.0793 1650.7084 1625.9121 1607.6825 1579.1885 1577.3892 1550.824 1534.6759 1535.6998 1514.5802 1476.4426 1433.6678 1400.8508 1371.7278 1362.6774 1342.8965 1323.4037 1280.0596 1243.0095 1182.2271 1122.0204 1166.837 1235.189 999.2403 969.5251 945.7664 881.2857 866.4334 843.5838 844.5646 864.6237
2107.6096 2095.1294 2064.0667 2013.4969 1991.9564 1995.9785 1985.222 1984.0815 1957.194 1916.7666 1911.5519 1917.5753 1885.3656 1871.928 1865.9476 1848.2283 1832.8435 1816.3364 1796.9321 1821.057 1792.2145 1780.4308 1797.6123 1788.5701 1760.2373 1728.9849 1692.1705 1688.7372 1673.0996 1663.994 1646.6627 1645.9666 1613.2037 1614.0947 1578.7828 1573.3049 1551.9362 1549.1803 1519.8271 1484.9954 1467.1378 1439.855 1412.4291 1396.6104 1384.219 1356.9652 1323.0604 1330.5222 1295.1724 1291.896 1221.4104 1172.795 1144.0188 1124.2864 1111.5844 1104.7603 1065.0474 1030.0342 1001.3898 1007.9974
2124.988 2106.6465 2093.4263 2084.3105 2057.9609 2039.9093 2019.1152 1974.845 1958.0684 1930.0977 1885.9911 1905.3546 1886.7845 1883.8788 1889.5088 1834.3248 1854.4277 1843.0601 1837.5914 1843.6001 1813.7363 1782.4026 1767.6927 1763.3301 1758.6564 1751.1045 1735.4731 1719.5164 1701.6681 1684.9458 1639.5538 1620.5201 1613.3348 1581.9136 1568.4904 1560.5493 1542.0979 1548.2164 1540.7361 1500.8473 1482.4033 1469.088 1412.6826 1396.1598 1353.9305 1318.79 1294.8866 1274.2813 1272.5271 1246.1504 1214.6438 1179.4081 1159.1929 1140.9069 1154.9061 1142.1467 1126.6794 1117.3799 1113.269 1124.8655
2144.9983 2141.783 2124.8884 2107.6895 2080.0044 2032.3241 2019.3854 1991.7476 1968.1273 1924.5486 1916.5061 1918.9745 1913.3378 1913.8857 1907.4465 1907.699 1890.9281 1852.0386 1837.2312 1840.568 1824.631 1810.9189 1798.8905 1774.5742 1766.8593 1751.2427 1733.6143 1713.965 1720.3594 1705.1962 1696.9014 1661.9312 1634.5786 1633.4021 1626.5564 1613.5359 1547.0656 1538.5454 1525.4464 1530.3748 1538.8865 1519.0586 1485.4742 1459.6781 1434.4237 1402.2443 1361.1719 1367.1097 1339.1097 1298.1865 1274.726 1265.2312 1263.0038 1215.7323 1181.9675 1153.6588 1170.5364 1209.7314 1213.7152 1199.28
2158.2473 2151.5244 2105.8767 2096.7407 2054.9053 2017.4312 2008.0575 2012.5967 2003.7384 2005.1521 1969.7579 1959.8237 1949.4692 1946.6511 1932.8015 1910.0492 1894.9296 1890.2036 1879.8359 1866.5968 1839.4718 1816.0679 1784.6028 1771.0712 1745.3398 1731.7239 1721.0428 1681.5559 1673.3323 1677.7526 1685.7992 1649.9396 1672.3149 1678.9302 1684.3262 1654.0997 1650.6407 1620.792 1603.6316 1580.5012 1548.8552 1519.8611 1498.9946 1483.8409 1461.075 1439.4115 1426.8583 1416.6504 1390.2568 1384.9153 1374.0498 1360.4614 1341.3546 1303.1578 1280.3137 1258.5372 1237.6584 1237.3099 1263.1494 1281.3372
2174.4958 2156.7878 2130.2781 2122.0981 2102.0718 2071.1938 2061.5095 2040.9988 2002.9636 2003.02 2004.5054 2001.3436 1977.5791 1940.2354 1918.3616 1919.9932 1921.7048 1914.7937 1908.7396 1898.0808 1887.2603 1830.8473 1786.7412 1745.853 1714.6924 1700.9539 1707.5018 1708.3066 1700.3927 1706.5093 1689.2325 1690.5847 1688.4668 1688.1019 1659.8258 1626.8284 1613.458 1612.9012 1618.7345 1604.9628 1570.2202 1554.6887 1531.4 1542.9235 1557.7371 1544.2236 1526.5433 1506.0471 1476.7427 1438.7289 1427.9976 1417.2511 1431.755 1412.2401 1376.6426 1357.8311 1347.2162 1335.1317 1352.8134 1330.7478
2168.1553 2149.1204 2118.8428 2100.8889 2073.2214 2056.3708 2068.9773 2037.7865 2016.0593 2012.4872 2031.0577 2016.6996 1990.7321 1931.8918 1936.4944 1942.1796 1932.1189 1932.5725 1942.0261 1916.3531 1902.2006 1880.2944 1856.6028 1834.6499 1823.6443 1791.8597 1760.8705 1733.7151 1698.0468 1710.9032 1723.1184 1723.5411 1710.4623 1712.2128 1712.9768 1671.3575 1676.3656 1681.6814 1669.4055 1637.6708 1622.7548 1573.3192 1521.8235 1568.9344 1581.7574 1567.8938 1548.3138 1541.2079 1509.9175 1485.3162 1463.7332 1472.0291 1477.0103 1483.0753 1486.4816 1465.191 1456.7228 1435.5099 1422.0376 1406.7319
2215.0962 2168.1096 2116.7561 2096.4077 2109.6436 2082.27 2065.7102 2056.6235 2044.6099 2030.8147 2019.3376 2080.7305 2480.114 2671.6145 1987.5334 1970.4854 1951.1515 1955.582 1938.0677 1912.4617 1908.6521 1909.6439 1878.3428 1855.3634 1851.123 1832.4546 1810.5571 1801.0262 1781.905 1771.1736 1786.1156 1794.9867 1751.8082 1722.0155 1690.4972 1622.6666 1647.3958 1647.6561 1663.6062 1695.5784 1680.5581 1645.0088 1636.4457 1645.5498 1633.8639 1610.734 1566.6058 1538.9722 1529.9316 1544.5289 1492.4469 1501.3528 1508.4109 1510.9409 1508.3004 1503.0039 1494.2147 1489.3324 1467.9302 1474.9384
2165.9619 2126.0859 2125.7327 2101.7192 2103.2666 2092.4961 2070.3523 2060.2715 2102.6912 2052.2161 2024.9025 2009.4554 1989.5917 1977.6687 1981.8063 1977.8657 1970.4313 1939.0211 1923.8296 1926.5997 1917.7523 1912.8052 1882.427 1870.2814 1854.5576 1845.6177 1812.5944 1794.1624 1778.2794 1770.7352 1834.0436 1758.1819 1766.8789 1769.0872 1729.137 1699.3389 1704.0625 1677.9644 1662.4799 1675.7617 1641.2432 1674.3334 1668.0861 1651.2413 1656.7883 1658.5812 1652.847 1632.3538 1626.077 1613.6687 1605.8353 1596.3982 1585.9706 1582.8907 1574.2748 1563.5728 1555.6913 1547.2922 1551.2943 1522.5864
2150.8386 2126.6116 2120.6453 2087.3113 2077.6555 2086.3667 2065.3894 2048.9734 2042.9359 2083.9668 2028.6128 2014.4304 1995.2012 1968.2003 1954.8502 1953.9053 1966.7095 1952.5292 1940.589 1935.5907 1929.5084 1921.3754 1898.1599 1899.8628 1881.1592 1859.3724 1854.4813 1857.3792 1874.0964 1839.5477 1804.4674 1800.2108 1786.0397 1793.6748 1814.5784 1787.3121 1748.9596 1736.1621 1722.442 1712.3326 1685.4674 1673.5088 1664.0526 1660.6738 1647.1569 1641.2611 1645.4736 1636.8585 1629.9626 1622.4584 1597.3621 1593.1981 1593.8939 1583.6949 1599.6211 1597.9983 1605.8064 1611.4415 1615.4189 1603.3721
2160.4817 2135.4851 2102.5447 2087.2495 2081.9971 2068.7876 2060.3606 2041.488 2041.5092 2017.0995 2012.55 2004.5874 1997.4871 2009.2072 1969.5028 1955.9115 1959.0991 1959.7626 1958.4121 1944.5869 1930.4346 1926.7994 1915.8835 1907.8868 1906.0597 1902.793 1900.5885 1889.4751 1883.3075 1877.9363 1876.9845 1882.7098 1859.061 1844.5348 1814.4839 1811.1841 1805.3234 1794.8472 1798.9323 1763.3348 1752.7413 1738.9154 1726.4115 1727.7655 1737.403 1706.8359 1701.6532 1703.1908 1696.1166 1686.5327 1682.4362 1675.3569 1660.6963 1652.9902 1670.4432 1686.1149 1699.7729 1696.0736 1691.4426 1682.0928
2194.3726 2167.6086 2145.7625 2114.5898 2115.7522 2096.6257 2090.6792 2101.188 2054.8125 2059.5198 2058.9624 2048.011 2039.1746 2017.5239 2019.6163 1979.1874 1985.1858 1953.329 1973.0936 1978.7256 1951.6083 1957.8811 1956.0999 1946.2188 1948.1554 1944.8634 1936.025 1924.2261 1899.3311 1900.5848 1910.3735 1891.2512 1873.999 1848.8564 1879.5088 1858.562 1855.6188 1855.1226 1846.533 1842.8149 1844.9631 1835.0045 1820.1006 1811.1884 1797.9459 1793.9683 1777.2065 1739.9854 1746.5261 1738.6426 1726.8389 1701.4114 1708.5596 1720.2025 1756.4283 1775.1008 1754.3148 1740.5936 1697.5109 1685.5754
