Resources/Map/Lvl0_30x30/Ele_BB.asc
ncols         335
nrows         335
xllcorner     -16695000
yllcorner     3325000
cellsize      10000
nodata_value  -99999.0
[rows 260 to 285 of 335, columns 116 to 173 of 335]
-5347.7559 -5345.877 -5273.667 -5225.9849 -5161.1206 -5126.2837 -5214.6104 -5231.5146 -5172.2837 -5178.666 -5222.4619 -5319.834 -5478.0518 -5506.355 -5485.3726 -5495.0591 -5474.9785 -5481.2729 -5500.5347 -5464.1221 -5385.1465 -5373.3828 -5335.6338 -5251.3101 -5248.9956 -5294.04 -5298.8892 -5311.4067 -5293.7212 -5298.668 -5338.4717 -5359.9766 -5306.3462 -5294.4839 -5226.4409 -5212.1812 -5357.5269 -5352.8228 -5245.4731 -5185.7124 -5255.6895 -5221.73 -5105.6123 -5061.9746 -5097.0083 -5151.1577 -5098.5439 -5098.8672 -5106.2485 -5130.5811 -5112.3818 -5042.9673 -5053.083 -5151.4146 -5165.1929 -5064.6245 -5077.4067 -5158.9688
-5327.5229 -5340.8501 -5287.7485 -5229.7295 -5154.7378 -5098.8667 -5167.2749 -5224.8652 -5187.7212 -5239.1021 -5259.3804 -5253.208 -5338.2109 -5368.6743 -5400.708 -5436.1943 -5403.6528 -5372.001 -5414.2021 -5418.7861 -5352.8237 -5292.4756 -5208.9321 -5223.9502 -5224.2979 -5260.6064 -5301.6235 -5295.6719 -5283.4751 -5277.2617 -5272.5815 -5300.9805 -5257.5298 -5189.4053 -5168.8838 -5158.8662 -5287.3931 -5372.8511 -5244.3711 -5121.2124 -5147.4463 -5099.6572 -5078.3628 -5098.4258 -5097.3613 -5149.0991 -5119.1343 -5147.0889 -5170.9868 -5164.3643 -5109.8584 -5009.0317 -4976.6099 -5056.9639 -5121.5005 -5084.2783 -5078.0928 -5145.9185
-5257.2129 -5311.6802 -5263.2222 -5155.4141 -5090.6152 -5096.9458 -5146.6064 -5212.2417 -5258.9326 -5361.9888 -5371.7368 -5311.1904 -5343.7417 -5332.605 -5349.4858 -5400.9331 -5380.8184 -5324.3721 -5338.6152 -5330.8491 -5291.8311 -5242.1084 -5221.5464 -5306.7036 -5250.2573 -5240.061 -5266.6719 -5283.7544 -5330.7349 -5283.0405 -5183.9014 -5199.2529 -5182.1406 -5117.1074 -5116.5962 -5152.1206 -5243.8022 -5296.3135 -5212.4497 -5156.9976 -5136.3057 -5037.7495 -5007.4429 -5103.8682 -5100.0742 -5127.8618 -5141.1558 -5155.522 -5132.4351 -5138.3584 -5119.6328 -5034.5669 -5007.8545 -5064.0571 -5125.2109 -5118.9902 -5122.2583 -5144.856
-5230.4922 -5326.2964 -5303.9888 -5215.3672 -5184.7485 -5182.7368 -5182.4985 -5293.7646 -5412.9692 -5419.8369 -5370.04 -5356.1479 -5421.8091 -5393.7627 -5369.4604 -5416.9209 -5382.1416 -5328.1572 -5346.7954 -5313.6123 -5276.3354 -5263.1616 -5304.5151 -5349.6523 -5269.979 -5232.2627 -5204.5234 -5227.6245 -5260.9746 -5228.3032 -5159.5518 -5129.312 -5084.4033 -5087.8457 -5132.0693 -5198.3105 -5232.0454 -5232.7725 -5205.0293 -5197.252 -5179.0879 -5125.5063 -5059.9678 -5124.9819 -5082.2402 -5063.1318 -5135.9326 -5171.8726 -5105.8506 -5110.8496 -5111.2969 -5046.4097 -5041.8301 -5121.4668 -5135.7305 -5066.6929 -5082.8438 -5140.5825
-5305.3413 -5446.501 -5429.8545 -5285.0415 -5158.7646 -5054.3008 -5076.0161 -5285.3667 -5499.5547 -5516.8657 -5427.0376 -5408.3809 -5499.4082 -5475.7749 -5388.48 -5394.7407 -5372.4478 -5347.6885 -5351.8286 -5269.1812 -5235.4233 -5273.7129 -5295.8057 -5268.7935 -5254.4712 -5277.6221 -5274.771 -5201.1514 -5119.5962 -5126.8896 -5113.9048 -5051.4409 -5021.4497 -5116.7964 -5198.0879 -5174.5313 -5136.7886 -5176.2007 -5197.835 -5172.5044 -5174.6885 -5221.7803 -5203.5684 -5153.915 -5085.3252 -5071.373 -5115.4375 -5139.5283 -5097.5864 -5118.5557 -5113.2114 -5054.3765 -5061.6299 -5116.1431 -5094.436 -5048.9805 -5054.3096 -5130.8237
-5336.0498 -5497.9937 -5465.2559 -5193.3682 -4986.4995 -4986.957 -5099.1987 -5254.75 -5500.1885 -5627.2832 -5539.3218 -5439.3003 -5450.1787 -5439.4907 -5386.8418 -5369.939 -5343.3662 -5315.8398 -5292.2026 -5250.6152 -5261.311 -5282.0474 -5264.6685 -5237.7314 -5226.9854 -5227.3042 -5268.3364 -5188.9199 -5095.0137 -5141.9639 -5095.1128 -4966.2349 -5005.2549 -5176.3135 -5154.9253 -5028.8433 -5074.2886 -5162.1187 -5145.6001 -5144.1641 -5169.6543 -5250.5112 -5241.6719 -5142.3716 -5097.0977 -5113.7817 -5108.0645 -5129.811 -5098.9111 -5111.1797 -5127.1367 -5086.2988 -5089.104 -5081.8438 -5065.9351 -5128.4126 -5095.6055 -5083.4507
-5375.2603 -5476.3584 -5497.5054 -5374.3892 -5291.4521 -5414.3262 -5472.8105 -5409.188 -5502.9634 -5588.8931 -5492.4883 -5406.998 -5367.1772 -5317.1704 -5320.9575 -5326.8823 -5272.8691 -5219.2847 -5239.3008 -5291.9399 -5283.4551 -5223.9658 -5211.4756 -5253.5132 -5267.7192 -5224.043 -5235.4683 -5173.0532 -5097.5977 -5141.4604 -5070.1748 -4961.5054 -5062.5308 -5187.4541 -5051.5059 -4959.1948 -5118.5918 -5193.0073 -5121.6958 -5092.8252 -5164.8936 -5264.7485 -5214.5923 -5097.8081 -5074.5591 -5152.5332 -5151.25 -5133.7993 -5092.9663 -5110.8438 -5114.8096 -5078.4951 -5072.0601 -5063.2866 -5117.9106 -5187.7236 -5083.7544 -4981.9028
-5387.6201 -5425.5371 -5415.2837 -5462.502 -5532.7832 -5567.064 -5515.1313 -5415.3896 -5395.5396 -5433.4946 -5400.4795 -5365.8555 -5300.4385 -5197.8413 -5204.6909 -5234.7988 -5198.2656 -5180.9653 -5256.3286 -5344.4355 -5290.0869 -5197.5254 -5199.9951 -5251.8647 -5301.7681 -5218.9932 -5207.5073 -5194.9961 -5079.7275 -5038.792 -5076.3384 -5097.2261 -5091.0493 -5144.5928 -5126.1782 -5035.5718 -5107.4224 -5140.7148 -5110.5083 -5069.0923 -5179.4063 -5288.4702 -5193.4941 -5049.104 -5049.231 -5175.3213 -5220.1987 -5162.7656 -5110.0688 -5129.0894 -5115.9849 -5085.0063 -5069.7568 -5045.6313 -5105.6304 -5180.8555 -5172.3638 -5092.3755
-5336.2778 -5333.314 -5308.478 -5344.2905 -5409.6401 -5398.5239 -5332.2813 -5274.4458 -5259.4575 -5341.8164 -5361.9956 -5309.0024 -5267.4946 -5182.2168 -5173.2949 -5235.9082 -5227.4414 -5151.769 -5133.1548 -5232.3545 -5235.0732 -5191.936 -5196.647 -5199.3374 -5265.7563 -5239.0654 -5191.6499 -5151.0176 -5037.7031 -4983.3672 -5141.7134 -5208.6719 -5097.6904 -5070.5591 -5107.5986 -5009.3569 -5008.6069 -5069.1011 -5091.7993 -5100.5181 -5213.0703 -5243.582 -5180.3721 -5056.7935 -5035.6699 -5131.0376 -5204.5449 -5215.063 -5149.4292 -5115.0127 -5148.4976 -5144.8418 -5105.7153 -5059.7549 -5089.7227 -5156.354 -5205.3633 -5185.9658
-5380.1479 -5246.6035 -5223.103 -5229.0659 -5252.6133 -5285.9019 -5249.8652 -5178.9385 -5227.7949 -5351.895 -5300.4194 -5205.9155 -5202.1675 -5155.2085 -5151.0859 -5210.4946 -5227.7051 -5126.0342 -5022.2686 -5090.2642 -5230.9893 -5258.1509 -5205.9214 -5151.6836 -5171.709 -5193.4121 -5195.0049 -5176.9902 -5121.2554 -5055.3271 -5205.6821 -5247.8086 -5144.6206 -5096.8872 -5101.7144 -5057.7441 -5008.5601 -5033.6475 -5072.4712 -5154.5776 -5229.2114 -5177.3472 -5125.522 -5094.0361 -5066.3804 -5098.7988 -5124.5884 -5184.5112 -5152.5278 -5123.3281 -5193.4673 -5213.4888 -5158.3022 -5104.3101 -5103.1636 -5148.1323 -5199.3906 -5230.0552
-5306.1128 -5167.356 -5169 -5186.0415 -5193.1611 -5240.6846 -5213.7847 -5105.8291 -5150.6885 -5270.5557 -5241.7744 -5223.6265 -5175.4873 -5076.9424 -5082.1309 -5116.083 -5177.6196 -5173.8345 -5132.334 -5147.7202 -5199.4956 -5206.0811 -5193.5063 -5175.6523 -5104.9766 -5085.4409 -5172.4634 -5205.4233 -5158.5737 -5094.0791 -5224.0542 -5237.8135 -5132.2134 -5122.7573 -5116.5415 -5090.2222 -5023.3193 -4996.1509 -5038.7407 -5198.2676 -5222.2896 -5147.061 -5100.8003 -5163.373 -5190.396 -5229.7163 -5260.3569 -5256.4111 -5192.2285 -5210.833 -5240.1724 -5224.7861 -5184.9775 -5151.8325 -5154.5898 -5216.3765 -5248.7476 -5224.5273
-5116.5381 -5147.2148 -5145.2725 -5150.7905 -5131.4697 -5170.7524 -5203.4463 -5115.394 -5113.4419 -5238.5078 -5260.2114 -5237.4121 -5133.5132 -5037.6782 -5054.9673 -5058.625 -5125.4434 -5142.3535 -5094.5146 -5096.9829 -5100.8843 -5148.7979 -5232.0996 -5261.0029 -5204.4971 -5134.7207 -5125.4775 -5186.1748 -5168.7417 -5107.2993 -5155.7915 -5149.0015 -5117.1401 -5156.3765 -5153.0957 -5099.3433 -5013.9077 -4963.6621 -5030.8008 -5193.0786 -5183.0552 -5066.9248 -5075.7832 -5222.2109 -5263.6943 -5259.791 -5348.9053 -5328.0586 -5214.9028 -5215.4565 -5245.7954 -5239.1514 -5248.395 -5241.7373 -5277.4326 -5345.4634 -5300.7227 -5225.5615
-5208.7139 -5228.8203 -5167.4526 -5151.6699 -5117.6777 -5114.3081 -5161.5835 -5147.7588 -5140.5928 -5218.6577 -5274.4883 -5238.8701 -5172.2598 -5197.936 -5191.9321 -5103.9697 -5101.3296 -5096.5479 -5048.8896 -5064.2925 -5103.5186 -5140.0435 -5183.6626 -5236.5493 -5242.6133 -5183.4893 -5102.3379 -5160.5493 -5160.7397 -5076.1089 -5176.5044 -5119.9072 -4843.8647 -4970.9561 -5167.8198 -5160.8462 -5077.873 -5012.8262 -5093.9155 -5149.7754 -5105.2915 -5056.0342 -5106.2305 -5254.5845 -5307.0537 -5307.0015 -5385.2197 -5401.1743 -5339.1211 -5273.0581 -5261.6157 -5250.7173 -5289.9663 -5329.5371 -5347.2593 -5318.1118 -5222.0186 -5209.7017
-5326.833 -5191.3359 -5212.6069 -5215.9063 -5185.5977 -5079.2471 -4982.3862 -5028.3037 -5119.7734 -5163.021 -5226.1445 -5147.355 -5061.9556 -5224.4551 -5261.5728 -5146.9702 -5112.6841 -5094.3999 -5069.1694 -5078.5356 -5142.6597 -5154.8677 -5090.1143 -5060.5679 -5082.5625 -5111.0503 -5067.5869 -5092.8789 -5153.2397 -5115.3286 -5146.3364 -4593.8784 -3700.2942 -4224.4839 -5035.6787 -5212.3359 -5109 -5069.1187 -5115.2383 -5102.459 -5048.7202 -5112.7798 -5177.2339 -5245.7188 -5256.1362 -5275.856 -5343.8184 -5404.6279 -5422.6289 -5333.064 -5267.8667 -5236.5493 -5208.1353 -5255.1143 -5342.0547 -5312.2949 -5245.4785 -5265.2163
-5204.7847 -5055.8013 -5153.9248 -5145.2266 -5116.9077 -5043.7046 -4968.8252 -5053.5605 -5142.8223 -5148.3169 -5172.3257 -4976.7417 -4773.3687 -5027.8364 -5238.7729 -5189.3159 -5150.4414 -5150.2271 -5091.5352 -5036.9565 -5091.9858 -5099.1055 -5050.9473 -5017.7041 -5011.7407 -5025.1318 -4972.4175 -4973.6094 -5116.8062 -5165.771 -5024.4282 -4358.1309 -3935.1069 -4587.4829 -5113.6226 -5170.4414 -5115.4175 -5140.1279 -5098.3252 -5056.188 -5071.7744 -5165.8198 -5191.5488 -5227.5879 -5272.9492 -5287.2959 -5304.9458 -5343.0186 -5352.9321 -5306.5825 -5270.8975 -5227.4971 -5169.6733 -5187.4878 -5297.1616 -5329.8042 -5312.1118 -5344.5381
-5181.2119 -5138.7271 -5137.3804 -5126.2803 -5150.2256 -5147.7822 -5103.9922 -5158.4678 -5169.0093 -5152.7275 -5174.6685 -5090.1514 -4996.5811 -5096.7075 -5214.8042 -5170.9043 -5038.4604 -5009.522 -4988.1606 -4989.4717 -5072.4458 -5114.9854 -5125.1909 -5063.6929 -5007.1099 -5010.7656 -4933.2036 -4838.1704 -4936.9961 -5091.3149 -5036.9829 -4776.9844 -4865.0972 -5152.8115 -5217.3364 -5136.6221 -5115.9268 -5161.8115 -5111.6133 -5024.7788 -5086.7959 -5190.1421 -5167.8252 -5187.9077 -5265.8398 -5324.2993 -5307.5415 -5278.8408 -5261.1357 -5261.1782 -5258.2695 -5250.3193 -5281.1016 -5285.3584 -5273.5 -5273.0591 -5286.4541 -5348.5703
-5237.4976 -5242.0034 -5164.8745 -5131.0039 -5201.1479 -5201.5088 -5124.0405 -5133.9146 -5129.8667 -5124.7319 -5165.1943 -5177.3906 -5186.9541 -5201.624 -5207.4971 -5140.8184 -5036.1724 -4982.6948 -4678.8486 -4579.1069 -4972.1514 -5147.4224 -5133.9795 -5067.9458 -4970.7476 -4953.8135 -4933.5957 -4840.8457 -4829.3696 -5014.2114 -5066.3101 -4961.6074 -4956.8701 -5133.4136 -5173.4429 -4822.9717 -4863.6689 -5157.9185 -5136.0576 -5025.4375 -5076.4404 -5173.7178 -5126.9082 -5152.4902 -5196.0107 -5227.1958 -5249.2529 -5233.5264 -5226.6353 -5230.3857 -5219.0889 -5224.3691 -5283.8252 -5313.6045 -5258.6436 -5243.3511 -5282.04 -5304.79
-5218.3721 -5221.7114 -5187.5098 -5182.0977 -5146.0991 -5139.7539 -5182.5859 -5178.1724 -5125.7788 -5133.9922 -5180.6675 -5162.1279 -5149.8525 -5157.5864 -5169.0459 -5167.0532 -5141.9922 -5070.6846 -4606.7964 -4647.7471 -5027.9336 -5122.9639 -5070.5049 -5022.0503 -4902.0361 -4938.0664 -4942.0854 -4893.0972 -4850.9199 -4963.9458 -4946.9238 -4917.6191 -4927.2607 -5046.7554 -4814.3623 -4097.958 -4320.8501 -4896.7534 -4902.4741 -4879.1411 -4938.3428 -5102.3369 -5043.6831 -5103.3745 -5173.3022 -5107.3594 -5115.6157 -5166.0342 -5160.7153 -5159.5435 -5187.6387 -5191.7207 -5221.3813 -5250.9082 -5241.8726 -5258.1445 -5289.6733 -5288.3701
-5117.8506 -5145.2793 -5150.8623 -5178.2524 -5129.6851 -5132.8369 -5206.6104 -5197.1157 -5114.3765 -5135.4839 -5183.9268 -5154.3296 -5126.2456 -5134.7231 -5150.5654 -5139.252 -5111.7485 -5133.8188 -5077.021 -5054.8696 -5102.8628 -5074.9722 -4998.6836 -5000.4673 -4937.2397 -4993.5562 -5014.1592 -4933.9565 -4826.9512 -4946.5508 -4963.0815 -4960.9238 -5056.0835 -5097.7119 -4915.897 -4458.8267 -4734.6064 -4663.8496 -4643.1484 -4839.666 -4980.0527 -5107.335 -5098.3081 -5103.9585 -5140.5098 -5144.8267 -5123.9248 -5151.3438 -5188.4136 -5155.9438 -5166.9053 -5182.2563 -5197.5234 -5213.0469 -5247.2383 -5284.9629 -5334.1025 -5350.208
-5177.1704 -5179.729 -5212.9526 -5170.5229 -5141.7021 -5164.2852 -5224.6362 -5220.5596 -5175.3037 -5165.5278 -5073.9604 -5041.6792 -5106.0654 -5138.6362 -5151.7969 -5107.5479 -5012.1621 -5103.0366 -5176.1846 -5077.2207 -5015.2461 -4945.332 -4913.2866 -4979.1362 -4984.1665 -5040.585 -5069.0415 -4963.6528 -4850.3604 -4937.1699 -5064.1055 -5165.7104 -5319.8159 -5318.7134 -5173.7163 -4899.3188 -4864.1548 -5055.6074 -5093.1743 -5044.5586 -5082.0205 -5200.8677 -5138.4946 -5049.5537 -5076.8643 -5168.3892 -5139.4985 -5144.4429 -5177.1855 -5129.2021 -5138.8882 -5173.4795 -5197.9077 -5225.5884 -5252.9482 -5287.4956 -5353.9233 -5371.6416
-5055.623 -4968.1831 -5128.9556 -5167.0166 -5103.394 -5161.3062 -5249.3994 -5196.79 -5126.0991 -5111.2231 -5067.916 -5093.1479 -5134.855 -5064.688 -5003.3418 -5037.5698 -5015.4067 -4964.498 -4954.1797 -4924.2813 -4879.7432 -4846.3672 -4865.0508 -4945.5688 -4975.1572 -5024.2466 -5040.7427 -5034.3916 -4937.5049 -4364.5557 -4377.6011 -5021.3623 -5172.627 -5009.9497 -4882.4883 -4520.7593 -4437.4438 -5044.1709 -5143.1733 -4964.0029 -5031.2451 -5171.2925 -5156.2944 -5112.5913 -5119.0718 -5160.2002 -5139.7847 -5126.1938 -5139.6006 -5110.0776 -5135.6699 -5183.1787 -5207.6104 -5226.2178 -5258.8975 -5312.1245 -5341.8213 -5335.3286
-5130.8652 -5035.334 -5084.9487 -5140.5869 -5112.2378 -5137.1943 -5180.394 -5135.0869 -5077.8931 -5038.6172 -5088.0586 -5192.376 -5182.5356 -5099.1802 -5084.5864 -5094.3008 -5034.1201 -4966.188 -4930.5034 -4905.3398 -4863.5142 -4805.3735 -4786.3115 -4865.4858 -4939.1455 -5011.9609 -4990.9424 -4994.2188 -4907.02 -4116.145 -3961.7957 -4728.4409 -5004.7734 -4988.5684 -5015.7612 -5001.4443 -4984.1289 -5093.8281 -5070.7056 -4990.082 -5042.0308 -5128.3926 -5099.8716 -5066.3521 -5074.1909 -5100.4873 -5143.2993 -5160.9282 -5178.6235 -5159.3765 -5150.0537 -5179.4072 -5227.0503 -5240.5151 -5275.73 -5344.8955 -5381.0215 -5343.0283
-5207.7192 -5155.1499 -5055.9961 -5128.8213 -5206.5581 -5180.0059 -5145.564 -5134.4399 -5107.4873 -5115.4375 -5130.5322 -5151.7573 -5161.3057 -5126.3003 -5081.457 -4992.3164 -4933.0127 -4999.9351 -4980.5298 -4884.9771 -4895.3789 -4890.1392 -4890.0615 -4939.6323 -4947.7207 -4943.7285 -4897.7231 -4931.147 -5022.7725 -4936.5396 -4878.9546 -4956.772 -4942.1221 -4952.3633 -4973.4741 -5010.9531 -4927.8169 -4881.7153 -4926.2988 -4977.1821 -4992.3579 -5068.0732 -5085.8013 -5042.8667 -4876.0269 -4811.5386 -4986.771 -5150.4673 -5243.0522 -5226.9126 -5195.4678 -5190.1655 -5217.2676 -5232.6445 -5252.0293 -5307.2993 -5331.4346 -5276.4893
-5211.4395 -5081.1138 -5047.252 -5142.7012 -5225.7886 -5176.9263 -5160.8086 -5183.6479 -5059.769 -5081.9492 -5154.3828 -5170.562 -5164.126 -5097.0283 -5033.4712 -4928.9507 -4847.772 -4928.8438 -4914.2373 -4939.376 -5048.6875 -4988.2529 -5011.8555 -5070.6812 -5047.7568 -4976.8647 -4844.583 -4902.8745 -5093.7515 -5110.8398 -5057.9678 -5021.3682 -4991.1196 -4956.8115 -4963.1489 -4917.4053 -4770.1509 -4749.313 -4932.4106 -5003.0601 -5037.5293 -5152.3525 -5139.1826 -4634.4731 -3567.7676 -3358.3271 -4293.7222 -5034.0215 -5280.5796 -5286.541 -5213.0337 -5196.1733 -5230.8208 -5212.4873 -5182.9854 -5216.7183 -5254.6855 -5209.5049
-5198.5991 -5096.9663 -4986.0181 -4952.7925 -5092.2588 -5109.5254 -5098.0454 -5158.4214 -5098.0122 -5118.9648 -5165.2373 -5164.457 -5142.9541 -5095.375 -5057.1968 -5013.0317 -4963.3779 -4891.3994 -4859.6377 -5002.479 -4902.979 -4696.5254 -4949.3818 -5101.2881 -5029.7104 -5013.3589 -4959.5332 -4966.2783 -5062.644 -5044.7876 -4958.7456 -4869.4199 -4915.0498 -4955.4258 -4975.6743 -4903.9395 -4881.1113 -4945.7012 -4988.1348 -4754.5122 -4701.5625 -5077.4214 -5184.9131 -4359.4819 -2743.5647 -2482.4985 -3944.9568 -5020.6064 -5242.9146 -5240.0674 -5184.9858 -5179.9673 -5223.0762 -5190.2813 -5129.1948 -5178.1201 -5232.4814 -5182.5327
-5185.3115 -5142.1968 -5030.4565 -5009.127 -5120.9053 -5144.291 -5133.7173 -5108.8545 -5061.0088 -5117.8462 -5186.4468 -5150.1353 -5105.2466 -5128.3921 -5132.1826 -5062.9668 -4974.2441 -4930.8384 -4938.6196 -4943.7988 -4682.7349 -4637.8359 -5022.8281 -5139.5073 -5075.2891 -5076.1182 -5045.6973 -5036.6133 -5020.0317 -5041.5815 -4948.4453 -4843.7554 -4950.0293 -4872.4463 -4883.8569 -5018.2798 -5018.085 -5030.873 -4999.2412 -4614.0215 -4438.0356 -4937.9897 -5212.1758 -4863.23 -4111.5469 -3950.6218 -4613.1865 -5090.4009 -5169.6553 -5156.5024 -5147.4292 -5160.6548 -5168.8667 -5136.2612 -5106.4375 -5121.0464 -5107.1641 -5121.9912
