Resources/Map/Lvl0_30x30/Ele_FL.asc
ncols         335
nrows         335
xllcorner     16805000
yllcorner     -10075000
cellsize      10000
nodata_value  -99999.0
[rows 297 to 323 of 335, columns 60 to 119 of 335]
291.771 290.6133 288.8342 288.5114 287.5472 287.3374 287.3332 287.3456 287.9998 288.1148 289.8473 290.0888 290.962 292.1098 294.1564 297.2147 301.1791 305.9088 310.5515 315.5569 320.9747 326.2417 331.9708 337.7462 344.5206 351.9198 360.2173 368.9046 378.0734 388.3701 398.7463 408.626 419.1701 429.7492 440.3786 451.4922 463.1731 474.6437 487.0557 499.3983 512.114 525.1877 537.6456 550.5866 563.7028 576.1055 589.1017 601.6177 613.8988 626.3206 638.7554 651.0254 663.2916 675.7209 687.9854 700.1989 711.8475 724.0116 735.4243 746.7274
258.399 257.5892 257.2125 257.186 257.048 257.0412 257.0412 258.7702 259.856 262.4426 264.6071 268.1187 271.4322 272.8632 276.6804 280.9822 286.6642 291.9788 297.963 304.2303 311.4533 319.5128 328.2165 337.2478 347.0241 356.5054 366.3671 376.9206 387.4743 398.6416 410.2573 422.2257 434.2766 446.8133 459.7446 472.735 486.3831 499.1346 512.6545 526.0912 538.6999 551.1123 562.7348 574.9372 587.3496 598.906 610.4236 621.8317 633.222 643.805 655.1476 665.6929 676.2005 685.8152 694.5836 703.2755 711.0361 718.9129 726.6592 734.3817
314.3835 314.5289 316.1085 317.0851 318.8169 320.6096 323.2764 325.353 329.0385 332.0968 335.1325 339.2206 343.0352 345.4063 350.3907 355.5942 361.6997 367.7356 374.0968 380.9119 387.4749 394.5081 401.0174 407.8979 415.4292 423.2737 431.2996 439.7059 449.0891 458.5388 468.0531 477.6284 487.2038 496.8519 506.5529 516.254 526.6127 536.5725 545.705 555.816 565.6675 575.2429 584.0283 592.6815 602.0919 610.0605 617.7175 625.3745 633.0314 638.9162 645.621 652.2601 658.8937 665.3707 670.9056 677.2798 683.4514 688.7073 693.1724 697.7819
383.0753 384.0214 385.9405 387.8904 389.9275 392.8476 395.0153 397.0803 400.2456 403.3681 407.2852 410.4547 413.2506 414.0457 418.0817 421.199 423.8515 427.2277 430.6303 433.8267 436.5893 440.0357 443.4119 446.8256 450.3051 454.2 458.2642 461.8366 465.9556 470.1079 473.7942 477.9726 482.0655 485.7517 489.9896 494.0231 498.367 503.6175 507.8085 512.1884 516.8213 520.0457 523.4434 527.7562 531.5924 535.1055 538.585 542.0645 546.3729 550.5802 554.8694 560.0526 565.2568 569.5775 574.6443 579.0078 584.0344 587.4033 591.6196 596.4951
378.8158 379.8378 380.9319 382.8917 384.0587 385.239 386.3441 389.2901 390.5117 392.584 393.8424 395.2231 397.9027 398.2284 400.4208 402.5305 404.5917 406.9369 410.2434 413.9674 416.9767 420.0428 423.4304 427.0957 430.5239 434.5639 438.2148 441.7038 445.3058 448.4131 451.963 456.0135 459.5321 463.1429 467.1987 471.2364 474.6901 478.517 482.5749 485.973 489.8068 493.7732 497.0346 500.9127 504.9347 508.9418 512.1405 516.0353 520.1155 524.2037 528.2918 532.4583 536.6172 539.7669 542.9907 546.2142 550.2772 553.3528 556.5113 559.8779
358.0705 359.9281 361.0572 363.0097 364.1012 366.0419 368.0273 370.1275 372.1152 374.1557 376.2209 379.1819 382.1044 384.0484 386.4185 390.3892 394.36 398.3444 402.3889 406.7276 411.7204 416.7131 421.726 426.7561 431.7715 437.2144 443.2041 448.7536 453.7775 459.2448 465.2311 471.2459 477.228 483.2181 489.8113 496.1903 502.7873 509.105 515.7813 522.0357 528.7377 534.992 540.9615 546.1989 552.0364 557.2444 562.2455 567.29 571.4723 575.5604 579.6486 582.8052 586.872 589.9381 593.0042 596.0027 598.2513 601.2039 603.3066 605.4188
351.9116 353.0959 354.9982 357.039 359.0492 361.0916 363.1356 366.1621 369.1526 371.3177 375.2543 378.4235 382.0978 383.5928 387.6205 391.7086 395.7968 400.1154 405.1893 410.2731 415.3833 420.4935 425.9405 432.0363 438.1321 444.2428 450.375 456.9339 463.5511 470.1504 477.2683 484.3861 491.504 498.6219 505.1698 512.5419 520.0345 526.509 533.343 539.7734 545.9322 552.0735 558.2057 563.5259 569.4701 574.7463 580.7033 585.9311 590.1191 595.1178 599.2598 603.3128 606.416 608.4964 610.6292 613.619 615.6665 617.7427 619.9241 622.6366
342.8525 344.8844 346.9269 348.971 351.9545 355.0066 358.0587 360.1569 364.1903 367.244 370.323 373.496 377.1975 378.6722 382.5898 386.0545 390.9367 395.2639 400.374 405.7634 411.5806 417.0135 422.7921 427.9163 433.4283 439.5606 445.6928 451.3782 457.4595 464.1101 470.2563 476.4026 482.5489 488.6951 494.8329 501.6095 508.1201 514.257 519.7068 525.549 531.6812 537.8134 543.1665 549.0804 553.5649 558.5137 562.77 565.9861 569.9771 575.0093 578.2004 581.2806 585.3329 588.385 591.4378 594.4276 596.5687 599.502 601.4075 602.6153
322.3549 324.4073 327.3607 329.5114 332.5169 335.5913 337.6771 341.7483 344.8307 347.9683 352.0723 356.1687 359.8776 361.3535 365.4513 369.7478 374.6428 378.9782 384.0946 389.2116 394.6419 400.4466 405.9197 411.689 417.2007 423.3446 429.4898 435.6303 441.7708 448.4107 455.048 461.1923 467.8978 475.0568 481.6057 488.3819 494.8867 501.7069 508.1734 514.3163 520.4568 527.3652 533.7378 539.0729 545.0336 551.1755 557.3088 563.4557 568.6749 573.801 579.886 584.0581 589.1547 593.2595 597.418 602.4601 606.5574 610.5426 613.7737 617.8702
275.2332 278.3647 281.5192 285.5798 289.7292 293.8493 297.9979 303.1355 308.2355 312.4798 318.5578 323.7018 328.354 330.0102 335.3239 341.3034 346.4989 351.9094 357.8495 363.8669 371.1246 376.9406 384.115 390.9202 397.4951 405.0829 412.8349 420.006 427.1891 434.3895 442.0999 449.7428 456.9312 464.7028 472.3022 480.1153 487.6536 495.5182 503.7251 511.1865 518.3854 526.3228 533.7328 540.9176 548.9115 556.2318 562.5605 570.4733 576.83 583.9086 591.0629 597.2585 603.4216 609.6132 615.747 621.8358 627.0997 633.2355 639.2558 644.3966
233.0065 238.2452 244.2639 250.3479 256.4272 261.6833 267.7928 273.8741 280.0186 285.304 292.3734 298.6069 305.0706 307.7183 314.0144 321.3107 329.217 336.5574 344.6672 352.4985 359.6741 367.1026 374.9129 382.4529 390.5762 398.6995 406.8455 414.5624 422.6047 431.219 439.8935 447.9439 456.1548 464.7169 473.4433 481.9659 490.074 498.8594 507.9684 515.6882 524.2569 532.6212 540.7446 548.8679 556.9913 564.3029 572.2897 579.5596 586.6661 593.8163 600.9706 608.0736 615.2365 623.2456 629.4294 636.5307 643.5386 649.7789 656.6995 662.8232
275.9795 280.9492 286.8842 291.9421 296.9719 303.8124 309.8911 314.9639 321.8546 327.8991 334.818 340.7997 346.2849 348.9103 354.892 361.0687 367.8554 374.0761 380.8187 387.3249 394.6573 400.9932 408.2451 415.8038 422.8075 429.7806 437.1464 444.6375 451.12 458.0715 466.022 472.9178 479.469 486.9772 494.3291 501.8749 508.58 515.8963 523.145 530.1268 537.1305 544.0776 551.0643 558.0082 565.0594 572.0123 579.0055 585.9429 592.0172 598.9429 605.9467 612.0349 618.9438 624.9303 631.0545 637.0418 643.0915 648.9616 654.139 660.0314
414.8629 417.954 422.4793 425.6046 429.4347 433.2346 438.0266 441.9208 445.7162 449.5742 454.3069 458.1124 461.7477 463.8839 467.6958 471.7465 476.27 480.2816 484.7902 488.6831 492.8521 497.3423 501.171 505.3997 510.2171 514.6192 518.8519 523.2538 527.1008 531.3515 536.1215 540.4436 544.7974 549.0385 553.4865 557.6683 562.1213 566.9387 571.1213 575.669 580.4864 584.5359 589.1212 593.2042 598.6854 602.8945 607.4979 611.5754 615.3898 620.1294 624.9468 629.7642 633.7623 637.6223 643.3582 647.3275 652.1441 656.037 660.0724 664.8229
594.1931 595.9973 596.9997 598.7231 600.4156 601.354 603.0189 604.8062 605.7036 606.5485 608.2679 609.1569 610.7186 610.7495 611.8043 613.4136 614.2212 615.0953 616.1079 617.8254 619.5938 621.0278 622.1971 623.8814 625.5657 626.8834 628.0516 629.736 631.0518 631.8358 633.0236 634.7721 636.0068 637.2417 638.8781 640.0013 641.3641 643.0483 644.815 646.5343 648.1311 649.1078 650.6799 652.2936 654.7898 656.6401 657.5494 660.0261 660.9965 662.7228 664.4136 666.2139 668.8917 669.8509 672.5092 674.3719 676.8946 678.8046 680.7346 683.315
706.4985 706.4796 706.3531 706.3404 705.5204 705.3439 704.3438 704.3378 704.1605 703.2012 703.1046 702.0472 701.812 701.02 700.7596 700.4224 699.4751 699.0938 697.9295 697.0483 696.601 695.7183 695.0846 693.8297 692.6107 691.362 690.1368 688.8942 688.0773 686.7838 685.0499 684.2908 683.4368 681.7034 680.1021 678.7955 677.5806 676.3217 675.6192 674.6702 672.76 671.3416 670.8572 669.0619 668.4274 667.2869 666.1026 665.7131 664.5065 664.1441 663.0279 662.7143 662.4298 662.1453 661.8683 661.6604 660.8078 661.4584 661.4385 661.4608
723.4439 723.3301 722.7142 722.6522 722.4988 721.6735 720.816 720.6335 719.618 718.793 718.3489 716.7064 715.7925 715.3748 713.6403 712.4547 710.7573 709.5347 707.6132 705.8522 704.525 702.5336 700.3049 697.7747 695.5019 693.0157 690.7692 688.3438 685.9733 683.1553 680.2537 677.8997 675.4507 673.0455 670.5854 667.7461 665.3964 662.782 659.9935 657.7473 654.9573 652.7828 650.7761 648.0508 645.9832 643.3856 641.3853 639.5058 636.8527 635.0599 633.1894 631.6281 629.9151 628.2002 626.5222 625.5124 624.6549 623.8986 623.779 623.0596
695.1348 695.3217 696.251 696.5126 695.9212 696.0693 696.2562 695.4313 694.9958 695.0687 693.5525 693.6521 692.9803 692.1728 691.5246 690.8763 690.1884 689.397 688.5355 687.2834 686.3859 685.11 684.0534 682.8055 681.7209 680.577 679.8488 678.7223 677.6323 676.4807 674.9065 673.7704 672.574 670.9825 669.9258 668.7582 667.1545 665.7329 664.7532 663.459 661.5026 660.3451 659.009 657.5256 656.8762 656.1018 655.5878 654.9619 654.3137 654.437 653.8344 654.8011 655.1786 655.1905 655.5099 654.9381 655.2939 655.5029 655.8506 656.0977
673.5375 674.7688 676.0001 677.2313 678.4626 679.6938 680.9251 681.376 683.3876 684.569 685.0549 686.2643 687.1839 687.5131 688.5706 689.8018 690.8605 691.4202 692.4956 693.7269 694.9581 695.8622 696.4207 697.3568 698.088 699.2342 699.998 700.7817 702.013 702.8439 703.5727 704.2714 705.1428 705.9036 706.6844 707.9667 708.6149 710.0445 710.9724 711.9664 713.7908 714.6136 715.6602 716.8915 718.786 719.4686 721.4634 722.8166 724.0479 725.2791 726.5104 727.944 729.9647 730.4412 732.6402 733.9322 735.9182 737.4297 739.3605 740.8871
642.6816 644.7257 646.7698 648.8138 650.8579 652.902 654.946 656.9859 658.8076 660.8517 662.8958 664.8572 666.0524 666.9113 668.2986 670.3427 672.3868 674.246 675.7015 677.6814 679.563 681.3541 682.7986 684.6953 686.7393 688.3681 689.8275 691.8715 693.8065 695.7331 697.3707 698.9238 700.8654 702.9094 704.3398 706.4892 708.3063 709.9317 711.9032 713.9473 715.8223 717.8088 719.8529 721.713 723.9034 725.7911 728.2828 730.5975 732.4553 734.2678 736.2992 739.1076 740.9342 742.9959 745.5692 747.5959 749.5069 752.2483 754.2601 756.2371
566.9064 568.7303 570.5205 572.3107 574.3375 576.1395 578.1772 579.9588 581.2552 583.0454 584.8356 586.6523 588.4387 588.703 590.4932 592.2833 594.1274 596.1715 598.1507 599.7281 600.9795 602.7697 604.2974 605.5984 607.4863 609.1151 610.4658 612.256 613.6844 615.0848 616.875 618.3896 619.9521 621.7424 622.9189 624.4807 626.3613 627.6406 629.1901 630.9803 632.2099 633.8091 635.5992 636.5775 638.8064 640.078 641.1 643.4751 644.6473 645.6693 647.4175 649.2077 649.9979 651.7638 652.8267 654.5594 655.6555 657.4456 659.1287 660.2336
450.9114 451.9957 452.7722 453.518 455.2164 456.0097 457.4828 458.7852 460.2471 461.0099 462.009 462.8328 464.1364 464.2465 464.9923 465.7908 466.9126 468.4042 469.7759 470.7214 471.5497 472.4833 473.3235 474.1449 475.114 476.4666 477.2124 477.9582 478.8341 479.7201 480.4659 481.6113 482.8412 483.7034 484.0014 485.101 486.2111 486.9569 487.7028 488.4486 489.1944 490.1477 490.7428 491.0588 491.7182 492.464 493.2098 494.1989 494.9717 495.7176 496.4634 497.2092 497.2281 498.2414 499.0019 500.0033 500.7491 501.4949 502.2407 502.9109
337.542 338.1695 337.9845 337.9577 338.632 338.381 338.3735 339.7893 339.7893 339.8337 340.4972 340.466 340.2051 340.2051 340.1546 340.051 340.5575 340.3288 340.5136 340.954 340.8714 341.1603 341.3055 341.3134 341.0318 341.1627 340.8642 340.6998 340.9 340.9685 340.8235 340.6636 340.7682 340.9472 340.7679 340.9194 340.8787 340.7787 340.5738 340.4866 340.0509 340.446 339.8204 339.9479 339.7825 339.734 339.4775 340.0791 339.8804 339.5819 339.2834 339.2735 338.6935 339.0956 338.8514 339.4762 338.9366 338.9014 338.6029 338.4208
264.093 264.3713 264.0689 264.0349 264.0349 263.3663 263.3488 263.3488 263.3488 263.3488 263.3488 263.2756 262.6628 262.7102 262.8581 262.2907 262.1418 261.6046 261.6046 261.4104 260.7093 260.2326 259.993 259.5465 259.2767 258.4452 257.6977 257.4884 257.1581 256.4569 255.9513 255.4267 254.7255 254.616 254.1306 253.3081 252.6069 252.3721 251.6703 251.5993 250.6627 250.3139 249.524 248.502 247.7418 247.6279 247.0255 246.9419 246.3092 245.3116 244.593 244.5698 243.1874 242.1755 241.4946 241.0929 239.8256 239.743 239.0418 238.289
248.6642 249.5507 250.5727 250.6642 250.6642 250.9915 251.3347 251.3421 251.6716 251.6927 252.0359 252.3432 252.3432 252.4941 253.3432 253.4087 253.679 253.7593 254.0148 254.1099 254.3506 254.4605 254.8036 255.0222 255.1543 255.2216 255.3201 255.8481 256.0296 256.1986 256.0164 255.8851 256.037 256.6286 256.6294 256.5862 256.7086 256.9368 256.5783 257.104 257.3802 257.3802 257.1208 256.5125 256.6676 256.7234 257.0182 257.0592 257.0592 256.4321 256.7194 256.7308 256.7274 256.4024 256.3663 255.7382 255.7382 255.7786 256.074 255.9647
234.361 234.9789 235.9603 236.0518 236.3925 237.3841 238.0497 238.4215 239.0664 239.4498 240.1366 241.09 241.4095 241.5064 242.1137 242.5347 243.1294 243.6485 244.4095 244.6926 245.4095 245.7366 246.7587 247.4095 247.6621 248.4671 249.0518 249.5112 250.224 250.7329 251.0518 251.5993 252.0518 252.6434 253.2713 253.8178 254.0518 254.7316 255.3028 255.8744 256.3186 256.4095 256.9169 257.3422 257.9452 258.358 258.9735 259.3737 259.4095 259.4095 260.3757 260.4095 260.4197 261.4095 261.4095 261.4368 261.7671 261.8876 262.7671 262.7671
179.5051 179.6407 180.5491 180.6407 181.5932 182.2454 182.6394 183.2682 183.6659 184.2612 184.3459 185.3274 185.8817 185.9389 186.4341 187.2612 187.3958 188.1207 188.9807 189.4368 189.8817 190.2088 191.0984 191.6431 191.8817 192.1394 192.6682 193.1667 193.8009 194.3138 194.5022 194.8419 195.3388 195.8693 196.7363 197.1227 197.3723 197.924 198.5582 199.0179 199.5855 199.7432 200.043 200.6265 200.7432 201.5992 201.7432 202.3017 202.3637 202.722 203.3427 203.3637 203.7496 204.3637 204.3843 204.7906 205.3637 205.4384 206.0383 206.3637
97.4105 97.4916 98.4001 98.4916 99.4442 99.4916 100.0883 100.5028 101.0903 101.1155 101.5424 102.0903 102.0903 102.2412 103.1938 103.6889 103.776 104.2334 104.8452 105.2876 105.4101 105.8848 106.2876 106.6588 107.2876 107.2876 107.5494 108.0706 108.2876 108.589 108.8863 109.106 109.6286 109.8863 110.4999 110.8863 111.28 111.4849 111.7666 112.3196 112.4849 112.4849 112.9578 113.4095 113.4849 113.9974 114.436 114.4849 114.4849 115.0502 115.0836 115.4802 116.0836 116.0836 116.1379 117.0836 117.0836 117.0836 117.2261 118.0836
