Resources/Map/Lvl0_30x30/Ele_DJ.asc
ncols         335
nrows         335
xllcorner     10105000
yllcorner     -3375000
cellsize      10000
nodata_value  -99999.0
[rows 100 to 124 of 335, columns 57 to 113 of 335]
-5480.5503 -5491.4092 -5543.2896 -5598.6406 -5585.5864 -5531.9839 -5472.0557 -5389.7266 -5297.0757 -5226.4258 -5014.5264 -4916.6704 -4933.104 -4749.6958 -4521.3301 -4605.5918 -4958.106 -5326.2007 -5338.7935 -5147.7749 -5134.8647 -5261.415 -5261.9927 -4824.7979 -4571.7363 -4964.8755 -5192.1279 -5234.3569 -5341.4316 -5364.5034 -5427.9727 -5680.3618 -5725.6143 -5608.4438 -5692.1387 -5650.5205 -5561.2471 -5598.6025 -5570.1187 -5630.2036 -5711.478 -5584.2134 -5598.873 -5628.5322 -5540.9966 -5478.5151 -5454.5957 -5600.9326 -5386.6626 -5314.3628 -5438.9775 -5541.6021 -5651.7568 -5680.6567 -5614.7061 -5536.6099 -5482.7983
-5613.9771 -5550.9214 -5601.9224 -5611.4063 -5510.1406 -5452.584 -5428.938 -5375.021 -5361.8203 -5256.5762 -4943.2236 -4857.0625 -4928.3223 -4830.2065 -4672.4258 -4662.5244 -4966.9658 -5346.0913 -5382.5596 -5295.0894 -5249.0342 -5259.605 -5273.6123 -4881.0547 -4637.2554 -5032.1714 -5190.312 -5197.4995 -5371.7456 -5503.4956 -5510.5098 -5607.2261 -5697.1099 -5628.3467 -5725.1318 -5699.4072 -5596.6099 -5632.8335 -5641.7305 -5608.2891 -5637.9858 -5573.1338 -5481.7212 -5453.0854 -5451.9736 -5416.4629 -5449.3994 -5617.939 -5284.5283 -5251.9648 -5434.4346 -5477.6519 -5567.3633 -5662.7383 -5647.8672 -5540.6533 -5415.6318
-5567.46 -5661.6074 -5645.4375 -5646.8838 -5558.2021 -5462.1772 -5381.1558 -5230.5762 -5278.04 -5223.7583 -4950.5449 -4883.0288 -4954.7573 -4934.647 -4808.8052 -4811.3022 -5087.3066 -5358.3545 -5333.771 -5340.6104 -5298.0791 -5244.0669 -5292.1943 -4867.436 -4613.6821 -5131.5923 -5347.0957 -5287.043 -5392.5171 -5559.5098 -5580.5723 -5587.0752 -5703.2466 -5673.02 -5666.4526 -5577.625 -5492.0767 -5633.4434 -5721.6855 -5569.3877 -5600.562 -5652.8525 -5476.0298 -5380.8335 -5352.7119 -5383.4429 -5474.165 -5560.4185 -5338.1797 -5335.5537 -5365.0449 -5353.1914 -5411.0347 -5521.5493 -5531.9077 -5379.0728 -5300.0996
-5451.9814 -5622.5698 -5666.9775 -5647.9458 -5636.3491 -5575.311 -5449.1069 -5248.6797 -5238.355 -5165.1528 -4891.374 -4790.4019 -4894.0664 -4934.5093 -4807.5503 -4831.9653 -5107.3027 -5369.0361 -5333.0747 -5327.6201 -5294.9214 -5280.73 -5338.0278 -4871.5874 -4619.4116 -5114.5615 -5294.3433 -5264.4463 -5424.2261 -5538.2124 -5519.5776 -5505.0962 -5632.5562 -5657.9365 -5528.3745 -5459.2915 -5473.2378 -5637.4263 -5770.0347 -5700.5874 -5655.5596 -5712.9136 -5543.6104 -5355.897 -5196.5151 -5352.6841 -5468.3062 -5470.6318 -5338.356 -5301.4771 -5283.835 -5252.7681 -5276.5024 -5350.187 -5409.6426 -5293.9048 -5263.3662
-5527.2373 -5538.3164 -5638.3022 -5638.626 -5651.3896 -5630.0776 -5532.6318 -5355.9673 -5250.4336 -5074.3735 -4759.0327 -4692.3369 -4852.8584 -4899.5796 -4803.9219 -4878.2036 -5156.916 -5369.7446 -5289.6558 -5333.1895 -5340.6875 -5321.3486 -5263.0063 -4760.6235 -4591.1704 -5108.8188 -5357.1978 -5409.0195 -5528.8472 -5566.5972 -5542.1196 -5474.2563 -5663.1626 -5711.6631 -5496.6421 -5431.1519 -5537.9175 -5665.5356 -5680.2202 -5652.5649 -5576.9395 -5595.4922 -5479.3159 -5406.4756 -5049.0757 -5214.2856 -5434.498 -5409.4663 -5276.978 -5131.8643 -5156.335 -5113.4019 -5163.9849 -5259.1055 -5337.313 -5284.1079 -5161.9468
-5529.2588 -5552.7778 -5658.7705 -5621.3755 -5618.2026 -5637.0283 -5581.77 -5414.9897 -5325.5454 -5198.9399 -4985.3423 -4924.1787 -4946.3906 -4952.1201 -4924.5122 -4935.5391 -5168.1895 -5406.8706 -5324.062 -5374.1929 -5420.6353 -5410.0293 -5289.1821 -4783.4341 -4598.5571 -5033.8423 -5436.1982 -5562.1411 -5425.2861 -5423.3545 -5512.2363 -5578.0742 -5728.6523 -5587.8804 -5460.5088 -5372.3657 -5463.9229 -5625.2764 -5622.8262 -5686.8472 -5696.2676 -5511.8486 -5319.6621 -5463.8418 -5088.8853 -5120.8613 -5372.7026 -5433.1621 -5230.5962 -5096.3955 -5162.9897 -5071.8413 -5121.6138 -5266.186 -5320.8804 -5310.2222 -5138.5474
-5426.7007 -5545.6479 -5608.8213 -5504.5503 -5491.0718 -5560.4326 -5563.8081 -5450.0005 -5371.0298 -5272.875 -5134.3633 -5043.1377 -4983.6265 -4968.186 -4959.4688 -5028.5718 -5287.5146 -5592.0947 -5493.2837 -5403.8306 -5398.2495 -5373.1377 -5307.1812 -4933.9502 -4753.002 -5035.3657 -5268.1665 -5437.0337 -5348.7646 -5329.7202 -5409.252 -5595.6943 -5631.0098 -5377.4658 -5469.5923 -5451.1128 -5418.1045 -5524.9302 -5601.814 -5591.145 -5575.3335 -5404.5571 -5174.3481 -5313.5171 -5177.605 -5210.5332 -5393.4946 -5468.8394 -5201.4775 -5204.9468 -5245.7715 -5018.5654 -5052.4346 -5223.1533 -5306.7378 -5313.5938 -5162.9575
-5389.4751 -5489.2515 -5477.2617 -5389.2183 -5399.5806 -5416.9702 -5428.2861 -5451.6621 -5424.7402 -5375.96 -5283.9697 -5201.8716 -5098.1855 -5009.1831 -4995.8271 -5114.2031 -5306.9795 -5530.5898 -5476 -5378.6396 -5354.5356 -5332.4756 -5284.9595 -4968.9644 -4878.6343 -5184.0796 -5211.6465 -5303.7734 -5404.1709 -5440.3052 -5459.3672 -5602.8613 -5689.6509 -5464.8003 -5456.3115 -5436.5029 -5436.333 -5482.5781 -5557.4019 -5489.2993 -5468.0474 -5351.0029 -5199.0063 -5307.8242 -5123.0337 -5201.3281 -5388.1255 -5434.5952 -5268.9199 -5296.8955 -5267.1353 -5081.1631 -5038.4619 -5125.8726 -5244.0107 -5310.8511 -5291.9712
-5341.3735 -5396.2197 -5338.9473 -5327.7866 -5323.2793 -5269.7153 -5323.1548 -5453.5708 -5460.3491 -5425.666 -5394.1582 -5289.2788 -5147.1187 -5069.5884 -5098.9546 -5226.9502 -5345.4365 -5429.1104 -5412.5874 -5357.5923 -5326.0303 -5390.7466 -5377.5884 -4966.5366 -4810.9521 -5195.4595 -5341.3008 -5384.2217 -5474.4907 -5516.6992 -5547.6812 -5587.5186 -5698.0498 -5589.0303 -5514.835 -5438.5063 -5457.4531 -5461.7319 -5477.2119 -5498.5825 -5473.4712 -5294.1187 -5186.106 -5467.6567 -5334.1855 -5234.7358 -5346.561 -5350.8652 -5329.9121 -5337.5728 -5193.6694 -5022.6084 -5017.9531 -5035.1758 -5156.3755 -5330.9258 -5272.9941
-5403.478 -5414.2041 -5330.1387 -5285.623 -5144.8975 -5163.4331 -5246.6953 -5375.4424 -5423.6357 -5459.731 -5450.0405 -5377.2363 -5282.7954 -5193.4438 -5163.8296 -5283.9951 -5434.2852 -5454.4868 -5404.0342 -5379.5562 -5397.4604 -5468.5576 -5358.2402 -4917.1655 -4855.8896 -5240.8384 -5303.814 -5295.7305 -5441.5405 -5573.2383 -5625.9014 -5623.894 -5524.2905 -5351.1074 -5358.9497 -5386.5728 -5393.0049 -5442.5498 -5471.8892 -5575.6099 -5586.0195 -5468.5239 -5017.5166 -5292.2485 -5513.9702 -5223.9155 -4817.7427 -4673.0859 -5108.5205 -5317.8174 -5160.7344 -5006.7139 -4994.6812 -5019.6514 -5137.0752 -5359.354 -5335.8765
-5399.6001 -5484.7534 -5420.9585 -5238.2549 -5001.7568 -5060.3027 -5159.1758 -5269.4326 -5345.0571 -5465.5117 -5519.4038 -5458.6816 -5354.7197 -5200.4653 -5148.9585 -5314.9272 -5507.8364 -5554.145 -5482.2422 -5370.9077 -5360.5127 -5482.3501 -5383.2104 -4909.5264 -4857.8213 -5239.1841 -5230.2075 -5187.2578 -5451.1978 -5627.4214 -5631.8174 -5617.8354 -5409.9502 -5190.0562 -5281.5884 -5419.4575 -5493.9336 -5581.1411 -5597.5132 -5666.2603 -5572.1021 -5515.2705 -4972.2231 -5087.668 -5456.6318 -5194.2183 -4685.8906 -4637.1875 -5139.5259 -5246.415 -5072.1465 -4952.6484 -4897.5439 -5039.0112 -5226.1602 -5463.8672 -5541.3521
-5363.2446 -5479.3462 -5444.728 -5170.0269 -4928.6929 -4924.4028 -5014.7305 -5175.7256 -5306.8364 -5442.5693 -5517.645 -5501.6919 -5421.9126 -5266.5962 -5187.562 -5304.3286 -5477.5078 -5544.4961 -5515.7813 -5367.7573 -5303.5098 -5471.5879 -5413.7881 -4895.1128 -4683.8511 -4902.8164 -5005.7285 -5096.5205 -5434.2139 -5607.4746 -5572.5859 -5557.0396 -5402.5728 -5194.02 -5251.2715 -5461.6289 -5590.8496 -5663.5039 -5580.1597 -5269.8179 -5087.2061 -5557.6265 -5365.3843 -5226.5078 -5480.3042 -5308.6323 -5092.1064 -5127.2734 -5261.3369 -5149.1904 -4925.1685 -4795.833 -4829.9043 -5048.6245 -5264.4189 -5486.9033 -5587.0283
-5398.0693 -5459.416 -5449.6592 -5149.1606 -4933.8286 -4854.9673 -4877.6113 -5108.6401 -5295.1216 -5374.9619 -5428.6758 -5440.5093 -5411.5996 -5321.563 -5204.5107 -5205.79 -5350.3179 -5447.3892 -5455.9204 -5362.5474 -5314.5171 -5440.3174 -5342.1792 -4801.4302 -4548.0005 -4794.5981 -5001.1079 -5093.2813 -5338.8589 -5463.54 -5438.4707 -5454.542 -5385.1724 -5245.958 -5220.0762 -5402.1943 -5431.2622 -5362.4585 -5100.5303 -3913.0933 -3544.2188 -5019.918 -5409.9487 -5206.562 -5147.8413 -5093.3291 -4860.2744 -5043.3169 -5233.0498 -5027.2178 -4831.2319 -4754.2036 -4936.7603 -5174.6665 -5352.6904 -5510.8848 -5540.2236
-5445.0742 -5538.9775 -5383.8589 -5104.5879 -4954.4692 -4786.2212 -4764.062 -5006.1265 -5174.29 -5347.2388 -5460.9395 -5418.6255 -5344.2217 -5209.2627 -5111.6304 -5108.8525 -5248.8335 -5442.9907 -5488.2842 -5382.7373 -5299.0713 -5384.0879 -5284.0605 -4689.5327 -4397.4375 -4880.5024 -5244.9663 -5239.6743 -5314.188 -5323.5371 -5249.3213 -5316.2495 -5346.1499 -5266.7725 -5217.4058 -5374.9033 -5125.2314 -4774.5459 -4697.0737 -3685.9819 -3354.6501 -4795.0308 -5261.1387 -4947.6572 -4630.1299 -4932.9414 -4880.4458 -5020.2554 -5169.2378 -4945.2314 -4737.811 -4767.4863 -5014.106 -5130.2769 -5360.4375 -5475.999 -5422.9297
-5466.6646 -5568.2227 -5370.5195 -5144.9805 -5074.3145 -4781.5923 -4694.3535 -4926.9463 -5071.0298 -5282.2017 -5433.1094 -5425.2246 -5347.7485 -5176.2402 -5064.3774 -5008.9414 -5109.4082 -5333.4629 -5405.5161 -5283.1348 -5061.6235 -5132.7251 -5165.2173 -4641.6484 -4389.9878 -4946.3662 -5232.5684 -5108.6074 -5162.6226 -5201.7739 -5114.4429 -5129.2803 -5225.0283 -5202.0757 -5151.1787 -5317.5083 -5141.7622 -4904.9053 -5002.7344 -4706.5376 -4575.2222 -5142.6006 -5222.1411 -4983.8818 -4852.998 -5081.9751 -5058.1597 -5050.2402 -4956.2153 -4818.7026 -4768.1831 -4888.8721 -5004.4805 -5011.7568 -5233.2197 -5436.6099 -5481.8223
-5522.0522 -5604.3457 -5394.4131 -5168.0371 -5075.5708 -4813.9702 -4708.0493 -4898.3213 -5064.7632 -5246.0811 -5356.8301 -5429.0645 -5446.3784 -5314.4404 -5105.2104 -5015.2661 -5096.3618 -5214.8667 -5276.0449 -5169.792 -4845.3257 -4890.8804 -5082.5205 -4763.439 -4626.0918 -5052.9565 -5130.3296 -4967.2852 -5064.7852 -5148.1655 -5129.8037 -5095.8257 -5151.8843 -5136.3936 -5069.9185 -5145.521 -5029.5317 -4915.6353 -4917.7158 -4769.6597 -4526.0894 -4462.165 -4703.8516 -5031.812 -5129.0933 -5061.0889 -4911.1709 -4990.0498 -4857.2646 -4751.5957 -4849.8569 -4926.3369 -4830.6099 -4891.8999 -5151.8828 -5367.4312 -5451.042
-5496.9565 -5516.2021 -5311.189 -5122.9648 -4960.6792 -4797.8696 -4776.7285 -4927.0698 -5028.5684 -5179.0068 -5288.7319 -5393.6011 -5435.457 -5366.4209 -5165.8223 -5032.2383 -5055.0054 -5135.249 -5237.2363 -5198.3247 -4918.271 -4884.2422 -5065.5815 -4813.6133 -4648.8066 -4949.5547 -4972.8018 -4881.1284 -5023.29 -5118.2603 -5206.6035 -5132.6753 -5063.7896 -5087.8677 -5061.1094 -5039.2129 -4924.0659 -4762.1533 -4437.27 -4044.0039 -3288.856 -2753.1003 -3628.3379 -4666.6587 -4963.6318 -5044.2959 -4948.0703 -4941.3911 -4860.7529 -4734.9199 -4802.2744 -4875.2295 -4810.834 -4933.9189 -5179.6704 -5368.0601 -5458.8765
-5489.2549 -5396.2432 -5280.6855 -5118.3105 -4876.8213 -4771.9336 -4757.8013 -4846.2734 -4922.5234 -5064.5884 -5197.3672 -5308.0439 -5372.4819 -5346.2944 -5231.6431 -5064.0483 -4986.3735 -5044.3496 -5168.6553 -5186.3438 -5032.1699 -4995.0605 -5046.1582 -4728.5801 -4447.6348 -4537.2397 -4638.4424 -4829.0288 -5073.4531 -5204.0347 -5333.8447 -5267.7285 -5118.4058 -5062.4199 -5036.6235 -4956.001 -4831.5981 -4691.3975 -4374.3267 -3592.0881 -2455.5618 -2043.4202 -3203.7869 -4269.0649 -4539.0752 -4722.749 -4703.5762 -4754.2749 -4810.5713 -4757.3574 -4767.25 -4883.9243 -4961.6338 -5073.73 -5249.9067 -5467.229 -5595.0742
-5410.481 -5320.3335 -5249.8945 -5126.2407 -4952.1089 -4844.3711 -4704.9468 -4704.3936 -4769.1592 -4909.1548 -5047.1587 -5175.2954 -5278.1934 -5302.2017 -5273.5508 -5172.6704 -5088.8882 -5069.7188 -5119.2861 -5157.2603 -5052.4058 -5004.7261 -4981.3862 -4696.4375 -4365.5781 -4222.813 -4438.5815 -4892.4482 -5185.1133 -5313.2471 -5361.4619 -5331.6987 -5210.3545 -5131.9346 -5154.2495 -5071.3267 -4869.1074 -4626.9526 -4397.2119 -3610.8333 -2635.5542 -2340.6719 -3126.4858 -3953.467 -4249.2256 -4415.7266 -4381.7603 -4504.0972 -4666.9512 -4647.2192 -4707.1704 -4793.9639 -4906.0161 -5000.77 -5121.873 -5342.6577 -5452.7285
-5276.7432 -5156.397 -5076.2446 -5081.5137 -4973.5542 -4839.5098 -4645.3647 -4536.9229 -4573.0884 -4734.7446 -4865.7866 -5043.1455 -5161.5654 -5230.2305 -5266.4341 -5190.8218 -5082.082 -5009.6865 -5042.7041 -5117.9639 -5043.7305 -4976.2393 -4972.7188 -4765.3076 -4226.2817 -3902.1731 -4374.4341 -4976.3252 -5197.9688 -5278.7188 -5289.8652 -5309.4136 -5232.3457 -5173.9214 -5227.9844 -5203.4961 -4982.9507 -4602.2266 -4375.5493 -3773.3577 -3078.7056 -2927.47 -3331.5388 -3820.012 -3990.5417 -4149.7759 -4104.3677 -4225.6733 -4455.7271 -4560.5742 -4631.5996 -4662.6484 -4804.2891 -4880.478 -4870.8257 -4997.4385 -5142.9595
-5124.9785 -5035.9175 -4946.126 -4946.269 -4866.7656 -4728.436 -4598.9419 -4529.0547 -4553.0698 -4615.8203 -4708.5708 -4912.5825 -5071.439 -5206.4102 -5301.5996 -5190.998 -5047.3218 -4983.6968 -5004.6792 -5055.1748 -5025.5562 -5034.3472 -5085.9844 -4837.0635 -4025.1377 -3667.1057 -4372.2886 -4995.5029 -5138.5767 -5147.5352 -5170.4438 -5239.5566 -5159.1465 -5039.2637 -5098.4341 -5144.4985 -4915.6294 -4395.8359 -4194.437 -4049.1895 -3653.697 -3565.1506 -3707.8215 -3919.0471 -3880.5449 -3989.144 -3955.7214 -3995.8716 -4212.9702 -4451.2109 -4542.4258 -4638.1055 -4747.375 -4731.2446 -4665.5454 -4703.6641 -4928.6289
-5028.5723 -5029.0776 -4929.689 -4775.2593 -4666.355 -4537.0962 -4523.6191 -4601.3711 -4535.2612 -4503.6685 -4585.0771 -4782.0278 -5005.52 -5102.5317 -5171.457 -5175.833 -5121.5732 -5076.6763 -5052.9634 -5057.5503 -5070.5435 -5129.2358 -5169.1919 -4856.9985 -4008.9246 -3803.6292 -4583.3438 -5111.5737 -5121.7056 -5010.8857 -5043.9258 -5154.5815 -5036.0112 -4829.2075 -4879.8071 -4906.4141 -4446.6885 -3521.9624 -3276.1846 -3973.03 -4205.4229 -3976.4453 -3806.6772 -3881.4084 -3915.5193 -3963.1404 -3933.0747 -4023.0188 -4233.9473 -4430.3169 -4531.2842 -4592.3491 -4650.1982 -4562.3174 -4573.7456 -4752.6323 -4961.0225
-4917.3057 -4957.0562 -4887.3438 -4637.7163 -4441.396 -4260.457 -4293.5723 -4567.7588 -4541.728 -4448.7715 -4588.8164 -4732.9985 -4893.082 -4961.7676 -5006.8828 -5098.8848 -5123.9355 -5080.2515 -5055.3706 -5026.9399 -5040.4727 -5105.3442 -5146.0059 -4869.21 -4022.9604 -3865.2764 -4705.2358 -5221.1533 -5191.2021 -5049.5327 -5005.5112 -5039.7139 -4997.2246 -4871.7031 -4722.3281 -4209.1304 -3426.3699 -2621.9072 -2590.707 -4006.7786 -4769.2651 -4372.6274 -3825.9634 -3707.5227 -3848.7134 -3971.8542 -4127.7104 -4268.0732 -4446.644 -4573.4116 -4588.9038 -4509.4854 -4521.584 -4540.2505 -4669.0049 -4919.229 -5097.0229
-4773.3159 -4823.0386 -4799.9692 -4497.854 -4228.7095 -4106.3872 -4120.7319 -4401.4214 -4527.4326 -4382.0137 -4449.3066 -4505.124 -4587.8975 -4780.2729 -4910.9136 -4995.0615 -5004.7163 -4970.2324 -5052.4863 -5028.9741 -4949.1064 -5028.8188 -5142.9229 -4938.1504 -4117.8394 -3898.3127 -4704.5259 -5271.3115 -5288.9775 -5157.3345 -5060.2173 -5009.0728 -5019.4985 -4911.3052 -4371.71 -3214.408 -2770.2566 -3102.4136 -3435.5125 -4571.3149 -5159.7764 -4806.8042 -4225.4233 -3873.4424 -3940.7964 -4127.3828 -4445.3052 -4578.4644 -4548.854 -4574.522 -4532.2339 -4462.812 -4509.3706 -4555.9155 -4690.4702 -4923.6675 -5056.5029
-4632.8804 -4654.2026 -4686.8379 -4484.6079 -4345.0474 -4300.4067 -4179.5933 -4271.271 -4419.3271 -4261.856 -4193.6934 -4302.6128 -4400.0884 -4542.3232 -4705.7275 -4804.1899 -4698.1436 -4678.834 -5017.7334 -5080.3252 -4892.6797 -5015.2163 -5193.7861 -4994.8838 -4236.3721 -3949.1157 -4716.4175 -5343.4927 -5400.2227 -5284.1196 -5167.5308 -5068.7437 -5029.5806 -4906.7163 -4387.0576 -3466.6694 -3531.355 -4272.4326 -4520.4844 -4967.6431 -5266.5059 -5289.3677 -4866.394 -4319.9648 -4334.9302 -4347.6318 -4480.0479 -4721.8149 -4540.6699 -4417.4072 -4393.8579 -4512.4307 -4524.623 -4413.7793 -4639.7979 -4910.3086 -4857.0591
