Resources/Map/Lvl0_30x30/Ele_CB.asc
ncols         335
nrows         335
xllcorner     -16695000
yllcorner     -25000
cellsize      10000
nodata_value  -99999.0
[rows 300 to 324 of 335, columns 57 to 113 of 335]
-4500.6206 -4502.0439 -4474.7407 -4534.4922 -4564.9253 -4552.8745 -4530.9126 -4533.1216 -4546.3745 -4524.4458 -4492.9688 -4465.9834 -4481.2104 -4509.7666 -4511.2021 -4535.8608 -4504.8389 -4464.46 -4468.3711 -4440.4468 -4440.1274 -4457.2144 -4462.4658 -4466.8018 -4486.9521 -4509.2681 -4493.1675 -4476.1519 -4465.2227 -4440.0815 -4433.6094 -4445.2832 -4481.8755 -4544.5469 -4537.0674 -4517.7207 -4531.9009 -4552.9536 -4560.0259 -4493.6421 -4468.0107 -4419.3169 -4389.9395 -4419.9736 -4395.1489 -4371.4814 -4348.3428 -4339.7061 -4363.2729 -4342.0078 -4333.5439 -4310.6851 -4285.2866 -4261.2285 -4270.0737 -4278.1772 -4305.0459
-4498.8262 -4496.5928 -4497.6733 -4520.6943 -4530.3403 -4519.9106 -4493.0186 -4504.2725 -4516.6465 -4477.0225 -4451.0313 -4461.8965 -4505.6729 -4494.3271 -4502.1064 -4517.9189 -4457.7803 -4437.9819 -4446.7192 -4448.395 -4458.9526 -4461.998 -4467.5742 -4468.6133 -4460.6226 -4480.7549 -4487.7241 -4468.9097 -4465.7002 -4463.7974 -4469.208 -4495.3174 -4537.5615 -4549.2114 -4565.5566 -4550.0122 -4535.9287 -4548.3408 -4566.3628 -4526.3203 -4469.8115 -4471.8447 -4467.5171 -4446.7202 -4404.2539 -4392.3145 -4355.6719 -4308.7153 -4322.2183 -4330.8389 -4326.6411 -4323.9297 -4315.7334 -4302.2402 -4303.6895 -4310.9761 -4325.3438
-4494.2832 -4455.3555 -4503.3755 -4481.4761 -4496.4438 -4526.0684 -4488.4048 -4476.627 -4499.1538 -4449.6675 -4404.7056 -4424.9053 -4491.3926 -4411.6572 -4403.9077 -4456.0718 -4431.5088 -4445.8228 -4502.793 -4508.4492 -4508.1445 -4530.0576 -4521.9937 -4514.6294 -4512.353 -4508.2666 -4506.0879 -4493.8428 -4491.0762 -4485.1821 -4497.2969 -4524.7202 -4574.6172 -4554.2632 -4551.5679 -4535.4063 -4516.8794 -4515.8306 -4512.4175 -4509.1616 -4481.4116 -4463.4321 -4446.0923 -4386.1021 -4342.9707 -4393.3618 -4381.0439 -4342.1553 -4337.6909 -4345.6694 -4339.3662 -4323.7256 -4353.4131 -4316.8232 -4308.1294 -4322.1201 -4348.1338
-4471.7402 -4380.9917 -4492.3979 -4501.77 -4511.0088 -4533.9312 -4485.5527 -4457.8037 -4467.3613 -4458.498 -4418.9189 -4400.9453 -4437.5464 -4379.7876 -4408.606 -4449.8755 -4469.4688 -4518.0684 -4553.7373 -4531.1582 -4532.6426 -4554.7515 -4534.8809 -4526.2329 -4533.1387 -4514.6055 -4497.1421 -4506.5127 -4523.2041 -4505.8442 -4493.9111 -4498.8774 -4552.25 -4573.5361 -4532.5972 -4515.7441 -4494.4209 -4460.2593 -4425.6987 -4458.5571 -4461.5776 -4429.5898 -4455.8281 -4447.4995 -4339.7998 -4378.1782 -4357.8398 -4381.0537 -4347.0938 -4319.998 -4351.3262 -4345.8047 -4369.0181 -4334.4775 -4338.1577 -4363.9429 -4393.1191
-4471.5171 -4453.0835 -4493.5835 -4525.0483 -4517.6416 -4516.3618 -4481.52 -4454.0005 -4427.8291 -4448.0454 -4413.043 -4393.6479 -4442.6587 -4478.252 -4496.2451 -4482.0112 -4514.1631 -4546.9604 -4528.7144 -4495.5894 -4495.2021 -4504.0898 -4503.0259 -4490.8174 -4483.2759 -4469.9019 -4464.6543 -4477.5562 -4503.1685 -4488.8716 -4477.3101 -4474.647 -4471.0986 -4502.9858 -4465.2744 -4508.832 -4490.2739 -4419.5625 -4371.813 -4414.2109 -4425.2769 -4433.0776 -4517.2539 -4539.4487 -4361.5508 -4341.1172 -4395.4805 -4414.1699 -4368.8745 -4306.6675 -4370.9634 -4408.7002 -4426.1987 -4405.2192 -4389.4844 -4367.3608 -4423.9219
-4507.0337 -4458.9937 -4425.7368 -4442.7871 -4477.1016 -4503.0942 -4487.251 -4488.0381 -4471.0039 -4454.7954 -4401.4497 -4360.6577 -4411.4849 -4450.1084 -4455.7803 -4459.7759 -4468.0952 -4484.6646 -4500.5479 -4498.3574 -4487.2256 -4479.2817 -4484.2261 -4483.502 -4471.3623 -4460.8765 -4449.1479 -4462.9575 -4497.6167 -4479.6792 -4434.248 -4424.709 -4433.4238 -4451.4155 -4401.918 -4454.1567 -4459.7754 -4390.0723 -4339.9854 -4377.0981 -4479.166 -4526.8345 -4478.5229 -4386.3384 -4394.0918 -4396.0571 -4441.4795 -4435.8076 -4418.2158 -4407.188 -4445.8042 -4451.6509 -4439.4321 -4429.4404 -4412.6279 -4387.4004 -4440.1079
-4321.8335 -4340.1348 -4391.3047 -4413.2417 -4429.1245 -4469.0835 -4464.792 -4496.2407 -4481.1606 -4449.7891 -4414.8687 -4400.6401 -4426.6533 -4443.6519 -4449.6851 -4461.8394 -4464.042 -4470.978 -4491.8154 -4514.3179 -4513.8887 -4477.9316 -4502.6387 -4539.5762 -4512.7881 -4506.3833 -4502.0801 -4495.8271 -4512.459 -4507.5923 -4477.0054 -4463.9219 -4458.5156 -4457.4849 -4453.6533 -4494.0947 -4497.9282 -4464.646 -4376.4541 -4418.9932 -4528.7607 -4552.5005 -4552.8916 -4446.7495 -4485.0352 -4462.1548 -4441.2437 -4425.1807 -4416.2925 -4422.8628 -4456.6138 -4440.9858 -4419.0596 -4406.0127 -4392.5698 -4407.5791 -4445.543
-4263.7373 -4313.0913 -4343.7456 -4369.8174 -4389.3096 -4460.5259 -4446.2783 -4459.1792 -4477.4697 -4460.6665 -4419.0088 -4413.354 -4438.627 -4459.1162 -4501.9844 -4523.5439 -4509.2622 -4462.3955 -4456.231 -4536.1768 -4559.2319 -4532.9619 -4536.5815 -4524.4731 -4475.6304 -4467.7368 -4487.5088 -4511.811 -4531.7861 -4528.498 -4455.1616 -4418.5059 -4431.0835 -4452.5356 -4458.2612 -4486.5083 -4552.8916 -4579.1172 -4529.2622 -4505.9658 -4531.5005 -4532.5474 -4532.9824 -4484.7349 -4464.0254 -4449.4751 -4442.0542 -4425.6382 -4399.4507 -4383.2593 -4387.6465 -4408.5903 -4353.5894 -4371.7271 -4389.7476 -4434.9941 -4451.4038
-4331.5889 -4349.0708 -4332.0327 -4350.5889 -4407.0151 -4488.1465 -4450.2622 -4450.2881 -4490.5571 -4476.6475 -4421.7871 -4389.7524 -4435.4106 -4462.0225 -4511.1904 -4558.0557 -4523.3906 -4443.8657 -4466.6348 -4511.9458 -4506.8677 -4488.9438 -4459.5137 -4409.0615 -4344.2075 -4338.0605 -4389.4761 -4463.1128 -4500.5947 -4494.8574 -4411.5703 -4375.5547 -4402.9971 -4417.2188 -4405.6963 -4429.2407 -4493.8281 -4558.9658 -4572.7852 -4550.6582 -4567.8921 -4611.5088 -4561.3843 -4506.937 -4493.3887 -4495.3896 -4424.4995 -4378.1455 -4363.2158 -4326.7104 -4333.3301 -4384.3818 -4269.3403 -4321.5547 -4380.019 -4395.0552 -4395.6943
-4326.0039 -4355.3105 -4370.5479 -4417.2402 -4405.8062 -4472.7246 -4452.4209 -4449.6694 -4464.6826 -4485.0039 -4448.7148 -4405.2505 -4465.2197 -4497.2222 -4487.1431 -4507.5806 -4506.9824 -4411.0063 -4413.4185 -4429.6953 -4398.771 -4374.1885 -4378.2397 -4388.2358 -4365.3862 -4329.8726 -4340.2007 -4374.9839 -4383.4722 -4382.916 -4350.3472 -4335.7964 -4316.0254 -4330.5703 -4339.7783 -4361.063 -4399.769 -4479.0605 -4558.8433 -4520.3345 -4446.4707 -4541.6001 -4525.2358 -4456.2646 -4432.7627 -4411.4746 -4365.124 -4345.7129 -4341.6953 -4313.9077 -4370.2261 -4397.0747 -4327.6006 -4323.8872 -4379.731 -4388.7793 -4357.752
-4392.0537 -4413.5669 -4431.6602 -4487.1489 -4404.6558 -4399.9736 -4455.1748 -4516.5518 -4501.9453 -4458.231 -4447.7676 -4414.2397 -4465.8135 -4514.7876 -4467.7891 -4404.7788 -4414.2104 -4393.5483 -4375.9111 -4346.1406 -4316.5654 -4294.8159 -4299.498 -4298.4863 -4287.8667 -4271.7827 -4249.0684 -4273.6548 -4305.8975 -4293.1387 -4270.0791 -4297.5586 -4268.6069 -4295.4316 -4303.7881 -4303.356 -4331.3013 -4392.894 -4495.2529 -4512.7891 -4492.5439 -4500.9937 -4412.6504 -4426.8994 -4426.5024 -4346.0103 -4342.0151 -4414.2749 -4367.1992 -4378.4844 -4419.3496 -4385.8267 -4254.7114 -4290.9976 -4381.4248 -4407.5684 -4376.6309
-4459.0913 -4470.5503 -4466.4307 -4517.4663 -4494.604 -4401.5142 -4393.6997 -4468.9014 -4490.7183 -4427.9307 -4427.9141 -4420.0508 -4445.7661 -4440.4946 -4376.54 -4343.9443 -4338.4614 -4337.3936 -4325.3486 -4295.7466 -4263.4482 -4233.5708 -4246.3706 -4270.4961 -4286.8828 -4288.1685 -4252.0952 -4254.3608 -4271.2759 -4292.4385 -4311.5073 -4260.8354 -4194.6792 -4271.811 -4298.3706 -4302.5449 -4324.4526 -4367.3252 -4430.7471 -4478.3481 -4539.0356 -4502.8071 -4420.7324 -4445.8096 -4423.2451 -4459.395 -4441.6602 -4472.4932 -4431.0269 -4423.2329 -4434.2056 -4392.3091 -4047.8721 -4175.1367 -4393.2271 -4366.5625 -4349.2617
-4507.6216 -4506.6475 -4467.4121 -4493.9268 -4505.3843 -4429.0889 -4452.4785 -4435.1001 -4415.1147 -4382.8892 -4388.8125 -4390.4438 -4365.1445 -4345.8901 -4311.4302 -4312.3521 -4309.2251 -4311.9502 -4301.6523 -4297.4585 -4295.2739 -4279.8018 -4276.9155 -4294.1167 -4310.4829 -4325.04 -4298.5576 -4303.5591 -4290.0273 -4287.6016 -4338.0166 -4265.8149 -4202.729 -4299.7314 -4339.2944 -4360.376 -4364.8643 -4393.2007 -4425.3433 -4458.1538 -4477.2515 -4502.2637 -4505.5493 -4377.8916 -4320.5664 -4505.8438 -4383.1719 -4465.6431 -4500.5122 -4454.7471 -4420.3364 -4428.9355 -4355.3359 -4341.54 -4405.2251 -4378.5898 -4348.1592
-4525.5767 -4480.8203 -4451.8374 -4436.1943 -4477.7627 -4429.4624 -4471.2539 -4411.5571 -4355.7935 -4349.1064 -4342.2622 -4337.4302 -4329.3076 -4321.8462 -4314.1982 -4314.918 -4333.2876 -4346.5034 -4320.6689 -4331.3765 -4344.376 -4330.4873 -4342.7388 -4368.6987 -4363.6494 -4353.5723 -4315.1436 -4326.4575 -4314.6899 -4283.8359 -4322.4521 -4305.6729 -4281.0161 -4357.0981 -4394.7715 -4388.3325 -4380.6523 -4416.4629 -4433.8022 -4439.8716 -4463.6401 -4498.7686 -4497.4453 -4393.8745 -4382.0864 -4522.1387 -4397.1924 -4482.3755 -4507.771 -4409.9272 -4345.2935 -4390.5142 -4414.5259 -4407.4736 -4393.8364 -4360.2676 -4334.9341
-4521.2451 -4437.791 -4416.0566 -4370.1875 -4405.5195 -4391.3008 -4393.769 -4452.436 -4413.3613 -4355.1387 -4335.3989 -4297.8916 -4308.3369 -4331.6753 -4353.8271 -4350.8467 -4388.29 -4423.4189 -4396.7012 -4382.9863 -4388.2285 -4357.7212 -4379.7534 -4430.0815 -4391.353 -4358.2026 -4337.2637 -4336.3628 -4352.1997 -4344.5352 -4353.5781 -4351.2759 -4352.9941 -4388.3521 -4400.2886 -4396.479 -4422.5239 -4474.6377 -4466.2041 -4430.5161 -4453.8926 -4458.6152 -4450.1001 -4467.8452 -4472.5107 -4515.7007 -4477.792 -4468.5049 -4442.6333 -4352.0796 -4279.8047 -4350.4678 -4411.3872 -4436.3257 -4423.1201 -4329.0957 -4261.3037
-4480.335 -4436.3472 -4400.2939 -4388.0918 -4468.4507 -4475.8628 -4384.9561 -4436.5981 -4408.7852 -4338.9985 -4350.1274 -4339.8711 -4310.1206 -4326.4868 -4390.6108 -4375.2021 -4389.2158 -4425.0356 -4426.4097 -4417.6299 -4422.582 -4402.4985 -4395.8843 -4395.0977 -4366.0679 -4362.4487 -4362.313 -4358.4004 -4372.2583 -4356.8486 -4343.0645 -4361.1338 -4362.0488 -4358.2524 -4345.0415 -4370.9561 -4421.645 -4421.2534 -4391.2754 -4378.3286 -4381.189 -4396.0269 -4381.0454 -4453.6782 -4450.6948 -4451.0542 -4438.3867 -4426.5288 -4409.6748 -4366.0205 -4243.4131 -4344.8374 -4441.0078 -4444.6919 -4463.8872 -4307.2031 -4177.3423
-4453.2876 -4465.4927 -4398.8564 -4421.2988 -4487.2974 -4479.5801 -4393.1494 -4445.5562 -4386.1943 -4314.7246 -4323.2266 -4346.0239 -4347.8086 -4381.7651 -4451.396 -4386.6274 -4387.1563 -4426.604 -4421.1216 -4399.8999 -4395.0376 -4404.9058 -4369.5835 -4325.0747 -4339.7529 -4362.23 -4369.9541 -4358.0479 -4342.2798 -4322.3779 -4299.6948 -4320.6152 -4312.564 -4305.2251 -4281.2334 -4301.689 -4340.481 -4325.7788 -4320.9893 -4342.9526 -4321.2803 -4382.6904 -4399.4717 -4441.8154 -4400.0215 -4460.4478 -4454.4556 -4390.8428 -4404.7983 -4373.2319 -4199.3311 -4351.6416 -4478.5332 -4420.127 -4442.4624 -4376.0361 -4354.8325
-4445.8813 -4482.5854 -4396.916 -4409.6055 -4430.3315 -4423.4897 -4452.75 -4479.2915 -4391.2964 -4337.1504 -4325.707 -4368.8887 -4419.6626 -4442.0176 -4455.894 -4412.9292 -4403.6191 -4411.9839 -4411.4912 -4361.4419 -4352.3457 -4391.7856 -4358.0483 -4314.9844 -4340.2554 -4364.5737 -4359.4248 -4328.9761 -4282.5015 -4253.3994 -4242.7256 -4268.1909 -4271.4399 -4257.2495 -4247.0884 -4240.1294 -4230.1157 -4269.7373 -4310.6055 -4316.8203 -4316.9775 -4398.7139 -4443.7075 -4398.9224 -4269.5127 -4365.1499 -4452.0547 -4385.4087 -4384.4302 -4402.0938 -4353.9829 -4420.1885 -4422.8574 -4388.6904 -4381.7661 -4338.3555 -4356.7261
-4437.1187 -4487.4468 -4400.2056 -4392.0181 -4430.2119 -4419.2681 -4431.8794 -4411.9141 -4384.1846 -4365.9404 -4371.4248 -4395.7642 -4439.9038 -4467.4463 -4416.5532 -4374.7373 -4370.7422 -4353.1577 -4370.1279 -4341.9277 -4321.2642 -4346.1187 -4334.2583 -4317.6523 -4345.1426 -4342.1401 -4312.9697 -4305.0923 -4284.5947 -4268.9937 -4258.9795 -4267.7407 -4271.3022 -4249.2026 -4242.2837 -4246.5342 -4242.4072 -4307.1636 -4349.9321 -4323.4253 -4344.8242 -4414.2793 -4444.9028 -4404.2017 -4321.8179 -4383.521 -4438.1758 -4387.3901 -4398.4521 -4406.2163 -4411.4692 -4388.5264 -4354.2734 -4344.1094 -4326.7515 -4330.9795 -4366.3462
-4410.2051 -4458.1182 -4382.9136 -4353.332 -4375.771 -4360.2461 -4436.5132 -4440.9702 -4404.1597 -4345.2568 -4364.8823 -4393.9438 -4424.3765 -4474.1436 -4411.4316 -4342.7373 -4356.5137 -4344.4888 -4312.7051 -4301.2441 -4301.4097 -4320.3501 -4319.0156 -4329.231 -4366.7358 -4306.5342 -4258.3242 -4316.9023 -4349.9248 -4334.8906 -4312.0483 -4305.604 -4322.0347 -4329.7778 -4290.1748 -4258.3716 -4273.666 -4330.856 -4376.5381 -4388.9678 -4363.3101 -4406.2192 -4395.2002 -4387.8335 -4404.8208 -4446.7227 -4441.4878 -4405.3203 -4449.3032 -4430.0244 -4436.7158 -4401.002 -4375.0981 -4331.2134 -4276.9907 -4302.0112 -4397.2197
-4365.5874 -4395.3369 -4326.3525 -4351.3711 -4391.2969 -4365.5962 -4465.3184 -4484.2383 -4456.0845 -4395.4365 -4365.0015 -4365.6367 -4372.3999 -4398.1084 -4389.3574 -4356.8198 -4341.0728 -4333.644 -4300.5166 -4287.562 -4298.5923 -4318.4229 -4331.4463 -4348.666 -4380.7837 -4352.3379 -4313.1943 -4349.5654 -4362.0718 -4343.4082 -4296.3418 -4261.9463 -4320.0923 -4365.7935 -4348.7852 -4292.272 -4338.4497 -4384.8125 -4376.2856 -4387.9951 -4375.2554 -4399.2363 -4402.8013 -4403.4536 -4408.5693 -4442.4263 -4478.9097 -4457.5439 -4485.6479 -4369.2529 -4306.6313 -4334.6035 -4404.6807 -4381.8438 -4336.6152 -4356.834 -4398.0684
-4391.1504 -4354.8892 -4342.6367 -4405.0044 -4418.4785 -4430.9873 -4446.3223 -4436.7891 -4462.1196 -4428.3984 -4397.9468 -4360.0527 -4362.4253 -4364.4707 -4387.5078 -4392.1118 -4334.8828 -4327.709 -4322.1636 -4288.8833 -4293.2085 -4314.8306 -4325.2334 -4325.6357 -4329.2827 -4320.9658 -4288.2646 -4307.502 -4351.3052 -4354.0469 -4295.6538 -4275.8906 -4324.1118 -4342.4399 -4334.98 -4309.6348 -4330.4497 -4383.6006 -4416.9746 -4418.4399 -4425.8726 -4448.332 -4436.0161 -4414.8608 -4404.7627 -4419.0386 -4478.1699 -4468.8315 -4487.8906 -4305.4854 -4128.9819 -4221.1021 -4407.3159 -4420.0659 -4370.0659 -4383.3535 -4365.9233
-4410.2549 -4368.9155 -4334.7329 -4417.667 -4433.5063 -4460.2432 -4467.6694 -4431.314 -4446.2773 -4442.4365 -4436.0469 -4368.5234 -4355.3047 -4367.1929 -4400.439 -4374.251 -4313.3818 -4338.0732 -4328.4229 -4292.6519 -4292.9453 -4315.3887 -4308.7534 -4293.8433 -4305.0928 -4284.4351 -4255.8003 -4270.5547 -4326.3564 -4322.0439 -4272.7588 -4289.897 -4318.0591 -4350.4409 -4344.0464 -4341.4746 -4314.4829 -4369.814 -4443.3169 -4460.6865 -4449.7383 -4434.125 -4384.3599 -4400.2383 -4386.8872 -4385.1436 -4414.0664 -4447.9351 -4464.7583 -4403.9634 -4290.9819 -4359.6831 -4425.374 -4423.3027 -4397.8247 -4414.1758 -4395.1338
-4395.3579 -4337.8042 -4297.5132 -4389.1763 -4452.0952 -4461.8325 -4498.2031 -4460.0044 -4443.3433 -4461.4302 -4461.0952 -4407.2285 -4348.4331 -4333.3271 -4381.0249 -4349.334 -4286.8252 -4294.5693 -4293.627 -4297.7251 -4311.5557 -4310.1914 -4296.5205 -4298.3828 -4310.1362 -4290.5303 -4291.0576 -4298.8618 -4322.0557 -4309.4741 -4284.7993 -4291.8018 -4306.5894 -4349.7827 -4357.7422 -4393.3022 -4356.4653 -4382.1812 -4431.7959 -4438.2217 -4429.7676 -4408.8252 -4375.1543 -4419.4399 -4391.1919 -4376.5425 -4389.5664 -4409.6514 -4416.8877 -4427.4878 -4375.3311 -4402.02 -4414.7998 -4399.8047 -4385.3687 -4414.9712 -4416.749
-4405.9473 -4335.5674 -4348.0913 -4397.7041 -4493.3008 -4460.4194 -4435.8164 -4414.3247 -4413.0674 -4422.9761 -4449.936 -4411.6631 -4354.0996 -4315.0674 -4312.376 -4276.7656 -4247.4692 -4256.5356 -4258.0625 -4258.2568 -4282.6226 -4303.1147 -4332.0205 -4356.0337 -4324.437 -4283.9746 -4289.9849 -4308.7134 -4323.4839 -4327.2739 -4309.6108 -4269.0039 -4289.1035 -4305.1284 -4306.2661 -4383.3745 -4358.2007 -4339.4863 -4384.9902 -4392.5981 -4430.4238 -4425.5186 -4421.7153 -4457.0181 -4413.2808 -4367.3975 -4395.2246 -4407.6348 -4409.1196 -4375.1021 -4341.999 -4353.7954 -4393.1616 -4406.4639 -4389.0503 -4401.0762 -4366.7563
