Resources/Map/Lvl0_30x30/Ele_AE.asc
ncols         335
nrows         335
xllcorner     -6645000
yllcorner     6675000
cellsize      10000
nodata_value  -99999.0
[rows 189 to 215 of 335, columns 240 to 299 of 335]
4601.8867 4453.1494 3912.4612 3838.8206 3768.3635 4654.688 2507.3667 3773.3591 2816.8472 5418.7368 4309.4575 4318.4839 4155.7085 4289.0688 4336.5737 3966.0781 4484.9048 3182.4775 2887.6646 3613.9265 4755.7334 2220.9202 3801.925 3841.5303 4086.6248 4068.5586 4148.2427 4148.4956 3586.3784 4072.699 3950.9385 3713.5583 3586.0588 3871.4539 3456.5645 3661.3521 4068.7722 3859.9131 3818.9666 3312.3865 3608.3806 3759.4773 3287.1978 4131.4092 3156.0452 3656.3254 3474.658 3475.3396 3584.3853 3528.1948 3525.7737 3662.3049 3691.9138 3610.5227 3779.1382 3260.8979 3586.8481 3607.3906 3300.0513 3066.3503
3980.5249 3346.5576 3216.491 3234.5586 3521.4331 3814.1726 3947.2734 4008.5237 3457.9844 3728.9229 4247.2344 4396.0005 3954.498 3903.4697 4007.7761 3533.6245 2882.3777 2166.3738 3530.1204 4274.6792 4030.8909 3739.9106 3741.7366 3468.4478 3835.6394 3969.9485 4569.8145 4044.9634 3597.2859 4046.8462 4192.9956 3979.2249 3547.04 3623.8342 3650.2793 3666.8545 4080.3926 3644.6365 3927.3047 3800.8462 3694.9922 3748.6558 3346.7212 3363.2981 3488.0791 3554.8372 3483.7241 2965.8521 3349.1033 3280.7686 3554.0117 3258.0527 3515.0764 3314.2205 3844.4458 3427.6973 3178.7024 2885.8396 3145.6414 3243.8933
3680.5508 3851.4292 3655.8572 3263.9443 3803.9663 3103.927 3310.7593 3920.9531 3776.7722 4214.5054 4374.6865 4445.1123 4300.709 3970.7629 4047.8601 4367.4238 4087.9773 4194.771 3863.0725 4039.7793 3791.0806 4242.4712 3511.2461 3662.7195 3372.3933 3634.6724 3825.2539 3586.4629 3895.9182 3827.6587 3791.2004 3579.489 3273.7129 3578.5789 3373.4749 2986.1726 3086.4946 3618.4099 4026.0073 3905.9045 3958.5107 3315.77 3660.9207 3389.7024 3321.1208 3901.9333 3591.8564 3093.6833 3016.9373 3712.875 3452.6284 3209.5166 3505.7544 3898.3606 3694.0525 3392.2024 3185.7107 3122.4727 2730.4727 3156.7524
2034.8258 4385.5132 4351.0459 3989.7598 2038.3501 2891.0552 4561.7822 4595.415 3271.0718 1713.1598 4570.1899 4031.1738 3188.5503 2426.9204 2746.0557 2012.1697 2859.5339 3792.5964 2769.9802 3998.9617 3392.7324 2971.3372 3683.7119 4786.7319 4584.5537 4900.7373 4030.6675 3955.5313 3992.7952 3973.9561 3405.9937 3444.771 3422.5962 3688.4331 4225.4561 3938.8201 3926.2454 3991.9761 4307.3174 4356.5664 3626.2991 3827.6191 2896.3442 2896.054 2824.0325 3304.7996 3204.2017 3584.1365 3525.1426 3585.1987 3557.0815 3457.1958 2837.0786 3046.2805 3240.3787 3514.7827 3873.9739 3414.7637 3240.6646 3191.8315
3543.2888 3531.126 3751.9919 3343.5083 3683.6094 3580.8582 2997.9268 2435.3374 2723.7986 2510.5173 3274.6328 2338.7705 1567.8806 1492.5342 1380.6456 1501.9835 1636.4879 2485.6985 3888.8899 3681.7925 4421.2871 4026.9214 4441.3813 3167.8982 2836.623 3006.8464 4194.229 5078.1309 4310.2207 4147.9863 3410.4065 3529.6616 3940.8342 3727.3564 3540.9521 3539.7922 2995.3604 3003.2659 3347.2627 4040.948 3889.365 3561.4492 4091.7363 3829.4773 3037.6899 2841.219 3453.9121 2987.3589 3735.8667 3580.8145 3588.0173 3329.5283 2394.5852 3038.3416 3428.2004 3297.6829 2899.4778 2488.2339 3164.8477 2934.5215
3411.4736 3546.8804 3692.3689 3619.8909 4083.9763 4201.7808 3940.9807 3966.3118 3696.3257 3654.3298 4113.8013 3436.1394 3959.8281 3858.5615 3251.5581 2431.7126 2984.9272 4342.0405 3976.4048 4654.1333 4256.7827 4201.6997 4366.9844 4365.7295 4535.2373 4633.0303 4724.436 4157.1099 3423.7002 3087.5095 3712.386 3964.4304 3598.6929 3614.8491 3553.2197 3747.8799 3322.3394 3353.189 4108.4116 3678.4102 3408.1033 4099.6523 3711.4575 3423.5671 3571.5447 3038.8372 2720.6123 3303.4333 3454.6626 3273.0347 2848.6011 2490.9065 3500.8418 3209.6069 2934.2485 2725.0056 2737.0554 2631.9155 2631.7734 3011.5706
3522.1836 3770.1345 3571.7183 3775.3608 3921.2156 3539.1064 3410.0491 4139.1699 3649.3923 3668.5449 3714.2495 3578.021 3650.2407 4046.4055 4209.8979 3795.6799 3698.4602 4474.5835 4036.738 4733.6152 4166.4966 4778.3267 5017.3027 4258.3081 4041.9805 4124.7158 4513.209 4161.0977 4182.1328 4002.8853 3783.0823 3403.2595 3354.7783 3233.6082 3638.5237 3963.7014 3742.4856 3733.1011 3734.0562 3575.7991 3765.1128 3483.4285 4043.9165 3711.2883 3690.022 4077.2856 3906.1235 3164.2668 3854.2651 3597.249 3508.116 3486.9587 2359.7791 2875.3601 3172.9053 2348.4709 2565.2292 2693.2556 2885.4028 2678.5137
4462.9561 220 3943.5378 3840.6401 3476.104 3776.4526 3942.7766 3670.0605 3277.7966 3437.9736 3546.8076 3101.9534 3375.0613 3439.343 3481.1282 3214.8176 3924.6948 4118.2168 4581.0776 4787.085 4399.8857 4455.0405 4388.3516 3905.9861 3331.5977 3465.1382 4310.105 3614.5342 3775.585 3956.8181 3212.4285 3088.8081 3417.5835 3018.1484 3420.0474 3049.8564 3797.1802 3774.3914 3811.1531 3363.228 3309.8398 3757.2979 2959.0435 3273.8213 3717.5652 2704.3481 3499.2683 3260.5671 3053.5176 2910.9785 2511.8274 2001.108 2903.2151 2860.6716 2874.7961 2762.5144 2626.5071 2930.5776 2792.3755 2666.6079
3909.3721 4586.6411 3887.8621 3545.0244 3868.8313 3503.71 3465.2285 3587.3931 3330.8962 3786.0447 3602.7151 2950.4841 2736.3843 3681.0669 4144.2114 4121.0776 3540.8652 4401.4409 4969.0122 4742.6689 4027.2432 3920.2834 3585.01 3453.4866 3998.2109 4135.1846 4331.5791 3668.3269 3714.1548 2538.1016 3336.6489 3104.4387 2786.803 3329.0825 3589.7856 3525.1738 3475.3369 3168.4255 3804.6838 3383.8472 3438.7866 3334.0989 3246.7317 3423.0315 3433.7507 2768.9824 3114.4573 3202.3242 3358.0872 3352.1873 3108.3794 2195.8474 2008.3212 2876.313 2801.7922 2981.1824 2918.511 2891.281 2830.2979 2433.7361
3840.4202 3457.4678 3719.457 3693.8606 3807.9202 3538.1814 4189.2319 3913.7041 3572.2688 3794.2522 3373.6118 3196.5334 3292.918 3496.6951 3437.9431 3480.9939 3352.9551 3626.1643 3989.4189 3905.5779 3257.3875 3114.3496 3070.6448 3199.4053 3893.5286 3854.2075 3797.7502 3598.8948 3453.9028 3203.0825 2709.9763 3282.8982 2915.9309 2995.9148 3480.9373 3421.0925 3787.6111 3836.8147 3577.1003 4025.1985 3540.3181 3409.8245 3592.2043 3498.2952 3376.0547 2724.1868 3000.5383 3105.6895 2829.6895 3375.6763 2943.4038 2894.1721 2938.8804 2915.4849 2786.45 2864.5579 2913.8162 2871.9524 2887.0615 2805.6672
3969.6279 4425.8408 4128.4385 4206.457 3849.7803 3518.5542 3712.0818 3339.687 3241.0461 3208.2559 3231.4719 3564.696 3609.2478 3699.3213 3521.4917 3422.4731 3550.2825 3820.7468 3326.8069 3173.7871 3302.9487 3393.2886 3895.8564 3854.7295 3330.4783 2943.3105 2522.0168 2449.4099 3200.3518 3019.4456 2819.6218 2744.5532 3118.2505 3164.4944 2164.0449 2354.74 2697.4912 2644.3647 2898.311 2933.8201 3034.7583 3330.4954 3557.6086 3698.5413 3090.9363 2988.4282 3260.9385 3254.3284 2974.196 2944.5911 2540.5969 2977.7605 2958.3882 2921.0142 2854.8748 2884.6541 2896.313 2831.8472 2347.8389 2674.5022
3370.0581 3948.5791 3177.4167 3725.9292 3700.1863 3670.4846 3698.1489 3237.7576 3347.8918 3931.9866 4658.2002 4160.3867 3886.928 3516.1819 3448.0403 3516.3584 3496.3884 2978.3406 3311.2764 3342.092 2675.1042 3185.3125 3514.2546 3907.3674 3395.9038 2854.0828 3433.5906 3231.3176 3145.0737 2439.1797 3228.2971 2599.8804 2717.4199 3349.4724 2978.1196 2455.1091 2926.0229 3330.2009 3008.7712 3009.5408 2470.6321 2967.6235 2942.4231 3184.6362 2890.686 3291.876 3505.4111 2926.8376 2923.9761 3249.6379 2986.8589 2997.4045 2996.7942 2799.6279 2789.0859 2828.9226 2969.9526 2845.9109 2824.366 2820.8142
3512.6558 3638.6416 3791.1724 3766.9231 3484.9175 3197.019 3121.5684 3200.8977 4708.6782 4437.3447 4702.9312 4971.6738 5412.002 5172.1309 4576.2056 3691.1743 2887.095 2575.4219 3042.4951 4400.9717 3685.0676 3959.9148 3405.8872 4825.4531 4630.9292 4284.2583 3721.3167 2935.9556 2642.5476 2690.8726 3567.438 3350.2083 3815.1194 3552.7954 4225.7754 3671.364 3686.0994 3030.7634 2922.7078 2764.5693 2955.2693 3136.8555 3035.001 3269.0654 3292.1455 3135.2361 3003.1511 2810.5344 2920.9019 2879.124 2891.3169 2862.2686 2847.3982 2932.5315 2986.4431 2858.3684 2839.3943 2830.6064 2807.3696 2798.5686
3713.9912 3336.3323 3377.1987 3349.5923 3219.7317 3241.5381 3914.1387 4772.1226 4851.0723 4336.7021 4879.8926 4436.4785 4189.2051 3869.1663 3627.4983 3539.3093 3393.658 3630.291 4453.1968 4571.4185 4102.5352 4314.0879 3819.561 3825.6277 2954.9644 3283.9067 4018.5054 3588.9094 3566.178 4106.2642 4056.7439 3711.958 3191.3384 3043.5281 2852.3572 3094.4763 3044.3398 3311.6521 3123.7288 3037.9778 3488.5073 3152.5056 3241.262 3036.7139 3004.6638 2874.5261 2941.1685 2915.6138 2911.3799 2922.147 2823.5542 2890.2683 2887.7773 2889.5984 2912.3694 2810.7419 2804.2183 2801.6345 2788.8237 2777.9683
3331.9194 3224.1182 3265.2358 3156.3186 3232.5713 5185.0288 5141.8525 4949.9331 4774.4316 4455.9492 4689.6743 4460.2329 3758.436 3211.248 3195.1606 3265.5146 4573.9868 4898.1978 3691.917 4261.3101 3911.3796 4243.2222 4383.667 4308.4097 3264.8899 3383.4937 3323.8772 4100.8242 4759.9956 3841.4099 3115.0518 3382.1538 3138.9202 2914.6506 3052.7869 3287.1545 3020.4124 3069.1118 3082.7004 3057.6494 3272.7581 3136.1089 3044.762 3055.7151 2666.3638 2805.0347 2942.2507 2939.6023 2926.6899 2854.7983 2815.2209 2899.2793 2851.0212 2863.7156 2825.9006 2815.7419 2794.9443 2786.0527 2776.0317 2780.1838
3337.0259 3195.0713 3199.4199 3517.0652 4115.9404 3995.4258 3569.7498 3282.3467 3409.4954 3740.4309 4033.5525 3227.0027 3161.0496 3166.9631 3143.8071 3385.1387 3648.0432 2725.6484 2878.5654 2884.9006 3031.9941 2969.7485 2944.0491 3270.8271 3321.5688 2867.6545 3017.8022 2498.7627 2652.6389 2951.0356 2921.1836 2875.9453 3599.1548 2938.4463 2981.4658 3195.425 3008.4141 3091.5107 2797.3494 3012.667 2976.2473 2904.6184 3045.064 2978.9214 2908.375 2909.4595 2698.6628 2774.5334 2914.4565 2902.8611 1682.8915 2831.1099 2780.8071 2851.4656 2769.3577 2754.4961 2787.7371 2793.7769 2761.1543 2770.3679
3198.2385 3326.6777 4818.5781 5219.77 5070.7012 5049.7056 4802.3042 4771.4233 4510.6099 3750.8521 3294.1973 3305.8982 3399.0349 3349.7378 4394.897 3766.1987 2713.6997 3074.0042 3881.8262 3437.3633 3381.3914 2869.9155 2684.4265 2631.0552 2400.1765 2490.8765 2363.8789 2491.0295 2474.4111 3108.1729 3043.8345 3004.6316 2776.5452 2775.689 2960.3308 2815.4624 2934.1946 3071.8735 2957.9385 2996.7927 3078.8394 3020.0676 2904.1995 2944.4978 2823.8943 2937.2246 2941.5488 2906.7449 2881.9263 2872.0068 2871.9199 2855.605 2522.7754 2737.0964 2820.7686 2811.6914 2710.8347 2755.6938 2750.7815 2521.8604
4130.0913 4175.2451 4526.6587 3942.7976 4064.7839 4566.6309 4164.1411 3464.8298 4076.408 3645.8105 3273.9614 3000.0764 3214.3381 3215.4155 3088.2715 3341.3057 2862.6824 3550.5737 2927.8782 2855.3635 3283.3481 2816.011 2622.4492 2873.0779 2628.7549 2369.8928 2497.7625 2543.7874 2339.9243 2544.9119 2747.9587 3027.2258 2851.1804 2925.8655 2929.7173 2808.2959 2795.8052 3055.7329 2978.7385 2977.2815 2979.5852 2945.074 2851.1685 2921.8843 3003.7476 2747.2896 2939.1841 2887.2749 2916.3657 2829.9656 2891.4895 2851.7888 2820.8596 2836.5071 2630.7603 2665.344 2225.3035 2745.8516 2908.073 2775.4277
4182.4033 3897.2905 3797.6772 3242.6992 3634.3184 3502.2861 3159.0659 3034.0898 3101.5139 3144.9324 3301.7324 3059.7861 2762.4644 2297.6697 2545.4312 3110.6255 2836.606 2761.3955 2671.4841 2780.7671 3156.0962 2777.4058 2577.7126 2676.123 2342.3684 3020.2151 3045.6074 3145.3606 3089.4224 2817.1362 2795.989 2769.2563 2776.0696 2809.8818 2679.4409 2520.3201 2613.844 3062.384 2918.2813 2903.8015 2949.0098 3011.6406 2943.7021 2948.9373 3013.8723 2757.95 2923.0129 2970.5103 2901.4988 2937.1123 2983.5076 3214.5159 2542.459 2546.7334 2666.5454 2502.0447 3112.8965 2704.7488 3677.0076 3386.4124
3244.3127 3299.4619 3204.7024 2919.4207 2544.9878 2513.0554 2641.3982 2952.7222 2956.4802 3071.1196 3173.7158 3033.1438 2397.9124 2651.345 2283.9199 2278.4329 2203.5942 2396.2976 2879.3347 2704.8816 2479.7512 2530.3247 2862.7788 2952.3342 2956.2874 2900.0579 3064.437 2981.5337 2895.0969 2347.7107 2985.3074 3080.312 2956.4639 2970.7502 3061.4941 2884.7214 2857.1072 2568.9534 2475.4192 2320.792 2516.6838 2342.4114 2536.2024 2485.2798 2939.0171 2930.1497 2861.7893 2914.3247 2915.4702 2931.9866 3000.47 2894.1914 2681.3467 2632.4915 2621.3049 2660.4912 2820.6428 3260.6494 3371.1238 3474.1443
3281.6111 3333.9229 3435.1387 3111.418 3009.8291 3202.8516 3312.1047 3044.4155 3126.438 3232.6074 2646.301 2333.4973 2586.8694 2876.0847 2694.5771 2718.9995 2523.9993 2778.7034 2476.2705 2733.1194 2903.9722 2335.5107 2400.0151 2846.4568 2521.5193 2401.3159 2830.6428 2412.207 3014.1145 2835.8789 2875.9255 2809.2227 2731.9424 2968.0688 2846.0264 2602.1179 2662.6682 2754.5066 2835.4854 2811.3674 2851.1921 2748.7485 3212.3184 3320.6963 2953.6262 2945.4419 2332.7886 2934.6492 3055.8416 2966.2451 2946.196 2906.415 2741.1213 2555.8696 2614.6814 2802.6904 2709.6936 2776.0586 3327.4255 3192.4082
3555.3772 3793.6597 3223.6399 3407.6567 3152.155 3168.9648 2720.9338 1887.584 3090.011 2473.0256 2375.3472 2650.7886 2959.7759 2582.8757 2560.1472 2404.6558 2535.3616 2413.6104 2407.9338 2611.2815 2751.6348 2755.6125 2670.4011 2692.0557 2819.3655 2764.6807 2810.9089 2849.9963 2841.1348 2758.0366 2951.4814 2960.1147 2977.0925 2951.2705 2635.5637 2645.1917 2407.0002 2627.1387 2765.4585 2859.9114 2865.1177 3291.6685 3208.0518 3135.8232 3140.959 3051.957 2979.1421 3126.0308 3251.6016 3125.3843 2897.1653 2722.418 2579.7056 2672.8145 2697.834 2915.7651 3328.0137 3278.2952 3143.2395 3165.9243
4110.6929 3302.8687 3761.9194 3576.1365 3339.0476 2831.9255 2902.6443 2927.1833 2864.0681 2832.6924 2220.0613 2114.7458 2341.658 2805.1145 2784.0483 2389.7981 2597.915 2693.6392 2566.615 2695.9702 2623.0754 2748.4663 3023.8567 2551.929 2811.7288 2739.5576 2727.6765 2786.209 2597.7378 2560.8577 2425.7083 2460.7009 2743.8726 2618.041 2641.1023 2567.2517 2886.9417 2680.6992 3049.2349 3304.0039 2909.9656 3013.1282 3051.6816 3084.2664 3201.697 2949.9575 3469.9221 2937.3354 3047.4084 3009.1099 3159.7952 2805.908 2705.8464 2739.303 3249.7371 3284.4819 3480.4744 3333.1169 3472.7839 3623.4778
3289.4331 2993.8335 3174.0972 3772.1621 3944.2156 4110.2388 3164.8875 3615.3347 3770.5886 5267.4634 2948.9395 2761.6372 2711.843 2641.1169 3064.2207 2575.1858 2946.365 2601.5549 2974.5425 2978.1074 4172.2319 2940.9668 2325.2827 2515.0154 2841.8704 2837.7109 2823.5779 2759.7651 3112.4055 2901.6799 3013.6646 3171.1858 2901.8962 2540.4436 2837.4148 3079.4932 2871.8577 2778.8677 3345.0859 3840.3528 3169.2808 3038.9729 2985.6721 2992.3547 2845.7898 2949.2766 2976.6665 2895.0459 2674.2913 3023.5127 3331.2773 2934.6868 3138.9407 3129.1479 3424.8945 2920.5034 3171.0054 3346.4314 3123.9722 3205.7153
3756.4575 3672.8628 3749.2549 4174.3511 3839.2773 2853.0725 3699.1221 3923.3398 3897.8779 3238.8259 3150.97 2999.2935 3012.8787 3037.0056 3583.1189 3291.4993 3123.9299 3383.4492 3300.0085 3438.7397 2927.5449 2548.4673 2793.2322 3400.2974 2989.7292 2763.113 3078.0247 3437.9727 3099.9575 2553.8406 3055.3792 2618.7117 3196.7639 3327.634 3412.6682 3722.0144 3506.0413 3284.042 3522.3362 3279.2166 3077.1035 3869.2695 3621.2163 3380.7336 3151.0806 3608.6365 3676.9639 3563.4297 4130.2886 2610.5703 2947.9871 3374.0969 3152.0894 3071.7361 3160.6863 2965.9128 3189.0857 3101.1294 3019.5129 3351.332
3865.8162 3724.1362 3944.4089 3387.0227 3014.041 3676.8809 4465.7134 4267.4165 4295.189 4173.8003 3894.0017 3483.9175 3152.2937 3071.5701 2671.542 2666.3528 3106.0449 2738.5964 3182.5193 3286.1897 3371.3313 3936.9978 3740.3921 3125.9067 3201.5908 3153.3264 3645.165 3490.1775 3244.25 2682.6125 3080.4861 3313.8975 3204.5752 3146.1082 3553.8733 3853.6077 3805.3708 3527.1475 3508.0955 4276.4922 3196.9148 3557.8284 2857.5313 3003.562 3063.074 3170.4121 3298.3108 3502.7097 3718.2979 3332.2268 3561.916 3499.2107 3476.6995 2839.8821 3247.3872 3022.5645 2884.6375 3188.4348 2762.6953 2548.418
3982.8643 3794.8459 3389.4526 3534.6165 3552.231 3580.3184 3907.0667 3530.5266 3903.031 3572.8921 3565.5869 3387.2822 3094.5273 2830.2952 3076.6147 2971.5354 3303.8303 3376.3745 2815.1357 3276.1282 3201.1492 3067.8267 2962.9497 2640.3005 2870.1055 3224.1042 2612.146 2977.5325 2903.303 2498.1143 3363.9656 2645.8508 3055.5234 3121.6077 3921.3145 3569.7449 3510.2292 3615.4058 4128.8979 4159.0576 3787.1804 3863.7217 3762.2004 3770.3379 3672.8936 3969.842 2770.9802 3466.2837 3553.811 3515.8108 3314.999 3621.231 3492.3098 3574.9941 3332.5432 3349.1646 3651.1021 3157.2241 3139.6882 2993.7312
