Resources/Map/Lvl0_30x30/Ele_AB.asc
ncols         335
nrows         335
xllcorner     -16695000
yllcorner     6675000
cellsize      10000
nodata_value  -99999.0
[rows 0 to 29 of 335, columns 0 to 65 of 335]
-99999.0 -99999.0 -99999.0 -99999.0 -99999.0 -99999.0 -99999.0 -99999.0 -99999.0 -99999.0 -99999.0 -99999.0 -99999.0 -99999.0 -99999.0 -99999.0 -99999.0 -99999.0 -99999.0 -99999.0 -99999.0 -99999.0 -99999.0 -99999.0 -99999.0 -99999.0 -99999.0 -99999.0 -99999.0 -99999.0 -99999.0 -99999.0 -99999.0 -99999.0 -99999.0 -99999.0 -99999.0 -99999.0 -99999.0 -99999.0 -99999.0 -99999.0 -99999.0 -99999.0 -99999.0 -99999.0 -99999.0 -99999.0 -99999.0 -99999.0 -99999.0 -99999.0 -99999.0 -99999.0 -99999.0 -99999.0 -99999.0 -99999.0 -99999.0 -99999.0 -99999.0 -99999.0 -99999.0 -99999.0 -99999.0 -99999.0
-99999.0 -99999.0 -99999.0 -99999.0 -99999.0 -99999.0 -99999.0 -99999.0 -99999.0 -99999.0 -99999.0 -99999.0 -99999.0 -99999.0 -99999.0 -99999.0 -99999.0 -99999.0 -99999.0 -99999.0 -99999.0 -99999.0 -99999.0 -99999.0 -99999.0 -99999.0 -99999.0 -99999.0 -99999.0 -99999.0 -99999.0 -99999.0 -99999.0 -99999.0 -99999.0 -99999.0 -99999.0 -99999.0 -99999.0 -99999.0 -99999.0 -99999.0 -99999.0 -99999.0 -99999.0 -99999.0 -99999.0 -99999.0 -99999.0 -99999.0 -99999.0 -99999.0 -99999.0 -99999.0 -99999.0 -99999.0 -99999.0 -99999.0 -99999.0 -99999.0 -99999.0 -99999.0 -99999.0 -99999.0 -99999.0 -99999.0
-99999.0 -99999.0 -99999.0 -99999.0 -99999.0 -99999.0 -99999.0 -99999.0 -99999.0 -99999.0 -99999.0 -99999.0 -99999.0 -99999.0 -99999.0 -99999.0 -99999.0 -99999.0 -99999.0 -99999.0 -99999.0 -99999.0 -99999.0 -99999.0 -99999.0 -99999.0 -99999.0 -99999.0 -99999.0 -99999.0 -99999.0 -99999.0 -99999.0 -99999.0 -99999.0 -99999.0 -99999.0 -99999.0 -99999.0 -99999.0 -99999.0 -99999.0 -99999.0 -99999.0 -99999.0 -99999.0 -99999.0 -99999.0 -99999.0 -99999.0 -99999.0 -99999.0 -99999.0 -99999.0 -99999.0 -99999.0 -99999.0 -99999.0 -99999.0 -99999.0 -99999.0 -99999.0 -99999.0 -99999.0 -99999.0 -99999.0
-99999.0 -99999.0 -99999.0 -99999.0 -99999.0 -99999.0 -99999.0 -99999.0 -99999.0 -99999.0 -99999.0 -99999.0 -99999.0 -99999.0 -99999.0 -99999.0 -99999.0 -99999.0 -99999.0 -99999.0 -99999.0 -99999.0 -99999.0 -99999.0 -99999.0 -99999.0 -99999.0 -99999.0 -99999.0 -99999.0 -99999.0 -99999.0 -99999.0 -99999.0 -99999.0 -99999.0 -99999.0 -99999.0 -99999.0 -99999.0 -99999.0 -99999.0 -99999.0 -99999.0 -99999.0 -99999.0 -99999.0 -99999.0 -99999.0 -99999.0 -99999.0 -99999.0 -99999.0 -99999.0 -99999.0 -99999.0 -99999.0 -99999.0 -99999.0 -99999.0 -99999.0 -99999.0 -99999.0 -99999.0 -99999.0 -99999.0
-4162.667 -4162.667 -4162.667 -4163.0176 -4163.1113 -4163.1113 -4163.1113 -4163.1113 -4163.1113 -4163.1113 -4163.1113 -4163.1113 -4163.1113 -4163.1113 -4163.1113 -4163.082 -4162.5557 -4162.502 -4161.9341 -4161.4443 -4161.354 -4160.7856 -4160.333 -4160.2056 -4159.6377 -4159.2212 -4159.0576 -4158.6655 -4158.4771 -4157.9092 -4157.5542 -4157.104 -4156.2056 -4155.6372 -4155.0693 -4154.5015 -4153.9336 -4153.3657 -4152.4868 -4151.6738 -4151.106 -4150.1904 -4149.4141 -4148.1768 -4147.2783 -4146.314 -4145.5869 -4144.1763 -4142.4727 -4141.2144 -4139.6206 -4137.9165 -4136.6948 -4135.0645 -4132.854 -4131.6201 -4129.5278 -4127.8047 -4126.1006 -4123.9526 -4122.2485 -4120.5449 -4118.792 -4116.52 -4114.1157 -4110.9761
-4114.313 -4113.8833 -4113.7354 -4113.7354 -4113.2671 -4113.1577 -4113.1577 -4113.1577 -4113.1577 -4112.6255 -4112.5796 -4112.5796 -4112.0098 -4111.9971 -4111.4243 -4111.4019 -4110.959 -4110.3833 -4109.9517 -4109.4985 -4108.9331 -4108.395 -4107.46 -4106.7729 -4105.896 -4105.4219 -4104.8774 -4104.3965 -4103.6631 -4102.8496 -4102.3584 -4101.1914 -4099.3276 -4097.4556 -4095.5251 -4093.9126 -4092.3 -4090.377 -4087.9377 -4085.8848 -4083.9236 -4081.4563 -4078.7209 -4075.6448 -4072.7119 -4069.6169 -4065.8523 -4061.6758 -4056.5276 -4051.4382 -4046.5698 -4041.2434 -4035.179 -4028.6257 -4021.6316 -4014.8401 -4008.2209 -4001.0466 -3993.8472 -3986.0442 -3977.6125 -3968.0129 -3957.8235 -3947.24 -3936.4478 -3924.406
-3896.5967 -3895.0728 -3893.7444 -3892.5183 -3890.968 -3889.666 -3888.9524 -3887.814 -3887.1267 -3885.5933 -3884.3354 -3883.688 -3882.0884 -3881.4534 -3879.8489 -3879.2358 -3878.593 -3877.6096 -3876.9966 -3876.1584 -3874.1709 -3873.262 -3871.1382 -3869.5032 -3867.9685 -3866.6331 -3865.2932 -3864.363 -3862.5247 -3860.6377 -3859.4883 -3857.575 -3854.561 -3851.7241 -3848.2813 -3844.6941 -3841.1147 -3837.0166 -3832.7246 -3828.665 -3824.5405 -3820.2483 -3815.697 -3810.9958 -3806.2947 -3801.1655 -3795.2625 -3788.979 -3782.4863 -3775.4641 -3768.6396 -3761.5559 -3753.1863 -3744.6011 -3735.4688 -3725.8965 -3717.2454 -3707.6819 -3696.8745 -3685.0103 -3672.6838 -3658.9221 -3644.2576 -3630.0205 -3614.6636 -3599.1897
-3473.2446 -3469.2939 -3465.3433 -3460.9023 -3456.3162 -3452.2476 -3448.6201 -3444.7244 -3441.1135 -3437.2014 -3433.8367 -3431.4861 -3428.2065 -3425.8967 -3423.2285 -3420.9028 -3418.0205 -3415.7275 -3413.4343 -3411.0349 -3408.1931 -3406.3958 -3404.1721 -3402.7637 -3401.355 -3400.1162 -3399.4548 -3398.9485 -3398.2581 -3397.8706 -3398.1162 -3398.793 -3399.8467 -3401.8647 -3403.8193 -3405.8867 -3407.959 -3410.1738 -3412.6899 -3414.8445 -3417.1003 -3420.0056 -3422.7546 -3425.6873 -3427.9785 -3429.5894 -3431.0835 -3431.8198 -3432.5869 -3433.1421 -3433.1021 -3433.4646 -3431.9893 -3430.1682 -3426.8682 -3421.647 -3416.6235 -3410.6467 -3403.8694 -3396.6616 -3388.1936 -3379.2483 -3368.7314 -3357.9724 -3347.1406 -3336.6453
-2686.8062 -2678.5847 -2670.6775 -2662.6545 -2654.5481 -2647.2742 -2640.1897 -2632.5413 -2625.3772 -2618.293 -2611.5442 -2604.5464 -2597.1807 -2590.1558 -2582.5229 -2576.1138 -2568.8101 -2562.4539 -2556.021 -2549.0972 -2542.9038 -2537.4504 -2531.6648 -2527.1367 -2524.6255 -2524.0522 -2524.5203 -2524.5203 -2525.0776 -2526.5251 -2528.1772 -2530.7627 -2534.5754 -2540.9224 -2548.1746 -2555.6228 -2563.071 -2571.0569 -2579.5271 -2588.1648 -2596.3669 -2604.8049 -2613.4087 -2621.6863 -2629.3699 -2636.3586 -2643.6226 -2649.8252 -2655.5935 -2660.8455 -2665.1316 -2668.9763 -2669.6077 -2669.6777 -2667.9236 -2664.9514 -2661.2695 -2657.197 -2652.4651 -2647.6743 -2640.884 -2634.0039 -2625.6824 -2616.0076 -2607.6606 -2598.0688
-1771.7279 -1766.86 -1762.3402 -1757.381 -1753.3452 -1748.7611 -1745.1255 -1740.2532 -1736.0367 -1732.5568 -1729.1445 -1724.7677 -1720.3334 -1716.5564 -1711.1409 -1707.0654 -1703.3367 -1699.86 -1695.8856 -1692.7657 -1689.4078 -1686.1521 -1682.4039 -1680.2432 -1679.296 -1679.8175 -1680.741 -1681.6327 -1683.4463 -1685.8097 -1688.2787 -1691.3503 -1694.2499 -1698.9398 -1704.3938 -1709.5193 -1714.636 -1720.2695 -1726.0649 -1731.6675 -1737.1224 -1742.3689 -1747.4838 -1752.375 -1756.6877 -1761.0175 -1765.6952 -1769.9623 -1774.0529 -1777.3414 -1779.5859 -1781.3499 -1781.8948 -1782.2339 -1781.9636 -1780.9978 -1779.6539 -1778.2881 -1777.92 -1777.5294 -1775.1981 -1774.1028 -1771.9337 -1768.6664 -1766.5267 -1763.7411
-1356.8081 -1357.1073 -1356.8214 -1356.4799 -1356.7318 -1356.5964 -1356.876 -1356.1102 -1356.0519 -1356.4043 -1356.14 -1356.1836 -1356.2489 -1355.9355 -1355.6703 -1355.0488 -1354.7813 -1355.0687 -1354.5867 -1355.1489 -1354.83 -1354.5804 -1354.6324 -1354.6324 -1354.7108 -1355.0298 -1355.3488 -1355.7666 -1356.277 -1356.6665 -1357.5436 -1358.5664 -1359.0437 -1359.4376 -1360.3346 -1361.1169 -1361.5316 -1362.474 -1363.3649 -1363.7561 -1364.6134 -1365.694 -1366.6508 -1367.1469 -1367.6606 -1368.0303 -1368.7902 -1369.7469 -1370.7039 -1371.4104 -1371.7911 -1372.1101 -1372.4291 -1372.748 -1373.0669 -1373.0944 -1373.0944 -1373.0944 -1373.7185 -1373.6548 -1373.7128 -1374.9419 -1374.6517 -1375.3134 -1375.6322 -1375.845
-1596.6624 -1599.6018 -1603.1967 -1607.0533 -1610.9779 -1615.4933 -1618.9302 -1621.8749 -1624.4001 -1626.8734 -1629.0732 -1630.8451 -1631.8923 -1631.1678 -1627.8055 -1623.4519 -1619.0668 -1614.1873 -1608.3324 -1601.6576 -1591.8778 -1580.4529 -1569.8052 -1558.9209 -1548.0367 -1537.5402 -1529.3641 -1524.9602 -1522.4409 -1521.3108 -1521.5829 -1522.5962 -1525.1368 -1531.427 -1541.0349 -1550.7001 -1559.8367 -1569.129 -1577.6053 -1584.465 -1589.5886 -1593.4982 -1596.6664 -1598.8992 -1599.507 -1599.3 -1597.6499 -1595.473 -1593.8499 -1591.8293 -1589.6525 -1587.4757 -1585.2988 -1583.7539 -1582.3026 -1580.8514 -1580.079 -1578.6589 -1577.9176 -1576.208 -1576.2208 -1576.3846 -1574.8136 -1575.078 -1575.078 -1574.9236
-2613.9043 -2625.3247 -2634.2954 -2640.667 -2645.9321 -2650.6563 -2654.8342 -2658.281 -2658.092 -2654.0486 -2646.1838 -2637.0632 -2627.6211 -2616.8684 -2603.5654 -2591.4868 -2580.043 -2567.6965 -2555.8347 -2544.4473 -2533.751 -2525.0647 -2517.5183 -2511.1655 -2504.8125 -2498.406 -2493.4072 -2493.1892 -2495.2681 -2498.4351 -2503.3069 -2508.9265 -2515.7947 -2526.001 -2538.6655 -2552.429 -2566.457 -2579.7437 -2593.1396 -2606.3147 -2618.3267 -2629.0703 -2639.2439 -2648.6475 -2656.6362 -2663.5952 -2669.1982 -2673.8069 -2678.4312 -2682.3184 -2685.3823 -2688.3013 -2690.585 -2692.3428 -2693.3718 -2693.6365 -2694.793 -2695.0371 -2696.2373 -2695.7502 -2697.9622 -2699.4714 -2701.0862 -2701.8342 -2702.4856 -2702.4441
-3574.8755 -3578.1853 -3580.7625 -3581.8489 -3582.3872 -3583.2964 -3584.3018 -3584.4309 -3583.9871 -3583.7405 -3581.6523 -3580.6238 -3578.9238 -3577.7056 -3576.0105 -3574.8159 -3573.7854 -3571.8311 -3570.1338 -3568.8337 -3568.7922 -3569.6414 -3570.7983 -3572.356 -3574.103 -3576.3645 -3578.8044 -3581.8943 -3584.9524 -3588.9458 -3592.8604 -3597.2375 -3601.9678 -3606.5349 -3610.7375 -3615.2607 -3619.9307 -3623.9692 -3628.9893 -3633.9434 -3638.085 -3642.4414 -3646.511 -3650.6384 -3654.7749 -3658.6543 -3661.7224 -3664.3176 -3667.436 -3669.9351 -3672.0115 -3674.6768 -3675.9526 -3678.0815 -3678.7771 -3680.4587 -3681.7656 -3682.7986 -3684.0662 -3683.3286 -3684.072 -3684.5911 -3685.3684 -3686.2239 -3685.772 -3685.772
-3880.6155 -3880.3376 -3879.7429 -3878.7732 -3878.3801 -3878.3376 -3877.6746 -3876.6851 -3876.5615 -3876.9736 -3877.2205 -3877.1326 -3877.5708 -3878.2544 -3878.9172 -3878.8516 -3879.5212 -3879.979 -3880.3445 -3880.1499 -3880.8364 -3881.5232 -3882.2097 -3882.8962 -3883.6389 -3884.5544 -3885.47 -3886.2434 -3886.853 -3887.6875 -3888.374 -3889.4658 -3890.7473 -3890.9844 -3891.2751 -3892.0247 -3892.3669 -3892.5959 -3893.0752 -3893.5015 -3894.1987 -3894.8752 -3895.6907 -3896.343 -3896.8005 -3897.2583 -3898.1223 -3898.5562 -3898.9597 -3899.2378 -3899.4668 -3899.885 -3899.9541 -3900.3525 -3900.4019 -3900.8203 -3901.0637 -3901.2927 -3900.7454 -3900.5042 -3899.7454 -3899.7454 -3899.6965 -3899.1685 -3898.9692 -3898.8496
-3930.605 -3929.9551 -3929.5962 -3929.3899 -3929.3472 -3929.3472 -3928.4927 -3928.1702 -3927.4282 -3926.6125 -3926.5491 -3926.3542 -3924.7722 -3924.751 -3924.7202 -3923.7087 -3922.9526 -3922.8755 -3922.0359 -3921.0422 -3920.2266 -3919.5583 -3919.3933 -3918.5776 -3917.762 -3917.1641 -3916.9287 -3916.113 -3915.2971 -3914.7698 -3914.1582 -3913.2554 -3913.0344 -3912.4866 -3911.7183 -3910.9812 -3910.5698 -3909.7542 -3909.3848 -3908.9207 -3908.7087 -3908.2893 -3907.6045 -3906.8599 -3906.0442 -3905.7981 -3905.3594 -3905.2019 -3904.5796 -3904.4038 -3903.7463 -3902.9304 -3902.8076 -3902.0972 -3901.2815 -3901.2114 -3901.2114 -3900.4307 -3899.4133 -3899.4087 -3899.176 -3898.4133 -3898.325 -3897.4133 -3897.3076 -3896.584
-3930.259 -3930.1252 -3930.0791 -3930.0791 -3930.0791 -3930.0791 -3929.9255 -3929.8992 -3929.7378 -3929.554 -3929.5396 -3929.5396 -3928.3755 -3929.1799 -3929.1743 -3928.9473 -3928 -3927.9033 -3926.9788 -3926.7949 -3926.4775 -3925.4888 -3924.6133 -3923.5913 -3922.3633 -3920.7761 -3919.8848 -3918.8628 -3917.5625 -3915.7673 -3913.9531 -3912.0547 -3910.3015 -3908.8904 -3907.8828 -3906.8542 -3905.5007 -3904.0813 -3904.0776 -3903.8574 -3902.9438 -3902.5061 -3902.8535 -3902.4094 -3902.522 -3902.7195 -3902.5872 -3902.5396 -3902.3994 -3901.7021 -3901.3914 -3900.5137 -3899.6479 -3899.3794 -3898.4478 -3898.3596 -3898.3596 -3896.5793 -3896.3596 -3895.5396 -3895.459 -3893.665 -3892.7385 -3890.9885 -3890.0181 -3888.3123
-3833.6472 -3824.4131 -3813.6543 -3801.801 -3790.4329 -3779.2434 -3768.0537 -3756.8643 -3747.1877 -3740.0452 -3734.7468 -3729.5823 -3725.9238 -3723.4788 -3720.0618 -3717.4268 -3713.8342 -3710.4575 -3707.7329 -3704.9133 -3700.7212 -3697.1169 -3693.5127 -3689.7156 -3684.7883 -3678.4836 -3672.2971 -3665.8435 -3658.7429 -3651.5344 -3644.6487 -3638.3008 -3632.313 -3627.6536 -3624.4463 -3622.1182 -3619.72 -3617.3528 -3616.5889 -3616.5667 -3616.9136 -3617.7117 -3619.2202 -3620.8916 -3623.2527 -3625.8835 -3628.4656 -3629.7715 -3629.9756 -3628.4983 -3626.7456 -3624.1782 -3620.7036 -3617.2397 -3615.1892 -3613.4539 -3614.9531 -3616.366 -3618.0806 -3620.4863 -3622.2312 -3624.5012 -3626.8337 -3628.343 -3630.6316 -3632.0549
-3629.8757 -3622.4443 -3614.5269 -3605.7517 -3595.4524 -3585.5349 -3575.0432 -3565.1638 -3555.6545 -3547.3489 -3539.4287 -3531.53 -3523.8992 -3516.4211 -3509.7139 -3503.9453 -3497.272 -3491.5139 -3486.6814 -3481.8105 -3476.7224 -3472.0706 -3468.8657 -3465.8276 -3463.5159 -3462.3691 -3463.1641 -3463.9163 -3465.1587 -3467.5815 -3470.7188 -3475.0469 -3479.4329 -3484.4102 -3490.5093 -3497.2261 -3504.3899 -3511.5315 -3518.9553 -3526.9048 -3534.936 -3543.0242 -3550.6406 -3559.1416 -3566.5525 -3574.3853 -3581.4792 -3587.8726 -3593.4143 -3599.189 -3603.6702 -3607.6941 -3610.0759 -3612.1707 -3614.5129 -3616.8853 -3619.7769 -3621.0134 -3623.0388 -3626.0444 -3626.3662 -3627.6658 -3628.877 -3629.1694 -3629.6824 -3630.843
-3590.3757 -3595.2747 -3599.2163 -3602.8418 -3606.2563 -3609.7175 -3612.3457 -3614.1294 -3616.5967 -3618.4624 -3620.2498 -3622.0369 -3623.8242 -3624.7263 -3626.6062 -3627.6675 -3627.9004 -3629.8457 -3630.9707 -3631.4199 -3632.6501 -3633.7588 -3634.499 -3635.582 -3635.6006 -3636.4834 -3637.6216 -3638.7598 -3640.2759 -3642.2324 -3643.6904 -3645.6528 -3648.1619 -3650.324 -3652.0972 -3654.3701 -3656.7136 -3659.0808 -3661.3901 -3663.8577 -3666.7156 -3669.0188 -3671.4712 -3673.7717 -3675.604 -3677.4858 -3679.9226 -3681.8765 -3683.5073 -3685.2019 -3686.7339 -3687.4712 -3688.6243 -3689.8789 -3690.3252 -3690.6738 -3691.0227 -3692.0159 -3692.2651 -3692.6064 -3692.6113 -3692.7278 -3692.834 -3692.834 -3692.8489 -3692.9651
-3657.0254 -3661.3264 -3666.2278 -3669.906 -3673.8955 -3678.0774 -3682.1809 -3685.3926 -3688.5413 -3692.4526 -3695.5911 -3698.6572 -3701.7231 -3704.6975 -3707.761 -3710.7285 -3713.553 -3715.6819 -3717.7151 -3719.6782 -3721.7224 -3723.7495 -3725.343 -3725.6963 -3726.6477 -3727.4216 -3727.5154 -3727.6091 -3727.426 -3726.6521 -3725.8174 -3724.6521 -3723.759 -3723.0891 -3721.3262 -3719.6086 -3717.8923 -3715.6904 -3714.0581 -3712.2205 -3710.1711 -3708.4448 -3706.1531 -3704.1023 -3702.3396 -3700.5767 -3698.8813 -3697.1426 -3695.3799 -3693.6169 -3692.6023 -3690.9219 -3689.1448 -3687.3821 -3686.3638 -3686.2839 -3684.5471 -3683.6687 -3682.7424 -3681.8342 -3681.7939 -3680.8054 -3679.1094 -3679.009 -3677.9607 -3676.2441
-3692.5737 -3694.5017 -3696.0288 -3697.2258 -3698.4468 -3699.6824 -3700.9182 -3702.0928 -3703.2571 -3704.4858 -3705.6558 -3706.8203 -3707.9846 -3709.1492 -3710.3137 -3711.478 -3712.6372 -3713.6406 -3713.8936 -3714.9868 -3715.9285 -3716.2429 -3716.9224 -3716.2004 -3716.2717 -3716.0698 -3715.3936 -3714.8035 -3713.1938 -3712.1716 -3711.1497 -3709.7224 -3707.7378 -3705.7737 -3703.7295 -3701.2266 -3698.7112 -3696.1296 -3693.6619 -3691.0671 -3688.6045 -3685.9785 -3683.541 -3680.8494 -3679.1414 -3676.7202 -3674.4097 -3672.3657 -3670.3215 -3667.5315 -3666.127 -3664.259 -3662.2151 -3660.999 -3659.1208 -3658.082 -3656.9978 -3655.9729 -3654.9507 -3653.9302 -3652.9763 -3652.0115 -3651.7991 -3650.9434 -3650.7397 -3649.6572
-3553.2961 -3563.8223 -3573.1306 -3584.1914 -3595.1487 -3605.9041 -3615.8459 -3625.6282 -3635.4102 -3645.1924 -3653.1792 -3660.0962 -3666.9583 -3673.8123 -3679.6719 -3684.5872 -3689.4314 -3693.3689 -3697.1548 -3700.1235 -3702.7744 -3703.9326 -3705.7112 -3706.4287 -3706.1897 -3705.2034 -3703.9146 -3701.6355 -3698.9573 -3696.2739 -3692.3318 -3688.3706 -3683.9729 -3679.4368 -3674.5481 -3669.0571 -3663.5779 -3658.1267 -3652.6077 -3646.6426 -3640.6853 -3634.718 -3628.7627 -3622.7935 -3616.873 -3610.9163 -3604.9653 -3599.0278 -3593.833 -3588.0671 -3582.9441 -3578.7939 -3574.8032 -3571.7026 -3568.6904 -3567.4966 -3567.385 -3566.4048 -3566.3354 -3567.2603 -3568.2271 -3570.0649 -3571.1182 -3573.0215 -3574.9619 -3576.8599
-3335.3728 -3352.0417 -3369.9666 -3388.9563 -3408.1711 -3427.3804 -3446.5679 -3464.0432 -3481.2346 -3497.5291 -3510.9214 -3524.0522 -3536.2205 -3547.3625 -3557.4775 -3567.4644 -3575.6331 -3584.512 -3591.5847 -3598.4971 -3604.5425 -3610.1882 -3614.2188 -3617.7764 -3619.7617 -3621.4612 -3622.4233 -3622.7407 -3621.3447 -3619.282 -3616.8123 -3613.3252 -3609.2261 -3604.6855 -3599.1182 -3592.5178 -3585.9048 -3578.739 -3570.627 -3562.5029 -3553.791 -3544.6711 -3535.5513 -3525.7791 -3516.3374 -3506.522 -3497.1233 -3488.0034 -3480.4233 -3472.5195 -3465.2195 -3458.9636 -3453.7295 -3449.5354 -3446.3623 -3444.2542 -3442.2607 -3442.1501 -3441.1753 -3442.1758 -3442.2893 -3444.2671 -3445.3774 -3447.5291 -3450.4399 -3452.7849
-2996.3049 -3010.6223 -3023.4177 -3034.9214 -3047.8076 -3060.2866 -3072.5767 -3085.7336 -3098.1394 -3111.3362 -3124.6233 -3137.9099 -3152.1758 -3165.4771 -3179.7708 -3194.012 -3207.2803 -3220.5515 -3233.6978 -3245.9434 -3258.186 -3270.0588 -3280.2573 -3290.4541 -3300.395 -3309.5669 -3318.4421 -3326.2747 -3333.3984 -3340.1599 -3345.498 -3349.1553 -3352.1958 -3354.3394 -3354.8682 -3354.8447 -3354.3074 -3352.7278 -3350.1042 -3347.5994 -3344.9299 -3341.2185 -3336.4668 -3332.0068 -3327.2102 -3321.3716 -3315.9604 -3310.8357 -3305.7166 -3300.5962 -3295.478 -3291.2065 -3287.979 -3284.9087 -3282.751 -3282.5681 -3281.6082 -3281.5642 -3281.5605 -3281.5862 -3282.605 -3283.6965 -3285.7373 -3287.7817 -3289.9609 -3293.0244
-2593.3596 -2604.5215 -2615.6885 -2627.6289 -2639.0037 -2650.9722 -2663.9778 -2676.2747 -2689.3242 -2701.594 -2714.6892 -2727.8445 -2741.0171 -2754.199 -2768.363 -2781.4666 -2793.6353 -2805.7866 -2817.8213 -2828.8311 -2838.8159 -2847.9578 -2857.2988 -2867.2 -2876.3228 -2885.4507 -2894.2974 -2902.4111 -2910.8574 -2919.9924 -2929.1223 -2937.8586 -2946.4136 -2955.5659 -2965.1702 -2975.3242 -2986.4998 -2998.1521 -3008.7888 -3018.4006 -3027.5913 -3035.573 -3043.4077 -3050.9827 -3057.5396 -3063.0786 -3066.8901 -3067.8997 -3068.126 -3066.7783 -3062.5725 -3057.752 -3051.2048 -3044.3198 -3036.5176 -3028.571 -3023.4189 -3018.4417 -3014.4268 -3010.4546 -3007.4451 -3004.4343 -3001.4927 -2999.3591 -2996.4607 -2994.2839
-2564.0564 -2570.7896 -2577.8093 -2584.8713 -2591.9429 -2598.1819 -2605.0857 -2611.2808 -2618.2285 -2625.3 -2632.3716 -2638.4785 -2645.5144 -2652.5537 -2660.5457 -2666.6458 -2673.604 -2679.6536 -2685.6982 -2691.7119 -2697.7546 -2703.7627 -2709.5723 -2714.5996 -2719.627 -2724.9275 -2730.6819 -2735.4177 -2740.1431 -2745.8191 -2751.2556 -2756.9326 -2762.8628 -2769.5212 -2775.6536 -2782.2791 -2789.4541 -2797.1873 -2805.4275 -2813.7102 -2822.6143 -2832.5876 -2842.3523 -2853.7122 -2865.4651 -2877.5994 -2890.7651 -2903.49 -2915.8982 -2928.2869 -2940.6086 -2951.2227 -2960.6165 -2968.0762 -2974.3596 -2978.7029 -2981.8792 -2984.0876 -2985.2151 -2986.1746 -2986.1726 -2986.0623 -2984.9575 -2983.8481 -2982.6914 -2981.4624
-2616.4124 -2619.6926 -2623.4609 -2628.1748 -2633.0933 -2637.2834 -2642.0017 -2646.1443 -2650.9546 -2655.873 -2660.7324 -2664.6829 -2669.5042 -2673.4832 -2678.2471 -2682.1467 -2686.1023 -2690.0046 -2693.8687 -2697.1218 -2701.0037 -2704.1221 -2707.2012 -2710.3311 -2713.4612 -2716.864 -2720.7212 -2724.1682 -2728.0024 -2731.5574 -2735.7734 -2740.4199 -2745.7219 -2751.4731 -2757.856 -2764.7703 -2772.6633 -2781.5352 -2791.386 -2802.2153 -2813.9858 -2827.2952 -2841.3076 -2855.8406 -2871.3081 -2886.9963 -2903.2896 -2919.8333 -2934.8174 -2949.3672 -2962.3345 -2973.3318 -2983.2395 -2991.3438 -2998.5166 -3004.7312 -3009.1306 -3014.5723 -3018.2524 -3018.9529 -3019.4866 -3018.9712 -3016.5054 -3013.5068 -3009.2014 -3002.9763
-2805.7283 -2807.9797 -2810.6604 -2812.7654 -2814.6365 -2817.2698 -2818.5125 -2821.1265 -2823.0454 -2824.9858 -2826.001 -2826.9365 -2827.9556 -2829.8853 -2830.0022 -2831.1545 -2833.0564 -2834.3318 -2836.6033 -2840.4761 -2843.6912 -2847.5237 -2850.7966 -2854.8848 -2858.9729 -2863.2881 -2867.9553 -2872.2739 -2877.2979 -2882.6521 -2888.5791 -2895.228 -2903.0586 -2911.2625 -2920.845 -2931.4407 -2941.9915 -2952.5879 -2963.178 -2973.7288 -2983.7273 -2993.2898 -3002.2258 -3009.593 -3016.3735 -3021.8149 -3025.9922 -3029.8435 -3032.3105 -3035.0208 -3037.2295 -3039.1304 -3041.8696 -3044.7629 -3050.0837 -3055.6973 -3062.1863 -3072.3171 -3083.4395 -3093.604 -3101.938 -3110.1506 -3116.0474 -3115.6484 -3112.1841 -3105.0378
-2993.1792 -2994.6177 -2995.8684 -2996.1021 -2996.1885 -2996.2974 -2996.4065 -2997.2983 -2996.7151 -2997.5557 -2997.7356 -2997.8445 -2998.835 -2999.9636 -3001.0161 -3003.0076 -3004.1711 -3007.0315 -3009.0854 -3012.0276 -3014.8931 -3017.8503 -3020.9922 -3024.8625 -3028.7327 -3032.3298 -3035.2095 -3038.4839 -3042.4268 -3046.2971 -3049.825 -3053.1873 -3057.1208 -3060.5898 -3063.968 -3067.4502 -3070.4612 -3073.8984 -3077.3286 -3080.3328 -3083.2898 -3085.688 -3087.8013 -3089.8115 -3092.512 -3094.8645 -3096.9084 -3098.2756 -3100.02 -3101.3242 -3103.1914 -3103.6338 -3104.5181 -3105.54 -3105.6501 -3105.7498 -3105.7568 -3105.7568 -3104.7566 -3103.8435 -3102.9304 -3102.0103 -3100.9883 -3099.8677 -3097.9465 -3096.104
