Resources/Map/Lvl0_30x30/Ele_CC.asc
ncols         335
nrows         335
xllcorner     -13345000
yllcorner     -25000
cellsize      10000
nodata_value  -99999.0
[rows 25 to 49 of 335, columns 174 to 231 of 335]
1412.7683 1371.3804 1364.5999 1564.5378 1436.9248 1251.3461 1332.9105 1390.6432 1278.9244 1329.2411 1299.3503 1168.8511 1203.0166 1152.3597 1109.2689 1243.4497 1630.8105 1997.236 1722.9766 1413.6407 1223.0623 1276.3457 1546.7172 1407.0391 1393.1257 1216.131 915.5647 784.9294 709.7357 832.9502 632.0453 502.3749 453.5032 420.2541 382.3269 340.8776 321.5645 313.1983 288.4806 267.9274 262.5052 255.8775 244.9405 242.5783 233.0065 223.5578 246.3057 256.6001 197.8134 186.6874 154.9024 139.1591 138.3431 151.0751 158.0884 189.153 168.0039 182.3245
1601.7252 1362.6866 1299.6255 1310.7677 1272.9934 1241.4178 1290.984 1424.4819 1268.8458 1301.3943 1308.3494 1205.5475 1242.9994 1220.6974 1150.897 1193.4333 1417.8523 1991.6295 1903.214 1358.0975 1214.9482 1192.645 1337.8246 1219.5734 1393.2739 1673.7338 1250.2152 789.1474 687.4116 641.0217 793.6718 556.3699 416.967 393.0862 356.3595 329.3155 301.9649 286.6806 270.7002 260.218 257.1933 242.1533 245.3711 235.3721 224.1429 223.9775 226.4914 246.1109 227.5471 195.8573 160.3883 143.9861 135.1301 147.6772 169.0264 148.2985 153.0292 170.1147
1530.4821 1761.1193 1359.4707 1265.9919 1255.9515 1324.4923 1302.0747 1322.5297 1215.8439 1171.4667 1153.9247 1135.5304 1168.8259 1152.8125 1135.5101 1171.3096 1389.8912 1797.9902 1968.1357 1586.2578 1192.2205 1108.9899 1129.4203 1103.2887 1213.5967 1515.4706 1118.689 1112.2151 666.0422 814.435 608.1011 611.8958 422.597 368.196 352.5181 328.8249 306.2511 293.8454 278.4697 276.3076 257.7051 236.4041 227.3797 233.8522 226.3583 216.7006 216.3755 236.4878 245.7813 204.7122 164.5419 176.15 136.3886 147.933 132.6206 128.7676 141.9726 175.0885
1550.1415 1963.7159 1848.6904 1295.0144 1276.7954 1789.6356 1572.2393 1389.7233 1234.6917 1387.0576 1087.8337 1104.1904 1121.547 1148.0156 1126.6831 1118.7864 1217.5382 1592.8311 1572.392 1434.4004 1158.126 1044.1527 1006.4093 1094.4354 1350.7343 1444.6523 1312.4871 855.5375 631.1733 552.2813 498.9011 575.6301 607.0957 371.9528 400.5676 374.6464 363.024 332.7977 303.7586 323.9344 305.5668 241.6079 219.5398 214.0307 212.3179 216.3214 199.3218 196.3091 199.5877 194.4082 155.218 143.1096 109.0075 126.8445 117.9992 120.8623 145.2401 176.6459
1696.241 1672.6519 1803.873 1258.1449 1208.3652 1604.6396 1890.6802 1286.6519 1145.4792 1296.9148 1083.2943 1108.9336 1073.0872 1221.2726 1126.4388 1443.416 1286.3129 1677.3782 1586.1453 1539.3624 1163.1635 1011.206 946.1974 1122.3999 1902.4113 1498.3793 1223.1305 759.7874 609.0792 522.1046 465.8527 442.6999 428.3506 415.2565 410.1355 567.9922 478.0316 386.3415 329.8028 297.406 298.8618 248.4649 238.992 223.1332 213.0239 197.1498 196.2569 180.2892 172.415 177.1605 161.4769 124.775 141.6629 92.9813 121.5453 138.7952 144.0272 164.0223
1879.9449 1526.1393 1536.9191 1223.4779 1211.4578 1255.3234 1261.5056 1142.8916 1054.0712 1058.083 1136.9747 1110.1691 1082.5176 1085.9036 1137.8348 1200.4412 1449.7062 2295.1667 2394.1331 1845.7289 1266.9755 1018.3588 904.9025 920.4178 1616.3513 1560.9642 1260.4061 1280.8833 543.7155 494.3692 480.1353 432.8404 430.1578 411.9399 536.0339 597.2471 797.4287 456.1974 367.2744 314.1651 277.1766 274.6634 259.61 238.3575 225.731 215.731 183.7433 175.3331 195.2775 147.028 128.973 110.2297 114.8484 95.9835 127.6749 142.9706 129.9127 138.8488
1579.1958 1310.6665 1349.2026 1180.4572 1143.6835 1131.7932 1104.7415 1072.3923 1041.1726 1037.3718 1410.228 1214.6675 1110.7233 1136.649 1213.9614 1165.7856 1217.021 1248.5437 1349.5371 1945.35 2445.5105 1890.8094 1321.8419 856.8284 1538.1495 1188.505 803.6229 622.3657 584.2102 516.039 514.3389 509.647 478.924 463.6253 508.4739 1013.9302 652.9072 842.3063 750.5183 715.6337 312.2981 306.0574 343.7644 278.6356 235.7258 200.3034 177.059 168.3432 191.1335 165.3272 133.543 127.059 99.7723 80.4444 116.4494 132.566 115.9782 140.8991
1289.931 1213.0985 1146.7911 1108.7172 1140.2415 1150.6882 1131.8519 1078.4824 1039.775 1041.465 1335.0107 1366.7932 1053.6984 1067.0759 1177.3888 1201.2899 1186.7343 1130.7664 1179.6156 1273.3461 1123.222 1084.5115 863.5698 741.7318 714.0771 690.6862 788.3638 1073.6644 687.8261 641.5651 570.1514 568.4308 573.431 534.5128 513.9025 561.7048 715.5293 809.6207 766.5424 494.937 353.969 347.3537 892.3004 368.6136 292.8724 223.9425 189.2807 168.8785 155.7533 155.6075 128.363 121.7045 125.1478 100.4899 94.6806 125.3274 107.005 118.6618
1304.9225 1210.5104 1129.901 1089.9038 1124.5956 1121.5522 1119.0632 1079.9536 1051.8241 1069.5403 1211.8257 1424.2511 1221.6874 1081.4637 1243.1539 1268.1862 1221.4628 1193.4968 1428.3086 1593.1356 1372.8684 1026.5211 785.7059 828.6723 713.7782 701.2888 950.4041 996.6816 876.8654 791.6061 823.2164 723.2129 1212.5088 1237.3173 631.6151 604.2701 943.8846 636.4213 1059.2222 523.7721 387.3676 363.3358 553.9852 666.1704 388.1447 275.3225 231.6066 167.4426 148.4962 144.3648 126.8812 111.9301 109.2534 119.5003 92.424 88.1726 115.2742 134.3161
1228.7443 1202.3984 1167.8081 1089.0084 1099.494 1112.9528 1108.0144 1117.5249 1071.1121 1146.2522 1297.5775 1189.0442 1249.8016 1305.6343 1228.6123 1470.7347 1520.9576 1675.9449 1719.8029 1773.3243 1687.4791 1393.812 1205.688 1438.86 1234.0808 712.9841 1023.397 1579.8691 979.9796 898.7292 816.4626 788.5383 1220.361 1653.9912 1119.7196 700.5523 720.5968 580.8561 569.1557 514.2119 1052.9265 401.6869 554.628 569.7819 380.4626 290.6675 373.4536 214.7898 189.8986 153.1265 130.4757 128.002 98.5958 95.3363 86.0892 87.9708 91.9955 99.0566
1195.0096 1262.7942 1199.2646 1112.4418 1104.8816 1148.5519 1164.7886 1159.5405 1193.9104 1250.7501 1271.6436 1129.4498 1349.0131 1802.9795 1645.9047 1877.3196 1391.5001 1073.5325 915.1855 834.6681 995.4197 1352.5161 1243.7655 870.1269 1165.6031 904.3301 869.9116 1585.3519 1331.402 1171.5703 944.4865 843.0422 956.4985 1261.0508 1463.6932 1043.0898 861.5728 647.4166 600.9832 584.599 681.8542 456.6964 528.2147 949.7606 409.1632 311.9708 394.2148 260.2649 209.1877 175.1747 144.7253 156.6079 126.9873 135.6184 123.2568 94.9053 84.9421 106.352
1185.2574 1169.9584 1221.4841 1133.9646 1114.0734 1148.1357 1194.0466 1251.9224 1198.2076 1201.9008 1513.2297 1099.0934 1112.2279 1663.7103 1669.4006 1394.9049 1040.2034 1169.5632 968.2469 820.6672 835.5914 940.6313 865.5355 1220.3823 1450.0782 1355.0895 1243.2517 1119.4752 1764.925 1199.3367 1310.2426 1082.4155 929.7224 959.0646 913.5807 940.3729 853.7471 691.3383 589.0644 583.9796 826.9268 496.8495 572.0521 732.1894 514.1821 302.0078 266.9808 248.4782 207.7465 174.9203 161.2515 154.2393 135.4671 133.294 124.898 96.9507 81.3476 120.8405
1199.5107 1172.9688 1150.4639 1136.6104 1117.3274 1147.4467 1177.7803 1407.2856 1151.8694 1139.8601 1532.8339 1126.3511 1081.1016 1268.0837 1854.9186 1023.5216 940.3706 1189.5231 878.4037 924.2847 1158.4376 1462.6932 1318.0952 1019.7969 1239.9294 985.1027 1390.2217 1505.4586 1307.2496 1477.1155 1400.1188 1209.2391 929.5829 840.7007 817.463 781.8887 802.7357 711.3624 605.0435 544.1221 561.4162 709.4751 431.9326 410.6717 483.1875 293.5399 261.8237 237.7735 214.8177 193.4711 175.4374 143.4763 131.1094 126.4917 125.4728 108.9877 82.3447 71.6021
1221.2012 1197.114 1145.8344 1129.592 1115.5306 1122.8455 1127.8907 1248.2269 1208.7628 1107.4498 1469.9164 1414.2448 1085.3823 1144.7362 1475.4541 979.7159 865.2098 1057.7128 937.6174 1110.0029 1371.2096 1534.5364 1495.7587 1294.4432 1164.6628 1019.3472 1071.795 1409.538 2370.3447 2262.5173 1398.2765 1093.412 984.2655 1020.6553 796.7591 753.2708 707.8034 660.6614 609.8816 638.2457 599.0055 1331.4541 553.2708 448.9442 662.8607 380.2047 278.7863 252.2517 237.0664 222.9469 198.3473 175.6543 155.9 121.0675 97.1725 86.4344 72.9617 55.4127
1233.4144 1195.5637 1162.1077 1135.6023 1117.7939 1102.6805 1098.4108 1332.3081 1229.6312 1092.6158 1380.0793 1493.4216 1125.5365 1437.967 1794.9165 1117.4598 852.8505 852.9957 1069.2312 1264.0566 1456.5939 1679.6982 1706.4297 1501.5383 1489.6624 1098.8708 1052.1642 1122.4391 1299.059 1308.0912 1220.5997 1320.0497 1547.6285 1349.2434 884.3406 818.3777 707.713 670.741 671.1338 956.3388 890.8788 990.8657 840.8975 725.6031 675.5225 610.4092 351.8846 343.218 344.7767 284.3047 235.7122 199.4684 163.4101 121.848 104.7987 119.1073 100.3501 96.5759
1308.2413 1235.9187 1190.7911 1148.5476 1227.7305 1093.6407 1088.0748 1201.8352 1140.4205 1098.3636 1439.2546 1359.4658 1107.9349 1402.3392 1729.5299 1685.7372 871.0523 863.604 1303.083 1469.6423 1575.9918 1700.9395 1621.8132 1525.2454 1736.6489 1563.6503 1131.6652 1115.0603 1173.2859 1187.7798 1341.718 1112.457 1083.9762 1196.3046 1096.7188 817.4995 917.1757 869.9516 881.3582 832.3314 761.2869 646.1412 918.8654 654.2908 697.1182 706.0874 565.3367 888.637 527.6786 371.9641 270.7162 220.4396 164.9781 139.6555 116.146 144.1326 109.5683 82.0482
1377.3268 1277.9362 1217.0364 1162.7026 1135.0038 1104.265 1084.364 1092.7325 1103.709 1090.5696 1202.964 1204.1875 1091.4187 1169.0719 1338.0804 1477.6107 1119.1924 945.4361 1284.5278 1396.2642 1484.0546 1389.7399 1408.6724 1553.4955 1504.1277 1707.2518 1426.8811 1188.806 1212.1835 1614.1213 1652.9254 1147.6023 993.635 958.313 991.0689 933.2773 1098.4666 923.1347 957.363 820.9081 1546.6334 863.908 554.1273 574.1279 522.524 532.0818 680.1693 905.5408 679.5712 572.6895 334.687 244.1375 192.5923 156.3356 123.9976 110.9326 85.6583 95.4334
1458.03 1355.1234 1374.6542 1218.1548 1202.1946 1165.24 1094.9344 1114.0763 1096.2183 1092.4851 1096.4873 1099.7969 1096.8615 1097.0974 1096.8364 1095.8053 1304.9917 1346.3074 1233.543 1272.1809 1273.8617 1254.7634 1234.2168 1390.8043 1790.6361 1596.3162 1580.0813 1359.2933 1620.0453 1874.0518 1680.9822 1200.3434 997.6508 901.9539 891.066 960.9572 1033.5988 920.7912 929.27 935.1923 670.2481 1014.6646 853.0897 498.4545 452.8065 565.6927 618.5988 794.0054 898.0895 592.5158 359.5401 275.4808 215.8149 150.4066 137.9379 112.005 92.5614 85.4529
1476.4819 1495.21 1410.5382 1275.454 1329.3053 1217.0931 1145.8903 1095.1256 1098.1886 1096.7288 1099.7496 1101.3551 1101.8344 1100.3152 1115.3058 1096.0544 1097.9927 1310.5265 1233.2125 1266.2437 1156.3977 1105.7449 1124.8655 1314.5188 1342.2025 1332.5623 1401.8174 1468.7979 1703.3801 2078.5149 1705.6478 1279.2153 1010.7117 947.5458 861.0996 823.479 786.0868 801.1183 829.1363 651.9702 620.0372 928.9646 626.1521 538.0364 425.6142 415.4977 481.9955 527.9437 781.2684 630.5801 340.8596 253.8524 194.1399 159.216 139.5364 110.7679 107.0344 91.5601
1552.6676 1586.4331 1408.0109 1303.4698 1254.4192 1179.3447 1142.5537 1104.1489 1101.4556 1101.7627 1105.4514 1103.7614 1100.4113 1098.3025 1099.8927 1095.6931 1093.6202 1090.1857 1092.5641 1092.6011 1096.6007 1097.0645 1098.2533 1121.348 1122.627 1162.5179 1188.3641 1294.3384 1641.993 1879.5869 1748.6241 1301.4536 1033.4678 1031.7737 950.4483 901.4893 857.0769 865.9737 867.6824 872.1208 1446.6958 1134.7061 781.8654 498.1866 449.3142 397.2389 346.1519 376.5472 408.41 354.3721 263.741 213.0869 167.1068 148.8573 135.9711 123.7621 111.5778 113.4954
1619.7544 1731.1938 1494.3575 1349.8954 1605.6282 1301.6693 1189.8673 1112.2946 1109.0934 1111.0537 1112.6029 1111.8687 1108.3026 1102.2567 1100.0344 1097.3768 1091.5092 1089.043 1089.9548 1093.542 1094.9758 1103.0146 1112.7747 1122.7963 1127.5629 1135.3882 1149.2054 1181.2091 1241.6976 1579.5105 1576.7362 1238.9244 1049.3167 1119.5955 1055.795 988.0283 1043.9039 1081.9325 1116.2212 831.0587 814.2543 656.5977 591.0079 545.4075 465.8402 411.157 338.3911 303.9569 289.9286 361.2775 272.5746 176.1993 170.8624 168.7386 164.2255 137.8069 142.1277 130.561
1784.4275 1844.8513 1672.1661 2118.7419 1366.7697 1470.0568 1505.0922 1122.1721 1117.2997 1117.0917 1117.5016 1288.3336 1187.8422 1107.2731 1104.5354 1099.222 1092.8925 1092.9552 1095.1517 1102.101 1116.0746 1122.4969 1151.2212 1164.7179 1155.1315 1163.7811 1175.4192 1187.2766 1156.0634 1154.7018 1250.416 1139.1046 1149.5662 1522.2511 1220.6716 1235.5673 1199.3518 1363.3901 1282.8718 1243.4635 1307.9199 934.4824 1021.4625 563.3163 501.7729 433.933 362.3679 299.7665 270.7959 242.0099 332.7485 199.7213 187.4722 182.2709 169.3737 152.9167 150.8396 153.4411
1905.3248 2099.5493 1824.3964 2067.6006 1568.873 1246.6593 1473.9617 1131.972 1126.791 1124.9581 1118.0262 1202.8867 1134.9028 1110.2365 1102.76 1127.7753 1159.5608 1102.988 1146.7111 1207.3724 1305.2555 1282.1189 1245.6252 1236.3663 1251.9916 1230.579 1233.2596 1256.6897 1282.4357 1247.0364 1160.5721 1156.7335 1220.0898 1568.1514 1659.7632 1357.5878 1397.5524 1419.8473 1657.0845 1940.8995 1808.7603 1342.6605 937.9628 1128.968 953.3724 470.4186 374.8374 313.4746 273.5353 240.3503 228.7516 220.1948 209.4373 187.7296 161.4654 161.4834 165.9509 167.5931
1591.9589 1716.7755 2046.5942 1792.6648 1669.3577 1186.281 1205.1389 1154.0306 1209.524 1128.7866 1124.6139 1117.4314 1112.5574 1109.0731 1103.1768 1276.2543 1368.3801 1292.6603 1269.0559 1350.7325 1407.4032 1485.6895 1365.8361 1397.3966 1535.2527 1509.8632 1398.2405 1357.7239 1351.3695 1371.1232 1379.9717 1248.2114 1293.1086 1778.8462 1833.7202 1864.6262 1450.5221 1581.2205 2179.0942 2240.5984 2560.7222 2527.1038 1604.924 1605.0184 784.788 705.5532 369.0711 320.4613 282.746 252.6351 230.1833 207.1457 193.4793 177.8679 179.0574 182.7707 185.2869 166.7919
1412.8434 1500.1296 1685.8699 1590.8914 1928.9296 1248.3785 1323.3879 1402.1987 1254.4822 1201.2128 1149.9725 1132.4218 1116.5334 1109.8041 1105.3269 1098.4381 1096.9424 1095.3784 1227.2695 1818.5254 1812.4395 2312.115 1689.3719 1580.5034 1681.3932 1685.1052 1671.3094 1481.2253 1468.0308 1459.545 1410.8971 1412.5334 1433.2588 1656.1204 1978.9442 1742.4652 1604.9438 1763.6404 2231.3315 2652.0239 2341.9956 2754.6545 2678.312 2226.2542 1971.5284 495.1036 514.628 335.2581 327.3465 252.7622 264.263 227.906 210.6506 203.4715 206.5207 194.7251 154.7365 147.377
