Resources/Map/Lvl0_30x30/Ele_EE.asc
ncols         335
nrows         335
xllcorner     -6645000
yllcorner     -6725000
cellsize      10000
nodata_value  -99999.0
[rows 0 to 28 of 335, columns 260 to 324 of 335]
-1469.1991 -1436.6519 -1258.8083 -949.0474 -1042.0277 -1185.9176 -1067.4402 -836.3176 -933.9436 -1129.158 -1197.412 -1252.3267 -1288.1283 -1398.5045 -1609.0789 -1583.5477 -1408.0964 -1305.1 -1220.0435 -1147.2067 -1094.1146 -1067.4412 -1044.2063 -1204.2568 -1239.0739 -1267.6934 -1355.6639 -1511.8979 -1778.2552 -1999.9668 -2229.0562 -2498.3367 -2672.4573 -2813.4209 -2918.7854 -3033.7327 -3253.1858 -3509.7832 -3618.7524 -3551.9673 -3530.3167 -3541.3413 -3667.5703 -3773.0916 -3749.7712 -3813.3779 -3875.8792 -3908.0232 -3827.5745 -3814.4333 -3985.7253 -4023.2805 -4014.8635 -3839.2529 -3719.2209 -3887.2432 -4158.6543 -4187.687 -4099.1577 -4065.8958 -3682.4919 -3468.99 -3568.084 -3403.4761 -3464.0432
-1178.8842 -1332.8496 -1366.9703 -1203.8053 -907.7219 -792.5215 -761.4559 -699.8253 -701.1052 -947.7018 -1199.2627 -1311.798 -1363.3171 -1430.7001 -1507.3958 -1453.5507 -1347.2952 -1341.8469 -1280.3229 -1203.3855 -1110.8262 -1105.6881 -1050.7954 -1107.3696 -1148.7728 -1159.9186 -1222.0026 -1440.3304 -1667.058 -1800.1906 -1984.8385 -2166.7966 -2321.6841 -2485.7129 -2624.3696 -2799.2488 -3048.2813 -3294.8174 -3460.2314 -3474.4895 -3461.4517 -3400.5032 -3493.854 -3628.2302 -3633.7395 -3707.5339 -3823.7151 -3899.5552 -3850.9019 -3795.6782 -3833.7947 -3821.6978 -3914.7014 -3965.8264 -3913.854 -3971.1038 -4134.5298 -4138.0122 -4088.5427 -4125.8286 -4163.1904 -3966.9109 -3929.5183 -3872.2637 -3806.2441
-1064.9829 -1310.604 -1460.5701 -1396.9663 -1146.2903 -835.5925 -683.056 -654.0801 -671.7022 -868.2484 -1099.7831 -1293.3047 -1375.078 -1362.8041 -1317.1963 -1269.5223 -1225.3177 -1268.5417 -1273.8232 -1140.8335 -1046.4504 -1022.6166 -992.2208 -977.9526 -1082.4733 -1118.7129 -1225.0045 -1435.6893 -1601.2842 -1672.0355 -1762.8433 -1882.7965 -1988.9393 -2120.28 -2269.6086 -2552.8315 -2880.1428 -3073.2637 -3173.8623 -3280.582 -3394.6221 -3428.8535 -3462.04 -3535.7275 -3574.937 -3618.3738 -3725.4336 -3801.7444 -3848.1294 -3869.9985 -3829.5986 -3862.2957 -3941.363 -4027.5234 -3959.3892 -3895.9775 -4033.7822 -4200.8047 -4258.7075 -4136.7534 -4166.6484 -4102.5811 -4073.7668 -4013.2986 -3792.9504
-1094.1096 -1238.454 -1351.6427 -1396.16 -1364.6547 -1137.4271 -779.0873 -630.9048 -593.2235 -636.6156 -714.4621 -933.7213 -1113.4171 -1160.6884 -1159.9363 -1147.0125 -1101.6174 -1090.9418 -1167.5637 -1097.9706 -1026.6124 -976.6744 -899.0832 -864.5018 -981.8789 -1045.2819 -1223.887 -1308.0127 -1416.5143 -1490.3812 -1562.1304 -1649.2422 -1763.7988 -1949.6471 -2206.4612 -2451.3855 -2641.595 -2813.3181 -2942.8425 -3071.4033 -3192.4429 -3280.573 -3378.6594 -3441.4021 -3452.9023 -3523.3813 -3624.1108 -3651.845 -3757.5767 -3879.0847 -3943.2148 -4022.3357 -4057.0625 -4104.0039 -4027.8271 -3946.4395 -4069.6372 -4304.5918 -4356.0488 -4162.4478 -4200.2446 -4051.9316 -4064.5352 -4097.9336 -3939.2712
-991.6492 -840.5806 -894.3934 -1140.4766 -1363.7595 -1294.7933 -974.3331 -745.9482 -600.3856 -570.0804 -587.796 -652.719 -855.8016 -1099.6276 -1160.0607 -1116.1213 -1003.3124 -1002.0122 -1076.8467 -1023.895 -977.6693 -899.8354 -791.4376 -883.972 -902.731 -989.1194 -1138.3091 -1165.2993 -1215.0117 -1281.5581 -1369.4429 -1473.401 -1588.5914 -1747.6606 -2100.791 -2344.9446 -2418.6863 -2546.3892 -2733.5962 -2900.4924 -2978.6294 -3078.656 -3233.9771 -3328.3296 -3390.229 -3451.781 -3490.6248 -3516.6497 -3733.9102 -3901.0356 -3897.8762 -3917.1951 -4081.5007 -4181.9351 -4112.1392 -4034.8867 -4010.7354 -4095.145 -4091.6404 -3597.4612 -3356.7837 -3673.803 -3952.1428 -4114.2407 -4015.8411
-1016.2466 -788.1512 -681.7143 -856.767 -1277.1686 -1443.584 -1371.89 -1212.5535 -907.4935 -728.5933 -659.5154 -681.0918 -935.0829 -1343.4727 -1469.2748 -1299.04 -1066.7131 -950.0749 -910.4018 -836.6526 -867.2228 -841.3655 -741.8919 -820.5384 -859.0344 -1013.7404 -1102.9911 -1092.4839 -1099.7456 -1143.0826 -1212.6758 -1296.3114 -1425.5056 -1577.1935 -1823.6776 -2068.7778 -2191.5725 -2276.991 -2416.0945 -2577.1992 -2639.1787 -2756.3782 -2969.2368 -3162.1216 -3313.6494 -3336.2031 -3296.9324 -3329.4597 -3573.1848 -3789.3413 -3699.5151 -3576.6292 -3882.0833 -4120.8867 -4095.4861 -4017.4346 -3856.8308 -3895.198 -3922.8367 -3413.7004 -2475.6216 -2659.905 -3394.6284 -3889.1531 -3827.887
-1061.4304 -857.7408 -753.7203 -788.0457 -1172.0509 -1462.6962 -1559.7191 -1568.8929 -1473.8092 -1325.5822 -1156.8873 -951.2024 -844.3273 -1243.6052 -1655.1241 -1708.7469 -1557.774 -1305.1143 -973.9846 -764.2366 -743.5817 -686.3323 -676.9132 -756.6906 -863.9714 -1029.4747 -1086.2561 -1132.973 -1042.5851 -976.7462 -1057.627 -1152.7855 -1259.1805 -1408.6982 -1571.0686 -1752.5254 -1907.2778 -2004.6907 -2024.0492 -2098.0366 -2279.3037 -2435.7781 -2547.311 -2756.2463 -3024.2493 -3186.6301 -3172.8865 -3225.6238 -3477.5095 -3691.498 -3588.8342 -3317.842 -3526.1509 -3926.6938 -4038.9443 -4027.0955 -3957.6028 -3965.4509 -3947.011 -3831.3499 -3408.1379 -3088.3376 -3414.1697 -3789.457 -3659.7229
-980.4356 -868.0905 -981.5635 -925.8765 -1068.089 -1344.2841 -1488.7273 -1542.3245 -1547.0151 -1519.325 -1497.7859 -1419.8519 -1395.9648 -1571.1113 -1737.5985 -1871.2028 -1970.5989 -1930.4818 -1798.8397 -1528.6279 -1121.8871 -745.1356 -647.7264 -697.4869 -807.1572 -963.5435 -1021.7433 -1101.2593 -1078.5265 -1019.8581 -1081.2302 -1131.8853 -1205.2509 -1295.1851 -1391.8319 -1536.0754 -1680.1727 -1739.4496 -1767.2401 -1853.3009 -1994.1608 -2052.9155 -2152.5269 -2435.8403 -2725.9541 -2914.302 -3022.4238 -3165.8435 -3321.1365 -3439.229 -3412.3958 -3178.1331 -3240.8809 -3622.9585 -3945.1492 -4029.4929 -4093.4646 -4113.9082 -4071.7498 -4073.7979 -4087.2402 -4103.2939 -4192.165 -4112.7578 -3809.6987
-1123.1418 -1055.7723 -1285.5913 -1243.6207 -1177.6301 -1217.655 -1182.2949 -1258.3228 -1385.6152 -1495.7831 -1472.9209 -1411.5817 -1405.1808 -1487.3711 -1598.8933 -1750.6266 -1920.3721 -2029.0876 -2166.0242 -2198.6816 -1928.7588 -1319.4579 -855.3416 -721.6809 -751.3674 -906.6287 -944.653 -1105.2261 -1139.8132 -1089.0344 -1144.686 -1140.0837 -1206.7845 -1304.3032 -1391.5291 -1508.0441 -1629.5 -1630.5551 -1665.6643 -1704.3003 -1750.9496 -1830.4683 -2044.3352 -2410.0515 -2700.5405 -2792.8071 -2861.4302 -2963.4338 -3037.2698 -3182.3601 -3219.5425 -3050.2397 -3211.4529 -3540.8669 -3810.6365 -3971.7861 -4107.5479 -4113.8745 -4067.9336 -4104.0596 -4132.7227 -4176.7324 -4250.2622 -4204.1323 -4056.2136
-1604.8175 -1553.37 -1570.0325 -1457.2742 -1328.5458 -1224.7627 -1054.7504 -926.8542 -956.3565 -1147.0465 -1139.111 -1050.4512 -925.7477 -826.9151 -904.2903 -1084.5679 -1268.4375 -1533.079 -1927.0612 -2282.5066 -2426.9126 -2212.5837 -1794.395 -1339.6759 -1032.3824 -976.8668 -944.8801 -1062.6721 -1133.5494 -1167.9983 -1225.4271 -1154.8442 -1184.3424 -1278.6147 -1381.8368 -1489.3167 -1574.8192 -1579.4497 -1619.5967 -1635.6825 -1621.3281 -1728.386 -1999.3403 -2318.6895 -2584.8855 -2663.6973 -2619.7644 -2702.0139 -2844.4971 -3007.5042 -3004.2 -2917.8809 -3248.7485 -3627.0127 -3729.1226 -3780.4348 -3966.0344 -4035.6194 -4049.781 -4069.9717 -4081.7502 -4072.9236 -4073.9019 -4125.2456 -4185.7227
-1787.1022 -1712.5398 -1626.2368 -1503.6628 -1396.79 -1289.8987 -1134.1735 -949.0738 -848.3226 -841.6611 -880.0415 -857.2887 -792.0997 -717.6225 -671.5319 -702.6042 -717.5612 -727.9913 -1026.6993 -1639.9692 -2214.5071 -2517.8792 -2556.5159 -2267.1116 -1806.803 -1297.4329 -1016.4689 -1032.252 -1047.9249 -1123.4346 -1222.0568 -1172.6113 -1201.3634 -1293.8157 -1368.7107 -1467.9326 -1545.8632 -1572.47 -1626.6581 -1687.6241 -1686.319 -1753.3478 -1957.8588 -2172.8843 -2376.0591 -2523.1086 -2575.2705 -2617.7935 -2680.5149 -2784.4971 -2789.1638 -2832.5432 -3295.6287 -3706.125 -3629.3091 -3544.1375 -3874.8945 -4101.3496 -4059.9968 -4017.0166 -4116.125 -4103.8218 -4062.0742 -4067.908 -4069.3306
-1848.5275 -1746.7476 -1652.0256 -1591.7632 -1522.8474 -1430.3501 -1321.2751 -1102.1826 -919.3562 -892.8203 -1008.4813 -1098.7728 -1134.1041 -1100.7755 -1007.7336 -971.5093 -931.0876 -698.8027 -521.9312 -759.2393 -1352.6907 -2147.6189 -2718.3518 -2769.2537 -2482.5125 -1755.2097 -1099.6149 -1034.4758 -1062.8705 -1127.8683 -1208.1604 -1265.1975 -1350.5415 -1401.4423 -1464.6355 -1587.1532 -1646.6266 -1618.5448 -1568.5428 -1701.4296 -1880.2103 -1962.8402 -2081.2744 -2187.7131 -2321.228 -2463.0176 -2593.3828 -2705.7131 -2733.0884 -2769.9697 -2826.4817 -2906.3357 -3302.4783 -3622.1367 -3553.3547 -3712.1919 -4045.6687 -4187.5669 -4157.0166 -4088.019 -4153.2261 -4148.2046 -4064.2493 -4014.6912 -3971.7754
-2021.5417 -1930.2633 -1839.498 -1771.8142 -1705.1298 -1643.6404 -1554.416 -1345.4692 -1136.3489 -1174.6327 -1386.3757 -1472.0492 -1507.2168 -1464.3749 -1357.5077 -1283.1251 -1266.4019 -1050.1575 -829.5343 -739.027 -864.7894 -1466.0818 -2369.7 -2810.9712 -2814.8499 -2294.7888 -1495.6124 -1164.6676 -1137.1987 -1215.2861 -1293.7864 -1402.3693 -1541.0757 -1596.1741 -1659.842 -1782.8799 -1871.9644 -1817.4458 -1716.7405 -1870.7976 -2148.5642 -2300.7109 -2479.6985 -2586.0342 -2594.2024 -2595.4827 -2654.9209 -2813.5825 -2875.6299 -2845.3003 -2848.2595 -2895.7397 -3182.8254 -3466.2864 -3655.3428 -4016.3909 -4180.7148 -4194.3057 -4210.6978 -4171.2539 -4094.8 -4048.7068 -3976.8293 -3937.1331 -3960.8071
-2208.1411 -2124.8853 -2042.9619 -1947.9401 -1891.4977 -1861.9919 -1787.6798 -1649.7715 -1504.4304 -1561.7915 -1791.3447 -1861.6343 -1845.1937 -1798.9987 -1705.3453 -1623.0172 -1644.7875 -1443.8267 -1210.7224 -1109.9556 -1101.123 -1187.3013 -1660.3124 -2233.6711 -2762.5293 -2871.6443 -2491.4575 -1936.976 -1470.6589 -1387.3295 -1490.8308 -1527.9078 -1652.1646 -1785.396 -1893.8635 -1996.6047 -2111.3701 -2151.4126 -2182.1484 -2311.1868 -2485.1985 -2636.231 -2839.0156 -2992.1257 -2998.3462 -2961.9338 -2982.0703 -3032.2542 -3014.9946 -2952.0518 -2954.6331 -2952.2532 -3079.4175 -3465.0234 -3830.0432 -3983.3384 -4034.4958 -4048.4678 -4060.4836 -4042.3391 -3990.491 -4007.3618 -3997.7847 -3976.1653 -3984.7781
-2449.6313 -2334.9985 -2190.6753 -2080.9778 -2024.3789 -2002.0149 -2003.0017 -1980.2544 -1879.0958 -1830.8623 -1989.5647 -2087.1948 -2064.3364 -2027.5051 -2013.6765 -1975.1416 -1933.6215 -1868.9763 -1621.0234 -1528.5824 -1488.598 -1446.7245 -1441.7876 -1584.2845 -2138.4985 -2663.5457 -2937.3435 -2861.6814 -2415.0581 -2035.6315 -1888.7966 -1776.5468 -1863.5535 -2027.392 -2168.719 -2226.6343 -2313.6707 -2452.3689 -2545.1895 -2652.7974 -2779.2869 -2865.866 -2968.0449 -3108.6328 -3266.9514 -3345.3474 -3327.5715 -3306.2588 -3248.9412 -3240.0295 -3317.8748 -3393.9792 -3520.0498 -3893.4153 -4118.9668 -4049.7419 -3919.4751 -3799.0652 -3738.804 -3640.136 -3696.5347 -3931.7019 -4060.4307 -4067.8979 -4040.3872
-2659.3076 -2481.1482 -2288.7883 -2174.9014 -2064.5608 -2043.6466 -2124.2351 -2196.0498 -2134.7051 -2119.9487 -2244.1169 -2321.5085 -2260.1604 -2147.6709 -2166.1992 -2258.0786 -2236.9453 -2297.2083 -2159.5791 -2051.9158 -1978.7793 -1925.4863 -1872.1124 -1775.3898 -1797.4879 -2017.1492 -2570.5649 -3088.9895 -3202.5674 -2936.1592 -2561.3911 -2201.6689 -2119.3291 -2267.8062 -2478.657 -2568.7458 -2575.3501 -2657.0398 -2745.885 -2833.8179 -2964.6533 -3049.5029 -3101.6851 -3235.8889 -3431.2966 -3541.7532 -3543.8718 -3532.6724 -3546.0244 -3663.7434 -3813.9099 -3960.835 -4076.0652 -4202.626 -4219.1914 -4073.1899 -3708.1953 -3504.5637 -3495.2739 -3471.1819 -3560.1052 -3874.0964 -4102.8862 -4141.7822 -4054.2012
-2591.092 -2392.9932 -2305.8208 -2255.2034 -2138.9875 -2130.0142 -2230.4092 -2338.5847 -2318.167 -2403.6953 -2517.7097 -2561.7905 -2518.813 -2388.2288 -2357.4375 -2503.0938 -2547.3713 -2618.793 -2627.2512 -2555.2139 -2479.5642 -2410.3982 -2325.0352 -2234.8188 -2112.0508 -1996.4928 -2223.9629 -2679.8062 -3101.9531 -3240.7722 -3150.7053 -2798.2966 -2413.4541 -2357.0571 -2662.1648 -2920.0554 -2945.4541 -2955.7446 -2990.21 -3001.2039 -3080.1523 -3203.3376 -3330.7861 -3450.3721 -3569.4375 -3661.5417 -3643.5413 -3611.4658 -3660.6858 -3830.6257 -4013.5815 -4121.8726 -4106.2495 -4159.6255 -4187.2349 -4042.7051 -3704.571 -3616.3486 -3651.5981 -3680.7041 -3695.8923 -3912.1245 -4182.3013 -4232.9683 -4052.4934
-2494.991 -2379.7683 -2376.2917 -2391.8599 -2363.9368 -2320.1438 -2346.5867 -2456.3171 -2473.416 -2602.2463 -2730.7866 -2730.594 -2744.9333 -2758.4922 -2727.5659 -2771.3879 -2806.3149 -2849.231 -2920.4141 -2859.7383 -2781.644 -2736.1763 -2632.0244 -2609.2974 -2522.9724 -2377.8916 -2388.8755 -2309.5332 -2504.48 -2909.1401 -3298.0032 -3314.626 -2925.3303 -2672.0637 -2945.6143 -3244.8787 -3275.4299 -3225.988 -3075.9932 -2942.1953 -3035.0195 -3256.8662 -3458.3157 -3546.4358 -3584.8171 -3669.6086 -3682.5586 -3649.1421 -3718.873 -3917.7527 -4075.4871 -4172.7622 -4101.8496 -4059.0615 -4105.8276 -4031.9355 -3939.0063 -3953.7253 -3931.6064 -3938.5144 -3944.072 -4065.667 -4161.5132 -4194.6958 -4024.8403
-2711.7422 -2648.3215 -2602.4495 -2571.9629 -2528.8206 -2470.5464 -2456.8254 -2577.6521 -2652.0544 -2773.355 -2883.52 -2874.5098 -2920.4395 -2984.8718 -2989.228 -3021.2158 -3074.3928 -3062.8718 -3112.8799 -3110.8813 -3043.8274 -3017.0654 -2978.9336 -2969.3174 -2850.7693 -2690.4624 -2679.4338 -2352.873 -2301.5535 -2691.0754 -3125.1335 -3442.917 -3473.8643 -3427.8337 -3546.792 -3597.01 -3481.1497 -3126.8713 -2421.4641 -2053.5757 -2438.2139 -3113.3384 -3554.9185 -3692.5479 -3690.0464 -3710.7019 -3749.657 -3820.4954 -3948.6755 -4047.2917 -4125.6069 -4185.2461 -4022.46 -3794.3003 -3832.3379 -3792.6279 -3750.8467 -3873.0078 -3973.3989 -4040.8538 -4054.3765 -4117.9849 -4114.0596 -4079.9639 -4014.5615
-2846.1484 -2785.7815 -2729.1775 -2649.9255 -2594.3899 -2622.9231 -2652.1184 -2731.9121 -2808.2507 -2919.2566 -2997.2241 -3006.0149 -3073.7598 -3134.5183 -3175.1086 -3210.4377 -3241.5583 -3207.7505 -3257.0544 -3320.5237 -3270.1125 -3241.7327 -3273.0337 -3249.6548 -3164.8247 -3099.9827 -3061.1511 -2752.0142 -2647.1667 -2863.4155 -3016.9861 -3202.6082 -3436.3271 -3691.3157 -3821.6831 -3848.8145 -3688.0139 -3007.4976 -1771.8954 -1072.6683 -1574.955 -2806.1448 -3662.3574 -3892.1685 -3868.197 -3824.3484 -3878.4431 -3981.7991 -4047.8098 -4030.9487 -4063.1304 -4037.9814 -3832.6548 -3543.8301 -3569.3662 -3660.115 -3715.1816 -3894.4141 -4047.0244 -4130.5835 -4141.9307 -4112.1548 -4082.9753 -3949.4226 -3912.042
-2792.4358 -2749.8494 -2725.7488 -2668.7666 -2625.2981 -2681.5457 -2760.8757 -2837.0093 -2905.835 -3001.0647 -3080.1047 -3100.1563 -3143.1052 -3261.1196 -3322.2935 -3326.5178 -3321.7092 -3304.4971 -3427.8572 -3453.8352 -3404.9397 -3403.8306 -3444.4978 -3436.082 -3385.9734 -3402.2395 -3381.9751 -3241.6377 -3177.0642 -3224.3877 -3188.3628 -3126.5237 -3155.9004 -3371.5022 -3571.7805 -3792.385 -3867.8372 -3541.4731 -2759.5723 -2056.4536 -2131.606 -3002.6343 -3738.2686 -3910.1926 -3848.2048 -3787.4497 -3842.2393 -3989.7739 -4070.9314 -4017.644 -3915.3025 -3787.7083 -3655.9888 -3533.7419 -3632.9688 -3879.408 -4069.8706 -4172.6484 -4182.2354 -4174.499 -4151.5762 -4090.7505 -4060.3669 -3980.8975 -3894.998
-2802.2183 -2720.825 -2683.8621 -2680.9883 -2659.8726 -2699.9731 -2804.5129 -2906.2168 -2972.2559 -3047.5815 -3141.6792 -3164.9133 -3170.6682 -3354.4778 -3441.0862 -3434.7742 -3420.3196 -3378.4985 -3557.8538 -3558.2031 -3521.9766 -3551.7239 -3563.5347 -3558.0662 -3544.4451 -3575.094 -3515.6584 -3474.6362 -3499.4165 -3544.031 -3492.7441 -3409.0337 -3330.0649 -3329.1201 -3415.2322 -3629.9492 -3872.304 -3962.8997 -3859.6426 -3625.8738 -3514.4839 -3667.79 -3859.0103 -3894.7739 -3805.5059 -3593.804 -3386.3306 -3569.0618 -3900.6555 -3966.7563 -3865.7695 -3859.9304 -3892.9834 -3891.5796 -3957.3105 -4084.3298 -4138.5039 -4113.1196 -4080.5161 -4059.8098 -4061.374 -4007.1833 -3954.5837 -3985.2083 -3933.8909
-3041.4863 -2910.0247 -2818.6077 -2814.3494 -2790.1785 -2772.5898 -2849.6487 -2939.0632 -2979.0959 -3017.2175 -3131.0117 -3215.6738 -3258.1743 -3425.2981 -3502.5286 -3500.3853 -3534.4878 -3542.0535 -3699.9644 -3699.2302 -3627.377 -3662.6089 -3637.5735 -3648.4136 -3662.616 -3661.4077 -3583.6223 -3595.6633 -3655.5293 -3697.386 -3671.8157 -3674.8831 -3660.2473 -3622.8857 -3588.7502 -3642.271 -3823.8342 -3985.1238 -4079.4275 -4106.9883 -4078.3611 -4034.0513 -4004.7568 -3986.5547 -3891.5562 -3611.5151 -3190.406 -3139.2258 -3532.9197 -3837.0234 -3930.2559 -4057.5747 -4157.146 -4142.3076 -4111.0059 -4110.1499 -4082.1387 -3947.8262 -3841.741 -3761.8264 -3754.5793 -3653.9314 -3602.2273 -3845.6226 -3897.0481
-3192.9456 -3143.4458 -3070.6318 -2999.083 -2956.1067 -2942.7661 -2967.3286 -2946.1189 -2871.7688 -2898.5369 -3074.0168 -3238.6611 -3323.3794 -3433.2422 -3527.6248 -3542.6025 -3615.803 -3704.3135 -3834.4961 -3829.8093 -3744.8188 -3766.3435 -3697.4426 -3691.782 -3711.95 -3687.8989 -3664.3669 -3731.0947 -3779.9324 -3808.5295 -3837.2107 -3856.7644 -3847.4019 -3841.4421 -3809.5469 -3811.3096 -3899.9934 -4030.4612 -4101.6733 -4120.1348 -4124.9019 -4109.75 -4096.52 -4086.6484 -3999.4248 -3887.6655 -3706.3372 -3534.2791 -3654.2612 -3886.0334 -4010.052 -4095.9834 -4139.9492 -4130.8574 -4145.0405 -4142.8882 -4127.5166 -3965.6787 -3768.4465 -3555.5999 -3433.4924 -3308.3423 -3277.0088 -3636.3042 -3718.0845
-3203.0281 -3203.8596 -3162.7336 -3049.3479 -3021.9363 -3073.4197 -3086.5647 -2981.8552 -2866.6919 -2951.7168 -3117.2979 -3242.9709 -3306.5095 -3390.9094 -3532.8582 -3603.9727 -3642.6782 -3745.6663 -3857.5273 -3861.7571 -3839.5151 -3833.3042 -3753.3748 -3755.875 -3752.9443 -3738.7021 -3810.2209 -3866.8228 -3861.7974 -3867.6506 -3879.9048 -3918.7178 -3963.27 -3933.833 -3889.6113 -3905.2004 -3974.9568 -4087.1792 -4118.4429 -4127.1021 -4137.7212 -4128.8779 -4120.7505 -4103.0674 -4056.8018 -4052.9832 -4076.7327 -4056.8486 -4045.3137 -4067.1787 -4112.7373 -4130.1304 -4043.24 -3932.0266 -4059.6726 -4174.334 -4226.0376 -4125.3159 -3933.6501 -3755.115 -3590.8374 -3416.9583 -3298.4241 -3450.6243 -3455.4485
-3254.0503 -3197.9558 -3171.738 -3127.0056 -3140.3115 -3106.7915 -3074.7888 -3065.8477 -3090.1858 -3158.7522 -3191.4851 -3251.8862 -3339.9194 -3481.4363 -3613.2258 -3670.8687 -3678.7407 -3767.5166 -3811.5427 -3845.3884 -3868.9116 -3865.2449 -3809.7954 -3848.0093 -3855.9153 -3887.238 -3998.8396 -3967.0403 -3920.5034 -3946.4868 -3958.325 -4003.6384 -4001.5535 -3892.0493 -3850.2231 -3913.5903 -3974.1692 -4057.1785 -4100.0747 -4116.7856 -4146.9814 -4146.125 -4127.2598 -4113.4741 -4113.1011 -4111.7856 -4132.4653 -4153.0986 -4124.4653 -4104.0742 -4130.3105 -4125.4116 -3928.8459 -3537.2446 -3663.4819 -3983.5164 -4167.0225 -4154.0596 -4030.9553 -3951.5073 -3813.3052 -3611.0317 -3465.071 -3443.4326 -3507.2251
-3324.7766 -3205.4001 -3188.5037 -3231.8411 -3274.261 -3185.95 -3125.0339 -3124.917 -3197.6638 -3286.1016 -3255.7026 -3322.2681 -3496.1748 -3706.5916 -3777.7852 -3727.8252 -3718.498 -3817.1785 -3851.6567 -3857.625 -3832.7559 -3890.4646 -3903.0669 -3931.0066 -3961.6506 -4016.1096 -4090.0945 -4027.7808 -3995.7305 -4039.7661 -4049.4778 -4077.4949 -4005.3877 -3910.1858 -3970.5276 -4051.4617 -4030.9731 -4033.6514 -4082.8762 -4125.0269 -4154.8604 -4147.4287 -4133.1318 -4129.8711 -4138.7666 -4135.9434 -4163.8359 -4180.377 -4145.2397 -4123.6772 -4124.6704 -4095.0566 -3936.0713 -3547.2 -3574.7678 -3828.7407 -3993.9192 -4059.9087 -4015.9622 -3907.2766 -3772.1284 -3670.929 -3613.0476 -3576.3508 -3663.4319
-3482.5906 -3388.916 -3343.616 -3340.8208 -3364.1729 -3348.6909 -3282.3291 -3098.7878 -3106.3818 -3386.0637 -3445.7522 -3494.7517 -3660.9282 -3880.5168 -3910.4099 -3797.2637 -3725.7483 -3817.9631 -3889.874 -3864.2195 -3853.2075 -3941.3196 -3988.3518 -3965.7778 -4003.23 -4058.6216 -4082.8826 -4067.1003 -4071.9812 -4085.5679 -4054.8364 -4085.9187 -4067.4905 -4044.4172 -4091.1809 -4098.6938 -4048.9771 -4040.303 -4070.6167 -4069.9707 -4052.8601 -4058.4373 -4086.9763 -4127.5449 -4122.4834 -4042.0393 -4079.2927 -4182.0645 -4194.3442 -4161.5166 -4126.3301 -4071.5664 -3998.1938 -3877.1501 -3864.5869 -3887.2693 -3890.4248 -3986.6609 -3971.8789 -3775.041 -3699.9297 -3714.9089 -3684.5486 -3625.2561 -3636.3276
-3709.6104 -3685.9512 -3641.2896 -3581.4829 -3534.6665 -3551.4351 -3518.1858 -3385.8376 -3388.4507 -3629.7627 -3675.0898 -3504.8738 -3448.5408 -3833.3491 -3975.8162 -3909.761 -3822.28 -3832.0957 -3883.6401 -3922.2893 -3977.3489 -4026.949 -4068.8113 -4057.5186 -4075.7871 -4080.5603 -4043.373 -4057.6309 -4088.813 -4125.3286 -4127.5181 -4139.7134 -4141.2939 -4123.3604 -4090.9299 -4054.3159 -4026.8972 -4035.209 -4061.2158 -3991.5923 -3886.6321 -3872.4851 -3886.7498 -3949.627 -4001.4036 -3753.2805 -3662.8208 -3981.1501 -4169.0073 -4154.4043 -4126.6577 -4121.4736 -4084.9932 -4040.8848 -4010.4863 -3965.6545 -3897.5493 -3900.7253 -3815.1409 -3723.7522 -3684.9871 -3634.7856 -3592.7595 -3556.0962 -3552.5002
