Resources/Map/Lvl0_30x30/Ele_BG.asc
ncols         335
nrows         335
xllcorner     55000
yllcorner     3325000
cellsize      10000
nodata_value  -99999.0
[rows 84 to 111 of 335, columns 256 to 319 of 335]
151.8958 155.2233 145.1868 161.4184 149.6616 160.1713 164.713 156.5258 167.31 148.9493 152.6183 152.1218 153.7873 154.7197 154.5654 155.7119 149.5845 152.6002 139.2096 139.9913 136.1053 137.0236 135.0721 136.0253 141.2288 152.0059 142.2976 155.2139 156.7396 148.3949 146.617 152.1397 143.0033 147.353 147.2413 148.078 132.8428 144.6818 138.4947 134.9906 129.5206 126.7986 127.3577 132.0097 136.2448 139.2776 128.6371 129.5171 129.6995 127.7113 126.0241 137.533 139.1967 143.6193 148.5414 140.756 135.0591 141.9211 124.9518 113.0442 120.1888 125.2663 128.4202 121.9157
137.442 120.9035 144.7598 149.7845 135.8841 131.6519 135.83 139.9465 143.7791 135.8754 136.472 144.2539 139.0492 148.6874 147.3935 148.7246 141.6236 151.9693 139.7289 152.0646 160.7433 153.1271 161.3418 139.7932 143.0739 155.2069 131.957 137.158 146.3267 135.2436 137.6095 136.2078 136.2722 131.9998 126.2905 132.6521 136.6573 136.9141 128.8402 134.4227 136.9769 123.0464 127.7686 121.9925 125.1993 129.3382 124.3424 133.9461 131.3176 131.6191 143.5261 139.9954 134.0555 131.3121 124.1144 132.6059 121.5767 114.2748 127.3809 116.474 114.3818 124.4989 119.2156 123.2822
126.3828 135.3259 124.2661 140.0691 155.4591 137.0234 139.6402 139.9867 140.959 138.2166 133.5511 141.5018 137.7047 145.7513 148.1116 142.8546 142.5506 141.7189 145.6989 144.9973 146.1652 154.2018 156.6093 147.3925 165.6811 163.5291 151.7986 149.8683 138.3053 131.5875 130.4783 128.9032 136.5011 127.35 123.1323 122.4848 125.6756 122.9327 119.917 120.6062 118.5571 118.1364 124.9738 117.3425 126.5409 127.796 119.3339 134.4511 128.3963 120.5062 128.8985 132.1998 143.5914 141.6778 124.0333 131.6068 120.0186 117.9925 112.0225 114.5702 114.996 115.8754 117.3754 116.9953
123.377 131.3948 134.3611 136.9315 131.8022 133.3071 134.9094 140.1364 147.084 139.5751 141.7261 144.7562 148.3632 146.6183 145.4179 144.8799 137.9147 142.7694 140.9358 143.7051 142.4819 139.2609 139.4573 138.604 131.9333 141.1904 149.329 145.9821 138.0838 131.1712 134.8753 131.7923 131.6495 127.2244 125.0007 129.1067 130.1989 133.6919 133.0262 128.0995 126.3773 124.1304 118.0259 114.9431 116.5495 114.0903 112.5183 113.8625 116.7866 116.3877 122.5705 120.3508 117.6834 114.3828 121.818 120.7631 117.4713 111.2887 114.8063 109.6382 109.49 114.737 122.041 118.0161
140.1647 128.5598 126.4412 142.5492 143.2923 139.0939 146.1115 148.1988 145.8125 142.4311 139.8535 150.6315 147.2393 146.6136 144.1035 139.803 136.8326 142.1355 145.8084 137.4624 138.9867 138.7717 135.4809 132.0626 138.628 137.2939 143.6369 141.9568 132.7405 134.2145 135.4846 131.1291 131.0924 131.0876 132.5543 131.26 129.5907 130.838 137.1688 126.4761 122.7675 124.6211 122.9389 119.9236 112.0811 112.2967 115.8091 115.2033 120.3092 119.58 117.8161 118.3117 125.4366 123.7876 117.8192 117.1969 134.238 132.857 142.8086 148.7046 162.9384 140.7153 141.2696 158.7342
139.3718 137.3723 139.0236 163.133 163.9874 163.9835 147.0081 161.5611 156.6714 148.2607 146.387 150.9742 153.7929 148.5195 154.9994 148.3262 150.1665 146.0767 138.8819 146.9373 146.0074 138.9413 146.9856 144.5172 145.5527 138.1574 136.8772 129.7425 132.5133 133.2715 135.9915 135.2678 131.3524 131.5332 133.1831 129.7348 150.7557 142.3215 131.9886 132.4453 130.9728 133.1175 132.7081 128.6125 123.4302 124.1279 123.766 123.799 129.9093 129.2965 130.7453 132.4485 137.6263 137.9271 137.1871 124.4852 139.856 152.3658 155.2711 148.8497 146.8579 143.7351 154.0988 150.5084
145.7144 145.7705 152.3601 162.7984 165.0374 170.5578 158.2485 158.2596 152.3907 156.2909 150.7492 150.7135 152.7258 152.4453 150.2293 140.2012 142.9771 147.6795 146.247 142.2175 145.2931 138.4173 138.3593 141.662 137.948 137.2041 140.7474 137.3377 142.6085 141.4254 133.3049 139.4676 153.6058 161.9914 148.5622 145.0228 138.4694 135.6273 141.3985 139.936 135.8579 127.6522 126.4253 127.8147 127.919 128.1062 138.2885 154.8694 155.1615 159.8767 156.7257 161.7266 152.6331 149.6838 132.3559 134.9982 153.8468 141.4662 137.5961 135.1958 147.7379 140.738 142.0933 148.1867
148.1045 149.3497 156.0113 158.6636 151.0751 155.161 153.9965 160.7039 160.6933 162.068 155.1045 154.2032 157.6314 154.9863 144.9395 148.0909 155.6796 147.2147 147.1633 141.653 145.1352 154.7937 151.0596 143.9933 145.2908 164.6487 151.0632 149.8367 140.0389 147.6308 152.717 140.8457 152.5166 151.9159 151.1497 131.0876 136.5045 141.6303 143.8688 137.3013 136.4353 143.5802 133.1461 132.2698 132.8394 136.0999 150.2218 153.2469 149.3547 151.3754 156.1948 151.7956 139.4255 137.1863 146.5797 139.8139 128.1601 123.0591 129.0907 125.9767 126.4519 132.075 135.048 134.0101
148.5972 163.7999 154.7388 163.7066 161.3357 157.2936 162.0843 168.286 159.3755 155.9006 154.5024 148.9958 154.0487 163.981 150.6846 153.9237 150.0775 152.5097 150.4319 152.9876 148.4582 154.2187 164.7216 152.5683 151.1247 154.0656 145.291 154.2222 140.7 152.6855 148.3248 147.5134 145.3188 153.5097 141.2969 139.8062 144.5276 146.1652 142.5861 143.3864 142.8562 137.7832 129.9618 136.0237 130.3555 134.988 141.0445 144.6968 137.8669 136.4926 150.0768 145.3299 141.4355 134.7896 143.8113 149.2798 149.8006 141.2509 138.3689 134.704 130.8738 123.806 125.0658 114.4559
160.311 170.3104 167.4974 162.2834 167.6431 170.5035 171.3894 170.1818 162.198 154.7072 161.4911 154.0293 157.0965 158.55 150.4252 156.6168 163.2051 178.3793 164.27 153.8797 151.3398 156.3311 166.7608 164.9818 161.1408 164.9737 148.8206 151.7402 159.5643 154.2213 159.5906 173.0885 168.8226 148.8026 136.2699 134.6263 152.2978 152.2277 145.5335 138.6263 137.9492 142.6841 145.4435 141.8413 134.9067 146.0769 156.2381 147.4524 142.4361 144.3231 151.3857 152.4624 144.4406 146.1744 147.9702 149.0585 151.8373 144.6986 144.534 145.6103 136.5868 139.5291 133.0435 135.2125
161.5926 164.9722 171.3281 161.2067 165.6564 175.9433 167.7682 162.5529 165.2756 175.7271 172.0862 164.8036 169.4356 159.2769 159.582 165.4384 186.1702 185.4737 166.5625 154.025 160.1763 166.0975 182.2054 162.1844 162.3297 162.8896 155.8921 163.8153 156.3569 160.0926 161.9652 156.5414 161.6983 156.2161 141.3477 145.3034 158.7891 154.3893 145.5203 146.4581 147.1954 147.8701 148.782 146.2768 158.3987 157.5841 161.041 168.9685 162.1449 165.5381 166.0597 170.1588 170.7379 169.3499 159.2306 162.0907 149.5368 160.3551 150.8993 153.0775 155.0988 153.1925 157.7362 162.0201
172.3694 162.2175 162.1814 161.6226 166.2903 166.9626 174.4126 190.9423 178.9361 185.7912 171.2336 167.1612 174.5151 161.2282 156.3138 164.8724 160.8367 168.2631 165.1405 164.4708 165.8048 161.3629 168.1766 176.6313 174.1825 176.1701 164.4724 167.3096 165.909 173.5317 165.0208 166.3637 149.4391 160.6862 153.5164 149.382 163.665 158.4116 149.2247 168.0471 160.9459 155.3672 153.9165 162.5838 165.6783 176.4867 177.9127 176.6235 168.8072 170.5702 173.2001 204.7427 277.1933 223.5396 201.5065 197.4402 192.1501 192.856 172.341 180.8816 169.4247 145.3747 157.4074 166.3892
218.3774 166.4452 163.9922 180.9019 188.5681 198.773 197.1127 186.2795 172.65 194.8271 177.0309 173.0408 169.0581 172.4436 166.7344 172.2103 184.7163 173.0478 176.9015 159.0704 176.0234 183.8338 193.8355 189.7288 188.5108 168.9376 156.2836 173.8852 181.1006 151.4898 154.1066 148.3981 164.6613 154.4941 154.7323 153.3511 156.1405 160.4542 173.8506 186.9357 172.6047 160.3463 166.0794 174.9957 181.3347 190.8443 195.1699 172.7701 188.95 185.4781 189.0983 198.1677 206.1704 230.4178 198.3103 180.9094 188.7582 180.808 146.0122 136.8199 138.9142 138.5791 149.3749 155.2486
169.3599 172.3704 178.3157 172.9185 174.1558 178.7986 182.5221 190.9877 182.2982 198.3847 197.2989 189.3033 182.9148 168.5783 173.9336 179.3247 176.556 172.7695 171.0152 164.0171 172.4164 183.5674 182.9712 172.2123 169.4158 166.3524 168.0446 163.0265 174.965 160.5307 163.6613 153.6188 174.1922 165.4497 167.1147 162.1829 159.1707 172.7531 175.5559 175.872 177.657 178.7488 178.254 189.4702 193.0713 176.7898 176.4831 185.1114 189.3431 188.4486 181.3336 173.938 184.81 191.746 186.7861 177.5068 173.4157 179.4706 167.8167 160.0926 146.227 140.2048 134.7391 139.0648
186.3921 167.4383 170.9751 167.3244 178.2376 181.7639 176.2063 179.2048 199.0811 186.8843 182.2204 175.505 174.335 184.6796 177.4756 181.2721 192.0428 172.1818 185.0592 178.9584 181.9551 174.1408 176.6466 170.7194 167.3022 171.6504 162.9604 176.7671 179.3197 171.2876 165.6685 160.7999 168.4799 171.0284 162.7537 170.1248 162.2377 172.5475 180.1259 192.552 180.6751 177.6463 182.8767 187.6288 191.7448 186.7498 199.3079 207.1528 197.454 186.31 185.3382 182.4462 182.2064 181.6595 194.8591 174.6838 170.5494 157.4431 164.9691 142.4178 148.7671 156.9003 158.2746 158.8406
199.3301 194.7928 181.1506 180.488 186.3529 180.7992 190.7377 197.7397 191.7813 191.6973 186.048 191.1299 191.0141 191.8726 184.6069 183.0566 178.9971 174.4231 172.5903 173.0299 169.9594 172.3382 164.4435 172.8372 177.8909 190.5865 169.4935 167.4435 179.5434 190.704 187.6281 163.8874 169.1681 179.3463 172.1413 169.6741 166.9287 168.9976 182.8108 197.3941 192.4276 194.5396 200.8693 188.6039 191.8302 190.0948 179.8714 197.1922 198.7421 199.7621 190.2495 195.0563 188.9444 195.4156 189.4907 202.9715 194.7347 177.313 157.8746 164.9868 165.7036 157.2423 173.2657 165.1086
249.368 231.2978 212.0924 201.1885 202.1862 172.8602 179.1568 185.4497 195.8117 199.6977 192.1168 202.0713 215.1332 201.3586 191.1196 189.6725 186.4267 184.5902 186.418 181.4472 193.8759 185.5059 191.4517 202.9186 193.1621 202.3977 191.1039 187.1673 181.2987 190.667 171.2078 171.3515 186.434 177.3847 184.7142 175.8794 168.1605 169.0193 180.1321 191.4794 204.5035 212.2316 211.9978 203.9111 204.0547 189.69 184.9168 188.6907 201.7688 202.7949 197.6653 203.2261 193.2515 199.8325 190.8746 186.276 185.0543 174.8316 169.4845 167.7059 179.8065 174.8339 167.126 165.8973
243.728 242.5083 217.7075 202.5957 194.8749 193.4772 190.837 184.3679 196.0579 194.8928 208.9907 218.0136 228.1461 217.4387 221.1402 210.9742 206.0635 206.8367 191.4333 181.5374 188.0098 194.4813 190.8779 205.8466 206.9988 202.088 186.4787 174.0353 162.7771 188.0101 192.1346 177.0211 197.7252 180.7539 199.1617 195.5011 191.7771 192.3283 174.2121 189.7672 204.6995 191.1026 209.4397 204.9607 206.4885 200.7385 201.6835 190.9173 194.7539 203.6687 194.4282 192.2529 191.3008 199.9106 195.7857 185.5387 191.3297 184.5637 180.1189 173.2482 169.5066 175.824 175.8792 167.1749
228.0645 206.0442 206.3008 204.3196 192.5548 178.9469 209.2536 208.0818 231.3921 202.5251 218.254 217.3441 226.9257 239.4662 244.5687 228.5956 223.0097 212.0466 227.8478 201.4635 194.2741 211.5833 219.3395 219.4588 222.5287 194.9163 202.1701 172.4625 191.0239 169.7271 209.9955 197.9893 190.4082 201.636 201.0642 212.9341 207.1755 196.7145 185.2846 193.1792 206.2351 195.7249 208.001 202.4168 202.5034 201.3386 220.8642 200.8047 200.451 204.0573 196.0703 194.8225 211.2382 206.4883 210.5358 193.3176 194.3823 184.7583 179.5013 180.3638 174.9345 163.3454 152.2977 159.403
217.8584 180.1707 188.023 207.0316 193.1754 191.846 182.8127 187.5624 211.3003 206.1709 207.104 231.4409 221.0564 241.1912 231.5237 217.9126 209.3243 214.9601 206.2057 214.0754 188.7295 197.7243 211.1749 222.8457 224.7584 207.6226 203.2402 178.2278 216.1942 199.2579 188.8448 205.9606 216.877 182.2509 182.7655 214.7534 214.6358 206.9985 210.969 216.1981 210.629 197.6165 205.9138 198.7383 187.9918 202.049 198.2814 207.641 219.8436 214.0112 207.2604 212.6319 220.4063 219.099 209.6962 190.3486 196.1915 191.5648 185.7983 186.7754 181.4176 184.6055 172.617 173.2029
230.163 220.7666 202.1238 228.526 238.2375 231.0789 205.5335 207.7749 186.6761 217.2943 229.6717 219.6789 232.6044 222.3849 245.2145 230.9387 212.7532 221.4746 221.3505 220.2426 189.9932 211.4965 234.5412 212.5106 247.4719 213.6095 196.4535 219.8885 223.9229 224.7615 198.4578 209.6642 236.1265 210.5264 183.9137 188.7687 218.1622 226.0442 224.5187 207.2761 212.047 214.5306 213.6626 210.9638 203.1651 200.8786 202.061 210.9592 200.2958 202.6113 214.5799 215.1684 216.8926 216.4191 206.718 205.9426 205.9289 194.5571 195.8381 206.6086 198.0591 186.2425 189.7894 175.0204
246.8777 250.601 204.4336 210.5475 237.5546 224.8129 231.3364 215.0227 199.5122 213.5973 216.5018 248.1298 241.3231 225.2893 216.6458 209.5988 233.0755 215.9756 212.1993 186.962 184.5282 212.178 188.0829 191.6969 194.4086 222.5992 235.2503 195.1354 226.65 226.2788 199.7475 207.7175 241.5056 194.013 195.2708 237.7119 237.1654 229.6098 216.1882 210.3381 217.8819 231.2591 228.4913 213.0422 213.2491 214.857 215.4468 197.9351 204.61 214.627 207.5973 212.2656 209.2095 222.7682 218.3755 219.6327 217.3022 208.1445 212.163 202.4098 184.247 179.7831 181.1938 172.4947
266.4832 227.5676 212.925 202.5886 195.7897 195.0367 200.638 200.1948 193.6856 204.6019 216.351 230.1754 240.0493 240.117 241.323 237.0013 240.8018 227.3002 197.8855 217.1935 207.353 240.1996 299.1613 232.2989 199.0247 209.589 284.7733 270.6473 264.8712 264.5185 221.5327 243.1008 239.4118 199.4755 203.2809 233.2102 233.2072 218.4337 214.3217 236.631 224.51 213.0202 231.2899 222.2306 219.4644 216.8426 215.508 204.401 209.5076 227.9322 223.3851 214.446 221.5708 233.7306 225.4935 214.7973 222.0455 225.8992 221.4294 204.2677 192.4412 184.3833 188.7668 163.5996
260.2819 232.4484 219.2589 205.7012 204.9118 207.2686 201.4256 193.9121 192.2113 202.4203 219.7311 226.8239 234.2225 236.8472 227.3678 221.8113 203.1801 199.5956 205.3575 200.394 214.8507 228.4232 247.0089 204.5603 203.7319 201.5931 262.8193 249.5349 258.5541 258.8853 237.1485 230.4187 212.2497 202.9309 196.9527 215.7175 214.7027 215.1993 225.6323 248.5219 245.5317 242.4323 230.7783 233.1454 231.4496 231.6845 210.1403 211.1725 223.1842 240.4124 229.2933 229.0857 228.6882 227.389 223.4513 224.6793 214.4394 214.0471 223.5225 202.976 191.1919 178.9219 195.1808 186.7081
269.9362 303.138 219.5403 209.9293 210.0488 202.5642 202.4355 211.4294 203.5177 203.8748 213.4389 218.2809 225.6348 219.6909 214.9845 215.0661 213.652 216.9291 203.1124 224.0738 209.2448 232.9427 220.8833 225.1601 200.4703 232.1239 257.1922 261.9671 280.2688 245.6202 238.5879 226.1893 223.0138 212.2843 222.9956 224.9192 244.2292 225.3078 234.4219 236.9229 251.9866 254.1563 251.5477 250 254.2893 233.9199 220.6899 223.4641 237.49 246.6714 235.256 228.557 230.5204 218.5061 222.0019 202.0243 199.6052 224.6339 197.5708 202.9412 204.6978 189.0711 207.0011 205.0013
355.6871 303.869 240.2864 224.3861 223.7323 216.0506 212.0129 212.4906 217.5784 204.1112 210.0568 226.8812 231.5599 209.0098 227.0786 228.1299 223.7233 221.1029 226.3065 224.3605 222.8598 243.3334 261.4711 247.4116 251.9132 360.7444 327.9825 297.6697 268.9441 235.8777 258.9084 267.4586 276.8299 273.2231 280.176 262.2148 246.5398 244.6703 275.1124 278.2942 286.2393 278.0094 265.5432 257.3006 232.3271 250.1225 221.7441 235.6488 254.5184 241.376 241.2278 236.3134 227.8607 250.3811 242.3856 229.2509 230.333 217.3485 228.3931 225.445 227.2461 228.4342 229.45 223.4331
330.2514 341.904 336.4692 285.0084 323.8092 235.2325 244.6583 242.4002 238.0661 223.5373 223.2737 217.191 228.0123 239.5929 236.2078 224.99 240.0814 231.8448 248.6464 263.7378 296.3932 302.5289 294.4622 241.3919 284.9404 311.7558 287.2692 260.7439 270.7191 280.0837 274.2014 270.9974 252.0812 242.7014 254.5451 240.9261 241.8198 262.3913 284.4843 276.2139 276.046 267.8783 259.935 238.7818 258.4033 254.9526 222.5928 238.7547 267.8717 255.8776 258.4725 239.2911 256.9157 252.5248 229.9406 221.9753 241.7264 233.02 233.7154 232.2999 233.4552 217.5488 226.0519 228.765
265.5164 315.8896 329.9899 325.5565 324.2459 295.2054 252.7149 240.8105 243.2734 241.3901 242.3398 220.973 215.8495 221.4523 233.8694 303.2502 331.1705 317.3322 347.4816 359.8785 355.1291 341.4272 317.1013 335.3405 340.4346 327.3517 295.6754 292.0006 270.8566 271.8193 252.874 254.5289 253.8666 270.0815 273.9375 270.6986 264.0554 265.5357 267.8502 262.6122 277.2652 259.4737 276.6256 262.8977 253.7691 248.6452 242.6397 225.1696 238.6164 251.4322 252.8949 236.1411 255.8832 263.9231 252.9516 243.763 245.5561 256.4718 253.1229 236.9609 231.8282 236.1155 232.4846 233.9882
