Resources/Map/Lvl0_30x30/Ele_AC.asc
ncols         335
nrows         335
xllcorner     -13345000
yllcorner     6675000
cellsize      10000
nodata_value  -99999.0
[rows 84 to 111 of 335, columns 244 to 304 of 335]
-562.2013 -548.9036 -534.4944 -520.0729 -507.2985 -497.2057 -489.1232 -482.2331 -476.4163 -471.227 -466.4166 -462.6763 -458.789 -454.4224 -448.9225 -443.4104 -437.4436 -432.7951 -429.3042 -426.5708 -423.5865 -420.9081 -416.9421 -412.5409 -408.4204 -406.0155 -403.8895 -401.1553 -398.9993 -396.3768 -394.9387 -393.168 -391.1914 -389.509 -387.874 -386.9391 -388.286 -393.2136 -401.7068 -417.0275 -442.062 -475.0533 -502.7247 -512.1191 -511.379 -503.6786 -490.9648 -474.5026 -459.3315 -453.6378 -458.0032 -468.4281 -480.2655 -487.8835 -489.8154 -486.7164 -481.3613 -473.2536 -463.7162 -453.2647 -442.0713
-537.1661 -525.0623 -514.5121 -505.8979 -498.9645 -492.6855 -486.5533 -480.8399 -474.7245 -467.7963 -459.9409 -453.4574 -449.4177 -446.793 -442.8444 -435.9609 -427.3372 -419.3202 -413.5427 -407.494 -401.0278 -393.2603 -386.3742 -381.879 -380.5105 -380.9126 -382.305 -383.6457 -384.3086 -384.575 -384.0367 -381.9311 -377.6125 -372.8738 -369.7682 -367.4362 -367.8748 -369.9613 -373.4318 -377.7299 -381.7957 -385.3548 -387.001 -385.1825 -379.625 -371.9264 -363.3334 -355.2534 -350.6928 -352.3899 -359.4475 -368.652 -378.5585 -387.6578 -395.6954 -401.438 -405.4852 -406.5287 -405.0109 -401.156 -394.8625
-492.2866 -482.5723 -472.8123 -463.8999 -456.2927 -450.1581 -446.101 -443.855 -441.7513 -438.9225 -434.8896 -431.0156 -428.5427 -426.9877 -424.0164 -417.2538 -409.6277 -402.547 -399.3234 -395.2449 -387.8669 -378.606 -370.3628 -364.6178 -360.9171 -360.3318 -361.494 -363.1794 -362.5312 -360.8061 -357.7501 -353.1685 -346.3562 -339.3516 -334.0565 -330.723 -330.1432 -331.5358 -333.3341 -336.1829 -339.2074 -341.9927 -344.9254 -347.8083 -350.3128 -351.8724 -352.648 -353.5726 -355.1956 -357.6103 -360.979 -365.2864 -370.7713 -376.49 -382.2141 -387.8751 -392.7309 -395.6033 -396.3091 -395.1414 -390.5665
-384.5776 -381.6005 -378.1864 -375.0478 -372.1136 -370.1475 -371.0748 -374.5866 -378.5004 -381.1767 -382.1664 -381.581 -379.527 -376.2043 -371.3127 -366.5444 -363.188 -361.4382 -361.902 -361.0968 -356.743 -350.3564 -343.757 -335.9377 -328.4825 -322.9594 -319.2892 -315.9258 -310.7931 -305.5394 -301.0343 -297.1326 -294.6886 -292.6141 -290.869 -289.9214 -290.2588 -291.6306 -293.1591 -295.1758 -298.3512 -301.0146 -304.3297 -308.4252 -312.9224 -317.2397 -321.0921 -324.6266 -328.3887 -332.6342 -337.4623 -343.102 -349.8662 -356.9283 -364.7756 -373.0026 -380.739 -386.9826 -390.9119 -391.2701 -387.3224
-315.7237 -316.7319 -317.627 -319.2638 -321.1268 -322.3703 -323.6074 -324.2573 -324.3254 -323.0938 -321.3947 -320.1954 -318.289 -314.3764 -308.1544 -301.4158 -297.672 -296.636 -297.5867 -296.8325 -293.7954 -289.2428 -285.9085 -283.4551 -281.218 -278.9961 -277.0913 -273.6746 -270.661 -268.0596 -267.3467 -267.1866 -267.2969 -267.6953 -267.1861 -266.3548 -265.5234 -264.8678 -264.5835 -264.3697 -264.4928 -264.5645 -264.8311 -265.6409 -267.3116 -269.7939 -272.6246 -275.4509 -278.8023 -282.8966 -288.1857 -294.8307 -303.2384 -312.5795 -323.6171 -334.678 -344.7668 -351.7957 -354.2259 -351.5339 -344.5744
-314.636 -315.0025 -315.2202 -315.1326 -314.3533 -312.9322 -311.4137 -309.9535 -308.0235 -305.2509 -302.6854 -300.6589 -299.08 -296.8525 -292.2281 -286.9722 -283.1447 -279.6404 -278.3924 -277.3878 -275.8393 -273.9634 -272.3413 -271.8639 -270.4202 -269.389 -268.0899 -267.1437 -267.0878 -266.7437 -268.2039 -269.5002 -269.8586 -269.5614 -268.0684 -266.4625 -265.0917 -264.3622 -263.5415 -262.5195 -261.0832 -258.8375 -256.0945 -253.1643 -250.8277 -248.9636 -246.9426 -244.4629 -242.272 -240.4812 -240.1851 -242.5818 -246.9466 -253.0606 -262.7962 -274.9285 -287.8935 -297.6658 -302.1237 -302.2907 -296.8589
-347.5666 -343.0804 -341.9889 -342.2369 -341.3002 -338.8664 -335.6648 -332.5249 -328.4767 -325.1855 -322.5111 -320.8543 -320.3763 -319.4077 -317.3951 -314.4183 -310.8759 -305.7059 -301.5951 -298.6078 -296.1584 -292.7177 -290.6869 -289.1887 -287.1611 -286.0898 -283.5435 -282.0682 -280.7744 -280.4453 -281.1713 -282.0561 -281.51 -279.9932 -277.9718 -276.142 -275.0839 -275.0511 -274.4849 -273.4628 -271.8082 -268.6929 -264.8423 -260.6957 -256.8106 -253.4426 -249.6105 -244.7282 -239.3752 -233.7491 -229.2429 -226.8843 -225.9666 -226.1178 -228.5873 -232.5728 -238.3745 -243.5644 -248.0321 -252.6204 -254.1827
-435.7412 -418.6539 -406.1152 -398.09 -391.4208 -384.8844 -378.6144 -373.1729 -368.429 -364.5738 -361.1182 -357.4167 -353.9995 -351.7747 -349.8545 -347.4497 -344.089 -339.1401 -335.2112 -332.8199 -331.5306 -328.1111 -324.5587 -321.0631 -319.0113 -317.9725 -316.4117 -314.7391 -311.8225 -310.3172 -309.0881 -309.3984 -308.618 -306.8162 -303.8413 -299.5776 -296.4876 -294.203 -291.3602 -288.8885 -286.9503 -285.3761 -282.7932 -279.782 -276.2015 -272.6522 -268.3746 -262.5593 -255.4609 -248.4396 -243.3204 -240.4643 -239.6737 -239.9804 -239.7928 -238.196 -235.0824 -232.2699 -230.9429 -230.8979 -230.7406
-525.5167 -506.5912 -488.4894 -474.2892 -462.6628 -452.8308 -444.8628 -438.658 -433.6886 -428.412 -421.0539 -411.0869 -400.7401 -391.7011 -384.6213 -379.2173 -374.532 -371.6402 -370.8349 -372.1176 -374.1109 -373.3047 -370.3403 -365.7872 -362.7227 -360.6735 -358.1608 -356.1257 -354.1689 -353.1957 -352.9542 -354.5631 -356.3186 -355.8914 -351.0098 -343.4877 -337.0385 -333.0383 -330.4674 -327.7281 -324.8382 -322.4785 -320.6356 -319.0928 -317.5393 -315.2785 -311.2129 -304.5479 -294.2341 -282.5619 -272.8107 -267.1712 -264.5532 -262.8579 -261.0124 -257.2681 -251.2688 -244.2949 -236.4317 -227.9137 -218.0735
-523.4145 -510.9839 -499.9538 -493.4699 -490.0271 -487.2315 -483.7111 -479.027 -473.8946 -467.0406 -457.2436 -446.17 -436.4778 -428.5642 -421.7902 -416.856 -413.1484 -410.4207 -409.6033 -410.4092 -412.3494 -412.9622 -412.5555 -410.6313 -407.0702 -401.3966 -396.973 -396.1716 -397.3604 -399.6554 -403.0939 -405.0477 -406.157 -404.8837 -400.1476 -393.1927 -387.1747 -383.3427 -381.4286 -379.3622 -376.6483 -374.8244 -373.2949 -372.173 -371.8623 -370.6547 -367.349 -361.9957 -353.5829 -343.8058 -335.1158 -329.1224 -323.8715 -318.1985 -312.1789 -303.5646 -292.3497 -277.8937 -260.5151 -242.8779 -225.4195
-427.6003 -425.0646 -426.1848 -429.7637 -433.7632 -437.7843 -439.7983 -438.915 -436.4524 -431.9534 -425.9639 -421.1814 -418.4522 -418.0838 -417.9584 -418.9113 -420.6211 -422.0381 -423.2417 -425.3223 -429.3686 -433.2542 -437.5549 -440.894 -441.1211 -436.2934 -433.0713 -434.2858 -438.0533 -443.289 -448.3792 -450.007 -449.5854 -449.7607 -449.5392 -447.7141 -445.5123 -441.9673 -437.0526 -431.2067 -425.061 -419.355 -412.306 -406.4258 -403.3127 -402.8318 -404.1927 -405.925 -406.5536 -406.0984 -405.6631 -405.1046 -403.4543 -400.5579 -395.8654 -386.8712 -374.8056 -359.6564 -341.6747 -322.5638 -303.6119
-327.4573 -329.2308 -331.4245 -332.0674 -332.2811 -332.7927 -331.527 -325.8557 -316.8838 -306.9221 -299.6052 -296.5291 -295.8479 -296.3661 -297.1389 -297.3578 -297.3312 -297.2816 -297.4459 -300.0588 -306.9113 -314.075 -322.8543 -332.9569 -338.881 -338.6281 -341.2109 -355.3283 -375.4452 -394.8134 -408.7029 -411.9965 -409.6555 -406.9812 -407.1227 -411.042 -413.4639 -407.8316 -389.429 -362.1849 -335.6853 -312.5014 -292.023 -283.6199 -289.708 -309.1581 -340.972 -382.8577 -421.037 -442.0762 -448.0252 -447.1759 -449.4253 -455.5858 -459.3244 -454.6253 -447.1862 -440.1367 -436.3216 -432.918 -426.6981
-290.4101 -288.6226 -285.3474 -279.9349 -272.374 -263.3597 -253.8579 -242.7724 -230.4082 -219.2713 -210.9239 -204.5995 -198.9109 -193.6119 -188.8792 -184.0785 -179.8491 -177.2571 -178.2462 -183.3752 -191.3001 -199.0829 -207.478 -214.2676 -217.7003 -219.4821 -227.0656 -247.724 -277.8817 -311.8377 -342.1009 -360.675 -366.1793 -353.385 -326.7946 -299.0379 -278.0293 -252.8368 -220.4719 -182.1455 -139.1353 -93.2675 -59.4517 -44.5734 -47.0748 -79.6627 -130.8056 -182.7179 -214.3347 -226.5943 -232.5551 -235.4501 -243.9535 -245.0211 -254.7336 -274.566 -285.8406 -310.012 -354.6476 -392.7237 -417.1855
-279.7499 -278.5389 -276.9131 -273.2538 -266.1323 -256.6738 -246.4362 -237.297 -229.1913 -222.0345 -215.2839 -206.9349 -196.2785 -184.5463 -173.9268 -164.9831 -159.5571 -157.9345 -161.8308 -167.4143 -170.8869 -174.1164 -175.796 -175.4346 -176.0715 -180.1802 -191.2488 -210.4348 -237.4369 -270.8575 -306.3395 -336.2283 -346.1457 -321.9429 -272.6958 -224.8376 -190.109 -149.517 -102.3555 -51.5446 14 62.6789 68.3997 299.4758 318.9867 394.0246 280.9994 103.6262 50.7062 37.7293 34.5298 71.2403 113.2262 207.149 222.0334 274.1067 376.2081 467.4381 215.8276 -41.6272 -102.8052
-275.6517 -271.7963 -269.9085 -268.6557 -266.8037 -263.7158 -258.9242 -253.6466 -248.4149 -242.3316 -234.9388 -226.788 -216.7217 -205.2314 -193.5802 -180.018 -167.5065 -159.8414 -157.7663 -158.9525 -160.836 -164.5337 -168.2642 -174.4652 -185.0867 -199.8928 -217.0873 -230.2898 -237.2198 -238.3899 -244.6919 -252.5301 -253.5842 -243.2624 -225.7661 -211.5328 -201.4674 -183.8164 -159.3415 -136.3002 -103.4729 -68.1296 -52.032 11 63.8799 55.9383 34.0231 46.3096 11.0787 -12.9758 -13.7952 -14.1025 -7.1221 36.844 57.7264 55.0538 108.1327 89.0763 95.5066 106.253 246.2501
-286.1079 -275.3368 -265.6744 -257.355 -249.974 -242.9253 -235.7569 -229.7243 -224.7359 -219.5077 -212.1813 -202.3811 -191.8705 -182.0723 -173.2631 -162.1973 -151.5704 -144.6553 -142.2332 -143.7699 -148.5247 -154.5744 -159.1651 -162.4878 -166.893 -172.0551 -176.1763 -172.6353 -162.3276 -146.4543 -132.4203 -122.5044 -117.7127 -115.2664 -116.4918 -136.665 -154.8996 -161.1408 -149.273 -127.3617 -106.2774 -85.9036 -72.4117 -61.675 -42.4985 -13.4261 -5.0133 -8.8184 -10.6813 -14.5748 -11.4564 -7.4802 0.5068 9.9579 39.6557 32.0705 24.9164 22.4021 31.5916 41.9582 42.9833
-309.7642 -305.4872 -295.6395 -286.8529 -277.5507 -265.7437 -252.5699 -240.309 -228.9056 -218.078 -206.3181 -192.1041 -177.8413 -165.9049 -156.7573 -147.6975 -139.0474 -131.9395 -128.6176 -129.1763 -131.0939 -131.2108 -126.9768 -119.21 -112.3684 -107.2128 -100.636 -86.0727 -68.3438 -46.1992 -16.4013 -2.755 15.0966 12.9223 34.4533 33.4859 48.5467 23.9187 14.0808 -24.6246 16.6449 56.1257 58.8984 28 38.1018 66.9444 67.3022 36.2894 47.5907 63.5245 67.6619 83.6817 111.5113 101.2407 95.1163 97.5456 95.951 100.7155 102.0404 104.1879 132.8521
-303.8097 -297.1364 -286.8347 -278.7645 -272.3283 -265.7441 -259.0403 -252.846 -246.5832 -239.8051 -232.1933 -222.8143 -212.5497 -201.2889 -189.9124 -177.4639 -165.3011 -153.5316 -142.8901 -132.2831 -120.379 -107.467 -95.0094 -85.781 -79.372 -71.5711 -55.3944 -28.3436 14.1517 35.8473 85.5772 147.2618 116.0589 188.5188 159.0986 180.5615 210.8964 149.5577 91.0077 37.0947 107.7168 149.5849 239.7502 256.524 256.0002 278.7887 265.901 246.8614 197.4236 118.8918 107.779 170.1861 153.0741 186.5329 237.431 267.1505 343.1695 432.7337 601.046 259.2171 243.7484
-287.4022 -283.9129 -279.9801 -275.2614 -268.3944 -258.5835 -247.9154 -239.9917 -235.7247 -234.8939 -235.9947 -238.0857 -237.0235 -230.7465 -222.3696 -212.7174 -207.2045 -206.9722 -207.5739 -205.7331 -195.1257 -169.4267 -141.3029 -121.1514 -110.8624 -106.0825 -92.0124 -53.5309 25.1129 259.4765 56.3353 73.8697 136.257 112.3092 135.8527 180.4501 244.6561 347.1631 251.1298 228.1137 276.7882 247.5789 245.6662 242.3213 363.2541 595.1207 415.3088 570.9641 315.1077 198.9574 234.6894 324.9147 341.5227 307.2937 321.914 391.3234 528.0851 563.5076 540.8149 614.2462 713.5274
-285.3763 -283.2301 -280.7011 -277.5972 -272.9764 -267.2047 -260.8936 -255.2228 -250.4393 -245.2565 -241.1682 -241.3009 -245.0339 -248.345 -246.3916 -229.6316 -216.4625 -212.772 -212.5567 -215.2678 -216.1074 -198.28 -172.4647 -150.0643 -131.1029 -125.5495 -134.6828 -110.966 -66.3336 -5.9307 -20.4934 -21.4775 5.113 35.2031 233.9294 278.5256 381.6664 303.1714 241.3746 380.2106 291.9982 25.5246 299.1551 553.6536 313.2274 73.188 244.132 105.6693 179.2932 233.2073 201.2402 205.3785 307.2332 436.869 430.5975 577.3689 587.7307 406.2313 504.7574 567.6492 568.2184
-314.2183 -308.1609 -303.1653 -298.9625 -294.9835 -294.6276 -299.6388 -307.379 -313.0539 -312.1241 -305.2146 -295.6025 -288.8545 -285.0945 -277.9973 -264.2159 -253.9687 -246.9055 -230.217 -199.9831 -159.9547 60.5135 64.2342 128.6881 133.7493 196.7118 138.7014 78.9082 165.609 237.6708 411.0826 320.4106 89.7728 11 -47.481 -70.8755 -16.5169 108.8841 343.9082 365.6355 359.3258 339.7694 305.7487 214.0204 317.4264 352.8475 207.0529 294.2503 258.5453 321.7211 460.562 461.8745 536.9564 462.0867 443.7153 360.2287 328.5179 290.6326 480.147 488.3547 466.3349
-312.0654 -311.3084 -308.8517 -307.5949 -313.6326 -334.649 -370.0436 -407.1096 -424.8695 -399.6471 -348.9337 -300.9331 -265.6746 -243.6138 -230.182 -214.206 -193.5038 -167.966 -139.2624 -112.0506 -93.4772 -65.761 76.7489 36.9192 8 28.3998 12.2897 57.5549 147.1165 256.5993 202.8165 145.9883 294.9863 240.898 40.4919 -11.4503 -16.2262 24.9519 89.0122 122.2083 132.7384 139.0759 131.1133 110.3952 105.3885 157.9625 502.8661 518.7321 566.4759 835.2432 731.3243 497.5325 835.1064 780.5538 718.8126 575.2714 848.235 807.9879 662.6976 663.1 373.5139
-313.9835 -326.9072 -340.5775 -356.1699 -375.7067 -403.1691 -437.2669 -468.156 -474.9441 -439.0542 -374.917 -299.2955 -230.2484 -186.5066 -172.5423 -169.4612 -154.2867 -126.8691 -106.2807 -95.0331 -93.505 16.3827 58.5674 107.4375 63.564 112.311 191.1389 225.4089 302.8409 354.2226 428.9565 499.8636 667.2725 632.1114 422.9909 287.8767 193.907 131.6801 268.6223 332.8318 388.6131 560.0494 494.6487 423.4141 422.8311 19.7125 15.1504 65.0123 568.1039 652.8309 606.9233 824.6871 957.8547 1072.2115 1137.4139 1142.0731 1044.9562 929.3044 904.2833 855.9271 814.5387
-303.8965 -329.0091 -353.5244 -375.3676 -393.2886 -406.9989 -415.2677 -415.3739 -403.5117 -374.631 -330.864 -273.7175 -209.1972 -155.2689 -124.1688 -118.5197 -126.4195 -128.07 -113.3149 -68.5772 -23.6578 -37.404 -24.9413 -17.3588 3.9123 13.8721 54.5345 90.6391 143.7455 147.9548 90.1662 47.5262 77.7724 291.3245 267.4678 302.499 342.1151 392.0825 281.5264 254.8803 295.9747 546.9868 630.713 803.9579 633.6309 393.5611 120.3237 68.3587 205.8778 628.8159 950.9912 1006.157 1081.915 1204.3745 1075.6636 1104.5233 1171.8895 1346.0869 1443.0431 1434.4247 1332.2535
-247.5459 -284.121 -316.0623 -337.8789 -356.5487 -372.1422 -376.4543 -367.9298 -352.6941 -335.8334 -314.7256 -284.1565 -236.2901 -178.7139 -114.2845 -60.6753 8 112.6795 69.2799 31.5555 89.629 103.7133 248.4255 274.2347 334.7187 309.9173 186.7243 80.8778 63.497 133.6295 256.7562 271.9852 489.6656 480.2872 461.0274 630.5474 723.9909 812.0687 833.2672 731.0967 628.256 260.9063 461.5326 733.4091 1001.3954 845.8983 669.7137 889.2234 800.3331 820.1599 951.4438 777.7766 682.1985 628.848 524.5897 572.3542 550.8647 587.808 748.6014 773.1039 943.7202
-203.8365 -223.0243 -242.4157 -258.0427 -272.5653 -289.2106 -304.1938 -305.8523 -290.0217 -270.2864 -257.7834 -247.8239 -229.859 -208.0681 -188.8589 -169.0544 -146.4163 -111.3951 -71.9333 -28.0115 28.097 6.3206 217.2838 106.1922 33.6411 106.4324 107.8365 199.7497 82.6527 172.5791 41.7568 231.845 315.2164 267.873 271.6671 271.5768 204.4653 247.1552 12.8415 108.8291 370.717 294.7428 283.0268 269.7914 298.2439 396.8561 495.9646 795.3724 774.1077 734.4411 920.0957 1168.3615 1216.9532 1255.5946 1291.7069 1299.655 1241.3455 1157.2274 1097.1273 1053.4113 961.2344
-176.3085 -202.6074 -238.3254 -281.6024 -321.1567 -345.7555 -359.2157 -360.7545 -347.767 -324.0043 -295.6332 -253.6845 -179.8013 -93.9735 87.617 146.4102 67.1451 87.2083 203.6499 -33.1885 -51.3038 -85.048 -124.8248 -154.546 -163.979 -141.5439 -101.7765 -39.8694 -1.1936 289.2779 158.4559 45.5148 36.6819 22.516 53.4531 80.148 191.0363 224.5835 639.4049 537.6883 491.9075 413.9025 835.4891 900.9333 829.8597 251.5139 742.4967 563.8425 633.8544 783.5912 709.4098 543.6689 513.787 582.7323 912.8327 1216.9368 1331.1766 1367.8599 1333.6805 1191.3214 1152.9276
-128.043 -146.7094 -175.8323 -220.6136 -277.0128 -329.8432 -365.3358 -381.1496 -378.5882 -365.3063 -348.9656 -320.3987 -257.8818 -144.418 -15.0349 18.3345 8.4117 28.7442 13.0525 65.3635 92.4662 74.4353 31.1516 18.1376 42.9667 22.625 18.4091 -1.1612 17.291 6.1438 -21.545 -46.7923 -27.0155 124.8174 276.0398 84.0893 105.3073 15.5929 213.9124 450.3392 533.4839 642.8094 831.521 737.3794 772.0914 995.6105 1095.2889 1174.5361 684.1317 577.0442 858.5458 1063.6204 1356.5853 1448.5325 1284.4301 1129.3527 1092.8293 1241.1647 1268.3083 1274.0809 1421.4979
