Resources/Map/Lvl0_30x30/Ele_EI.asc
ncols         335
nrows         335
xllcorner     6755000
yllcorner     -6725000
cellsize      10000
nodata_value  -99999.0
[rows 286 to 311 of 335, columns 114 to 170 of 335]
-3917.7813 -3969.2515 -3921.6987 -3822.5911 -3794.9275 -3845.3838 -3828.2666 -3684.5833 -3535.2881 -3373.8132 -3128.6406 -2943.2688 -2796.2773 -2688.3582 -2654.0229 -2636.9282 -2641.209 -2654.6685 -2684.5024 -2723.2517 -2736.8621 -2773.2976 -2859.3542 -2936.7068 -2984.4116 -2966.9143 -2928.3567 -2914.4333 -2866.947 -2808.0391 -2792.394 -2762.5652 -2735.9614 -2766.1802 -2755.9465 -2673.8398 -2652.5337 -2729.6362 -2776.833 -2774.4199 -2781.8298 -2842.2603 -2953.854 -2967.4229 -2919.3171 -2923.5986 -2974.2803 -2994.8877 -2992.5862 -3027.3813 -3058.6238 -3066.2146 -3070.728 -3086.7295 -3072.2668 -3027.9624 -2985.9009
-3880.2964 -3897.8669 -3830.6519 -3705.376 -3618.7673 -3522.2791 -3378.0142 -3200.4351 -3031.1213 -2880.1655 -2705.9905 -2583.3008 -2489.3064 -2469.2588 -2487.0054 -2463.822 -2471.2947 -2480.4163 -2474.1768 -2482.2019 -2501.4478 -2598.9705 -2738.0742 -2798.3389 -2829.8682 -2832.6501 -2800.6804 -2806.0945 -2833.4043 -2837.3523 -2833.6072 -2801.6201 -2770.7483 -2780.9229 -2771.8506 -2717.0249 -2703.2327 -2751.0911 -2792.8433 -2813.0374 -2835.4658 -2869.5598 -2912.6428 -2940.2371 -2934.8567 -2920.998 -2934.033 -2958.4341 -2989.9375 -3009.3301 -3006.4575 -3012.217 -3024.3069 -3040.1624 -3035.2505 -2978.77 -2910.7717
-3740.3708 -3670.7656 -3593.8096 -3506.4531 -3393.4202 -3169.6438 -2923.0625 -2751.6211 -2575.6094 -2423.0576 -2337.1223 -2301.7224 -2258.1377 -2210.4626 -2182.9641 -2193.1018 -2227.2083 -2220.0659 -2219.104 -2282.0725 -2368.1204 -2496.728 -2623.9104 -2672.9109 -2690.8311 -2692.1472 -2701.3223 -2745.4644 -2778.5183 -2778.4343 -2794.8484 -2821.675 -2821.7253 -2793.3184 -2764.2708 -2752.8064 -2771.4866 -2804.4509 -2839.2607 -2868.717 -2888.4961 -2901.3877 -2900.7024 -2924.9163 -2943.6953 -2938.6531 -2932.2102 -2936.5356 -2968.9597 -2975.1653 -2960.9106 -2956.9172 -2965.3203 -2988.6772 -3000.1243 -2975.7886 -2911.3882
-3440.1409 -3307.5037 -3222.334 -3112.9243 -2926.7532 -2693.3398 -2533.9792 -2476.8337 -2336.7161 -2102.843 -1961.683 -1941.0146 -1945.1443 -1937.2996 -1953.8503 -2038.2371 -2137.4204 -2153.2913 -2146.8203 -2178.7522 -2245.2422 -2386.2595 -2524.8142 -2610.0583 -2678.3323 -2732.0339 -2808.9861 -2860.2346 -2799.6194 -2699.3667 -2703.5803 -2797.2278 -2843.385 -2818.1821 -2789.1943 -2779.9434 -2779.7129 -2785.9849 -2816.7986 -2862.958 -2879.1145 -2870.4451 -2871.5508 -2918.8484 -2957.7275 -2963.3162 -2968.1943 -2972.394 -2964.9109 -2962.6436 -2943.0039 -2920.3931 -2934.6313 -2930.8257 -2918.7297 -2910.5986 -2870.4849
-3078.6438 -2955.2668 -2883.1416 -2725.459 -2456.3384 -2294.3467 -2280.0627 -2272.1382 -2138.1931 -1952.3483 -1837.9673 -1759.1753 -1731.4967 -1775.2711 -1907.1592 -2062.8076 -2104.0571 -2039.9791 -2014.2719 -2023.0739 -2051.0623 -2174.937 -2332.8889 -2471.8521 -2579.4016 -2674.7825 -2807.8198 -2866.3335 -2763.2505 -2636.6006 -2622.696 -2680.439 -2726.7813 -2785.3303 -2821.3826 -2819.187 -2803.384 -2769.9695 -2783.0166 -2850.1577 -2873.3208 -2856.3335 -2859.6199 -2947.3281 -3024.646 -2963.4463 -2908.7258 -2924.4839 -2921.2576 -2927.8784 -2903.0513 -2849.0933 -2839.4944 -2790.3633 -2767.9019 -2789.0237 -2754.4778
-2630.8418 -2519.6619 -2425.3235 -2319.1665 -2106.2786 -2039.2622 -2101.645 -2050.8645 -1910.0983 -1819.5364 -1782.9651 -1696.1733 -1634.2485 -1665.7107 -1848.757 -2002.774 -1927.3336 -1764.7529 -1732.2775 -1804.0322 -1911.4408 -2023.0787 -2107.4543 -2238.856 -2376.8088 -2475.4006 -2590.3423 -2680.7073 -2667.3452 -2604.9651 -2551.4102 -2547.948 -2609.5752 -2726.5549 -2822.5688 -2844.0474 -2812.4231 -2773.8604 -2792.126 -2832.4954 -2834.439 -2882.4221 -2951.7024 -3019.2966 -3082.9983 -3009.9866 -2899.7422 -2869.1902 -2845.9346 -2851.134 -2835.5881 -2775.2427 -2717.3879 -2652.2781 -2622.5237 -2651.5522 -2620.8049
-2141.4426 -2065.7661 -2004.4967 -1903.0432 -1744.1581 -1737.1439 -1812.4315 -1751.5061 -1693.5822 -1690.8895 -1657.9641 -1588.4258 -1572.8971 -1599.8518 -1705.5011 -1806.3269 -1768.9662 -1656.9539 -1634.075 -1752.5375 -1911.4424 -2010.4521 -2046.2601 -2133.2791 -2257.5671 -2363.0269 -2462.6821 -2539.3015 -2566.1917 -2549.907 -2486.1563 -2483.9653 -2584.8042 -2709.3103 -2841.1064 -2899.917 -2847.9014 -2809.9697 -2830.9905 -2843.5566 -2844.3838 -2903.6335 -2949.1189 -2955.8801 -3005.8579 -3019.782 -2960.1506 -2901.0437 -2822.1921 -2789.0322 -2819.9128 -2758.2329 -2602.2415 -2519.197 -2513.2244 -2529.4167 -2478.2168
-1751.8037 -1711.4937 -1682.3778 -1559.4412 -1492.0474 -1552.7416 -1589.9252 -1501.2888 -1491.9312 -1538.8096 -1524.9541 -1503.2954 -1523.1169 -1581.5168 -1640.9288 -1676.5148 -1729.6531 -1754.0417 -1751.7255 -1863.5568 -1998.2881 -2075.6284 -2135.0972 -2216.0427 -2325.9175 -2426.3462 -2496.6113 -2522.7136 -2539.7476 -2554.2798 -2494.0618 -2474.772 -2576.239 -2705.9209 -2841.3972 -2941.8018 -2954.7852 -2956.7485 -2967.8357 -2940.6978 -2896.2488 -2849.0027 -2767.1956 -2734.3257 -2804.8547 -2908.905 -2902.7517 -2789.3835 -2669.7302 -2671.7104 -2785.6545 -2747.2576 -2521.1343 -2393.3523 -2374.9302 -2359.3516 -2308.3955
-1570.0624 -1500.4463 -1423.7107 -1377.012 -1391.2174 -1415.5134 -1425.9932 -1367.2928 -1361.0752 -1401.3444 -1430.9558 -1493.4318 -1556.5332 -1657.113 -1752.1459 -1778.239 -1850.7471 -1954.5505 -1976.9265 -2029.4893 -2128.7078 -2197.9016 -2264.1997 -2352.8835 -2455.7625 -2529.7944 -2570.2312 -2578.5527 -2597.8608 -2631.8901 -2604.8193 -2589.8677 -2636.2085 -2701.3098 -2772.1208 -2873.3911 -2981.7542 -3048.9019 -3056.123 -3024.2141 -2958.2974 -2837.8384 -2676.7383 -2573.9038 -2592.0076 -2691.0862 -2701.23 -2572.6677 -2459.0454 -2533.3008 -2699.1633 -2694.4797 -2485.3518 -2345.303 -2303.6431 -2265.3259 -2206.8154
-1390.4583 -1322.464 -1278.0797 -1289.9629 -1292.0612 -1275.3628 -1281.1288 -1263.9587 -1266.8594 -1296.5112 -1355.092 -1450.6062 -1561.7035 -1706.6117 -1834.2129 -1921.8342 -2009.2054 -2099.4324 -2146.0315 -2190.9966 -2275.26 -2365.4546 -2449.2834 -2538.3789 -2629.8521 -2692.2036 -2703.5732 -2654.8176 -2624.052 -2679.0977 -2748.7534 -2762.5437 -2734.6711 -2727.1831 -2737.1812 -2795.6069 -2939.9878 -3064.592 -3087.3928 -3090.3423 -3047.0286 -2904.8413 -2724.1101 -2556.8596 -2478.2405 -2520.04 -2570.3687 -2525.6213 -2432.5576 -2478.616 -2631.1594 -2680.6692 -2525.1438 -2355.4158 -2278.2666 -2248.2983 -2204.5483
-1275.5176 -1254.7094 -1245.079 -1249.6013 -1240.1042 -1244.4042 -1227.9448 -1238.386 -1283.3781 -1266.5829 -1312.6296 -1438.3413 -1565.7756 -1752.5364 -1925.3776 -2041.583 -2115.2971 -2175.6377 -2265.4155 -2387.103 -2491.9902 -2591.187 -2672.5925 -2719.2913 -2777.6033 -2827.9175 -2799.6104 -2733.3413 -2727.262 -2792.8882 -2873.5513 -2906.1829 -2898.0168 -2880.3755 -2840.5637 -2814.0559 -2900.1284 -3059.6177 -3139.115 -3157.863 -3131.0935 -2990.6753 -2781.0471 -2599.4575 -2499.5767 -2508.5183 -2572.0837 -2579.5173 -2493.5803 -2470.553 -2586.9805 -2672.75 -2595.6287 -2430.905 -2311.9316 -2256.3965 -2219.6174
-1299.8571 -1281.2035 -1263.1689 -1292.4467 -1284.9695 -1279.908 -1280.5272 -1330.5493 -1434.4541 -1414.097 -1430.6395 -1601.5739 -1711.3459 -1818.5073 -1995.2542 -2166.5486 -2268.4177 -2330.0396 -2419.8232 -2577.9539 -2726.2993 -2836.6111 -2901.009 -2912.0293 -2917.2461 -2923.3579 -2879.2854 -2856.6392 -2918.6602 -2981.0071 -3008.9612 -3032.6392 -3052.5513 -3048.4409 -3016.5442 -2979.4106 -2999.9495 -3112.1904 -3194.4163 -3185.0889 -3120.407 -2963.7197 -2748.2288 -2598.02 -2556.1655 -2591.9634 -2646.8936 -2646.9531 -2581.9126 -2565.5164 -2630.3738 -2671.8628 -2631.9155 -2506.6194 -2370.0515 -2284.8467 -2242.6375
-1383.3201 -1373.8816 -1389.0231 -1450.3815 -1443.1267 -1434.1243 -1465.7766 -1486.0565 -1573.6722 -1623.6566 -1646.7052 -1770.5032 -1889.306 -1964.2427 -2099.8926 -2324.6152 -2494.8462 -2566.853 -2621.2476 -2749.3696 -2907.3281 -3010.6956 -3060.0188 -3070.7993 -3050.5598 -3035.752 -2999.959 -2971.4529 -3027.4717 -3096.3159 -3090.4368 -3062.801 -3075.3193 -3103.1252 -3117.2241 -3135.5479 -3153.8833 -3207.8591 -3258.0269 -3216.5862 -3077.7629 -2901.1802 -2744.7605 -2658.0081 -2661.8303 -2726.3967 -2752.6672 -2701.9856 -2657.0142 -2668.6758 -2654.0244 -2610.7273 -2589.0991 -2534.4709 -2445.1328 -2359.3186 -2296.1785
-1500.8389 -1559.5535 -1612.6392 -1663.2881 -1663.5575 -1702.2482 -1805.2563 -1843.7551 -1877.4208 -1890.3492 -1920.0469 -2033.6464 -2172.1299 -2225.1948 -2260.5508 -2432.9973 -2650.043 -2771.5732 -2841.042 -2923.8232 -3020.7998 -3098.543 -3167.552 -3204.0081 -3188.25 -3159.5977 -3098.1428 -3023.678 -3029.1223 -3048.4116 -2963.1267 -2880.3228 -2938.3904 -3078.1123 -3180.8232 -3246.1506 -3271.3025 -3287.9548 -3297.1887 -3230.4844 -3072.1738 -2910.939 -2809.0618 -2779.4456 -2795.4456 -2832.3679 -2790.8982 -2693.7549 -2670.0537 -2672.4148 -2583.1592 -2483.6057 -2485.9116 -2522.0068 -2520.6597 -2473.7058 -2408.0627
-1684.5845 -1768.4951 -1841.7848 -1877.6431 -1890.8015 -1981.4924 -2112.6931 -2199.4973 -2246.3867 -2252.5781 -2295.0955 -2362.7952 -2374.406 -2348.5364 -2376.1763 -2557.6292 -2796.6033 -2925.4932 -3030.231 -3136.7632 -3177.2256 -3202.1174 -3276.5544 -3336.5713 -3330.3931 -3276.7815 -3196.8469 -3134.4888 -3105.6836 -3038.074 -2917.9058 -2911.4746 -3068.5989 -3231.1418 -3327.5808 -3391.635 -3386.3533 -3345.4971 -3300.0911 -3201.2766 -3033.2107 -2883.9465 -2811.1931 -2803.2302 -2808.0007 -2787.9487 -2669.6794 -2566.8289 -2567.2852 -2560.738 -2496.3057 -2430.1804 -2463.4263 -2542.9082 -2572.2449 -2559.0229 -2527.9272
-1907.183 -2025.6143 -2137.03 -2161.4348 -2177.8616 -2320.6833 -2433.7307 -2523.0862 -2608.1748 -2638.2332 -2666.2385 -2688.6863 -2628.4043 -2608.7515 -2726.6345 -2914.8862 -3047.844 -3042.8088 -3063.7207 -3213.6089 -3315.1506 -3348.637 -3409.3782 -3476.8613 -3494.0376 -3451.7847 -3385.1104 -3344.3645 -3325.3721 -3274.5 -3210.6531 -3260.229 -3387.3909 -3439.6831 -3453.9995 -3489.8906 -3469.9211 -3397.333 -3319.2954 -3203.0603 -3043.4124 -2901.9246 -2792.7751 -2721.3315 -2692.2393 -2627.4924 -2492.322 -2442.1755 -2456.0793 -2456.6726 -2487.4243 -2521.3494 -2553.8918 -2584.4089 -2609.679 -2596.1433 -2541.8037
-2247.1245 -2437.8696 -2601.7424 -2612.2021 -2540.9072 -2583.9734 -2711.9165 -2894.9685 -3024.6545 -3019.5425 -3022.6772 -3056.8057 -3046.6323 -3017.5349 -3053.8989 -3151.3711 -3164.6094 -3070.834 -3059.5229 -3258.3281 -3455.0085 -3528.1375 -3541.6528 -3571.3772 -3624.3186 -3653.8716 -3618.8174 -3556.6519 -3530.1675 -3527.4592 -3515.2673 -3527.9387 -3555.4036 -3541.1328 -3525.1072 -3544.3062 -3543.9666 -3440.7603 -3307.4058 -3162.8357 -3018.1841 -2881.2388 -2716.074 -2594.3047 -2582.4033 -2554.6443 -2488.7227 -2477.2683 -2465.3547 -2498.498 -2580.8962 -2630.791 -2620.9207 -2585.6521 -2618.1331 -2608.3728 -2485.8362
-2846.3606 -2982.1458 -3095.7126 -3060.208 -2898.9548 -2828.0437 -2994.821 -3262.679 -3416.407 -3404.2937 -3380.5652 -3393.8354 -3367.5137 -3257.2981 -3141.8911 -3142.1992 -3111.4146 -3060.4065 -3160.2126 -3434.198 -3634.6543 -3653.4312 -3578.8777 -3556.0842 -3632.2598 -3746.6135 -3804.3523 -3793.3945 -3751.0527 -3718.1829 -3704.5146 -3681.3008 -3645.8606 -3593.2576 -3528.9192 -3492.9553 -3471.97 -3365.3489 -3222.2048 -3049.3547 -2900.7395 -2814.0137 -2719.458 -2642.5234 -2615.1614 -2549.6833 -2508.3992 -2531.8745 -2546.2654 -2614.0503 -2678.137 -2687.7529 -2651.4868 -2588.3723 -2584.5342 -2566.134 -2462.6096
-3385.979 -3365.7278 -3370.5977 -3355.6567 -3357.5542 -3441.0413 -3598.8313 -3755.2588 -3847.4377 -3815.1299 -3763.3823 -3764.1118 -3689.8071 -3514.2249 -3352.4949 -3291.4084 -3264.4202 -3275.3359 -3446.4121 -3727.072 -3871.5925 -3807.3696 -3665.5669 -3596.3091 -3649.9688 -3816.197 -3973.718 -4008.2415 -3901.9375 -3765.438 -3724.4863 -3740.667 -3753.0366 -3717.8435 -3592.9995 -3419.6748 -3245.1848 -3098.9741 -2962.3835 -2795.5129 -2701.7178 -2706.7361 -2697.3564 -2688.3765 -2696.4805 -2637.8218 -2614.594 -2669.2219 -2694.7432 -2713.5425 -2722.5898 -2711.2786 -2674.7625 -2595.0034 -2524.8613 -2467.3538 -2397.5146
-3614.0903 -3411.5576 -3334.4175 -3543.959 -3892.6533 -4155.8345 -4220.3506 -4188.9683 -4184.6162 -4164.8037 -4139.9707 -4164.8174 -4124.8589 -4005.4211 -3924.1121 -3865.1323 -3761.3838 -3692.4043 -3793.6748 -3988.5916 -4066.3794 -3987.2515 -3878.8125 -3825.7004 -3809.8787 -3873.7383 -3981.0063 -4026.5535 -3964.479 -3863.7649 -3831.812 -3857.2109 -3846.1375 -3754.8828 -3578.3452 -3331.4004 -3069.8274 -2887.5222 -2742.022 -2617.9692 -2576.3757 -2574.8262 -2580.3013 -2646.1147 -2725.5078 -2725.2883 -2726.6516 -2771.5847 -2779.7029 -2755.3992 -2690.312 -2621.5271 -2588.3723 -2526.9175 -2442.8481 -2377.7334 -2296.5652
-3751.2578 -3589.0217 -3613.1038 -3944.1055 -4342.1973 -4581.4727 -4612.3208 -4545.8853 -4490.3623 -4467.3765 -4463.3408 -4492.7456 -4503.3735 -4467.9326 -4433.3237 -4362.5107 -4219.458 -4135.8945 -4207.6582 -4340.21 -4375.8101 -4292.6563 -4200.5845 -4166.7393 -4114.1763 -4028.8572 -3973.7043 -3974.3743 -4017.4011 -4071.7922 -4075.0288 -3974.5359 -3771.675 -3559.1858 -3343.4915 -3093.6182 -2855.2944 -2686.0039 -2569.2961 -2516.2693 -2520.6533 -2511.772 -2555.6011 -2677.6545 -2749.6951 -2757.0928 -2781.2583 -2793.9268 -2743.29 -2698.9065 -2645.0986 -2557.781 -2484.4395 -2407.4382 -2334.1423 -2275.1543 -2167.7104
-3860.3193 -3854.6912 -4007.7334 -4215.8652 -4359.5103 -4429.9443 -4497.4214 -4586.9473 -4649.0249 -4678.7803 -4656.498 -4640.0977 -4671.2051 -4677.1367 -4631.6572 -4550.8813 -4462.7139 -4442.7607 -4495.8643 -4542.3955 -4539.3467 -4482.8013 -4428.4849 -4413.8438 -4337.2075 -4167.0859 -4050.0776 -4047.2915 -4082.981 -4099.9302 -4046.5745 -3874.064 -3622.8105 -3364.3562 -3098.979 -2856.2231 -2657.5837 -2512.1013 -2431.2708 -2436.4319 -2471.0068 -2493.5784 -2571.8303 -2689.6619 -2740.301 -2759.6318 -2785.176 -2748.4358 -2668.7256 -2629.4438 -2593.1277 -2511.1831 -2426.311 -2350.0593 -2251.0923 -2122.7593 -2010.6884
-4000.7068 -3910.1523 -3959.2017 -4034.0308 -4000.9187 -3958.3499 -4143.9653 -4488.249 -4711.2378 -4750.8789 -4667.999 -4612.6377 -4639.4951 -4638.7856 -4594.481 -4556.2021 -4545.6855 -4571.48 -4593.9785 -4554.8247 -4496.4902 -4455.3877 -4445.0732 -4381.4946 -4096.4912 -3727.3005 -3676.832 -3917.0552 -4065.5945 -4012.0051 -3878.0845 -3713.6592 -3532.9871 -3317.8855 -3028.1948 -2771.4727 -2616.3928 -2545.6592 -2539.7932 -2572.6328 -2590.5405 -2592.6985 -2618.3506 -2677.3164 -2707.8311 -2689.3792 -2668.5156 -2619.0784 -2562.5564 -2534.031 -2496.7534 -2426.8669 -2358.5588 -2287.4048 -2164.3638 -2024.0328 -1945.4657
-4241.5986 -4114.1216 -4092.3542 -4159.6816 -4208.9619 -4242.1426 -4392.5273 -4610.4546 -4681.7178 -4605.4873 -4527.6304 -4525.0234 -4574.1348 -4602.6436 -4591.6553 -4566.7896 -4563.3369 -4573.0884 -4545.4722 -4481.9595 -4444.104 -4406.126 -4306.8076 -4010.2229 -3458.7825 -3015.5339 -3128.4766 -3629.0464 -3942.6995 -3904.3923 -3740.2097 -3588.8811 -3469.4946 -3347.6165 -3168.155 -2991.1399 -2885.9868 -2853.3398 -2857.019 -2841.135 -2811.3816 -2756.4551 -2677.1025 -2664.5161 -2676.2971 -2620.4414 -2570.5251 -2528.6533 -2493.7446 -2485.5522 -2435.0352 -2334.2568 -2252.2583 -2177.0769 -2094.7544 -2040.1979 -1990.7821
-4419.5449 -4387.6367 -4362.2471 -4376.7603 -4526.9365 -4669.7612 -4597.4111 -4359.7095 -4136.8232 -4165.5381 -4405.9111 -4553.4063 -4565.0068 -4590.8901 -4628.9507 -4588.9185 -4504.5913 -4431.708 -4342.333 -4297.6289 -4317.2573 -4253.6846 -4033.2634 -3681.6296 -3327.4456 -3193.6279 -3389.9158 -3719.4185 -3869.1233 -3816.6218 -3700.6929 -3572.8135 -3444.5176 -3332.2703 -3240.9753 -3153.9468 -3046.2988 -2964.02 -2919.9712 -2849.5559 -2777.2217 -2707.4004 -2641.1074 -2628.394 -2605.4436 -2528.3416 -2462.7856 -2409.241 -2397.4348 -2410.9309 -2310.3521 -2170.4641 -2134.3848 -2102.0891 -2035.9453 -2006.3768 -2012.2509
-4256.8042 -4089.8315 -4048.9729 -4238.0112 -4558.4351 -4751.7129 -4657.832 -4396.6177 -4228.9551 -4352.3032 -4576.7788 -4614.9951 -4525.9033 -4517.4546 -4568.9937 -4539.1621 -4442.6392 -4373.9326 -4343.6104 -4347.1167 -4307.0112 -4125.3716 -3871.6404 -3707.3359 -3689.6423 -3759.8955 -3837.3799 -3853.9739 -3768.0491 -3664.937 -3587.1355 -3470.8447 -3293.9075 -3112.4121 -2992.0042 -2902.7444 -2810.4771 -2751.6763 -2694.0635 -2603.0962 -2552.8103 -2509.7615 -2457.2839 -2440.0466 -2403.5786 -2329.5962 -2285.439 -2247.4761 -2209.0376 -2189.053 -2120.4355 -2033.3125 -2036.7104 -2052.2451 -2014.2886 -1948.3243 -1949.0093
