Resources/Map/Lvl0_30x30/Ele_EL.asc
ncols         335
nrows         335
xllcorner     16805000
yllcorner     -6725000
cellsize      10000
nodata_value  -99999.0
[rows 0 to 25 of 335, columns 232 to 289 of 335]
-3045.3701 -3174.3066 -2845.1008 -2692.9216 -2636.2366 -2402.2786 -2252.959 -2142.21 -2020.7133 -1853.6061 -1601.749 -1105.4305 -465.1485 -392.0568 -789.8859 -1254.6996 -1499.9897 -2071.8706 -2391.6211 -2497.376 -2250.7131 -2320.2207 -2773.0063 -3144.1636 -2838.8276 -2669.1077 -3237.9531 -3337.3943 -3172.832 -3249.3193 -3738.4512 -3947.3818 -3904.7278 -3846.4885 -3902.6548 -3979.4683 -3998.4487 -4102.9541 -4221.5815 -4170.5576 -4148.9487 -4171.5005 -4186.8989 -4211.2959 -4232.7227 -4245.6978 -4259.3188 -4253.3379 -4186.9238 -4198.8354 -4262.7153 -4289.2612 -4288.1489 -4283.751 -4305.7876 -4318.6348 -4312.8643 -4282.8848
-3106.4583 -3182.3098 -2725.2573 -2447.3865 -2429.3245 -2241.1399 -2042.2125 -1946.8705 -1809.0176 -1611.4045 -1275.6322 -822.8206 -803.1274 -1096.0879 -1322.8145 -1633.8259 -1757.5327 -2055.9336 -2343.0759 -2579.8965 -2536.4521 -2383.9194 -2543.7068 -3123.1157 -3195.4717 -3144.3457 -3067.8179 -2483.3533 -2701.8604 -3273.6228 -3760.5854 -3821.9983 -3787.0813 -3774.4917 -3800.3367 -3922.6763 -3991.2813 -4019.9875 -4082.6721 -4145.1665 -4198.8662 -4166.4878 -4116.6753 -4158.9424 -4274.3999 -4344.1909 -4322.4492 -4263.2744 -4182.8525 -4165.5425 -4222.7827 -4251.0464 -4268.4951 -4271.0371 -4265.52 -4280.1563 -4288.9063 -4300.6284
-3274.3435 -3151.2007 -2635.9246 -2280.2717 -2164.1736 -2037.4675 -1850.7714 -1686.0347 -1559.0841 -1417.1272 -1110.0054 -808.5176 -1088.3962 -1324.325 -1466.1371 -1537.4034 -1548.8174 -1872.2603 -2298.6807 -2542.3987 -2762.0508 -2883.2449 -2989.311 -3283.1831 -3441.0295 -3481.9541 -3315.6655 -3015.7227 -3333.0947 -3687.511 -3816.0952 -3793.9949 -3824.4915 -3864.6777 -3908.1006 -3941.1704 -3946.8159 -3987.8669 -4037.0173 -4105.1128 -4185.8589 -4224.6226 -4186.1777 -4169.4922 -4225.6118 -4274.7661 -4273.9272 -4248.2236 -4228.7603 -4233.5181 -4254.9507 -4258.291 -4223.2046 -4152.0581 -4173.0781 -4247.2358 -4270.7651 -4283.333
-3290.1985 -3029.6226 -2588.4724 -2318.7703 -2128.7712 -1950.1903 -1721.8794 -1494.6959 -1423.2579 -1418.8767 -1385.6901 -1118.6204 -1089.9033 -896.8239 -1046.361 -1268.4456 -1290.7271 -1770.9457 -2305.5186 -2555.8562 -2819.0977 -3047.25 -2997.9734 -2975.2212 -3289.1787 -3451.647 -3294.0266 -3461.8145 -3740.1729 -3817.8389 -3758.6353 -3700.7256 -3747.804 -3854.0654 -3950.0396 -3974.928 -3995.3037 -4044.1282 -4068.0811 -4071.0017 -4109.3647 -4197.9033 -4215.6743 -4183.9736 -4200.0679 -4213.6499 -4200.7529 -4215.0005 -4231.9678 -4247.833 -4253.7783 -4232.1724 -4097.5054 -3940.1846 -4065.5386 -4228.9053 -4256.9165 -4266.4424
-3214.686 -2935.9104 -2596.3118 -2398.9922 -2224.2549 -1969.9388 -1672.536 -1405.3585 -1344.9742 -1368.0026 -1279.2454 -833.3575 -799.0551 -883.6947 -1325.6127 -1517.8412 -1201.2338 -1299.9156 -1803.493 -2309.3613 -2671.5864 -2786.0833 -2273.7258 -1591.4778 -2281.8291 -3093.8289 -2729.9949 -3168.437 -3691.405 -3737.8374 -3725.6592 -3674.604 -3716.3811 -3822.3267 -3907.1091 -4016.699 -4102.1909 -4088.0845 -4002.9785 -3941.2764 -4030.2959 -4130.8193 -4159.7285 -4166.2925 -4202.856 -4225.0371 -4211.7993 -4217.8521 -4217.772 -4197.1572 -4212.6162 -4258.6602 -4180.5352 -4022.1282 -4092.3425 -4226.2666 -4251.4785 -4225.7734
-3161.7764 -3021.0454 -2609.0505 -2323.8501 -2177.7039 -1956.5365 -1680.9877 -1377.2296 -1326.538 -1328.2102 -1064.0092 -765.983 -816.9784 -1169.0935 -1755.5638 -1820.5703 -1401.7052 -815.5317 -883.3354 -1760.1088 -2558.938 -2730.8726 -2282.9968 -1768.7114 -2407.5112 -3110.8208 -2680.6145 -2956.8218 -3581.8604 -3702.8564 -3723.7278 -3745.7166 -3810.9001 -3871.4675 -3860.4241 -3905.0439 -4029.0657 -4063.667 -4003.4438 -3938.9172 -4003.3701 -4065.0137 -4125.96 -4168.3389 -4174.3843 -4190.5073 -4199.3608 -4200.0186 -4167.0962 -4130.5479 -4135.8779 -4233.7373 -4253.5566 -4196.7725 -4204.3105 -4222.356 -4223.1265 -4195.249
-3185.1875 -3127.7925 -2611.865 -2132.0078 -2011.9236 -1940.8888 -1750.1608 -1498.7007 -1360.4564 -1268.312 -1003.6431 -928.203 -1038.2467 -1521.5833 -1971.6639 -2093.7966 -1920.6909 -1319.8962 -1317.5557 -2131.8169 -2627.9316 -2616.0422 -2374.6255 -2615.3962 -3228.9983 -3357.4219 -2893.3474 -2840.3796 -3482.0286 -3816.4451 -3825.5449 -3879.1023 -3894.2593 -3822.4724 -3612.4438 -3587.3633 -3867.3345 -3996.5293 -3973.9495 -3971.4431 -4040.8083 -4071.27 -4110.5669 -4159.2979 -4171.0708 -4173.0576 -4169.8779 -4198.2549 -4239.1616 -4240.3872 -4170.02 -4190.105 -4184.9448 -4242.0308 -4299.418 -4244.5205 -4216.8872 -4201.1357
-3142.6912 -3024.6321 -2576.218 -2209.4658 -2087.6365 -1939.8201 -1730.8329 -1509.5676 -1348.9069 -1069.7474 -520.1462 -352.8772 -866.5507 -1694.6205 -1972.6299 -2123.8027 -2267.9092 -1995.8011 -1990.1449 -2492.2207 -2489.5015 -2385.3333 -2792.7593 -3190.7144 -3461.6829 -3461.0981 -3027.6514 -2576.731 -3211.7107 -3700.835 -3689.0813 -3804.5317 -3842.4856 -3807.6643 -3752.3496 -3812.7246 -3953.4141 -3974.8552 -3975.896 -4042.6975 -4097.7832 -4126.8325 -4148.395 -4154.2412 -4152.2925 -4170.4775 -4157.7529 -4172.4473 -4238.4834 -4250.7734 -4196.7437 -4180.6182 -4170.7632 -4208.2354 -4227.6802 -4211.0747 -4220.8569 -4222.9893
-3142.1934 -2937.8269 -2500.4265 -2247.7419 -2128.1921 -1977.1816 -1788.678 -1586.6715 -1383.1411 -1074.3875 -668.6234 -742.9804 -1364.1954 -1817.8577 -1992.4884 -2219.1465 -2453.1777 -2275.5801 -2298.3975 -2593.9883 -2351.6245 -2223.0476 -2937.615 -3412.1211 -3524.938 -3526.7407 -3473.2805 -3494.4387 -3559.0505 -3577.8621 -3610.97 -3733.343 -3785.3745 -3878.4221 -3959.8271 -4012.6897 -4019.5435 -3960.1682 -3979.7981 -4065.3435 -4106.584 -4111.2593 -4120.5977 -4129.9785 -4135.7476 -4147.4302 -4140.4409 -4146.8008 -4148.812 -4152.5459 -4150.1846 -4130.3496 -4166.9414 -4187.3955 -4164.1729 -4179.1704 -4224.4971 -4231.7261
-3074.7507 -2850.0864 -2483.0715 -2242.2478 -2150.3645 -2055.3999 -1878.2717 -1701.2676 -1454.3711 -1258.1467 -1186.6686 -1429.6985 -1814.8679 -1620.8683 -1658.6871 -2111.998 -2474.1069 -2544.8018 -2743.0457 -2939.3325 -2950.5847 -2927.6445 -3241.3301 -3601.4355 -3615.2554 -3544.4023 -3601.8777 -3674.5725 -3567.0618 -3475.8606 -3523.5432 -3550.155 -3589.0386 -3799.8923 -3919.573 -3893.5984 -3948.8286 -3906.9382 -3922.1006 -4008.031 -4080.937 -4052.4902 -4077.6204 -4118.8213 -4104.5737 -4094.0974 -4109.6743 -4147.063 -4128.8101 -4125.2197 -4126.8247 -4073.7419 -4119.9941 -4199.8442 -4187.7046 -4185.9756 -4149.8203 -4143.9678
-3096.5391 -2872.093 -2515.0693 -2280.1638 -2172.9143 -2067.4307 -1907.6573 -1722.2035 -1397.3495 -1143.0979 -1126.6864 -1554.2491 -1860.1342 -1684.5358 -1665.6707 -2119.3782 -2348.3887 -2470.2114 -2843.4902 -3089.675 -3274.6372 -3327.3452 -3491.2532 -3665.4539 -3690.9438 -3659.9358 -3622.8809 -3658.6235 -3512.9404 -3074.1755 -2729.8171 -2677.6687 -2765.5764 -3096.9302 -3386.7544 -3255.1685 -3396.3276 -3374.8586 -3380.8271 -3724.8555 -4121.8062 -4173.0317 -4119.5684 -4012.5527 -3952.8618 -4004.2505 -4071.2449 -4143.3018 -4137.4063 -4059.4749 -3989.2126 -4031.1292 -4134.6675 -4154.3818 -4163.8555 -4168.9243 -4027.5298 -4034.6702
-3118.6843 -2877.0735 -2488.9634 -2192.3413 -2036.2346 -1928.6108 -1820.3685 -1669.2545 -1338.0831 -1109.9609 -1142.2932 -1455.4897 -1744.6897 -1685.0127 -1565.2708 -2003.3511 -2278.248 -2492.8274 -2988.4819 -3174.0034 -3242.6858 -3300.1599 -3431.8638 -3453.3848 -3422.6338 -3484.49 -3561.0063 -3692.075 -3655.428 -3186.6167 -2735.0813 -2781.3325 -2901.9739 -3103.1711 -3380.9075 -3341.052 -3404.9666 -3222.7983 -3081.8232 -3615.6816 -4255.9644 -4281.2549 -4062.0332 -3728.3013 -3636.0334 -3863.1807 -4026.9436 -4120.687 -4094.4934 -3913.6929 -3819.073 -3957.1968 -4102.8853 -4114.9087 -4149.707 -4144.7319 -3975.9939 -3993.2981
-2948.4238 -2642.6426 -2284.3689 -1990.6545 -1870.9794 -1831.2245 -1755.7379 -1619.7083 -1302.9954 -1186.2767 -1236.5109 -1280.9485 -1634.3678 -1647.9442 -1375.0331 -1736.1774 -2225.3911 -2598.6685 -2980.8457 -3080.7786 -3082.2622 -3172.2603 -3307.2378 -3198.2932 -2737.855 -2676.2683 -3246.5452 -3707.2585 -3801.5918 -3689.9502 -3606.0981 -3727.0347 -3804.5713 -3861.6477 -3910.0842 -3911.6948 -3930.0344 -3916.1035 -3813.5356 -3902.7166 -4135.9863 -4172.3594 -4084.2761 -3973.4346 -3865.3069 -3895.9705 -3967.2388 -4051.9512 -4059.0066 -3997.6404 -4016.1787 -4040.2593 -3998.9768 -4047.5005 -4144.1211 -4166.4248 -4110.4399 -4112.2832
-2875.8938 -2404.002 -2027.9221 -1776.4158 -1696.6519 -1731.4299 -1731.0521 -1512.7637 -1214.8682 -1300.2278 -1433.8101 -1273.6709 -1491.6392 -1620.0071 -1469.4557 -1630.106 -2119.3845 -2482.252 -2827.949 -2931.9592 -2927.1331 -2997.4324 -3228.4412 -3160.7195 -2641.2129 -2498.5291 -3118.9131 -3678.4482 -3835.5247 -3836.186 -3840.6833 -3902.5244 -3942.7361 -3944.3704 -3949.719 -3965.9675 -3980.6812 -4062.4976 -4041.1855 -3712.2615 -3512.6638 -3731.1619 -3956.6748 -4034.7815 -4031.0051 -3990.5696 -3960.1023 -3983.3374 -4028.2791 -4036.3652 -4066.8823 -4083.0259 -3991.6174 -3990.4038 -4060.0781 -4062.7622 -4030.5286 -4023.9207
-2813.7773 -2234.0317 -1848.6631 -1621.6499 -1560.3539 -1683.2898 -1710.8522 -1419.2048 -1215.0833 -1479.7416 -1654.8406 -1464.0715 -1559.2823 -1678.3647 -1648.4016 -1644.6373 -1911.0941 -2288.3655 -2654.6838 -2874.7664 -2970.7402 -3096.5476 -3269.6011 -3396.0044 -3348.8516 -3327.8899 -3495.8462 -3700.6597 -3802.416 -3846.4883 -3880.2056 -3904.8628 -3923.6155 -3913.0066 -3911.6282 -3944.2183 -3968.2129 -3943.9448 -3832.0999 -3545.5325 -3371.1311 -3557.0291 -3640.7048 -3721.2222 -3942.0732 -4044.5964 -4023.4927 -3982.1521 -3984.0779 -3965.0544 -3936.2686 -3971.4155 -3987.6541 -3995.9956 -3991.1689 -3916.1816 -3900.0442 -3984.8257
-2744.8706 -2207.5012 -1870.3519 -1615.8726 -1482.5405 -1598.3145 -1597.035 -1314.7981 -1295.4641 -1647.6638 -1815.578 -1758.1493 -1827.3048 -1830.4982 -1771.1782 -1587.2112 -1735.3191 -2208.4204 -2514.5586 -2775.0581 -2768.3694 -2785.9685 -3061.9788 -3422.3579 -3522.7827 -3564.5449 -3644.8025 -3726.6553 -3802.4751 -3848.2949 -3873.1963 -3889.439 -3921.4644 -3923.3833 -3909.5691 -3931.5496 -3959.9233 -3917.0349 -3820.6665 -3813.519 -3881.5947 -3781.3801 -3352.0474 -3276.1206 -3738.49 -4011.9626 -4030.9158 -4014.5261 -3957.6724 -3926.2407 -3942.1575 -3914.1714 -3928.0774 -3972.6011 -4015.5916 -3952.0947 -3871.0168 -4024.3599
-2755.1943 -2322.5664 -2004.2802 -1644.4183 -1408.3927 -1458.3368 -1389.0034 -1192.3531 -1461.3704 -1878.168 -1781.4036 -1613.9104 -1885.8092 -2045.2662 -1910.2659 -1644.4943 -1613.2267 -2001.8597 -2270.4731 -2499.0029 -2143.0183 -1665.804 -2103.4844 -3020.8369 -3442.9495 -3507.552 -3618.1931 -3722.8083 -3763.2732 -3811.6873 -3851.3049 -3890.646 -3933.9917 -3926.6855 -3888.4211 -3907.0793 -3939.4622 -3961.4639 -3933.9324 -3931.4834 -3998.4041 -3924.9216 -3636.3892 -3586.9536 -3874.8752 -3980.0413 -3928.9707 -3936.6807 -3913.5256 -3893.7246 -3919.2422 -3861.0159 -3838.0625 -3871.0342 -3996.9551 -3922.0972 -3733.6382 -3920.6936
-2754.2146 -2437.3228 -2154.988 -1740.3121 -1477.0696 -1454.962 -1272.2018 -1137.579 -1532.4807 -1902.0223 -1587.5608 -1362.3414 -1898.8901 -2277.678 -2165.8464 -1783.924 -1537.6979 -1768.4397 -2077.2329 -2345.7302 -2056.5168 -1450.1318 -1750.7462 -2736.3259 -3222.8049 -3138.1021 -3232.2219 -3348.7344 -3287.8198 -3549.8167 -3787.9851 -3871.1516 -3895.415 -3893.0085 -3838.4336 -3815.8545 -3835.7585 -3892.7004 -3938.4656 -3915.825 -3914.9121 -3971.8899 -3948.5916 -3942.0964 -4000.2747 -3940.2773 -3860.2795 -3849.7451 -3848.8882 -3855.5957 -3871.6182 -3816.8279 -3768.1743 -3782.187 -3919.5388 -3850.8054 -3844.9431 -3940.5762
-2688.4011 -2460.1616 -2260.8835 -1966.0249 -1748.0841 -1676.2759 -1449.5668 -1274.3466 -1590.723 -1973.5652 -1751.521 -1569.2764 -2032.8743 -2382.3645 -2346.9575 -2050.6475 -1951.5022 -2096.0476 -2387.1228 -2735.7927 -2871.5122 -2784.5283 -2914.2258 -3237.501 -3316.1855 -3073.5566 -2966.6343 -2712.3479 -2300.2893 -2923.6653 -3663.1045 -3809.4465 -3840.1843 -3870.7942 -3796.5254 -3759.8462 -3795.8721 -3826.1821 -3896.5652 -3894.8789 -3834.3503 -3904.7285 -3936.6965 -3929.2346 -3953.7856 -3914.6123 -3853.1277 -3772.7471 -3741.5144 -3791.8469 -3864.7227 -3842.5112 -3798.021 -3800.4341 -3892.3562 -3827.0586 -3835.7456 -3919.6523
-2533.7659 -2380.0901 -2323.3145 -2223.9712 -2054.7654 -1885.5861 -1678.6824 -1540.0353 -1720.5082 -2030.6459 -1977.3844 -1885.9076 -2068.521 -2215.5576 -2400.5325 -2364.5518 -2404.9624 -2527.4604 -2712.397 -3009.8887 -3242.4363 -3298.908 -3362.7 -3474.1841 -3511.9165 -3461.5186 -3357.9817 -2926.2507 -2311.7361 -2712.2559 -3531.179 -3718.2241 -3825.4734 -3880.8904 -3807.5918 -3793.1797 -3836.8752 -3833.2375 -3899.7161 -3901.7488 -3798.4463 -3864.5618 -3971.5491 -3953.6531 -3905.2991 -3870.3328 -3840.9395 -3769.1682 -3696.52 -3722.3467 -3812.8171 -3854.6792 -3875.313 -3861.3242 -3876.1792 -3828.908 -3699.8931 -3724.4619
-2475.3057 -2385.2456 -2416.6563 -2404.1733 -2293.885 -1949.7095 -1648.8038 -1625.3998 -1768.2552 -1934.7903 -1916.2124 -1914.4204 -1957.5184 -1996.944 -2357.6702 -2459.9746 -2457.6831 -2543.6914 -2725.4585 -3049.9233 -3291.2297 -3346.1228 -3382.7402 -3494.3621 -3546.9036 -3537.4014 -3567.175 -3518.439 -3229.6243 -3198.9468 -3534.5334 -3674.4202 -3785.324 -3859.7471 -3820.4861 -3756.2671 -3798.2329 -3860.9392 -3928.7852 -3940.6904 -3880.9121 -3898.166 -3952.4915 -3924.9063 -3855.0432 -3824.96 -3823.4233 -3787.5752 -3734.7554 -3751.3374 -3786.6484 -3829.2969 -3874.4336 -3850.2444 -3842.4512 -3857.4189 -3709.354 -3627.1101
-2551.4143 -2473.4944 -2487.4263 -2522.584 -2495.5552 -2115.4863 -1733.9984 -1686.0892 -1822.8469 -1891.7194 -1876.6149 -1918.0701 -1972.6724 -2082.8838 -2382.2942 -2407.502 -2375.9214 -2460.8928 -2608.0403 -3040.7112 -3357.3254 -3431.1123 -3414.23 -3462.1724 -3530.2183 -3543.3252 -3579.0164 -3621.8386 -3577.1428 -3562.5994 -3650.9822 -3673.6724 -3719.4387 -3831.752 -3832.8723 -3734.2739 -3779.179 -3902.4956 -3955.1094 -3976.4172 -3963.928 -3914.7046 -3887.635 -3880.6082 -3836.2595 -3810.3792 -3776.9785 -3721.8811 -3724.4949 -3771.187 -3780.5544 -3800.9749 -3827.6204 -3779.8047 -3745.0559 -3829.9292 -3824.8887 -3662.4741
-2663.1675 -2557.6113 -2506.1011 -2517.1064 -2511.78 -2237.1528 -1856.3656 -1725.9779 -1804.1146 -1874.5669 -1956.1409 -1994.0234 -2057.9138 -2216.0747 -2368.8372 -2342.9756 -2298.7637 -2354.4834 -2449.947 -2905.6807 -3341.4221 -3438.124 -3404.3643 -3438.9514 -3523.707 -3541.7021 -3606.6003 -3646.4377 -3647.1655 -3677.7988 -3716.5999 -3703.8401 -3707.908 -3820.2056 -3883.8762 -3844.8181 -3843.3137 -3926.8418 -3986.2039 -3977.6479 -3868.9722 -3781.248 -3795.5605 -3862.1174 -3864.2534 -3802.144 -3702.6707 -3651.2651 -3689.1777 -3755.2664 -3804.3328 -3810.2625 -3813.4902 -3747.0588 -3705.1907 -3803.2349 -3833.7434 -3692.8394
-2693.2686 -2582.6287 -2496.2561 -2475.1882 -2429.8931 -2213.9722 -1905.0471 -1808.1362 -1871.656 -1901.3898 -1992.2067 -2026.8914 -2104.342 -2203.4609 -2250.5752 -2254.74 -2251.3286 -2305.7295 -2364.3958 -2687.9624 -3133.1025 -3275.498 -3333.0103 -3404.7644 -3511.3176 -3569.6118 -3614.3811 -3641.063 -3646.5959 -3665.7888 -3688.6914 -3724.677 -3720.9375 -3749.7969 -3783.4883 -3791.8452 -3845.1782 -3965.7754 -4012.5427 -3888.3726 -3664.7874 -3685.7063 -3830.4934 -3900.1228 -3902.3726 -3807.741 -3685.7483 -3634.5332 -3671.8862 -3713.5603 -3782.4421 -3812.8398 -3744.0476 -3573.6099 -3607.7385 -3753.7168 -3737.8022 -3718.4805
-2687.1941 -2563.9736 -2465.8069 -2480.6309 -2377.1743 -2149.4485 -1953.6926 -1885.2405 -1852.1875 -1749.0029 -1773.4686 -1903.7521 -2015.8676 -2088.447 -2109.1465 -2155.4465 -2266.0876 -2321.2739 -2323.3516 -2468.3818 -2764.8987 -3040.3372 -3232.1592 -3338.9624 -3459.616 -3570.5352 -3565.2053 -3609.0024 -3621.7654 -3593.8167 -3608.1069 -3663.5789 -3660.2268 -3663.5696 -3657.0156 -3653.7712 -3780.7742 -3958.9668 -3950.9861 -3797.1272 -3645.8201 -3756.8628 -3893.3032 -3895.8596 -3870.5173 -3805.3091 -3720.6533 -3628.8547 -3638.8813 -3679.8765 -3728.2883 -3746.9026 -3605.4072 -3349.2554 -3490.8533 -3689.4197 -3649.6907 -3714.7136
-2619.8218 -2532.178 -2431.9924 -2410.8953 -2269.7625 -1928.0361 -1679.6637 -1659.7188 -1628.9573 -1625.2776 -1668.3154 -1788.8818 -1888.7938 -1986.3815 -1994.4547 -2065.218 -2338.7888 -2423.8674 -2384.3994 -2326.053 -2441.5964 -2750.9014 -3067.9299 -3308.7478 -3460.8938 -3565.9275 -3544.8567 -3588.8132 -3605.2334 -3560.2532 -3558.7048 -3567.8665 -3548.7329 -3539.7871 -3543.6089 -3584.1011 -3694.4045 -3799.8503 -3773.293 -3740.3364 -3772.4185 -3843.3428 -3850.9661 -3826.6997 -3762.4514 -3717.2742 -3704.106 -3619.6123 -3615.238 -3678.0313 -3707.5823 -3690.3152 -3583.6597 -3456.0796 -3566.5935 -3667.6204 -3600.9873 -3643.7986
