Resources/Map/Lvl0_30x30/Ele_FE.asc
ncols         335
nrows         335
xllcorner     -6645000
yllcorner     -10075000
cellsize      10000
nodata_value  -99999.0
[rows 234 to 259 of 335, columns 60 to 119 of 335]
-1474.6047 -1470.0313 -1465.1337 -1459.2635 -1453.3219 -1448.1238 -1443.101 -1438.3004 -1433.9548 -1430.6213 -1427.5656 -1425.55 -1423.1755 -1421.188 -1420.1976 -1420.2513 -1420.5115 -1419.3333 -1416.0275 -1410.8595 -1405.307 -1400.6425 -1398.0953 -1396.052 -1394.5514 -1393.6924 -1391.7841 -1390.5531 -1388.3318 -1386.1396 -1384.4247 -1385.0087 -1386.8661 -1390.2657 -1393.9884 -1398.8519 -1403.2256 -1406.8147 -1407.3467 -1404.7692 -1399.5428 -1391.8369 -1382.457 -1371.0371 -1358.5702 -1345.6351 -1333.0905 -1322.5441 -1314.244 -1308.7629 -1305.5681 -1304.795 -1306.1101 -1308.2443 -1309.1477 -1309.2659 -1308.517 -1307.5333 -1307.576 -1307.8352
-1511.2878 -1506.39 -1502.5264 -1499.1606 -1495.041 -1490.9529 -1486.8647 -1482.7621 -1478.9973 -1475.2969 -1470.6503 -1465.8224 -1460.9491 -1456.6401 -1452.8983 -1450.1995 -1448.5017 -1447.28 -1445.6462 -1443.2675 -1441.6239 -1440.246 -1439.7181 -1439.3843 -1439.614 -1440.533 -1441.5659 -1446.0718 -1451.6282 -1457.6167 -1464.1494 -1471.6814 -1479.8348 -1488.9718 -1497.2341 -1503.9884 -1506.1648 -1504.6025 -1498.8203 -1489.4795 -1478.0475 -1464.4911 -1449.1125 -1433.6296 -1417.7998 -1402.2958 -1386.9036 -1374.0354 -1363.3099 -1354.2094 -1345.5973 -1338.3033 -1331.5975 -1324.2341 -1314.7531 -1304.5793 -1293.3878 -1280.9385 -1267.4332 -1252.45
-1543.4482 -1540.3848 -1537.4368 -1534.8813 -1532.188 -1529.2738 -1526.8824 -1524.8407 -1523.1647 -1521.7555 -1519.5079 -1516.739 -1513.4481 -1509.3965 -1504.7994 -1499.6794 -1493.7834 -1486.7968 -1477.6526 -1467.115 -1457.3173 -1449.4146 -1443.2646 -1437.9855 -1433.5886 -1430.979 -1431.9882 -1438.7451 -1447.3271 -1456.8472 -1465.7075 -1474.3971 -1483.9833 -1494.1543 -1503.9071 -1511.6957 -1516.9049 -1518.9788 -1516.7994 -1509.4728 -1498.5612 -1485.1315 -1470.311 -1455.5585 -1441.4098 -1427.6683 -1411.6198 -1394.0704 -1374.0042 -1353.2803 -1332.0968 -1311.8021 -1291.022 -1266.376 -1236.7944 -1204.6012 -1170.4336 -1134.5522 -1096.7635 -1057.9321
-1573.0092 -1571.22 -1565.4139 -1556.0613 -1547.6563 -1542.048 -1539.7462 -1537.7994 -1535.1587 -1532.3027 -1528.9298 -1522.5242 -1509.592 -1491.1564 -1470.2051 -1448.8022 -1428.4116 -1411.5548 -1397.1514 -1383.0735 -1367.6482 -1353.6293 -1342.9325 -1334.6865 -1325.5548 -1315.6426 -1309.8256 -1313.4087 -1324.8502 -1341.1331 -1354.7219 -1366.2435 -1379.7908 -1396.0546 -1413.6158 -1428.8417 -1439.8918 -1447.7483 -1451.8551 -1449.6693 -1440.5857 -1424.3292 -1403.6527 -1378.5985 -1352.4496 -1325.0836 -1293.9678 -1260.2981 -1223.4063 -1188.217 -1157.0721 -1130.3573 -1102.2714 -1066.9395 -1024.9949 -982.5946 -943.6905 -908.772 -877.6945 -849.9567
-1576.5844 -1574.592 -1563.1637 -1546.7203 -1531.0875 -1517.9235 -1504.4072 -1487.449 -1468.171 -1448.8058 -1428.4807 -1399.8429 -1358.0219 -1309.317 -1263.559 -1227.0865 -1199.2631 -1179.0581 -1163.3431 -1147.5863 -1128.3433 -1108.3085 -1091.511 -1078.2548 -1065.1469 -1051.5387 -1043.8387 -1050.0088 -1067.681 -1087.4724 -1101.6943 -1113.6056 -1130.9247 -1153.6245 -1176.0854 -1193.501 -1207.3792 -1222.4865 -1236.0009 -1240.7968 -1233.3911 -1215.7832 -1190.5803 -1159.6996 -1125.925 -1089.9956 -1052.1887 -1014.8675 -978.1615 -944.09 -914.9102 -890.0867 -864.6065 -835.953 -807.0488 -785.3098 -773.3417 -767.8503 -766.485 -766.9291
-1513.9602 -1526.0586 -1533.6742 -1539.8824 -1544.6373 -1543.9357 -1533.1345 -1511.9657 -1482.17 -1443.7438 -1397.0159 -1338.0859 -1268.1818 -1195.6273 -1127.8344 -1069.4259 -1018.8289 -974.5567 -934.7503 -895.7859 -854.3513 -811.4873 -773.9506 -747.8864 -735.4645 -730.981 -732.4821 -742.2947 -757.4111 -773.0047 -786.4048 -799.878 -817.9449 -837.0806 -852.5074 -863.5958 -875.6761 -893.9973 -916.9666 -937.3549 -946.5207 -940.4258 -918.7639 -887.5563 -854.8942 -824.6703 -798.5537 -775.6882 -755.1135 -735.7001 -718.5717 -705.8413 -697.8925 -694.6257 31.8941 54.8346 82.5707 103.561 141.2101 143.0438
-1309.8896 -1337.0439 -1365.6433 -1392.4688 -1414.459 -1425.4592 -1423.7469 -1409.8335 -1381.2224 -1335.9871 -1279.3728 -1213.8877 -1143.5648 -1072.4409 -1001.6401 -933.1696 -868.1486 -806.5748 -750.2172 -700.3025 -657.4026 -621.5788 -594.8388 -581.4726 -581.3826 -588.3729 -595.9506 -603.3317 34 50.0577 45.0783 40.4836 49.1513 56.365 107.302 112.964 122.7961 136.8737 136.0014 133.5842 137.9816 157.6653 151.9781 171.5576 159.0842 172.8084 187.0094 189.2022 205.1755 210.8681 201.3469 185.7382 215.4454 196.2482 202.3983 200.1348 218.777 211.7358 221.8299 252.5387
-978.3526 -985.1748 -994.0997 -1006.9764 -1018.8649 -1024.6904 -1020.3926 -1005.8813 -980.8408 -946.1467 -907.8428 -869.9106 -833.104 -795.8958 -755.3657 -712.3714 -670.1069 -629.1974 -592.0093 -561.3989 -540.1841 47.925 57.6629 83.2599 139.5933 147.6151 156.0421 173.4362 168.6348 156.85 168.1406 181.3771 197.0392 192.4233 203.3154 208.7957 215.0301 217.5605 244.5091 258.1431 275.8894 287.5486 291.9129 302.1964 298.0221 284.4588 293.7889 308.0572 324.531 331.4773 344.5082 354.7091 369.4717 360.7359 370.0615 381.4221 373.8966 389.5663 390.3678 377.1357
-767.6631 -764.0068 96.2386 97.4007 108.0151 -762.6208 -756.9066 17.4162 37.7015 77.9061 85.9663 70.5491 108.1596 108.7226 94.0138 122.9591 109.8859 144.3482 146.5796 159.6092 168.9656 182.7232 192.1355 208.7492 207.0465 211.6296 217.9903 223.8594 252.6331 256.7415 274.6321 296.9168 303.9388 307.7655 317.4664 345.0016 341.8815 343.2197 363.8088 391.1526 406.0549 419.1136 417.8013 425.5719 446.9638 456.9191 468.205 486.4218 500.9296 512.4891 501.7234 513.9439 528.1957 527.767 537.8566 534.7259 528.483 533.329 520.5775 539.7747
117.3218 140.41 137.2064 116.2119 128.5011 174.7703 165.36 133.2516 173.601 179.3347 154.2356 192.1687 200.3745 233.3695 215.884 213.2471 225.385 240.6384 244.8342 262.1059 278.7783 263.41 281.6646 300.3047 285.9923 296.072 313.997 326.7586 340.4928 357.9763 372.2158 382.6479 382.3145 397.9922 409.9353 423.7076 439.4897 454.5429 470.9552 480.9359 488.1815 509.7837 525.0333 532.1278 542.1281 555.8537 570.1031 581.2426 592.1204 603.2335 617.0646 613.3954 624.451 625.9608 639.3389 639.3257 629.6345 636.4247 668.5206 640.5404
126.7935 155.7802 186.453 225.4506 219.9593 199.3451 200.1661 186.4798 216.0206 241.4439 241.8883 220.7498 246.892 260.6133 240.7343 274.2561 313.3217 352.562 346.0307 336.3725 346.0958 377.1676 397.4553 378.2776 391.7087 363.4134 389.0056 399.1458 389.6313 414.2108 428.8469 444.8153 447.2643 456.5395 474.6697 481.2397 494.1357 483.0053 521.4934 528.2461 543.8821 571.975 604.5208 637.2071 662.4617 697.0789 750.494 768.2361 790.8646 813.1031 815.4578 816.7574 806.1373 806.1575 794.9932 790.3431 781.9548 776.3702 764.7539 738.4384
239.0937 257.7957 292.8999 287.3185 300.4804 310.1719 306.7979 284.78 309.1936 348.8031 341.3076 332.8711 385.5249 378.8903 410.5344 391.4684 431.3883 449.8956 449.4572 456.425 483.3026 544.285 500.9934 503.2692 496.3309 512.6648 507.7068 516.3862 525.6528 532.3069 526.909 529.6594 538.5558 526.2722 400.4632 312.4186 322.222 407.4089 701.8622 698.2609 867.0888 954.977 977.838 972.3086 987.3015 972.8572 964.0917 958.7469 954.8292 938.4147 929.0507 926.2073 913.5034 912.832 898.4713 911.6134 884.3752 864.0342 843.4613 860.0895
379.3333 404.7405 384.0058 376.461 391.1541 406.2743 423.3366 435.9194 469.7049 478.3535 449.9188 496.5857 524.84 536.954 564.6185 599.4173 594.1007 632.4484 635.5439 659.4297 667.7175 690.1136 691.4797 648.3905 726.6829 686.1736 737.0182 802.4168 1104.6689 715.4298 728.5183 742.4407 747.67 1054.5636 1190.356 1210.7352 1155.0538 1150.7284 1130.4427 1098.2505 1073.353 1084.504 1050.2283 1049.6348 1047.8655 1051.2234 1031.6758 1038.7813 1005.653 1008.6569 989.9406 992.3445 1010.3908 1004.0784 1008.9458 983.824 984.4891 981.6757 957.6473 942.1131
465.894 479.6164 508.8911 531.4538 524.7276 513.9115 509.6876 540.0384 581.5619 629.1797 669.0191 688.7763 757.82 773.3151 781.321 866.0651 845.631 916.8041 918.0824 901.5333 899.4424 921.2548 971.2623 997.1787 1005.3466 1000.1587 1026.2202 1050.4443 1057.0967 1057.2759 1071.7926 1085.814 1090.2924 1100.6968 1115.4156 1126.9097 1130.7909 1143.1821 1135.2397 1119.0955 1125.6366 1127.5581 1133.9883 1126.6838 1115.207 1103.5374 1091.7313 1067.432 1089.6986 1068.8376 1064.2882 1063.0717 1063.9319 1066.3878 1061.3011 1059.3766 1055.2589 1055.1238 1063.2584 1047.252
597.6384 609.1012 623.0095 621.5602 614.8038 605.1899 621.7434 637.9484 645.3572 685.9409 715.2814 742.7726 773.3273 782.3283 813.5498 847.113 868.4315 886.4115 887.6605 901.8691 907.1503 930.4134 948.5892 962.9024 980.9625 977.2889 994.5578 1008.5898 1020.2919 1031.1975 1046.1744 1057.1479 1070.2048 1071.7698 1077.6183 1089.0554 1100.3541 1107.7686 1115.4933 1137.6567 1135.4238 1145.9994 1158.3721 1158.059 1165.1104 1164.0011 1170.5016 1157.9921 1151.92 1134.7214 1144.8341 1149.7003 1146.4012 1152.8834 1163.5132 1155.2823 1154.4049 1167.6838 1152.5015 1156.6249
731.1219 714.6608 736.8881 754.5359 755.1701 751.0719 762.1191 754.7596 868.3043 961.1802 929.4139 943.9851 941.0663 949.1178 955.2215 959.0704 956.2012 973.2697 980.8768 989.9805 1003.9003 1025.7264 1031.0299 1035.5178 1049.8043 1054.2559 1056.9347 1055.8354 1051.4431 1081.3091 1080.129 1092.854 1102.9395 1115.162 1126.1829 1118.6807 1136.7817 1143.2426 1170.843 1180.9218 1190.1838 1194.0819 1196.9058 1195.5774 1201.2701 1210.7723 1210.4824 1216.7598 1220.4919 1221.2664 1227.5751 1246.7688 1255.8497 1262.8695 1270.3235 1266.9747 1268.2899 1266.6182 1281.937 1252.9396
848.5273 856.1721 874.7468 866.1193 880.5689 914.0443 900.2016 901.6708 909.1295 924.5912 942.8362 955.8649 976.1883 994.042 1001.5695 999.7126 1023.6033 1030.642 1041.8877 1055.8125 1090.2147 1119.2568 1123.1753 1135.0852 1143.9962 1149.3972 1156.0387 1157.8873 1165.3716 1175.5063 1183.8098 1195.4744 1201.3379 1223.8091 1215.5529 1197.0585 1200.8633 1202.2639 1233.9464 1238.2877 1245.983 1257.9387 1259.9043 1273.1775 1265.262 1270.3643 1267.3665 1272.1221 1275.2777 1297.2854 1308.71 1348.2719 1348.4479 1336.1863 1334.7153 1318.4556 1306.5149 1313.8441 1273.0892 1253.0626
241.5769 208.6252 179.6582 159.2392 147.7025 145.9408 151.0282 163.1318 182.8618 208.0483 235.6779 264.394 291.0361 313.5305 332.1295 347.8499 361.6097 373.2926 382.4253 386.4857 383.2498 373.4457 359.6124 344.808 330.9483 318.2276 306.0272 294.0427 282.629 272.7305 266.2644 259.2752 255.0844 252.7065 256.124 267.234 287.1427 317.6278 357.8104 406.8203 460.86 517.0838 572.6003 625.3678 674.0092 717.8791 758.1742 795.3063 829.6074 860.688 888.6464 912.1108 930.9378 943.7919 950.752 949.7116 938.5049 910.7706 862.1462 792.3646
415.7812 361.2338 305.578 253.5407 207.5334 170.2792 142.5438 127.6831 128.0598 144.3387 172.4958 210.7893 254.793 298.9776 341.3348 380.1995 414.3545 444.1528 469.5424 490.9739 508.9336 524.4614 537.1625 545.8071 550.2285 552.3034 552.1104 549.2929 545.9923 540.8569 538.693 539.9207 547.3409 561.1696 581.2733 607.9294 641.3099 679.1826 721.351 767.5399 813.4686 856.7515 893.8686 920.809 939.0901 950.4684 960.7108 971.79 985.6042 1002.9694 1022.0571 1041.0308 1058.0347 1068.8751 1069.7467 1056.2849 1023.6957 966.4592 879.6519 769.0716
453.5829 403.8645 352.5945 305.7465 265.7667 236.3602 220.4132 217.4731 229.1133 254.617 289.2828 331.7587 379.875 429.9872 479.0666 524.9478 566.0148 599.5343 624.7782 643.8748 658.649 670.7367 681.8745 693.0413 703.8238 715.5157 730.6609 749.9581 773.0131 798.6688 826.6752 854.7519 883.5765 912.5359 940.5799 972.6354 1004.8453 1037.4247 1067.6311 1093.5734 1113.1151 1127.4224 1133.4691 1129.8875 1117.4872 1099.9459 1080.3031 1062.3534 1048.726 1040.25 1036.1431 1033.7655 1029.1328 1017.9348 993.2155 947.0616 877.1201 777.5943 649.2908 504.0511
484.2999 445.9379 415.3035 394.2706 383.1375 385.1662 402.9651 436.4467 483.857 541.1019 602.2554 663.73 721.647 774.702 821.6102 860.7217 888.9871 903.7699 907.6996 904.5594 899.2808 896.3826 898.3464 905.9842 917.9708 932.5228 948.0413 966.9212 989.2809 1017.761 1051.4943 1087.4956 1122.9465 1163.1078 1214.5378 1285.3682 1369.5653 1446.9114 1498.0828 1504.0227 1468.0996 1403.4136 1319.4694 1234.3344 1154.0806 1085.2825 1027.2567 978.8723 935.2736 890.3942 846.9396 804.0559 758.4831 705.3239 638.6318 554.21 456.0467 344.6933 220.2801 87.5891
613.4888 607.626 611.2091 621.8563 640.2494 664.5541 694.0995 726.2749 758.9479 790.8577 821.3418 848.9147 873.6455 894.6745 910.3532 920.071 925.0665 927.9937 931.5991 938.0299 947.5519 960.1953 976.1724 997.4608 1024.8923 1057.609 1093.7559 1132.3165 1171.5945 1211.4156 1252.4885 1296.3362 1343.0018 1390.4684 1434.7142 1475.9698 1511.9099 1538.6343 1556.2229 1568.1012 1582.6038 1596.3879 1589.4294 1546.5895 1454.2747 1325.6372 1183.1874 1051.6323 943.3839 857.0695 780.1771 705.7061 628.5104 543.6177 448.7244 345.1033 234.514 118.2023 -3.8358 -129.4792
911.025 925.1761 935.2449 942.0607 946.4085 948.145 946.3026 938.6736 925.1252 906.6901 885.2018 861.7983 838.6543 816.2698 795.9418 780.1483 769.9733 767.2013 772.7995 787.0336 810.2995 841.9591 882.2786 933.0419 992.9415 1058.2374 1122.6702 1182.84 1238.1444 1289.3317 1333.4631 1369.1179 1390.2804 1390.6417 1371.8156 1344.8824 1307.8816 1265.1853 1215.2064 1162.6074 1116.2573 1074.4945 1030.46 974.3973 901.1433 818.4045 738.7155 671.375 612.0304 554.6299 493.6754 427.9885 357.2369 280.4389 196.1844 104.5815 5.7229 -99.0585 -207.6422 -318.4464
1050.4387 1057.2734 1056.3418 1049.7327 1038.7224 1021.7116 996.5204 961.739 916.4412 865.4158 811.6522 757.4713 705.3124 657.0291 615.8165 583.3291 558.5489 541.7278 535.4059 540.4665 556.9273 584.7618 623.3339 669.6853 719.6653 767.6003 808.5518 834.5177 848.664 849.4318 838.3182 818.3254 791.4021 756.688 712.3423 661.4121 603.112 542.4028 481.3407 419.2633 358.3009 296.3495 231.6837 166.4715 100.5821 39.053 -18.9041 -71.9986 -122.8114 -171.8608 -220.0895 -267.8293 -315.7805 -365.3469 -419.5813 -479.1206 -543.9648 -612.3469 -681.881 -752.0335
1064.2191 1046.1173 1031.7367 1018.5612 1000.6577 972.9542 927.2853 867.0701 799.2872 730.4918 663.0732 598.1216 536.7289 478.5735 424.5608 377.8833 338.482 306.4855 282.8829 265.8987 253.0132 242.7751 235.4504 230.6582 228.6841 229.0124 230.5059 231.195 228.257 220.9639 208.5119 192.4856 171.5056 147.0694 117.544 84.6613 46.6391 2.4372 -47.0127 -102.4815 -160.9368 -221.4643 -283.6384 -344.0365 -404.2793 -463.4068 -521.0435 -575.7433 -627.8683 -675.5961 -718.7546 -758.5176 -794.842 -830.1984 -865.545 -900.519 -936.8068 -972.2828 -1006.1887 -1038.5991
793.3658 752.5416 711.958 672.1555 631.7939 589.6536 546.1544 502.2943 460.4622 419.0226 377.8157 336.4413 295.6711 257.2936 223.633 194.137 167.1806 142.3858 120.1201 99.9312 83.0785 70.3916 60.5243 53.4378 48.7611 45.428 44.6548 46.2153 49.0434 52.0809 53.4096 51.7758 46.1143 36.2649 21.2923 2.0544 -26.2812 -62.0415 -105.2187 -155.7472 -214.3288 -277.1762 -344.7683 -413.397 -482.7383 -550.4871 -614.2629 -674.6773 -730.4177 -780.4352 -825.69 -864.3673 -896.4106 -923.2346 -945.9762 -965.817 -982.3287 -996.7476 -1009.0701 -1019.7881
