Resources/Map/Lvl0_30x30/Ele_CK.asc
ncols         335
nrows         335
xllcorner     13455000
yllcorner     -25000
cellsize      10000
nodata_value  -99999.0
[rows 130 to 155 of 335, columns 174 to 231 of 335]
-4839.5557 -4883.6108 -4860.9512 -4922.6001 -4844.1484 -4846.2881 -4950.7456 -5188.0786 -5112.7695 -4778.4805 -4665.4961 -4737.0884 -4828.9316 -4876.9941 -5044.1226 -5026.5146 -4958.0869 -4910.6528 -4752.8979 -4755.3774 -4967.2827 -4876.1167 -4786.9014 -4762.9663 -4956.0391 -4929.4961 -4672.7202 -4506.0229 -4789.7617 -5026.2734 -4746.1836 -5244.4058 -5300.1367 -5015.6836 -4846.5615 -4610.9087 -4360.168 -4645.7969 -4978.4038 -5016.6782 -4917.4941 -4682.0933 -4576.8071 -4684.8569 -4821.3232 -4845.7451 -4801.0405 -4753.0464 -4693.8848 -4676.29 -4651.2065 -4640.2002 -4642.5205 -4673.6045 -4721.6802 -4693.4731 -4661.6504 -4642.2544
-4738.4971 -4841.6104 -4818.939 -4924.0039 -4958.0884 -4878.9834 -4851.9189 -5009.3882 -5022.5542 -4802.436 -4628.5737 -4769.7031 -4936.3525 -4959.6836 -5050.8203 -4896.6909 -4793.5098 -4913.0391 -4864.8477 -5059.3213 -5140.3218 -4869.2974 -4926.6543 -5064.1655 -5048.4976 -4880.7217 -4745.1587 -4723.7036 -4656.1982 -4528.3892 -4932.0439 -6181.9932 -6077.9697 -5364.46 -4699.6201 -4388.9023 -4305.4463 -4633.3877 -5007.1445 -4909.8726 -4884.8657 -4515.7354 -4503.4331 -4669.8335 -4812.4795 -4815.7773 -4796.3252 -4763.187 -4725.8662 -4694.7158 -4677.6196 -4659.2632 -4660.772 -4653.7559 -4681.8428 -4682.6948 -4670.2593 -4656.7681
-5098.5444 -5040.7002 -4682.6021 -4807.2319 -4978.4893 -4942.3384 -4814.9761 -4747.2261 -4775.5132 -4848.2944 -5026.1606 -4960.5649 -5176.7305 -5167.041 -5066.978 -4671.9443 -4651.5117 -4952.6465 -4857.459 -5062.6245 -5047.5317 -4900.3691 -5049.123 -5003.6157 -4685.2183 -4651.8164 -4747.6958 -4693.8228 -4336.1382 -4311.0991 -5130.2061 -6313.021 -6408.6582 -5517.1484 -4647.4478 -4366.1416 -4624.7983 -4938.0474 -4880.2666 -4710.957 -4683.8765 -4732.001 -4814.0439 -4810.5493 -4813.2954 -4800.167 -4793.0986 -4768.396 -4708.3198 -4673.9712 -4658.2563 -4707.0884 -4691.0215 -4663.3657 -4683.7725 -4722.2876 -4713.8838 -4677.1196
-5358.8608 -5603.8179 -5111.1338 -5054.5659 -5028.4028 -5006.7393 -4788.1738 -4650.4058 -4764.3042 -4857.8413 -5044.4805 -5125.4395 -5230.5537 -5148.5332 -5021.6538 -4836.0244 -4891.3242 -4994.3149 -4755.3574 -4750.2358 -4919.7808 -5063.2349 -4977.0552 -4724.8452 -4508.73 -4693.4956 -4825.2271 -4626.4849 -4354.0107 -4486.7773 -4962.9434 -5730.4209 -6003.9302 -5229.6069 -4590.6602 -4502.9404 -4864.873 -4997.1758 -4775.314 -4588.4409 -4648.9238 -4796.9341 -4861.7607 -4832.9512 -4817.7861 -4809.6763 -4756.0327 -4751.8647 -4719.0332 -4691.3398 -4698.3594 -4744.0161 -4724.4004 -4722.4707 -4733.543 -4736.2427 -4718.4102 -4683.041
-5036.3018 -5324.1924 -5220.4116 -5217.6445 -4966.603 -4921.8135 -4699.0044 -4683.8223 -4833.9614 -4887.5942 -5005.2593 -5121.6807 -5230.9312 -5127.165 -4998.4785 -5049.1685 -5167.251 -5221.8584 -4974.1069 -5039.7832 -5242.3608 -5117.6948 -4880.3726 -4601.5063 -4601.9131 -4785.0762 -4701.5645 -4456.918 -4408.1089 -4711.4868 -4807.4414 -5091.0078 -5329.7646 -4949.1304 -4503.063 -4802.2793 -5099.9863 -4896.0811 -4689.6211 -4741.0103 -4803.3286 -4831.9736 -4825.9248 -4815.2422 -4823.8418 -4832.1274 -4811.1372 -4788.0239 -4739.126 -4684.0942 -4720.832 -4735.2764 -4721.5078 -4739.2041 -4741.6909 -4735.3105 -4709.9639 -4668.5762
-4858.2632 -5093.0811 -4990.1743 -5095.8398 -5043.2744 -4860.5425 -4725.4604 -4831.1079 -4873.1787 -4910.7227 -5002.2554 -5002.2334 -5096.2817 -5001.085 -4778.8926 -4932.3066 -5181.7437 -5347.9219 -5178.9106 -5198.0801 -5224.3384 -4966.6191 -4680.5718 -4604.7358 -4792.8428 -4856.6685 -4587.2393 -4321.4771 -4400.3765 -4778.4028 -4796.7378 -4913.2671 -4943.3481 -4773.4214 -4757.2183 -5023.0952 -4961.252 -4648.0098 -4538.585 -4692.041 -4800.0566 -4818.043 -4814.0347 -4816.729 -4830.0811 -4850.7178 -4829.2437 -4820.6245 -4761.0864 -4679.8921 -4750.4609 -4760.6978 -4720.833 -4736.3838 -4732.0815 -4727.499 -4703.7383 -4667.2676
-4867.2197 -4964.8789 -4938.0942 -4978.0708 -4893.4072 -4933.6519 -5024.3008 -4952.3555 -4883.459 -4781.7461 -4844.771 -4850.0791 -5040.0068 -5117.6387 -4867.1016 -4814.7217 -4979.7861 -5248.7896 -5117.3096 -4853.9287 -4769.7773 -4667.3438 -4486.2114 -4609.3696 -4885.1216 -4769.3027 -4447.8809 -4428.7632 -4676.4658 -4633.5459 -4699.2163 -5065.5034 -4831.0591 -4719.9746 -5029.2583 -4924.0142 -4595.688 -4548.6025 -4552.0928 -4721.7681 -4788.4917 -4753.2012 -4773.0127 -4840.5405 -4862.7417 -4859.729 -4841.9473 -4834.7676 -4806.5195 -4766.4351 -4807.0649 -4809.3242 -4743.3765 -4743.2012 -4726.9756 -4707.1411 -4697.8677 -4672.8813
-5080.4521 -4960.8882 -4838.6885 -4818.4712 -4688.8511 -4924.981 -5052.7974 -4995.0898 -4965.731 -4802.6851 -4777.332 -4796.5664 -4976.0879 -5158.4102 -5051.6543 -4897.5229 -4870.0718 -4915.1367 -4795.2104 -4603.7515 -4551.5425 -4665.0469 -4795.3008 -4879.6934 -4777.4165 -4464.1543 -4330.5156 -4730.9624 -4896.5732 -4516.1104 -4812.9414 -5330.6084 -5143.7563 -5060.1826 -5031.377 -4675.0132 -4364.6553 -4484.2642 -4777.1606 -4837.6025 -4757.3652 -4726.9521 -4820.7065 -4890.7217 -4900.0415 -4885.4517 -4822.6357 -4813.7085 -4851.9888 -4833.7441 -4837.2349 -4807.5273 -4762.5156 -4767.6094 -4746.9009 -4713.6504 -4701.3677 -4677.4302
-5042.8813 -4726.1138 -4485.0215 -4560.9795 -4706.7803 -4972.9961 -5059.5117 -5045.0322 -4985.2803 -4888.1152 -4919.8071 -4880.4785 -4927.7993 -5188.0474 -5097.6563 -4819.2983 -4890.4214 -4868.584 -4726.4619 -4665.3184 -4595.2529 -4826.9336 -5154.417 -5056.0552 -4611.689 -4240.5669 -4505.1567 -5054.231 -5050.7505 -4844.0918 -5138.0122 -5214.541 -5076.6919 -5017.0771 -4772.1826 -4444.0107 -4119.2666 -4352.0332 -4797.0459 -4831.7334 -4788.3452 -4856.1553 -4906.8477 -4906.1025 -4885.1445 -4862.3223 -4771.1807 -4796.5244 -4881.5825 -4838.4717 -4807.9785 -4794.7202 -4768.3462 -4767.6504 -4757.0718 -4737.2407 -4731.0547 -4699.3882
-4719.9844 -4411.833 -4344.29 -4539.5254 -4810.1899 -4902.1021 -4992.0693 -5026.6563 -4848.8501 -4831.7246 -4992.6851 -4898.5488 -4853.5015 -5090.4316 -5030.502 -4804.4199 -5078.6206 -5009.3579 -5004.4229 -5035.9766 -4931.4497 -4949.769 -4986.4277 -4823.042 -4510.1895 -4355.9341 -4804.2725 -5010.9282 -4905.5708 -5046.3984 -5142.5215 -4893.5347 -5105.981 -4892.9346 -4604.6382 -4374.9077 -4403.9473 -4659.3765 -4844.5176 -4822.3374 -4716.3081 -4834.1631 -4915.0132 -4864.4414 -4856.7466 -4854.4697 -4824.3525 -4854.0801 -4835.7896 -4777.437 -4772.9009 -4786.3442 -4781.1221 -4774.5161 -4765.4038 -4754.1523 -4751.1719 -4705.3291
-4608.6631 -4542.6738 -4684.6411 -4763.8491 -4859.8838 -4755.5264 -4917.709 -5020.6147 -4736.8242 -4665.9004 -4943.1001 -4993.2505 -4962.7568 -5090.3564 -5034.2163 -4986.7661 -5258.3604 -5015.9497 -5095.3594 -5175.3574 -5043.166 -4846.2578 -4579.7017 -4517.5005 -4630.502 -4759.0947 -4885.4775 -4598.4307 -4527.2563 -5028.7129 -5093.2334 -4829.125 -5081.2485 -4903.1934 -4699.4385 -4575.0649 -4569.8652 -4736.7593 -4805.127 -4692.8335 -4597.7871 -4699.6392 -4830.6729 -4812.5054 -4842.2695 -4914.5361 -4918.6616 -4873.9014 -4796.665 -4740.4468 -4755.9673 -4762.1333 -4794.5942 -4787.958 -4771.063 -4751.8828 -4734.7739 -4688.1348
-4642.9336 -4667.4521 -4914.7798 -4836.1069 -4799.9897 -4675.8198 -4888.1968 -4888.6128 -4587.3403 -4579.6035 -4934.603 -5068.9492 -5031.4941 -5052.4834 -5134.4058 -5187.0293 -5475.2832 -5190.7568 -4976.9819 -4855.1309 -4659.2617 -4524.2778 -4446.688 -4662.6548 -4889.312 -4922.9482 -4758.6597 -4474.8774 -4585.9722 -5340.9653 -5556.272 -5361.0361 -5064.2129 -4719.4507 -4466.7373 -4437.1396 -4568.1792 -4793.9565 -4709.4795 -4530.4771 -4592.5786 -4712.874 -4772.6812 -4741.8623 -4769.2617 -4871.1777 -4914.416 -4834.2085 -4802.6758 -4763.5146 -4765.8989 -4766.3667 -4794.5918 -4798.0078 -4767.2734 -4735.8896 -4719.125 -4692.0283
-4665.8999 -4702.2012 -4958.6992 -4934.1909 -4860.4678 -4779.1143 -4881.1001 -4777.1504 -4655.5225 -4819.0259 -5145.9985 -5226.7637 -5212.5977 -5185.2847 -5272.874 -5232.7739 -5401.9351 -5135.5757 -4801.0513 -4672.6768 -4515.3711 -4419.4258 -4540.3149 -4796.9502 -4948.1831 -4897.3564 -4575.6577 -4468.7139 -4770.3916 -5489.9463 -5940.3125 -5811.7939 -4958.7847 -4519.8872 -4190.7715 -4128.0161 -4263.9805 -4631.6167 -4670.6265 -4666.7437 -4718.0635 -4836.7632 -4799.853 -4682.7158 -4696.1743 -4755.5449 -4861.2104 -4831.915 -4809.519 -4807.8008 -4803.3203 -4768.4185 -4782.9673 -4806.6768 -4762.1499 -4733.5591 -4719.373 -4690.5063
-4738.0581 -4723.2251 -4898.5859 -4995.7749 -4911.2686 -4900.3848 -4915.1885 -4861.8296 -4923.5737 -5122.5762 -5355.0742 -5430.4043 -5416.4531 -5307.4536 -5202.6221 -5070.853 -5141.3599 -4924.7271 -4652.7432 -4563.127 -4539.5918 -4565.2212 -4622.7627 -4812.749 -4908.29 -4764.4053 -4392.1812 -4385.5503 -4660.5894 -5000.9707 -5780.9404 -5882.9087 -4956.8164 -4472.6108 -4245.5088 -4078.2251 -4144.0151 -4587.6367 -4875.1831 -4908.0063 -4932.0762 -5039.1255 -4932.1953 -4735.2744 -4719.5747 -4722.5474 -4825.5532 -4798.6211 -4756.2949 -4791.5303 -4801.8442 -4738.8164 -4751.4683 -4793.4434 -4759.9468 -4739.9849 -4715.1807 -4672.4712
-4799.041 -4760.8325 -4811.9072 -4941.77 -4778.417 -4793.4785 -4846.5518 -4876.8447 -4968.1494 -5169.8052 -5343.209 -5404.1294 -5377.2021 -5127.1328 -4971.561 -4942.1792 -4932.9409 -4854.5508 -4803.5742 -4725.6689 -4616.1636 -4700.4922 -4708.3418 -4884.7944 -4819.9966 -4519.7178 -4303.0439 -4517.874 -4583.5234 -4660.6768 -5477.7549 -5787.5356 -5000.2627 -4532.2764 -4477.436 -4273.0469 -4370.7759 -4707.312 -4968.6694 -4994.314 -5001.9541 -5116.354 -5008.4204 -4795.7036 -4779.6675 -4751.0356 -4824.3901 -4800.3755 -4734.4697 -4734.6777 -4759.2061 -4707.874 -4698.1641 -4743.2295 -4733.2573 -4712.1191 -4704.0161 -4679.0464
-4780.1299 -4758.71 -4769.9624 -4862.6411 -4790.9771 -4824.7036 -4796.1753 -4736.5879 -4872.6392 -5146.1626 -5231.7354 -5119.6724 -5114.2783 -4963.1992 -4939.4189 -5050.5498 -4961.2588 -4886.3633 -4984.415 -4952.3496 -4713.8223 -4715.1602 -4845.2827 -4916.8877 -4658.9434 -4381.8359 -4402.29 -4711.6787 -4572.7925 -4857.6299 -5568.0723 -5582.4131 -4921.6929 -4464.248 -4545.9526 -4667.5542 -4790.6265 -4934.7461 -4827.4102 -4776.3691 -4751.9561 -4929.6567 -4951.3491 -4814.2061 -4840.3154 -4790.6733 -4760.3501 -4804.0073 -4792.2725 -4745.4355 -4738.896 -4709.8325 -4693.355 -4710.231 -4705.459 -4682.9424 -4693.8325 -4694.6743
-4839.9053 -4862.0454 -5062.9766 -5023.207 -4942.3013 -4986.3276 -4937.8486 -4861.5166 -5004.8203 -5250.4717 -5298.1904 -5324.2891 -5225.9604 -5078.2798 -5077.5024 -5101.1846 -4999.7334 -4886.7329 -4853.48 -4720.2969 -4619.0977 -4804.0166 -4988.751 -4802.3813 -4463.4482 -4430.3276 -4666.8413 -4791.5659 -4559.4824 -5016.855 -5531.8174 -5504.4409 -5069.8486 -4665.9976 -4717.7754 -4921.1719 -5061.8022 -4983.4951 -4773.1372 -4636.4141 -4578.5361 -4864.5371 -5008.8994 -4877.0156 -4803.9824 -4790.0464 -4693.6719 -4799.0664 -4831.4307 -4772.7397 -4726.5225 -4708.729 -4728.8564 -4696.0684 -4686.3091 -4670.5854 -4675.0791 -4671.2031
-4991.915 -5017.9253 -5191.1841 -5262.3003 -5114.3184 -5073.5742 -5087.9507 -5088.9468 -5199.9517 -5340.8311 -5336.1978 -5428.5513 -5355.9507 -5281.0347 -5227.6968 -5000.1841 -4906.3677 -4800.8306 -4653.7148 -4466.1816 -4546.6206 -4945.9331 -4982.6191 -4636.7139 -4425.8286 -4709.9434 -4961.835 -4835.0825 -4718.8491 -5152.4365 -5003.2065 -4814.5928 -4576.4453 -4657.9409 -5314.8032 -5442.8374 -5182.7109 -4817.688 -4775.4028 -4721.7773 -4795.957 -4995.5273 -5168.2095 -5016.2183 -4740.3975 -4755.3516 -4764.377 -4787.0483 -4804.8911 -4749.9097 -4659.2261 -4673.3438 -4779.3789 -4684.2363 -4662.5205 -4660.4614 -4658.0547 -4624.376
-5039.1113 -4876.8701 -4904.6943 -5227.8833 -5281.0449 -5290.8643 -5304.3154 -5222.73 -5358.2656 -5294.1211 -5127.4771 -5106.5444 -5084.2446 -5220.2695 -5195.2222 -4913.1846 -4776.0322 -4656.8242 -4546.6426 -4508.5552 -4663.5786 -4948.8335 -4772.3799 -4529.1968 -4615.9932 -4956.6411 -5000.1514 -4867.3149 -5042.4751 -5237.9277 -4573.1636 -4269.7871 -4187.9741 -4374.0811 -5323.8154 -5658.6694 -5102.2813 -4705.9741 -4791.3955 -4853.1597 -4867.8032 -4991.1274 -5172.1992 -5072.7705 -4746.7622 -4731.0967 -4828.126 -4790.6821 -4785.4946 -4763.0503 -4608.8037 -4646.4053 -4804.2822 -4674.2993 -4654.1558 -4671.2119 -4673.9497 -4606.8345
-4947.8491 -4779.6455 -4798.7559 -5035.9604 -5267.6177 -5480.8071 -5511.71 -5318.8296 -5342.8936 -5223.5684 -5059.8472 -4968.8213 -5015.9336 -5243.0815 -5158.8418 -4882.7119 -4671.1812 -4636.3096 -4754.1987 -4748.0742 -4711.9937 -4860.7461 -4615.8169 -4531.7441 -4739.1758 -4764.0762 -4658.5244 -4853.5195 -5388.0435 -5161.2197 -4447.2329 -4320.7148 -4255.6929 -4074.4734 -4785.3218 -5307.1685 -5008.2036 -4769.8423 -4761.9639 -4638.998 -4501.5264 -4979.2563 -5079.6348 -5055.895 -4833.5952 -4785.7007 -4847.6406 -4811.4287 -4769.1099 -4778.8784 -4667.1943 -4691.7129 -4764.9619 -4658.5879 -4663.0381 -4680.23 -4667.9829 -4608.4131
-4831.1582 -4874.6221 -4757.1563 -4771.5635 -5168.9375 -5406.5889 -5546.1655 -5609.8193 -5371.0918 -5305.3174 -5345.3584 -5049.2354 -5106.7188 -5221.5811 -5110.2427 -4841.1694 -4646.6479 -4809.3169 -5136.5635 -5008.1318 -4803.6001 -4840.4971 -4603.5088 -4707.0303 -4819.3545 -4559.4854 -4573.8643 -5091.0786 -5514.04 -4822.9238 -4282.3535 -4293.7891 -4192.0396 -4247.8462 -4974.2871 -5108.0513 -5103.1719 -4871.0122 -4677.7764 -4502.6719 -4616.3198 -5078.0244 -4981.0361 -5010.3799 -4856.938 -4851.3447 -4849.6177 -4778.9136 -4723.6714 -4736.9731 -4720.7676 -4728.606 -4733.0024 -4675.0518 -4666.6797 -4660.9541 -4633.5068 -4583.4385
-4803.2842 -4951.7788 -4802.4395 -4768.8887 -5120.2739 -5199.7002 -5379.0386 -5558.4648 -5053.0449 -5137.8076 -5328.4326 -5200.9595 -5184.6157 -5192.7417 -5101.7246 -4817.5112 -4688.979 -4983.335 -5187.7368 -5062.4106 -4939.4087 -4873.0225 -4701.7241 -4702.0078 -4713.5049 -4600.3262 -4870.6475 -5416.1602 -5439.6172 -4710.6016 -4393.8682 -4472.9956 -4427.9414 -4681.8359 -5229.5693 -5177.3711 -5069.2178 -4765.7715 -4683.2373 -4675.3921 -4841.9194 -5120.3701 -5054.4287 -5005.833 -4885.8735 -4854.5532 -4812.5073 -4730.6294 -4683.5137 -4711.3726 -4719.6763 -4690.7476 -4703.2314 -4686.3984 -4663.8062 -4652.8042 -4625.7607 -4568.8496
-4837.7686 -4961.1221 -4995.0415 -5056.4478 -5259.0796 -5191.6743 -5332.5142 -5370.1411 -4868.7437 -4952.5664 -5100.4673 -5254.6138 -5190.7002 -5151.6812 -5023.9429 -4801.6396 -4773.5962 -4980.9165 -4895.3765 -4753.3872 -4712.8608 -4746.5728 -4714.2646 -4622.1528 -4610.6719 -4684.2246 -5028.9116 -5265.3491 -4971.2915 -4615.314 -4594.8989 -4770.0737 -4803.2744 -4868.0259 -5233.4819 -5280.2227 -4862.3276 -4668.4897 -4849.7158 -4876.6411 -4799.083 -5013.8438 -5043.1221 -4963.2891 -4922.0913 -4858.1714 -4791.0854 -4680.1958 -4665.2065 -4718.0244 -4714.3901 -4692.8267 -4689.1079 -4670.3574 -4658.9922 -4641.3003 -4612.3818 -4571.5762
-5060.3101 -5159.708 -5176.3169 -5110.2729 -5318.0342 -5302.5229 -5333.3359 -5256.2627 -4949.2847 -5017.4912 -5227.3662 -5246.8564 -5203.834 -5057.0371 -4921.1172 -4854.667 -4883.104 -4815.9321 -4622.6514 -4539.3687 -4613.4658 -4791.1016 -4772.9878 -4634.5869 -4571.8989 -4640.5854 -4949.3374 -4919.2559 -4589.8418 -4623.813 -4815.2061 -4882.4771 -4870.5801 -5040.8271 -5356.9297 -4969.6655 -4656.5156 -4795.5615 -5029.4917 -4950.2144 -4725.936 -4792.7476 -4843.6646 -4911.5981 -4890.958 -4843.5479 -4794.8354 -4701.2505 -4727.8984 -4736.5146 -4676.7319 -4698.5981 -4707.6069 -4675.9961 -4665.7813 -4625.8042 -4604.7607 -4608.3428
-5232.2959 -5255.2866 -5227.3779 -5038.0591 -5149.292 -5281.1533 -5289.1982 -5153.4565 -4918.415 -5020.1553 -5273.2178 -5200.8979 -5137.0767 -4946.8833 -4892.2896 -4887.2588 -4895.4883 -4732.688 -4573.7129 -4637.1162 -4940.6577 -5149.4614 -4936.3999 -4688.082 -4590.9922 -4738.334 -4969.2803 -4870.5278 -4779.1372 -4771.4292 -4887.7134 -4966.7046 -5047.855 -5261.2441 -5382.1973 -4804.2495 -4736.561 -5042.0313 -5116.7949 -4894.4941 -4716.292 -4725.9106 -4784.2241 -4915.9497 -4896.2715 -4884.1548 -4839.5972 -4805.8896 -4795.8711 -4747.9448 -4719.4126 -4749.2578 -4735.6255 -4697.8828 -4693.6729 -4649.7646 -4600.8003 -4621.8325
-5174.2046 -5229.1372 -5295.5649 -5098.0259 -5047.4756 -5172.5557 -5213.0698 -5207.1289 -5042.5024 -5031.3569 -5145.5532 -5151.0371 -5042.9541 -4909.5742 -4911.9761 -4841.1309 -4805.2358 -4760.1465 -4826.5283 -4985.4463 -5215.3398 -5235.1504 -4792.168 -4580.6768 -4722.4609 -4956.5342 -4884.0313 -4812.541 -4940.624 -4780.6074 -4775.8193 -4932.6016 -5107.916 -5205.6689 -5377.291 -5156.9556 -5096.8584 -5097.1865 -4965.9414 -4880.6304 -4760.6152 -4756.9971 -4837.6406 -4915.9644 -4899.4824 -4936.5278 -4890.1694 -4880.4097 -4814.7959 -4758.5 -4820.4712 -4810.8892 -4726.3877 -4669.2642 -4654.8335 -4655.5249 -4606.1606 -4601.8184
