Resources/Map/Lvl0_30x30/Ele_BG.asc
ncols         335
nrows         335
xllcorner     55000
yllcorner     3325000
cellsize      10000
nodata_value  -99999.0
[rows 56 to 83 of 335, columns 128 to 191 of 335]
4.9818 5.8662 2.7081 -6.3267 -18.055 -19.8739 -19.4874 -20.3896 -22.5321 -26.0788 -29.3794 -35.1411 -40.2378 -42.9562 -44.4513 -45.5331 -45.7497 -45.7497 -45.7497 -45.7497 -45.6751 -44.7506 -43.7286 -42.3863 -39.3055 -34.8891 -27.7714 -22.217 -19.8177 -18.5696 -19.7548 -25.4927 -38.4407 -46.3726 -50.2071 -52.7049 -54.9469 -63.9422 -71.7037 -74.2235 -76.309 -79.0465 -79.1097 -76.9977 -71.5842 -63.4339 -54.5341 -45.1804 -35.5578 -24.9977 -18.5043 -17.6967 -19.8309 -21.5702 -21.8106 -25.2405 -26.8854 -26.0651 -25.4447 -25.2068 -25.8759 -25.2851 -24.3314 -22.0623
10.6081 2.7848 -7.0143 -17.4014 -20.8375 -19.7818 -18.4149 -18.064 -18.7346 -20.2705 -22.3119 -26.7315 -32.2925 -35.9797 -39.6191 -41.0588 -41.2069 -41.8178 -42.3036 -42.4591 -41.4848 -40.355 -39.1262 -34.3536 -30.6436 -23.0797 -16.1852 -15.4375 -20.3574 -26.6006 -35.5233 -43.7238 -49.9484 -53.8185 -56.9137 -60.53 -62.9585 -66.6424 -69.5236 -72.7612 -75.3671 -74.9357 -72.563 -67.2693 -59.6382 -52.0169 -45.6642 -40.7969 -37.8386 -34.8241 -31.641 -30.1501 -31.1134 -31.789 -30.4357 -27.5489 -24.9541 -22.3953 -17.8201 -15.0708 -14.7105 -13.7691 -12.6594 -3.6107
-2.2849 -9.255 -16.0465 -19.3914 -19.3315 -18.8007 -18.2345 -18.557 -19.3082 -19.2409 -21.0412 -21.9799 -22.5143 -23.7321 -24.348 -22.4633 -23.5628 -29.8575 -33.727 -36.2887 -35.0381 -32.9045 -30.0315 -26.6256 -26.6151 -24.1084 -19.0042 -18.8798 -29.2371 -41.2372 -47.6048 -49.7619 -52.0615 -55.3104 -56.9916 -60.2326 -61.8458 -64.4098 -65.8153 -67.8196 -69.15 -68.2114 -64.1889 -59.067 -54.6329 -49.1916 -45.0076 -42.8332 -40.5286 -37.493 -33.0793 -30.0551 -28.8712 -28.4699 -26.5416 -21.5525 -16.2169 -9.4657 9.1038 -0.2907 -0.702 12.6309 31.0379 53.1462
-6.4973 -12.3034 -16.4898 -18.7461 -18.4345 -17.0537 -16.3764 -17.3757 -16.5917 -13.7474 -13.6446 -13.9987 2 -10.2476 6.6311 6.0442 -6.3095 -12.6288 -7.2585 -22.891 -26.0231 -23.4929 -21.5172 -22.218 -23.0872 -24.1059 -25.0009 -26.9327 -29.9412 -36.2299 -41.231 -44.0897 -46.4107 -47.8376 -49.7591 -51.7361 -53.7575 -56.563 -59.0222 -61.1064 -62.437 -62.4434 -59.8521 -56.2904 -52.2266 -47.4745 -43.7133 -40.3415 -35.9486 -29.6269 -23.0013 -17.9153 -15.1122 -14.2252 -11.6067 20.7315 9.0082 36.7633 15.311 18.055 38.12 39.391 16.3822 58.2069
-9.9352 -12.8562 -17.0004 -19.8468 -17.7944 -13.7579 -11.0137 -11.0322 -12.1485 -10.7257 -8.568 -7.2753 -3.9995 6.8532 7.1498 2.5822 0.6903 53.58 122 -9.5384 -20.1977 -18.6685 -17.5476 -17.4853 -17.4853 -18.1414 -17.9874 -18.6669 -19.5954 -21.944 -26.9777 -29.2309 -33.7557 -36.7298 -38.5514 -40.3611 -40.9929 -43.4534 -48.3232 -52.4795 -55.4469 -55.8786 -54.6342 -51.4766 -46.5249 -41.678 -37.1233 -32.0132 -25.7067 -17.6534 11 5.0445 13.5256 13.0751 30.9188 33.7924 46.188 74.4721 71.9441 59.5144 71.4577 62.6964 15.4273 28.6113
-17.7225 -17.8621 -19.3007 -18.1497 -14.1836 13 8.2022 5 10.9332 6.0214 -2.098 8.342 1.4242 3.7906 10.9332 17.5446 22.409 28.5156 4.4225 -11.5925 -17.7687 -16.1878 -14.8808 -14.6206 -14.6128 -13.4154 -12.3934 -11.4284 -11.7389 -13.5851 -15.3394 -16.5807 -19.4091 -23.3163 -27.8245 -30.5988 -32.2049 -32.5323 -36.7092 -40.5847 -42.9786 -44.1204 -43.4531 -39.0609 -34.2509 -31.5761 -27.6151 -22.5311 7 17.4282 19.9542 33.6094 24.5515 41.2585 50.538 59.6181 49.5658 78.4764 98.188 71.1349 81.7519 101.4378 125.2455 113.8704
-18.2575 -18.4291 -16.3554 -12.2244 8 -1.9181 6.333 8.8423 18.5699 3.8351 8.6208 8.5527 3.0476 8.615 9.1168 19.3827 32.905 22.4206 7.8732 1.3486 -11.85 -14.8009 -13.8553 -13.2386 -13.4274 -11.6408 -9.9742 -9.0478 -10.1 -11.5232 -12.5207 -13.3223 -14.2819 -16.3491 -19.2387 -21.2901 -23.9191 -23.3748 -23.2867 -24.2659 -26.1272 -27.6245 -26.061 -22.7203 -19.2271 -17.5604 -15.631 4.9392 19.8796 34.7626 32.6627 33.6684 23.7729 48.6719 54.8606 40.2255 56.4203 44.3832 76.8419 81.3681 85.483 127.1523 140.8207 142.4339
-15.085 -11.999 8 9.8041 5.322 12.7781 16.891 15.817 22.0718 12.2921 12.7635 14.1675 12.4778 8.1719 7.8725 5.1611 -0.8295 -6.3254 -6.3882 -2.9587 -6.35 -9.776 -12.5931 -13.4939 -14.5063 -13.7509 -10.6812 -9.5232 -10.6683 -13.3077 -14.0271 -14.3023 -14.8335 -15.4754 -15.3313 -15.0507 -16.0614 -15.5622 -14.0295 -13.4001 -12.1005 -10.6687 -8.2231 -5.1891 7.9454 6.8831 10.0703 16.9003 42.414 48.7392 58.1413 37.5582 32.3454 60.8224 62.0987 119.49 108.8056 113.1425 120.1916 107.7929 119.4919 128.11 135.6986 191.8257
5.4096 7.1814 11.4196 19.0468 32.5566 28.4667 22.2971 22.3027 20.423 23.5148 25.0472 20.3825 18.7532 18.6786 11.6247 2.5862 -2.0504 -4.1151 -1.7493 -0.0296 -1.2716 -5.3418 -10.8766 -12.2178 -13.2414 -13.2588 -12.9618 -11.5548 -12.345 -13.5044 -13.8246 -14.6465 -15.7014 -15.5611 -14.1061 -10.3682 -8.0381 -5.8275 -3.7722 8.7654 15.0915 22.9006 12.0803 21.4354 24.0932 41.7949 37.0611 63.015 36.9926 95.2123 106.446 147.8723 105.3965 127.8134 68.9723 107.6 104.7549 127.3628 141.6164 141.4213 165.062 157.9745 185.4368 177.7656
26.5202 11.7557 28.415 30.703 36.8722 41.076 19.1885 21.9737 8.3908 9.1631 12.4134 13.0144 15.1577 10.9018 9.8342 10.9391 17.5204 14.9314 11.4445 13.6649 10.7342 6.959 -6.9431 -9.5257 -11.9836 -13.4338 -12.7182 -12.6105 -10.3746 -9.3261 -10.7138 -10.1367 -7.8328 8.8831 10.6078 7 10.2356 13.3422 17.8858 26.4909 27.7406 34.0658 32.4557 25.7579 19.8639 32.273 50.43 56.7084 66.2012 82.2726 106.2296 103.4372 155.8647 160.0395 107.8115 163.076 167.9071 178.6087 193.3253 180.6574 190.7364 173 176.6871 161.8036
18.016 12.6626 33.2784 36.8138 22.2867 30.6946 22.7771 20.0947 11.5561 9.9819 8.0945 10.4338 7.7863 15.0903 27.7559 30.5861 38.0151 37.8285 31.4844 14.0391 10.8747 2.3363 0.3583 2.2611 -2.0573 -8.0552 -9.211 -6.5535 4.7868 7.7902 -3.0633 7.2508 5.0017 21.7967 16.459 19.5318 23.3849 20.194 33.513 41.9232 56.7477 40.9598 28.3614 30.676 27.6829 51.6246 62.38 80.1723 90.7263 144.0547 116.7607 173.0641 156.3542 196.2702 193.7581 132.2243 179.0734 174.1269 181.1089 152.6199 154.5528 148.1059 141.2766 159.6842
14.3872 27.8698 29.4725 17.989 37.7161 44.5747 36.1521 22.102 41.6588 13.2732 22.6429 12.2395 7.0262 11.0663 15.1889 8.7296 11.8519 17.7273 18.2292 21.3619 11.1069 12.9937 19.4966 8.6708 15.0497 12.4322 -2.5441 39.0031 10.774 8.7354 6.023 7.3633 11.5494 24.7556 27.6283 22.8186 27.9219 42.1457 40.6348 47.0641 60.2199 60.9907 102.5256 91.4456 65.9564 62.3875 67.5478 79.8135 100.8493 133.4101 173.9734 157.5121 164.1297 185.8525 174.9955 167.3275 148.2336 153.274 144.0072 145.8537 140.9961 146.2528 150.4574 143.5934
9.2593 9.2437 14.4693 30.2336 30.1442 44.661 13.7737 11.4484 29.0634 1.2717 26.8155 38.068 40.8865 47.7855 20.7327 13.3661 12.8371 10.964 12.3654 9.9283 9.5452 1.1565 0.7637 -3.4332 -2.6268 -0.6585 -2.358 -2.6146 0.0119 8.4613 20.7948 26.5917 18.2809 44.7015 45.3969 38.1124 36.6306 57.5013 59.426 86.2954 123.7434 108.4774 100.8431 116.2308 125.7499 127.5465 108.3312 119.3718 82.0119 90.5578 143.6443 152.2931 154.3775 160.382 147.1252 154.4174 145.7069 151.0961 134.9604 129.9595 140.5888 133.7209 132.0504 134.7269
45.1502 59.4007 37.9136 45.3292 40.2867 75.1786 45.1245 14.9548 8.1913 52.195 51.2474 65.352 76.3657 40.1154 27.4252 20.871 17.4108 27.5586 13.6516 15.6237 13.4362 21.4194 12.3124 15.8297 10.6168 4.6818 3.2205 0.4814 6.3717 9.0026 38.6505 32.3413 32.425 41.5207 42.1592 47.1468 46.0546 58.6053 69.3933 89.9494 99.8061 100.2589 114.1363 138.7467 183.5565 161.7564 157.0798 135.3604 149.5184 173.6253 143.8192 138.118 138.1819 140.674 146.6702 134.5208 160.1771 177.8857 151.3199 167.8282 162.3481 146.1005 152.328 148.6115
49.1894 64.6265 61.4758 52.2198 55.185 69.1081 62.5836 50.58 26.4985 32.3641 60.2883 67.8824 82.3942 32.4293 65.2391 58.2494 19.5656 33.3278 21.2834 10.6174 18.0065 20.9266 14.8933 10.0009 13.0227 16.6414 23.2863 16.2131 6.1775 9.2422 19.4913 25.8764 24.0106 37.5087 57.8485 69.7317 75.8062 76.0117 103.9829 79.0683 74.1076 104.1746 109.4422 133.5368 136.0245 140.903 146.58 177.3859 156.6012 155.4492 148.0367 147.7875 154.4383 152.056 135.3757 161.1301 148.1571 147.6548 163.1909 154.14 151.6354 150.2225 161.2838 124.156
60.4095 52.2515 50.3184 67.5285 68.1837 73.221 63.3018 76.4441 63.4458 62.1152 91.2208 53.1192 49.3242 49.7736 55.0228 62.1251 86.9903 78.1548 90.0043 69.4614 44.1118 33.4294 12.4117 14.6282 13.6964 17.8423 14.4163 21.1246 39.1289 4.8436 5.5967 14.8003 35.1237 50.0254 69.1247 66.7981 76.3248 84.0294 87.9818 93.9907 108.905 109.9859 118.4748 115.0284 134.5585 130.4941 148.6253 147.3041 146.7217 146.0841 149.6027 155.9102 147.5535 152.1268 142.4258 116.8103 150.9867 150.3931 150.9097 150.5565 156.2297 127.6916 124.7002 133.2173
59.6025 68.7292 70.0079 68.6194 84.4913 78.3627 61.2732 55.8398 66.5555 75.2721 73.1163 75.8669 22.3796 65.1667 92.9678 110.3433 104.2614 119.1907 96.4079 71.6684 43.026 30.3824 58.3891 36.6527 14.5521 25.8914 35.6951 30.9596 24.8765 28.2944 6.6195 25.1219 28.9887 51.4995 64.6287 51.0355 86.4596 84.0934 116.1741 128.1228 118.4026 112.0056 108.5372 110.266 127.9151 144.2229 147.9434 146.9926 148.9575 139.4817 141.1663 154.7784 146.9146 135.5131 114.4737 127.217 128.6202 140.6173 133.0447 140.2418 131.6739 135.3255 129.6755 129.2294
48.5648 64.4155 80.4388 89.1578 86.2501 74.5185 69.8385 57.4598 67.4626 70.1772 69.3842 59.8386 80.6425 91.6269 85.024 113.9086 115.6939 102.1832 76.0972 64.8476 24.5221 42.0246 39.8087 45.3657 18.605 28.3878 54.24 36.3507 9.9348 79.8297 30.7041 27.0496 13.313 29.1125 43.9295 43.7908 57.3771 71.0236 95.799 97.1852 100.5695 105.9262 108.7692 116.4919 137.2395 127.5703 150.1928 158.4208 125.6888 128.5555 119.2634 122.1463 118.9263 104.0277 122.6629 117.5153 110.8523 114.7465 120.632 116.6734 111.3245 116.1278 123.7563 128.0091
61.1689 66.0213 98.4286 116.4103 71.2952 70.236 57.3569 63.734 70.2873 74.7478 77.7344 67.9598 78.4462 83.3465 86.8133 100.8827 101.8164 92.6914 81.4569 61.881 27.2364 57.0469 58.7515 32.3978 40.5672 38.9649 32.0341 10.1941 37.1389 37.9858 29.6389 13.64 23.1526 29.398 26.6622 28.5213 32.9473 44.6716 77.1921 63.4355 97.2903 96.0425 93.713 100.8193 99.7526 100.6401 117.9847 135.4665 128.1164 120.6972 112.0153 115.062 91.2278 100.6479 96.7609 98.8232 102.3869 108.4551 100.8573 103.7104 113.8466 116.7405 114.1102 114.2681
46.2154 65.0648 69.2024 90.7846 68.3395 65.8686 85.5219 82.5207 85.2011 68.8923 67.0063 77.1011 62.3197 64.428 65.818 79.2285 93.9319 87.5381 79.2775 63.7302 35.4624 83.5087 56.4369 20.3888 36.9542 17.6101 6.3619 22.9318 47.8129 43.1761 32.672 25.0142 18.9017 27.083 33.4569 40.5948 49.1876 58.8053 53.4122 90.934 88.2727 88.2737 79.5608 88.9006 83.1444 104.1477 93.0317 142.09 135.8883 151.9406 141.9035 144.0276 87.0662 86.4435 97.3022 97.7569 100.7662 92.3106 87.2803 88.743 95.6295 97.8226 105.219 106.9555
55.983 78.6692 98.8513 74.9669 60.8142 61.0588 66.887 79.8218 90.5287 77.0183 72.3499 80.5779 67.052 58.144 61.9915 58.6845 59.8632 63.2841 71.3105 80.6183 75.7071 47.013 23.1433 28.8644 21.8419 9.3003 29.2889 47.9488 73.1713 51.2943 74.3069 72.7991 65.5338 81.7533 69.3877 55.3151 55.6224 49.9151 75.7547 81.7665 81.2065 81.8926 85.8897 78.867 81.2222 82.9896 95.4132 115.425 118.1082 103.5563 79.477 53.6526 58.8946 80.4778 86.8763 82.6934 83.9774 48.0224 41.4018 45.2684 49.5148 58.9498 67.8492 66.8886
33.2793 51.4277 60.8954 38.6788 38.7794 37.9518 66.4397 57.4626 69.8422 64.799 68.8381 52.6175 61.4452 43.9535 47.8309 53.1283 49.1011 61.7595 76.1963 71.9491 73.8084 79.0369 52.7305 47.3243 14.1193 68.5652 12.5502 27.602 65.6108 83.5529 80.9179 63.8717 65.0692 60.8162 65.4419 79.2537 84.7185 77.1742 99.4057 85.8747 68.7477 63.3143 62.6497 69.6759 67.4976 66.7951 85.412 81.7486 77.3387 76.5174 62.833 70.6681 94.8945 105.1269 55.2896 77.0952 84.969 90.4441 107.784 95.9146 97.9662 97.2951 74.4469 68.029
35.445 42.426 37.7156 40.6394 25.1928 32.8718 34.8864 37.6071 36.9234 46.8056 47.9324 45.5367 53.4584 69.6472 54.5484 40.0799 57.0251 61.9404 63.7834 68.4592 69.1734 58.4287 65.0529 23.5753 30.0599 65.3255 70.1365 75.4827 87.6586 67.4166 79.5061 62.6227 64.9581 65.3592 69.1026 79.6367 80.6659 71.7949 78.6794 81.2995 77.8192 85.0062 81.6265 60.1182 34.4314 31.4602 41.1524 60.0588 50.8043 41.0901 46.5347 96.485 85.564 85.3484 86.5879 93.6759 82.6563 88.0207 86.7435 90.1586 97.2386 95.5218 96.2795 83.433
21.6339 23.5009 23.2283 20.4439 22.7279 38.751 25.7715 22.8044 34.1417 29.6351 28.571 52.3683 36.0665 35.9732 44.263 44.7114 43.6605 46.07 45.1522 44.6961 60.7753 23.4971 18.6165 8.4864 15.8816 58.0154 61.3073 53.182 62.4306 74.5971 65.5957 56.5727 49.789 53.29 62.1848 57.6435 60.6968 63.8461 56.8085 24.6317 18 21.5129 26.4807 26.0552 48.8276 58.4666 58.716 67.8066 74.2959 76.4025 72.8677 80.5386 69.0917 68.2828 73.3364 76.3195 81.5683 86.9793 81.212 89.5557 97.3976 102.9926 104.0836 94.677
27.9643 49.7844 19.9236 28.0064 44.9613 28.0771 33.6466 21.7095 25.8866 27.8312 34.8857 37.0298 43.3498 27.2882 52.0138 54.1319 78.5468 79.2271 65.5729 72.5866 85.6936 119.0975 113.5034 28.5299 7.9737 6.8938 9.4165 25.9534 44.2992 47.2809 60.5603 66.9381 64.9103 108.8328 81.2754 52.8725 15.2461 25.8507 17.2106 21.1643 36.5586 52.4212 51.5572 63.8415 68.9235 75.0506 72.4397 66.6475 61.9468 63.4365 65.0287 69.9902 76.1414 61.0006 68.6862 66.5092 79.5906 92.3615 94.0226 99.152 115.3439 99.6608 98.3129 99.2596
30.408 54.5462 39.3428 24.0305 23.6371 43.4477 24.7487 26.9097 28.7532 23.4971 31.7544 43.9421 32.2334 32.9117 51.889 47.6999 54.9365 71.0487 73.194 74.3027 116.2678 109.5978 87.6144 58.4815 9.7591 8.8254 9.2735 8.8935 20.1102 55.0779 35.0703 11.6916 10.1066 10.0803 12.3959 17.4198 29.265 42.2993 25.7511 33.9314 37.6575 36.6447 45.2707 39.4371 49.7695 48.2078 52.0966 62.1504 79.5897 67.455 67.5955 67.6634 57.2214 62.6215 76.3759 98.3125 91.064 93.5477 92.8196 112.5998 109.159 106.6509 109.2219 116.9245
28.7796 29.0659 31.6686 22.7848 36.6725 29.5948 38.3482 51.7639 28.7273 30.1213 29.8307 29.2879 29.8503 36.568 38.4052 50.5806 57.4184 60.6584 56.0472 52.4785 68.4752 67.0188 67.3931 58.2005 48.7983 34.5943 19.5408 10.6385 12.2903 13.2464 12.5496 26.9764 29.7056 40.9712 46.3496 54.8926 65.5745 62.0243 52.1515 58.7386 63.7139 58.1275 75.9731 87.4759 85.6954 100.9064 98.4659 93.2904 90.4313 89.6215 84.3397 78.57 74.6567 74.9889 88.0787 64.297 98.9794 116.2594 106.4257 111.0781 117.9064 118.4928 113.2381 116.6993
31.0826 35.8535 26.9673 30.9834 31.3446 37.6615 26.9479 27.4145 29.6835 24.2148 30.0809 34.2722 46.8537 62.3559 51.5805 51.0645 37.6326 35.9374 42.0189 51.0668 56.1159 41.3789 61.2198 73.3673 67.5717 62.699 47.0389 42.1606 22.3183 39.3734 94.2324 81.0236 86.0516 90.2077 80.7728 123.5808 143.5276 101.7833 56.1863 52.9301 52.6656 62.2906 65.6737 96.5646 102.2423 81.8608 90.9805 88.8638 81.3617 82.5658 86.6722 84.8205 83.1381 82.1222 95.0495 75.776 85.2525 92.7013 99.9914 117.5247 118.2997 107.8759 114.3855 114.779
